Time,9001,9003,9005,9007,9009,9011,9013,9015,23001,23003,23005,23007,23009,23011,23013,23015,23017,23019,23021,23023,23025,23027,23029,23031,25001,25003,25005,25009,25011,25013,25015,25017,25021,25023,25025,25027,33001,33003,33005,33007,33009,33011,33013,33015,33017,33019,44003,44005,44007,44009,50001,50003,50005,50007,50009,50011,50013,50015,50017,50019,50021,50023,50025,50027
0,0.0,0.0,0.0,0.0,0.0,0.0,0.0,0.0,0.0,0.0,0.0,0.0,0.0,0.0,0.0,0.0,0.0,0.0,0.0,0.0,0.0,0.0,0.0,0.0,0.0,0.0,0.0,0.0,0.0,0.0,0.0,0.0,0.0,0.0,0.0,0.0,0.0,0.0,0.0,0.0,0.0,0.0,0.0,0.0,0.0,0.0,0.0,0.0,0.0,0.0,0.0,0.0,0.0,0.0,0.0,0.0,0.0,0.0,0.0,0.0,0.0,0.0,0.0,0.0
1,0.0,0.0,0.0,0.0,0.0,0.0,0.0,0.0,0.0,0.0,0.0,0.0,0.0,0.0,0.0,0.0,0.0,0.0,0.0,0.0,0.0,0.0,0.0,0.0,0.0,0.0,0.0,0.0,0.0,0.0,0.0,0.0,0.0,0.0,0.0,0.0,0.0,0.0,0.0,0.0,0.0,0.0,0.0,0.0,0.0,0.0,0.0,0.0,0.0,0.0,0.0,0.0,0.0,0.0,0.0,0.0,0.0,0.0,0.0,0.0,0.0,0.0,0.0,0.0
2,0.0,0.0,0.0,0.0,0.0,0.0,0.0,0.0,0.0,0.0,0.0,0.0,0.0,0.0,0.0,0.0,0.0,0.0,0.0,0.0,0.0,0.0,0.0,0.0,0.0,0.0,0.0,0.0,0.0,0.0,0.0,0.0,0.0,0.0,0.0,0.0,0.0,0.0,0.0,0.0,0.0,0.0,0.0,0.0,0.0,0.0,0.0,0.0,0.0,0.0,0.0,0.0,0.0,0.0,0.0,0.0,0.0,0.0,0.0,0.0,0.0,0.0,0.0,0.0
3,0.0,0.0,0.0,0.0,0.0,0.0,0.0,0.0,0.0,0.0,0.0,0.0,0.0,0.0,0.0,0.0,0.0,0.0,0.0,0.0,0.0,0.0,0.0,0.0,0.0,0.0,0.0,0.0,0.0,0.0,0.0,0.0,0.0,0.0,0.0,0.0,0.0,0.0,0.0,0.0,0.0,0.0,0.0,0.0,0.0,0.0,0.0,0.0,0.0,0.0,0.0,0.0,0.0,0.0,0.0,0.0,0.0,0.0,0.0,0.0,0.0,0.0,0.0,0.0
4,0.0,0.0,0.0,0.0,0.0,0.0,0.0,0.0,0.0,0.0,0.0,0.0,0.0,0.0,0.0,0.0,0.0,0.0,0.0,0.0,0.0,0.0,0.0,0.0,0.0,0.0,0.0,0.0,0.0,0.0,0.0,0.0,0.0,0.0,0.0,0.0,0.0,0.0,0.0,0.0,0.0,0.0,0.0,0.0,0.0,0.0,0.0,0.0,0.0,0.0,0.0,0.0,0.0,0.0,0.0,0.0,0.0,0.0,0.0,0.0,0.0,0.0,0.0,0.0
5,0.0,0.0,0.0,0.0,0.0,0.0,0.0,0.0,0.0,0.0,0.0,0.0,0.0,0.0,0.0,0.0,0.0,0.0,0.0,0.0,0.0,0.0,0.0,0.0,0.0,0.0,0.0,0.0,0.0,0.0,0.0,0.0,0.0,0.0,0.0,0.0,0.0,0.0,0.0,0.0,0.0,0.0,0.0,0.0,0.0,0.0,0.0,0.0,0.0,0.0,0.0,0.0,0.0,0.0,0.0,0.0,0.0,0.0,0.0,0.0,0.0,0.0,0.0,0.0
6,0.0,0.0,0.0,0.0,0.0,0.0,0.0,0.0,0.0,0.0,0.0,0.0,0.0,0.0,0.0,0.0,0.0,0.0,0.0,0.0,0.0,0.0,0.0,0.0,0.0,0.0,0.0,0.0,0.0,0.0,0.0,0.0,0.0,0.0,0.0,0.0,0.0,0.0,0.0,0.0,0.0,0.0,0.0,0.0,0.0,0.0,0.0,0.0,0.0,0.0,0.0,0.0,0.0,0.0,0.0,0.0,0.0,0.0,0.0,0.0,0.0,0.0,0.0,0.0
7,0.0,0.0,0.0,0.0,0.0,0.0,0.0,0.0,0.0,0.0,0.0,0.0,0.0,0.0,0.0,0.0,0.0,0.0,0.0,0.0,0.0,0.0,0.0,0.0,0.0,0.0,0.0,0.0,0.0,0.0,0.0,0.0,0.0,0.0,0.0,0.0,0.0,0.0,0.0,0.0,0.0,0.0,0.0,0.0,0.0,0.0,0.0,0.0,0.0,0.0,0.0,0.0,0.0,0.0,0.0,0.0,0.0,0.0,0.0,0.0,0.0,0.0,0.0,0.0
8,0.0,0.0,0.0,0.0,0.0,0.0,0.0,0.0,0.0,0.0,0.0,0.0,0.0,0.0,0.0,0.0,0.0,0.0,0.0,0.0,0.0,0.0,0.0,0.0,0.0,0.0,0.0,0.0,0.0,0.0,0.0,0.0,0.0,0.0,0.0,0.0,0.0,0.0,0.0,0.0,0.0,0.0,0.0,0.0,0.0,0.0,0.0,0.0,0.0,0.0,0.0,0.0,0.0,0.0,0.0,0.0,0.0,0.0,0.0,0.0,0.0,0.0,0.0,0.0
9,0.0,0.0,0.0,0.0,0.0,0.0,0.0,0.0,0.0,0.0,0.0,0.0,0.0,0.0,0.0,0.0,0.0,0.0,0.0,0.0,0.0,0.0,0.0,0.0,0.0,0.0,0.0,0.0,0.0,0.0,0.0,0.0,0.0,0.0,0.0,0.0,0.0,0.0,0.0,0.0,0.0,0.0,0.0,0.0,0.0,0.0,0.0,0.0,0.0,0.0,0.0,0.0,0.0,0.0,0.0,0.0,0.0,0.0,0.0,0.0,0.0,0.0,0.0,0.0
10,0.0,0.0,0.0,0.0,0.0,0.0,0.0,0.0,0.0,0.0,0.0,0.0,0.0,0.0,0.0,0.0,0.0,0.0,0.0,0.0,0.0,0.0,0.0,0.0,0.0,0.0,0.0,0.0,0.0,0.0,0.0,0.0,0.0,0.0,0.0,0.0,0.0,0.0,0.0,0.0,0.0,0.0,0.0,0.0,0.0,0.0,0.0,0.0,0.0,0.0,0.0,0.0,0.0,0.0,0.0,0.0,0.0,0.0,0.0,0.0,0.0,0.0,0.0,0.0
11,0.0,0.0,0.0,0.0,0.0,0.0,0.0,0.0,0.0,0.0,0.0,0.0,0.0,0.0,0.0,0.0,0.0,0.0,0.0,0.0,0.0,0.0,0.0,0.0,0.0,0.0,0.0,0.0,0.0,0.0,0.0,0.0,0.0,0.0,0.0,0.0,0.0,0.0,0.0,0.0,0.0,0.0,0.0,0.0,0.0,0.0,0.0,0.0,0.0,0.0,0.0,0.0,0.0,0.0,0.0,0.0,0.0,0.0,0.0,0.0,0.0,0.0,0.0,0.0
12,0.0,0.39,0.1,0.0,0.0,0.41,0.0,0.0,0.39,0.12,0.38,0.38,0.28,0.41,0.42,0.42,0.38,0.38,0.15,0.41,0.04,0.42,0.43,0.4,0.43,0.37,0.0,0.0,0.38,0.39,0.38,0.0,0.0,0.0,0.0,0.39,0.39,0.4,0.38,0.4,0.39,0.39,0.37,0.4,0.4,0.36,0.41,0.0,0.0,0.42,0.27,0.28,0.0,0.01,0.0,0.0,0.0,0.0,0.3,0.0,0.25,0.26,0.37,0.28
13,0.0,0.71,0.33,0.0,0.0,0.69,0.0,0.0,0.69,0.22,0.69,0.72,0.51,0.68,0.67,0.69,0.32,0.68,0.3,0.69,0.65,0.68,0.54,0.69,0.68,0.72,0.0,0.0,0.71,0.72,0.72,0.0,0.0,0.0,0.0,0.7,0.7,0.73,0.71,0.73,0.72,0.69,0.71,0.7,0.7,0.7,0.7,0.0,0.0,0.69,0.71,0.7,0.24,0.23,0.09,0.54,0.0,0.64,0.7,0.61,0.68,0.39,0.72,0.7
14,0.0,0.81,0.24,0.0,0.0,0.78,0.0,0.0,0.78,0.54,0.79,0.82,0.68,0.7,0.77,0.78,0.81,0.78,0.29,0.77,0.74,0.74,0.7,0.79,0.76,0.82,0.0,0.0,0.8,0.81,0.81,0.0,0.0,0.0,0.0,0.8,0.8,0.82,0.81,0.82,0.83,0.81,0.81,0.8,0.79,0.81,0.78,0.0,0.0,0.78,0.76,0.8,0.8,0.36,0.36,0.75,0.0,0.32,0.8,0.77,0.79,0.64,0.82,0.8
15,0.0,0.86,0.62,0.0,0.0,0.82,0.0,0.0,0.82,0.6,0.83,0.87,0.47,0.82,0.82,0.82,0.86,0.53,0.28,0.82,0.67,0.82,0.78,0.84,0.21,0.86,0.0,0.0,0.84,0.86,0.86,0.0,0.0,0.0,0.0,0.85,0.85,0.87,0.85,0.87,0.88,0.85,0.86,0.84,0.84,0.86,0.83,0.0,0.0,0.82,0.85,0.5,0.64,0.66,0.34,0.81,0.0,0.38,0.85,0.74,0.75,0.86,0.86,0.85
16,0.0,0.86,0.87,0.0,0.0,0.84,0.0,0.0,0.82,0.8,0.84,0.88,0.44,0.83,0.83,0.83,0.87,0.81,0.45,0.83,0.4,0.83,0.54,0.85,0.28,0.87,0.0,0.0,0.85,0.87,0.86,0.0,0.0,0.0,0.0,0.86,0.86,0.87,0.86,0.88,0.89,0.86,0.86,0.86,0.86,0.87,0.84,0.0,0.0,0.83,0.86,0.86,0.72,0.75,0.38,0.83,0.0,0.5,0.86,0.84,0.51,0.87,0.87,0.66
17,0.0,0.85,0.86,0.0,0.0,0.82,0.0,0.0,0.81,0.79,0.83,0.86,0.28,0.82,0.82,0.82,0.86,0.79,0.53,0.82,0.13,0.82,0.32,0.84,0.16,0.86,0.0,0.0,0.84,0.85,0.85,0.0,0.0,0.0,0.0,0.84,0.85,0.86,0.85,0.86,0.87,0.85,0.85,0.84,0.84,0.86,0.82,0.0,0.0,0.82,0.86,0.85,0.52,0.64,0.32,0.84,0.0,0.44,0.85,0.84,0.52,0.85,0.86,0.85
18,0.0,0.81,0.81,0.0,0.0,0.77,0.0,0.0,0.76,0.73,0.77,0.79,0.72,0.76,0.76,0.76,0.79,0.74,0.74,0.77,0.29,0.76,0.33,0.78,0.32,0.82,0.0,0.0,0.79,0.81,0.8,0.0,0.0,0.0,0.0,0.79,0.79,0.8,0.8,0.8,0.81,0.8,0.8,0.79,0.79,0.81,0.78,0.0,0.0,0.77,0.81,0.8,0.59,0.63,0.3,0.8,0.0,0.35,0.8,0.45,0.52,0.7,0.82,0.8
19,0.0,0.71,0.72,0.0,0.0,0.67,0.0,0.0,0.64,0.52,0.66,0.36,0.18,0.63,0.63,0.64,0.48,0.61,0.22,0.64,0.3,0.63,0.14,0.66,0.24,0.72,0.0,0.0,0.7,0.71,0.7,0.0,0.0,0.0,0.0,0.69,0.67,0.68,0.7,0.68,0.69,0.7,0.68,0.67,0.67,0.7,0.67,0.0,0.0,0.67,0.7,0.7,0.28,0.69,0.17,0.68,0.0,0.41,0.7,0.27,0.5,0.7,0.71,0.7
20,0.0,0.35,0.37,0.0,0.0,0.27,0.0,0.0,0.0,0.0,0.0,0.0,0.0,0.0,0.0,0.0,0.0,0.0,0.0,0.0,0.0,0.0,0.0,0.0,0.02,0.34,0.0,0.0,0.29,0.35,0.32,0.0,0.0,0.0,0.0,0.24,0.01,0.0,0.03,0.0,0.01,0.03,0.03,0.01,0.0,0.03,0.26,0.0,0.0,0.25,0.02,0.24,0.01,0.01,0.0,0.01,0.0,0.01,0.02,0.0,0.03,0.02,0.29,0.02
21,0.0,0.0,0.0,0.0,0.0,0.0,0.0,0.0,0.0,0.0,0.0,0.0,0.0,0.0,0.0,0.0,0.0,0.0,0.0,0.0,0.0,0.0,0.0,0.0,0.0,0.0,0.0,0.0,0.0,0.0,0.0,0.0,0.0,0.0,0.0,0.0,0.0,0.0,0.0,0.0,0.0,0.0,0.0,0.0,0.0,0.0,0.0,0.0,0.0,0.0,0.0,0.0,0.0,0.0,0.0,0.0,0.0,0.0,0.0,0.0,0.0,0.0,0.0,0.0
22,0.0,0.0,0.0,0.0,0.0,0.0,0.0,0.0,0.0,0.0,0.0,0.0,0.0,0.0,0.0,0.0,0.0,0.0,0.0,0.0,0.0,0.0,0.0,0.0,0.0,0.0,0.0,0.0,0.0,0.0,0.0,0.0,0.0,0.0,0.0,0.0,0.0,0.0,0.0,0.0,0.0,0.0,0.0,0.0,0.0,0.0,0.0,0.0,0.0,0.0,0.0,0.0,0.0,0.0,0.0,0.0,0.0,0.0,0.0,0.0,0.0,0.0,0.0,0.0
23,0.0,0.0,0.0,0.0,0.0,0.0,0.0,0.0,0.0,0.0,0.0,0.0,0.0,0.0,0.0,0.0,0.0,0.0,0.0,0.0,0.0,0.0,0.0,0.0,0.0,0.0,0.0,0.0,0.0,0.0,0.0,0.0,0.0,0.0,0.0,0.0,0.0,0.0,0.0,0.0,0.0,0.0,0.0,0.0,0.0,0.0,0.0,0.0,0.0,0.0,0.0,0.0,0.0,0.0,0.0,0.0,0.0,0.0,0.0,0.0,0.0,0.0,0.0,0.0
24,0.0,0.0,0.0,0.0,0.0,0.0,0.0,0.0,0.0,0.0,0.0,0.0,0.0,0.0,0.0,0.0,0.0,0.0,0.0,0.0,0.0,0.0,0.0,0.0,0.0,0.0,0.0,0.0,0.0,0.0,0.0,0.0,0.0,0.0,0.0,0.0,0.0,0.0,0.0,0.0,0.0,0.0,0.0,0.0,0.0,0.0,0.0,0.0,0.0,0.0,0.0,0.0,0.0,0.0,0.0,0.0,0.0,0.0,0.0,0.0,0.0,0.0,0.0,0.0
25,0.0,0.0,0.0,0.0,0.0,0.0,0.0,0.0,0.0,0.0,0.0,0.0,0.0,0.0,0.0,0.0,0.0,0.0,0.0,0.0,0.0,0.0,0.0,0.0,0.0,0.0,0.0,0.0,0.0,0.0,0.0,0.0,0.0,0.0,0.0,0.0,0.0,0.0,0.0,0.0,0.0,0.0,0.0,0.0,0.0,0.0,0.0,0.0,0.0,0.0,0.0,0.0,0.0,0.0,0.0,0.0,0.0,0.0,0.0,0.0,0.0,0.0,0.0,0.0
26,0.0,0.0,0.0,0.0,0.0,0.0,0.0,0.0,0.0,0.0,0.0,0.0,0.0,0.0,0.0,0.0,0.0,0.0,0.0,0.0,0.0,0.0,0.0,0.0,0.0,0.0,0.0,0.0,0.0,0.0,0.0,0.0,0.0,0.0,0.0,0.0,0.0,0.0,0.0,0.0,0.0,0.0,0.0,0.0,0.0,0.0,0.0,0.0,0.0,0.0,0.0,0.0,0.0,0.0,0.0,0.0,0.0,0.0,0.0,0.0,0.0,0.0,0.0,0.0
27,0.0,0.0,0.0,0.0,0.0,0.0,0.0,0.0,0.0,0.0,0.0,0.0,0.0,0.0,0.0,0.0,0.0,0.0,0.0,0.0,0.0,0.0,0.0,0.0,0.0,0.0,0.0,0.0,0.0,0.0,0.0,0.0,0.0,0.0,0.0,0.0,0.0,0.0,0.0,0.0,0.0,0.0,0.0,0.0,0.0,0.0,0.0,0.0,0.0,0.0,0.0,0.0,0.0,0.0,0.0,0.0,0.0,0.0,0.0,0.0,0.0,0.0,0.0,0.0
28,0.0,0.0,0.0,0.0,0.0,0.0,0.0,0.0,0.0,0.0,0.0,0.0,0.0,0.0,0.0,0.0,0.0,0.0,0.0,0.0,0.0,0.0,0.0,0.0,0.0,0.0,0.0,0.0,0.0,0.0,0.0,0.0,0.0,0.0,0.0,0.0,0.0,0.0,0.0,0.0,0.0,0.0,0.0,0.0,0.0,0.0,0.0,0.0,0.0,0.0,0.0,0.0,0.0,0.0,0.0,0.0,0.0,0.0,0.0,0.0,0.0,0.0,0.0,0.0
29,0.0,0.0,0.0,0.0,0.0,0.0,0.0,0.0,0.0,0.0,0.0,0.0,0.0,0.0,0.0,0.0,0.0,0.0,0.0,0.0,0.0,0.0,0.0,0.0,0.0,0.0,0.0,0.0,0.0,0.0,0.0,0.0,0.0,0.0,0.0,0.0,0.0,0.0,0.0,0.0,0.0,0.0,0.0,0.0,0.0,0.0,0.0,0.0,0.0,0.0,0.0,0.0,0.0,0.0,0.0,0.0,0.0,0.0,0.0,0.0,0.0,0.0,0.0,0.0
30,0.0,0.0,0.0,0.0,0.0,0.0,0.0,0.0,0.0,0.0,0.0,0.0,0.0,0.0,0.0,0.0,0.0,0.0,0.0,0.0,0.0,0.0,0.0,0.0,0.0,0.0,0.0,0.0,0.0,0.0,0.0,0.0,0.0,0.0,0.0,0.0,0.0,0.0,0.0,0.0,0.0,0.0,0.0,0.0,0.0,0.0,0.0,0.0,0.0,0.0,0.0,0.0,0.0,0.0,0.0,0.0,0.0,0.0,0.0,0.0,0.0,0.0,0.0,0.0
31,0.0,0.0,0.0,0.0,0.0,0.0,0.0,0.0,0.0,0.0,0.0,0.0,0.0,0.0,0.0,0.0,0.0,0.0,0.0,0.0,0.0,0.0,0.0,0.0,0.0,0.0,0.0,0.0,0.0,0.0,0.0,0.0,0.0,0.0,0.0,0.0,0.0,0.0,0.0,0.0,0.0,0.0,0.0,0.0,0.0,0.0,0.0,0.0,0.0,0.0,0.0,0.0,0.0,0.0,0.0,0.0,0.0,0.0,0.0,0.0,0.0,0.0,0.0,0.0
32,0.0,0.0,0.0,0.0,0.0,0.0,0.0,0.0,0.0,0.0,0.0,0.0,0.0,0.0,0.0,0.0,0.0,0.0,0.0,0.0,0.0,0.0,0.0,0.0,0.0,0.0,0.0,0.0,0.0,0.0,0.0,0.0,0.0,0.0,0.0,0.0,0.0,0.0,0.0,0.0,0.0,0.0,0.0,0.0,0.0,0.0,0.0,0.0,0.0,0.0,0.0,0.0,0.0,0.0,0.0,0.0,0.0,0.0,0.0,0.0,0.0,0.0,0.0,0.0
33,0.0,0.0,0.0,0.0,0.0,0.0,0.0,0.0,0.0,0.0,0.0,0.0,0.0,0.0,0.0,0.0,0.0,0.0,0.0,0.0,0.0,0.0,0.0,0.0,0.0,0.0,0.0,0.0,0.0,0.0,0.0,0.0,0.0,0.0,0.0,0.0,0.0,0.0,0.0,0.0,0.0,0.0,0.0,0.0,0.0,0.0,0.0,0.0,0.0,0.0,0.0,0.0,0.0,0.0,0.0,0.0,0.0,0.0,0.0,0.0,0.0,0.0,0.0,0.0
34,0.0,0.0,0.0,0.0,0.0,0.0,0.0,0.0,0.0,0.0,0.0,0.0,0.0,0.0,0.0,0.0,0.0,0.0,0.0,0.0,0.0,0.0,0.0,0.0,0.0,0.0,0.0,0.0,0.0,0.0,0.0,0.0,0.0,0.0,0.0,0.0,0.0,0.0,0.0,0.0,0.0,0.0,0.0,0.0,0.0,0.0,0.0,0.0,0.0,0.0,0.0,0.0,0.0,0.0,0.0,0.0,0.0,0.0,0.0,0.0,0.0,0.0,0.0,0.0
35,0.0,0.0,0.0,0.0,0.0,0.0,0.0,0.0,0.0,0.0,0.0,0.0,0.0,0.0,0.0,0.0,0.0,0.0,0.0,0.0,0.0,0.0,0.0,0.0,0.0,0.0,0.0,0.0,0.0,0.0,0.0,0.0,0.0,0.0,0.0,0.0,0.0,0.0,0.0,0.0,0.0,0.0,0.0,0.0,0.0,0.0,0.0,0.0,0.0,0.0,0.0,0.0,0.0,0.0,0.0,0.0,0.0,0.0,0.0,0.0,0.0,0.0,0.0,0.0
36,0.0,0.39,0.39,0.0,0.0,0.43,0.0,0.0,0.42,0.24,0.41,0.42,0.48,0.44,0.45,0.44,0.41,0.42,0.42,0.44,0.34,0.45,0.47,0.43,0.48,0.38,0.0,0.0,0.38,0.39,0.39,0.0,0.0,0.0,0.0,0.34,0.41,0.42,0.4,0.41,0.41,0.41,0.4,0.43,0.43,0.4,0.43,0.0,0.0,0.44,0.3,0.31,0.3,0.25,0.26,0.21,0.0,0.27,0.31,0.27,0.3,0.28,0.38,0.32
37,0.0,0.72,0.72,0.0,0.0,0.72,0.0,0.0,0.7,0.72,0.72,0.76,0.74,0.74,0.74,0.73,0.75,0.74,0.76,0.73,0.74,0.74,0.74,0.73,0.72,0.73,0.0,0.0,0.71,0.72,0.72,0.0,0.0,0.0,0.0,0.72,0.72,0.75,0.74,0.75,0.75,0.74,0.74,0.72,0.73,0.74,0.72,0.0,0.0,0.72,0.73,0.72,0.73,0.72,0.72,0.69,0.0,0.72,0.73,0.71,0.72,0.73,0.73,0.72
38,0.0,0.81,0.82,0.0,0.0,0.8,0.0,0.0,0.8,0.82,0.83,0.86,0.84,0.84,0.84,0.83,0.86,0.85,0.86,0.83,0.85,0.84,0.83,0.83,0.81,0.83,0.0,0.0,0.8,0.82,0.82,0.0,0.0,0.0,0.0,0.82,0.83,0.87,0.85,0.86,0.87,0.85,0.85,0.82,0.84,0.85,0.81,0.0,0.0,0.8,0.83,0.82,0.84,0.82,0.84,0.8,0.0,0.82,0.83,0.83,0.82,0.83,0.82,0.83
39,0.0,0.85,0.86,0.0,0.0,0.84,0.0,0.0,0.83,0.87,0.87,0.9,0.86,0.87,0.87,0.86,0.89,0.88,0.89,0.86,0.88,0.87,0.86,0.86,0.84,0.87,0.0,0.0,0.84,0.86,0.86,0.0,0.0,0.0,0.0,0.86,0.86,0.91,0.88,0.9,0.9,0.88,0.88,0.85,0.87,0.89,0.84,0.0,0.0,0.84,0.88,0.86,0.87,0.86,0.86,0.85,0.0,0.87,0.87,0.87,0.86,0.87,0.86,0.86
40,0.0,0.86,0.86,0.0,0.0,0.84,0.0,0.0,0.84,0.87,0.87,0.9,0.86,0.87,0.87,0.86,0.9,0.87,0.89,0.87,0.88,0.88,0.87,0.87,0.85,0.88,0.0,0.0,0.85,0.86,0.87,0.0,0.0,0.0,0.0,0.86,0.86,0.91,0.88,0.91,0.91,0.88,0.89,0.86,0.88,0.89,0.84,0.0,0.0,0.84,0.88,0.86,0.88,0.86,0.87,0.85,0.0,0.86,0.88,0.86,0.87,0.88,0.87,0.87
41,0.0,0.85,0.85,0.0,0.0,0.83,0.0,0.0,0.82,0.84,0.85,0.89,0.85,0.86,0.83,0.85,0.88,0.87,0.88,0.85,0.87,0.86,0.85,0.86,0.84,0.86,0.0,0.0,0.84,0.85,0.85,0.0,0.0,0.0,0.0,0.85,0.86,0.9,0.88,0.89,0.9,0.87,0.88,0.85,0.87,0.88,0.83,0.0,0.0,0.83,0.87,0.85,0.88,0.84,0.85,0.84,0.0,0.85,0.86,0.84,0.86,0.86,0.85,0.86
42,0.0,0.79,0.8,0.0,0.0,0.77,0.0,0.0,0.75,0.75,0.79,0.81,0.77,0.76,0.78,0.78,0.82,0.79,0.8,0.78,0.8,0.77,0.77,0.79,0.78,0.81,0.0,0.0,0.79,0.79,0.8,0.0,0.0,0.0,0.0,0.8,0.79,0.83,0.81,0.83,0.83,0.81,0.81,0.79,0.8,0.82,0.77,0.0,0.0,0.77,0.82,0.8,0.8,0.79,0.79,0.76,0.0,0.8,0.8,0.78,0.81,0.8,0.81,0.81
43,0.0,0.69,0.69,0.0,0.0,0.67,0.0,0.0,0.63,0.59,0.65,0.67,0.62,0.64,0.64,0.64,0.67,0.64,0.64,0.64,0.64,0.64,0.56,0.66,0.66,0.7,0.0,0.0,0.68,0.69,0.69,0.0,0.0,0.0,0.0,0.68,0.66,0.68,0.68,0.68,0.69,0.68,0.68,0.66,0.66,0.69,0.67,0.0,0.0,0.66,0.69,0.68,0.68,0.68,0.67,0.65,0.0,0.68,0.68,0.67,0.68,0.69,0.69,0.68
44,0.0,0.27,0.29,0.0,0.0,0.2,0.0,0.0,0.0,0.0,0.0,0.0,0.0,0.0,0.0,0.0,0.0,0.0,0.0,0.0,0.0,0.0,0.0,0.0,0.01,0.26,0.0,0.0,0.21,0.26,0.24,0.0,0.0,0.0,0.0,0.17,0.01,0.0,0.14,0.0,0.0,0.02,0.02,0.01,0.0,0.02,0.19,0.0,0.0,0.18,0.02,0.2,0.0,0.02,0.0,0.01,0.0,0.01,0.02,0.0,0.15,0.02,0.21,0.02
45,0.0,0.0,0.0,0.0,0.0,0.0,0.0,0.0,0.0,0.0,0.0,0.0,0.0,0.0,0.0,0.0,0.0,0.0,0.0,0.0,0.0,0.0,0.0,0.0,0.0,0.0,0.0,0.0,0.0,0.0,0.0,0.0,0.0,0.0,0.0,0.0,0.0,0.0,0.0,0.0,0.0,0.0,0.0,0.0,0.0,0.0,0.0,0.0,0.0,0.0,0.0,0.0,0.0,0.0,0.0,0.0,0.0,0.0,0.0,0.0,0.0,0.0,0.0,0.0
46,0.0,0.0,0.0,0.0,0.0,0.0,0.0,0.0,0.0,0.0,0.0,0.0,0.0,0.0,0.0,0.0,0.0,0.0,0.0,0.0,0.0,0.0,0.0,0.0,0.0,0.0,0.0,0.0,0.0,0.0,0.0,0.0,0.0,0.0,0.0,0.0,0.0,0.0,0.0,0.0,0.0,0.0,0.0,0.0,0.0,0.0,0.0,0.0,0.0,0.0,0.0,0.0,0.0,0.0,0.0,0.0,0.0,0.0,0.0,0.0,0.0,0.0,0.0,0.0
47,0.0,0.0,0.0,0.0,0.0,0.0,0.0,0.0,0.0,0.0,0.0,0.0,0.0,0.0,0.0,0.0,0.0,0.0,0.0,0.0,0.0,0.0,0.0,0.0,0.0,0.0,0.0,0.0,0.0,0.0,0.0,0.0,0.0,0.0,0.0,0.0,0.0,0.0,0.0,0.0,0.0,0.0,0.0,0.0,0.0,0.0,0.0,0.0,0.0,0.0,0.0,0.0,0.0,0.0,0.0,0.0,0.0,0.0,0.0,0.0,0.0,0.0,0.0,0.0
48,0.0,0.0,0.0,0.0,0.0,0.0,0.0,0.0,0.0,0.0,0.0,0.0,0.0,0.0,0.0,0.0,0.0,0.0,0.0,0.0,0.0,0.0,0.0,0.0,0.0,0.0,0.0,0.0,0.0,0.0,0.0,0.0,0.0,0.0,0.0,0.0,0.0,0.0,0.0,0.0,0.0,0.0,0.0,0.0,0.0,0.0,0.0,0.0,0.0,0.0,0.0,0.0,0.0,0.0,0.0,0.0,0.0,0.0,0.0,0.0,0.0,0.0,0.0,0.0
49,0.0,0.0,0.0,0.0,0.0,0.0,0.0,0.0,0.0,0.0,0.0,0.0,0.0,0.0,0.0,0.0,0.0,0.0,0.0,0.0,0.0,0.0,0.0,0.0,0.0,0.0,0.0,0.0,0.0,0.0,0.0,0.0,0.0,0.0,0.0,0.0,0.0,0.0,0.0,0.0,0.0,0.0,0.0,0.0,0.0,0.0,0.0,0.0,0.0,0.0,0.0,0.0,0.0,0.0,0.0,0.0,0.0,0.0,0.0,0.0,0.0,0.0,0.0,0.0
50,0.0,0.0,0.0,0.0,0.0,0.0,0.0,0.0,0.0,0.0,0.0,0.0,0.0,0.0,0.0,0.0,0.0,0.0,0.0,0.0,0.0,0.0,0.0,0.0,0.0,0.0,0.0,0.0,0.0,0.0,0.0,0.0,0.0,0.0,0.0,0.0,0.0,0.0,0.0,0.0,0.0,0.0,0.0,0.0,0.0,0.0,0.0,0.0,0.0,0.0,0.0,0.0,0.0,0.0,0.0,0.0,0.0,0.0,0.0,0.0,0.0,0.0,0.0,0.0
51,0.0,0.0,0.0,0.0,0.0,0.0,0.0,0.0,0.0,0.0,0.0,0.0,0.0,0.0,0.0,0.0,0.0,0.0,0.0,0.0,0.0,0.0,0.0,0.0,0.0,0.0,0.0,0.0,0.0,0.0,0.0,0.0,0.0,0.0,0.0,0.0,0.0,0.0,0.0,0.0,0.0,0.0,0.0,0.0,0.0,0.0,0.0,0.0,0.0,0.0,0.0,0.0,0.0,0.0,0.0,0.0,0.0,0.0,0.0,0.0,0.0,0.0,0.0,0.0
52,0.0,0.0,0.0,0.0,0.0,0.0,0.0,0.0,0.0,0.0,0.0,0.0,0.0,0.0,0.0,0.0,0.0,0.0,0.0,0.0,0.0,0.0,0.0,0.0,0.0,0.0,0.0,0.0,0.0,0.0,0.0,0.0,0.0,0.0,0.0,0.0,0.0,0.0,0.0,0.0,0.0,0.0,0.0,0.0,0.0,0.0,0.0,0.0,0.0,0.0,0.0,0.0,0.0,0.0,0.0,0.0,0.0,0.0,0.0,0.0,0.0,0.0,0.0,0.0
53,0.0,0.0,0.0,0.0,0.0,0.0,0.0,0.0,0.0,0.0,0.0,0.0,0.0,0.0,0.0,0.0,0.0,0.0,0.0,0.0,0.0,0.0,0.0,0.0,0.0,0.0,0.0,0.0,0.0,0.0,0.0,0.0,0.0,0.0,0.0,0.0,0.0,0.0,0.0,0.0,0.0,0.0,0.0,0.0,0.0,0.0,0.0,0.0,0.0,0.0,0.0,0.0,0.0,0.0,0.0,0.0,0.0,0.0,0.0,0.0,0.0,0.0,0.0,0.0
54,0.0,0.0,0.0,0.0,0.0,0.0,0.0,0.0,0.0,0.0,0.0,0.0,0.0,0.0,0.0,0.0,0.0,0.0,0.0,0.0,0.0,0.0,0.0,0.0,0.0,0.0,0.0,0.0,0.0,0.0,0.0,0.0,0.0,0.0,0.0,0.0,0.0,0.0,0.0,0.0,0.0,0.0,0.0,0.0,0.0,0.0,0.0,0.0,0.0,0.0,0.0,0.0,0.0,0.0,0.0,0.0,0.0,0.0,0.0,0.0,0.0,0.0,0.0,0.0
55,0.0,0.0,0.0,0.0,0.0,0.0,0.0,0.0,0.0,0.0,0.0,0.0,0.0,0.0,0.0,0.0,0.0,0.0,0.0,0.0,0.0,0.0,0.0,0.0,0.0,0.0,0.0,0.0,0.0,0.0,0.0,0.0,0.0,0.0,0.0,0.0,0.0,0.0,0.0,0.0,0.0,0.0,0.0,0.0,0.0,0.0,0.0,0.0,0.0,0.0,0.0,0.0,0.0,0.0,0.0,0.0,0.0,0.0,0.0,0.0,0.0,0.0,0.0,0.0
56,0.0,0.0,0.0,0.0,0.0,0.0,0.0,0.0,0.0,0.0,0.0,0.0,0.0,0.0,0.0,0.0,0.0,0.0,0.0,0.0,0.0,0.0,0.0,0.0,0.0,0.0,0.0,0.0,0.0,0.0,0.0,0.0,0.0,0.0,0.0,0.0,0.0,0.0,0.0,0.0,0.0,0.0,0.0,0.0,0.0,0.0,0.0,0.0,0.0,0.0,0.0,0.0,0.0,0.0,0.0,0.0,0.0,0.0,0.0,0.0,0.0,0.0,0.0,0.0
57,0.0,0.0,0.0,0.0,0.0,0.0,0.0,0.0,0.0,0.0,0.0,0.0,0.0,0.0,0.0,0.0,0.0,0.0,0.0,0.0,0.0,0.0,0.0,0.0,0.0,0.0,0.0,0.0,0.0,0.0,0.0,0.0,0.0,0.0,0.0,0.0,0.0,0.0,0.0,0.0,0.0,0.0,0.0,0.0,0.0,0.0,0.0,0.0,0.0,0.0,0.0,0.0,0.0,0.0,0.0,0.0,0.0,0.0,0.0,0.0,0.0,0.0,0.0,0.0
58,0.0,0.0,0.0,0.0,0.0,0.0,0.0,0.0,0.0,0.0,0.0,0.0,0.0,0.0,0.0,0.0,0.0,0.0,0.0,0.0,0.0,0.0,0.0,0.0,0.0,0.0,0.0,0.0,0.0,0.0,0.0,0.0,0.0,0.0,0.0,0.0,0.0,0.0,0.0,0.0,0.0,0.0,0.0,0.0,0.0,0.0,0.0,0.0,0.0,0.0,0.0,0.0,0.0,0.0,0.0,0.0,0.0,0.0,0.0,0.0,0.0,0.0,0.0,0.0
59,0.0,0.0,0.0,0.0,0.0,0.0,0.0,0.0,0.0,0.0,0.0,0.0,0.0,0.0,0.0,0.0,0.0,0.0,0.0,0.0,0.0,0.0,0.0,0.0,0.0,0.0,0.0,0.0,0.0,0.0,0.0,0.0,0.0,0.0,0.0,0.0,0.0,0.0,0.0,0.0,0.0,0.0,0.0,0.0,0.0,0.0,0.0,0.0,0.0,0.0,0.0,0.0,0.0,0.0,0.0,0.0,0.0,0.0,0.0,0.0,0.0,0.0,0.0,0.0
60,0.0,0.51,0.52,0.0,0.0,0.52,0.0,0.0,0.52,0.47,0.52,0.52,0.56,0.53,0.54,0.54,0.51,0.53,0.52,0.53,0.48,0.53,0.55,0.53,0.55,0.5,0.0,0.0,0.51,0.5,0.5,0.0,0.0,0.0,0.0,0.53,0.54,0.5,0.52,0.52,0.51,0.52,0.52,0.54,0.52,0.51,0.52,0.0,0.0,0.53,0.25,0.42,0.44,0.28,0.48,0.32,0.0,0.35,0.28,0.41,0.26,0.27,0.48,0.27
61,0.0,0.56,0.58,0.0,0.0,0.67,0.0,0.0,0.68,0.67,0.69,0.7,0.69,0.67,0.69,0.68,0.68,0.69,0.69,0.67,0.68,0.67,0.69,0.66,0.68,0.5,0.0,0.0,0.53,0.51,0.54,0.0,0.0,0.0,0.0,0.64,0.64,0.65,0.65,0.65,0.63,0.66,0.53,0.67,0.64,0.61,0.68,0.0,0.0,0.68,0.56,0.59,0.38,0.29,0.58,0.28,0.0,0.17,0.45,0.4,0.43,0.48,0.53,0.48
62,0.0,0.64,0.65,0.0,0.0,0.72,0.0,0.0,0.73,0.76,0.74,0.78,0.76,0.74,0.75,0.74,0.73,0.75,0.76,0.73,0.75,0.74,0.75,0.71,0.75,0.58,0.0,0.0,0.61,0.63,0.55,0.0,0.0,0.0,0.0,0.65,0.75,0.74,0.58,0.72,0.36,0.65,0.74,0.75,0.56,0.68,0.7,0.0,0.0,0.71,0.22,0.43,0.36,0.16,0.49,0.42,0.0,0.65,0.32,0.34,0.18,0.24,0.51,0.24
63,0.0,0.74,0.7,0.0,0.0,0.77,0.0,0.0,0.75,0.8,0.49,0.74,0.79,0.76,0.76,0.73,0.54,0.81,0.82,0.74,0.8,0.78,0.79,0.78,0.77,0.71,0.0,0.0,0.61,0.74,0.71,0.0,0.0,0.0,0.0,0.72,0.67,0.62,0.63,0.41,0.66,0.62,0.68,0.71,0.75,0.62,0.76,0.0,0.0,0.73,0.09,0.52,0.32,0.16,0.78,0.12,0.0,0.12,0.11,0.28,0.1,0.12,0.68,0.09
64,0.0,0.76,0.75,0.0,0.0,0.75,0.0,0.0,0.77,0.78,0.81,0.79,0.79,0.75,0.74,0.64,0.82,0.82,0.82,0.54,0.8,0.75,0.8,0.33,0.76,0.08,0.0,0.0,0.09,0.72,0.08,0.0,0.0,0.0,0.0,0.71,0.23,0.56,0.42,0.76,0.2,0.4,0.23,0.44,0.28,0.33,0.77,0.0,0.0,0.75,0.18,0.08,0.12,0.14,0.18,0.2,0.0,0.17,0.19,0.14,0.11,0.19,0.05,0.18
65,0.0,0.13,0.09,0.0,0.0,0.74,0.0,0.0,0.74,0.59,0.18,0.76,0.75,0.78,0.76,0.76,0.2,0.71,0.69,0.77,0.68,0.77,0.76,0.27,0.72,0.68,0.0,0.0,0.62,0.21,0.69,0.0,0.0,0.0,0.0,0.22,0.2,0.13,0.4,0.15,0.16,0.44,0.65,0.25,0.24,0.43,0.21,0.0,0.0,0.2,0.26,0.23,0.11,0.13,0.22,0.12,0.0,0.09,0.11,0.1,0.21,0.08,0.2,0.12
66,0.0,0.68,0.66,0.0,0.0,0.7,0.0,0.0,0.22,0.4,0.14,0.25,0.65,0.44,0.61,0.43,0.16,0.4,0.38,0.19,0.32,0.63,0.61,0.26,0.68,0.22,0.0,0.0,0.26,0.26,0.32,0.0,0.0,0.0,0.0,0.68,0.44,0.09,0.74,0.08,0.26,0.75,0.74,0.55,0.26,0.74,0.7,0.0,0.0,0.7,0.48,0.21,0.54,0.05,0.17,0.34,0.0,0.67,0.5,0.22,0.58,0.52,0.59,0.49
67,0.0,0.57,0.15,0.0,0.0,0.55,0.0,0.0,0.04,0.12,0.25,0.16,0.26,0.12,0.13,0.08,0.24,0.17,0.14,0.2,0.19,0.09,0.2,0.51,0.58,0.1,0.0,0.0,0.12,0.6,0.43,0.0,0.0,0.0,0.0,0.26,0.59,0.38,0.39,0.33,0.55,0.48,0.52,0.58,0.55,0.46,0.6,0.0,0.0,0.57,0.08,0.19,0.15,0.01,0.21,0.25,0.0,0.21,0.19,0.18,0.26,0.24,0.05,0.26
68,0.0,0.1,0.0,0.0,0.0,0.12,0.0,0.0,0.0,0.0,0.0,0.0,0.0,0.0,0.0,0.0,0.0,0.0,0.0,0.0,0.0,0.0,0.0,0.0,0.01,0.16,0.0,0.0,0.06,0.01,0.17,0.0,0.0,0.0,0.0,0.06,0.0,0.0,0.01,0.0,0.0,0.0,0.0,0.0,0.0,0.01,0.11,0.0,0.0,0.11,0.0,0.0,0.0,0.0,0.0,0.0,0.0,0.0,0.0,0.0,0.0,0.0,0.0,0.0
69,0.0,0.0,0.0,0.0,0.0,0.0,0.0,0.0,0.0,0.0,0.0,0.0,0.0,0.0,0.0,0.0,0.0,0.0,0.0,0.0,0.0,0.0,0.0,0.0,0.0,0.0,0.0,0.0,0.0,0.0,0.0,0.0,0.0,0.0,0.0,0.0,0.0,0.0,0.0,0.0,0.0,0.0,0.0,0.0,0.0,0.0,0.0,0.0,0.0,0.0,0.0,0.0,0.0,0.0,0.0,0.0,0.0,0.0,0.0,0.0,0.0,0.0,0.0,0.0
70,0.0,0.0,0.0,0.0,0.0,0.0,0.0,0.0,0.0,0.0,0.0,0.0,0.0,0.0,0.0,0.0,0.0,0.0,0.0,0.0,0.0,0.0,0.0,0.0,0.0,0.0,0.0,0.0,0.0,0.0,0.0,0.0,0.0,0.0,0.0,0.0,0.0,0.0,0.0,0.0,0.0,0.0,0.0,0.0,0.0,0.0,0.0,0.0,0.0,0.0,0.0,0.0,0.0,0.0,0.0,0.0,0.0,0.0,0.0,0.0,0.0,0.0,0.0,0.0
71,0.0,0.0,0.0,0.0,0.0,0.0,0.0,0.0,0.0,0.0,0.0,0.0,0.0,0.0,0.0,0.0,0.0,0.0,0.0,0.0,0.0,0.0,0.0,0.0,0.0,0.0,0.0,0.0,0.0,0.0,0.0,0.0,0.0,0.0,0.0,0.0,0.0,0.0,0.0,0.0,0.0,0.0,0.0,0.0,0.0,0.0,0.0,0.0,0.0,0.0,0.0,0.0,0.0,0.0,0.0,0.0,0.0,0.0,0.0,0.0,0.0,0.0,0.0,0.0
72,0.0,0.0,0.0,0.0,0.0,0.0,0.0,0.0,0.0,0.0,0.0,0.0,0.0,0.0,0.0,0.0,0.0,0.0,0.0,0.0,0.0,0.0,0.0,0.0,0.0,0.0,0.0,0.0,0.0,0.0,0.0,0.0,0.0,0.0,0.0,0.0,0.0,0.0,0.0,0.0,0.0,0.0,0.0,0.0,0.0,0.0,0.0,0.0,0.0,0.0,0.0,0.0,0.0,0.0,0.0,0.0,0.0,0.0,0.0,0.0,0.0,0.0,0.0,0.0
73,0.0,0.0,0.0,0.0,0.0,0.0,0.0,0.0,0.0,0.0,0.0,0.0,0.0,0.0,0.0,0.0,0.0,0.0,0.0,0.0,0.0,0.0,0.0,0.0,0.0,0.0,0.0,0.0,0.0,0.0,0.0,0.0,0.0,0.0,0.0,0.0,0.0,0.0,0.0,0.0,0.0,0.0,0.0,0.0,0.0,0.0,0.0,0.0,0.0,0.0,0.0,0.0,0.0,0.0,0.0,0.0,0.0,0.0,0.0,0.0,0.0,0.0,0.0,0.0
74,0.0,0.0,0.0,0.0,0.0,0.0,0.0,0.0,0.0,0.0,0.0,0.0,0.0,0.0,0.0,0.0,0.0,0.0,0.0,0.0,0.0,0.0,0.0,0.0,0.0,0.0,0.0,0.0,0.0,0.0,0.0,0.0,0.0,0.0,0.0,0.0,0.0,0.0,0.0,0.0,0.0,0.0,0.0,0.0,0.0,0.0,0.0,0.0,0.0,0.0,0.0,0.0,0.0,0.0,0.0,0.0,0.0,0.0,0.0,0.0,0.0,0.0,0.0,0.0
75,0.0,0.0,0.0,0.0,0.0,0.0,0.0,0.0,0.0,0.0,0.0,0.0,0.0,0.0,0.0,0.0,0.0,0.0,0.0,0.0,0.0,0.0,0.0,0.0,0.0,0.0,0.0,0.0,0.0,0.0,0.0,0.0,0.0,0.0,0.0,0.0,0.0,0.0,0.0,0.0,0.0,0.0,0.0,0.0,0.0,0.0,0.0,0.0,0.0,0.0,0.0,0.0,0.0,0.0,0.0,0.0,0.0,0.0,0.0,0.0,0.0,0.0,0.0,0.0
76,0.0,0.0,0.0,0.0,0.0,0.0,0.0,0.0,0.0,0.0,0.0,0.0,0.0,0.0,0.0,0.0,0.0,0.0,0.0,0.0,0.0,0.0,0.0,0.0,0.0,0.0,0.0,0.0,0.0,0.0,0.0,0.0,0.0,0.0,0.0,0.0,0.0,0.0,0.0,0.0,0.0,0.0,0.0,0.0,0.0,0.0,0.0,0.0,0.0,0.0,0.0,0.0,0.0,0.0,0.0,0.0,0.0,0.0,0.0,0.0,0.0,0.0,0.0,0.0
77,0.0,0.0,0.0,0.0,0.0,0.0,0.0,0.0,0.0,0.0,0.0,0.0,0.0,0.0,0.0,0.0,0.0,0.0,0.0,0.0,0.0,0.0,0.0,0.0,0.0,0.0,0.0,0.0,0.0,0.0,0.0,0.0,0.0,0.0,0.0,0.0,0.0,0.0,0.0,0.0,0.0,0.0,0.0,0.0,0.0,0.0,0.0,0.0,0.0,0.0,0.0,0.0,0.0,0.0,0.0,0.0,0.0,0.0,0.0,0.0,0.0,0.0,0.0,0.0
78,0.0,0.0,0.0,0.0,0.0,0.0,0.0,0.0,0.0,0.0,0.0,0.0,0.0,0.0,0.0,0.0,0.0,0.0,0.0,0.0,0.0,0.0,0.0,0.0,0.0,0.0,0.0,0.0,0.0,0.0,0.0,0.0,0.0,0.0,0.0,0.0,0.0,0.0,0.0,0.0,0.0,0.0,0.0,0.0,0.0,0.0,0.0,0.0,0.0,0.0,0.0,0.0,0.0,0.0,0.0,0.0,0.0,0.0,0.0,0.0,0.0,0.0,0.0,0.0
79,0.0,0.0,0.0,0.0,0.0,0.0,0.0,0.0,0.0,0.0,0.0,0.0,0.0,0.0,0.0,0.0,0.0,0.0,0.0,0.0,0.0,0.0,0.0,0.0,0.0,0.0,0.0,0.0,0.0,0.0,0.0,0.0,0.0,0.0,0.0,0.0,0.0,0.0,0.0,0.0,0.0,0.0,0.0,0.0,0.0,0.0,0.0,0.0,0.0,0.0,0.0,0.0,0.0,0.0,0.0,0.0,0.0,0.0,0.0,0.0,0.0,0.0,0.0,0.0
80,0.0,0.0,0.0,0.0,0.0,0.0,0.0,0.0,0.0,0.0,0.0,0.0,0.0,0.0,0.0,0.0,0.0,0.0,0.0,0.0,0.0,0.0,0.0,0.0,0.0,0.0,0.0,0.0,0.0,0.0,0.0,0.0,0.0,0.0,0.0,0.0,0.0,0.0,0.0,0.0,0.0,0.0,0.0,0.0,0.0,0.0,0.0,0.0,0.0,0.0,0.0,0.0,0.0,0.0,0.0,0.0,0.0,0.0,0.0,0.0,0.0,0.0,0.0,0.0
81,0.0,0.0,0.0,0.0,0.0,0.0,0.0,0.0,0.0,0.0,0.0,0.0,0.0,0.0,0.0,0.0,0.0,0.0,0.0,0.0,0.0,0.0,0.0,0.0,0.0,0.0,0.0,0.0,0.0,0.0,0.0,0.0,0.0,0.0,0.0,0.0,0.0,0.0,0.0,0.0,0.0,0.0,0.0,0.0,0.0,0.0,0.0,0.0,0.0,0.0,0.0,0.0,0.0,0.0,0.0,0.0,0.0,0.0,0.0,0.0,0.0,0.0,0.0,0.0
82,0.0,0.0,0.0,0.0,0.0,0.0,0.0,0.0,0.0,0.0,0.0,0.0,0.0,0.0,0.0,0.0,0.0,0.0,0.0,0.0,0.0,0.0,0.0,0.0,0.0,0.0,0.0,0.0,0.0,0.0,0.0,0.0,0.0,0.0,0.0,0.0,0.0,0.0,0.0,0.0,0.0,0.0,0.0,0.0,0.0,0.0,0.0,0.0,0.0,0.0,0.0,0.0,0.0,0.0,0.0,0.0,0.0,0.0,0.0,0.0,0.0,0.0,0.0,0.0
83,0.0,0.0,0.0,0.0,0.0,0.0,0.0,0.0,0.0,0.0,0.0,0.0,0.0,0.0,0.0,0.0,0.0,0.0,0.0,0.0,0.0,0.0,0.0,0.0,0.0,0.0,0.0,0.0,0.0,0.0,0.0,0.0,0.0,0.0,0.0,0.0,0.0,0.0,0.0,0.0,0.0,0.0,0.0,0.0,0.0,0.0,0.0,0.0,0.0,0.0,0.0,0.0,0.0,0.0,0.0,0.0,0.0,0.0,0.0,0.0,0.0,0.0,0.0,0.0
84,0.0,0.0,0.0,0.0,0.0,0.01,0.0,0.0,0.26,0.0,0.33,0.08,0.01,0.02,0.02,0.05,0.0,0.0,0.0,0.01,0.0,0.02,0.0,0.02,0.0,0.0,0.0,0.0,0.01,0.32,0.0,0.0,0.0,0.0,0.0,0.0,0.14,0.32,0.02,0.32,0.0,0.08,0.32,0.01,0.33,0.07,0.0,0.0,0.0,0.0,0.0,0.28,0.0,0.03,0.0,0.0,0.0,0.0,0.01,0.0,0.0,0.01,0.01,0.0
85,0.0,0.0,0.0,0.0,0.0,0.02,0.0,0.0,0.62,0.04,0.6,0.2,0.04,0.18,0.06,0.21,0.02,0.09,0.03,0.3,0.01,0.14,0.26,0.63,0.01,0.01,0.0,0.0,0.62,0.01,0.01,0.0,0.0,0.0,0.0,0.02,0.62,0.54,0.27,0.03,0.04,0.28,0.64,0.63,0.63,0.29,0.02,0.0,0.0,0.02,0.01,0.63,0.01,0.05,0.01,0.01,0.0,0.02,0.1,0.01,0.02,0.04,0.35,0.04
86,0.0,0.01,0.01,0.0,0.0,0.05,0.0,0.0,0.69,0.04,0.7,0.03,0.23,0.22,0.32,0.7,0.07,0.03,0.03,0.67,0.02,0.22,0.32,0.72,0.05,0.08,0.0,0.0,0.08,0.01,0.06,0.0,0.0,0.0,0.0,0.07,0.71,0.33,0.63,0.06,0.07,0.73,0.72,0.71,0.72,0.73,0.04,0.0,0.0,0.06,0.01,0.04,0.02,0.05,0.02,0.03,0.0,0.06,0.02,0.02,0.01,0.02,0.72,0.02
87,0.0,0.05,0.72,0.0,0.0,0.1,0.0,0.0,0.67,0.04,0.7,0.04,0.18,0.49,0.72,0.72,0.26,0.04,0.05,0.72,0.02,0.39,0.21,0.72,0.04,0.02,0.0,0.0,0.01,0.02,0.01,0.0,0.0,0.0,0.0,0.28,0.71,0.04,0.73,0.02,0.04,0.74,0.72,0.71,0.72,0.73,0.08,0.0,0.0,0.12,0.06,0.06,0.04,0.72,0.03,0.02,0.0,0.16,0.11,0.04,0.03,0.08,0.03,0.08
88,0.0,0.75,0.75,0.0,0.0,0.72,0.0,0.0,0.73,0.02,0.74,0.04,0.27,0.19,0.37,0.73,0.06,0.03,0.03,0.74,0.02,0.32,0.16,0.62,0.1,0.02,0.0,0.0,0.02,0.76,0.02,0.0,0.0,0.0,0.0,0.03,0.09,0.04,0.04,0.03,0.06,0.05,0.22,0.33,0.23,0.06,0.72,0.0,0.0,0.73,0.22,0.02,0.03,0.13,0.03,0.02,0.0,0.08,0.72,0.09,0.23,0.28,0.01,0.75
89,0.0,0.74,0.74,0.0,0.0,0.73,0.0,0.0,0.71,0.03,0.71,0.45,0.07,0.2,0.17,0.71,0.02,0.04,0.03,0.71,0.02,0.26,0.05,0.24,0.73,0.75,0.0,0.0,0.02,0.74,0.74,0.0,0.0,0.0,0.0,0.04,0.37,0.04,0.03,0.02,0.04,0.04,0.02,0.06,0.15,0.03,0.73,0.0,0.0,0.73,0.62,0.03,0.02,0.05,0.01,0.01,0.0,0.14,0.63,0.01,0.06,0.55,0.02,0.68
90,0.0,0.7,0.71,0.0,0.0,0.69,0.0,0.0,0.03,0.02,0.02,0.44,0.2,0.14,0.11,0.66,0.25,0.06,0.06,0.66,0.03,0.23,0.11,0.67,0.69,0.71,0.0,0.0,0.16,0.7,0.68,0.0,0.0,0.0,0.0,0.7,0.05,0.44,0.06,0.57,0.02,0.71,0.04,0.03,0.67,0.04,0.69,0.0,0.0,0.69,0.01,0.02,0.01,0.01,0.01,0.02,0.0,0.01,0.02,0.01,0.03,0.01,0.04,0.03
91,0.0,0.6,0.6,0.0,0.0,0.59,0.0,0.0,0.01,0.01,0.0,0.01,0.02,0.02,0.01,0.02,0.0,0.02,0.05,0.03,0.01,0.02,0.07,0.01,0.57,0.6,0.0,0.0,0.57,0.6,0.59,0.0,0.0,0.0,0.0,0.58,0.0,0.01,0.58,0.01,0.01,0.58,0.57,0.54,0.0,0.58,0.59,0.0,0.0,0.59,0.58,0.57,0.0,0.54,0.02,0.02,0.0,0.02,0.57,0.24,0.58,0.58,0.59,0.58
92,0.0,0.46,0.48,0.0,0.0,0.42,0.0,0.0,0.01,0.0,0.01,0.0,0.0,0.0,0.0,0.0,0.0,0.0,0.0,0.0,0.0,0.0,0.0,0.0,0.36,0.45,0.0,0.0,0.4,0.46,0.43,0.0,0.0,0.0,0.0,0.39,0.05,0.01,0.02,0.01,0.04,0.01,0.35,0.05,0.0,0.08,0.41,0.0,0.0,0.41,0.38,0.4,0.0,0.35,0.0,0.0,0.0,0.05,0.36,0.02,0.0,0.37,0.41,0.37
93,0.0,0.0,0.0,0.0,0.0,0.0,0.0,0.0,0.0,0.0,0.0,0.0,0.0,0.0,0.0,0.0,0.0,0.0,0.0,0.0,0.0,0.0,0.0,0.0,0.0,0.0,0.0,0.0,0.0,0.0,0.0,0.0,0.0,0.0,0.0,0.0,0.0,0.0,0.0,0.0,0.0,0.0,0.0,0.0,0.0,0.0,0.0,0.0,0.0,0.0,0.0,0.0,0.0,0.0,0.0,0.0,0.0,0.0,0.0,0.0,0.0,0.0,0.0,0.0
94,0.0,0.0,0.0,0.0,0.0,0.0,0.0,0.0,0.0,0.0,0.0,0.0,0.0,0.0,0.0,0.0,0.0,0.0,0.0,0.0,0.0,0.0,0.0,0.0,0.0,0.0,0.0,0.0,0.0,0.0,0.0,0.0,0.0,0.0,0.0,0.0,0.0,0.0,0.0,0.0,0.0,0.0,0.0,0.0,0.0,0.0,0.0,0.0,0.0,0.0,0.0,0.0,0.0,0.0,0.0,0.0,0.0,0.0,0.0,0.0,0.0,0.0,0.0,0.0
95,0.0,0.0,0.0,0.0,0.0,0.0,0.0,0.0,0.0,0.0,0.0,0.0,0.0,0.0,0.0,0.0,0.0,0.0,0.0,0.0,0.0,0.0,0.0,0.0,0.0,0.0,0.0,0.0,0.0,0.0,0.0,0.0,0.0,0.0,0.0,0.0,0.0,0.0,0.0,0.0,0.0,0.0,0.0,0.0,0.0,0.0,0.0,0.0,0.0,0.0,0.0,0.0,0.0,0.0,0.0,0.0,0.0,0.0,0.0,0.0,0.0,0.0,0.0,0.0
96,0.0,0.0,0.0,0.0,0.0,0.0,0.0,0.0,0.0,0.0,0.0,0.0,0.0,0.0,0.0,0.0,0.0,0.0,0.0,0.0,0.0,0.0,0.0,0.0,0.0,0.0,0.0,0.0,0.0,0.0,0.0,0.0,0.0,0.0,0.0,0.0,0.0,0.0,0.0,0.0,0.0,0.0,0.0,0.0,0.0,0.0,0.0,0.0,0.0,0.0,0.0,0.0,0.0,0.0,0.0,0.0,0.0,0.0,0.0,0.0,0.0,0.0,0.0,0.0
97,0.0,0.0,0.0,0.0,0.0,0.0,0.0,0.0,0.0,0.0,0.0,0.0,0.0,0.0,0.0,0.0,0.0,0.0,0.0,0.0,0.0,0.0,0.0,0.0,0.0,0.0,0.0,0.0,0.0,0.0,0.0,0.0,0.0,0.0,0.0,0.0,0.0,0.0,0.0,0.0,0.0,0.0,0.0,0.0,0.0,0.0,0.0,0.0,0.0,0.0,0.0,0.0,0.0,0.0,0.0,0.0,0.0,0.0,0.0,0.0,0.0,0.0,0.0,0.0
98,0.0,0.0,0.0,0.0,0.0,0.0,0.0,0.0,0.0,0.0,0.0,0.0,0.0,0.0,0.0,0.0,0.0,0.0,0.0,0.0,0.0,0.0,0.0,0.0,0.0,0.0,0.0,0.0,0.0,0.0,0.0,0.0,0.0,0.0,0.0,0.0,0.0,0.0,0.0,0.0,0.0,0.0,0.0,0.0,0.0,0.0,0.0,0.0,0.0,0.0,0.0,0.0,0.0,0.0,0.0,0.0,0.0,0.0,0.0,0.0,0.0,0.0,0.0,0.0
99,0.0,0.0,0.0,0.0,0.0,0.0,0.0,0.0,0.0,0.0,0.0,0.0,0.0,0.0,0.0,0.0,0.0,0.0,0.0,0.0,0.0,0.0,0.0,0.0,0.0,0.0,0.0,0.0,0.0,0.0,0.0,0.0,0.0,0.0,0.0,0.0,0.0,0.0,0.0,0.0,0.0,0.0,0.0,0.0,0.0,0.0,0.0,0.0,0.0,0.0,0.0,0.0,0.0,0.0,0.0,0.0,0.0,0.0,0.0,0.0,0.0,0.0,0.0,0.0
100,0.0,0.0,0.0,0.0,0.0,0.0,0.0,0.0,0.0,0.0,0.0,0.0,0.0,0.0,0.0,0.0,0.0,0.0,0.0,0.0,0.0,0.0,0.0,0.0,0.0,0.0,0.0,0.0,0.0,0.0,0.0,0.0,0.0,0.0,0.0,0.0,0.0,0.0,0.0,0.0,0.0,0.0,0.0,0.0,0.0,0.0,0.0,0.0,0.0,0.0,0.0,0.0,0.0,0.0,0.0,0.0,0.0,0.0,0.0,0.0,0.0,0.0,0.0,0.0
101,0.0,0.0,0.0,0.0,0.0,0.0,0.0,0.0,0.0,0.0,0.0,0.0,0.0,0.0,0.0,0.0,0.0,0.0,0.0,0.0,0.0,0.0,0.0,0.0,0.0,0.0,0.0,0.0,0.0,0.0,0.0,0.0,0.0,0.0,0.0,0.0,0.0,0.0,0.0,0.0,0.0,0.0,0.0,0.0,0.0,0.0,0.0,0.0,0.0,0.0,0.0,0.0,0.0,0.0,0.0,0.0,0.0,0.0,0.0,0.0,0.0,0.0,0.0,0.0
102,0.0,0.0,0.0,0.0,0.0,0.0,0.0,0.0,0.0,0.0,0.0,0.0,0.0,0.0,0.0,0.0,0.0,0.0,0.0,0.0,0.0,0.0,0.0,0.0,0.0,0.0,0.0,0.0,0.0,0.0,0.0,0.0,0.0,0.0,0.0,0.0,0.0,0.0,0.0,0.0,0.0,0.0,0.0,0.0,0.0,0.0,0.0,0.0,0.0,0.0,0.0,0.0,0.0,0.0,0.0,0.0,0.0,0.0,0.0,0.0,0.0,0.0,0.0,0.0
103,0.0,0.0,0.0,0.0,0.0,0.0,0.0,0.0,0.0,0.0,0.0,0.0,0.0,0.0,0.0,0.0,0.0,0.0,0.0,0.0,0.0,0.0,0.0,0.0,0.0,0.0,0.0,0.0,0.0,0.0,0.0,0.0,0.0,0.0,0.0,0.0,0.0,0.0,0.0,0.0,0.0,0.0,0.0,0.0,0.0,0.0,0.0,0.0,0.0,0.0,0.0,0.0,0.0,0.0,0.0,0.0,0.0,0.0,0.0,0.0,0.0,0.0,0.0,0.0
104,0.0,0.0,0.0,0.0,0.0,0.0,0.0,0.0,0.0,0.0,0.0,0.0,0.0,0.0,0.0,0.0,0.0,0.0,0.0,0.0,0.0,0.0,0.0,0.0,0.0,0.0,0.0,0.0,0.0,0.0,0.0,0.0,0.0,0.0,0.0,0.0,0.0,0.0,0.0,0.0,0.0,0.0,0.0,0.0,0.0,0.0,0.0,0.0,0.0,0.0,0.0,0.0,0.0,0.0,0.0,0.0,0.0,0.0,0.0,0.0,0.0,0.0,0.0,0.0
105,0.0,0.0,0.0,0.0,0.0,0.0,0.0,0.0,0.0,0.0,0.0,0.0,0.0,0.0,0.0,0.0,0.0,0.0,0.0,0.0,0.0,0.0,0.0,0.0,0.0,0.0,0.0,0.0,0.0,0.0,0.0,0.0,0.0,0.0,0.0,0.0,0.0,0.0,0.0,0.0,0.0,0.0,0.0,0.0,0.0,0.0,0.0,0.0,0.0,0.0,0.0,0.0,0.0,0.0,0.0,0.0,0.0,0.0,0.0,0.0,0.0,0.0,0.0,0.0
106,0.0,0.0,0.0,0.0,0.0,0.0,0.0,0.0,0.0,0.0,0.0,0.0,0.0,0.0,0.0,0.0,0.0,0.0,0.0,0.0,0.0,0.0,0.0,0.0,0.0,0.0,0.0,0.0,0.0,0.0,0.0,0.0,0.0,0.0,0.0,0.0,0.0,0.0,0.0,0.0,0.0,0.0,0.0,0.0,0.0,0.0,0.0,0.0,0.0,0.0,0.0,0.0,0.0,0.0,0.0,0.0,0.0,0.0,0.0,0.0,0.0,0.0,0.0,0.0
107,0.0,0.0,0.0,0.0,0.0,0.0,0.0,0.0,0.0,0.0,0.0,0.0,0.0,0.0,0.0,0.0,0.0,0.0,0.0,0.0,0.0,0.0,0.0,0.0,0.0,0.0,0.0,0.0,0.0,0.0,0.0,0.0,0.0,0.0,0.0,0.0,0.0,0.0,0.0,0.0,0.0,0.0,0.0,0.0,0.0,0.0,0.0,0.0,0.0,0.0,0.0,0.0,0.0,0.0,0.0,0.0,0.0,0.0,0.0,0.0,0.0,0.0,0.0,0.0
108,0.0,0.01,0.0,0.0,0.0,0.01,0.0,0.0,0.05,0.0,0.0,0.0,0.0,0.0,0.0,0.0,0.02,0.01,0.02,0.0,0.0,0.0,0.0,0.0,0.24,0.0,0.0,0.0,0.0,0.01,0.01,0.0,0.0,0.0,0.0,0.0,0.01,0.0,0.0,0.0,0.0,0.02,0.03,0.0,0.0,0.0,0.01,0.0,0.0,0.06,0.0,0.0,0.0,0.0,0.0,0.0,0.0,0.0,0.0,0.0,0.0,0.0,0.01,0.0
109,0.0,0.01,0.01,0.0,0.0,0.02,0.0,0.0,0.01,0.01,0.02,0.04,0.01,0.01,0.03,0.05,0.01,0.02,0.01,0.06,0.01,0.01,0.0,0.01,0.1,0.05,0.0,0.0,0.03,0.01,0.01,0.0,0.0,0.0,0.0,0.03,0.0,0.0,0.01,0.01,0.0,0.04,0.12,0.03,0.01,0.01,0.02,0.0,0.0,0.02,0.0,0.0,0.01,0.01,0.0,0.0,0.0,0.02,0.03,0.01,0.0,0.0,0.16,0.01
110,0.0,0.04,0.02,0.0,0.0,0.17,0.0,0.0,0.16,0.03,0.23,0.09,0.02,0.01,0.01,0.02,0.23,0.03,0.02,0.02,0.01,0.05,0.01,0.06,0.07,0.03,0.0,0.0,0.02,0.08,0.21,0.0,0.0,0.0,0.0,0.06,0.04,0.18,0.01,0.25,0.0,0.11,0.24,0.11,0.14,0.02,0.2,0.0,0.0,0.25,0.01,0.01,0.02,0.06,0.01,0.0,0.0,0.08,0.06,0.02,0.01,0.06,0.06,0.02
111,0.0,0.13,0.07,0.0,0.0,0.0,0.0,0.0,0.03,0.06,0.28,0.24,0.03,0.03,0.01,0.02,0.31,0.08,0.02,0.01,0.02,0.05,0.01,0.05,0.01,0.07,0.0,0.0,0.15,0.1,0.12,0.0,0.0,0.0,0.0,0.01,0.02,0.09,0.03,0.26,0.01,0.07,0.22,0.05,0.03,0.07,0.0,0.0,0.0,0.02,0.08,0.02,0.07,0.1,0.01,0.03,0.0,0.02,0.1,0.01,0.02,0.16,0.19,0.07
112,0.0,0.1,0.08,0.0,0.0,0.0,0.0,0.0,0.13,0.01,0.19,0.19,0.03,0.02,0.02,0.06,0.25,0.31,0.08,0.03,0.02,0.03,0.02,0.08,0.06,0.03,0.0,0.0,0.08,0.1,0.11,0.0,0.0,0.0,0.0,0.08,0.19,0.07,0.05,0.16,0.02,0.1,0.18,0.05,0.12,0.06,0.0,0.0,0.0,0.0,0.08,0.0,0.01,0.37,0.0,0.01,0.0,0.07,0.2,0.0,0.05,0.14,0.03,0.11
113,0.0,0.03,0.02,0.0,0.0,0.02,0.0,0.0,0.08,0.01,0.11,0.08,0.03,0.04,0.03,0.04,0.2,0.22,0.08,0.06,0.0,0.05,0.01,0.02,0.01,0.03,0.0,0.0,0.05,0.03,0.04,0.0,0.0,0.0,0.0,0.02,0.02,0.07,0.02,0.14,0.01,0.02,0.05,0.03,0.02,0.03,0.02,0.0,0.0,0.03,0.14,0.05,0.05,0.02,0.01,0.02,0.0,0.02,0.37,0.03,0.04,0.16,0.3,0.17
114,0.0,0.02,0.04,0.0,0.0,0.02,0.0,0.0,0.02,0.03,0.08,0.12,0.03,0.02,0.02,0.03,0.11,0.01,0.0,0.02,0.01,0.02,0.01,0.03,0.01,0.21,0.0,0.0,0.48,0.02,0.44,0.0,0.0,0.0,0.0,0.01,0.03,0.06,0.3,0.05,0.0,0.48,0.61,0.13,0.02,0.48,0.02,0.0,0.0,0.03,0.0,0.02,0.01,0.01,0.0,0.02,0.0,0.01,0.01,0.02,0.01,0.01,0.17,0.01
115,0.0,0.12,0.6,0.0,0.0,0.01,0.0,0.0,0.14,0.01,0.3,0.0,0.0,0.01,0.0,0.0,0.16,0.01,0.01,0.01,0.0,0.0,0.0,0.37,0.0,0.02,0.0,0.0,0.02,0.6,0.03,0.0,0.0,0.0,0.0,0.1,0.03,0.36,0.02,0.38,0.0,0.18,0.4,0.32,0.38,0.27,0.01,0.0,0.0,0.02,0.0,0.01,0.01,0.0,0.0,0.0,0.0,0.0,0.0,0.01,0.0,0.0,0.02,0.0
116,0.0,0.44,0.46,0.0,0.0,0.01,0.0,0.0,0.0,0.0,0.01,0.0,0.0,0.0,0.0,0.0,0.0,0.0,0.0,0.0,0.0,0.0,0.0,0.02,0.0,0.0,0.0,0.0,0.41,0.45,0.0,0.0,0.0,0.0,0.0,0.11,0.0,0.02,0.0,0.0,0.0,0.35,0.01,0.02,0.02,0.0,0.01,0.0,0.0,0.0,0.0,0.0,0.0,0.0,0.0,0.03,0.0,0.0,0.0,0.01,0.0,0.0,0.0,0.0
117,0.0,0.0,0.0,0.0,0.0,0.0,0.0,0.0,0.0,0.0,0.0,0.0,0.0,0.0,0.0,0.0,0.0,0.0,0.0,0.0,0.0,0.0,0.0,0.0,0.0,0.0,0.0,0.0,0.0,0.0,0.0,0.0,0.0,0.0,0.0,0.0,0.0,0.0,0.0,0.0,0.0,0.0,0.0,0.0,0.0,0.0,0.0,0.0,0.0,0.0,0.0,0.0,0.0,0.0,0.0,0.0,0.0,0.0,0.0,0.0,0.0,0.0,0.0,0.0
118,0.0,0.0,0.0,0.0,0.0,0.0,0.0,0.0,0.0,0.0,0.0,0.0,0.0,0.0,0.0,0.0,0.0,0.0,0.0,0.0,0.0,0.0,0.0,0.0,0.0,0.0,0.0,0.0,0.0,0.0,0.0,0.0,0.0,0.0,0.0,0.0,0.0,0.0,0.0,0.0,0.0,0.0,0.0,0.0,0.0,0.0,0.0,0.0,0.0,0.0,0.0,0.0,0.0,0.0,0.0,0.0,0.0,0.0,0.0,0.0,0.0,0.0,0.0,0.0
119,0.0,0.0,0.0,0.0,0.0,0.0,0.0,0.0,0.0,0.0,0.0,0.0,0.0,0.0,0.0,0.0,0.0,0.0,0.0,0.0,0.0,0.0,0.0,0.0,0.0,0.0,0.0,0.0,0.0,0.0,0.0,0.0,0.0,0.0,0.0,0.0,0.0,0.0,0.0,0.0,0.0,0.0,0.0,0.0,0.0,0.0,0.0,0.0,0.0,0.0,0.0,0.0,0.0,0.0,0.0,0.0,0.0,0.0,0.0,0.0,0.0,0.0,0.0,0.0
120,0.0,0.0,0.0,0.0,0.0,0.0,0.0,0.0,0.0,0.0,0.0,0.0,0.0,0.0,0.0,0.0,0.0,0.0,0.0,0.0,0.0,0.0,0.0,0.0,0.0,0.0,0.0,0.0,0.0,0.0,0.0,0.0,0.0,0.0,0.0,0.0,0.0,0.0,0.0,0.0,0.0,0.0,0.0,0.0,0.0,0.0,0.0,0.0,0.0,0.0,0.0,0.0,0.0,0.0,0.0,0.0,0.0,0.0,0.0,0.0,0.0,0.0,0.0,0.0
121,0.0,0.0,0.0,0.0,0.0,0.0,0.0,0.0,0.0,0.0,0.0,0.0,0.0,0.0,0.0,0.0,0.0,0.0,0.0,0.0,0.0,0.0,0.0,0.0,0.0,0.0,0.0,0.0,0.0,0.0,0.0,0.0,0.0,0.0,0.0,0.0,0.0,0.0,0.0,0.0,0.0,0.0,0.0,0.0,0.0,0.0,0.0,0.0,0.0,0.0,0.0,0.0,0.0,0.0,0.0,0.0,0.0,0.0,0.0,0.0,0.0,0.0,0.0,0.0
122,0.0,0.0,0.0,0.0,0.0,0.0,0.0,0.0,0.0,0.0,0.0,0.0,0.0,0.0,0.0,0.0,0.0,0.0,0.0,0.0,0.0,0.0,0.0,0.0,0.0,0.0,0.0,0.0,0.0,0.0,0.0,0.0,0.0,0.0,0.0,0.0,0.0,0.0,0.0,0.0,0.0,0.0,0.0,0.0,0.0,0.0,0.0,0.0,0.0,0.0,0.0,0.0,0.0,0.0,0.0,0.0,0.0,0.0,0.0,0.0,0.0,0.0,0.0,0.0
123,0.0,0.0,0.0,0.0,0.0,0.0,0.0,0.0,0.0,0.0,0.0,0.0,0.0,0.0,0.0,0.0,0.0,0.0,0.0,0.0,0.0,0.0,0.0,0.0,0.0,0.0,0.0,0.0,0.0,0.0,0.0,0.0,0.0,0.0,0.0,0.0,0.0,0.0,0.0,0.0,0.0,0.0,0.0,0.0,0.0,0.0,0.0,0.0,0.0,0.0,0.0,0.0,0.0,0.0,0.0,0.0,0.0,0.0,0.0,0.0,0.0,0.0,0.0,0.0
124,0.0,0.0,0.0,0.0,0.0,0.0,0.0,0.0,0.0,0.0,0.0,0.0,0.0,0.0,0.0,0.0,0.0,0.0,0.0,0.0,0.0,0.0,0.0,0.0,0.0,0.0,0.0,0.0,0.0,0.0,0.0,0.0,0.0,0.0,0.0,0.0,0.0,0.0,0.0,0.0,0.0,0.0,0.0,0.0,0.0,0.0,0.0,0.0,0.0,0.0,0.0,0.0,0.0,0.0,0.0,0.0,0.0,0.0,0.0,0.0,0.0,0.0,0.0,0.0
125,0.0,0.0,0.0,0.0,0.0,0.0,0.0,0.0,0.0,0.0,0.0,0.0,0.0,0.0,0.0,0.0,0.0,0.0,0.0,0.0,0.0,0.0,0.0,0.0,0.0,0.0,0.0,0.0,0.0,0.0,0.0,0.0,0.0,0.0,0.0,0.0,0.0,0.0,0.0,0.0,0.0,0.0,0.0,0.0,0.0,0.0,0.0,0.0,0.0,0.0,0.0,0.0,0.0,0.0,0.0,0.0,0.0,0.0,0.0,0.0,0.0,0.0,0.0,0.0
126,0.0,0.0,0.0,0.0,0.0,0.0,0.0,0.0,0.0,0.0,0.0,0.0,0.0,0.0,0.0,0.0,0.0,0.0,0.0,0.0,0.0,0.0,0.0,0.0,0.0,0.0,0.0,0.0,0.0,0.0,0.0,0.0,0.0,0.0,0.0,0.0,0.0,0.0,0.0,0.0,0.0,0.0,0.0,0.0,0.0,0.0,0.0,0.0,0.0,0.0,0.0,0.0,0.0,0.0,0.0,0.0,0.0,0.0,0.0,0.0,0.0,0.0,0.0,0.0
127,0.0,0.0,0.0,0.0,0.0,0.0,0.0,0.0,0.0,0.0,0.0,0.0,0.0,0.0,0.0,0.0,0.0,0.0,0.0,0.0,0.0,0.0,0.0,0.0,0.0,0.0,0.0,0.0,0.0,0.0,0.0,0.0,0.0,0.0,0.0,0.0,0.0,0.0,0.0,0.0,0.0,0.0,0.0,0.0,0.0,0.0,0.0,0.0,0.0,0.0,0.0,0.0,0.0,0.0,0.0,0.0,0.0,0.0,0.0,0.0,0.0,0.0,0.0,0.0
128,0.0,0.0,0.0,0.0,0.0,0.0,0.0,0.0,0.0,0.0,0.0,0.0,0.0,0.0,0.0,0.0,0.0,0.0,0.0,0.0,0.0,0.0,0.0,0.0,0.0,0.0,0.0,0.0,0.0,0.0,0.0,0.0,0.0,0.0,0.0,0.0,0.0,0.0,0.0,0.0,0.0,0.0,0.0,0.0,0.0,0.0,0.0,0.0,0.0,0.0,0.0,0.0,0.0,0.0,0.0,0.0,0.0,0.0,0.0,0.0,0.0,0.0,0.0,0.0
129,0.0,0.0,0.0,0.0,0.0,0.0,0.0,0.0,0.0,0.0,0.0,0.0,0.0,0.0,0.0,0.0,0.0,0.0,0.0,0.0,0.0,0.0,0.0,0.0,0.0,0.0,0.0,0.0,0.0,0.0,0.0,0.0,0.0,0.0,0.0,0.0,0.0,0.0,0.0,0.0,0.0,0.0,0.0,0.0,0.0,0.0,0.0,0.0,0.0,0.0,0.0,0.0,0.0,0.0,0.0,0.0,0.0,0.0,0.0,0.0,0.0,0.0,0.0,0.0
130,0.0,0.0,0.0,0.0,0.0,0.0,0.0,0.0,0.0,0.0,0.0,0.0,0.0,0.0,0.0,0.0,0.0,0.0,0.0,0.0,0.0,0.0,0.0,0.0,0.0,0.0,0.0,0.0,0.0,0.0,0.0,0.0,0.0,0.0,0.0,0.0,0.0,0.0,0.0,0.0,0.0,0.0,0.0,0.0,0.0,0.0,0.0,0.0,0.0,0.0,0.0,0.0,0.0,0.0,0.0,0.0,0.0,0.0,0.0,0.0,0.0,0.0,0.0,0.0
131,0.0,0.0,0.0,0.0,0.0,0.0,0.0,0.0,0.0,0.0,0.0,0.0,0.0,0.0,0.0,0.0,0.0,0.0,0.0,0.0,0.0,0.0,0.0,0.0,0.0,0.0,0.0,0.0,0.0,0.0,0.0,0.0,0.0,0.0,0.0,0.0,0.0,0.0,0.0,0.0,0.0,0.0,0.0,0.0,0.0,0.0,0.0,0.0,0.0,0.0,0.0,0.0,0.0,0.0,0.0,0.0,0.0,0.0,0.0,0.0,0.0,0.0,0.0,0.0
132,0.0,0.22,0.21,0.0,0.0,0.19,0.0,0.0,0.27,0.44,0.26,0.33,0.5,0.35,0.32,0.29,0.31,0.41,0.4,0.3,0.43,0.37,0.51,0.28,0.12,0.22,0.0,0.0,0.27,0.22,0.22,0.0,0.0,0.0,0.0,0.24,0.25,0.26,0.3,0.27,0.24,0.31,0.26,0.29,0.27,0.26,0.22,0.0,0.0,0.18,0.17,0.13,0.24,0.17,0.22,0.11,0.0,0.19,0.18,0.18,0.14,0.18,0.21,0.18
133,0.0,0.4,0.41,0.0,0.0,0.43,0.0,0.0,0.52,0.68,0.54,0.66,0.65,0.53,0.52,0.51,0.58,0.67,0.67,0.52,0.63,0.52,0.68,0.41,0.41,0.44,0.0,0.0,0.36,0.43,0.46,0.0,0.0,0.0,0.0,0.47,0.43,0.48,0.38,0.52,0.43,0.38,0.39,0.44,0.41,0.39,0.42,0.0,0.0,0.47,0.29,0.46,0.55,0.39,0.65,0.53,0.0,0.58,0.28,0.64,0.3,0.34,0.35,0.28
134,0.0,0.62,0.62,0.0,0.0,0.36,0.0,0.0,0.5,0.74,0.45,0.7,0.62,0.59,0.49,0.44,0.56,0.72,0.74,0.46,0.73,0.62,0.72,0.37,0.28,0.5,0.0,0.0,0.42,0.61,0.51,0.0,0.0,0.0,0.0,0.48,0.39,0.39,0.44,0.44,0.4,0.44,0.43,0.35,0.37,0.4,0.4,0.0,0.0,0.35,0.56,0.33,0.72,0.67,0.74,0.66,0.0,0.67,0.55,0.72,0.54,0.61,0.45,0.54
135,0.0,0.5,0.53,0.0,0.0,0.44,0.0,0.0,0.53,0.78,0.54,0.78,0.67,0.52,0.5,0.48,0.75,0.78,0.8,0.49,0.78,0.55,0.72,0.47,0.32,0.6,0.0,0.0,0.66,0.49,0.54,0.0,0.0,0.0,0.0,0.5,0.49,0.68,0.57,0.7,0.71,0.56,0.53,0.44,0.48,0.56,0.39,0.0,0.0,0.4,0.67,0.73,0.76,0.72,0.74,0.37,0.0,0.52,0.63,0.16,0.76,0.62,0.7,0.74
136,0.0,0.66,0.7,0.0,0.0,0.41,0.0,0.0,0.72,0.78,0.71,0.73,0.64,0.71,0.55,0.56,0.72,0.81,0.82,0.66,0.79,0.69,0.76,0.52,0.43,0.72,0.0,0.0,0.72,0.67,0.65,0.0,0.0,0.0,0.0,0.51,0.73,0.76,0.71,0.77,0.78,0.67,0.75,0.48,0.62,0.77,0.4,0.0,0.0,0.4,0.31,0.78,0.09,0.56,0.18,0.18,0.0,0.2,0.19,0.08,0.12,0.41,0.77,0.12
137,0.0,0.77,0.77,0.0,0.0,0.38,0.0,0.0,0.73,0.78,0.64,0.7,0.73,0.73,0.72,0.08,0.18,0.78,0.78,0.17,0.08,0.73,0.69,0.18,0.4,0.78,0.0,0.0,0.75,0.77,0.77,0.0,0.0,0.0,0.0,0.6,0.76,0.61,0.3,0.66,0.52,0.37,0.17,0.57,0.24,0.18,0.39,0.0,0.0,0.36,0.41,0.21,0.06,0.77,0.05,0.12,0.0,0.31,0.31,0.17,0.08,0.37,0.75,0.1
138,0.0,0.73,0.73,0.0,0.0,0.66,0.0,0.0,0.16,0.04,0.13,0.05,0.39,0.08,0.06,0.05,0.05,0.69,0.72,0.06,0.03,0.59,0.56,0.12,0.33,0.74,0.0,0.0,0.25,0.73,0.73,0.0,0.0,0.0,0.0,0.73,0.53,0.24,0.14,0.12,0.1,0.1,0.06,0.66,0.13,0.1,0.67,0.0,0.0,0.62,0.76,0.75,0.15,0.7,0.04,0.25,0.0,0.68,0.24,0.21,0.16,0.75,0.71,0.15
139,0.0,0.63,0.64,0.0,0.0,0.61,0.0,0.0,0.03,0.01,0.03,0.01,0.27,0.02,0.04,0.03,0.02,0.38,0.03,0.03,0.01,0.03,0.27,0.11,0.43,0.64,0.0,0.0,0.1,0.63,0.63,0.0,0.0,0.0,0.0,0.62,0.44,0.04,0.62,0.04,0.02,0.14,0.08,0.48,0.18,0.62,0.61,0.0,0.0,0.61,0.64,0.64,0.04,0.6,0.07,0.15,0.0,0.24,0.61,0.6,0.14,0.63,0.27,0.15
140,0.0,0.5,0.49,0.0,0.0,0.45,0.0,0.0,0.0,0.0,0.0,0.0,0.0,0.0,0.0,0.0,0.0,0.0,0.0,0.0,0.0,0.0,0.0,0.03,0.38,0.48,0.0,0.0,0.07,0.5,0.48,0.0,0.0,0.0,0.0,0.37,0.04,0.0,0.42,0.0,0.0,0.4,0.11,0.05,0.03,0.41,0.45,0.0,0.0,0.44,0.43,0.47,0.01,0.1,0.04,0.06,0.0,0.09,0.42,0.01,0.1,0.42,0.46,0.42
141,0.0,0.0,0.0,0.0,0.0,0.0,0.0,0.0,0.0,0.0,0.0,0.0,0.0,0.0,0.0,0.0,0.0,0.0,0.0,0.0,0.0,0.0,0.0,0.0,0.0,0.0,0.0,0.0,0.0,0.0,0.0,0.0,0.0,0.0,0.0,0.0,0.0,0.0,0.0,0.0,0.0,0.0,0.0,0.0,0.0,0.0,0.0,0.0,0.0,0.0,0.0,0.0,0.0,0.0,0.0,0.0,0.0,0.0,0.0,0.0,0.0,0.0,0.0,0.0
142,0.0,0.0,0.0,0.0,0.0,0.0,0.0,0.0,0.0,0.0,0.0,0.0,0.0,0.0,0.0,0.0,0.0,0.0,0.0,0.0,0.0,0.0,0.0,0.0,0.0,0.0,0.0,0.0,0.0,0.0,0.0,0.0,0.0,0.0,0.0,0.0,0.0,0.0,0.0,0.0,0.0,0.0,0.0,0.0,0.0,0.0,0.0,0.0,0.0,0.0,0.0,0.0,0.0,0.0,0.0,0.0,0.0,0.0,0.0,0.0,0.0,0.0,0.0,0.0
143,0.0,0.0,0.0,0.0,0.0,0.0,0.0,0.0,0.0,0.0,0.0,0.0,0.0,0.0,0.0,0.0,0.0,0.0,0.0,0.0,0.0,0.0,0.0,0.0,0.0,0.0,0.0,0.0,0.0,0.0,0.0,0.0,0.0,0.0,0.0,0.0,0.0,0.0,0.0,0.0,0.0,0.0,0.0,0.0,0.0,0.0,0.0,0.0,0.0,0.0,0.0,0.0,0.0,0.0,0.0,0.0,0.0,0.0,0.0,0.0,0.0,0.0,0.0,0.0
144,0.0,0.0,0.0,0.0,0.0,0.0,0.0,0.0,0.0,0.0,0.0,0.0,0.0,0.0,0.0,0.0,0.0,0.0,0.0,0.0,0.0,0.0,0.0,0.0,0.0,0.0,0.0,0.0,0.0,0.0,0.0,0.0,0.0,0.0,0.0,0.0,0.0,0.0,0.0,0.0,0.0,0.0,0.0,0.0,0.0,0.0,0.0,0.0,0.0,0.0,0.0,0.0,0.0,0.0,0.0,0.0,0.0,0.0,0.0,0.0,0.0,0.0,0.0,0.0
145,0.0,0.0,0.0,0.0,0.0,0.0,0.0,0.0,0.0,0.0,0.0,0.0,0.0,0.0,0.0,0.0,0.0,0.0,0.0,0.0,0.0,0.0,0.0,0.0,0.0,0.0,0.0,0.0,0.0,0.0,0.0,0.0,0.0,0.0,0.0,0.0,0.0,0.0,0.0,0.0,0.0,0.0,0.0,0.0,0.0,0.0,0.0,0.0,0.0,0.0,0.0,0.0,0.0,0.0,0.0,0.0,0.0,0.0,0.0,0.0,0.0,0.0,0.0,0.0
146,0.0,0.0,0.0,0.0,0.0,0.0,0.0,0.0,0.0,0.0,0.0,0.0,0.0,0.0,0.0,0.0,0.0,0.0,0.0,0.0,0.0,0.0,0.0,0.0,0.0,0.0,0.0,0.0,0.0,0.0,0.0,0.0,0.0,0.0,0.0,0.0,0.0,0.0,0.0,0.0,0.0,0.0,0.0,0.0,0.0,0.0,0.0,0.0,0.0,0.0,0.0,0.0,0.0,0.0,0.0,0.0,0.0,0.0,0.0,0.0,0.0,0.0,0.0,0.0
147,0.0,0.0,0.0,0.0,0.0,0.0,0.0,0.0,0.0,0.0,0.0,0.0,0.0,0.0,0.0,0.0,0.0,0.0,0.0,0.0,0.0,0.0,0.0,0.0,0.0,0.0,0.0,0.0,0.0,0.0,0.0,0.0,0.0,0.0,0.0,0.0,0.0,0.0,0.0,0.0,0.0,0.0,0.0,0.0,0.0,0.0,0.0,0.0,0.0,0.0,0.0,0.0,0.0,0.0,0.0,0.0,0.0,0.0,0.0,0.0,0.0,0.0,0.0,0.0
148,0.0,0.0,0.0,0.0,0.0,0.0,0.0,0.0,0.0,0.0,0.0,0.0,0.0,0.0,0.0,0.0,0.0,0.0,0.0,0.0,0.0,0.0,0.0,0.0,0.0,0.0,0.0,0.0,0.0,0.0,0.0,0.0,0.0,0.0,0.0,0.0,0.0,0.0,0.0,0.0,0.0,0.0,0.0,0.0,0.0,0.0,0.0,0.0,0.0,0.0,0.0,0.0,0.0,0.0,0.0,0.0,0.0,0.0,0.0,0.0,0.0,0.0,0.0,0.0
149,0.0,0.0,0.0,0.0,0.0,0.0,0.0,0.0,0.0,0.0,0.0,0.0,0.0,0.0,0.0,0.0,0.0,0.0,0.0,0.0,0.0,0.0,0.0,0.0,0.0,0.0,0.0,0.0,0.0,0.0,0.0,0.0,0.0,0.0,0.0,0.0,0.0,0.0,0.0,0.0,0.0,0.0,0.0,0.0,0.0,0.0,0.0,0.0,0.0,0.0,0.0,0.0,0.0,0.0,0.0,0.0,0.0,0.0,0.0,0.0,0.0,0.0,0.0,0.0
150,0.0,0.0,0.0,0.0,0.0,0.0,0.0,0.0,0.0,0.0,0.0,0.0,0.0,0.0,0.0,0.0,0.0,0.0,0.0,0.0,0.0,0.0,0.0,0.0,0.0,0.0,0.0,0.0,0.0,0.0,0.0,0.0,0.0,0.0,0.0,0.0,0.0,0.0,0.0,0.0,0.0,0.0,0.0,0.0,0.0,0.0,0.0,0.0,0.0,0.0,0.0,0.0,0.0,0.0,0.0,0.0,0.0,0.0,0.0,0.0,0.0,0.0,0.0,0.0
151,0.0,0.0,0.0,0.0,0.0,0.0,0.0,0.0,0.0,0.0,0.0,0.0,0.0,0.0,0.0,0.0,0.0,0.0,0.0,0.0,0.0,0.0,0.0,0.0,0.0,0.0,0.0,0.0,0.0,0.0,0.0,0.0,0.0,0.0,0.0,0.0,0.0,0.0,0.0,0.0,0.0,0.0,0.0,0.0,0.0,0.0,0.0,0.0,0.0,0.0,0.0,0.0,0.0,0.0,0.0,0.0,0.0,0.0,0.0,0.0,0.0,0.0,0.0,0.0
152,0.0,0.0,0.0,0.0,0.0,0.0,0.0,0.0,0.0,0.0,0.0,0.0,0.0,0.0,0.0,0.0,0.0,0.0,0.0,0.0,0.0,0.0,0.0,0.0,0.0,0.0,0.0,0.0,0.0,0.0,0.0,0.0,0.0,0.0,0.0,0.0,0.0,0.0,0.0,0.0,0.0,0.0,0.0,0.0,0.0,0.0,0.0,0.0,0.0,0.0,0.0,0.0,0.0,0.0,0.0,0.0,0.0,0.0,0.0,0.0,0.0,0.0,0.0,0.0
153,0.0,0.0,0.0,0.0,0.0,0.0,0.0,0.0,0.0,0.0,0.0,0.0,0.0,0.0,0.0,0.0,0.0,0.0,0.0,0.0,0.0,0.0,0.0,0.0,0.0,0.0,0.0,0.0,0.0,0.0,0.0,0.0,0.0,0.0,0.0,0.0,0.0,0.0,0.0,0.0,0.0,0.0,0.0,0.0,0.0,0.0,0.0,0.0,0.0,0.0,0.0,0.0,0.0,0.0,0.0,0.0,0.0,0.0,0.0,0.0,0.0,0.0,0.0,0.0
154,0.0,0.0,0.0,0.0,0.0,0.0,0.0,0.0,0.0,0.0,0.0,0.0,0.0,0.0,0.0,0.0,0.0,0.0,0.0,0.0,0.0,0.0,0.0,0.0,0.0,0.0,0.0,0.0,0.0,0.0,0.0,0.0,0.0,0.0,0.0,0.0,0.0,0.0,0.0,0.0,0.0,0.0,0.0,0.0,0.0,0.0,0.0,0.0,0.0,0.0,0.0,0.0,0.0,0.0,0.0,0.0,0.0,0.0,0.0,0.0,0.0,0.0,0.0,0.0
155,0.0,0.0,0.0,0.0,0.0,0.0,0.0,0.0,0.0,0.0,0.0,0.0,0.0,0.0,0.0,0.0,0.0,0.0,0.0,0.0,0.0,0.0,0.0,0.0,0.0,0.0,0.0,0.0,0.0,0.0,0.0,0.0,0.0,0.0,0.0,0.0,0.0,0.0,0.0,0.0,0.0,0.0,0.0,0.0,0.0,0.0,0.0,0.0,0.0,0.0,0.0,0.0,0.0,0.0,0.0,0.0,0.0,0.0,0.0,0.0,0.0,0.0,0.0,0.0
156,0.0,0.37,0.37,0.0,0.0,0.43,0.0,0.0,0.45,0.38,0.44,0.48,0.5,0.47,0.48,0.48,0.46,0.48,0.48,0.47,0.42,0.48,0.5,0.46,0.4,0.36,0.0,0.0,0.38,0.36,0.38,0.0,0.0,0.0,0.0,0.34,0.45,0.46,0.42,0.46,0.45,0.42,0.44,0.44,0.46,0.43,0.45,0.0,0.0,0.44,0.38,0.39,0.38,0.35,0.38,0.29,0.0,0.35,0.38,0.35,0.39,0.37,0.39,0.39
157,0.0,0.6,0.59,0.0,0.0,0.61,0.0,0.0,0.65,0.48,0.64,0.69,0.67,0.66,0.68,0.68,0.68,0.69,0.7,0.67,0.68,0.67,0.68,0.66,0.47,0.51,0.0,0.0,0.53,0.62,0.54,0.0,0.0,0.0,0.0,0.55,0.67,0.67,0.67,0.68,0.66,0.66,0.68,0.66,0.66,0.68,0.56,0.0,0.0,0.5,0.69,0.68,0.66,0.66,0.67,0.65,0.0,0.65,0.68,0.66,0.68,0.68,0.66,0.68
158,0.0,0.71,0.72,0.0,0.0,0.66,0.0,0.0,0.71,0.76,0.72,0.78,0.75,0.74,0.74,0.74,0.75,0.77,0.78,0.74,0.77,0.74,0.76,0.72,0.63,0.72,0.0,0.0,0.66,0.71,0.72,0.0,0.0,0.0,0.0,0.7,0.74,0.73,0.71,0.73,0.75,0.71,0.75,0.71,0.73,0.75,0.68,0.0,0.0,0.67,0.77,0.76,0.76,0.75,0.76,0.74,0.0,0.74,0.76,0.74,0.77,0.77,0.72,0.76
159,0.0,0.73,0.74,0.0,0.0,0.67,0.0,0.0,0.72,0.79,0.74,0.8,0.77,0.76,0.76,0.76,0.76,0.79,0.81,0.74,0.8,0.76,0.78,0.74,0.64,0.76,0.0,0.0,0.75,0.74,0.75,0.0,0.0,0.0,0.0,0.75,0.76,0.73,0.74,0.77,0.78,0.75,0.74,0.72,0.74,0.75,0.66,0.0,0.0,0.67,0.78,0.77,0.77,0.77,0.79,0.76,0.0,0.76,0.76,0.77,0.79,0.79,0.72,0.77
160,0.0,0.73,0.76,0.0,0.0,0.57,0.0,0.0,0.76,0.38,0.77,0.79,0.78,0.75,0.75,0.73,0.78,0.79,0.81,0.73,0.8,0.76,0.79,0.76,0.64,0.72,0.0,0.0,0.78,0.74,0.73,0.0,0.0,0.0,0.0,0.78,0.78,0.78,0.79,0.78,0.78,0.79,0.78,0.78,0.76,0.8,0.56,0.0,0.0,0.58,0.77,0.79,0.78,0.74,0.8,0.77,0.0,0.77,0.76,0.79,0.8,0.75,0.8,0.78
161,0.0,0.76,0.76,0.0,0.0,0.66,0.0,0.0,0.76,0.44,0.76,0.78,0.74,0.73,0.71,0.71,0.75,0.77,0.28,0.74,0.78,0.72,0.76,0.75,0.6,0.76,0.0,0.0,0.76,0.77,0.75,0.0,0.0,0.0,0.0,0.72,0.76,0.76,0.77,0.76,0.77,0.78,0.76,0.75,0.75,0.78,0.68,0.0,0.0,0.67,0.77,0.79,0.77,0.77,0.78,0.76,0.0,0.76,0.75,0.77,0.77,0.76,0.78,0.76
162,0.0,0.71,0.7,0.0,0.0,0.66,0.0,0.0,0.7,0.28,0.69,0.72,0.68,0.68,0.68,0.69,0.72,0.71,0.32,0.69,0.72,0.68,0.69,0.7,0.63,0.68,0.0,0.0,0.67,0.7,0.69,0.0,0.0,0.0,0.0,0.7,0.7,0.68,0.72,0.72,0.64,0.72,0.71,0.69,0.7,0.73,0.7,0.0,0.0,0.7,0.75,0.74,0.72,0.72,0.73,0.7,0.0,0.72,0.73,0.72,0.71,0.74,0.7,0.72
163,0.0,0.62,0.63,0.0,0.0,0.5,0.0,0.0,0.58,0.54,0.58,0.6,0.52,0.53,0.51,0.53,0.6,0.55,0.57,0.55,0.58,0.52,0.52,0.59,0.49,0.6,0.0,0.0,0.62,0.59,0.6,0.0,0.0,0.0,0.0,0.62,0.58,0.51,0.62,0.6,0.52,0.62,0.61,0.59,0.59,0.62,0.52,0.0,0.0,0.52,0.62,0.64,0.62,0.63,0.62,0.6,0.0,0.62,0.58,0.61,0.52,0.64,0.62,0.53
164,0.0,0.5,0.5,0.0,0.0,0.28,0.0,0.0,0.01,0.0,0.03,0.01,0.0,0.0,0.0,0.01,0.01,0.0,0.0,0.01,0.0,0.0,0.0,0.06,0.23,0.5,0.0,0.0,0.48,0.49,0.49,0.0,0.0,0.0,0.0,0.45,0.36,0.04,0.44,0.04,0.04,0.43,0.41,0.34,0.06,0.44,0.28,0.0,0.0,0.27,0.19,0.48,0.07,0.42,0.05,0.36,0.0,0.4,0.1,0.06,0.4,0.43,0.49,0.36
165,0.0,0.0,0.0,0.0,0.0,0.0,0.0,0.0,0.0,0.0,0.0,0.0,0.0,0.0,0.0,0.0,0.0,0.0,0.0,0.0,0.0,0.0,0.0,0.0,0.0,0.0,0.0,0.0,0.0,0.0,0.0,0.0,0.0,0.0,0.0,0.0,0.0,0.0,0.0,0.0,0.0,0.0,0.0,0.0,0.0,0.0,0.0,0.0,0.0,0.0,0.0,0.0,0.0,0.0,0.0,0.0,0.0,0.0,0.0,0.0,0.0,0.0,0.0,0.0
166,0.0,0.0,0.0,0.0,0.0,0.0,0.0,0.0,0.0,0.0,0.0,0.0,0.0,0.0,0.0,0.0,0.0,0.0,0.0,0.0,0.0,0.0,0.0,0.0,0.0,0.0,0.0,0.0,0.0,0.0,0.0,0.0,0.0,0.0,0.0,0.0,0.0,0.0,0.0,0.0,0.0,0.0,0.0,0.0,0.0,0.0,0.0,0.0,0.0,0.0,0.0,0.0,0.0,0.0,0.0,0.0,0.0,0.0,0.0,0.0,0.0,0.0,0.0,0.0
167,0.0,0.0,0.0,0.0,0.0,0.0,0.0,0.0,0.0,0.0,0.0,0.0,0.0,0.0,0.0,0.0,0.0,0.0,0.0,0.0,0.0,0.0,0.0,0.0,0.0,0.0,0.0,0.0,0.0,0.0,0.0,0.0,0.0,0.0,0.0,0.0,0.0,0.0,0.0,0.0,0.0,0.0,0.0,0.0,0.0,0.0,0.0,0.0,0.0,0.0,0.0,0.0,0.0,0.0,0.0,0.0,0.0,0.0,0.0,0.0,0.0,0.0,0.0,0.0
168,0.0,0.0,0.0,0.0,0.0,0.0,0.0,0.0,0.0,0.0,0.0,0.0,0.0,0.0,0.0,0.0,0.0,0.0,0.0,0.0,0.0,0.0,0.0,0.0,0.0,0.0,0.0,0.0,0.0,0.0,0.0,0.0,0.0,0.0,0.0,0.0,0.0,0.0,0.0,0.0,0.0,0.0,0.0,0.0,0.0,0.0,0.0,0.0,0.0,0.0,0.0,0.0,0.0,0.0,0.0,0.0,0.0,0.0,0.0,0.0,0.0,0.0,0.0,0.0
169,0.0,0.0,0.0,0.0,0.0,0.0,0.0,0.0,0.0,0.0,0.0,0.0,0.0,0.0,0.0,0.0,0.0,0.0,0.0,0.0,0.0,0.0,0.0,0.0,0.0,0.0,0.0,0.0,0.0,0.0,0.0,0.0,0.0,0.0,0.0,0.0,0.0,0.0,0.0,0.0,0.0,0.0,0.0,0.0,0.0,0.0,0.0,0.0,0.0,0.0,0.0,0.0,0.0,0.0,0.0,0.0,0.0,0.0,0.0,0.0,0.0,0.0,0.0,0.0
170,0.0,0.0,0.0,0.0,0.0,0.0,0.0,0.0,0.0,0.0,0.0,0.0,0.0,0.0,0.0,0.0,0.0,0.0,0.0,0.0,0.0,0.0,0.0,0.0,0.0,0.0,0.0,0.0,0.0,0.0,0.0,0.0,0.0,0.0,0.0,0.0,0.0,0.0,0.0,0.0,0.0,0.0,0.0,0.0,0.0,0.0,0.0,0.0,0.0,0.0,0.0,0.0,0.0,0.0,0.0,0.0,0.0,0.0,0.0,0.0,0.0,0.0,0.0,0.0
171,0.0,0.0,0.0,0.0,0.0,0.0,0.0,0.0,0.0,0.0,0.0,0.0,0.0,0.0,0.0,0.0,0.0,0.0,0.0,0.0,0.0,0.0,0.0,0.0,0.0,0.0,0.0,0.0,0.0,0.0,0.0,0.0,0.0,0.0,0.0,0.0,0.0,0.0,0.0,0.0,0.0,0.0,0.0,0.0,0.0,0.0,0.0,0.0,0.0,0.0,0.0,0.0,0.0,0.0,0.0,0.0,0.0,0.0,0.0,0.0,0.0,0.0,0.0,0.0
172,0.0,0.0,0.0,0.0,0.0,0.0,0.0,0.0,0.0,0.0,0.0,0.0,0.0,0.0,0.0,0.0,0.0,0.0,0.0,0.0,0.0,0.0,0.0,0.0,0.0,0.0,0.0,0.0,0.0,0.0,0.0,0.0,0.0,0.0,0.0,0.0,0.0,0.0,0.0,0.0,0.0,0.0,0.0,0.0,0.0,0.0,0.0,0.0,0.0,0.0,0.0,0.0,0.0,0.0,0.0,0.0,0.0,0.0,0.0,0.0,0.0,0.0,0.0,0.0
173,0.0,0.0,0.0,0.0,0.0,0.0,0.0,0.0,0.0,0.0,0.0,0.0,0.0,0.0,0.0,0.0,0.0,0.0,0.0,0.0,0.0,0.0,0.0,0.0,0.0,0.0,0.0,0.0,0.0,0.0,0.0,0.0,0.0,0.0,0.0,0.0,0.0,0.0,0.0,0.0,0.0,0.0,0.0,0.0,0.0,0.0,0.0,0.0,0.0,0.0,0.0,0.0,0.0,0.0,0.0,0.0,0.0,0.0,0.0,0.0,0.0,0.0,0.0,0.0
174,0.0,0.0,0.0,0.0,0.0,0.0,0.0,0.0,0.0,0.0,0.0,0.0,0.0,0.0,0.0,0.0,0.0,0.0,0.0,0.0,0.0,0.0,0.0,0.0,0.0,0.0,0.0,0.0,0.0,0.0,0.0,0.0,0.0,0.0,0.0,0.0,0.0,0.0,0.0,0.0,0.0,0.0,0.0,0.0,0.0,0.0,0.0,0.0,0.0,0.0,0.0,0.0,0.0,0.0,0.0,0.0,0.0,0.0,0.0,0.0,0.0,0.0,0.0,0.0
175,0.0,0.0,0.0,0.0,0.0,0.0,0.0,0.0,0.0,0.0,0.0,0.0,0.0,0.0,0.0,0.0,0.0,0.0,0.0,0.0,0.0,0.0,0.0,0.0,0.0,0.0,0.0,0.0,0.0,0.0,0.0,0.0,0.0,0.0,0.0,0.0,0.0,0.0,0.0,0.0,0.0,0.0,0.0,0.0,0.0,0.0,0.0,0.0,0.0,0.0,0.0,0.0,0.0,0.0,0.0,0.0,0.0,0.0,0.0,0.0,0.0,0.0,0.0,0.0
176,0.0,0.0,0.0,0.0,0.0,0.0,0.0,0.0,0.0,0.0,0.0,0.0,0.0,0.0,0.0,0.0,0.0,0.0,0.0,0.0,0.0,0.0,0.0,0.0,0.0,0.0,0.0,0.0,0.0,0.0,0.0,0.0,0.0,0.0,0.0,0.0,0.0,0.0,0.0,0.0,0.0,0.0,0.0,0.0,0.0,0.0,0.0,0.0,0.0,0.0,0.0,0.0,0.0,0.0,0.0,0.0,0.0,0.0,0.0,0.0,0.0,0.0,0.0,0.0
177,0.0,0.0,0.0,0.0,0.0,0.0,0.0,0.0,0.0,0.0,0.0,0.0,0.0,0.0,0.0,0.0,0.0,0.0,0.0,0.0,0.0,0.0,0.0,0.0,0.0,0.0,0.0,0.0,0.0,0.0,0.0,0.0,0.0,0.0,0.0,0.0,0.0,0.0,0.0,0.0,0.0,0.0,0.0,0.0,0.0,0.0,0.0,0.0,0.0,0.0,0.0,0.0,0.0,0.0,0.0,0.0,0.0,0.0,0.0,0.0,0.0,0.0,0.0,0.0
178,0.0,0.0,0.0,0.0,0.0,0.0,0.0,0.0,0.0,0.0,0.0,0.0,0.0,0.0,0.0,0.0,0.0,0.0,0.0,0.0,0.0,0.0,0.0,0.0,0.0,0.0,0.0,0.0,0.0,0.0,0.0,0.0,0.0,0.0,0.0,0.0,0.0,0.0,0.0,0.0,0.0,0.0,0.0,0.0,0.0,0.0,0.0,0.0,0.0,0.0,0.0,0.0,0.0,0.0,0.0,0.0,0.0,0.0,0.0,0.0,0.0,0.0,0.0,0.0
179,0.0,0.0,0.0,0.0,0.0,0.0,0.0,0.0,0.0,0.0,0.0,0.0,0.0,0.0,0.0,0.0,0.0,0.0,0.0,0.0,0.0,0.0,0.0,0.0,0.0,0.0,0.0,0.0,0.0,0.0,0.0,0.0,0.0,0.0,0.0,0.0,0.0,0.0,0.0,0.0,0.0,0.0,0.0,0.0,0.0,0.0,0.0,0.0,0.0,0.0,0.0,0.0,0.0,0.0,0.0,0.0,0.0,0.0,0.0,0.0,0.0,0.0,0.0,0.0
180,0.0,0.02,0.02,0.0,0.0,0.02,0.0,0.0,0.1,0.01,0.08,0.13,0.17,0.14,0.16,0.22,0.16,0.12,0.1,0.11,0.08,0.17,0.17,0.09,0.06,0.02,0.0,0.0,0.04,0.05,0.02,0.0,0.0,0.0,0.0,0.08,0.05,0.22,0.14,0.24,0.09,0.13,0.13,0.13,0.09,0.15,0.03,0.0,0.0,0.02,0.07,0.02,0.06,0.03,0.04,0.01,0.0,0.03,0.08,0.02,0.11,0.06,0.08,0.08
181,0.0,0.21,0.25,0.0,0.0,0.14,0.0,0.0,0.21,0.38,0.2,0.28,0.47,0.06,0.25,0.2,0.31,0.29,0.28,0.2,0.35,0.06,0.31,0.24,0.2,0.13,0.0,0.0,0.11,0.18,0.13,0.0,0.0,0.0,0.0,0.26,0.22,0.28,0.14,0.32,0.18,0.12,0.17,0.19,0.22,0.17,0.18,0.0,0.0,0.17,0.3,0.2,0.34,0.28,0.17,0.31,0.0,0.28,0.26,0.27,0.17,0.3,0.12,0.23
182,0.0,0.34,0.36,0.0,0.0,0.4,0.0,0.0,0.26,0.62,0.26,0.44,0.55,0.24,0.26,0.29,0.42,0.39,0.4,0.27,0.55,0.24,0.37,0.22,0.24,0.27,0.0,0.0,0.29,0.35,0.27,0.0,0.0,0.0,0.0,0.32,0.22,0.25,0.27,0.25,0.06,0.25,0.25,0.19,0.22,0.26,0.4,0.0,0.0,0.44,0.34,0.18,0.53,0.43,0.17,0.31,0.0,0.54,0.31,0.35,0.28,0.32,0.33,0.27
183,0.0,0.16,0.14,0.0,0.0,0.23,0.0,0.0,0.37,0.75,0.37,0.5,0.38,0.4,0.38,0.31,0.42,0.49,0.36,0.37,0.66,0.42,0.54,0.3,0.26,0.22,0.0,0.0,0.22,0.18,0.22,0.0,0.0,0.0,0.0,0.23,0.28,0.4,0.26,0.39,0.1,0.23,0.27,0.3,0.29,0.19,0.21,0.0,0.0,0.26,0.4,0.28,0.42,0.11,0.19,0.17,0.0,0.18,0.4,0.3,0.39,0.22,0.16,0.38
184,0.0,0.34,0.32,0.0,0.0,0.13,0.0,0.0,0.4,0.8,0.4,0.53,0.49,0.43,0.36,0.31,0.38,0.59,0.37,0.37,0.39,0.48,0.39,0.33,0.1,0.3,0.0,0.0,0.27,0.35,0.33,0.0,0.0,0.0,0.0,0.3,0.37,0.46,0.33,0.44,0.42,0.3,0.35,0.29,0.34,0.35,0.2,0.0,0.0,0.18,0.21,0.33,0.27,0.09,0.63,0.28,0.0,0.3,0.2,0.22,0.43,0.1,0.3,0.41
185,0.0,0.27,0.28,0.0,0.0,0.12,0.0,0.0,0.4,0.79,0.45,0.36,0.44,0.4,0.4,0.39,0.24,0.45,0.25,0.38,0.18,0.4,0.58,0.38,0.08,0.27,0.0,0.0,0.26,0.27,0.27,0.0,0.0,0.0,0.0,0.26,0.4,0.53,0.31,0.6,0.41,0.29,0.35,0.28,0.42,0.34,0.2,0.0,0.0,0.19,0.27,0.31,0.22,0.33,0.32,0.7,0.0,0.16,0.11,0.05,0.1,0.21,0.29,0.1
186,0.0,0.19,0.22,0.0,0.0,0.27,0.0,0.0,0.32,0.76,0.33,0.22,0.42,0.4,0.34,0.33,0.08,0.32,0.2,0.32,0.21,0.41,0.3,0.34,0.25,0.28,0.0,0.0,0.31,0.19,0.26,0.0,0.0,0.0,0.0,0.28,0.32,0.33,0.33,0.33,0.35,0.32,0.33,0.27,0.33,0.35,0.28,0.0,0.0,0.25,0.33,0.16,0.1,0.44,0.16,0.72,0.0,0.16,0.31,0.04,0.18,0.34,0.28,0.28
187,0.0,0.11,0.11,0.0,0.0,0.03,0.0,0.0,0.22,0.62,0.28,0.14,0.29,0.24,0.23,0.25,0.04,0.15,0.14,0.22,0.62,0.25,0.34,0.11,0.09,0.21,0.0,0.0,0.16,0.12,0.2,0.0,0.0,0.0,0.0,0.2,0.26,0.27,0.27,0.26,0.27,0.25,0.26,0.18,0.1,0.28,0.06,0.0,0.0,0.04,0.37,0.11,0.04,0.42,0.18,0.66,0.0,0.16,0.35,0.29,0.32,0.4,0.3,0.34
188,0.0,0.02,0.02,0.0,0.0,0.1,0.0,0.0,0.0,0.0,0.01,0.0,0.0,0.0,0.0,0.0,0.0,0.0,0.0,0.0,0.0,0.0,0.0,0.0,0.01,0.09,0.0,0.0,0.08,0.04,0.08,0.0,0.0,0.0,0.0,0.07,0.01,0.01,0.06,0.01,0.06,0.06,0.02,0.01,0.01,0.03,0.07,0.0,0.0,0.07,0.16,0.07,0.11,0.23,0.03,0.29,0.0,0.01,0.03,0.07,0.11,0.16,0.01,0.11
189,0.0,0.0,0.0,0.0,0.0,0.0,0.0,0.0,0.0,0.0,0.0,0.0,0.0,0.0,0.0,0.0,0.0,0.0,0.0,0.0,0.0,0.0,0.0,0.0,0.0,0.0,0.0,0.0,0.0,0.0,0.0,0.0,0.0,0.0,0.0,0.0,0.0,0.0,0.0,0.0,0.0,0.0,0.0,0.0,0.0,0.0,0.0,0.0,0.0,0.0,0.0,0.0,0.0,0.0,0.0,0.0,0.0,0.0,0.0,0.0,0.0,0.0,0.0,0.0
190,0.0,0.0,0.0,0.0,0.0,0.0,0.0,0.0,0.0,0.0,0.0,0.0,0.0,0.0,0.0,0.0,0.0,0.0,0.0,0.0,0.0,0.0,0.0,0.0,0.0,0.0,0.0,0.0,0.0,0.0,0.0,0.0,0.0,0.0,0.0,0.0,0.0,0.0,0.0,0.0,0.0,0.0,0.0,0.0,0.0,0.0,0.0,0.0,0.0,0.0,0.0,0.0,0.0,0.0,0.0,0.0,0.0,0.0,0.0,0.0,0.0,0.0,0.0,0.0
191,0.0,0.0,0.0,0.0,0.0,0.0,0.0,0.0,0.0,0.0,0.0,0.0,0.0,0.0,0.0,0.0,0.0,0.0,0.0,0.0,0.0,0.0,0.0,0.0,0.0,0.0,0.0,0.0,0.0,0.0,0.0,0.0,0.0,0.0,0.0,0.0,0.0,0.0,0.0,0.0,0.0,0.0,0.0,0.0,0.0,0.0,0.0,0.0,0.0,0.0,0.0,0.0,0.0,0.0,0.0,0.0,0.0,0.0,0.0,0.0,0.0,0.0,0.0,0.0
192,0.0,0.0,0.0,0.0,0.0,0.0,0.0,0.0,0.0,0.0,0.0,0.0,0.0,0.0,0.0,0.0,0.0,0.0,0.0,0.0,0.0,0.0,0.0,0.0,0.0,0.0,0.0,0.0,0.0,0.0,0.0,0.0,0.0,0.0,0.0,0.0,0.0,0.0,0.0,0.0,0.0,0.0,0.0,0.0,0.0,0.0,0.0,0.0,0.0,0.0,0.0,0.0,0.0,0.0,0.0,0.0,0.0,0.0,0.0,0.0,0.0,0.0,0.0,0.0
193,0.0,0.0,0.0,0.0,0.0,0.0,0.0,0.0,0.0,0.0,0.0,0.0,0.0,0.0,0.0,0.0,0.0,0.0,0.0,0.0,0.0,0.0,0.0,0.0,0.0,0.0,0.0,0.0,0.0,0.0,0.0,0.0,0.0,0.0,0.0,0.0,0.0,0.0,0.0,0.0,0.0,0.0,0.0,0.0,0.0,0.0,0.0,0.0,0.0,0.0,0.0,0.0,0.0,0.0,0.0,0.0,0.0,0.0,0.0,0.0,0.0,0.0,0.0,0.0
194,0.0,0.0,0.0,0.0,0.0,0.0,0.0,0.0,0.0,0.0,0.0,0.0,0.0,0.0,0.0,0.0,0.0,0.0,0.0,0.0,0.0,0.0,0.0,0.0,0.0,0.0,0.0,0.0,0.0,0.0,0.0,0.0,0.0,0.0,0.0,0.0,0.0,0.0,0.0,0.0,0.0,0.0,0.0,0.0,0.0,0.0,0.0,0.0,0.0,0.0,0.0,0.0,0.0,0.0,0.0,0.0,0.0,0.0,0.0,0.0,0.0,0.0,0.0,0.0
195,0.0,0.0,0.0,0.0,0.0,0.0,0.0,0.0,0.0,0.0,0.0,0.0,0.0,0.0,0.0,0.0,0.0,0.0,0.0,0.0,0.0,0.0,0.0,0.0,0.0,0.0,0.0,0.0,0.0,0.0,0.0,0.0,0.0,0.0,0.0,0.0,0.0,0.0,0.0,0.0,0.0,0.0,0.0,0.0,0.0,0.0,0.0,0.0,0.0,0.0,0.0,0.0,0.0,0.0,0.0,0.0,0.0,0.0,0.0,0.0,0.0,0.0,0.0,0.0
196,0.0,0.0,0.0,0.0,0.0,0.0,0.0,0.0,0.0,0.0,0.0,0.0,0.0,0.0,0.0,0.0,0.0,0.0,0.0,0.0,0.0,0.0,0.0,0.0,0.0,0.0,0.0,0.0,0.0,0.0,0.0,0.0,0.0,0.0,0.0,0.0,0.0,0.0,0.0,0.0,0.0,0.0,0.0,0.0,0.0,0.0,0.0,0.0,0.0,0.0,0.0,0.0,0.0,0.0,0.0,0.0,0.0,0.0,0.0,0.0,0.0,0.0,0.0,0.0
197,0.0,0.0,0.0,0.0,0.0,0.0,0.0,0.0,0.0,0.0,0.0,0.0,0.0,0.0,0.0,0.0,0.0,0.0,0.0,0.0,0.0,0.0,0.0,0.0,0.0,0.0,0.0,0.0,0.0,0.0,0.0,0.0,0.0,0.0,0.0,0.0,0.0,0.0,0.0,0.0,0.0,0.0,0.0,0.0,0.0,0.0,0.0,0.0,0.0,0.0,0.0,0.0,0.0,0.0,0.0,0.0,0.0,0.0,0.0,0.0,0.0,0.0,0.0,0.0
198,0.0,0.0,0.0,0.0,0.0,0.0,0.0,0.0,0.0,0.0,0.0,0.0,0.0,0.0,0.0,0.0,0.0,0.0,0.0,0.0,0.0,0.0,0.0,0.0,0.0,0.0,0.0,0.0,0.0,0.0,0.0,0.0,0.0,0.0,0.0,0.0,0.0,0.0,0.0,0.0,0.0,0.0,0.0,0.0,0.0,0.0,0.0,0.0,0.0,0.0,0.0,0.0,0.0,0.0,0.0,0.0,0.0,0.0,0.0,0.0,0.0,0.0,0.0,0.0
199,0.0,0.0,0.0,0.0,0.0,0.0,0.0,0.0,0.0,0.0,0.0,0.0,0.0,0.0,0.0,0.0,0.0,0.0,0.0,0.0,0.0,0.0,0.0,0.0,0.0,0.0,0.0,0.0,0.0,0.0,0.0,0.0,0.0,0.0,0.0,0.0,0.0,0.0,0.0,0.0,0.0,0.0,0.0,0.0,0.0,0.0,0.0,0.0,0.0,0.0,0.0,0.0,0.0,0.0,0.0,0.0,0.0,0.0,0.0,0.0,0.0,0.0,0.0,0.0
200,0.0,0.0,0.0,0.0,0.0,0.0,0.0,0.0,0.0,0.0,0.0,0.0,0.0,0.0,0.0,0.0,0.0,0.0,0.0,0.0,0.0,0.0,0.0,0.0,0.0,0.0,0.0,0.0,0.0,0.0,0.0,0.0,0.0,0.0,0.0,0.0,0.0,0.0,0.0,0.0,0.0,0.0,0.0,0.0,0.0,0.0,0.0,0.0,0.0,0.0,0.0,0.0,0.0,0.0,0.0,0.0,0.0,0.0,0.0,0.0,0.0,0.0,0.0,0.0
201,0.0,0.0,0.0,0.0,0.0,0.0,0.0,0.0,0.0,0.0,0.0,0.0,0.0,0.0,0.0,0.0,0.0,0.0,0.0,0.0,0.0,0.0,0.0,0.0,0.0,0.0,0.0,0.0,0.0,0.0,0.0,0.0,0.0,0.0,0.0,0.0,0.0,0.0,0.0,0.0,0.0,0.0,0.0,0.0,0.0,0.0,0.0,0.0,0.0,0.0,0.0,0.0,0.0,0.0,0.0,0.0,0.0,0.0,0.0,0.0,0.0,0.0,0.0,0.0
202,0.0,0.0,0.0,0.0,0.0,0.0,0.0,0.0,0.0,0.0,0.0,0.0,0.0,0.0,0.0,0.0,0.0,0.0,0.0,0.0,0.0,0.0,0.0,0.0,0.0,0.0,0.0,0.0,0.0,0.0,0.0,0.0,0.0,0.0,0.0,0.0,0.0,0.0,0.0,0.0,0.0,0.0,0.0,0.0,0.0,0.0,0.0,0.0,0.0,0.0,0.0,0.0,0.0,0.0,0.0,0.0,0.0,0.0,0.0,0.0,0.0,0.0,0.0,0.0
203,0.0,0.0,0.0,0.0,0.0,0.0,0.0,0.0,0.0,0.0,0.0,0.0,0.0,0.0,0.0,0.0,0.0,0.0,0.0,0.0,0.0,0.0,0.0,0.0,0.0,0.0,0.0,0.0,0.0,0.0,0.0,0.0,0.0,0.0,0.0,0.0,0.0,0.0,0.0,0.0,0.0,0.0,0.0,0.0,0.0,0.0,0.0,0.0,0.0,0.0,0.0,0.0,0.0,0.0,0.0,0.0,0.0,0.0,0.0,0.0,0.0,0.0,0.0,0.0
204,0.0,0.25,0.26,0.0,0.0,0.19,0.0,0.0,0.26,0.54,0.26,0.56,0.42,0.27,0.3,0.35,0.53,0.57,0.57,0.29,0.56,0.28,0.57,0.28,0.23,0.33,0.0,0.0,0.28,0.26,0.32,0.0,0.0,0.0,0.0,0.27,0.29,0.31,0.29,0.36,0.28,0.27,0.29,0.23,0.29,0.3,0.19,0.0,0.0,0.19,0.53,0.28,0.54,0.5,0.44,0.37,0.0,0.5,0.5,0.4,0.32,0.52,0.3,0.41
205,0.0,0.59,0.57,0.0,0.0,0.31,0.0,0.0,0.45,0.71,0.45,0.74,0.56,0.45,0.5,0.49,0.68,0.75,0.75,0.45,0.72,0.45,0.73,0.51,0.35,0.47,0.0,0.0,0.48,0.67,0.53,0.0,0.0,0.0,0.0,0.55,0.55,0.52,0.51,0.51,0.53,0.49,0.55,0.46,0.53,0.56,0.29,0.0,0.0,0.32,0.73,0.67,0.73,0.71,0.73,0.69,0.0,0.71,0.71,0.7,0.61,0.73,0.55,0.68
206,0.0,0.36,0.36,0.0,0.0,0.39,0.0,0.0,0.65,0.79,0.64,0.81,0.6,0.6,0.68,0.64,0.73,0.81,0.81,0.64,0.78,0.58,0.78,0.54,0.35,0.46,0.0,0.0,0.51,0.36,0.47,0.0,0.0,0.0,0.0,0.51,0.51,0.65,0.59,0.61,0.63,0.6,0.53,0.57,0.52,0.57,0.43,0.0,0.0,0.39,0.81,0.7,0.8,0.79,0.8,0.77,0.0,0.79,0.8,0.79,0.67,0.81,0.52,0.75
207,0.0,0.4,0.39,0.0,0.0,0.41,0.0,0.0,0.65,0.8,0.62,0.86,0.74,0.69,0.69,0.61,0.8,0.85,0.86,0.67,0.83,0.71,0.83,0.65,0.43,0.44,0.0,0.0,0.51,0.39,0.41,0.0,0.0,0.0,0.0,0.45,0.63,0.69,0.63,0.73,0.65,0.58,0.66,0.58,0.65,0.62,0.43,0.0,0.0,0.41,0.86,0.56,0.86,0.84,0.86,0.84,0.0,0.84,0.86,0.84,0.82,0.86,0.6,0.85
208,0.0,0.34,0.33,0.0,0.0,0.4,0.0,0.0,0.66,0.83,0.68,0.87,0.76,0.68,0.69,0.68,0.83,0.86,0.87,0.68,0.85,0.68,0.84,0.56,0.45,0.42,0.0,0.0,0.44,0.34,0.41,0.0,0.0,0.0,0.0,0.44,0.59,0.73,0.53,0.76,0.71,0.51,0.57,0.51,0.58,0.58,0.41,0.0,0.0,0.41,0.87,0.7,0.87,0.86,0.88,0.86,0.0,0.85,0.87,0.86,0.86,0.87,0.55,0.87
209,0.0,0.3,0.3,0.0,0.0,0.31,0.0,0.0,0.62,0.81,0.62,0.79,0.68,0.66,0.6,0.54,0.76,0.83,0.84,0.56,0.79,0.65,0.81,0.43,0.38,0.33,0.0,0.0,0.38,0.3,0.31,0.0,0.0,0.0,0.0,0.35,0.44,0.66,0.41,0.71,0.64,0.43,0.42,0.42,0.44,0.44,0.33,0.0,0.0,0.32,0.79,0.57,0.84,0.84,0.85,0.83,0.0,0.84,0.75,0.84,0.68,0.8,0.41,0.71
210,0.0,0.21,0.21,0.0,0.0,0.19,0.0,0.0,0.46,0.76,0.46,0.72,0.56,0.5,0.43,0.39,0.61,0.74,0.72,0.44,0.66,0.49,0.68,0.34,0.09,0.24,0.0,0.0,0.27,0.2,0.23,0.0,0.0,0.0,0.0,0.25,0.34,0.55,0.32,0.56,0.51,0.33,0.32,0.29,0.34,0.34,0.25,0.0,0.0,0.24,0.65,0.42,0.74,0.78,0.8,0.78,0.0,0.78,0.61,0.78,0.56,0.67,0.31,0.58
211,0.0,0.12,0.11,0.0,0.0,0.06,0.0,0.0,0.26,0.53,0.27,0.41,0.29,0.24,0.24,0.23,0.35,0.62,0.58,0.24,0.5,0.24,0.41,0.17,0.1,0.12,0.0,0.0,0.13,0.12,0.11,0.0,0.0,0.0,0.0,0.12,0.22,0.32,0.18,0.3,0.3,0.16,0.2,0.14,0.19,0.2,0.06,0.0,0.0,0.06,0.5,0.28,0.6,0.68,0.68,0.66,0.0,0.68,0.43,0.68,0.37,0.55,0.2,0.39
212,0.0,0.08,0.08,0.0,0.0,0.04,0.0,0.0,0.03,0.0,0.03,0.01,0.0,0.01,0.01,0.01,0.03,0.0,0.0,0.02,0.0,0.01,0.0,0.16,0.06,0.13,0.0,0.0,0.15,0.08,0.12,0.0,0.0,0.0,0.0,0.12,0.2,0.04,0.2,0.04,0.27,0.17,0.21,0.12,0.17,0.22,0.04,0.0,0.0,0.04,0.4,0.3,0.42,0.43,0.09,0.4,0.0,0.42,0.35,0.39,0.33,0.48,0.25,0.32
213,0.0,0.0,0.0,0.0,0.0,0.0,0.0,0.0,0.0,0.0,0.0,0.0,0.0,0.0,0.0,0.0,0.0,0.0,0.0,0.0,0.0,0.0,0.0,0.0,0.0,0.0,0.0,0.0,0.0,0.0,0.0,0.0,0.0,0.0,0.0,0.0,0.0,0.0,0.0,0.0,0.0,0.0,0.0,0.0,0.0,0.0,0.0,0.0,0.0,0.0,0.0,0.0,0.0,0.0,0.0,0.0,0.0,0.0,0.0,0.0,0.0,0.0,0.0,0.0
214,0.0,0.0,0.0,0.0,0.0,0.0,0.0,0.0,0.0,0.0,0.0,0.0,0.0,0.0,0.0,0.0,0.0,0.0,0.0,0.0,0.0,0.0,0.0,0.0,0.0,0.0,0.0,0.0,0.0,0.0,0.0,0.0,0.0,0.0,0.0,0.0,0.0,0.0,0.0,0.0,0.0,0.0,0.0,0.0,0.0,0.0,0.0,0.0,0.0,0.0,0.0,0.0,0.0,0.0,0.0,0.0,0.0,0.0,0.0,0.0,0.0,0.0,0.0,0.0
215,0.0,0.0,0.0,0.0,0.0,0.0,0.0,0.0,0.0,0.0,0.0,0.0,0.0,0.0,0.0,0.0,0.0,0.0,0.0,0.0,0.0,0.0,0.0,0.0,0.0,0.0,0.0,0.0,0.0,0.0,0.0,0.0,0.0,0.0,0.0,0.0,0.0,0.0,0.0,0.0,0.0,0.0,0.0,0.0,0.0,0.0,0.0,0.0,0.0,0.0,0.0,0.0,0.0,0.0,0.0,0.0,0.0,0.0,0.0,0.0,0.0,0.0,0.0,0.0
216,0.0,0.0,0.0,0.0,0.0,0.0,0.0,0.0,0.0,0.0,0.0,0.0,0.0,0.0,0.0,0.0,0.0,0.0,0.0,0.0,0.0,0.0,0.0,0.0,0.0,0.0,0.0,0.0,0.0,0.0,0.0,0.0,0.0,0.0,0.0,0.0,0.0,0.0,0.0,0.0,0.0,0.0,0.0,0.0,0.0,0.0,0.0,0.0,0.0,0.0,0.0,0.0,0.0,0.0,0.0,0.0,0.0,0.0,0.0,0.0,0.0,0.0,0.0,0.0
217,0.0,0.0,0.0,0.0,0.0,0.0,0.0,0.0,0.0,0.0,0.0,0.0,0.0,0.0,0.0,0.0,0.0,0.0,0.0,0.0,0.0,0.0,0.0,0.0,0.0,0.0,0.0,0.0,0.0,0.0,0.0,0.0,0.0,0.0,0.0,0.0,0.0,0.0,0.0,0.0,0.0,0.0,0.0,0.0,0.0,0.0,0.0,0.0,0.0,0.0,0.0,0.0,0.0,0.0,0.0,0.0,0.0,0.0,0.0,0.0,0.0,0.0,0.0,0.0
218,0.0,0.0,0.0,0.0,0.0,0.0,0.0,0.0,0.0,0.0,0.0,0.0,0.0,0.0,0.0,0.0,0.0,0.0,0.0,0.0,0.0,0.0,0.0,0.0,0.0,0.0,0.0,0.0,0.0,0.0,0.0,0.0,0.0,0.0,0.0,0.0,0.0,0.0,0.0,0.0,0.0,0.0,0.0,0.0,0.0,0.0,0.0,0.0,0.0,0.0,0.0,0.0,0.0,0.0,0.0,0.0,0.0,0.0,0.0,0.0,0.0,0.0,0.0,0.0
219,0.0,0.0,0.0,0.0,0.0,0.0,0.0,0.0,0.0,0.0,0.0,0.0,0.0,0.0,0.0,0.0,0.0,0.0,0.0,0.0,0.0,0.0,0.0,0.0,0.0,0.0,0.0,0.0,0.0,0.0,0.0,0.0,0.0,0.0,0.0,0.0,0.0,0.0,0.0,0.0,0.0,0.0,0.0,0.0,0.0,0.0,0.0,0.0,0.0,0.0,0.0,0.0,0.0,0.0,0.0,0.0,0.0,0.0,0.0,0.0,0.0,0.0,0.0,0.0
220,0.0,0.0,0.0,0.0,0.0,0.0,0.0,0.0,0.0,0.0,0.0,0.0,0.0,0.0,0.0,0.0,0.0,0.0,0.0,0.0,0.0,0.0,0.0,0.0,0.0,0.0,0.0,0.0,0.0,0.0,0.0,0.0,0.0,0.0,0.0,0.0,0.0,0.0,0.0,0.0,0.0,0.0,0.0,0.0,0.0,0.0,0.0,0.0,0.0,0.0,0.0,0.0,0.0,0.0,0.0,0.0,0.0,0.0,0.0,0.0,0.0,0.0,0.0,0.0
221,0.0,0.0,0.0,0.0,0.0,0.0,0.0,0.0,0.0,0.0,0.0,0.0,0.0,0.0,0.0,0.0,0.0,0.0,0.0,0.0,0.0,0.0,0.0,0.0,0.0,0.0,0.0,0.0,0.0,0.0,0.0,0.0,0.0,0.0,0.0,0.0,0.0,0.0,0.0,0.0,0.0,0.0,0.0,0.0,0.0,0.0,0.0,0.0,0.0,0.0,0.0,0.0,0.0,0.0,0.0,0.0,0.0,0.0,0.0,0.0,0.0,0.0,0.0,0.0
222,0.0,0.0,0.0,0.0,0.0,0.0,0.0,0.0,0.0,0.0,0.0,0.0,0.0,0.0,0.0,0.0,0.0,0.0,0.0,0.0,0.0,0.0,0.0,0.0,0.0,0.0,0.0,0.0,0.0,0.0,0.0,0.0,0.0,0.0,0.0,0.0,0.0,0.0,0.0,0.0,0.0,0.0,0.0,0.0,0.0,0.0,0.0,0.0,0.0,0.0,0.0,0.0,0.0,0.0,0.0,0.0,0.0,0.0,0.0,0.0,0.0,0.0,0.0,0.0
223,0.0,0.0,0.0,0.0,0.0,0.0,0.0,0.0,0.0,0.0,0.0,0.0,0.0,0.0,0.0,0.0,0.0,0.0,0.0,0.0,0.0,0.0,0.0,0.0,0.0,0.0,0.0,0.0,0.0,0.0,0.0,0.0,0.0,0.0,0.0,0.0,0.0,0.0,0.0,0.0,0.0,0.0,0.0,0.0,0.0,0.0,0.0,0.0,0.0,0.0,0.0,0.0,0.0,0.0,0.0,0.0,0.0,0.0,0.0,0.0,0.0,0.0,0.0,0.0
224,0.0,0.0,0.0,0.0,0.0,0.0,0.0,0.0,0.0,0.0,0.0,0.0,0.0,0.0,0.0,0.0,0.0,0.0,0.0,0.0,0.0,0.0,0.0,0.0,0.0,0.0,0.0,0.0,0.0,0.0,0.0,0.0,0.0,0.0,0.0,0.0,0.0,0.0,0.0,0.0,0.0,0.0,0.0,0.0,0.0,0.0,0.0,0.0,0.0,0.0,0.0,0.0,0.0,0.0,0.0,0.0,0.0,0.0,0.0,0.0,0.0,0.0,0.0,0.0
225,0.0,0.0,0.0,0.0,0.0,0.0,0.0,0.0,0.0,0.0,0.0,0.0,0.0,0.0,0.0,0.0,0.0,0.0,0.0,0.0,0.0,0.0,0.0,0.0,0.0,0.0,0.0,0.0,0.0,0.0,0.0,0.0,0.0,0.0,0.0,0.0,0.0,0.0,0.0,0.0,0.0,0.0,0.0,0.0,0.0,0.0,0.0,0.0,0.0,0.0,0.0,0.0,0.0,0.0,0.0,0.0,0.0,0.0,0.0,0.0,0.0,0.0,0.0,0.0
226,0.0,0.0,0.0,0.0,0.0,0.0,0.0,0.0,0.0,0.0,0.0,0.0,0.0,0.0,0.0,0.0,0.0,0.0,0.0,0.0,0.0,0.0,0.0,0.0,0.0,0.0,0.0,0.0,0.0,0.0,0.0,0.0,0.0,0.0,0.0,0.0,0.0,0.0,0.0,0.0,0.0,0.0,0.0,0.0,0.0,0.0,0.0,0.0,0.0,0.0,0.0,0.0,0.0,0.0,0.0,0.0,0.0,0.0,0.0,0.0,0.0,0.0,0.0,0.0
227,0.0,0.0,0.0,0.0,0.0,0.0,0.0,0.0,0.0,0.0,0.0,0.0,0.0,0.0,0.0,0.0,0.0,0.0,0.0,0.0,0.0,0.0,0.0,0.0,0.0,0.0,0.0,0.0,0.0,0.0,0.0,0.0,0.0,0.0,0.0,0.0,0.0,0.0,0.0,0.0,0.0,0.0,0.0,0.0,0.0,0.0,0.0,0.0,0.0,0.0,0.0,0.0,0.0,0.0,0.0,0.0,0.0,0.0,0.0,0.0,0.0,0.0,0.0,0.0
228,0.0,0.25,0.3,0.0,0.0,0.47,0.0,0.0,0.45,0.42,0.43,0.44,0.54,0.49,0.5,0.49,0.42,0.49,0.49,0.47,0.44,0.5,0.53,0.45,0.06,0.37,0.0,0.0,0.37,0.26,0.26,0.0,0.0,0.0,0.0,0.4,0.42,0.42,0.4,0.42,0.41,0.41,0.38,0.44,0.44,0.4,0.47,0.0,0.0,0.47,0.34,0.37,0.36,0.32,0.36,0.28,0.0,0.33,0.35,0.33,0.36,0.34,0.37,0.35
229,0.0,0.7,0.68,0.0,0.0,0.71,0.0,0.0,0.72,0.7,0.72,0.69,0.74,0.74,0.74,0.73,0.71,0.72,0.72,0.73,0.7,0.74,0.73,0.73,0.14,0.7,0.0,0.0,0.71,0.71,0.7,0.0,0.0,0.0,0.0,0.73,0.73,0.72,0.73,0.71,0.72,0.73,0.71,0.73,0.73,0.73,0.67,0.0,0.0,0.72,0.7,0.7,0.68,0.68,0.69,0.67,0.0,0.68,0.7,0.66,0.7,0.7,0.7,0.7
230,0.0,0.81,0.81,0.0,0.0,0.78,0.0,0.0,0.8,0.77,0.79,0.78,0.82,0.81,0.82,0.81,0.78,0.8,0.81,0.81,0.78,0.81,0.82,0.81,0.26,0.81,0.0,0.0,0.79,0.81,0.8,0.0,0.0,0.0,0.0,0.81,0.81,0.8,0.82,0.79,0.8,0.81,0.8,0.81,0.81,0.81,0.77,0.0,0.0,0.78,0.78,0.79,0.77,0.63,0.77,0.76,0.0,0.74,0.78,0.74,0.71,0.77,0.79,0.78
231,0.0,0.86,0.86,0.0,0.0,0.84,0.0,0.0,0.83,0.8,0.82,0.8,0.86,0.85,0.85,0.85,0.8,0.83,0.85,0.85,0.79,0.85,0.85,0.82,0.14,0.85,0.0,0.0,0.83,0.86,0.84,0.0,0.0,0.0,0.0,0.85,0.84,0.82,0.85,0.79,0.83,0.85,0.83,0.85,0.84,0.82,0.84,0.0,0.0,0.84,0.8,0.83,0.81,0.8,0.8,0.79,0.0,0.81,0.81,0.8,0.81,0.8,0.82,0.82
232,0.0,0.86,0.86,0.0,0.0,0.85,0.0,0.0,0.84,0.82,0.83,0.79,0.86,0.85,0.84,0.85,0.8,0.85,0.86,0.85,0.81,0.85,0.86,0.84,0.11,0.85,0.0,0.0,0.83,0.86,0.85,0.0,0.0,0.0,0.0,0.85,0.84,0.83,0.84,0.82,0.8,0.84,0.8,0.85,0.84,0.82,0.85,0.0,0.0,0.85,0.81,0.8,0.79,0.75,0.8,0.82,0.0,0.75,0.8,0.8,0.57,0.8,0.82,0.75
233,0.0,0.73,0.83,0.0,0.0,0.84,0.0,0.0,0.81,0.81,0.81,0.78,0.84,0.83,0.83,0.82,0.78,0.83,0.84,0.82,0.8,0.84,0.83,0.79,0.12,0.84,0.0,0.0,0.82,0.75,0.8,0.0,0.0,0.0,0.0,0.83,0.8,0.81,0.76,0.79,0.78,0.79,0.66,0.83,0.76,0.69,0.84,0.0,0.0,0.84,0.49,0.8,0.72,0.78,0.77,0.81,0.0,0.75,0.51,0.78,0.75,0.52,0.81,0.67
234,0.0,0.8,0.78,0.0,0.0,0.77,0.0,0.0,0.72,0.75,0.52,0.74,0.77,0.75,0.76,0.76,0.71,0.76,0.77,0.75,0.75,0.77,0.76,0.77,0.07,0.79,0.0,0.0,0.77,0.8,0.73,0.0,0.0,0.0,0.0,0.66,0.75,0.54,0.49,0.73,0.55,0.58,0.66,0.77,0.76,0.57,0.78,0.0,0.0,0.76,0.7,0.76,0.72,0.74,0.74,0.75,0.0,0.73,0.66,0.74,0.73,0.74,0.37,0.65
235,0.0,0.7,0.7,0.0,0.0,0.6,0.0,0.0,0.43,0.62,0.49,0.62,0.62,0.64,0.51,0.28,0.63,0.61,0.63,0.33,0.61,0.61,0.62,0.66,0.18,0.7,0.0,0.0,0.67,0.7,0.69,0.0,0.0,0.0,0.0,0.64,0.65,0.65,0.68,0.65,0.62,0.66,0.62,0.35,0.64,0.66,0.58,0.0,0.0,0.56,0.53,0.4,0.6,0.55,0.55,0.36,0.0,0.61,0.57,0.48,0.57,0.47,0.64,0.57
236,0.0,0.14,0.11,0.0,0.0,0.3,0.0,0.0,0.01,0.0,0.01,0.0,0.0,0.0,0.0,0.0,0.01,0.0,0.0,0.0,0.0,0.0,0.0,0.03,0.12,0.25,0.0,0.0,0.05,0.12,0.14,0.0,0.0,0.0,0.0,0.2,0.05,0.01,0.2,0.01,0.03,0.18,0.13,0.09,0.03,0.14,0.3,0.0,0.0,0.29,0.12,0.09,0.11,0.13,0.01,0.04,0.0,0.1,0.1,0.03,0.08,0.13,0.14,0.1
237,0.0,0.0,0.0,0.0,0.0,0.0,0.0,0.0,0.0,0.0,0.0,0.0,0.0,0.0,0.0,0.0,0.0,0.0,0.0,0.0,0.0,0.0,0.0,0.0,0.0,0.0,0.0,0.0,0.0,0.0,0.0,0.0,0.0,0.0,0.0,0.0,0.0,0.0,0.0,0.0,0.0,0.0,0.0,0.0,0.0,0.0,0.0,0.0,0.0,0.0,0.0,0.0,0.0,0.0,0.0,0.0,0.0,0.0,0.0,0.0,0.0,0.0,0.0,0.0
238,0.0,0.0,0.0,0.0,0.0,0.0,0.0,0.0,0.0,0.0,0.0,0.0,0.0,0.0,0.0,0.0,0.0,0.0,0.0,0.0,0.0,0.0,0.0,0.0,0.0,0.0,0.0,0.0,0.0,0.0,0.0,0.0,0.0,0.0,0.0,0.0,0.0,0.0,0.0,0.0,0.0,0.0,0.0,0.0,0.0,0.0,0.0,0.0,0.0,0.0,0.0,0.0,0.0,0.0,0.0,0.0,0.0,0.0,0.0,0.0,0.0,0.0,0.0,0.0
239,0.0,0.0,0.0,0.0,0.0,0.0,0.0,0.0,0.0,0.0,0.0,0.0,0.0,0.0,0.0,0.0,0.0,0.0,0.0,0.0,0.0,0.0,0.0,0.0,0.0,0.0,0.0,0.0,0.0,0.0,0.0,0.0,0.0,0.0,0.0,0.0,0.0,0.0,0.0,0.0,0.0,0.0,0.0,0.0,0.0,0.0,0.0,0.0,0.0,0.0,0.0,0.0,0.0,0.0,0.0,0.0,0.0,0.0,0.0,0.0,0.0,0.0,0.0,0.0
240,0.0,0.0,0.0,0.0,0.0,0.0,0.0,0.0,0.0,0.0,0.0,0.0,0.0,0.0,0.0,0.0,0.0,0.0,0.0,0.0,0.0,0.0,0.0,0.0,0.0,0.0,0.0,0.0,0.0,0.0,0.0,0.0,0.0,0.0,0.0,0.0,0.0,0.0,0.0,0.0,0.0,0.0,0.0,0.0,0.0,0.0,0.0,0.0,0.0,0.0,0.0,0.0,0.0,0.0,0.0,0.0,0.0,0.0,0.0,0.0,0.0,0.0,0.0,0.0
241,0.0,0.0,0.0,0.0,0.0,0.0,0.0,0.0,0.0,0.0,0.0,0.0,0.0,0.0,0.0,0.0,0.0,0.0,0.0,0.0,0.0,0.0,0.0,0.0,0.0,0.0,0.0,0.0,0.0,0.0,0.0,0.0,0.0,0.0,0.0,0.0,0.0,0.0,0.0,0.0,0.0,0.0,0.0,0.0,0.0,0.0,0.0,0.0,0.0,0.0,0.0,0.0,0.0,0.0,0.0,0.0,0.0,0.0,0.0,0.0,0.0,0.0,0.0,0.0
242,0.0,0.0,0.0,0.0,0.0,0.0,0.0,0.0,0.0,0.0,0.0,0.0,0.0,0.0,0.0,0.0,0.0,0.0,0.0,0.0,0.0,0.0,0.0,0.0,0.0,0.0,0.0,0.0,0.0,0.0,0.0,0.0,0.0,0.0,0.0,0.0,0.0,0.0,0.0,0.0,0.0,0.0,0.0,0.0,0.0,0.0,0.0,0.0,0.0,0.0,0.0,0.0,0.0,0.0,0.0,0.0,0.0,0.0,0.0,0.0,0.0,0.0,0.0,0.0
243,0.0,0.0,0.0,0.0,0.0,0.0,0.0,0.0,0.0,0.0,0.0,0.0,0.0,0.0,0.0,0.0,0.0,0.0,0.0,0.0,0.0,0.0,0.0,0.0,0.0,0.0,0.0,0.0,0.0,0.0,0.0,0.0,0.0,0.0,0.0,0.0,0.0,0.0,0.0,0.0,0.0,0.0,0.0,0.0,0.0,0.0,0.0,0.0,0.0,0.0,0.0,0.0,0.0,0.0,0.0,0.0,0.0,0.0,0.0,0.0,0.0,0.0,0.0,0.0
244,0.0,0.0,0.0,0.0,0.0,0.0,0.0,0.0,0.0,0.0,0.0,0.0,0.0,0.0,0.0,0.0,0.0,0.0,0.0,0.0,0.0,0.0,0.0,0.0,0.0,0.0,0.0,0.0,0.0,0.0,0.0,0.0,0.0,0.0,0.0,0.0,0.0,0.0,0.0,0.0,0.0,0.0,0.0,0.0,0.0,0.0,0.0,0.0,0.0,0.0,0.0,0.0,0.0,0.0,0.0,0.0,0.0,0.0,0.0,0.0,0.0,0.0,0.0,0.0
245,0.0,0.0,0.0,0.0,0.0,0.0,0.0,0.0,0.0,0.0,0.0,0.0,0.0,0.0,0.0,0.0,0.0,0.0,0.0,0.0,0.0,0.0,0.0,0.0,0.0,0.0,0.0,0.0,0.0,0.0,0.0,0.0,0.0,0.0,0.0,0.0,0.0,0.0,0.0,0.0,0.0,0.0,0.0,0.0,0.0,0.0,0.0,0.0,0.0,0.0,0.0,0.0,0.0,0.0,0.0,0.0,0.0,0.0,0.0,0.0,0.0,0.0,0.0,0.0
246,0.0,0.0,0.0,0.0,0.0,0.0,0.0,0.0,0.0,0.0,0.0,0.0,0.0,0.0,0.0,0.0,0.0,0.0,0.0,0.0,0.0,0.0,0.0,0.0,0.0,0.0,0.0,0.0,0.0,0.0,0.0,0.0,0.0,0.0,0.0,0.0,0.0,0.0,0.0,0.0,0.0,0.0,0.0,0.0,0.0,0.0,0.0,0.0,0.0,0.0,0.0,0.0,0.0,0.0,0.0,0.0,0.0,0.0,0.0,0.0,0.0,0.0,0.0,0.0
247,0.0,0.0,0.0,0.0,0.0,0.0,0.0,0.0,0.0,0.0,0.0,0.0,0.0,0.0,0.0,0.0,0.0,0.0,0.0,0.0,0.0,0.0,0.0,0.0,0.0,0.0,0.0,0.0,0.0,0.0,0.0,0.0,0.0,0.0,0.0,0.0,0.0,0.0,0.0,0.0,0.0,0.0,0.0,0.0,0.0,0.0,0.0,0.0,0.0,0.0,0.0,0.0,0.0,0.0,0.0,0.0,0.0,0.0,0.0,0.0,0.0,0.0,0.0,0.0
248,0.0,0.0,0.0,0.0,0.0,0.0,0.0,0.0,0.0,0.0,0.0,0.0,0.0,0.0,0.0,0.0,0.0,0.0,0.0,0.0,0.0,0.0,0.0,0.0,0.0,0.0,0.0,0.0,0.0,0.0,0.0,0.0,0.0,0.0,0.0,0.0,0.0,0.0,0.0,0.0,0.0,0.0,0.0,0.0,0.0,0.0,0.0,0.0,0.0,0.0,0.0,0.0,0.0,0.0,0.0,0.0,0.0,0.0,0.0,0.0,0.0,0.0,0.0,0.0
249,0.0,0.0,0.0,0.0,0.0,0.0,0.0,0.0,0.0,0.0,0.0,0.0,0.0,0.0,0.0,0.0,0.0,0.0,0.0,0.0,0.0,0.0,0.0,0.0,0.0,0.0,0.0,0.0,0.0,0.0,0.0,0.0,0.0,0.0,0.0,0.0,0.0,0.0,0.0,0.0,0.0,0.0,0.0,0.0,0.0,0.0,0.0,0.0,0.0,0.0,0.0,0.0,0.0,0.0,0.0,0.0,0.0,0.0,0.0,0.0,0.0,0.0,0.0,0.0
250,0.0,0.0,0.0,0.0,0.0,0.0,0.0,0.0,0.0,0.0,0.0,0.0,0.0,0.0,0.0,0.0,0.0,0.0,0.0,0.0,0.0,0.0,0.0,0.0,0.0,0.0,0.0,0.0,0.0,0.0,0.0,0.0,0.0,0.0,0.0,0.0,0.0,0.0,0.0,0.0,0.0,0.0,0.0,0.0,0.0,0.0,0.0,0.0,0.0,0.0,0.0,0.0,0.0,0.0,0.0,0.0,0.0,0.0,0.0,0.0,0.0,0.0,0.0,0.0
251,0.0,0.0,0.0,0.0,0.0,0.0,0.0,0.0,0.0,0.0,0.0,0.0,0.0,0.0,0.0,0.0,0.0,0.0,0.0,0.0,0.0,0.0,0.0,0.0,0.0,0.0,0.0,0.0,0.0,0.0,0.0,0.0,0.0,0.0,0.0,0.0,0.0,0.0,0.0,0.0,0.0,0.0,0.0,0.0,0.0,0.0,0.0,0.0,0.0,0.0,0.0,0.0,0.0,0.0,0.0,0.0,0.0,0.0,0.0,0.0,0.0,0.0,0.0,0.0
252,0.0,0.02,0.01,0.0,0.0,0.04,0.0,0.0,0.26,0.41,0.25,0.38,0.23,0.26,0.25,0.24,0.32,0.21,0.16,0.27,0.45,0.28,0.35,0.32,0.45,0.02,0.0,0.0,0.26,0.02,0.06,0.0,0.0,0.0,0.0,0.34,0.3,0.31,0.29,0.34,0.25,0.3,0.26,0.37,0.32,0.26,0.34,0.0,0.0,0.37,0.0,0.04,0.22,0.02,0.25,0.01,0.0,0.01,0.0,0.18,0.01,0.0,0.05,0.0
253,0.0,0.03,0.03,0.0,0.0,0.07,0.0,0.0,0.63,0.7,0.61,0.71,0.64,0.66,0.67,0.63,0.68,0.7,0.7,0.64,0.72,0.68,0.53,0.12,0.68,0.05,0.0,0.0,0.12,0.03,0.05,0.0,0.0,0.0,0.0,0.65,0.17,0.39,0.63,0.63,0.28,0.64,0.64,0.64,0.12,0.63,0.09,0.0,0.0,0.2,0.06,0.08,0.59,0.05,0.6,0.08,0.0,0.57,0.05,0.57,0.12,0.03,0.05,0.13
254,0.0,0.05,0.05,0.0,0.0,0.07,0.0,0.0,0.7,0.78,0.7,0.77,0.78,0.76,0.76,0.74,0.34,0.79,0.83,0.72,0.81,0.76,0.72,0.16,0.75,0.05,0.0,0.0,0.09,0.05,0.06,0.0,0.0,0.0,0.0,0.15,0.15,0.73,0.1,0.7,0.14,0.14,0.14,0.28,0.16,0.14,0.08,0.0,0.0,0.06,0.1,0.18,0.7,0.16,0.72,0.68,0.0,0.7,0.11,0.7,0.11,0.1,0.14,0.19
255,0.0,0.04,0.04,0.0,0.0,0.05,0.0,0.0,0.72,0.8,0.11,0.78,0.8,0.76,0.76,0.74,0.39,0.81,0.84,0.74,0.82,0.78,0.8,0.19,0.14,0.06,0.0,0.0,0.08,0.05,0.06,0.0,0.0,0.0,0.0,0.1,0.21,0.22,0.14,0.26,0.14,0.1,0.07,0.29,0.21,0.1,0.06,0.0,0.0,0.08,0.11,0.1,0.73,0.07,0.72,0.7,0.0,0.72,0.1,0.48,0.1,0.08,0.07,0.12
256,0.0,0.06,0.05,0.0,0.0,0.07,0.0,0.0,0.74,0.82,0.67,0.8,0.8,0.76,0.77,0.76,0.38,0.82,0.84,0.75,0.82,0.77,0.82,0.12,0.22,0.05,0.0,0.0,0.05,0.06,0.05,0.0,0.0,0.0,0.0,0.08,0.1,0.23,0.08,0.43,0.1,0.1,0.09,0.12,0.12,0.1,0.06,0.0,0.0,0.11,0.09,0.09,0.13,0.07,0.75,0.38,0.0,0.17,0.1,0.3,0.11,0.08,0.08,0.11
257,0.0,0.02,0.02,0.0,0.0,0.03,0.0,0.0,0.71,0.79,0.71,0.77,0.78,0.75,0.75,0.74,0.76,0.79,0.81,0.73,0.79,0.76,0.79,0.16,0.11,0.04,0.0,0.0,0.03,0.02,0.03,0.0,0.0,0.0,0.0,0.05,0.09,0.11,0.06,0.19,0.08,0.06,0.08,0.11,0.12,0.07,0.04,0.0,0.0,0.04,0.09,0.09,0.09,0.07,0.3,0.17,0.0,0.12,0.09,0.12,0.09,0.09,0.08,0.1
258,0.0,0.02,0.02,0.0,0.0,0.03,0.0,0.0,0.68,0.72,0.24,0.73,0.72,0.7,0.7,0.7,0.7,0.72,0.74,0.7,0.69,0.7,0.73,0.32,0.04,0.03,0.0,0.0,0.04,0.02,0.03,0.0,0.0,0.0,0.0,0.04,0.14,0.06,0.06,0.07,0.23,0.06,0.06,0.16,0.32,0.07,0.03,0.0,0.0,0.03,0.22,0.04,0.15,0.26,0.18,0.25,0.0,0.31,0.1,0.15,0.06,0.19,0.06,0.16
259,0.0,0.01,0.01,0.0,0.0,0.02,0.0,0.0,0.55,0.47,0.52,0.61,0.56,0.57,0.58,0.54,0.55,0.36,0.57,0.55,0.61,0.57,0.6,0.04,0.05,0.02,0.0,0.0,0.01,0.01,0.02,0.0,0.0,0.0,0.0,0.02,0.04,0.06,0.02,0.28,0.1,0.02,0.02,0.05,0.04,0.02,0.01,0.0,0.0,0.01,0.03,0.02,0.25,0.08,0.17,0.1,0.0,0.56,0.03,0.16,0.03,0.03,0.02,0.03
260,0.0,0.0,0.0,0.0,0.0,0.0,0.0,0.0,0.0,0.0,0.0,0.0,0.0,0.0,0.0,0.0,0.0,0.0,0.0,0.0,0.0,0.0,0.0,0.0,0.0,0.0,0.0,0.0,0.0,0.0,0.0,0.0,0.0,0.0,0.0,0.0,0.0,0.0,0.0,0.02,0.01,0.0,0.0,0.0,0.0,0.0,0.0,0.0,0.0,0.0,0.0,0.0,0.11,0.0,0.05,0.13,0.0,0.0,0.0,0.0,0.0,0.0,0.0,0.0
261,0.0,0.0,0.0,0.0,0.0,0.0,0.0,0.0,0.0,0.0,0.0,0.0,0.0,0.0,0.0,0.0,0.0,0.0,0.0,0.0,0.0,0.0,0.0,0.0,0.0,0.0,0.0,0.0,0.0,0.0,0.0,0.0,0.0,0.0,0.0,0.0,0.0,0.0,0.0,0.0,0.0,0.0,0.0,0.0,0.0,0.0,0.0,0.0,0.0,0.0,0.0,0.0,0.0,0.0,0.0,0.0,0.0,0.0,0.0,0.0,0.0,0.0,0.0,0.0
262,0.0,0.0,0.0,0.0,0.0,0.0,0.0,0.0,0.0,0.0,0.0,0.0,0.0,0.0,0.0,0.0,0.0,0.0,0.0,0.0,0.0,0.0,0.0,0.0,0.0,0.0,0.0,0.0,0.0,0.0,0.0,0.0,0.0,0.0,0.0,0.0,0.0,0.0,0.0,0.0,0.0,0.0,0.0,0.0,0.0,0.0,0.0,0.0,0.0,0.0,0.0,0.0,0.0,0.0,0.0,0.0,0.0,0.0,0.0,0.0,0.0,0.0,0.0,0.0
263,0.0,0.0,0.0,0.0,0.0,0.0,0.0,0.0,0.0,0.0,0.0,0.0,0.0,0.0,0.0,0.0,0.0,0.0,0.0,0.0,0.0,0.0,0.0,0.0,0.0,0.0,0.0,0.0,0.0,0.0,0.0,0.0,0.0,0.0,0.0,0.0,0.0,0.0,0.0,0.0,0.0,0.0,0.0,0.0,0.0,0.0,0.0,0.0,0.0,0.0,0.0,0.0,0.0,0.0,0.0,0.0,0.0,0.0,0.0,0.0,0.0,0.0,0.0,0.0
264,0.0,0.0,0.0,0.0,0.0,0.0,0.0,0.0,0.0,0.0,0.0,0.0,0.0,0.0,0.0,0.0,0.0,0.0,0.0,0.0,0.0,0.0,0.0,0.0,0.0,0.0,0.0,0.0,0.0,0.0,0.0,0.0,0.0,0.0,0.0,0.0,0.0,0.0,0.0,0.0,0.0,0.0,0.0,0.0,0.0,0.0,0.0,0.0,0.0,0.0,0.0,0.0,0.0,0.0,0.0,0.0,0.0,0.0,0.0,0.0,0.0,0.0,0.0,0.0
265,0.0,0.0,0.0,0.0,0.0,0.0,0.0,0.0,0.0,0.0,0.0,0.0,0.0,0.0,0.0,0.0,0.0,0.0,0.0,0.0,0.0,0.0,0.0,0.0,0.0,0.0,0.0,0.0,0.0,0.0,0.0,0.0,0.0,0.0,0.0,0.0,0.0,0.0,0.0,0.0,0.0,0.0,0.0,0.0,0.0,0.0,0.0,0.0,0.0,0.0,0.0,0.0,0.0,0.0,0.0,0.0,0.0,0.0,0.0,0.0,0.0,0.0,0.0,0.0
266,0.0,0.0,0.0,0.0,0.0,0.0,0.0,0.0,0.0,0.0,0.0,0.0,0.0,0.0,0.0,0.0,0.0,0.0,0.0,0.0,0.0,0.0,0.0,0.0,0.0,0.0,0.0,0.0,0.0,0.0,0.0,0.0,0.0,0.0,0.0,0.0,0.0,0.0,0.0,0.0,0.0,0.0,0.0,0.0,0.0,0.0,0.0,0.0,0.0,0.0,0.0,0.0,0.0,0.0,0.0,0.0,0.0,0.0,0.0,0.0,0.0,0.0,0.0,0.0
267,0.0,0.0,0.0,0.0,0.0,0.0,0.0,0.0,0.0,0.0,0.0,0.0,0.0,0.0,0.0,0.0,0.0,0.0,0.0,0.0,0.0,0.0,0.0,0.0,0.0,0.0,0.0,0.0,0.0,0.0,0.0,0.0,0.0,0.0,0.0,0.0,0.0,0.0,0.0,0.0,0.0,0.0,0.0,0.0,0.0,0.0,0.0,0.0,0.0,0.0,0.0,0.0,0.0,0.0,0.0,0.0,0.0,0.0,0.0,0.0,0.0,0.0,0.0,0.0
268,0.0,0.0,0.0,0.0,0.0,0.0,0.0,0.0,0.0,0.0,0.0,0.0,0.0,0.0,0.0,0.0,0.0,0.0,0.0,0.0,0.0,0.0,0.0,0.0,0.0,0.0,0.0,0.0,0.0,0.0,0.0,0.0,0.0,0.0,0.0,0.0,0.0,0.0,0.0,0.0,0.0,0.0,0.0,0.0,0.0,0.0,0.0,0.0,0.0,0.0,0.0,0.0,0.0,0.0,0.0,0.0,0.0,0.0,0.0,0.0,0.0,0.0,0.0,0.0
269,0.0,0.0,0.0,0.0,0.0,0.0,0.0,0.0,0.0,0.0,0.0,0.0,0.0,0.0,0.0,0.0,0.0,0.0,0.0,0.0,0.0,0.0,0.0,0.0,0.0,0.0,0.0,0.0,0.0,0.0,0.0,0.0,0.0,0.0,0.0,0.0,0.0,0.0,0.0,0.0,0.0,0.0,0.0,0.0,0.0,0.0,0.0,0.0,0.0,0.0,0.0,0.0,0.0,0.0,0.0,0.0,0.0,0.0,0.0,0.0,0.0,0.0,0.0,0.0
270,0.0,0.0,0.0,0.0,0.0,0.0,0.0,0.0,0.0,0.0,0.0,0.0,0.0,0.0,0.0,0.0,0.0,0.0,0.0,0.0,0.0,0.0,0.0,0.0,0.0,0.0,0.0,0.0,0.0,0.0,0.0,0.0,0.0,0.0,0.0,0.0,0.0,0.0,0.0,0.0,0.0,0.0,0.0,0.0,0.0,0.0,0.0,0.0,0.0,0.0,0.0,0.0,0.0,0.0,0.0,0.0,0.0,0.0,0.0,0.0,0.0,0.0,0.0,0.0
271,0.0,0.0,0.0,0.0,0.0,0.0,0.0,0.0,0.0,0.0,0.0,0.0,0.0,0.0,0.0,0.0,0.0,0.0,0.0,0.0,0.0,0.0,0.0,0.0,0.0,0.0,0.0,0.0,0.0,0.0,0.0,0.0,0.0,0.0,0.0,0.0,0.0,0.0,0.0,0.0,0.0,0.0,0.0,0.0,0.0,0.0,0.0,0.0,0.0,0.0,0.0,0.0,0.0,0.0,0.0,0.0,0.0,0.0,0.0,0.0,0.0,0.0,0.0,0.0
272,0.0,0.0,0.0,0.0,0.0,0.0,0.0,0.0,0.0,0.0,0.0,0.0,0.0,0.0,0.0,0.0,0.0,0.0,0.0,0.0,0.0,0.0,0.0,0.0,0.0,0.0,0.0,0.0,0.0,0.0,0.0,0.0,0.0,0.0,0.0,0.0,0.0,0.0,0.0,0.0,0.0,0.0,0.0,0.0,0.0,0.0,0.0,0.0,0.0,0.0,0.0,0.0,0.0,0.0,0.0,0.0,0.0,0.0,0.0,0.0,0.0,0.0,0.0,0.0
273,0.0,0.0,0.0,0.0,0.0,0.0,0.0,0.0,0.0,0.0,0.0,0.0,0.0,0.0,0.0,0.0,0.0,0.0,0.0,0.0,0.0,0.0,0.0,0.0,0.0,0.0,0.0,0.0,0.0,0.0,0.0,0.0,0.0,0.0,0.0,0.0,0.0,0.0,0.0,0.0,0.0,0.0,0.0,0.0,0.0,0.0,0.0,0.0,0.0,0.0,0.0,0.0,0.0,0.0,0.0,0.0,0.0,0.0,0.0,0.0,0.0,0.0,0.0,0.0
274,0.0,0.0,0.0,0.0,0.0,0.0,0.0,0.0,0.0,0.0,0.0,0.0,0.0,0.0,0.0,0.0,0.0,0.0,0.0,0.0,0.0,0.0,0.0,0.0,0.0,0.0,0.0,0.0,0.0,0.0,0.0,0.0,0.0,0.0,0.0,0.0,0.0,0.0,0.0,0.0,0.0,0.0,0.0,0.0,0.0,0.0,0.0,0.0,0.0,0.0,0.0,0.0,0.0,0.0,0.0,0.0,0.0,0.0,0.0,0.0,0.0,0.0,0.0,0.0
275,0.0,0.0,0.0,0.0,0.0,0.0,0.0,0.0,0.0,0.0,0.0,0.0,0.0,0.0,0.0,0.0,0.0,0.0,0.0,0.0,0.0,0.0,0.0,0.0,0.0,0.0,0.0,0.0,0.0,0.0,0.0,0.0,0.0,0.0,0.0,0.0,0.0,0.0,0.0,0.0,0.0,0.0,0.0,0.0,0.0,0.0,0.0,0.0,0.0,0.0,0.0,0.0,0.0,0.0,0.0,0.0,0.0,0.0,0.0,0.0,0.0,0.0,0.0,0.0
276,0.0,0.0,0.0,0.0,0.0,0.0,0.0,0.0,0.16,0.34,0.17,0.36,0.44,0.38,0.28,0.28,0.34,0.42,0.42,0.22,0.36,0.4,0.47,0.0,0.0,0.0,0.0,0.0,0.0,0.0,0.0,0.0,0.0,0.0,0.0,0.0,0.0,0.02,0.0,0.23,0.14,0.0,0.0,0.0,0.0,0.0,0.01,0.0,0.0,0.0,0.09,0.0,0.02,0.22,0.29,0.19,0.0,0.02,0.11,0.25,0.11,0.12,0.0,0.11
277,0.0,0.0,0.0,0.0,0.0,0.01,0.0,0.0,0.6,0.68,0.56,0.68,0.68,0.65,0.62,0.48,0.66,0.68,0.7,0.58,0.47,0.65,0.69,0.08,0.02,0.01,0.0,0.0,0.01,0.0,0.0,0.0,0.0,0.0,0.0,0.01,0.05,0.63,0.02,0.64,0.46,0.02,0.03,0.02,0.06,0.03,0.01,0.0,0.0,0.01,0.54,0.02,0.21,0.6,0.6,0.62,0.0,0.42,0.5,0.62,0.42,0.6,0.01,0.41
278,0.0,0.02,0.01,0.0,0.0,0.04,0.0,0.0,0.7,0.77,0.69,0.73,0.76,0.68,0.71,0.71,0.76,0.75,0.78,0.71,0.77,0.63,0.74,0.14,0.03,0.01,0.0,0.0,0.01,0.02,0.01,0.0,0.0,0.0,0.0,0.02,0.14,0.69,0.06,0.73,0.71,0.05,0.08,0.07,0.22,0.08,0.03,0.0,0.0,0.04,0.65,0.05,0.54,0.71,0.54,0.7,0.0,0.7,0.64,0.7,0.7,0.7,0.03,0.69
279,0.0,0.02,0.02,0.0,0.0,0.02,0.0,0.0,0.74,0.8,0.73,0.62,0.79,0.74,0.75,0.76,0.76,0.78,0.83,0.75,0.82,0.74,0.8,0.74,0.03,0.02,0.0,0.0,0.02,0.02,0.02,0.0,0.0,0.0,0.0,0.02,0.75,0.31,0.08,0.76,0.32,0.06,0.12,0.19,0.75,0.1,0.02,0.0,0.0,0.02,0.75,0.11,0.73,0.76,0.42,0.55,0.0,0.74,0.74,0.64,0.74,0.76,0.04,0.74
280,0.0,0.01,0.01,0.0,0.0,0.03,0.0,0.0,0.74,0.81,0.74,0.75,0.8,0.73,0.73,0.76,0.62,0.78,0.82,0.76,0.82,0.69,0.78,0.75,0.02,0.03,0.0,0.0,0.02,0.02,0.02,0.0,0.0,0.0,0.0,0.03,0.73,0.76,0.06,0.74,0.28,0.06,0.11,0.18,0.75,0.08,0.02,0.0,0.0,0.03,0.76,0.1,0.73,0.78,0.71,0.63,0.0,0.69,0.74,0.65,0.74,0.76,0.04,0.73
281,0.0,0.01,0.01,0.0,0.0,0.02,0.0,0.0,0.74,0.8,0.74,0.76,0.79,0.47,0.69,0.75,0.56,0.77,0.81,0.75,0.8,0.51,0.77,0.74,0.02,0.03,0.0,0.0,0.03,0.02,0.03,0.0,0.0,0.0,0.0,0.03,0.21,0.75,0.05,0.76,0.2,0.04,0.06,0.07,0.74,0.06,0.02,0.0,0.0,0.02,0.52,0.07,0.5,0.71,0.6,0.68,0.0,0.5,0.37,0.65,0.33,0.73,0.03,0.3
282,0.0,0.01,0.01,0.0,0.0,0.02,0.0,0.0,0.65,0.74,0.7,0.55,0.61,0.7,0.5,0.7,0.62,0.72,0.76,0.65,0.75,0.7,0.73,0.12,0.02,0.04,0.0,0.0,0.04,0.01,0.04,0.0,0.0,0.0,0.0,0.04,0.12,0.6,0.04,0.42,0.16,0.03,0.06,0.06,0.14,0.05,0.02,0.0,0.0,0.02,0.74,0.11,0.62,0.67,0.68,0.52,0.0,0.62,0.35,0.59,0.27,0.25,0.03,0.21
283,0.0,0.0,0.0,0.0,0.0,0.01,0.0,0.0,0.38,0.61,0.55,0.51,0.52,0.61,0.5,0.32,0.6,0.6,0.62,0.32,0.63,0.51,0.6,0.05,0.01,0.02,0.0,0.0,0.02,0.0,0.02,0.0,0.0,0.0,0.0,0.02,0.04,0.63,0.02,0.6,0.06,0.02,0.03,0.03,0.05,0.02,0.01,0.0,0.0,0.01,0.65,0.02,0.63,0.65,0.45,0.54,0.0,0.64,0.06,0.52,0.12,0.46,0.02,0.12
284,0.0,0.0,0.0,0.0,0.0,0.0,0.0,0.0,0.02,0.0,0.16,0.01,0.0,0.0,0.01,0.01,0.01,0.0,0.0,0.01,0.0,0.0,0.0,0.0,0.0,0.0,0.0,0.0,0.0,0.0,0.0,0.0,0.0,0.0,0.0,0.0,0.0,0.01,0.0,0.01,0.0,0.0,0.0,0.0,0.0,0.0,0.0,0.0,0.0,0.0,0.3,0.0,0.18,0.3,0.14,0.21,0.0,0.24,0.01,0.15,0.0,0.3,0.0,0.01
285,0.0,0.0,0.0,0.0,0.0,0.0,0.0,0.0,0.0,0.0,0.0,0.0,0.0,0.0,0.0,0.0,0.0,0.0,0.0,0.0,0.0,0.0,0.0,0.0,0.0,0.0,0.0,0.0,0.0,0.0,0.0,0.0,0.0,0.0,0.0,0.0,0.0,0.0,0.0,0.0,0.0,0.0,0.0,0.0,0.0,0.0,0.0,0.0,0.0,0.0,0.0,0.0,0.0,0.0,0.0,0.0,0.0,0.0,0.0,0.0,0.0,0.0,0.0,0.0
286,0.0,0.0,0.0,0.0,0.0,0.0,0.0,0.0,0.0,0.0,0.0,0.0,0.0,0.0,0.0,0.0,0.0,0.0,0.0,0.0,0.0,0.0,0.0,0.0,0.0,0.0,0.0,0.0,0.0,0.0,0.0,0.0,0.0,0.0,0.0,0.0,0.0,0.0,0.0,0.0,0.0,0.0,0.0,0.0,0.0,0.0,0.0,0.0,0.0,0.0,0.0,0.0,0.0,0.0,0.0,0.0,0.0,0.0,0.0,0.0,0.0,0.0,0.0,0.0
287,0.0,0.0,0.0,0.0,0.0,0.0,0.0,0.0,0.0,0.0,0.0,0.0,0.0,0.0,0.0,0.0,0.0,0.0,0.0,0.0,0.0,0.0,0.0,0.0,0.0,0.0,0.0,0.0,0.0,0.0,0.0,0.0,0.0,0.0,0.0,0.0,0.0,0.0,0.0,0.0,0.0,0.0,0.0,0.0,0.0,0.0,0.0,0.0,0.0,0.0,0.0,0.0,0.0,0.0,0.0,0.0,0.0,0.0,0.0,0.0,0.0,0.0,0.0,0.0
288,0.0,0.0,0.0,0.0,0.0,0.0,0.0,0.0,0.0,0.0,0.0,0.0,0.0,0.0,0.0,0.0,0.0,0.0,0.0,0.0,0.0,0.0,0.0,0.0,0.0,0.0,0.0,0.0,0.0,0.0,0.0,0.0,0.0,0.0,0.0,0.0,0.0,0.0,0.0,0.0,0.0,0.0,0.0,0.0,0.0,0.0,0.0,0.0,0.0,0.0,0.0,0.0,0.0,0.0,0.0,0.0,0.0,0.0,0.0,0.0,0.0,0.0,0.0,0.0
289,0.0,0.0,0.0,0.0,0.0,0.0,0.0,0.0,0.0,0.0,0.0,0.0,0.0,0.0,0.0,0.0,0.0,0.0,0.0,0.0,0.0,0.0,0.0,0.0,0.0,0.0,0.0,0.0,0.0,0.0,0.0,0.0,0.0,0.0,0.0,0.0,0.0,0.0,0.0,0.0,0.0,0.0,0.0,0.0,0.0,0.0,0.0,0.0,0.0,0.0,0.0,0.0,0.0,0.0,0.0,0.0,0.0,0.0,0.0,0.0,0.0,0.0,0.0,0.0
290,0.0,0.0,0.0,0.0,0.0,0.0,0.0,0.0,0.0,0.0,0.0,0.0,0.0,0.0,0.0,0.0,0.0,0.0,0.0,0.0,0.0,0.0,0.0,0.0,0.0,0.0,0.0,0.0,0.0,0.0,0.0,0.0,0.0,0.0,0.0,0.0,0.0,0.0,0.0,0.0,0.0,0.0,0.0,0.0,0.0,0.0,0.0,0.0,0.0,0.0,0.0,0.0,0.0,0.0,0.0,0.0,0.0,0.0,0.0,0.0,0.0,0.0,0.0,0.0
291,0.0,0.0,0.0,0.0,0.0,0.0,0.0,0.0,0.0,0.0,0.0,0.0,0.0,0.0,0.0,0.0,0.0,0.0,0.0,0.0,0.0,0.0,0.0,0.0,0.0,0.0,0.0,0.0,0.0,0.0,0.0,0.0,0.0,0.0,0.0,0.0,0.0,0.0,0.0,0.0,0.0,0.0,0.0,0.0,0.0,0.0,0.0,0.0,0.0,0.0,0.0,0.0,0.0,0.0,0.0,0.0,0.0,0.0,0.0,0.0,0.0,0.0,0.0,0.0
292,0.0,0.0,0.0,0.0,0.0,0.0,0.0,0.0,0.0,0.0,0.0,0.0,0.0,0.0,0.0,0.0,0.0,0.0,0.0,0.0,0.0,0.0,0.0,0.0,0.0,0.0,0.0,0.0,0.0,0.0,0.0,0.0,0.0,0.0,0.0,0.0,0.0,0.0,0.0,0.0,0.0,0.0,0.0,0.0,0.0,0.0,0.0,0.0,0.0,0.0,0.0,0.0,0.0,0.0,0.0,0.0,0.0,0.0,0.0,0.0,0.0,0.0,0.0,0.0
293,0.0,0.0,0.0,0.0,0.0,0.0,0.0,0.0,0.0,0.0,0.0,0.0,0.0,0.0,0.0,0.0,0.0,0.0,0.0,0.0,0.0,0.0,0.0,0.0,0.0,0.0,0.0,0.0,0.0,0.0,0.0,0.0,0.0,0.0,0.0,0.0,0.0,0.0,0.0,0.0,0.0,0.0,0.0,0.0,0.0,0.0,0.0,0.0,0.0,0.0,0.0,0.0,0.0,0.0,0.0,0.0,0.0,0.0,0.0,0.0,0.0,0.0,0.0,0.0
294,0.0,0.0,0.0,0.0,0.0,0.0,0.0,0.0,0.0,0.0,0.0,0.0,0.0,0.0,0.0,0.0,0.0,0.0,0.0,0.0,0.0,0.0,0.0,0.0,0.0,0.0,0.0,0.0,0.0,0.0,0.0,0.0,0.0,0.0,0.0,0.0,0.0,0.0,0.0,0.0,0.0,0.0,0.0,0.0,0.0,0.0,0.0,0.0,0.0,0.0,0.0,0.0,0.0,0.0,0.0,0.0,0.0,0.0,0.0,0.0,0.0,0.0,0.0,0.0
295,0.0,0.0,0.0,0.0,0.0,0.0,0.0,0.0,0.0,0.0,0.0,0.0,0.0,0.0,0.0,0.0,0.0,0.0,0.0,0.0,0.0,0.0,0.0,0.0,0.0,0.0,0.0,0.0,0.0,0.0,0.0,0.0,0.0,0.0,0.0,0.0,0.0,0.0,0.0,0.0,0.0,0.0,0.0,0.0,0.0,0.0,0.0,0.0,0.0,0.0,0.0,0.0,0.0,0.0,0.0,0.0,0.0,0.0,0.0,0.0,0.0,0.0,0.0,0.0
296,0.0,0.0,0.0,0.0,0.0,0.0,0.0,0.0,0.0,0.0,0.0,0.0,0.0,0.0,0.0,0.0,0.0,0.0,0.0,0.0,0.0,0.0,0.0,0.0,0.0,0.0,0.0,0.0,0.0,0.0,0.0,0.0,0.0,0.0,0.0,0.0,0.0,0.0,0.0,0.0,0.0,0.0,0.0,0.0,0.0,0.0,0.0,0.0,0.0,0.0,0.0,0.0,0.0,0.0,0.0,0.0,0.0,0.0,0.0,0.0,0.0,0.0,0.0,0.0
297,0.0,0.0,0.0,0.0,0.0,0.0,0.0,0.0,0.0,0.0,0.0,0.0,0.0,0.0,0.0,0.0,0.0,0.0,0.0,0.0,0.0,0.0,0.0,0.0,0.0,0.0,0.0,0.0,0.0,0.0,0.0,0.0,0.0,0.0,0.0,0.0,0.0,0.0,0.0,0.0,0.0,0.0,0.0,0.0,0.0,0.0,0.0,0.0,0.0,0.0,0.0,0.0,0.0,0.0,0.0,0.0,0.0,0.0,0.0,0.0,0.0,0.0,0.0,0.0
298,0.0,0.0,0.0,0.0,0.0,0.0,0.0,0.0,0.0,0.0,0.0,0.0,0.0,0.0,0.0,0.0,0.0,0.0,0.0,0.0,0.0,0.0,0.0,0.0,0.0,0.0,0.0,0.0,0.0,0.0,0.0,0.0,0.0,0.0,0.0,0.0,0.0,0.0,0.0,0.0,0.0,0.0,0.0,0.0,0.0,0.0,0.0,0.0,0.0,0.0,0.0,0.0,0.0,0.0,0.0,0.0,0.0,0.0,0.0,0.0,0.0,0.0,0.0,0.0
299,0.0,0.0,0.0,0.0,0.0,0.0,0.0,0.0,0.0,0.0,0.0,0.0,0.0,0.0,0.0,0.0,0.0,0.0,0.0,0.0,0.0,0.0,0.0,0.0,0.0,0.0,0.0,0.0,0.0,0.0,0.0,0.0,0.0,0.0,0.0,0.0,0.0,0.0,0.0,0.0,0.0,0.0,0.0,0.0,0.0,0.0,0.0,0.0,0.0,0.0,0.0,0.0,0.0,0.0,0.0,0.0,0.0,0.0,0.0,0.0,0.0,0.0,0.0,0.0
300,0.0,0.0,0.0,0.0,0.0,0.0,0.0,0.0,0.0,0.28,0.0,0.1,0.28,0.17,0.01,0.0,0.0,0.32,0.3,0.0,0.24,0.15,0.36,0.0,0.0,0.0,0.0,0.0,0.0,0.0,0.0,0.0,0.0,0.0,0.0,0.0,0.0,0.0,0.01,0.0,0.0,0.0,0.0,0.01,0.0,0.0,0.0,0.0,0.0,0.01,0.0,0.0,0.0,0.0,0.0,0.0,0.0,0.0,0.0,0.01,0.0,0.0,0.0,0.0
301,0.0,0.0,0.0,0.0,0.0,0.0,0.0,0.0,0.13,0.7,0.12,0.59,0.6,0.07,0.05,0.04,0.33,0.51,0.48,0.1,0.42,0.33,0.66,0.06,0.03,0.02,0.0,0.0,0.01,0.0,0.01,0.0,0.0,0.0,0.0,0.1,0.06,0.2,0.35,0.1,0.07,0.2,0.04,0.03,0.04,0.18,0.0,0.0,0.0,0.0,0.28,0.18,0.4,0.1,0.15,0.25,0.0,0.02,0.06,0.35,0.05,0.37,0.02,0.05
302,0.0,0.01,0.01,0.0,0.0,0.01,0.0,0.0,0.38,0.67,0.38,0.37,0.53,0.46,0.46,0.48,0.29,0.49,0.48,0.45,0.52,0.42,0.54,0.14,0.01,0.01,0.0,0.0,0.01,0.01,0.01,0.0,0.0,0.0,0.0,0.03,0.61,0.45,0.12,0.4,0.14,0.09,0.3,0.58,0.14,0.2,0.01,0.0,0.0,0.01,0.45,0.02,0.18,0.35,0.4,0.37,0.0,0.31,0.19,0.43,0.49,0.43,0.02,0.28
303,0.0,0.01,0.01,0.0,0.0,0.01,0.0,0.0,0.46,0.63,0.44,0.58,0.62,0.53,0.5,0.55,0.41,0.54,0.53,0.57,0.48,0.52,0.55,0.22,0.02,0.01,0.0,0.0,0.02,0.01,0.01,0.0,0.0,0.0,0.0,0.03,0.12,0.5,0.04,0.42,0.42,0.03,0.04,0.12,0.27,0.04,0.01,0.0,0.0,0.01,0.62,0.13,0.44,0.37,0.66,0.44,0.0,0.46,0.51,0.5,0.08,0.56,0.04,0.3
304,0.0,0.01,0.01,0.0,0.0,0.01,0.0,0.0,0.48,0.66,0.52,0.41,0.54,0.41,0.52,0.56,0.43,0.53,0.51,0.53,0.54,0.39,0.5,0.04,0.02,0.02,0.0,0.0,0.14,0.01,0.01,0.0,0.0,0.0,0.0,0.04,0.06,0.53,0.08,0.47,0.25,0.07,0.07,0.05,0.04,0.09,0.01,0.0,0.0,0.01,0.05,0.06,0.63,0.07,0.42,0.69,0.0,0.18,0.04,0.49,0.04,0.04,0.07,0.04
305,0.0,0.01,0.01,0.0,0.0,0.01,0.0,0.0,0.67,0.5,0.45,0.4,0.42,0.42,0.51,0.55,0.61,0.41,0.38,0.57,0.48,0.42,0.44,0.04,0.0,0.02,0.0,0.0,0.02,0.02,0.02,0.0,0.0,0.0,0.0,0.02,0.04,0.52,0.04,0.54,0.04,0.04,0.04,0.64,0.04,0.04,0.01,0.0,0.0,0.01,0.04,0.03,0.07,0.03,0.7,0.06,0.0,0.04,0.04,0.73,0.03,0.04,0.05,0.03
306,0.0,0.01,0.01,0.0,0.0,0.0,0.0,0.0,0.19,0.46,0.06,0.51,0.4,0.61,0.65,0.66,0.27,0.49,0.46,0.68,0.48,0.5,0.4,0.05,0.0,0.01,0.0,0.0,0.01,0.01,0.01,0.0,0.0,0.0,0.0,0.02,0.03,0.04,0.02,0.04,0.03,0.02,0.04,0.04,0.02,0.02,0.0,0.0,0.0,0.0,0.02,0.02,0.03,0.02,0.07,0.05,0.0,0.03,0.02,0.33,0.02,0.02,0.01,0.02
307,0.0,0.0,0.0,0.0,0.0,0.0,0.0,0.0,0.03,0.37,0.02,0.05,0.34,0.28,0.15,0.12,0.03,0.26,0.25,0.23,0.3,0.45,0.3,0.02,0.0,0.0,0.0,0.0,0.0,0.0,0.0,0.0,0.0,0.0,0.0,0.0,0.01,0.01,0.0,0.01,0.01,0.0,0.01,0.01,0.01,0.0,0.0,0.0,0.0,0.0,0.02,0.0,0.01,0.41,0.01,0.02,0.0,0.01,0.01,0.03,0.01,0.01,0.0,0.01
308,0.0,0.0,0.0,0.0,0.0,0.0,0.0,0.0,0.0,0.0,0.0,0.0,0.0,0.0,0.0,0.0,0.0,0.0,0.0,0.0,0.0,0.0,0.0,0.0,0.0,0.0,0.0,0.0,0.0,0.0,0.0,0.0,0.0,0.0,0.0,0.0,0.0,0.0,0.0,0.0,0.0,0.0,0.0,0.0,0.0,0.0,0.0,0.0,0.0,0.0,0.0,0.0,0.16,0.0,0.0,0.0,0.0,0.0,0.0,0.0,0.0,0.0,0.0,0.0
309,0.0,0.0,0.0,0.0,0.0,0.0,0.0,0.0,0.0,0.0,0.0,0.0,0.0,0.0,0.0,0.0,0.0,0.0,0.0,0.0,0.0,0.0,0.0,0.0,0.0,0.0,0.0,0.0,0.0,0.0,0.0,0.0,0.0,0.0,0.0,0.0,0.0,0.0,0.0,0.0,0.0,0.0,0.0,0.0,0.0,0.0,0.0,0.0,0.0,0.0,0.0,0.0,0.0,0.0,0.0,0.0,0.0,0.0,0.0,0.0,0.0,0.0,0.0,0.0
310,0.0,0.0,0.0,0.0,0.0,0.0,0.0,0.0,0.0,0.0,0.0,0.0,0.0,0.0,0.0,0.0,0.0,0.0,0.0,0.0,0.0,0.0,0.0,0.0,0.0,0.0,0.0,0.0,0.0,0.0,0.0,0.0,0.0,0.0,0.0,0.0,0.0,0.0,0.0,0.0,0.0,0.0,0.0,0.0,0.0,0.0,0.0,0.0,0.0,0.0,0.0,0.0,0.0,0.0,0.0,0.0,0.0,0.0,0.0,0.0,0.0,0.0,0.0,0.0
311,0.0,0.0,0.0,0.0,0.0,0.0,0.0,0.0,0.0,0.0,0.0,0.0,0.0,0.0,0.0,0.0,0.0,0.0,0.0,0.0,0.0,0.0,0.0,0.0,0.0,0.0,0.0,0.0,0.0,0.0,0.0,0.0,0.0,0.0,0.0,0.0,0.0,0.0,0.0,0.0,0.0,0.0,0.0,0.0,0.0,0.0,0.0,0.0,0.0,0.0,0.0,0.0,0.0,0.0,0.0,0.0,0.0,0.0,0.0,0.0,0.0,0.0,0.0,0.0
312,0.0,0.0,0.0,0.0,0.0,0.0,0.0,0.0,0.0,0.0,0.0,0.0,0.0,0.0,0.0,0.0,0.0,0.0,0.0,0.0,0.0,0.0,0.0,0.0,0.0,0.0,0.0,0.0,0.0,0.0,0.0,0.0,0.0,0.0,0.0,0.0,0.0,0.0,0.0,0.0,0.0,0.0,0.0,0.0,0.0,0.0,0.0,0.0,0.0,0.0,0.0,0.0,0.0,0.0,0.0,0.0,0.0,0.0,0.0,0.0,0.0,0.0,0.0,0.0
313,0.0,0.0,0.0,0.0,0.0,0.0,0.0,0.0,0.0,0.0,0.0,0.0,0.0,0.0,0.0,0.0,0.0,0.0,0.0,0.0,0.0,0.0,0.0,0.0,0.0,0.0,0.0,0.0,0.0,0.0,0.0,0.0,0.0,0.0,0.0,0.0,0.0,0.0,0.0,0.0,0.0,0.0,0.0,0.0,0.0,0.0,0.0,0.0,0.0,0.0,0.0,0.0,0.0,0.0,0.0,0.0,0.0,0.0,0.0,0.0,0.0,0.0,0.0,0.0
314,0.0,0.0,0.0,0.0,0.0,0.0,0.0,0.0,0.0,0.0,0.0,0.0,0.0,0.0,0.0,0.0,0.0,0.0,0.0,0.0,0.0,0.0,0.0,0.0,0.0,0.0,0.0,0.0,0.0,0.0,0.0,0.0,0.0,0.0,0.0,0.0,0.0,0.0,0.0,0.0,0.0,0.0,0.0,0.0,0.0,0.0,0.0,0.0,0.0,0.0,0.0,0.0,0.0,0.0,0.0,0.0,0.0,0.0,0.0,0.0,0.0,0.0,0.0,0.0
315,0.0,0.0,0.0,0.0,0.0,0.0,0.0,0.0,0.0,0.0,0.0,0.0,0.0,0.0,0.0,0.0,0.0,0.0,0.0,0.0,0.0,0.0,0.0,0.0,0.0,0.0,0.0,0.0,0.0,0.0,0.0,0.0,0.0,0.0,0.0,0.0,0.0,0.0,0.0,0.0,0.0,0.0,0.0,0.0,0.0,0.0,0.0,0.0,0.0,0.0,0.0,0.0,0.0,0.0,0.0,0.0,0.0,0.0,0.0,0.0,0.0,0.0,0.0,0.0
316,0.0,0.0,0.0,0.0,0.0,0.0,0.0,0.0,0.0,0.0,0.0,0.0,0.0,0.0,0.0,0.0,0.0,0.0,0.0,0.0,0.0,0.0,0.0,0.0,0.0,0.0,0.0,0.0,0.0,0.0,0.0,0.0,0.0,0.0,0.0,0.0,0.0,0.0,0.0,0.0,0.0,0.0,0.0,0.0,0.0,0.0,0.0,0.0,0.0,0.0,0.0,0.0,0.0,0.0,0.0,0.0,0.0,0.0,0.0,0.0,0.0,0.0,0.0,0.0
317,0.0,0.0,0.0,0.0,0.0,0.0,0.0,0.0,0.0,0.0,0.0,0.0,0.0,0.0,0.0,0.0,0.0,0.0,0.0,0.0,0.0,0.0,0.0,0.0,0.0,0.0,0.0,0.0,0.0,0.0,0.0,0.0,0.0,0.0,0.0,0.0,0.0,0.0,0.0,0.0,0.0,0.0,0.0,0.0,0.0,0.0,0.0,0.0,0.0,0.0,0.0,0.0,0.0,0.0,0.0,0.0,0.0,0.0,0.0,0.0,0.0,0.0,0.0,0.0
318,0.0,0.0,0.0,0.0,0.0,0.0,0.0,0.0,0.0,0.0,0.0,0.0,0.0,0.0,0.0,0.0,0.0,0.0,0.0,0.0,0.0,0.0,0.0,0.0,0.0,0.0,0.0,0.0,0.0,0.0,0.0,0.0,0.0,0.0,0.0,0.0,0.0,0.0,0.0,0.0,0.0,0.0,0.0,0.0,0.0,0.0,0.0,0.0,0.0,0.0,0.0,0.0,0.0,0.0,0.0,0.0,0.0,0.0,0.0,0.0,0.0,0.0,0.0,0.0
319,0.0,0.0,0.0,0.0,0.0,0.0,0.0,0.0,0.0,0.0,0.0,0.0,0.0,0.0,0.0,0.0,0.0,0.0,0.0,0.0,0.0,0.0,0.0,0.0,0.0,0.0,0.0,0.0,0.0,0.0,0.0,0.0,0.0,0.0,0.0,0.0,0.0,0.0,0.0,0.0,0.0,0.0,0.0,0.0,0.0,0.0,0.0,0.0,0.0,0.0,0.0,0.0,0.0,0.0,0.0,0.0,0.0,0.0,0.0,0.0,0.0,0.0,0.0,0.0
320,0.0,0.0,0.0,0.0,0.0,0.0,0.0,0.0,0.0,0.0,0.0,0.0,0.0,0.0,0.0,0.0,0.0,0.0,0.0,0.0,0.0,0.0,0.0,0.0,0.0,0.0,0.0,0.0,0.0,0.0,0.0,0.0,0.0,0.0,0.0,0.0,0.0,0.0,0.0,0.0,0.0,0.0,0.0,0.0,0.0,0.0,0.0,0.0,0.0,0.0,0.0,0.0,0.0,0.0,0.0,0.0,0.0,0.0,0.0,0.0,0.0,0.0,0.0,0.0
321,0.0,0.0,0.0,0.0,0.0,0.0,0.0,0.0,0.0,0.0,0.0,0.0,0.0,0.0,0.0,0.0,0.0,0.0,0.0,0.0,0.0,0.0,0.0,0.0,0.0,0.0,0.0,0.0,0.0,0.0,0.0,0.0,0.0,0.0,0.0,0.0,0.0,0.0,0.0,0.0,0.0,0.0,0.0,0.0,0.0,0.0,0.0,0.0,0.0,0.0,0.0,0.0,0.0,0.0,0.0,0.0,0.0,0.0,0.0,0.0,0.0,0.0,0.0,0.0
322,0.0,0.0,0.0,0.0,0.0,0.0,0.0,0.0,0.0,0.0,0.0,0.0,0.0,0.0,0.0,0.0,0.0,0.0,0.0,0.0,0.0,0.0,0.0,0.0,0.0,0.0,0.0,0.0,0.0,0.0,0.0,0.0,0.0,0.0,0.0,0.0,0.0,0.0,0.0,0.0,0.0,0.0,0.0,0.0,0.0,0.0,0.0,0.0,0.0,0.0,0.0,0.0,0.0,0.0,0.0,0.0,0.0,0.0,0.0,0.0,0.0,0.0,0.0,0.0
323,0.0,0.0,0.0,0.0,0.0,0.0,0.0,0.0,0.0,0.0,0.0,0.0,0.0,0.0,0.0,0.0,0.0,0.0,0.0,0.0,0.0,0.0,0.0,0.0,0.0,0.0,0.0,0.0,0.0,0.0,0.0,0.0,0.0,0.0,0.0,0.0,0.0,0.0,0.0,0.0,0.0,0.0,0.0,0.0,0.0,0.0,0.0,0.0,0.0,0.0,0.0,0.0,0.0,0.0,0.0,0.0,0.0,0.0,0.0,0.0,0.0,0.0,0.0,0.0
324,0.0,0.55,0.54,0.0,0.0,0.45,0.0,0.0,0.26,0.56,0.26,0.17,0.29,0.25,0.26,0.25,0.21,0.42,0.38,0.24,0.53,0.25,0.31,0.31,0.11,0.02,0.0,0.0,0.01,0.54,0.1,0.0,0.0,0.0,0.0,0.02,0.24,0.28,0.02,0.25,0.27,0.01,0.01,0.41,0.31,0.01,0.24,0.0,0.0,0.24,0.07,0.0,0.34,0.07,0.26,0.33,0.0,0.13,0.07,0.33,0.01,0.02,0.01,0.03
325,0.0,0.73,0.72,0.0,0.0,0.32,0.0,0.0,0.41,0.74,0.45,0.42,0.51,0.4,0.47,0.44,0.41,0.74,0.75,0.45,0.74,0.35,0.66,0.48,0.63,0.13,0.0,0.0,0.07,0.72,0.18,0.0,0.0,0.0,0.0,0.18,0.52,0.49,0.11,0.46,0.5,0.08,0.26,0.56,0.46,0.1,0.29,0.0,0.0,0.15,0.67,0.05,0.66,0.24,0.55,0.63,0.0,0.68,0.65,0.65,0.39,0.29,0.06,0.39
326,0.0,0.78,0.78,0.0,0.0,0.79,0.0,0.0,0.58,0.8,0.59,0.53,0.6,0.46,0.5,0.58,0.62,0.82,0.82,0.51,0.8,0.43,0.77,0.61,0.16,0.34,0.0,0.0,0.22,0.77,0.18,0.0,0.0,0.0,0.0,0.78,0.63,0.64,0.79,0.62,0.65,0.78,0.76,0.62,0.6,0.78,0.79,0.0,0.0,0.29,0.18,0.34,0.75,0.29,0.67,0.72,0.0,0.75,0.24,0.56,0.72,0.14,0.19,0.73
327,0.0,0.82,0.82,0.0,0.0,0.83,0.0,0.0,0.79,0.83,0.79,0.78,0.79,0.7,0.69,0.7,0.78,0.86,0.86,0.65,0.83,0.66,0.86,0.81,0.23,0.3,0.0,0.0,0.55,0.82,0.29,0.0,0.0,0.0,0.0,0.83,0.83,0.8,0.84,0.81,0.81,0.83,0.79,0.82,0.82,0.83,0.66,0.0,0.0,0.48,0.21,0.83,0.79,0.79,0.8,0.79,0.0,0.8,0.37,0.79,0.22,0.42,0.51,0.22
328,0.0,0.83,0.84,0.0,0.0,0.85,0.0,0.0,0.84,0.83,0.85,0.82,0.86,0.85,0.83,0.81,0.84,0.86,0.86,0.85,0.84,0.8,0.87,0.86,0.16,0.37,0.0,0.0,0.84,0.82,0.83,0.0,0.0,0.0,0.0,0.84,0.84,0.85,0.86,0.85,0.82,0.86,0.63,0.85,0.86,0.86,0.85,0.0,0.0,0.86,0.81,0.6,0.82,0.8,0.83,0.8,0.0,0.81,0.81,0.82,0.35,0.81,0.85,0.8
329,0.0,0.73,0.82,0.0,0.0,0.83,0.0,0.0,0.84,0.82,0.84,0.82,0.84,0.84,0.84,0.84,0.82,0.85,0.84,0.84,0.83,0.83,0.85,0.84,0.14,0.58,0.0,0.0,0.82,0.82,0.42,0.0,0.0,0.0,0.0,0.83,0.83,0.84,0.84,0.83,0.81,0.84,0.83,0.83,0.84,0.84,0.83,0.0,0.0,0.84,0.78,0.84,0.83,0.8,0.82,0.79,0.0,0.8,0.78,0.81,0.79,0.77,0.29,0.77
330,0.0,0.34,0.28,0.0,0.0,0.79,0.0,0.0,0.8,0.76,0.79,0.79,0.78,0.8,0.8,0.79,0.78,0.79,0.8,0.79,0.77,0.79,0.78,0.79,0.1,0.17,0.0,0.0,0.78,0.28,0.15,0.0,0.0,0.0,0.0,0.78,0.78,0.78,0.79,0.78,0.77,0.8,0.78,0.78,0.79,0.79,0.79,0.0,0.0,0.8,0.27,0.79,0.78,0.76,0.77,0.75,0.0,0.75,0.37,0.77,0.76,0.52,0.8,0.5
331,0.0,0.06,0.07,0.0,0.0,0.7,0.0,0.0,0.67,0.62,0.67,0.67,0.64,0.66,0.66,0.66,0.66,0.65,0.66,0.67,0.64,0.66,0.63,0.69,0.03,0.1,0.0,0.0,0.69,0.1,0.17,0.0,0.0,0.0,0.0,0.69,0.69,0.67,0.7,0.67,0.28,0.7,0.69,0.69,0.2,0.7,0.7,0.0,0.0,0.7,0.16,0.2,0.67,0.66,0.67,0.66,0.0,0.26,0.15,0.67,0.25,0.18,0.7,0.16
332,0.0,0.01,0.03,0.0,0.0,0.41,0.0,0.0,0.22,0.0,0.25,0.02,0.0,0.02,0.02,0.02,0.24,0.0,0.0,0.03,0.0,0.01,0.0,0.29,0.0,0.02,0.0,0.0,0.41,0.01,0.02,0.0,0.0,0.0,0.0,0.4,0.32,0.28,0.39,0.27,0.06,0.38,0.37,0.32,0.3,0.39,0.4,0.0,0.0,0.4,0.02,0.02,0.07,0.03,0.29,0.32,0.0,0.21,0.04,0.31,0.09,0.02,0.08,0.02
333,0.0,0.0,0.0,0.0,0.0,0.0,0.0,0.0,0.0,0.0,0.0,0.0,0.0,0.0,0.0,0.0,0.0,0.0,0.0,0.0,0.0,0.0,0.0,0.0,0.0,0.0,0.0,0.0,0.0,0.0,0.0,0.0,0.0,0.0,0.0,0.0,0.0,0.0,0.0,0.0,0.0,0.0,0.0,0.0,0.0,0.0,0.0,0.0,0.0,0.0,0.0,0.0,0.0,0.0,0.0,0.0,0.0,0.0,0.0,0.0,0.0,0.0,0.0,0.0
334,0.0,0.0,0.0,0.0,0.0,0.0,0.0,0.0,0.0,0.0,0.0,0.0,0.0,0.0,0.0,0.0,0.0,0.0,0.0,0.0,0.0,0.0,0.0,0.0,0.0,0.0,0.0,0.0,0.0,0.0,0.0,0.0,0.0,0.0,0.0,0.0,0.0,0.0,0.0,0.0,0.0,0.0,0.0,0.0,0.0,0.0,0.0,0.0,0.0,0.0,0.0,0.0,0.0,0.0,0.0,0.0,0.0,0.0,0.0,0.0,0.0,0.0,0.0,0.0
335,0.0,0.0,0.0,0.0,0.0,0.0,0.0,0.0,0.0,0.0,0.0,0.0,0.0,0.0,0.0,0.0,0.0,0.0,0.0,0.0,0.0,0.0,0.0,0.0,0.0,0.0,0.0,0.0,0.0,0.0,0.0,0.0,0.0,0.0,0.0,0.0,0.0,0.0,0.0,0.0,0.0,0.0,0.0,0.0,0.0,0.0,0.0,0.0,0.0,0.0,0.0,0.0,0.0,0.0,0.0,0.0,0.0,0.0,0.0,0.0,0.0,0.0,0.0,0.0
336,0.0,0.0,0.0,0.0,0.0,0.0,0.0,0.0,0.0,0.0,0.0,0.0,0.0,0.0,0.0,0.0,0.0,0.0,0.0,0.0,0.0,0.0,0.0,0.0,0.0,0.0,0.0,0.0,0.0,0.0,0.0,0.0,0.0,0.0,0.0,0.0,0.0,0.0,0.0,0.0,0.0,0.0,0.0,0.0,0.0,0.0,0.0,0.0,0.0,0.0,0.0,0.0,0.0,0.0,0.0,0.0,0.0,0.0,0.0,0.0,0.0,0.0,0.0,0.0
337,0.0,0.0,0.0,0.0,0.0,0.0,0.0,0.0,0.0,0.0,0.0,0.0,0.0,0.0,0.0,0.0,0.0,0.0,0.0,0.0,0.0,0.0,0.0,0.0,0.0,0.0,0.0,0.0,0.0,0.0,0.0,0.0,0.0,0.0,0.0,0.0,0.0,0.0,0.0,0.0,0.0,0.0,0.0,0.0,0.0,0.0,0.0,0.0,0.0,0.0,0.0,0.0,0.0,0.0,0.0,0.0,0.0,0.0,0.0,0.0,0.0,0.0,0.0,0.0
338,0.0,0.0,0.0,0.0,0.0,0.0,0.0,0.0,0.0,0.0,0.0,0.0,0.0,0.0,0.0,0.0,0.0,0.0,0.0,0.0,0.0,0.0,0.0,0.0,0.0,0.0,0.0,0.0,0.0,0.0,0.0,0.0,0.0,0.0,0.0,0.0,0.0,0.0,0.0,0.0,0.0,0.0,0.0,0.0,0.0,0.0,0.0,0.0,0.0,0.0,0.0,0.0,0.0,0.0,0.0,0.0,0.0,0.0,0.0,0.0,0.0,0.0,0.0,0.0
339,0.0,0.0,0.0,0.0,0.0,0.0,0.0,0.0,0.0,0.0,0.0,0.0,0.0,0.0,0.0,0.0,0.0,0.0,0.0,0.0,0.0,0.0,0.0,0.0,0.0,0.0,0.0,0.0,0.0,0.0,0.0,0.0,0.0,0.0,0.0,0.0,0.0,0.0,0.0,0.0,0.0,0.0,0.0,0.0,0.0,0.0,0.0,0.0,0.0,0.0,0.0,0.0,0.0,0.0,0.0,0.0,0.0,0.0,0.0,0.0,0.0,0.0,0.0,0.0
340,0.0,0.0,0.0,0.0,0.0,0.0,0.0,0.0,0.0,0.0,0.0,0.0,0.0,0.0,0.0,0.0,0.0,0.0,0.0,0.0,0.0,0.0,0.0,0.0,0.0,0.0,0.0,0.0,0.0,0.0,0.0,0.0,0.0,0.0,0.0,0.0,0.0,0.0,0.0,0.0,0.0,0.0,0.0,0.0,0.0,0.0,0.0,0.0,0.0,0.0,0.0,0.0,0.0,0.0,0.0,0.0,0.0,0.0,0.0,0.0,0.0,0.0,0.0,0.0
341,0.0,0.0,0.0,0.0,0.0,0.0,0.0,0.0,0.0,0.0,0.0,0.0,0.0,0.0,0.0,0.0,0.0,0.0,0.0,0.0,0.0,0.0,0.0,0.0,0.0,0.0,0.0,0.0,0.0,0.0,0.0,0.0,0.0,0.0,0.0,0.0,0.0,0.0,0.0,0.0,0.0,0.0,0.0,0.0,0.0,0.0,0.0,0.0,0.0,0.0,0.0,0.0,0.0,0.0,0.0,0.0,0.0,0.0,0.0,0.0,0.0,0.0,0.0,0.0
342,0.0,0.0,0.0,0.0,0.0,0.0,0.0,0.0,0.0,0.0,0.0,0.0,0.0,0.0,0.0,0.0,0.0,0.0,0.0,0.0,0.0,0.0,0.0,0.0,0.0,0.0,0.0,0.0,0.0,0.0,0.0,0.0,0.0,0.0,0.0,0.0,0.0,0.0,0.0,0.0,0.0,0.0,0.0,0.0,0.0,0.0,0.0,0.0,0.0,0.0,0.0,0.0,0.0,0.0,0.0,0.0,0.0,0.0,0.0,0.0,0.0,0.0,0.0,0.0
343,0.0,0.0,0.0,0.0,0.0,0.0,0.0,0.0,0.0,0.0,0.0,0.0,0.0,0.0,0.0,0.0,0.0,0.0,0.0,0.0,0.0,0.0,0.0,0.0,0.0,0.0,0.0,0.0,0.0,0.0,0.0,0.0,0.0,0.0,0.0,0.0,0.0,0.0,0.0,0.0,0.0,0.0,0.0,0.0,0.0,0.0,0.0,0.0,0.0,0.0,0.0,0.0,0.0,0.0,0.0,0.0,0.0,0.0,0.0,0.0,0.0,0.0,0.0,0.0
344,0.0,0.0,0.0,0.0,0.0,0.0,0.0,0.0,0.0,0.0,0.0,0.0,0.0,0.0,0.0,0.0,0.0,0.0,0.0,0.0,0.0,0.0,0.0,0.0,0.0,0.0,0.0,0.0,0.0,0.0,0.0,0.0,0.0,0.0,0.0,0.0,0.0,0.0,0.0,0.0,0.0,0.0,0.0,0.0,0.0,0.0,0.0,0.0,0.0,0.0,0.0,0.0,0.0,0.0,0.0,0.0,0.0,0.0,0.0,0.0,0.0,0.0,0.0,0.0
345,0.0,0.0,0.0,0.0,0.0,0.0,0.0,0.0,0.0,0.0,0.0,0.0,0.0,0.0,0.0,0.0,0.0,0.0,0.0,0.0,0.0,0.0,0.0,0.0,0.0,0.0,0.0,0.0,0.0,0.0,0.0,0.0,0.0,0.0,0.0,0.0,0.0,0.0,0.0,0.0,0.0,0.0,0.0,0.0,0.0,0.0,0.0,0.0,0.0,0.0,0.0,0.0,0.0,0.0,0.0,0.0,0.0,0.0,0.0,0.0,0.0,0.0,0.0,0.0
346,0.0,0.0,0.0,0.0,0.0,0.0,0.0,0.0,0.0,0.0,0.0,0.0,0.0,0.0,0.0,0.0,0.0,0.0,0.0,0.0,0.0,0.0,0.0,0.0,0.0,0.0,0.0,0.0,0.0,0.0,0.0,0.0,0.0,0.0,0.0,0.0,0.0,0.0,0.0,0.0,0.0,0.0,0.0,0.0,0.0,0.0,0.0,0.0,0.0,0.0,0.0,0.0,0.0,0.0,0.0,0.0,0.0,0.0,0.0,0.0,0.0,0.0,0.0,0.0
347,0.0,0.0,0.0,0.0,0.0,0.0,0.0,0.0,0.0,0.0,0.0,0.0,0.0,0.0,0.0,0.0,0.0,0.0,0.0,0.0,0.0,0.0,0.0,0.0,0.0,0.0,0.0,0.0,0.0,0.0,0.0,0.0,0.0,0.0,0.0,0.0,0.0,0.0,0.0,0.0,0.0,0.0,0.0,0.0,0.0,0.0,0.0,0.0,0.0,0.0,0.0,0.0,0.0,0.0,0.0,0.0,0.0,0.0,0.0,0.0,0.0,0.0,0.0,0.0
348,0.0,0.0,0.0,0.0,0.0,0.02,0.0,0.0,0.06,0.39,0.31,0.31,0.57,0.37,0.39,0.38,0.27,0.53,0.52,0.36,0.1,0.43,0.57,0.14,0.51,0.01,0.0,0.0,0.01,0.0,0.01,0.0,0.0,0.0,0.0,0.01,0.06,0.24,0.01,0.15,0.01,0.01,0.01,0.1,0.16,0.01,0.02,0.0,0.0,0.02,0.0,0.01,0.0,0.01,0.01,0.0,0.0,0.0,0.0,0.0,0.0,0.0,0.0,0.0
349,0.0,0.04,0.05,0.0,0.0,0.19,0.0,0.0,0.17,0.61,0.4,0.54,0.68,0.6,0.22,0.17,0.64,0.7,0.7,0.17,0.68,0.62,0.69,0.23,0.44,0.02,0.0,0.0,0.03,0.05,0.02,0.0,0.0,0.0,0.0,0.07,0.1,0.21,0.12,0.18,0.05,0.11,0.07,0.18,0.27,0.12,0.15,0.0,0.0,0.12,0.02,0.03,0.02,0.1,0.04,0.04,0.0,0.03,0.03,0.03,0.03,0.03,0.04,0.02
350,0.0,0.05,0.05,0.0,0.0,0.21,0.0,0.0,0.25,0.72,0.72,0.36,0.74,0.23,0.26,0.23,0.73,0.76,0.78,0.2,0.34,0.34,0.76,0.74,0.24,0.04,0.0,0.0,0.05,0.06,0.04,0.0,0.0,0.0,0.0,0.23,0.19,0.75,0.23,0.29,0.25,0.26,0.18,0.18,0.29,0.24,0.22,0.0,0.0,0.22,0.06,0.18,0.11,0.11,0.27,0.22,0.0,0.08,0.1,0.08,0.08,0.26,0.06,0.06
351,0.0,0.04,0.05,0.0,0.0,0.24,0.0,0.0,0.47,0.77,0.74,0.8,0.59,0.31,0.34,0.44,0.74,0.8,0.55,0.27,0.28,0.24,0.76,0.31,0.79,0.06,0.0,0.0,0.06,0.05,0.06,0.0,0.0,0.0,0.0,0.25,0.3,0.41,0.18,0.61,0.45,0.15,0.34,0.27,0.31,0.36,0.7,0.0,0.0,0.3,0.1,0.1,0.26,0.12,0.4,0.37,0.0,0.26,0.14,0.22,0.1,0.17,0.08,0.14
352,0.0,0.11,0.15,0.0,0.0,0.12,0.0,0.0,0.27,0.78,0.44,0.8,0.09,0.78,0.73,0.28,0.7,0.44,0.24,0.22,0.45,0.52,0.28,0.25,0.36,0.06,0.0,0.0,0.08,0.08,0.05,0.0,0.0,0.0,0.0,0.11,0.23,0.32,0.1,0.74,0.13,0.1,0.14,0.36,0.28,0.15,0.1,0.0,0.0,0.18,0.07,0.08,0.14,0.09,0.32,0.12,0.0,0.2,0.07,0.27,0.05,0.08,0.1,0.07
353,0.0,0.78,0.59,0.0,0.0,0.24,0.0,0.0,0.33,0.28,0.12,0.16,0.76,0.74,0.46,0.11,0.58,0.77,0.34,0.19,0.14,0.74,0.29,0.18,0.2,0.09,0.0,0.0,0.07,0.18,0.1,0.0,0.0,0.0,0.0,0.06,0.18,0.22,0.08,0.5,0.05,0.08,0.07,0.29,0.12,0.1,0.33,0.0,0.0,0.38,0.05,0.14,0.07,0.07,0.39,0.16,0.0,0.08,0.04,0.15,0.05,0.06,0.13,0.05
354,0.0,0.74,0.75,0.0,0.0,0.08,0.0,0.0,0.17,0.19,0.09,0.09,0.68,0.55,0.14,0.09,0.13,0.19,0.46,0.16,0.05,0.56,0.69,0.06,0.09,0.75,0.0,0.0,0.18,0.73,0.63,0.0,0.0,0.0,0.0,0.03,0.08,0.07,0.06,0.1,0.04,0.05,0.06,0.17,0.11,0.06,0.08,0.0,0.0,0.38,0.04,0.76,0.07,0.18,0.08,0.18,0.0,0.03,0.04,0.17,0.06,0.06,0.34,0.04
355,0.0,0.63,0.67,0.0,0.0,0.12,0.0,0.0,0.1,0.07,0.02,0.04,0.39,0.16,0.12,0.49,0.09,0.37,0.14,0.47,0.3,0.18,0.46,0.05,0.03,0.14,0.0,0.0,0.65,0.64,0.23,0.0,0.0,0.0,0.0,0.11,0.03,0.02,0.02,0.05,0.02,0.02,0.02,0.03,0.03,0.02,0.12,0.0,0.0,0.11,0.02,0.32,0.04,0.13,0.1,0.11,0.0,0.06,0.02,0.15,0.03,0.02,0.69,0.04
356,0.0,0.34,0.34,0.0,0.0,0.05,0.0,0.0,0.0,0.0,0.0,0.0,0.0,0.0,0.0,0.01,0.0,0.0,0.0,0.0,0.0,0.0,0.0,0.0,0.0,0.01,0.0,0.0,0.02,0.3,0.02,0.0,0.0,0.0,0.0,0.02,0.0,0.0,0.01,0.0,0.0,0.01,0.02,0.0,0.0,0.01,0.07,0.0,0.0,0.01,0.0,0.22,0.0,0.2,0.01,0.01,0.0,0.02,0.0,0.01,0.0,0.0,0.35,0.0
357,0.0,0.0,0.0,0.0,0.0,0.0,0.0,0.0,0.0,0.0,0.0,0.0,0.0,0.0,0.0,0.0,0.0,0.0,0.0,0.0,0.0,0.0,0.0,0.0,0.0,0.0,0.0,0.0,0.0,0.0,0.0,0.0,0.0,0.0,0.0,0.0,0.0,0.0,0.0,0.0,0.0,0.0,0.0,0.0,0.0,0.0,0.0,0.0,0.0,0.0,0.0,0.0,0.0,0.0,0.0,0.0,0.0,0.0,0.0,0.0,0.0,0.0,0.0,0.0
358,0.0,0.0,0.0,0.0,0.0,0.0,0.0,0.0,0.0,0.0,0.0,0.0,0.0,0.0,0.0,0.0,0.0,0.0,0.0,0.0,0.0,0.0,0.0,0.0,0.0,0.0,0.0,0.0,0.0,0.0,0.0,0.0,0.0,0.0,0.0,0.0,0.0,0.0,0.0,0.0,0.0,0.0,0.0,0.0,0.0,0.0,0.0,0.0,0.0,0.0,0.0,0.0,0.0,0.0,0.0,0.0,0.0,0.0,0.0,0.0,0.0,0.0,0.0,0.0
359,0.0,0.0,0.0,0.0,0.0,0.0,0.0,0.0,0.0,0.0,0.0,0.0,0.0,0.0,0.0,0.0,0.0,0.0,0.0,0.0,0.0,0.0,0.0,0.0,0.0,0.0,0.0,0.0,0.0,0.0,0.0,0.0,0.0,0.0,0.0,0.0,0.0,0.0,0.0,0.0,0.0,0.0,0.0,0.0,0.0,0.0,0.0,0.0,0.0,0.0,0.0,0.0,0.0,0.0,0.0,0.0,0.0,0.0,0.0,0.0,0.0,0.0,0.0,0.0
360,0.0,0.0,0.0,0.0,0.0,0.0,0.0,0.0,0.0,0.0,0.0,0.0,0.0,0.0,0.0,0.0,0.0,0.0,0.0,0.0,0.0,0.0,0.0,0.0,0.0,0.0,0.0,0.0,0.0,0.0,0.0,0.0,0.0,0.0,0.0,0.0,0.0,0.0,0.0,0.0,0.0,0.0,0.0,0.0,0.0,0.0,0.0,0.0,0.0,0.0,0.0,0.0,0.0,0.0,0.0,0.0,0.0,0.0,0.0,0.0,0.0,0.0,0.0,0.0
361,0.0,0.0,0.0,0.0,0.0,0.0,0.0,0.0,0.0,0.0,0.0,0.0,0.0,0.0,0.0,0.0,0.0,0.0,0.0,0.0,0.0,0.0,0.0,0.0,0.0,0.0,0.0,0.0,0.0,0.0,0.0,0.0,0.0,0.0,0.0,0.0,0.0,0.0,0.0,0.0,0.0,0.0,0.0,0.0,0.0,0.0,0.0,0.0,0.0,0.0,0.0,0.0,0.0,0.0,0.0,0.0,0.0,0.0,0.0,0.0,0.0,0.0,0.0,0.0
362,0.0,0.0,0.0,0.0,0.0,0.0,0.0,0.0,0.0,0.0,0.0,0.0,0.0,0.0,0.0,0.0,0.0,0.0,0.0,0.0,0.0,0.0,0.0,0.0,0.0,0.0,0.0,0.0,0.0,0.0,0.0,0.0,0.0,0.0,0.0,0.0,0.0,0.0,0.0,0.0,0.0,0.0,0.0,0.0,0.0,0.0,0.0,0.0,0.0,0.0,0.0,0.0,0.0,0.0,0.0,0.0,0.0,0.0,0.0,0.0,0.0,0.0,0.0,0.0
363,0.0,0.0,0.0,0.0,0.0,0.0,0.0,0.0,0.0,0.0,0.0,0.0,0.0,0.0,0.0,0.0,0.0,0.0,0.0,0.0,0.0,0.0,0.0,0.0,0.0,0.0,0.0,0.0,0.0,0.0,0.0,0.0,0.0,0.0,0.0,0.0,0.0,0.0,0.0,0.0,0.0,0.0,0.0,0.0,0.0,0.0,0.0,0.0,0.0,0.0,0.0,0.0,0.0,0.0,0.0,0.0,0.0,0.0,0.0,0.0,0.0,0.0,0.0,0.0
364,0.0,0.0,0.0,0.0,0.0,0.0,0.0,0.0,0.0,0.0,0.0,0.0,0.0,0.0,0.0,0.0,0.0,0.0,0.0,0.0,0.0,0.0,0.0,0.0,0.0,0.0,0.0,0.0,0.0,0.0,0.0,0.0,0.0,0.0,0.0,0.0,0.0,0.0,0.0,0.0,0.0,0.0,0.0,0.0,0.0,0.0,0.0,0.0,0.0,0.0,0.0,0.0,0.0,0.0,0.0,0.0,0.0,0.0,0.0,0.0,0.0,0.0,0.0,0.0
365,0.0,0.0,0.0,0.0,0.0,0.0,0.0,0.0,0.0,0.0,0.0,0.0,0.0,0.0,0.0,0.0,0.0,0.0,0.0,0.0,0.0,0.0,0.0,0.0,0.0,0.0,0.0,0.0,0.0,0.0,0.0,0.0,0.0,0.0,0.0,0.0,0.0,0.0,0.0,0.0,0.0,0.0,0.0,0.0,0.0,0.0,0.0,0.0,0.0,0.0,0.0,0.0,0.0,0.0,0.0,0.0,0.0,0.0,0.0,0.0,0.0,0.0,0.0,0.0
366,0.0,0.0,0.0,0.0,0.0,0.0,0.0,0.0,0.0,0.0,0.0,0.0,0.0,0.0,0.0,0.0,0.0,0.0,0.0,0.0,0.0,0.0,0.0,0.0,0.0,0.0,0.0,0.0,0.0,0.0,0.0,0.0,0.0,0.0,0.0,0.0,0.0,0.0,0.0,0.0,0.0,0.0,0.0,0.0,0.0,0.0,0.0,0.0,0.0,0.0,0.0,0.0,0.0,0.0,0.0,0.0,0.0,0.0,0.0,0.0,0.0,0.0,0.0,0.0
367,0.0,0.0,0.0,0.0,0.0,0.0,0.0,0.0,0.0,0.0,0.0,0.0,0.0,0.0,0.0,0.0,0.0,0.0,0.0,0.0,0.0,0.0,0.0,0.0,0.0,0.0,0.0,0.0,0.0,0.0,0.0,0.0,0.0,0.0,0.0,0.0,0.0,0.0,0.0,0.0,0.0,0.0,0.0,0.0,0.0,0.0,0.0,0.0,0.0,0.0,0.0,0.0,0.0,0.0,0.0,0.0,0.0,0.0,0.0,0.0,0.0,0.0,0.0,0.0
368,0.0,0.0,0.0,0.0,0.0,0.0,0.0,0.0,0.0,0.0,0.0,0.0,0.0,0.0,0.0,0.0,0.0,0.0,0.0,0.0,0.0,0.0,0.0,0.0,0.0,0.0,0.0,0.0,0.0,0.0,0.0,0.0,0.0,0.0,0.0,0.0,0.0,0.0,0.0,0.0,0.0,0.0,0.0,0.0,0.0,0.0,0.0,0.0,0.0,0.0,0.0,0.0,0.0,0.0,0.0,0.0,0.0,0.0,0.0,0.0,0.0,0.0,0.0,0.0
369,0.0,0.0,0.0,0.0,0.0,0.0,0.0,0.0,0.0,0.0,0.0,0.0,0.0,0.0,0.0,0.0,0.0,0.0,0.0,0.0,0.0,0.0,0.0,0.0,0.0,0.0,0.0,0.0,0.0,0.0,0.0,0.0,0.0,0.0,0.0,0.0,0.0,0.0,0.0,0.0,0.0,0.0,0.0,0.0,0.0,0.0,0.0,0.0,0.0,0.0,0.0,0.0,0.0,0.0,0.0,0.0,0.0,0.0,0.0,0.0,0.0,0.0,0.0,0.0
370,0.0,0.0,0.0,0.0,0.0,0.0,0.0,0.0,0.0,0.0,0.0,0.0,0.0,0.0,0.0,0.0,0.0,0.0,0.0,0.0,0.0,0.0,0.0,0.0,0.0,0.0,0.0,0.0,0.0,0.0,0.0,0.0,0.0,0.0,0.0,0.0,0.0,0.0,0.0,0.0,0.0,0.0,0.0,0.0,0.0,0.0,0.0,0.0,0.0,0.0,0.0,0.0,0.0,0.0,0.0,0.0,0.0,0.0,0.0,0.0,0.0,0.0,0.0,0.0
371,0.0,0.0,0.0,0.0,0.0,0.0,0.0,0.0,0.0,0.0,0.0,0.0,0.0,0.0,0.0,0.0,0.0,0.0,0.0,0.0,0.0,0.0,0.0,0.0,0.0,0.0,0.0,0.0,0.0,0.0,0.0,0.0,0.0,0.0,0.0,0.0,0.0,0.0,0.0,0.0,0.0,0.0,0.0,0.0,0.0,0.0,0.0,0.0,0.0,0.0,0.0,0.0,0.0,0.0,0.0,0.0,0.0,0.0,0.0,0.0,0.0,0.0,0.0,0.0
372,0.0,0.54,0.53,0.0,0.0,0.55,0.0,0.0,0.56,0.14,0.55,0.56,0.58,0.56,0.57,0.57,0.56,0.56,0.15,0.56,0.2,0.57,0.58,0.56,0.57,0.28,0.0,0.0,0.54,0.54,0.55,0.0,0.0,0.0,0.0,0.25,0.55,0.55,0.55,0.55,0.55,0.55,0.55,0.56,0.56,0.55,0.55,0.0,0.0,0.56,0.52,0.25,0.28,0.42,0.48,0.44,0.0,0.28,0.52,0.49,0.25,0.51,0.54,0.53
373,0.0,0.7,0.68,0.0,0.0,0.7,0.0,0.0,0.7,0.29,0.68,0.73,0.74,0.7,0.71,0.71,0.72,0.73,0.41,0.71,0.29,0.72,0.73,0.72,0.72,0.71,0.0,0.0,0.7,0.7,0.71,0.0,0.0,0.0,0.0,0.7,0.71,0.72,0.72,0.72,0.74,0.72,0.72,0.72,0.71,0.72,0.7,0.0,0.0,0.7,0.7,0.71,0.69,0.68,0.7,0.26,0.0,0.69,0.7,0.7,0.71,0.69,0.73,0.71
374,0.0,0.74,0.74,0.0,0.0,0.73,0.0,0.0,0.74,0.37,0.72,0.78,0.78,0.74,0.76,0.75,0.78,0.77,0.8,0.74,0.48,0.75,0.78,0.76,0.75,0.77,0.0,0.0,0.76,0.74,0.77,0.0,0.0,0.0,0.0,0.75,0.75,0.77,0.76,0.77,0.79,0.77,0.77,0.76,0.76,0.77,0.73,0.0,0.0,0.74,0.76,0.77,0.75,0.76,0.77,0.74,0.0,0.74,0.76,0.51,0.77,0.76,0.77,0.77
375,0.0,0.8,0.8,0.0,0.0,0.78,0.0,0.0,0.75,0.42,0.77,0.83,0.81,0.78,0.79,0.78,0.82,0.8,0.84,0.77,0.82,0.79,0.81,0.79,0.79,0.82,0.0,0.0,0.8,0.8,0.81,0.0,0.0,0.0,0.0,0.78,0.79,0.8,0.8,0.81,0.83,0.81,0.8,0.8,0.79,0.81,0.78,0.0,0.0,0.79,0.81,0.82,0.8,0.8,0.51,0.81,0.0,0.8,0.8,0.81,0.82,0.8,0.82,0.82
376,0.0,0.8,0.8,0.0,0.0,0.8,0.0,0.0,0.79,0.4,0.79,0.83,0.81,0.79,0.8,0.78,0.84,0.82,0.84,0.77,0.84,0.8,0.81,0.8,0.81,0.83,0.0,0.0,0.82,0.81,0.82,0.0,0.0,0.0,0.0,0.8,0.8,0.8,0.82,0.8,0.84,0.82,0.81,0.81,0.8,0.82,0.81,0.0,0.0,0.81,0.82,0.84,0.83,0.8,0.2,0.82,0.0,0.82,0.81,0.82,0.84,0.82,0.84,0.83
377,0.0,0.8,0.8,0.0,0.0,0.8,0.0,0.0,0.77,0.81,0.76,0.81,0.78,0.78,0.78,0.77,0.82,0.79,0.47,0.77,0.81,0.78,0.79,0.79,0.79,0.82,0.0,0.0,0.81,0.8,0.81,0.0,0.0,0.0,0.0,0.8,0.8,0.78,0.81,0.78,0.83,0.81,0.8,0.79,0.79,0.81,0.79,0.0,0.0,0.79,0.81,0.83,0.81,0.8,0.82,0.29,0.0,0.3,0.8,0.76,0.83,0.81,0.82,0.81
378,0.0,0.76,0.77,0.0,0.0,0.75,0.0,0.0,0.72,0.24,0.7,0.77,0.73,0.74,0.7,0.72,0.77,0.74,0.76,0.73,0.26,0.73,0.73,0.75,0.75,0.78,0.0,0.0,0.77,0.76,0.77,0.0,0.0,0.0,0.0,0.76,0.75,0.75,0.77,0.75,0.78,0.76,0.76,0.74,0.75,0.78,0.75,0.0,0.0,0.75,0.78,0.78,0.38,0.76,0.77,0.24,0.0,0.77,0.77,0.76,0.79,0.77,0.78,0.78
379,0.0,0.68,0.69,0.0,0.0,0.67,0.0,0.0,0.63,0.1,0.63,0.66,0.62,0.63,0.04,0.62,0.66,0.63,0.64,0.63,0.05,0.62,0.61,0.65,0.65,0.7,0.0,0.0,0.68,0.68,0.69,0.0,0.0,0.0,0.0,0.66,0.65,0.66,0.68,0.65,0.68,0.68,0.67,0.64,0.65,0.68,0.67,0.0,0.0,0.67,0.68,0.7,0.68,0.67,0.26,0.26,0.0,0.68,0.68,0.23,0.7,0.68,0.7,0.69
380,0.0,0.44,0.44,0.0,0.0,0.37,0.0,0.0,0.18,0.0,0.21,0.14,0.0,0.01,0.08,0.13,0.21,0.0,0.0,0.15,0.0,0.01,0.0,0.27,0.31,0.43,0.0,0.0,0.41,0.43,0.43,0.0,0.0,0.0,0.0,0.38,0.3,0.26,0.37,0.04,0.3,0.36,0.35,0.3,0.28,0.36,0.37,0.0,0.0,0.36,0.12,0.41,0.31,0.35,0.23,0.02,0.0,0.33,0.12,0.28,0.38,0.36,0.42,0.14
381,0.0,0.0,0.0,0.0,0.0,0.0,0.0,0.0,0.0,0.0,0.0,0.0,0.0,0.0,0.0,0.0,0.0,0.0,0.0,0.0,0.0,0.0,0.0,0.0,0.0,0.0,0.0,0.0,0.0,0.0,0.0,0.0,0.0,0.0,0.0,0.0,0.0,0.0,0.0,0.0,0.0,0.0,0.0,0.0,0.0,0.0,0.0,0.0,0.0,0.0,0.0,0.0,0.0,0.0,0.0,0.0,0.0,0.0,0.0,0.0,0.0,0.0,0.0,0.0
382,0.0,0.0,0.0,0.0,0.0,0.0,0.0,0.0,0.0,0.0,0.0,0.0,0.0,0.0,0.0,0.0,0.0,0.0,0.0,0.0,0.0,0.0,0.0,0.0,0.0,0.0,0.0,0.0,0.0,0.0,0.0,0.0,0.0,0.0,0.0,0.0,0.0,0.0,0.0,0.0,0.0,0.0,0.0,0.0,0.0,0.0,0.0,0.0,0.0,0.0,0.0,0.0,0.0,0.0,0.0,0.0,0.0,0.0,0.0,0.0,0.0,0.0,0.0,0.0
383,0.0,0.0,0.0,0.0,0.0,0.0,0.0,0.0,0.0,0.0,0.0,0.0,0.0,0.0,0.0,0.0,0.0,0.0,0.0,0.0,0.0,0.0,0.0,0.0,0.0,0.0,0.0,0.0,0.0,0.0,0.0,0.0,0.0,0.0,0.0,0.0,0.0,0.0,0.0,0.0,0.0,0.0,0.0,0.0,0.0,0.0,0.0,0.0,0.0,0.0,0.0,0.0,0.0,0.0,0.0,0.0,0.0,0.0,0.0,0.0,0.0,0.0,0.0,0.0
384,0.0,0.0,0.0,0.0,0.0,0.0,0.0,0.0,0.0,0.0,0.0,0.0,0.0,0.0,0.0,0.0,0.0,0.0,0.0,0.0,0.0,0.0,0.0,0.0,0.0,0.0,0.0,0.0,0.0,0.0,0.0,0.0,0.0,0.0,0.0,0.0,0.0,0.0,0.0,0.0,0.0,0.0,0.0,0.0,0.0,0.0,0.0,0.0,0.0,0.0,0.0,0.0,0.0,0.0,0.0,0.0,0.0,0.0,0.0,0.0,0.0,0.0,0.0,0.0
385,0.0,0.0,0.0,0.0,0.0,0.0,0.0,0.0,0.0,0.0,0.0,0.0,0.0,0.0,0.0,0.0,0.0,0.0,0.0,0.0,0.0,0.0,0.0,0.0,0.0,0.0,0.0,0.0,0.0,0.0,0.0,0.0,0.0,0.0,0.0,0.0,0.0,0.0,0.0,0.0,0.0,0.0,0.0,0.0,0.0,0.0,0.0,0.0,0.0,0.0,0.0,0.0,0.0,0.0,0.0,0.0,0.0,0.0,0.0,0.0,0.0,0.0,0.0,0.0
386,0.0,0.0,0.0,0.0,0.0,0.0,0.0,0.0,0.0,0.0,0.0,0.0,0.0,0.0,0.0,0.0,0.0,0.0,0.0,0.0,0.0,0.0,0.0,0.0,0.0,0.0,0.0,0.0,0.0,0.0,0.0,0.0,0.0,0.0,0.0,0.0,0.0,0.0,0.0,0.0,0.0,0.0,0.0,0.0,0.0,0.0,0.0,0.0,0.0,0.0,0.0,0.0,0.0,0.0,0.0,0.0,0.0,0.0,0.0,0.0,0.0,0.0,0.0,0.0
387,0.0,0.0,0.0,0.0,0.0,0.0,0.0,0.0,0.0,0.0,0.0,0.0,0.0,0.0,0.0,0.0,0.0,0.0,0.0,0.0,0.0,0.0,0.0,0.0,0.0,0.0,0.0,0.0,0.0,0.0,0.0,0.0,0.0,0.0,0.0,0.0,0.0,0.0,0.0,0.0,0.0,0.0,0.0,0.0,0.0,0.0,0.0,0.0,0.0,0.0,0.0,0.0,0.0,0.0,0.0,0.0,0.0,0.0,0.0,0.0,0.0,0.0,0.0,0.0
388,0.0,0.0,0.0,0.0,0.0,0.0,0.0,0.0,0.0,0.0,0.0,0.0,0.0,0.0,0.0,0.0,0.0,0.0,0.0,0.0,0.0,0.0,0.0,0.0,0.0,0.0,0.0,0.0,0.0,0.0,0.0,0.0,0.0,0.0,0.0,0.0,0.0,0.0,0.0,0.0,0.0,0.0,0.0,0.0,0.0,0.0,0.0,0.0,0.0,0.0,0.0,0.0,0.0,0.0,0.0,0.0,0.0,0.0,0.0,0.0,0.0,0.0,0.0,0.0
389,0.0,0.0,0.0,0.0,0.0,0.0,0.0,0.0,0.0,0.0,0.0,0.0,0.0,0.0,0.0,0.0,0.0,0.0,0.0,0.0,0.0,0.0,0.0,0.0,0.0,0.0,0.0,0.0,0.0,0.0,0.0,0.0,0.0,0.0,0.0,0.0,0.0,0.0,0.0,0.0,0.0,0.0,0.0,0.0,0.0,0.0,0.0,0.0,0.0,0.0,0.0,0.0,0.0,0.0,0.0,0.0,0.0,0.0,0.0,0.0,0.0,0.0,0.0,0.0
390,0.0,0.0,0.0,0.0,0.0,0.0,0.0,0.0,0.0,0.0,0.0,0.0,0.0,0.0,0.0,0.0,0.0,0.0,0.0,0.0,0.0,0.0,0.0,0.0,0.0,0.0,0.0,0.0,0.0,0.0,0.0,0.0,0.0,0.0,0.0,0.0,0.0,0.0,0.0,0.0,0.0,0.0,0.0,0.0,0.0,0.0,0.0,0.0,0.0,0.0,0.0,0.0,0.0,0.0,0.0,0.0,0.0,0.0,0.0,0.0,0.0,0.0,0.0,0.0
391,0.0,0.0,0.0,0.0,0.0,0.0,0.0,0.0,0.0,0.0,0.0,0.0,0.0,0.0,0.0,0.0,0.0,0.0,0.0,0.0,0.0,0.0,0.0,0.0,0.0,0.0,0.0,0.0,0.0,0.0,0.0,0.0,0.0,0.0,0.0,0.0,0.0,0.0,0.0,0.0,0.0,0.0,0.0,0.0,0.0,0.0,0.0,0.0,0.0,0.0,0.0,0.0,0.0,0.0,0.0,0.0,0.0,0.0,0.0,0.0,0.0,0.0,0.0,0.0
392,0.0,0.0,0.0,0.0,0.0,0.0,0.0,0.0,0.0,0.0,0.0,0.0,0.0,0.0,0.0,0.0,0.0,0.0,0.0,0.0,0.0,0.0,0.0,0.0,0.0,0.0,0.0,0.0,0.0,0.0,0.0,0.0,0.0,0.0,0.0,0.0,0.0,0.0,0.0,0.0,0.0,0.0,0.0,0.0,0.0,0.0,0.0,0.0,0.0,0.0,0.0,0.0,0.0,0.0,0.0,0.0,0.0,0.0,0.0,0.0,0.0,0.0,0.0,0.0
393,0.0,0.0,0.0,0.0,0.0,0.0,0.0,0.0,0.0,0.0,0.0,0.0,0.0,0.0,0.0,0.0,0.0,0.0,0.0,0.0,0.0,0.0,0.0,0.0,0.0,0.0,0.0,0.0,0.0,0.0,0.0,0.0,0.0,0.0,0.0,0.0,0.0,0.0,0.0,0.0,0.0,0.0,0.0,0.0,0.0,0.0,0.0,0.0,0.0,0.0,0.0,0.0,0.0,0.0,0.0,0.0,0.0,0.0,0.0,0.0,0.0,0.0,0.0,0.0
394,0.0,0.0,0.0,0.0,0.0,0.0,0.0,0.0,0.0,0.0,0.0,0.0,0.0,0.0,0.0,0.0,0.0,0.0,0.0,0.0,0.0,0.0,0.0,0.0,0.0,0.0,0.0,0.0,0.0,0.0,0.0,0.0,0.0,0.0,0.0,0.0,0.0,0.0,0.0,0.0,0.0,0.0,0.0,0.0,0.0,0.0,0.0,0.0,0.0,0.0,0.0,0.0,0.0,0.0,0.0,0.0,0.0,0.0,0.0,0.0,0.0,0.0,0.0,0.0
395,0.0,0.0,0.0,0.0,0.0,0.0,0.0,0.0,0.0,0.0,0.0,0.0,0.0,0.0,0.0,0.0,0.0,0.0,0.0,0.0,0.0,0.0,0.0,0.0,0.0,0.0,0.0,0.0,0.0,0.0,0.0,0.0,0.0,0.0,0.0,0.0,0.0,0.0,0.0,0.0,0.0,0.0,0.0,0.0,0.0,0.0,0.0,0.0,0.0,0.0,0.0,0.0,0.0,0.0,0.0,0.0,0.0,0.0,0.0,0.0,0.0,0.0,0.0,0.0
396,0.0,0.44,0.49,0.0,0.0,0.4,0.0,0.0,0.56,0.32,0.54,0.53,0.56,0.55,0.56,0.56,0.53,0.47,0.46,0.55,0.51,0.56,0.56,0.55,0.57,0.49,0.0,0.0,0.41,0.46,0.44,0.0,0.0,0.0,0.0,0.52,0.44,0.53,0.53,0.53,0.53,0.54,0.53,0.5,0.51,0.53,0.43,0.0,0.0,0.56,0.49,0.51,0.33,0.48,0.5,0.49,0.0,0.3,0.5,0.49,0.33,0.49,0.42,0.5
397,0.0,0.59,0.56,0.0,0.0,0.45,0.0,0.0,0.57,0.68,0.58,0.68,0.66,0.64,0.58,0.6,0.69,0.68,0.68,0.53,0.67,0.66,0.63,0.52,0.68,0.63,0.0,0.0,0.59,0.61,0.64,0.0,0.0,0.0,0.0,0.45,0.69,0.68,0.49,0.68,0.69,0.5,0.64,0.69,0.55,0.55,0.52,0.0,0.0,0.56,0.69,0.68,0.67,0.67,0.68,0.24,0.0,0.61,0.69,0.67,0.4,0.69,0.68,0.7
398,0.0,0.73,0.73,0.0,0.0,0.52,0.0,0.0,0.76,0.77,0.75,0.77,0.75,0.73,0.73,0.74,0.77,0.76,0.77,0.76,0.76,0.71,0.74,0.78,0.75,0.76,0.0,0.0,0.76,0.74,0.75,0.0,0.0,0.0,0.0,0.75,0.68,0.75,0.78,0.75,0.76,0.76,0.75,0.77,0.76,0.77,0.55,0.0,0.0,0.53,0.79,0.79,0.75,0.77,0.77,0.77,0.0,0.77,0.8,0.76,0.7,0.79,0.8,0.81
399,0.0,0.8,0.79,0.0,0.0,0.62,0.0,0.0,0.78,0.82,0.75,0.81,0.78,0.79,0.78,0.8,0.8,0.79,0.81,0.8,0.82,0.78,0.74,0.8,0.78,0.83,0.0,0.0,0.81,0.81,0.83,0.0,0.0,0.0,0.0,0.79,0.8,0.78,0.81,0.78,0.84,0.82,0.82,0.81,0.81,0.83,0.62,0.0,0.0,0.58,0.82,0.7,0.82,0.8,0.32,0.81,0.0,0.81,0.84,0.6,0.71,0.82,0.85,0.85
400,0.0,0.81,0.82,0.0,0.0,0.68,0.0,0.0,0.79,0.41,0.77,0.82,0.76,0.81,0.8,0.8,0.83,0.8,0.82,0.8,0.58,0.81,0.72,0.8,0.62,0.85,0.0,0.0,0.84,0.82,0.83,0.0,0.0,0.0,0.0,0.82,0.82,0.77,0.84,0.8,0.85,0.84,0.84,0.82,0.81,0.84,0.7,0.0,0.0,0.7,0.82,0.86,0.83,0.82,0.8,0.82,0.0,0.83,0.83,0.83,0.71,0.81,0.87,0.84
401,0.0,0.82,0.82,0.0,0.0,0.77,0.0,0.0,0.79,0.81,0.77,0.82,0.77,0.79,0.8,0.8,0.81,0.8,0.58,0.79,0.32,0.8,0.78,0.81,0.52,0.85,0.0,0.0,0.83,0.83,0.84,0.0,0.0,0.0,0.0,0.83,0.83,0.77,0.84,0.82,0.84,0.84,0.84,0.81,0.81,0.85,0.75,0.0,0.0,0.7,0.82,0.85,0.82,0.81,0.55,0.39,0.0,0.23,0.81,0.29,0.41,0.81,0.86,0.83
402,0.0,0.79,0.79,0.0,0.0,0.76,0.0,0.0,0.75,0.28,0.74,0.78,0.74,0.74,0.75,0.74,0.75,0.74,0.24,0.75,0.34,0.75,0.73,0.76,0.5,0.81,0.0,0.0,0.8,0.8,0.8,0.0,0.0,0.0,0.0,0.79,0.78,0.74,0.8,0.77,0.79,0.8,0.79,0.78,0.77,0.81,0.77,0.0,0.0,0.76,0.25,0.11,0.1,0.19,0.08,0.1,0.0,0.09,0.25,0.05,0.15,0.77,0.61,0.2
403,0.0,0.12,0.04,0.0,0.0,0.68,0.0,0.0,0.64,0.22,0.64,0.68,0.62,0.63,0.64,0.64,0.68,0.63,0.65,0.64,0.11,0.64,0.62,0.66,0.48,0.08,0.0,0.0,0.72,0.04,0.19,0.0,0.0,0.0,0.0,0.71,0.68,0.65,0.1,0.67,0.7,0.31,0.45,0.68,0.67,0.14,0.68,0.0,0.0,0.68,0.13,0.06,0.06,0.13,0.02,0.06,0.0,0.26,0.1,0.27,0.17,0.11,0.4,0.17
404,0.0,0.02,0.02,0.0,0.0,0.4,0.0,0.0,0.24,0.0,0.26,0.0,0.0,0.13,0.16,0.18,0.03,0.0,0.0,0.2,0.0,0.02,0.0,0.31,0.34,0.05,0.0,0.0,0.42,0.05,0.04,0.0,0.0,0.0,0.0,0.41,0.02,0.29,0.02,0.29,0.34,0.09,0.02,0.34,0.32,0.02,0.4,0.0,0.0,0.4,0.08,0.0,0.01,0.01,0.0,0.01,0.0,0.01,0.04,0.01,0.08,0.02,0.16,0.05
405,0.0,0.0,0.0,0.0,0.0,0.0,0.0,0.0,0.0,0.0,0.0,0.0,0.0,0.0,0.0,0.0,0.0,0.0,0.0,0.0,0.0,0.0,0.0,0.0,0.0,0.0,0.0,0.0,0.0,0.0,0.0,0.0,0.0,0.0,0.0,0.0,0.0,0.0,0.0,0.0,0.0,0.0,0.0,0.0,0.0,0.0,0.0,0.0,0.0,0.0,0.0,0.0,0.0,0.0,0.0,0.0,0.0,0.0,0.0,0.0,0.0,0.0,0.0,0.0
406,0.0,0.0,0.0,0.0,0.0,0.0,0.0,0.0,0.0,0.0,0.0,0.0,0.0,0.0,0.0,0.0,0.0,0.0,0.0,0.0,0.0,0.0,0.0,0.0,0.0,0.0,0.0,0.0,0.0,0.0,0.0,0.0,0.0,0.0,0.0,0.0,0.0,0.0,0.0,0.0,0.0,0.0,0.0,0.0,0.0,0.0,0.0,0.0,0.0,0.0,0.0,0.0,0.0,0.0,0.0,0.0,0.0,0.0,0.0,0.0,0.0,0.0,0.0,0.0
407,0.0,0.0,0.0,0.0,0.0,0.0,0.0,0.0,0.0,0.0,0.0,0.0,0.0,0.0,0.0,0.0,0.0,0.0,0.0,0.0,0.0,0.0,0.0,0.0,0.0,0.0,0.0,0.0,0.0,0.0,0.0,0.0,0.0,0.0,0.0,0.0,0.0,0.0,0.0,0.0,0.0,0.0,0.0,0.0,0.0,0.0,0.0,0.0,0.0,0.0,0.0,0.0,0.0,0.0,0.0,0.0,0.0,0.0,0.0,0.0,0.0,0.0,0.0,0.0
408,0.0,0.0,0.0,0.0,0.0,0.0,0.0,0.0,0.0,0.0,0.0,0.0,0.0,0.0,0.0,0.0,0.0,0.0,0.0,0.0,0.0,0.0,0.0,0.0,0.0,0.0,0.0,0.0,0.0,0.0,0.0,0.0,0.0,0.0,0.0,0.0,0.0,0.0,0.0,0.0,0.0,0.0,0.0,0.0,0.0,0.0,0.0,0.0,0.0,0.0,0.0,0.0,0.0,0.0,0.0,0.0,0.0,0.0,0.0,0.0,0.0,0.0,0.0,0.0
409,0.0,0.0,0.0,0.0,0.0,0.0,0.0,0.0,0.0,0.0,0.0,0.0,0.0,0.0,0.0,0.0,0.0,0.0,0.0,0.0,0.0,0.0,0.0,0.0,0.0,0.0,0.0,0.0,0.0,0.0,0.0,0.0,0.0,0.0,0.0,0.0,0.0,0.0,0.0,0.0,0.0,0.0,0.0,0.0,0.0,0.0,0.0,0.0,0.0,0.0,0.0,0.0,0.0,0.0,0.0,0.0,0.0,0.0,0.0,0.0,0.0,0.0,0.0,0.0
410,0.0,0.0,0.0,0.0,0.0,0.0,0.0,0.0,0.0,0.0,0.0,0.0,0.0,0.0,0.0,0.0,0.0,0.0,0.0,0.0,0.0,0.0,0.0,0.0,0.0,0.0,0.0,0.0,0.0,0.0,0.0,0.0,0.0,0.0,0.0,0.0,0.0,0.0,0.0,0.0,0.0,0.0,0.0,0.0,0.0,0.0,0.0,0.0,0.0,0.0,0.0,0.0,0.0,0.0,0.0,0.0,0.0,0.0,0.0,0.0,0.0,0.0,0.0,0.0
411,0.0,0.0,0.0,0.0,0.0,0.0,0.0,0.0,0.0,0.0,0.0,0.0,0.0,0.0,0.0,0.0,0.0,0.0,0.0,0.0,0.0,0.0,0.0,0.0,0.0,0.0,0.0,0.0,0.0,0.0,0.0,0.0,0.0,0.0,0.0,0.0,0.0,0.0,0.0,0.0,0.0,0.0,0.0,0.0,0.0,0.0,0.0,0.0,0.0,0.0,0.0,0.0,0.0,0.0,0.0,0.0,0.0,0.0,0.0,0.0,0.0,0.0,0.0,0.0
412,0.0,0.0,0.0,0.0,0.0,0.0,0.0,0.0,0.0,0.0,0.0,0.0,0.0,0.0,0.0,0.0,0.0,0.0,0.0,0.0,0.0,0.0,0.0,0.0,0.0,0.0,0.0,0.0,0.0,0.0,0.0,0.0,0.0,0.0,0.0,0.0,0.0,0.0,0.0,0.0,0.0,0.0,0.0,0.0,0.0,0.0,0.0,0.0,0.0,0.0,0.0,0.0,0.0,0.0,0.0,0.0,0.0,0.0,0.0,0.0,0.0,0.0,0.0,0.0
413,0.0,0.0,0.0,0.0,0.0,0.0,0.0,0.0,0.0,0.0,0.0,0.0,0.0,0.0,0.0,0.0,0.0,0.0,0.0,0.0,0.0,0.0,0.0,0.0,0.0,0.0,0.0,0.0,0.0,0.0,0.0,0.0,0.0,0.0,0.0,0.0,0.0,0.0,0.0,0.0,0.0,0.0,0.0,0.0,0.0,0.0,0.0,0.0,0.0,0.0,0.0,0.0,0.0,0.0,0.0,0.0,0.0,0.0,0.0,0.0,0.0,0.0,0.0,0.0
414,0.0,0.0,0.0,0.0,0.0,0.0,0.0,0.0,0.0,0.0,0.0,0.0,0.0,0.0,0.0,0.0,0.0,0.0,0.0,0.0,0.0,0.0,0.0,0.0,0.0,0.0,0.0,0.0,0.0,0.0,0.0,0.0,0.0,0.0,0.0,0.0,0.0,0.0,0.0,0.0,0.0,0.0,0.0,0.0,0.0,0.0,0.0,0.0,0.0,0.0,0.0,0.0,0.0,0.0,0.0,0.0,0.0,0.0,0.0,0.0,0.0,0.0,0.0,0.0
415,0.0,0.0,0.0,0.0,0.0,0.0,0.0,0.0,0.0,0.0,0.0,0.0,0.0,0.0,0.0,0.0,0.0,0.0,0.0,0.0,0.0,0.0,0.0,0.0,0.0,0.0,0.0,0.0,0.0,0.0,0.0,0.0,0.0,0.0,0.0,0.0,0.0,0.0,0.0,0.0,0.0,0.0,0.0,0.0,0.0,0.0,0.0,0.0,0.0,0.0,0.0,0.0,0.0,0.0,0.0,0.0,0.0,0.0,0.0,0.0,0.0,0.0,0.0,0.0
416,0.0,0.0,0.0,0.0,0.0,0.0,0.0,0.0,0.0,0.0,0.0,0.0,0.0,0.0,0.0,0.0,0.0,0.0,0.0,0.0,0.0,0.0,0.0,0.0,0.0,0.0,0.0,0.0,0.0,0.0,0.0,0.0,0.0,0.0,0.0,0.0,0.0,0.0,0.0,0.0,0.0,0.0,0.0,0.0,0.0,0.0,0.0,0.0,0.0,0.0,0.0,0.0,0.0,0.0,0.0,0.0,0.0,0.0,0.0,0.0,0.0,0.0,0.0,0.0
417,0.0,0.0,0.0,0.0,0.0,0.0,0.0,0.0,0.0,0.0,0.0,0.0,0.0,0.0,0.0,0.0,0.0,0.0,0.0,0.0,0.0,0.0,0.0,0.0,0.0,0.0,0.0,0.0,0.0,0.0,0.0,0.0,0.0,0.0,0.0,0.0,0.0,0.0,0.0,0.0,0.0,0.0,0.0,0.0,0.0,0.0,0.0,0.0,0.0,0.0,0.0,0.0,0.0,0.0,0.0,0.0,0.0,0.0,0.0,0.0,0.0,0.0,0.0,0.0
418,0.0,0.0,0.0,0.0,0.0,0.0,0.0,0.0,0.0,0.0,0.0,0.0,0.0,0.0,0.0,0.0,0.0,0.0,0.0,0.0,0.0,0.0,0.0,0.0,0.0,0.0,0.0,0.0,0.0,0.0,0.0,0.0,0.0,0.0,0.0,0.0,0.0,0.0,0.0,0.0,0.0,0.0,0.0,0.0,0.0,0.0,0.0,0.0,0.0,0.0,0.0,0.0,0.0,0.0,0.0,0.0,0.0,0.0,0.0,0.0,0.0,0.0,0.0,0.0
419,0.0,0.0,0.0,0.0,0.0,0.0,0.0,0.0,0.0,0.0,0.0,0.0,0.0,0.0,0.0,0.0,0.0,0.0,0.0,0.0,0.0,0.0,0.0,0.0,0.0,0.0,0.0,0.0,0.0,0.0,0.0,0.0,0.0,0.0,0.0,0.0,0.0,0.0,0.0,0.0,0.0,0.0,0.0,0.0,0.0,0.0,0.0,0.0,0.0,0.0,0.0,0.0,0.0,0.0,0.0,0.0,0.0,0.0,0.0,0.0,0.0,0.0,0.0,0.0
420,0.0,0.54,0.54,0.0,0.0,0.56,0.0,0.0,0.56,0.55,0.56,0.58,0.59,0.57,0.58,0.57,0.57,0.58,0.57,0.56,0.56,0.58,0.58,0.56,0.58,0.55,0.0,0.0,0.54,0.54,0.55,0.0,0.0,0.0,0.0,0.55,0.56,0.57,0.55,0.57,0.57,0.56,0.56,0.56,0.56,0.56,0.56,0.0,0.0,0.56,0.54,0.54,0.52,0.52,0.54,0.52,0.0,0.51,0.53,0.51,0.54,0.52,0.55,0.53
421,0.0,0.74,0.74,0.0,0.0,0.74,0.0,0.0,0.75,0.72,0.75,0.77,0.75,0.75,0.75,0.75,0.77,0.76,0.77,0.74,0.75,0.76,0.75,0.75,0.75,0.76,0.0,0.0,0.74,0.74,0.74,0.0,0.0,0.0,0.0,0.75,0.75,0.78,0.76,0.78,0.78,0.76,0.76,0.75,0.75,0.76,0.74,0.0,0.0,0.74,0.76,0.76,0.76,0.74,0.74,0.72,0.0,0.73,0.75,0.74,0.76,0.75,0.76,0.76
422,0.0,0.84,0.84,0.0,0.0,0.82,0.0,0.0,0.84,0.82,0.85,0.87,0.84,0.84,0.84,0.84,0.87,0.85,0.86,0.84,0.85,0.85,0.84,0.85,0.83,0.86,0.0,0.0,0.84,0.84,0.85,0.0,0.0,0.0,0.0,0.84,0.84,0.88,0.86,0.88,0.88,0.86,0.86,0.85,0.85,0.86,0.82,0.0,0.0,0.82,0.86,0.86,0.86,0.84,0.85,0.84,0.0,0.85,0.86,0.85,0.86,0.86,0.87,0.86
423,0.0,0.89,0.89,0.0,0.0,0.87,0.0,0.0,0.88,0.89,0.89,0.91,0.88,0.88,0.88,0.88,0.91,0.89,0.9,0.88,0.89,0.89,0.88,0.9,0.87,0.91,0.0,0.0,0.9,0.89,0.9,0.0,0.0,0.0,0.0,0.89,0.88,0.91,0.91,0.91,0.91,0.91,0.91,0.89,0.9,0.91,0.87,0.0,0.0,0.87,0.91,0.9,0.91,0.9,0.9,0.89,0.0,0.9,0.91,0.9,0.91,0.91,0.91,0.91
424,0.0,0.9,0.9,0.0,0.0,0.88,0.0,0.0,0.88,0.9,0.9,0.91,0.88,0.89,0.89,0.89,0.91,0.9,0.9,0.89,0.9,0.89,0.88,0.9,0.88,0.91,0.0,0.0,0.91,0.91,0.91,0.0,0.0,0.0,0.0,0.9,0.89,0.91,0.91,0.91,0.91,0.91,0.91,0.9,0.9,0.91,0.88,0.0,0.0,0.88,0.91,0.9,0.91,0.9,0.91,0.9,0.0,0.91,0.91,0.91,0.91,0.91,0.91,0.91
425,0.0,0.9,0.9,0.0,0.0,0.87,0.0,0.0,0.87,0.89,0.88,0.91,0.86,0.87,0.87,0.87,0.91,0.88,0.89,0.87,0.88,0.88,0.86,0.89,0.87,0.91,0.0,0.0,0.9,0.9,0.9,0.0,0.0,0.0,0.0,0.89,0.88,0.91,0.9,0.91,0.91,0.9,0.9,0.89,0.89,0.91,0.87,0.0,0.0,0.87,0.91,0.9,0.91,0.89,0.89,0.88,0.0,0.9,0.91,0.9,0.9,0.91,0.91,0.91
426,0.0,0.85,0.86,0.0,0.0,0.83,0.0,0.0,0.83,0.82,0.84,0.85,0.81,0.82,0.82,0.82,0.85,0.83,0.84,0.82,0.83,0.83,0.8,0.85,0.82,0.87,0.0,0.0,0.86,0.86,0.87,0.0,0.0,0.0,0.0,0.85,0.85,0.88,0.87,0.87,0.88,0.87,0.86,0.85,0.85,0.87,0.83,0.0,0.0,0.83,0.86,0.86,0.87,0.84,0.84,0.84,0.0,0.84,0.87,0.85,0.86,0.86,0.88,0.86
427,0.0,0.76,0.76,0.0,0.0,0.73,0.0,0.0,0.72,0.68,0.73,0.73,0.67,0.7,0.7,0.7,0.75,0.69,0.7,0.69,0.71,0.7,0.67,0.74,0.72,0.77,0.0,0.0,0.76,0.76,0.77,0.0,0.0,0.0,0.0,0.75,0.74,0.76,0.76,0.76,0.77,0.76,0.76,0.74,0.74,0.77,0.73,0.0,0.0,0.73,0.76,0.77,0.75,0.74,0.74,0.74,0.0,0.74,0.75,0.74,0.75,0.76,0.78,0.75
428,0.0,0.57,0.57,0.0,0.0,0.5,0.0,0.0,0.36,0.0,0.38,0.33,0.01,0.25,0.26,0.29,0.39,0.01,0.01,0.31,0.02,0.24,0.0,0.42,0.43,0.56,0.0,0.0,0.55,0.56,0.56,0.0,0.0,0.0,0.0,0.52,0.45,0.44,0.52,0.43,0.48,0.51,0.5,0.45,0.43,0.52,0.5,0.0,0.0,0.5,0.54,0.56,0.46,0.5,0.41,0.46,0.0,0.46,0.52,0.43,0.53,0.53,0.57,0.53
429,0.0,0.0,0.0,0.0,0.0,0.0,0.0,0.0,0.0,0.0,0.0,0.0,0.0,0.0,0.0,0.0,0.0,0.0,0.0,0.0,0.0,0.0,0.0,0.0,0.0,0.0,0.0,0.0,0.0,0.0,0.0,0.0,0.0,0.0,0.0,0.0,0.0,0.0,0.0,0.0,0.0,0.0,0.0,0.0,0.0,0.0,0.0,0.0,0.0,0.0,0.0,0.0,0.0,0.0,0.0,0.0,0.0,0.0,0.0,0.0,0.0,0.0,0.0,0.0
430,0.0,0.0,0.0,0.0,0.0,0.0,0.0,0.0,0.0,0.0,0.0,0.0,0.0,0.0,0.0,0.0,0.0,0.0,0.0,0.0,0.0,0.0,0.0,0.0,0.0,0.0,0.0,0.0,0.0,0.0,0.0,0.0,0.0,0.0,0.0,0.0,0.0,0.0,0.0,0.0,0.0,0.0,0.0,0.0,0.0,0.0,0.0,0.0,0.0,0.0,0.0,0.0,0.0,0.0,0.0,0.0,0.0,0.0,0.0,0.0,0.0,0.0,0.0,0.0
431,0.0,0.0,0.0,0.0,0.0,0.0,0.0,0.0,0.0,0.0,0.0,0.0,0.0,0.0,0.0,0.0,0.0,0.0,0.0,0.0,0.0,0.0,0.0,0.0,0.0,0.0,0.0,0.0,0.0,0.0,0.0,0.0,0.0,0.0,0.0,0.0,0.0,0.0,0.0,0.0,0.0,0.0,0.0,0.0,0.0,0.0,0.0,0.0,0.0,0.0,0.0,0.0,0.0,0.0,0.0,0.0,0.0,0.0,0.0,0.0,0.0,0.0,0.0,0.0
432,0.0,0.0,0.0,0.0,0.0,0.0,0.0,0.0,0.0,0.0,0.0,0.0,0.0,0.0,0.0,0.0,0.0,0.0,0.0,0.0,0.0,0.0,0.0,0.0,0.0,0.0,0.0,0.0,0.0,0.0,0.0,0.0,0.0,0.0,0.0,0.0,0.0,0.0,0.0,0.0,0.0,0.0,0.0,0.0,0.0,0.0,0.0,0.0,0.0,0.0,0.0,0.0,0.0,0.0,0.0,0.0,0.0,0.0,0.0,0.0,0.0,0.0,0.0,0.0
433,0.0,0.0,0.0,0.0,0.0,0.0,0.0,0.0,0.0,0.0,0.0,0.0,0.0,0.0,0.0,0.0,0.0,0.0,0.0,0.0,0.0,0.0,0.0,0.0,0.0,0.0,0.0,0.0,0.0,0.0,0.0,0.0,0.0,0.0,0.0,0.0,0.0,0.0,0.0,0.0,0.0,0.0,0.0,0.0,0.0,0.0,0.0,0.0,0.0,0.0,0.0,0.0,0.0,0.0,0.0,0.0,0.0,0.0,0.0,0.0,0.0,0.0,0.0,0.0
434,0.0,0.0,0.0,0.0,0.0,0.0,0.0,0.0,0.0,0.0,0.0,0.0,0.0,0.0,0.0,0.0,0.0,0.0,0.0,0.0,0.0,0.0,0.0,0.0,0.0,0.0,0.0,0.0,0.0,0.0,0.0,0.0,0.0,0.0,0.0,0.0,0.0,0.0,0.0,0.0,0.0,0.0,0.0,0.0,0.0,0.0,0.0,0.0,0.0,0.0,0.0,0.0,0.0,0.0,0.0,0.0,0.0,0.0,0.0,0.0,0.0,0.0,0.0,0.0
435,0.0,0.0,0.0,0.0,0.0,0.0,0.0,0.0,0.0,0.0,0.0,0.0,0.0,0.0,0.0,0.0,0.0,0.0,0.0,0.0,0.0,0.0,0.0,0.0,0.0,0.0,0.0,0.0,0.0,0.0,0.0,0.0,0.0,0.0,0.0,0.0,0.0,0.0,0.0,0.0,0.0,0.0,0.0,0.0,0.0,0.0,0.0,0.0,0.0,0.0,0.0,0.0,0.0,0.0,0.0,0.0,0.0,0.0,0.0,0.0,0.0,0.0,0.0,0.0
436,0.0,0.0,0.0,0.0,0.0,0.0,0.0,0.0,0.0,0.0,0.0,0.0,0.0,0.0,0.0,0.0,0.0,0.0,0.0,0.0,0.0,0.0,0.0,0.0,0.0,0.0,0.0,0.0,0.0,0.0,0.0,0.0,0.0,0.0,0.0,0.0,0.0,0.0,0.0,0.0,0.0,0.0,0.0,0.0,0.0,0.0,0.0,0.0,0.0,0.0,0.0,0.0,0.0,0.0,0.0,0.0,0.0,0.0,0.0,0.0,0.0,0.0,0.0,0.0
437,0.0,0.0,0.0,0.0,0.0,0.0,0.0,0.0,0.0,0.0,0.0,0.0,0.0,0.0,0.0,0.0,0.0,0.0,0.0,0.0,0.0,0.0,0.0,0.0,0.0,0.0,0.0,0.0,0.0,0.0,0.0,0.0,0.0,0.0,0.0,0.0,0.0,0.0,0.0,0.0,0.0,0.0,0.0,0.0,0.0,0.0,0.0,0.0,0.0,0.0,0.0,0.0,0.0,0.0,0.0,0.0,0.0,0.0,0.0,0.0,0.0,0.0,0.0,0.0
438,0.0,0.0,0.0,0.0,0.0,0.0,0.0,0.0,0.0,0.0,0.0,0.0,0.0,0.0,0.0,0.0,0.0,0.0,0.0,0.0,0.0,0.0,0.0,0.0,0.0,0.0,0.0,0.0,0.0,0.0,0.0,0.0,0.0,0.0,0.0,0.0,0.0,0.0,0.0,0.0,0.0,0.0,0.0,0.0,0.0,0.0,0.0,0.0,0.0,0.0,0.0,0.0,0.0,0.0,0.0,0.0,0.0,0.0,0.0,0.0,0.0,0.0,0.0,0.0
439,0.0,0.0,0.0,0.0,0.0,0.0,0.0,0.0,0.0,0.0,0.0,0.0,0.0,0.0,0.0,0.0,0.0,0.0,0.0,0.0,0.0,0.0,0.0,0.0,0.0,0.0,0.0,0.0,0.0,0.0,0.0,0.0,0.0,0.0,0.0,0.0,0.0,0.0,0.0,0.0,0.0,0.0,0.0,0.0,0.0,0.0,0.0,0.0,0.0,0.0,0.0,0.0,0.0,0.0,0.0,0.0,0.0,0.0,0.0,0.0,0.0,0.0,0.0,0.0
440,0.0,0.0,0.0,0.0,0.0,0.0,0.0,0.0,0.0,0.0,0.0,0.0,0.0,0.0,0.0,0.0,0.0,0.0,0.0,0.0,0.0,0.0,0.0,0.0,0.0,0.0,0.0,0.0,0.0,0.0,0.0,0.0,0.0,0.0,0.0,0.0,0.0,0.0,0.0,0.0,0.0,0.0,0.0,0.0,0.0,0.0,0.0,0.0,0.0,0.0,0.0,0.0,0.0,0.0,0.0,0.0,0.0,0.0,0.0,0.0,0.0,0.0,0.0,0.0
441,0.0,0.0,0.0,0.0,0.0,0.0,0.0,0.0,0.0,0.0,0.0,0.0,0.0,0.0,0.0,0.0,0.0,0.0,0.0,0.0,0.0,0.0,0.0,0.0,0.0,0.0,0.0,0.0,0.0,0.0,0.0,0.0,0.0,0.0,0.0,0.0,0.0,0.0,0.0,0.0,0.0,0.0,0.0,0.0,0.0,0.0,0.0,0.0,0.0,0.0,0.0,0.0,0.0,0.0,0.0,0.0,0.0,0.0,0.0,0.0,0.0,0.0,0.0,0.0
442,0.0,0.0,0.0,0.0,0.0,0.0,0.0,0.0,0.0,0.0,0.0,0.0,0.0,0.0,0.0,0.0,0.0,0.0,0.0,0.0,0.0,0.0,0.0,0.0,0.0,0.0,0.0,0.0,0.0,0.0,0.0,0.0,0.0,0.0,0.0,0.0,0.0,0.0,0.0,0.0,0.0,0.0,0.0,0.0,0.0,0.0,0.0,0.0,0.0,0.0,0.0,0.0,0.0,0.0,0.0,0.0,0.0,0.0,0.0,0.0,0.0,0.0,0.0,0.0
443,0.0,0.0,0.0,0.0,0.0,0.0,0.0,0.0,0.0,0.0,0.0,0.0,0.0,0.0,0.0,0.0,0.0,0.0,0.0,0.0,0.0,0.0,0.0,0.0,0.0,0.0,0.0,0.0,0.0,0.0,0.0,0.0,0.0,0.0,0.0,0.0,0.0,0.0,0.0,0.0,0.0,0.0,0.0,0.0,0.0,0.0,0.0,0.0,0.0,0.0,0.0,0.0,0.0,0.0,0.0,0.0,0.0,0.0,0.0,0.0,0.0,0.0,0.0,0.0
444,0.0,0.56,0.56,0.0,0.0,0.57,0.0,0.0,0.57,0.57,0.57,0.58,0.6,0.59,0.59,0.58,0.58,0.6,0.6,0.58,0.58,0.59,0.6,0.57,0.59,0.57,0.0,0.0,0.56,0.56,0.56,0.0,0.0,0.0,0.0,0.57,0.57,0.54,0.57,0.54,0.22,0.57,0.57,0.57,0.57,0.57,0.57,0.0,0.0,0.58,0.02,0.54,0.5,0.42,0.55,0.5,0.0,0.46,0.49,0.55,0.5,0.02,0.57,0.5
445,0.0,0.76,0.76,0.0,0.0,0.76,0.0,0.0,0.75,0.77,0.75,0.8,0.79,0.77,0.76,0.75,0.79,0.8,0.81,0.76,0.78,0.77,0.79,0.76,0.77,0.77,0.0,0.0,0.76,0.76,0.76,0.0,0.0,0.0,0.0,0.76,0.76,0.78,0.77,0.79,0.52,0.78,0.77,0.76,0.76,0.77,0.76,0.0,0.0,0.76,0.52,0.77,0.77,0.74,0.77,0.72,0.0,0.76,0.76,0.76,0.51,0.76,0.78,0.76
446,0.0,0.8,0.82,0.0,0.0,0.81,0.0,0.0,0.82,0.84,0.83,0.88,0.85,0.84,0.84,0.82,0.86,0.87,0.88,0.81,0.85,0.84,0.86,0.82,0.82,0.84,0.0,0.0,0.82,0.81,0.82,0.0,0.0,0.0,0.0,0.83,0.82,0.86,0.83,0.86,0.86,0.83,0.83,0.82,0.82,0.83,0.81,0.0,0.0,0.81,0.84,0.84,0.86,0.83,0.86,0.82,0.0,0.84,0.84,0.85,0.83,0.84,0.85,0.84
447,0.0,0.87,0.84,0.0,0.0,0.86,0.0,0.0,0.87,0.91,0.89,0.91,0.9,0.89,0.89,0.89,0.91,0.91,0.91,0.88,0.88,0.89,0.9,0.88,0.86,0.89,0.0,0.0,0.88,0.87,0.88,0.0,0.0,0.0,0.0,0.88,0.88,0.91,0.89,0.91,0.91,0.89,0.89,0.87,0.89,0.89,0.86,0.0,0.0,0.86,0.9,0.76,0.91,0.9,0.91,0.89,0.0,0.9,0.9,0.9,0.9,0.9,0.89,0.9
448,0.0,0.89,0.86,0.0,0.0,0.87,0.0,0.0,0.9,0.91,0.91,0.91,0.9,0.91,0.91,0.9,0.91,0.91,0.91,0.9,0.91,0.91,0.91,0.91,0.88,0.91,0.0,0.0,0.89,0.89,0.9,0.0,0.0,0.0,0.0,0.89,0.91,0.91,0.91,0.91,0.91,0.91,0.91,0.9,0.91,0.91,0.88,0.0,0.0,0.87,0.91,0.48,0.91,0.91,0.91,0.9,0.0,0.91,0.91,0.91,0.91,0.91,0.77,0.91
449,0.0,0.88,0.88,0.0,0.0,0.86,0.0,0.0,0.87,0.89,0.89,0.91,0.88,0.89,0.89,0.88,0.91,0.89,0.9,0.89,0.88,0.89,0.88,0.89,0.86,0.9,0.0,0.0,0.88,0.88,0.89,0.0,0.0,0.0,0.0,0.88,0.9,0.91,0.9,0.91,0.91,0.9,0.9,0.89,0.9,0.9,0.86,0.0,0.0,0.86,0.91,0.81,0.91,0.91,0.91,0.88,0.0,0.91,0.91,0.91,0.91,0.91,0.57,0.91
450,0.0,0.83,0.84,0.0,0.0,0.81,0.0,0.0,0.82,0.82,0.84,0.87,0.82,0.84,0.84,0.83,0.87,0.83,0.84,0.84,0.82,0.84,0.83,0.85,0.81,0.85,0.0,0.0,0.83,0.83,0.84,0.0,0.0,0.0,0.0,0.83,0.84,0.88,0.85,0.87,0.87,0.85,0.85,0.84,0.85,0.86,0.82,0.0,0.0,0.81,0.87,0.84,0.87,0.85,0.86,0.83,0.0,0.85,0.87,0.85,0.86,0.87,0.85,0.86
451,0.0,0.77,0.78,0.0,0.0,0.75,0.0,0.0,0.72,0.7,0.74,0.76,0.7,0.72,0.73,0.72,0.77,0.71,0.73,0.73,0.72,0.72,0.7,0.75,0.74,0.78,0.0,0.0,0.76,0.77,0.78,0.0,0.0,0.0,0.0,0.76,0.75,0.78,0.77,0.78,0.78,0.77,0.77,0.75,0.76,0.78,0.75,0.0,0.0,0.75,0.79,0.77,0.77,0.77,0.76,0.74,0.0,0.77,0.78,0.76,0.78,0.79,0.78,0.78
452,0.0,0.58,0.58,0.0,0.0,0.54,0.0,0.0,0.5,0.04,0.51,0.52,0.04,0.46,0.46,0.48,0.52,0.04,0.04,0.5,0.06,0.44,0.03,0.52,0.53,0.58,0.0,0.0,0.56,0.58,0.57,0.0,0.0,0.0,0.0,0.55,0.52,0.52,0.56,0.53,0.53,0.55,0.55,0.52,0.52,0.56,0.54,0.0,0.0,0.54,0.57,0.56,0.53,0.54,0.52,0.52,0.0,0.54,0.56,0.52,0.56,0.57,0.56,0.56
453,0.0,0.0,0.0,0.0,0.0,0.0,0.0,0.0,0.0,0.0,0.0,0.0,0.0,0.0,0.0,0.0,0.0,0.0,0.0,0.0,0.0,0.0,0.0,0.0,0.0,0.0,0.0,0.0,0.0,0.0,0.0,0.0,0.0,0.0,0.0,0.0,0.0,0.0,0.0,0.0,0.0,0.0,0.0,0.0,0.0,0.0,0.0,0.0,0.0,0.0,0.0,0.0,0.0,0.0,0.0,0.0,0.0,0.0,0.0,0.0,0.0,0.0,0.0,0.0
454,0.0,0.0,0.0,0.0,0.0,0.0,0.0,0.0,0.0,0.0,0.0,0.0,0.0,0.0,0.0,0.0,0.0,0.0,0.0,0.0,0.0,0.0,0.0,0.0,0.0,0.0,0.0,0.0,0.0,0.0,0.0,0.0,0.0,0.0,0.0,0.0,0.0,0.0,0.0,0.0,0.0,0.0,0.0,0.0,0.0,0.0,0.0,0.0,0.0,0.0,0.0,0.0,0.0,0.0,0.0,0.0,0.0,0.0,0.0,0.0,0.0,0.0,0.0,0.0
455,0.0,0.0,0.0,0.0,0.0,0.0,0.0,0.0,0.0,0.0,0.0,0.0,0.0,0.0,0.0,0.0,0.0,0.0,0.0,0.0,0.0,0.0,0.0,0.0,0.0,0.0,0.0,0.0,0.0,0.0,0.0,0.0,0.0,0.0,0.0,0.0,0.0,0.0,0.0,0.0,0.0,0.0,0.0,0.0,0.0,0.0,0.0,0.0,0.0,0.0,0.0,0.0,0.0,0.0,0.0,0.0,0.0,0.0,0.0,0.0,0.0,0.0,0.0,0.0
456,0.0,0.0,0.0,0.0,0.0,0.0,0.0,0.0,0.0,0.0,0.0,0.0,0.0,0.0,0.0,0.0,0.0,0.0,0.0,0.0,0.0,0.0,0.0,0.0,0.0,0.0,0.0,0.0,0.0,0.0,0.0,0.0,0.0,0.0,0.0,0.0,0.0,0.0,0.0,0.0,0.0,0.0,0.0,0.0,0.0,0.0,0.0,0.0,0.0,0.0,0.0,0.0,0.0,0.0,0.0,0.0,0.0,0.0,0.0,0.0,0.0,0.0,0.0,0.0
457,0.0,0.0,0.0,0.0,0.0,0.0,0.0,0.0,0.0,0.0,0.0,0.0,0.0,0.0,0.0,0.0,0.0,0.0,0.0,0.0,0.0,0.0,0.0,0.0,0.0,0.0,0.0,0.0,0.0,0.0,0.0,0.0,0.0,0.0,0.0,0.0,0.0,0.0,0.0,0.0,0.0,0.0,0.0,0.0,0.0,0.0,0.0,0.0,0.0,0.0,0.0,0.0,0.0,0.0,0.0,0.0,0.0,0.0,0.0,0.0,0.0,0.0,0.0,0.0
458,0.0,0.0,0.0,0.0,0.0,0.0,0.0,0.0,0.0,0.0,0.0,0.0,0.0,0.0,0.0,0.0,0.0,0.0,0.0,0.0,0.0,0.0,0.0,0.0,0.0,0.0,0.0,0.0,0.0,0.0,0.0,0.0,0.0,0.0,0.0,0.0,0.0,0.0,0.0,0.0,0.0,0.0,0.0,0.0,0.0,0.0,0.0,0.0,0.0,0.0,0.0,0.0,0.0,0.0,0.0,0.0,0.0,0.0,0.0,0.0,0.0,0.0,0.0,0.0
459,0.0,0.0,0.0,0.0,0.0,0.0,0.0,0.0,0.0,0.0,0.0,0.0,0.0,0.0,0.0,0.0,0.0,0.0,0.0,0.0,0.0,0.0,0.0,0.0,0.0,0.0,0.0,0.0,0.0,0.0,0.0,0.0,0.0,0.0,0.0,0.0,0.0,0.0,0.0,0.0,0.0,0.0,0.0,0.0,0.0,0.0,0.0,0.0,0.0,0.0,0.0,0.0,0.0,0.0,0.0,0.0,0.0,0.0,0.0,0.0,0.0,0.0,0.0,0.0
460,0.0,0.0,0.0,0.0,0.0,0.0,0.0,0.0,0.0,0.0,0.0,0.0,0.0,0.0,0.0,0.0,0.0,0.0,0.0,0.0,0.0,0.0,0.0,0.0,0.0,0.0,0.0,0.0,0.0,0.0,0.0,0.0,0.0,0.0,0.0,0.0,0.0,0.0,0.0,0.0,0.0,0.0,0.0,0.0,0.0,0.0,0.0,0.0,0.0,0.0,0.0,0.0,0.0,0.0,0.0,0.0,0.0,0.0,0.0,0.0,0.0,0.0,0.0,0.0
461,0.0,0.0,0.0,0.0,0.0,0.0,0.0,0.0,0.0,0.0,0.0,0.0,0.0,0.0,0.0,0.0,0.0,0.0,0.0,0.0,0.0,0.0,0.0,0.0,0.0,0.0,0.0,0.0,0.0,0.0,0.0,0.0,0.0,0.0,0.0,0.0,0.0,0.0,0.0,0.0,0.0,0.0,0.0,0.0,0.0,0.0,0.0,0.0,0.0,0.0,0.0,0.0,0.0,0.0,0.0,0.0,0.0,0.0,0.0,0.0,0.0,0.0,0.0,0.0
462,0.0,0.0,0.0,0.0,0.0,0.0,0.0,0.0,0.0,0.0,0.0,0.0,0.0,0.0,0.0,0.0,0.0,0.0,0.0,0.0,0.0,0.0,0.0,0.0,0.0,0.0,0.0,0.0,0.0,0.0,0.0,0.0,0.0,0.0,0.0,0.0,0.0,0.0,0.0,0.0,0.0,0.0,0.0,0.0,0.0,0.0,0.0,0.0,0.0,0.0,0.0,0.0,0.0,0.0,0.0,0.0,0.0,0.0,0.0,0.0,0.0,0.0,0.0,0.0
463,0.0,0.0,0.0,0.0,0.0,0.0,0.0,0.0,0.0,0.0,0.0,0.0,0.0,0.0,0.0,0.0,0.0,0.0,0.0,0.0,0.0,0.0,0.0,0.0,0.0,0.0,0.0,0.0,0.0,0.0,0.0,0.0,0.0,0.0,0.0,0.0,0.0,0.0,0.0,0.0,0.0,0.0,0.0,0.0,0.0,0.0,0.0,0.0,0.0,0.0,0.0,0.0,0.0,0.0,0.0,0.0,0.0,0.0,0.0,0.0,0.0,0.0,0.0,0.0
464,0.0,0.0,0.0,0.0,0.0,0.0,0.0,0.0,0.0,0.0,0.0,0.0,0.0,0.0,0.0,0.0,0.0,0.0,0.0,0.0,0.0,0.0,0.0,0.0,0.0,0.0,0.0,0.0,0.0,0.0,0.0,0.0,0.0,0.0,0.0,0.0,0.0,0.0,0.0,0.0,0.0,0.0,0.0,0.0,0.0,0.0,0.0,0.0,0.0,0.0,0.0,0.0,0.0,0.0,0.0,0.0,0.0,0.0,0.0,0.0,0.0,0.0,0.0,0.0
465,0.0,0.0,0.0,0.0,0.0,0.0,0.0,0.0,0.0,0.0,0.0,0.0,0.0,0.0,0.0,0.0,0.0,0.0,0.0,0.0,0.0,0.0,0.0,0.0,0.0,0.0,0.0,0.0,0.0,0.0,0.0,0.0,0.0,0.0,0.0,0.0,0.0,0.0,0.0,0.0,0.0,0.0,0.0,0.0,0.0,0.0,0.0,0.0,0.0,0.0,0.0,0.0,0.0,0.0,0.0,0.0,0.0,0.0,0.0,0.0,0.0,0.0,0.0,0.0
466,0.0,0.0,0.0,0.0,0.0,0.0,0.0,0.0,0.0,0.0,0.0,0.0,0.0,0.0,0.0,0.0,0.0,0.0,0.0,0.0,0.0,0.0,0.0,0.0,0.0,0.0,0.0,0.0,0.0,0.0,0.0,0.0,0.0,0.0,0.0,0.0,0.0,0.0,0.0,0.0,0.0,0.0,0.0,0.0,0.0,0.0,0.0,0.0,0.0,0.0,0.0,0.0,0.0,0.0,0.0,0.0,0.0,0.0,0.0,0.0,0.0,0.0,0.0,0.0
467,0.0,0.0,0.0,0.0,0.0,0.0,0.0,0.0,0.0,0.0,0.0,0.0,0.0,0.0,0.0,0.0,0.0,0.0,0.0,0.0,0.0,0.0,0.0,0.0,0.0,0.0,0.0,0.0,0.0,0.0,0.0,0.0,0.0,0.0,0.0,0.0,0.0,0.0,0.0,0.0,0.0,0.0,0.0,0.0,0.0,0.0,0.0,0.0,0.0,0.0,0.0,0.0,0.0,0.0,0.0,0.0,0.0,0.0,0.0,0.0,0.0,0.0,0.0,0.0
468,0.0,0.41,0.41,0.0,0.0,0.45,0.0,0.0,0.42,0.29,0.39,0.06,0.02,0.17,0.46,0.44,0.39,0.4,0.37,0.44,0.01,0.02,0.09,0.42,0.43,0.41,0.0,0.0,0.41,0.41,0.42,0.0,0.0,0.0,0.0,0.42,0.42,0.41,0.41,0.4,0.42,0.42,0.42,0.43,0.43,0.41,0.45,0.0,0.0,0.45,0.35,0.38,0.3,0.27,0.01,0.09,0.0,0.3,0.36,0.09,0.37,0.35,0.41,0.36
469,0.0,0.7,0.72,0.0,0.0,0.71,0.0,0.0,0.69,0.68,0.69,0.3,0.31,0.7,0.7,0.7,0.72,0.71,0.72,0.68,0.7,0.71,0.71,0.71,0.64,0.73,0.0,0.0,0.72,0.71,0.73,0.0,0.0,0.0,0.0,0.71,0.71,0.73,0.72,0.72,0.73,0.72,0.72,0.71,0.71,0.72,0.71,0.0,0.0,0.71,0.71,0.72,0.3,0.69,0.06,0.57,0.0,0.68,0.71,0.19,0.71,0.71,0.73,0.71
470,0.0,0.8,0.82,0.0,0.0,0.81,0.0,0.0,0.54,0.79,0.8,0.84,0.81,0.79,0.79,0.31,0.39,0.81,0.83,0.28,0.81,0.73,0.8,0.79,0.68,0.84,0.0,0.0,0.83,0.83,0.83,0.0,0.0,0.0,0.0,0.81,0.81,0.83,0.82,0.82,0.83,0.82,0.82,0.81,0.8,0.83,0.81,0.0,0.0,0.81,0.82,0.82,0.26,0.8,0.16,0.79,0.0,0.36,0.82,0.27,0.8,0.82,0.84,0.81
471,0.0,0.87,0.86,0.0,0.0,0.85,0.0,0.0,0.52,0.23,0.85,0.88,0.84,0.84,0.56,0.81,0.54,0.86,0.86,0.83,0.57,0.84,0.44,0.84,0.85,0.88,0.0,0.0,0.87,0.87,0.88,0.0,0.0,0.0,0.0,0.85,0.83,0.88,0.86,0.88,0.88,0.86,0.86,0.85,0.84,0.87,0.85,0.0,0.0,0.85,0.87,0.87,0.33,0.85,0.28,0.83,0.0,0.42,0.86,0.36,0.86,0.86,0.88,0.86
472,0.0,0.88,0.88,0.0,0.0,0.86,0.0,0.0,0.83,0.18,0.86,0.89,0.47,0.84,0.83,0.83,0.88,0.86,0.87,0.85,0.33,0.85,0.85,0.86,0.86,0.9,0.0,0.0,0.88,0.88,0.89,0.0,0.0,0.0,0.0,0.86,0.83,0.89,0.87,0.9,0.89,0.87,0.87,0.84,0.86,0.88,0.86,0.0,0.0,0.86,0.88,0.88,0.44,0.86,0.37,0.6,0.0,0.46,0.88,0.42,0.87,0.88,0.9,0.87
473,0.0,0.87,0.86,0.0,0.0,0.85,0.0,0.0,0.81,0.24,0.84,0.87,0.82,0.83,0.83,0.83,0.86,0.84,0.85,0.84,0.44,0.83,0.82,0.84,0.84,0.88,0.0,0.0,0.86,0.87,0.88,0.0,0.0,0.0,0.0,0.84,0.81,0.87,0.86,0.88,0.88,0.86,0.86,0.82,0.85,0.86,0.85,0.0,0.0,0.85,0.87,0.86,0.4,0.85,0.45,0.61,0.0,0.75,0.86,0.45,0.86,0.87,0.88,0.86
474,0.0,0.83,0.83,0.0,0.0,0.8,0.0,0.0,0.76,0.3,0.79,0.82,0.77,0.78,0.78,0.78,0.82,0.78,0.8,0.78,0.73,0.78,0.77,0.8,0.79,0.84,0.0,0.0,0.82,0.83,0.83,0.0,0.0,0.0,0.0,0.8,0.77,0.81,0.81,0.83,0.83,0.81,0.81,0.78,0.8,0.82,0.8,0.0,0.0,0.8,0.83,0.82,0.37,0.81,0.26,0.79,0.0,0.4,0.82,0.48,0.82,0.82,0.83,0.81
475,0.0,0.74,0.74,0.0,0.0,0.71,0.0,0.0,0.66,0.65,0.69,0.7,0.65,0.66,0.66,0.66,0.7,0.67,0.68,0.68,0.19,0.66,0.66,0.7,0.69,0.74,0.0,0.0,0.73,0.74,0.73,0.0,0.0,0.0,0.0,0.71,0.68,0.71,0.72,0.72,0.73,0.72,0.71,0.68,0.7,0.72,0.71,0.0,0.0,0.71,0.73,0.73,0.22,0.72,0.16,0.69,0.0,0.26,0.72,0.36,0.72,0.73,0.74,0.72
476,0.0,0.51,0.52,0.0,0.0,0.45,0.0,0.0,0.27,0.0,0.3,0.24,0.01,0.18,0.2,0.22,0.3,0.01,0.01,0.24,0.02,0.17,0.0,0.34,0.37,0.5,0.0,0.0,0.47,0.5,0.49,0.0,0.0,0.0,0.0,0.44,0.36,0.34,0.43,0.33,0.38,0.43,0.41,0.36,0.35,0.43,0.44,0.0,0.0,0.44,0.44,0.47,0.04,0.14,0.02,0.38,0.0,0.07,0.44,0.37,0.44,0.44,0.48,0.43
477,0.0,0.0,0.0,0.0,0.0,0.0,0.0,0.0,0.0,0.0,0.0,0.0,0.0,0.0,0.0,0.0,0.0,0.0,0.0,0.0,0.0,0.0,0.0,0.0,0.0,0.0,0.0,0.0,0.0,0.0,0.0,0.0,0.0,0.0,0.0,0.0,0.0,0.0,0.0,0.0,0.0,0.0,0.0,0.0,0.0,0.0,0.0,0.0,0.0,0.0,0.0,0.0,0.0,0.0,0.0,0.0,0.0,0.0,0.0,0.0,0.0,0.0,0.0,0.0
478,0.0,0.0,0.0,0.0,0.0,0.0,0.0,0.0,0.0,0.0,0.0,0.0,0.0,0.0,0.0,0.0,0.0,0.0,0.0,0.0,0.0,0.0,0.0,0.0,0.0,0.0,0.0,0.0,0.0,0.0,0.0,0.0,0.0,0.0,0.0,0.0,0.0,0.0,0.0,0.0,0.0,0.0,0.0,0.0,0.0,0.0,0.0,0.0,0.0,0.0,0.0,0.0,0.0,0.0,0.0,0.0,0.0,0.0,0.0,0.0,0.0,0.0,0.0,0.0
479,0.0,0.0,0.0,0.0,0.0,0.0,0.0,0.0,0.0,0.0,0.0,0.0,0.0,0.0,0.0,0.0,0.0,0.0,0.0,0.0,0.0,0.0,0.0,0.0,0.0,0.0,0.0,0.0,0.0,0.0,0.0,0.0,0.0,0.0,0.0,0.0,0.0,0.0,0.0,0.0,0.0,0.0,0.0,0.0,0.0,0.0,0.0,0.0,0.0,0.0,0.0,0.0,0.0,0.0,0.0,0.0,0.0,0.0,0.0,0.0,0.0,0.0,0.0,0.0
480,0.0,0.0,0.0,0.0,0.0,0.0,0.0,0.0,0.0,0.0,0.0,0.0,0.0,0.0,0.0,0.0,0.0,0.0,0.0,0.0,0.0,0.0,0.0,0.0,0.0,0.0,0.0,0.0,0.0,0.0,0.0,0.0,0.0,0.0,0.0,0.0,0.0,0.0,0.0,0.0,0.0,0.0,0.0,0.0,0.0,0.0,0.0,0.0,0.0,0.0,0.0,0.0,0.0,0.0,0.0,0.0,0.0,0.0,0.0,0.0,0.0,0.0,0.0,0.0
481,0.0,0.0,0.0,0.0,0.0,0.0,0.0,0.0,0.0,0.0,0.0,0.0,0.0,0.0,0.0,0.0,0.0,0.0,0.0,0.0,0.0,0.0,0.0,0.0,0.0,0.0,0.0,0.0,0.0,0.0,0.0,0.0,0.0,0.0,0.0,0.0,0.0,0.0,0.0,0.0,0.0,0.0,0.0,0.0,0.0,0.0,0.0,0.0,0.0,0.0,0.0,0.0,0.0,0.0,0.0,0.0,0.0,0.0,0.0,0.0,0.0,0.0,0.0,0.0
482,0.0,0.0,0.0,0.0,0.0,0.0,0.0,0.0,0.0,0.0,0.0,0.0,0.0,0.0,0.0,0.0,0.0,0.0,0.0,0.0,0.0,0.0,0.0,0.0,0.0,0.0,0.0,0.0,0.0,0.0,0.0,0.0,0.0,0.0,0.0,0.0,0.0,0.0,0.0,0.0,0.0,0.0,0.0,0.0,0.0,0.0,0.0,0.0,0.0,0.0,0.0,0.0,0.0,0.0,0.0,0.0,0.0,0.0,0.0,0.0,0.0,0.0,0.0,0.0
483,0.0,0.0,0.0,0.0,0.0,0.0,0.0,0.0,0.0,0.0,0.0,0.0,0.0,0.0,0.0,0.0,0.0,0.0,0.0,0.0,0.0,0.0,0.0,0.0,0.0,0.0,0.0,0.0,0.0,0.0,0.0,0.0,0.0,0.0,0.0,0.0,0.0,0.0,0.0,0.0,0.0,0.0,0.0,0.0,0.0,0.0,0.0,0.0,0.0,0.0,0.0,0.0,0.0,0.0,0.0,0.0,0.0,0.0,0.0,0.0,0.0,0.0,0.0,0.0
484,0.0,0.0,0.0,0.0,0.0,0.0,0.0,0.0,0.0,0.0,0.0,0.0,0.0,0.0,0.0,0.0,0.0,0.0,0.0,0.0,0.0,0.0,0.0,0.0,0.0,0.0,0.0,0.0,0.0,0.0,0.0,0.0,0.0,0.0,0.0,0.0,0.0,0.0,0.0,0.0,0.0,0.0,0.0,0.0,0.0,0.0,0.0,0.0,0.0,0.0,0.0,0.0,0.0,0.0,0.0,0.0,0.0,0.0,0.0,0.0,0.0,0.0,0.0,0.0
485,0.0,0.0,0.0,0.0,0.0,0.0,0.0,0.0,0.0,0.0,0.0,0.0,0.0,0.0,0.0,0.0,0.0,0.0,0.0,0.0,0.0,0.0,0.0,0.0,0.0,0.0,0.0,0.0,0.0,0.0,0.0,0.0,0.0,0.0,0.0,0.0,0.0,0.0,0.0,0.0,0.0,0.0,0.0,0.0,0.0,0.0,0.0,0.0,0.0,0.0,0.0,0.0,0.0,0.0,0.0,0.0,0.0,0.0,0.0,0.0,0.0,0.0,0.0,0.0
486,0.0,0.0,0.0,0.0,0.0,0.0,0.0,0.0,0.0,0.0,0.0,0.0,0.0,0.0,0.0,0.0,0.0,0.0,0.0,0.0,0.0,0.0,0.0,0.0,0.0,0.0,0.0,0.0,0.0,0.0,0.0,0.0,0.0,0.0,0.0,0.0,0.0,0.0,0.0,0.0,0.0,0.0,0.0,0.0,0.0,0.0,0.0,0.0,0.0,0.0,0.0,0.0,0.0,0.0,0.0,0.0,0.0,0.0,0.0,0.0,0.0,0.0,0.0,0.0
487,0.0,0.0,0.0,0.0,0.0,0.0,0.0,0.0,0.0,0.0,0.0,0.0,0.0,0.0,0.0,0.0,0.0,0.0,0.0,0.0,0.0,0.0,0.0,0.0,0.0,0.0,0.0,0.0,0.0,0.0,0.0,0.0,0.0,0.0,0.0,0.0,0.0,0.0,0.0,0.0,0.0,0.0,0.0,0.0,0.0,0.0,0.0,0.0,0.0,0.0,0.0,0.0,0.0,0.0,0.0,0.0,0.0,0.0,0.0,0.0,0.0,0.0,0.0,0.0
488,0.0,0.0,0.0,0.0,0.0,0.0,0.0,0.0,0.0,0.0,0.0,0.0,0.0,0.0,0.0,0.0,0.0,0.0,0.0,0.0,0.0,0.0,0.0,0.0,0.0,0.0,0.0,0.0,0.0,0.0,0.0,0.0,0.0,0.0,0.0,0.0,0.0,0.0,0.0,0.0,0.0,0.0,0.0,0.0,0.0,0.0,0.0,0.0,0.0,0.0,0.0,0.0,0.0,0.0,0.0,0.0,0.0,0.0,0.0,0.0,0.0,0.0,0.0,0.0
489,0.0,0.0,0.0,0.0,0.0,0.0,0.0,0.0,0.0,0.0,0.0,0.0,0.0,0.0,0.0,0.0,0.0,0.0,0.0,0.0,0.0,0.0,0.0,0.0,0.0,0.0,0.0,0.0,0.0,0.0,0.0,0.0,0.0,0.0,0.0,0.0,0.0,0.0,0.0,0.0,0.0,0.0,0.0,0.0,0.0,0.0,0.0,0.0,0.0,0.0,0.0,0.0,0.0,0.0,0.0,0.0,0.0,0.0,0.0,0.0,0.0,0.0,0.0,0.0
490,0.0,0.0,0.0,0.0,0.0,0.0,0.0,0.0,0.0,0.0,0.0,0.0,0.0,0.0,0.0,0.0,0.0,0.0,0.0,0.0,0.0,0.0,0.0,0.0,0.0,0.0,0.0,0.0,0.0,0.0,0.0,0.0,0.0,0.0,0.0,0.0,0.0,0.0,0.0,0.0,0.0,0.0,0.0,0.0,0.0,0.0,0.0,0.0,0.0,0.0,0.0,0.0,0.0,0.0,0.0,0.0,0.0,0.0,0.0,0.0,0.0,0.0,0.0,0.0
491,0.0,0.0,0.0,0.0,0.0,0.0,0.0,0.0,0.0,0.0,0.0,0.0,0.0,0.0,0.0,0.0,0.0,0.0,0.0,0.0,0.0,0.0,0.0,0.0,0.0,0.0,0.0,0.0,0.0,0.0,0.0,0.0,0.0,0.0,0.0,0.0,0.0,0.0,0.0,0.0,0.0,0.0,0.0,0.0,0.0,0.0,0.0,0.0,0.0,0.0,0.0,0.0,0.0,0.0,0.0,0.0,0.0,0.0,0.0,0.0,0.0,0.0,0.0,0.0
492,0.0,0.52,0.52,0.0,0.0,0.55,0.0,0.0,0.54,0.52,0.54,0.54,0.58,0.56,0.55,0.57,0.54,0.56,0.56,0.56,0.52,0.56,0.57,0.55,0.38,0.52,0.0,0.0,0.52,0.52,0.51,0.0,0.0,0.0,0.0,0.53,0.53,0.54,0.54,0.54,0.53,0.54,0.54,0.54,0.54,0.54,0.55,0.0,0.0,0.55,0.51,0.52,0.52,0.5,0.52,0.47,0.0,0.51,0.51,0.51,0.52,0.51,0.52,0.51
493,0.0,0.67,0.69,0.0,0.0,0.67,0.0,0.0,0.67,0.68,0.68,0.68,0.69,0.68,0.68,0.67,0.68,0.69,0.69,0.66,0.67,0.69,0.69,0.67,0.68,0.7,0.0,0.0,0.67,0.67,0.68,0.0,0.0,0.0,0.0,0.67,0.67,0.71,0.69,0.7,0.7,0.7,0.7,0.65,0.68,0.71,0.66,0.0,0.0,0.68,0.71,0.7,0.71,0.69,0.69,0.68,0.0,0.7,0.69,0.7,0.71,0.71,0.71,0.7
494,0.0,0.78,0.79,0.0,0.0,0.76,0.0,0.0,0.77,0.76,0.78,0.78,0.76,0.77,0.76,0.74,0.77,0.76,0.77,0.76,0.75,0.77,0.78,0.77,0.75,0.8,0.0,0.0,0.75,0.78,0.77,0.0,0.0,0.0,0.0,0.78,0.77,0.8,0.79,0.81,0.79,0.79,0.78,0.76,0.78,0.8,0.76,0.0,0.0,0.76,0.81,0.75,0.81,0.8,0.8,0.77,0.0,0.8,0.79,0.8,0.8,0.81,0.79,0.79
495,0.0,0.82,0.83,0.0,0.0,0.8,0.0,0.0,0.81,0.77,0.83,0.83,0.8,0.81,0.8,0.79,0.82,0.79,0.8,0.8,0.79,0.81,0.81,0.81,0.78,0.84,0.0,0.0,0.82,0.82,0.82,0.0,0.0,0.0,0.0,0.78,0.81,0.84,0.83,0.84,0.84,0.83,0.82,0.8,0.82,0.83,0.8,0.0,0.0,0.79,0.75,0.82,0.85,0.77,0.85,0.8,0.0,0.83,0.76,0.84,0.74,0.77,0.85,0.75
496,0.0,0.83,0.84,0.0,0.0,0.82,0.0,0.0,0.83,0.79,0.83,0.84,0.78,0.82,0.81,0.81,0.83,0.79,0.8,0.82,0.8,0.82,0.82,0.83,0.8,0.85,0.0,0.0,0.84,0.83,0.84,0.0,0.0,0.0,0.0,0.83,0.82,0.84,0.81,0.84,0.85,0.8,0.78,0.82,0.83,0.8,0.82,0.0,0.0,0.82,0.74,0.83,0.81,0.71,0.85,0.72,0.0,0.75,0.7,0.81,0.75,0.71,0.86,0.72
497,0.0,0.83,0.82,0.0,0.0,0.82,0.0,0.0,0.82,0.8,0.83,0.82,0.8,0.82,0.81,0.81,0.8,0.8,0.81,0.82,0.8,0.82,0.81,0.82,0.8,0.84,0.0,0.0,0.83,0.83,0.83,0.0,0.0,0.0,0.0,0.83,0.78,0.82,0.84,0.82,0.77,0.83,0.78,0.8,0.82,0.84,0.82,0.0,0.0,0.81,0.8,0.83,0.77,0.72,0.81,0.74,0.0,0.74,0.76,0.75,0.8,0.78,0.85,0.78
498,0.0,0.77,0.76,0.0,0.0,0.76,0.0,0.0,0.76,0.76,0.77,0.76,0.76,0.77,0.76,0.76,0.74,0.76,0.76,0.76,0.75,0.76,0.76,0.76,0.76,0.79,0.0,0.0,0.79,0.78,0.79,0.0,0.0,0.0,0.0,0.78,0.77,0.76,0.8,0.76,0.74,0.8,0.78,0.77,0.74,0.8,0.76,0.0,0.0,0.76,0.8,0.78,0.8,0.8,0.79,0.77,0.0,0.79,0.78,0.78,0.78,0.8,0.81,0.77
499,0.0,0.52,0.49,0.0,0.0,0.62,0.0,0.0,0.68,0.65,0.68,0.63,0.65,0.65,0.65,0.66,0.68,0.64,0.65,0.67,0.65,0.66,0.65,0.68,0.67,0.67,0.0,0.0,0.68,0.57,0.67,0.0,0.0,0.0,0.0,0.69,0.69,0.69,0.7,0.69,0.69,0.69,0.69,0.68,0.69,0.7,0.64,0.0,0.0,0.66,0.7,0.7,0.71,0.71,0.7,0.7,0.0,0.71,0.7,0.7,0.7,0.71,0.71,0.7
500,0.0,0.21,0.25,0.0,0.0,0.27,0.0,0.0,0.37,0.02,0.4,0.35,0.02,0.29,0.3,0.32,0.38,0.02,0.02,0.34,0.22,0.23,0.01,0.42,0.41,0.24,0.0,0.0,0.3,0.21,0.25,0.0,0.0,0.0,0.0,0.36,0.44,0.43,0.37,0.43,0.45,0.38,0.43,0.41,0.43,0.4,0.28,0.0,0.0,0.29,0.52,0.34,0.43,0.5,0.42,0.43,0.0,0.42,0.51,0.47,0.46,0.52,0.36,0.49
501,0.0,0.0,0.0,0.0,0.0,0.0,0.0,0.0,0.0,0.0,0.0,0.0,0.0,0.0,0.0,0.0,0.0,0.0,0.0,0.0,0.0,0.0,0.0,0.0,0.0,0.0,0.0,0.0,0.0,0.0,0.0,0.0,0.0,0.0,0.0,0.0,0.0,0.0,0.0,0.0,0.0,0.0,0.0,0.0,0.0,0.0,0.0,0.0,0.0,0.0,0.0,0.0,0.0,0.0,0.0,0.0,0.0,0.0,0.0,0.0,0.0,0.0,0.0,0.0
502,0.0,0.0,0.0,0.0,0.0,0.0,0.0,0.0,0.0,0.0,0.0,0.0,0.0,0.0,0.0,0.0,0.0,0.0,0.0,0.0,0.0,0.0,0.0,0.0,0.0,0.0,0.0,0.0,0.0,0.0,0.0,0.0,0.0,0.0,0.0,0.0,0.0,0.0,0.0,0.0,0.0,0.0,0.0,0.0,0.0,0.0,0.0,0.0,0.0,0.0,0.0,0.0,0.0,0.0,0.0,0.0,0.0,0.0,0.0,0.0,0.0,0.0,0.0,0.0
503,0.0,0.0,0.0,0.0,0.0,0.0,0.0,0.0,0.0,0.0,0.0,0.0,0.0,0.0,0.0,0.0,0.0,0.0,0.0,0.0,0.0,0.0,0.0,0.0,0.0,0.0,0.0,0.0,0.0,0.0,0.0,0.0,0.0,0.0,0.0,0.0,0.0,0.0,0.0,0.0,0.0,0.0,0.0,0.0,0.0,0.0,0.0,0.0,0.0,0.0,0.0,0.0,0.0,0.0,0.0,0.0,0.0,0.0,0.0,0.0,0.0,0.0,0.0,0.0
504,0.0,0.0,0.0,0.0,0.0,0.0,0.0,0.0,0.0,0.0,0.0,0.0,0.0,0.0,0.0,0.0,0.0,0.0,0.0,0.0,0.0,0.0,0.0,0.0,0.0,0.0,0.0,0.0,0.0,0.0,0.0,0.0,0.0,0.0,0.0,0.0,0.0,0.0,0.0,0.0,0.0,0.0,0.0,0.0,0.0,0.0,0.0,0.0,0.0,0.0,0.0,0.0,0.0,0.0,0.0,0.0,0.0,0.0,0.0,0.0,0.0,0.0,0.0,0.0
505,0.0,0.0,0.0,0.0,0.0,0.0,0.0,0.0,0.0,0.0,0.0,0.0,0.0,0.0,0.0,0.0,0.0,0.0,0.0,0.0,0.0,0.0,0.0,0.0,0.0,0.0,0.0,0.0,0.0,0.0,0.0,0.0,0.0,0.0,0.0,0.0,0.0,0.0,0.0,0.0,0.0,0.0,0.0,0.0,0.0,0.0,0.0,0.0,0.0,0.0,0.0,0.0,0.0,0.0,0.0,0.0,0.0,0.0,0.0,0.0,0.0,0.0,0.0,0.0
506,0.0,0.0,0.0,0.0,0.0,0.0,0.0,0.0,0.0,0.0,0.0,0.0,0.0,0.0,0.0,0.0,0.0,0.0,0.0,0.0,0.0,0.0,0.0,0.0,0.0,0.0,0.0,0.0,0.0,0.0,0.0,0.0,0.0,0.0,0.0,0.0,0.0,0.0,0.0,0.0,0.0,0.0,0.0,0.0,0.0,0.0,0.0,0.0,0.0,0.0,0.0,0.0,0.0,0.0,0.0,0.0,0.0,0.0,0.0,0.0,0.0,0.0,0.0,0.0
507,0.0,0.0,0.0,0.0,0.0,0.0,0.0,0.0,0.0,0.0,0.0,0.0,0.0,0.0,0.0,0.0,0.0,0.0,0.0,0.0,0.0,0.0,0.0,0.0,0.0,0.0,0.0,0.0,0.0,0.0,0.0,0.0,0.0,0.0,0.0,0.0,0.0,0.0,0.0,0.0,0.0,0.0,0.0,0.0,0.0,0.0,0.0,0.0,0.0,0.0,0.0,0.0,0.0,0.0,0.0,0.0,0.0,0.0,0.0,0.0,0.0,0.0,0.0,0.0
508,0.0,0.0,0.0,0.0,0.0,0.0,0.0,0.0,0.0,0.0,0.0,0.0,0.0,0.0,0.0,0.0,0.0,0.0,0.0,0.0,0.0,0.0,0.0,0.0,0.0,0.0,0.0,0.0,0.0,0.0,0.0,0.0,0.0,0.0,0.0,0.0,0.0,0.0,0.0,0.0,0.0,0.0,0.0,0.0,0.0,0.0,0.0,0.0,0.0,0.0,0.0,0.0,0.0,0.0,0.0,0.0,0.0,0.0,0.0,0.0,0.0,0.0,0.0,0.0
509,0.0,0.0,0.0,0.0,0.0,0.0,0.0,0.0,0.0,0.0,0.0,0.0,0.0,0.0,0.0,0.0,0.0,0.0,0.0,0.0,0.0,0.0,0.0,0.0,0.0,0.0,0.0,0.0,0.0,0.0,0.0,0.0,0.0,0.0,0.0,0.0,0.0,0.0,0.0,0.0,0.0,0.0,0.0,0.0,0.0,0.0,0.0,0.0,0.0,0.0,0.0,0.0,0.0,0.0,0.0,0.0,0.0,0.0,0.0,0.0,0.0,0.0,0.0,0.0
510,0.0,0.0,0.0,0.0,0.0,0.0,0.0,0.0,0.0,0.0,0.0,0.0,0.0,0.0,0.0,0.0,0.0,0.0,0.0,0.0,0.0,0.0,0.0,0.0,0.0,0.0,0.0,0.0,0.0,0.0,0.0,0.0,0.0,0.0,0.0,0.0,0.0,0.0,0.0,0.0,0.0,0.0,0.0,0.0,0.0,0.0,0.0,0.0,0.0,0.0,0.0,0.0,0.0,0.0,0.0,0.0,0.0,0.0,0.0,0.0,0.0,0.0,0.0,0.0
511,0.0,0.0,0.0,0.0,0.0,0.0,0.0,0.0,0.0,0.0,0.0,0.0,0.0,0.0,0.0,0.0,0.0,0.0,0.0,0.0,0.0,0.0,0.0,0.0,0.0,0.0,0.0,0.0,0.0,0.0,0.0,0.0,0.0,0.0,0.0,0.0,0.0,0.0,0.0,0.0,0.0,0.0,0.0,0.0,0.0,0.0,0.0,0.0,0.0,0.0,0.0,0.0,0.0,0.0,0.0,0.0,0.0,0.0,0.0,0.0,0.0,0.0,0.0,0.0
512,0.0,0.0,0.0,0.0,0.0,0.0,0.0,0.0,0.0,0.0,0.0,0.0,0.0,0.0,0.0,0.0,0.0,0.0,0.0,0.0,0.0,0.0,0.0,0.0,0.0,0.0,0.0,0.0,0.0,0.0,0.0,0.0,0.0,0.0,0.0,0.0,0.0,0.0,0.0,0.0,0.0,0.0,0.0,0.0,0.0,0.0,0.0,0.0,0.0,0.0,0.0,0.0,0.0,0.0,0.0,0.0,0.0,0.0,0.0,0.0,0.0,0.0,0.0,0.0
513,0.0,0.0,0.0,0.0,0.0,0.0,0.0,0.0,0.0,0.0,0.0,0.0,0.0,0.0,0.0,0.0,0.0,0.0,0.0,0.0,0.0,0.0,0.0,0.0,0.0,0.0,0.0,0.0,0.0,0.0,0.0,0.0,0.0,0.0,0.0,0.0,0.0,0.0,0.0,0.0,0.0,0.0,0.0,0.0,0.0,0.0,0.0,0.0,0.0,0.0,0.0,0.0,0.0,0.0,0.0,0.0,0.0,0.0,0.0,0.0,0.0,0.0,0.0,0.0
514,0.0,0.0,0.0,0.0,0.0,0.0,0.0,0.0,0.0,0.0,0.0,0.0,0.0,0.0,0.0,0.0,0.0,0.0,0.0,0.0,0.0,0.0,0.0,0.0,0.0,0.0,0.0,0.0,0.0,0.0,0.0,0.0,0.0,0.0,0.0,0.0,0.0,0.0,0.0,0.0,0.0,0.0,0.0,0.0,0.0,0.0,0.0,0.0,0.0,0.0,0.0,0.0,0.0,0.0,0.0,0.0,0.0,0.0,0.0,0.0,0.0,0.0,0.0,0.0
515,0.0,0.0,0.0,0.0,0.0,0.0,0.0,0.0,0.0,0.0,0.0,0.0,0.0,0.0,0.0,0.0,0.0,0.0,0.0,0.0,0.0,0.0,0.0,0.0,0.0,0.0,0.0,0.0,0.0,0.0,0.0,0.0,0.0,0.0,0.0,0.0,0.0,0.0,0.0,0.0,0.0,0.0,0.0,0.0,0.0,0.0,0.0,0.0,0.0,0.0,0.0,0.0,0.0,0.0,0.0,0.0,0.0,0.0,0.0,0.0,0.0,0.0,0.0,0.0
516,0.0,0.0,0.0,0.0,0.0,0.17,0.0,0.0,0.03,0.22,0.05,0.12,0.21,0.2,0.23,0.24,0.08,0.26,0.25,0.18,0.17,0.31,0.21,0.02,0.11,0.0,0.0,0.0,0.01,0.0,0.0,0.0,0.0,0.0,0.0,0.01,0.04,0.06,0.0,0.06,0.0,0.0,0.01,0.07,0.02,0.01,0.03,0.0,0.0,0.03,0.0,0.0,0.07,0.0,0.01,0.0,0.0,0.02,0.0,0.0,0.0,0.01,0.01,0.0
517,0.0,0.0,0.02,0.0,0.0,0.03,0.0,0.0,0.14,0.51,0.12,0.23,0.34,0.37,0.38,0.22,0.26,0.44,0.4,0.2,0.28,0.41,0.52,0.26,0.57,0.0,0.0,0.0,0.02,0.0,0.0,0.0,0.0,0.0,0.0,0.03,0.05,0.07,0.13,0.18,0.19,0.03,0.02,0.03,0.11,0.06,0.01,0.0,0.0,0.01,0.02,0.02,0.47,0.03,0.03,0.02,0.0,0.02,0.01,0.05,0.02,0.02,0.02,0.01
518,0.0,0.01,0.01,0.0,0.0,0.52,0.0,0.0,0.23,0.64,0.14,0.3,0.5,0.33,0.3,0.28,0.34,0.46,0.44,0.29,0.36,0.37,0.52,0.04,0.03,0.02,0.0,0.0,0.02,0.01,0.02,0.0,0.0,0.0,0.0,0.05,0.05,0.09,0.02,0.15,0.04,0.03,0.06,0.22,0.03,0.04,0.54,0.0,0.0,0.26,0.07,0.04,0.06,0.11,0.05,0.04,0.0,0.11,0.06,0.04,0.03,0.09,0.02,0.04
519,0.0,0.01,0.01,0.0,0.0,0.02,0.0,0.0,0.06,0.57,0.07,0.4,0.7,0.38,0.32,0.37,0.08,0.59,0.55,0.52,0.48,0.41,0.64,0.09,0.51,0.02,0.0,0.0,0.01,0.01,0.01,0.0,0.0,0.0,0.0,0.04,0.1,0.12,0.03,0.05,0.07,0.04,0.02,0.07,0.09,0.02,0.02,0.0,0.0,0.02,0.04,0.06,0.14,0.06,0.04,0.49,0.0,0.32,0.04,0.13,0.02,0.07,0.02,0.02
520,0.0,0.02,0.01,0.0,0.0,0.07,0.0,0.0,0.1,0.38,0.2,0.68,0.59,0.6,0.68,0.1,0.18,0.48,0.5,0.06,0.62,0.4,0.51,0.16,0.03,0.02,0.0,0.0,0.01,0.02,0.02,0.0,0.0,0.0,0.0,0.03,0.03,0.15,0.02,0.21,0.03,0.02,0.02,0.11,0.1,0.02,0.05,0.0,0.0,0.04,0.03,0.03,0.23,0.09,0.35,0.39,0.0,0.05,0.02,0.45,0.04,0.05,0.02,0.02
521,0.0,0.01,0.02,0.0,0.0,0.06,0.0,0.0,0.05,0.52,0.02,0.3,0.58,0.12,0.21,0.2,0.34,0.64,0.67,0.17,0.54,0.09,0.6,0.04,0.03,0.02,0.0,0.0,0.01,0.01,0.02,0.0,0.0,0.0,0.0,0.03,0.02,0.03,0.01,0.05,0.01,0.02,0.02,0.02,0.04,0.02,0.05,0.0,0.0,0.04,0.02,0.02,0.07,0.06,0.58,0.68,0.0,0.08,0.02,0.08,0.02,0.03,0.02,0.02
522,0.0,0.02,0.02,0.0,0.0,0.02,0.0,0.0,0.03,0.61,0.02,0.05,0.53,0.05,0.03,0.05,0.02,0.44,0.41,0.04,0.08,0.06,0.48,0.02,0.06,0.01,0.0,0.0,0.01,0.02,0.01,0.0,0.0,0.0,0.0,0.01,0.01,0.01,0.02,0.02,0.01,0.01,0.01,0.01,0.01,0.02,0.02,0.0,0.0,0.01,0.02,0.01,0.03,0.02,0.15,0.15,0.0,0.02,0.01,0.04,0.01,0.02,0.01,0.01
523,0.0,0.02,0.02,0.0,0.0,0.0,0.0,0.0,0.03,0.47,0.01,0.02,0.22,0.02,0.02,0.49,0.01,0.37,0.36,0.02,0.32,0.02,0.38,0.0,0.01,0.01,0.0,0.0,0.01,0.01,0.01,0.0,0.0,0.0,0.0,0.0,0.0,0.01,0.01,0.01,0.0,0.0,0.0,0.0,0.0,0.01,0.0,0.0,0.0,0.0,0.01,0.0,0.0,0.01,0.03,0.04,0.0,0.01,0.0,0.01,0.0,0.01,0.0,0.0
524,0.0,0.0,0.0,0.0,0.0,0.0,0.0,0.0,0.0,0.02,0.0,0.01,0.0,0.0,0.02,0.0,0.0,0.02,0.16,0.0,0.0,0.01,0.02,0.0,0.0,0.0,0.0,0.0,0.0,0.0,0.0,0.0,0.0,0.0,0.0,0.0,0.0,0.0,0.0,0.0,0.0,0.0,0.0,0.0,0.0,0.0,0.0,0.0,0.0,0.0,0.0,0.0,0.0,0.0,0.0,0.01,0.0,0.0,0.0,0.0,0.0,0.0,0.0,0.0
525,0.0,0.0,0.0,0.0,0.0,0.0,0.0,0.0,0.0,0.0,0.0,0.0,0.0,0.0,0.0,0.0,0.0,0.0,0.0,0.0,0.0,0.0,0.0,0.0,0.0,0.0,0.0,0.0,0.0,0.0,0.0,0.0,0.0,0.0,0.0,0.0,0.0,0.0,0.0,0.0,0.0,0.0,0.0,0.0,0.0,0.0,0.0,0.0,0.0,0.0,0.0,0.0,0.0,0.0,0.0,0.0,0.0,0.0,0.0,0.0,0.0,0.0,0.0,0.0
526,0.0,0.0,0.0,0.0,0.0,0.0,0.0,0.0,0.0,0.0,0.0,0.0,0.0,0.0,0.0,0.0,0.0,0.0,0.0,0.0,0.0,0.0,0.0,0.0,0.0,0.0,0.0,0.0,0.0,0.0,0.0,0.0,0.0,0.0,0.0,0.0,0.0,0.0,0.0,0.0,0.0,0.0,0.0,0.0,0.0,0.0,0.0,0.0,0.0,0.0,0.0,0.0,0.0,0.0,0.0,0.0,0.0,0.0,0.0,0.0,0.0,0.0,0.0,0.0
527,0.0,0.0,0.0,0.0,0.0,0.0,0.0,0.0,0.0,0.0,0.0,0.0,0.0,0.0,0.0,0.0,0.0,0.0,0.0,0.0,0.0,0.0,0.0,0.0,0.0,0.0,0.0,0.0,0.0,0.0,0.0,0.0,0.0,0.0,0.0,0.0,0.0,0.0,0.0,0.0,0.0,0.0,0.0,0.0,0.0,0.0,0.0,0.0,0.0,0.0,0.0,0.0,0.0,0.0,0.0,0.0,0.0,0.0,0.0,0.0,0.0,0.0,0.0,0.0
528,0.0,0.0,0.0,0.0,0.0,0.0,0.0,0.0,0.0,0.0,0.0,0.0,0.0,0.0,0.0,0.0,0.0,0.0,0.0,0.0,0.0,0.0,0.0,0.0,0.0,0.0,0.0,0.0,0.0,0.0,0.0,0.0,0.0,0.0,0.0,0.0,0.0,0.0,0.0,0.0,0.0,0.0,0.0,0.0,0.0,0.0,0.0,0.0,0.0,0.0,0.0,0.0,0.0,0.0,0.0,0.0,0.0,0.0,0.0,0.0,0.0,0.0,0.0,0.0
529,0.0,0.0,0.0,0.0,0.0,0.0,0.0,0.0,0.0,0.0,0.0,0.0,0.0,0.0,0.0,0.0,0.0,0.0,0.0,0.0,0.0,0.0,0.0,0.0,0.0,0.0,0.0,0.0,0.0,0.0,0.0,0.0,0.0,0.0,0.0,0.0,0.0,0.0,0.0,0.0,0.0,0.0,0.0,0.0,0.0,0.0,0.0,0.0,0.0,0.0,0.0,0.0,0.0,0.0,0.0,0.0,0.0,0.0,0.0,0.0,0.0,0.0,0.0,0.0
530,0.0,0.0,0.0,0.0,0.0,0.0,0.0,0.0,0.0,0.0,0.0,0.0,0.0,0.0,0.0,0.0,0.0,0.0,0.0,0.0,0.0,0.0,0.0,0.0,0.0,0.0,0.0,0.0,0.0,0.0,0.0,0.0,0.0,0.0,0.0,0.0,0.0,0.0,0.0,0.0,0.0,0.0,0.0,0.0,0.0,0.0,0.0,0.0,0.0,0.0,0.0,0.0,0.0,0.0,0.0,0.0,0.0,0.0,0.0,0.0,0.0,0.0,0.0,0.0
531,0.0,0.0,0.0,0.0,0.0,0.0,0.0,0.0,0.0,0.0,0.0,0.0,0.0,0.0,0.0,0.0,0.0,0.0,0.0,0.0,0.0,0.0,0.0,0.0,0.0,0.0,0.0,0.0,0.0,0.0,0.0,0.0,0.0,0.0,0.0,0.0,0.0,0.0,0.0,0.0,0.0,0.0,0.0,0.0,0.0,0.0,0.0,0.0,0.0,0.0,0.0,0.0,0.0,0.0,0.0,0.0,0.0,0.0,0.0,0.0,0.0,0.0,0.0,0.0
532,0.0,0.0,0.0,0.0,0.0,0.0,0.0,0.0,0.0,0.0,0.0,0.0,0.0,0.0,0.0,0.0,0.0,0.0,0.0,0.0,0.0,0.0,0.0,0.0,0.0,0.0,0.0,0.0,0.0,0.0,0.0,0.0,0.0,0.0,0.0,0.0,0.0,0.0,0.0,0.0,0.0,0.0,0.0,0.0,0.0,0.0,0.0,0.0,0.0,0.0,0.0,0.0,0.0,0.0,0.0,0.0,0.0,0.0,0.0,0.0,0.0,0.0,0.0,0.0
533,0.0,0.0,0.0,0.0,0.0,0.0,0.0,0.0,0.0,0.0,0.0,0.0,0.0,0.0,0.0,0.0,0.0,0.0,0.0,0.0,0.0,0.0,0.0,0.0,0.0,0.0,0.0,0.0,0.0,0.0,0.0,0.0,0.0,0.0,0.0,0.0,0.0,0.0,0.0,0.0,0.0,0.0,0.0,0.0,0.0,0.0,0.0,0.0,0.0,0.0,0.0,0.0,0.0,0.0,0.0,0.0,0.0,0.0,0.0,0.0,0.0,0.0,0.0,0.0
534,0.0,0.0,0.0,0.0,0.0,0.0,0.0,0.0,0.0,0.0,0.0,0.0,0.0,0.0,0.0,0.0,0.0,0.0,0.0,0.0,0.0,0.0,0.0,0.0,0.0,0.0,0.0,0.0,0.0,0.0,0.0,0.0,0.0,0.0,0.0,0.0,0.0,0.0,0.0,0.0,0.0,0.0,0.0,0.0,0.0,0.0,0.0,0.0,0.0,0.0,0.0,0.0,0.0,0.0,0.0,0.0,0.0,0.0,0.0,0.0,0.0,0.0,0.0,0.0
535,0.0,0.0,0.0,0.0,0.0,0.0,0.0,0.0,0.0,0.0,0.0,0.0,0.0,0.0,0.0,0.0,0.0,0.0,0.0,0.0,0.0,0.0,0.0,0.0,0.0,0.0,0.0,0.0,0.0,0.0,0.0,0.0,0.0,0.0,0.0,0.0,0.0,0.0,0.0,0.0,0.0,0.0,0.0,0.0,0.0,0.0,0.0,0.0,0.0,0.0,0.0,0.0,0.0,0.0,0.0,0.0,0.0,0.0,0.0,0.0,0.0,0.0,0.0,0.0
536,0.0,0.0,0.0,0.0,0.0,0.0,0.0,0.0,0.0,0.0,0.0,0.0,0.0,0.0,0.0,0.0,0.0,0.0,0.0,0.0,0.0,0.0,0.0,0.0,0.0,0.0,0.0,0.0,0.0,0.0,0.0,0.0,0.0,0.0,0.0,0.0,0.0,0.0,0.0,0.0,0.0,0.0,0.0,0.0,0.0,0.0,0.0,0.0,0.0,0.0,0.0,0.0,0.0,0.0,0.0,0.0,0.0,0.0,0.0,0.0,0.0,0.0,0.0,0.0
537,0.0,0.0,0.0,0.0,0.0,0.0,0.0,0.0,0.0,0.0,0.0,0.0,0.0,0.0,0.0,0.0,0.0,0.0,0.0,0.0,0.0,0.0,0.0,0.0,0.0,0.0,0.0,0.0,0.0,0.0,0.0,0.0,0.0,0.0,0.0,0.0,0.0,0.0,0.0,0.0,0.0,0.0,0.0,0.0,0.0,0.0,0.0,0.0,0.0,0.0,0.0,0.0,0.0,0.0,0.0,0.0,0.0,0.0,0.0,0.0,0.0,0.0,0.0,0.0
538,0.0,0.0,0.0,0.0,0.0,0.0,0.0,0.0,0.0,0.0,0.0,0.0,0.0,0.0,0.0,0.0,0.0,0.0,0.0,0.0,0.0,0.0,0.0,0.0,0.0,0.0,0.0,0.0,0.0,0.0,0.0,0.0,0.0,0.0,0.0,0.0,0.0,0.0,0.0,0.0,0.0,0.0,0.0,0.0,0.0,0.0,0.0,0.0,0.0,0.0,0.0,0.0,0.0,0.0,0.0,0.0,0.0,0.0,0.0,0.0,0.0,0.0,0.0,0.0
539,0.0,0.0,0.0,0.0,0.0,0.0,0.0,0.0,0.0,0.0,0.0,0.0,0.0,0.0,0.0,0.0,0.0,0.0,0.0,0.0,0.0,0.0,0.0,0.0,0.0,0.0,0.0,0.0,0.0,0.0,0.0,0.0,0.0,0.0,0.0,0.0,0.0,0.0,0.0,0.0,0.0,0.0,0.0,0.0,0.0,0.0,0.0,0.0,0.0,0.0,0.0,0.0,0.0,0.0,0.0,0.0,0.0,0.0,0.0,0.0,0.0,0.0,0.0,0.0
540,0.0,0.39,0.16,0.0,0.0,0.5,0.0,0.0,0.02,0.0,0.02,0.47,0.0,0.0,0.01,0.0,0.46,0.0,0.0,0.0,0.0,0.0,0.0,0.01,0.02,0.1,0.0,0.0,0.01,0.45,0.47,0.0,0.0,0.0,0.0,0.46,0.01,0.39,0.09,0.15,0.12,0.01,0.01,0.01,0.22,0.05,0.5,0.0,0.0,0.5,0.3,0.06,0.1,0.05,0.01,0.0,0.0,0.2,0.21,0.08,0.02,0.06,0.44,0.14
541,0.0,0.68,0.16,0.0,0.0,0.7,0.0,0.0,0.64,0.01,0.51,0.69,0.02,0.03,0.03,0.04,0.2,0.01,0.01,0.07,0.02,0.03,0.01,0.14,0.06,0.21,0.0,0.0,0.7,0.68,0.72,0.0,0.0,0.0,0.0,0.69,0.32,0.7,0.7,0.7,0.71,0.31,0.69,0.03,0.1,0.7,0.7,0.0,0.0,0.7,0.18,0.44,0.31,0.37,0.05,0.01,0.0,0.11,0.66,0.56,0.18,0.18,0.72,0.29
542,0.0,0.8,0.26,0.0,0.0,0.77,0.0,0.0,0.74,0.13,0.75,0.77,0.02,0.74,0.74,0.74,0.07,0.02,0.02,0.74,0.04,0.59,0.03,0.34,0.71,0.38,0.0,0.0,0.79,0.8,0.8,0.0,0.0,0.0,0.0,0.78,0.73,0.78,0.78,0.78,0.7,0.77,0.7,0.76,0.76,0.76,0.77,0.0,0.0,0.77,0.66,0.3,0.35,0.04,0.04,0.03,0.0,0.48,0.74,0.44,0.31,0.76,0.81,0.68
543,0.0,0.84,0.69,0.0,0.0,0.81,0.0,0.0,0.78,0.21,0.78,0.8,0.06,0.61,0.78,0.78,0.16,0.03,0.03,0.78,0.17,0.44,0.04,0.79,0.2,0.66,0.0,0.0,0.82,0.84,0.84,0.0,0.0,0.0,0.0,0.81,0.72,0.78,0.67,0.8,0.69,0.78,0.8,0.75,0.78,0.82,0.81,0.0,0.0,0.81,0.61,0.24,0.18,0.08,0.05,0.03,0.0,0.13,0.79,0.44,0.57,0.09,0.84,0.8
544,0.0,0.85,0.69,0.0,0.0,0.82,0.0,0.0,0.79,0.06,0.8,0.82,0.1,0.79,0.79,0.79,0.2,0.05,0.2,0.79,0.2,0.79,0.06,0.74,0.23,0.56,0.0,0.0,0.84,0.85,0.85,0.0,0.0,0.0,0.0,0.82,0.8,0.79,0.46,0.79,0.84,0.6,0.82,0.8,0.75,0.54,0.82,0.0,0.0,0.82,0.35,0.14,0.1,0.25,0.06,0.03,0.0,0.25,0.8,0.17,0.81,0.31,0.85,0.81
545,0.0,0.84,0.61,0.0,0.0,0.8,0.0,0.0,0.78,0.06,0.76,0.8,0.1,0.3,0.77,0.77,0.07,0.07,0.78,0.77,0.19,0.19,0.06,0.79,0.78,0.25,0.0,0.0,0.83,0.84,0.84,0.0,0.0,0.0,0.0,0.39,0.79,0.81,0.28,0.81,0.44,0.69,0.47,0.8,0.79,0.33,0.8,0.0,0.0,0.8,0.15,0.09,0.09,0.07,0.04,0.04,0.0,0.08,0.8,0.1,0.21,0.18,0.76,0.39
546,0.0,0.83,0.82,0.0,0.0,0.79,0.0,0.0,0.77,0.03,0.76,0.79,0.16,0.15,0.75,0.75,0.07,0.76,0.77,0.75,0.12,0.1,0.13,0.78,0.78,0.18,0.0,0.0,0.83,0.83,0.84,0.0,0.0,0.0,0.0,0.26,0.78,0.8,0.19,0.8,0.25,0.37,0.46,0.78,0.78,0.3,0.79,0.0,0.0,0.79,0.1,0.06,0.05,0.05,0.03,0.02,0.0,0.04,0.72,0.04,0.1,0.12,0.5,0.53
547,0.0,0.76,0.3,0.0,0.0,0.72,0.0,0.0,0.68,0.66,0.69,0.38,0.64,0.36,0.67,0.67,0.03,0.67,0.22,0.67,0.11,0.2,0.18,0.7,0.7,0.14,0.0,0.0,0.75,0.63,0.76,0.0,0.0,0.0,0.0,0.6,0.7,0.72,0.1,0.5,0.02,0.31,0.72,0.71,0.7,0.18,0.72,0.0,0.0,0.72,0.73,0.05,0.03,0.18,0.01,0.04,0.0,0.03,0.73,0.03,0.05,0.38,0.7,0.73
548,0.0,0.59,0.37,0.0,0.0,0.56,0.0,0.0,0.48,0.3,0.5,0.13,0.0,0.42,0.43,0.44,0.02,0.35,0.0,0.45,0.03,0.41,0.0,0.53,0.54,0.14,0.0,0.0,0.58,0.37,0.59,0.0,0.0,0.0,0.0,0.56,0.3,0.21,0.18,0.02,0.0,0.56,0.56,0.54,0.54,0.1,0.56,0.0,0.0,0.56,0.57,0.1,0.02,0.26,0.0,0.09,0.0,0.02,0.56,0.0,0.15,0.39,0.58,0.56
549,0.0,0.0,0.0,0.0,0.0,0.0,0.0,0.0,0.0,0.0,0.0,0.0,0.0,0.0,0.0,0.0,0.0,0.0,0.0,0.0,0.0,0.0,0.0,0.0,0.0,0.0,0.0,0.0,0.0,0.0,0.0,0.0,0.0,0.0,0.0,0.0,0.0,0.0,0.0,0.0,0.0,0.0,0.0,0.0,0.0,0.0,0.0,0.0,0.0,0.0,0.0,0.0,0.0,0.0,0.0,0.0,0.0,0.0,0.0,0.0,0.0,0.0,0.0,0.0
550,0.0,0.0,0.0,0.0,0.0,0.0,0.0,0.0,0.0,0.0,0.0,0.0,0.0,0.0,0.0,0.0,0.0,0.0,0.0,0.0,0.0,0.0,0.0,0.0,0.0,0.0,0.0,0.0,0.0,0.0,0.0,0.0,0.0,0.0,0.0,0.0,0.0,0.0,0.0,0.0,0.0,0.0,0.0,0.0,0.0,0.0,0.0,0.0,0.0,0.0,0.0,0.0,0.0,0.0,0.0,0.0,0.0,0.0,0.0,0.0,0.0,0.0,0.0,0.0
551,0.0,0.0,0.0,0.0,0.0,0.0,0.0,0.0,0.0,0.0,0.0,0.0,0.0,0.0,0.0,0.0,0.0,0.0,0.0,0.0,0.0,0.0,0.0,0.0,0.0,0.0,0.0,0.0,0.0,0.0,0.0,0.0,0.0,0.0,0.0,0.0,0.0,0.0,0.0,0.0,0.0,0.0,0.0,0.0,0.0,0.0,0.0,0.0,0.0,0.0,0.0,0.0,0.0,0.0,0.0,0.0,0.0,0.0,0.0,0.0,0.0,0.0,0.0,0.0
552,0.0,0.0,0.0,0.0,0.0,0.0,0.0,0.0,0.0,0.0,0.0,0.0,0.0,0.0,0.0,0.0,0.0,0.0,0.0,0.0,0.0,0.0,0.0,0.0,0.0,0.0,0.0,0.0,0.0,0.0,0.0,0.0,0.0,0.0,0.0,0.0,0.0,0.0,0.0,0.0,0.0,0.0,0.0,0.0,0.0,0.0,0.0,0.0,0.0,0.0,0.0,0.0,0.0,0.0,0.0,0.0,0.0,0.0,0.0,0.0,0.0,0.0,0.0,0.0
553,0.0,0.0,0.0,0.0,0.0,0.0,0.0,0.0,0.0,0.0,0.0,0.0,0.0,0.0,0.0,0.0,0.0,0.0,0.0,0.0,0.0,0.0,0.0,0.0,0.0,0.0,0.0,0.0,0.0,0.0,0.0,0.0,0.0,0.0,0.0,0.0,0.0,0.0,0.0,0.0,0.0,0.0,0.0,0.0,0.0,0.0,0.0,0.0,0.0,0.0,0.0,0.0,0.0,0.0,0.0,0.0,0.0,0.0,0.0,0.0,0.0,0.0,0.0,0.0
554,0.0,0.0,0.0,0.0,0.0,0.0,0.0,0.0,0.0,0.0,0.0,0.0,0.0,0.0,0.0,0.0,0.0,0.0,0.0,0.0,0.0,0.0,0.0,0.0,0.0,0.0,0.0,0.0,0.0,0.0,0.0,0.0,0.0,0.0,0.0,0.0,0.0,0.0,0.0,0.0,0.0,0.0,0.0,0.0,0.0,0.0,0.0,0.0,0.0,0.0,0.0,0.0,0.0,0.0,0.0,0.0,0.0,0.0,0.0,0.0,0.0,0.0,0.0,0.0
555,0.0,0.0,0.0,0.0,0.0,0.0,0.0,0.0,0.0,0.0,0.0,0.0,0.0,0.0,0.0,0.0,0.0,0.0,0.0,0.0,0.0,0.0,0.0,0.0,0.0,0.0,0.0,0.0,0.0,0.0,0.0,0.0,0.0,0.0,0.0,0.0,0.0,0.0,0.0,0.0,0.0,0.0,0.0,0.0,0.0,0.0,0.0,0.0,0.0,0.0,0.0,0.0,0.0,0.0,0.0,0.0,0.0,0.0,0.0,0.0,0.0,0.0,0.0,0.0
556,0.0,0.0,0.0,0.0,0.0,0.0,0.0,0.0,0.0,0.0,0.0,0.0,0.0,0.0,0.0,0.0,0.0,0.0,0.0,0.0,0.0,0.0,0.0,0.0,0.0,0.0,0.0,0.0,0.0,0.0,0.0,0.0,0.0,0.0,0.0,0.0,0.0,0.0,0.0,0.0,0.0,0.0,0.0,0.0,0.0,0.0,0.0,0.0,0.0,0.0,0.0,0.0,0.0,0.0,0.0,0.0,0.0,0.0,0.0,0.0,0.0,0.0,0.0,0.0
557,0.0,0.0,0.0,0.0,0.0,0.0,0.0,0.0,0.0,0.0,0.0,0.0,0.0,0.0,0.0,0.0,0.0,0.0,0.0,0.0,0.0,0.0,0.0,0.0,0.0,0.0,0.0,0.0,0.0,0.0,0.0,0.0,0.0,0.0,0.0,0.0,0.0,0.0,0.0,0.0,0.0,0.0,0.0,0.0,0.0,0.0,0.0,0.0,0.0,0.0,0.0,0.0,0.0,0.0,0.0,0.0,0.0,0.0,0.0,0.0,0.0,0.0,0.0,0.0
558,0.0,0.0,0.0,0.0,0.0,0.0,0.0,0.0,0.0,0.0,0.0,0.0,0.0,0.0,0.0,0.0,0.0,0.0,0.0,0.0,0.0,0.0,0.0,0.0,0.0,0.0,0.0,0.0,0.0,0.0,0.0,0.0,0.0,0.0,0.0,0.0,0.0,0.0,0.0,0.0,0.0,0.0,0.0,0.0,0.0,0.0,0.0,0.0,0.0,0.0,0.0,0.0,0.0,0.0,0.0,0.0,0.0,0.0,0.0,0.0,0.0,0.0,0.0,0.0
559,0.0,0.0,0.0,0.0,0.0,0.0,0.0,0.0,0.0,0.0,0.0,0.0,0.0,0.0,0.0,0.0,0.0,0.0,0.0,0.0,0.0,0.0,0.0,0.0,0.0,0.0,0.0,0.0,0.0,0.0,0.0,0.0,0.0,0.0,0.0,0.0,0.0,0.0,0.0,0.0,0.0,0.0,0.0,0.0,0.0,0.0,0.0,0.0,0.0,0.0,0.0,0.0,0.0,0.0,0.0,0.0,0.0,0.0,0.0,0.0,0.0,0.0,0.0,0.0
560,0.0,0.0,0.0,0.0,0.0,0.0,0.0,0.0,0.0,0.0,0.0,0.0,0.0,0.0,0.0,0.0,0.0,0.0,0.0,0.0,0.0,0.0,0.0,0.0,0.0,0.0,0.0,0.0,0.0,0.0,0.0,0.0,0.0,0.0,0.0,0.0,0.0,0.0,0.0,0.0,0.0,0.0,0.0,0.0,0.0,0.0,0.0,0.0,0.0,0.0,0.0,0.0,0.0,0.0,0.0,0.0,0.0,0.0,0.0,0.0,0.0,0.0,0.0,0.0
561,0.0,0.0,0.0,0.0,0.0,0.0,0.0,0.0,0.0,0.0,0.0,0.0,0.0,0.0,0.0,0.0,0.0,0.0,0.0,0.0,0.0,0.0,0.0,0.0,0.0,0.0,0.0,0.0,0.0,0.0,0.0,0.0,0.0,0.0,0.0,0.0,0.0,0.0,0.0,0.0,0.0,0.0,0.0,0.0,0.0,0.0,0.0,0.0,0.0,0.0,0.0,0.0,0.0,0.0,0.0,0.0,0.0,0.0,0.0,0.0,0.0,0.0,0.0,0.0
562,0.0,0.0,0.0,0.0,0.0,0.0,0.0,0.0,0.0,0.0,0.0,0.0,0.0,0.0,0.0,0.0,0.0,0.0,0.0,0.0,0.0,0.0,0.0,0.0,0.0,0.0,0.0,0.0,0.0,0.0,0.0,0.0,0.0,0.0,0.0,0.0,0.0,0.0,0.0,0.0,0.0,0.0,0.0,0.0,0.0,0.0,0.0,0.0,0.0,0.0,0.0,0.0,0.0,0.0,0.0,0.0,0.0,0.0,0.0,0.0,0.0,0.0,0.0,0.0
563,0.0,0.0,0.0,0.0,0.0,0.0,0.0,0.0,0.0,0.0,0.0,0.0,0.0,0.0,0.0,0.0,0.0,0.0,0.0,0.0,0.0,0.0,0.0,0.0,0.0,0.0,0.0,0.0,0.0,0.0,0.0,0.0,0.0,0.0,0.0,0.0,0.0,0.0,0.0,0.0,0.0,0.0,0.0,0.0,0.0,0.0,0.0,0.0,0.0,0.0,0.0,0.0,0.0,0.0,0.0,0.0,0.0,0.0,0.0,0.0,0.0,0.0,0.0,0.0
564,0.0,0.43,0.09,0.0,0.0,0.47,0.0,0.0,0.24,0.13,0.19,0.41,0.5,0.44,0.21,0.29,0.43,0.48,0.48,0.24,0.08,0.46,0.18,0.18,0.21,0.37,0.0,0.0,0.28,0.43,0.38,0.0,0.0,0.0,0.0,0.29,0.05,0.17,0.25,0.28,0.17,0.31,0.26,0.03,0.15,0.36,0.48,0.0,0.0,0.48,0.15,0.02,0.2,0.15,0.22,0.16,0.0,0.01,0.02,0.21,0.15,0.15,0.14,0.15
565,0.0,0.32,0.38,0.0,0.0,0.68,0.0,0.0,0.47,0.44,0.48,0.62,0.67,0.64,0.6,0.46,0.6,0.68,0.69,0.48,0.64,0.66,0.68,0.52,0.7,0.63,0.0,0.0,0.59,0.2,0.56,0.0,0.0,0.0,0.0,0.49,0.4,0.39,0.22,0.5,0.28,0.23,0.32,0.43,0.37,0.28,0.67,0.0,0.0,0.69,0.41,0.54,0.06,0.05,0.03,0.57,0.0,0.02,0.4,0.04,0.28,0.43,0.4,0.37
566,0.0,0.56,0.74,0.0,0.0,0.76,0.0,0.0,0.57,0.69,0.58,0.76,0.72,0.68,0.57,0.51,0.69,0.72,0.71,0.5,0.7,0.72,0.71,0.35,0.49,0.49,0.0,0.0,0.73,0.3,0.47,0.0,0.0,0.0,0.0,0.73,0.6,0.62,0.53,0.62,0.65,0.58,0.61,0.67,0.36,0.47,0.76,0.0,0.0,0.75,0.62,0.34,0.3,0.06,0.18,0.07,0.0,0.03,0.51,0.04,0.5,0.7,0.62,0.52
567,0.0,0.67,0.75,0.0,0.0,0.79,0.0,0.0,0.65,0.62,0.58,0.8,0.75,0.77,0.66,0.63,0.79,0.78,0.78,0.71,0.78,0.76,0.75,0.34,0.8,0.36,0.0,0.0,0.78,0.8,0.34,0.0,0.0,0.0,0.0,0.81,0.57,0.63,0.75,0.71,0.62,0.71,0.42,0.74,0.4,0.71,0.8,0.0,0.0,0.8,0.47,0.25,0.12,0.61,0.74,0.05,0.0,0.04,0.44,0.17,0.53,0.52,0.82,0.5
568,0.0,0.54,0.5,0.0,0.0,0.8,0.0,0.0,0.64,0.71,0.45,0.79,0.78,0.78,0.76,0.6,0.55,0.8,0.81,0.56,0.8,0.78,0.78,0.74,0.81,0.81,0.0,0.0,0.8,0.75,0.82,0.0,0.0,0.0,0.0,0.82,0.77,0.35,0.64,0.34,0.64,0.69,0.77,0.78,0.78,0.69,0.81,0.0,0.0,0.81,0.48,0.32,0.05,0.42,0.31,0.05,0.0,0.32,0.59,0.03,0.41,0.48,0.63,0.52
569,0.0,0.76,0.77,0.0,0.0,0.8,0.0,0.0,0.49,0.11,0.13,0.44,0.76,0.37,0.67,0.49,0.48,0.79,0.79,0.36,0.16,0.4,0.76,0.54,0.8,0.15,0.0,0.0,0.25,0.59,0.42,0.0,0.0,0.0,0.0,0.74,0.33,0.58,0.36,0.75,0.45,0.46,0.74,0.7,0.46,0.57,0.8,0.0,0.0,0.8,0.34,0.47,0.32,0.24,0.63,0.06,0.0,0.11,0.35,0.74,0.52,0.27,0.2,0.43
570,0.0,0.76,0.77,0.0,0.0,0.2,0.0,0.0,0.32,0.59,0.3,0.32,0.45,0.51,0.39,0.48,0.2,0.73,0.74,0.48,0.72,0.58,0.55,0.33,0.75,0.07,0.0,0.0,0.31,0.77,0.08,0.0,0.0,0.0,0.0,0.75,0.18,0.34,0.62,0.2,0.76,0.47,0.72,0.27,0.27,0.72,0.17,0.0,0.0,0.22,0.76,0.21,0.65,0.74,0.66,0.08,0.0,0.15,0.74,0.36,0.77,0.75,0.37,0.75
571,0.0,0.69,0.69,0.0,0.0,0.69,0.0,0.0,0.62,0.56,0.65,0.04,0.47,0.24,0.2,0.2,0.33,0.48,0.56,0.31,0.63,0.23,0.25,0.6,0.13,0.7,0.0,0.0,0.04,0.69,0.68,0.0,0.0,0.0,0.0,0.69,0.23,0.65,0.13,0.67,0.63,0.06,0.12,0.05,0.43,0.7,0.7,0.0,0.0,0.69,0.69,0.7,0.02,0.65,0.05,0.03,0.0,0.54,0.68,0.02,0.69,0.68,0.71,0.68
572,0.0,0.4,0.39,0.0,0.0,0.13,0.0,0.0,0.19,0.0,0.01,0.0,0.0,0.22,0.21,0.27,0.0,0.01,0.02,0.13,0.0,0.12,0.0,0.0,0.4,0.45,0.0,0.0,0.42,0.44,0.44,0.0,0.0,0.0,0.0,0.42,0.0,0.04,0.41,0.01,0.37,0.41,0.39,0.01,0.0,0.41,0.2,0.0,0.0,0.26,0.36,0.28,0.34,0.31,0.0,0.14,0.0,0.26,0.38,0.0,0.41,0.36,0.42,0.41
573,0.0,0.0,0.0,0.0,0.0,0.0,0.0,0.0,0.0,0.0,0.0,0.0,0.0,0.0,0.0,0.0,0.0,0.0,0.0,0.0,0.0,0.0,0.0,0.0,0.0,0.0,0.0,0.0,0.0,0.0,0.0,0.0,0.0,0.0,0.0,0.0,0.0,0.0,0.0,0.0,0.0,0.0,0.0,0.0,0.0,0.0,0.0,0.0,0.0,0.0,0.0,0.0,0.0,0.0,0.0,0.0,0.0,0.0,0.0,0.0,0.0,0.0,0.0,0.0
574,0.0,0.0,0.0,0.0,0.0,0.0,0.0,0.0,0.0,0.0,0.0,0.0,0.0,0.0,0.0,0.0,0.0,0.0,0.0,0.0,0.0,0.0,0.0,0.0,0.0,0.0,0.0,0.0,0.0,0.0,0.0,0.0,0.0,0.0,0.0,0.0,0.0,0.0,0.0,0.0,0.0,0.0,0.0,0.0,0.0,0.0,0.0,0.0,0.0,0.0,0.0,0.0,0.0,0.0,0.0,0.0,0.0,0.0,0.0,0.0,0.0,0.0,0.0,0.0
575,0.0,0.0,0.0,0.0,0.0,0.0,0.0,0.0,0.0,0.0,0.0,0.0,0.0,0.0,0.0,0.0,0.0,0.0,0.0,0.0,0.0,0.0,0.0,0.0,0.0,0.0,0.0,0.0,0.0,0.0,0.0,0.0,0.0,0.0,0.0,0.0,0.0,0.0,0.0,0.0,0.0,0.0,0.0,0.0,0.0,0.0,0.0,0.0,0.0,0.0,0.0,0.0,0.0,0.0,0.0,0.0,0.0,0.0,0.0,0.0,0.0,0.0,0.0,0.0
576,0.0,0.0,0.0,0.0,0.0,0.0,0.0,0.0,0.0,0.0,0.0,0.0,0.0,0.0,0.0,0.0,0.0,0.0,0.0,0.0,0.0,0.0,0.0,0.0,0.0,0.0,0.0,0.0,0.0,0.0,0.0,0.0,0.0,0.0,0.0,0.0,0.0,0.0,0.0,0.0,0.0,0.0,0.0,0.0,0.0,0.0,0.0,0.0,0.0,0.0,0.0,0.0,0.0,0.0,0.0,0.0,0.0,0.0,0.0,0.0,0.0,0.0,0.0,0.0
577,0.0,0.0,0.0,0.0,0.0,0.0,0.0,0.0,0.0,0.0,0.0,0.0,0.0,0.0,0.0,0.0,0.0,0.0,0.0,0.0,0.0,0.0,0.0,0.0,0.0,0.0,0.0,0.0,0.0,0.0,0.0,0.0,0.0,0.0,0.0,0.0,0.0,0.0,0.0,0.0,0.0,0.0,0.0,0.0,0.0,0.0,0.0,0.0,0.0,0.0,0.0,0.0,0.0,0.0,0.0,0.0,0.0,0.0,0.0,0.0,0.0,0.0,0.0,0.0
578,0.0,0.0,0.0,0.0,0.0,0.0,0.0,0.0,0.0,0.0,0.0,0.0,0.0,0.0,0.0,0.0,0.0,0.0,0.0,0.0,0.0,0.0,0.0,0.0,0.0,0.0,0.0,0.0,0.0,0.0,0.0,0.0,0.0,0.0,0.0,0.0,0.0,0.0,0.0,0.0,0.0,0.0,0.0,0.0,0.0,0.0,0.0,0.0,0.0,0.0,0.0,0.0,0.0,0.0,0.0,0.0,0.0,0.0,0.0,0.0,0.0,0.0,0.0,0.0
579,0.0,0.0,0.0,0.0,0.0,0.0,0.0,0.0,0.0,0.0,0.0,0.0,0.0,0.0,0.0,0.0,0.0,0.0,0.0,0.0,0.0,0.0,0.0,0.0,0.0,0.0,0.0,0.0,0.0,0.0,0.0,0.0,0.0,0.0,0.0,0.0,0.0,0.0,0.0,0.0,0.0,0.0,0.0,0.0,0.0,0.0,0.0,0.0,0.0,0.0,0.0,0.0,0.0,0.0,0.0,0.0,0.0,0.0,0.0,0.0,0.0,0.0,0.0,0.0
580,0.0,0.0,0.0,0.0,0.0,0.0,0.0,0.0,0.0,0.0,0.0,0.0,0.0,0.0,0.0,0.0,0.0,0.0,0.0,0.0,0.0,0.0,0.0,0.0,0.0,0.0,0.0,0.0,0.0,0.0,0.0,0.0,0.0,0.0,0.0,0.0,0.0,0.0,0.0,0.0,0.0,0.0,0.0,0.0,0.0,0.0,0.0,0.0,0.0,0.0,0.0,0.0,0.0,0.0,0.0,0.0,0.0,0.0,0.0,0.0,0.0,0.0,0.0,0.0
581,0.0,0.0,0.0,0.0,0.0,0.0,0.0,0.0,0.0,0.0,0.0,0.0,0.0,0.0,0.0,0.0,0.0,0.0,0.0,0.0,0.0,0.0,0.0,0.0,0.0,0.0,0.0,0.0,0.0,0.0,0.0,0.0,0.0,0.0,0.0,0.0,0.0,0.0,0.0,0.0,0.0,0.0,0.0,0.0,0.0,0.0,0.0,0.0,0.0,0.0,0.0,0.0,0.0,0.0,0.0,0.0,0.0,0.0,0.0,0.0,0.0,0.0,0.0,0.0
582,0.0,0.0,0.0,0.0,0.0,0.0,0.0,0.0,0.0,0.0,0.0,0.0,0.0,0.0,0.0,0.0,0.0,0.0,0.0,0.0,0.0,0.0,0.0,0.0,0.0,0.0,0.0,0.0,0.0,0.0,0.0,0.0,0.0,0.0,0.0,0.0,0.0,0.0,0.0,0.0,0.0,0.0,0.0,0.0,0.0,0.0,0.0,0.0,0.0,0.0,0.0,0.0,0.0,0.0,0.0,0.0,0.0,0.0,0.0,0.0,0.0,0.0,0.0,0.0
583,0.0,0.0,0.0,0.0,0.0,0.0,0.0,0.0,0.0,0.0,0.0,0.0,0.0,0.0,0.0,0.0,0.0,0.0,0.0,0.0,0.0,0.0,0.0,0.0,0.0,0.0,0.0,0.0,0.0,0.0,0.0,0.0,0.0,0.0,0.0,0.0,0.0,0.0,0.0,0.0,0.0,0.0,0.0,0.0,0.0,0.0,0.0,0.0,0.0,0.0,0.0,0.0,0.0,0.0,0.0,0.0,0.0,0.0,0.0,0.0,0.0,0.0,0.0,0.0
584,0.0,0.0,0.0,0.0,0.0,0.0,0.0,0.0,0.0,0.0,0.0,0.0,0.0,0.0,0.0,0.0,0.0,0.0,0.0,0.0,0.0,0.0,0.0,0.0,0.0,0.0,0.0,0.0,0.0,0.0,0.0,0.0,0.0,0.0,0.0,0.0,0.0,0.0,0.0,0.0,0.0,0.0,0.0,0.0,0.0,0.0,0.0,0.0,0.0,0.0,0.0,0.0,0.0,0.0,0.0,0.0,0.0,0.0,0.0,0.0,0.0,0.0,0.0,0.0
585,0.0,0.0,0.0,0.0,0.0,0.0,0.0,0.0,0.0,0.0,0.0,0.0,0.0,0.0,0.0,0.0,0.0,0.0,0.0,0.0,0.0,0.0,0.0,0.0,0.0,0.0,0.0,0.0,0.0,0.0,0.0,0.0,0.0,0.0,0.0,0.0,0.0,0.0,0.0,0.0,0.0,0.0,0.0,0.0,0.0,0.0,0.0,0.0,0.0,0.0,0.0,0.0,0.0,0.0,0.0,0.0,0.0,0.0,0.0,0.0,0.0,0.0,0.0,0.0
586,0.0,0.0,0.0,0.0,0.0,0.0,0.0,0.0,0.0,0.0,0.0,0.0,0.0,0.0,0.0,0.0,0.0,0.0,0.0,0.0,0.0,0.0,0.0,0.0,0.0,0.0,0.0,0.0,0.0,0.0,0.0,0.0,0.0,0.0,0.0,0.0,0.0,0.0,0.0,0.0,0.0,0.0,0.0,0.0,0.0,0.0,0.0,0.0,0.0,0.0,0.0,0.0,0.0,0.0,0.0,0.0,0.0,0.0,0.0,0.0,0.0,0.0,0.0,0.0
587,0.0,0.0,0.0,0.0,0.0,0.0,0.0,0.0,0.0,0.0,0.0,0.0,0.0,0.0,0.0,0.0,0.0,0.0,0.0,0.0,0.0,0.0,0.0,0.0,0.0,0.0,0.0,0.0,0.0,0.0,0.0,0.0,0.0,0.0,0.0,0.0,0.0,0.0,0.0,0.0,0.0,0.0,0.0,0.0,0.0,0.0,0.0,0.0,0.0,0.0,0.0,0.0,0.0,0.0,0.0,0.0,0.0,0.0,0.0,0.0,0.0,0.0,0.0,0.0
588,0.0,0.55,0.55,0.0,0.0,0.57,0.0,0.0,0.56,0.01,0.56,0.57,0.55,0.57,0.57,0.57,0.52,0.55,0.21,0.57,0.51,0.57,0.55,0.57,0.59,0.56,0.0,0.0,0.56,0.56,0.57,0.0,0.0,0.0,0.0,0.56,0.57,0.59,0.57,0.58,0.55,0.57,0.56,0.58,0.57,0.57,0.57,0.0,0.0,0.58,0.52,0.52,0.18,0.42,0.01,0.04,0.0,0.43,0.52,0.42,0.52,0.51,0.56,0.52
589,0.0,0.77,0.77,0.0,0.0,0.76,0.0,0.0,0.77,0.72,0.77,0.8,0.76,0.77,0.77,0.77,0.79,0.79,0.79,0.77,0.78,0.77,0.76,0.78,0.76,0.79,0.0,0.0,0.78,0.78,0.78,0.0,0.0,0.0,0.0,0.77,0.77,0.8,0.77,0.8,0.79,0.77,0.77,0.77,0.78,0.77,0.76,0.0,0.0,0.76,0.77,0.77,0.77,0.75,0.08,0.74,0.0,0.76,0.78,0.76,0.77,0.77,0.79,0.77
590,0.0,0.86,0.86,0.0,0.0,0.84,0.0,0.0,0.86,0.78,0.86,0.88,0.85,0.85,0.85,0.85,0.87,0.88,0.88,0.85,0.86,0.86,0.85,0.86,0.83,0.88,0.0,0.0,0.87,0.86,0.87,0.0,0.0,0.0,0.0,0.85,0.86,0.89,0.86,0.89,0.88,0.86,0.86,0.86,0.86,0.86,0.84,0.0,0.0,0.84,0.87,0.86,0.87,0.85,0.32,0.66,0.0,0.85,0.87,0.74,0.86,0.86,0.88,0.87
591,0.0,0.89,0.89,0.0,0.0,0.87,0.0,0.0,0.9,0.77,0.9,0.91,0.89,0.89,0.89,0.88,0.91,0.91,0.91,0.88,0.91,0.89,0.89,0.9,0.87,0.91,0.0,0.0,0.91,0.9,0.91,0.0,0.0,0.0,0.0,0.9,0.9,0.91,0.9,0.91,0.91,0.91,0.9,0.9,0.9,0.91,0.88,0.0,0.0,0.87,0.91,0.91,0.91,0.88,0.54,0.88,0.0,0.9,0.91,0.91,0.89,0.9,0.91,0.9
592,0.0,0.89,0.9,0.0,0.0,0.87,0.0,0.0,0.9,0.91,0.91,0.91,0.89,0.9,0.9,0.89,0.91,0.91,0.91,0.89,0.91,0.9,0.9,0.91,0.87,0.91,0.0,0.0,0.91,0.88,0.91,0.0,0.0,0.0,0.0,0.9,0.91,0.91,0.91,0.91,0.91,0.91,0.91,0.9,0.91,0.91,0.87,0.0,0.0,0.87,0.9,0.91,0.91,0.9,0.52,0.9,0.0,0.9,0.91,0.85,0.91,0.91,0.91,0.91
593,0.0,0.88,0.89,0.0,0.0,0.86,0.0,0.0,0.89,0.9,0.89,0.91,0.88,0.88,0.89,0.87,0.91,0.91,0.91,0.88,0.91,0.89,0.88,0.9,0.86,0.91,0.0,0.0,0.9,0.89,0.9,0.0,0.0,0.0,0.0,0.89,0.89,0.91,0.91,0.91,0.91,0.91,0.9,0.89,0.9,0.91,0.86,0.0,0.0,0.86,0.9,0.9,0.91,0.89,0.44,0.88,0.0,0.9,0.9,0.91,0.91,0.89,0.91,0.91
594,0.0,0.74,0.74,0.0,0.0,0.82,0.0,0.0,0.85,0.86,0.85,0.89,0.84,0.84,0.85,0.83,0.88,0.88,0.88,0.84,0.88,0.85,0.84,0.85,0.82,0.81,0.0,0.0,0.86,0.75,0.75,0.0,0.0,0.0,0.0,0.8,0.85,0.89,0.86,0.89,0.87,0.86,0.86,0.84,0.86,0.87,0.82,0.0,0.0,0.82,0.85,0.85,0.87,0.85,0.5,0.84,0.0,0.85,0.86,0.86,0.87,0.86,0.87,0.86
595,0.0,0.74,0.73,0.0,0.0,0.74,0.0,0.0,0.75,0.74,0.75,0.78,0.72,0.74,0.74,0.73,0.78,0.75,0.76,0.73,0.76,0.74,0.72,0.75,0.74,0.55,0.0,0.0,0.72,0.7,0.5,0.0,0.0,0.0,0.0,0.45,0.76,0.78,0.6,0.78,0.78,0.56,0.75,0.71,0.76,0.71,0.74,0.0,0.0,0.74,0.78,0.76,0.76,0.75,0.76,0.75,0.0,0.76,0.78,0.76,0.79,0.78,0.78,0.78
596,0.0,0.59,0.59,0.0,0.0,0.56,0.0,0.0,0.47,0.29,0.48,0.49,0.31,0.41,0.42,0.42,0.51,0.34,0.31,0.44,0.35,0.4,0.29,0.38,0.51,0.55,0.0,0.0,0.59,0.58,0.39,0.0,0.0,0.0,0.0,0.29,0.42,0.54,0.29,0.53,0.54,0.29,0.38,0.42,0.38,0.37,0.56,0.0,0.0,0.55,0.59,0.6,0.49,0.56,0.26,0.52,0.0,0.57,0.59,0.52,0.6,0.59,0.6,0.6
597,0.0,0.0,0.0,0.0,0.0,0.0,0.0,0.0,0.0,0.0,0.0,0.0,0.0,0.0,0.0,0.0,0.0,0.0,0.0,0.0,0.0,0.0,0.0,0.0,0.0,0.0,0.0,0.0,0.0,0.0,0.0,0.0,0.0,0.0,0.0,0.0,0.0,0.0,0.0,0.0,0.0,0.0,0.0,0.0,0.0,0.0,0.0,0.0,0.0,0.0,0.0,0.0,0.0,0.0,0.0,0.0,0.0,0.0,0.0,0.0,0.0,0.0,0.0,0.0
598,0.0,0.0,0.0,0.0,0.0,0.0,0.0,0.0,0.0,0.0,0.0,0.0,0.0,0.0,0.0,0.0,0.0,0.0,0.0,0.0,0.0,0.0,0.0,0.0,0.0,0.0,0.0,0.0,0.0,0.0,0.0,0.0,0.0,0.0,0.0,0.0,0.0,0.0,0.0,0.0,0.0,0.0,0.0,0.0,0.0,0.0,0.0,0.0,0.0,0.0,0.0,0.0,0.0,0.0,0.0,0.0,0.0,0.0,0.0,0.0,0.0,0.0,0.0,0.0
599,0.0,0.0,0.0,0.0,0.0,0.0,0.0,0.0,0.0,0.0,0.0,0.0,0.0,0.0,0.0,0.0,0.0,0.0,0.0,0.0,0.0,0.0,0.0,0.0,0.0,0.0,0.0,0.0,0.0,0.0,0.0,0.0,0.0,0.0,0.0,0.0,0.0,0.0,0.0,0.0,0.0,0.0,0.0,0.0,0.0,0.0,0.0,0.0,0.0,0.0,0.0,0.0,0.0,0.0,0.0,0.0,0.0,0.0,0.0,0.0,0.0,0.0,0.0,0.0
600,0.0,0.0,0.0,0.0,0.0,0.0,0.0,0.0,0.0,0.0,0.0,0.0,0.0,0.0,0.0,0.0,0.0,0.0,0.0,0.0,0.0,0.0,0.0,0.0,0.0,0.0,0.0,0.0,0.0,0.0,0.0,0.0,0.0,0.0,0.0,0.0,0.0,0.0,0.0,0.0,0.0,0.0,0.0,0.0,0.0,0.0,0.0,0.0,0.0,0.0,0.0,0.0,0.0,0.0,0.0,0.0,0.0,0.0,0.0,0.0,0.0,0.0,0.0,0.0
601,0.0,0.0,0.0,0.0,0.0,0.0,0.0,0.0,0.0,0.0,0.0,0.0,0.0,0.0,0.0,0.0,0.0,0.0,0.0,0.0,0.0,0.0,0.0,0.0,0.0,0.0,0.0,0.0,0.0,0.0,0.0,0.0,0.0,0.0,0.0,0.0,0.0,0.0,0.0,0.0,0.0,0.0,0.0,0.0,0.0,0.0,0.0,0.0,0.0,0.0,0.0,0.0,0.0,0.0,0.0,0.0,0.0,0.0,0.0,0.0,0.0,0.0,0.0,0.0
602,0.0,0.0,0.0,0.0,0.0,0.0,0.0,0.0,0.0,0.0,0.0,0.0,0.0,0.0,0.0,0.0,0.0,0.0,0.0,0.0,0.0,0.0,0.0,0.0,0.0,0.0,0.0,0.0,0.0,0.0,0.0,0.0,0.0,0.0,0.0,0.0,0.0,0.0,0.0,0.0,0.0,0.0,0.0,0.0,0.0,0.0,0.0,0.0,0.0,0.0,0.0,0.0,0.0,0.0,0.0,0.0,0.0,0.0,0.0,0.0,0.0,0.0,0.0,0.0
603,0.0,0.0,0.0,0.0,0.0,0.0,0.0,0.0,0.0,0.0,0.0,0.0,0.0,0.0,0.0,0.0,0.0,0.0,0.0,0.0,0.0,0.0,0.0,0.0,0.0,0.0,0.0,0.0,0.0,0.0,0.0,0.0,0.0,0.0,0.0,0.0,0.0,0.0,0.0,0.0,0.0,0.0,0.0,0.0,0.0,0.0,0.0,0.0,0.0,0.0,0.0,0.0,0.0,0.0,0.0,0.0,0.0,0.0,0.0,0.0,0.0,0.0,0.0,0.0
604,0.0,0.0,0.0,0.0,0.0,0.0,0.0,0.0,0.0,0.0,0.0,0.0,0.0,0.0,0.0,0.0,0.0,0.0,0.0,0.0,0.0,0.0,0.0,0.0,0.0,0.0,0.0,0.0,0.0,0.0,0.0,0.0,0.0,0.0,0.0,0.0,0.0,0.0,0.0,0.0,0.0,0.0,0.0,0.0,0.0,0.0,0.0,0.0,0.0,0.0,0.0,0.0,0.0,0.0,0.0,0.0,0.0,0.0,0.0,0.0,0.0,0.0,0.0,0.0
605,0.0,0.0,0.0,0.0,0.0,0.0,0.0,0.0,0.0,0.0,0.0,0.0,0.0,0.0,0.0,0.0,0.0,0.0,0.0,0.0,0.0,0.0,0.0,0.0,0.0,0.0,0.0,0.0,0.0,0.0,0.0,0.0,0.0,0.0,0.0,0.0,0.0,0.0,0.0,0.0,0.0,0.0,0.0,0.0,0.0,0.0,0.0,0.0,0.0,0.0,0.0,0.0,0.0,0.0,0.0,0.0,0.0,0.0,0.0,0.0,0.0,0.0,0.0,0.0
606,0.0,0.0,0.0,0.0,0.0,0.0,0.0,0.0,0.0,0.0,0.0,0.0,0.0,0.0,0.0,0.0,0.0,0.0,0.0,0.0,0.0,0.0,0.0,0.0,0.0,0.0,0.0,0.0,0.0,0.0,0.0,0.0,0.0,0.0,0.0,0.0,0.0,0.0,0.0,0.0,0.0,0.0,0.0,0.0,0.0,0.0,0.0,0.0,0.0,0.0,0.0,0.0,0.0,0.0,0.0,0.0,0.0,0.0,0.0,0.0,0.0,0.0,0.0,0.0
607,0.0,0.0,0.0,0.0,0.0,0.0,0.0,0.0,0.0,0.0,0.0,0.0,0.0,0.0,0.0,0.0,0.0,0.0,0.0,0.0,0.0,0.0,0.0,0.0,0.0,0.0,0.0,0.0,0.0,0.0,0.0,0.0,0.0,0.0,0.0,0.0,0.0,0.0,0.0,0.0,0.0,0.0,0.0,0.0,0.0,0.0,0.0,0.0,0.0,0.0,0.0,0.0,0.0,0.0,0.0,0.0,0.0,0.0,0.0,0.0,0.0,0.0,0.0,0.0
608,0.0,0.0,0.0,0.0,0.0,0.0,0.0,0.0,0.0,0.0,0.0,0.0,0.0,0.0,0.0,0.0,0.0,0.0,0.0,0.0,0.0,0.0,0.0,0.0,0.0,0.0,0.0,0.0,0.0,0.0,0.0,0.0,0.0,0.0,0.0,0.0,0.0,0.0,0.0,0.0,0.0,0.0,0.0,0.0,0.0,0.0,0.0,0.0,0.0,0.0,0.0,0.0,0.0,0.0,0.0,0.0,0.0,0.0,0.0,0.0,0.0,0.0,0.0,0.0
609,0.0,0.0,0.0,0.0,0.0,0.0,0.0,0.0,0.0,0.0,0.0,0.0,0.0,0.0,0.0,0.0,0.0,0.0,0.0,0.0,0.0,0.0,0.0,0.0,0.0,0.0,0.0,0.0,0.0,0.0,0.0,0.0,0.0,0.0,0.0,0.0,0.0,0.0,0.0,0.0,0.0,0.0,0.0,0.0,0.0,0.0,0.0,0.0,0.0,0.0,0.0,0.0,0.0,0.0,0.0,0.0,0.0,0.0,0.0,0.0,0.0,0.0,0.0,0.0
610,0.0,0.0,0.0,0.0,0.0,0.0,0.0,0.0,0.0,0.0,0.0,0.0,0.0,0.0,0.0,0.0,0.0,0.0,0.0,0.0,0.0,0.0,0.0,0.0,0.0,0.0,0.0,0.0,0.0,0.0,0.0,0.0,0.0,0.0,0.0,0.0,0.0,0.0,0.0,0.0,0.0,0.0,0.0,0.0,0.0,0.0,0.0,0.0,0.0,0.0,0.0,0.0,0.0,0.0,0.0,0.0,0.0,0.0,0.0,0.0,0.0,0.0,0.0,0.0
611,0.0,0.0,0.0,0.0,0.0,0.0,0.0,0.0,0.0,0.0,0.0,0.0,0.0,0.0,0.0,0.0,0.0,0.0,0.0,0.0,0.0,0.0,0.0,0.0,0.0,0.0,0.0,0.0,0.0,0.0,0.0,0.0,0.0,0.0,0.0,0.0,0.0,0.0,0.0,0.0,0.0,0.0,0.0,0.0,0.0,0.0,0.0,0.0,0.0,0.0,0.0,0.0,0.0,0.0,0.0,0.0,0.0,0.0,0.0,0.0,0.0,0.0,0.0,0.0
612,0.0,0.57,0.57,0.0,0.0,0.57,0.0,0.0,0.58,0.58,0.58,0.61,0.63,0.6,0.61,0.6,0.6,0.62,0.63,0.59,0.6,0.61,0.63,0.59,0.61,0.56,0.0,0.0,0.54,0.57,0.56,0.0,0.0,0.0,0.0,0.56,0.58,0.6,0.58,0.6,0.58,0.58,0.58,0.58,0.59,0.59,0.57,0.0,0.0,0.58,0.54,0.54,0.55,0.54,0.56,0.53,0.0,0.54,0.54,0.54,0.54,0.54,0.56,0.54
613,0.0,0.75,0.77,0.0,0.0,0.75,0.0,0.0,0.76,0.79,0.77,0.81,0.8,0.78,0.79,0.77,0.8,0.82,0.82,0.76,0.8,0.79,0.8,0.78,0.75,0.78,0.0,0.0,0.74,0.76,0.77,0.0,0.0,0.0,0.0,0.75,0.76,0.8,0.78,0.8,0.8,0.77,0.77,0.77,0.78,0.78,0.75,0.0,0.0,0.75,0.74,0.75,0.75,0.72,0.76,0.73,0.0,0.74,0.73,0.74,0.74,0.74,0.78,0.74
614,0.0,0.8,0.82,0.0,0.0,0.78,0.0,0.0,0.81,0.86,0.83,0.87,0.86,0.84,0.85,0.82,0.86,0.88,0.89,0.82,0.87,0.85,0.86,0.83,0.74,0.84,0.0,0.0,0.8,0.8,0.81,0.0,0.0,0.0,0.0,0.81,0.82,0.86,0.83,0.86,0.86,0.83,0.83,0.82,0.83,0.84,0.82,0.0,0.0,0.79,0.81,0.81,0.81,0.8,0.83,0.79,0.0,0.8,0.79,0.81,0.81,0.81,0.84,0.81
615,0.0,0.85,0.86,0.0,0.0,0.74,0.0,0.0,0.85,0.9,0.86,0.91,0.9,0.88,0.88,0.86,0.9,0.91,0.91,0.85,0.91,0.89,0.9,0.86,0.8,0.86,0.0,0.0,0.83,0.85,0.84,0.0,0.0,0.0,0.0,0.84,0.85,0.9,0.87,0.9,0.9,0.87,0.86,0.86,0.87,0.88,0.75,0.0,0.0,0.73,0.85,0.87,0.86,0.85,0.87,0.84,0.0,0.85,0.84,0.85,0.86,0.85,0.88,0.85
616,0.0,0.86,0.87,0.0,0.0,0.79,0.0,0.0,0.84,0.91,0.87,0.91,0.9,0.88,0.89,0.87,0.9,0.91,0.91,0.85,0.91,0.89,0.9,0.86,0.85,0.86,0.0,0.0,0.85,0.86,0.86,0.0,0.0,0.0,0.0,0.84,0.86,0.9,0.86,0.9,0.91,0.86,0.86,0.86,0.87,0.87,0.76,0.0,0.0,0.78,0.86,0.88,0.87,0.86,0.88,0.85,0.0,0.86,0.85,0.87,0.87,0.86,0.87,0.86
617,0.0,0.84,0.85,0.0,0.0,0.77,0.0,0.0,0.83,0.9,0.84,0.89,0.87,0.86,0.86,0.85,0.87,0.89,0.9,0.84,0.89,0.86,0.87,0.84,0.83,0.85,0.0,0.0,0.84,0.84,0.85,0.0,0.0,0.0,0.0,0.83,0.83,0.87,0.84,0.88,0.88,0.83,0.82,0.83,0.84,0.84,0.75,0.0,0.0,0.77,0.85,0.86,0.86,0.84,0.87,0.83,0.0,0.84,0.84,0.85,0.86,0.84,0.85,0.85
618,0.0,0.79,0.8,0.0,0.0,0.7,0.0,0.0,0.78,0.84,0.78,0.83,0.8,0.8,0.8,0.79,0.82,0.82,0.84,0.78,0.83,0.8,0.8,0.78,0.77,0.8,0.0,0.0,0.79,0.78,0.8,0.0,0.0,0.0,0.0,0.77,0.78,0.81,0.78,0.82,0.83,0.78,0.77,0.78,0.78,0.79,0.7,0.0,0.0,0.7,0.8,0.8,0.8,0.8,0.81,0.79,0.0,0.8,0.79,0.8,0.81,0.8,0.78,0.8
619,0.0,0.73,0.73,0.0,0.0,0.62,0.0,0.0,0.67,0.71,0.67,0.72,0.69,0.69,0.69,0.68,0.72,0.7,0.72,0.67,0.71,0.69,0.68,0.67,0.62,0.72,0.0,0.0,0.69,0.73,0.71,0.0,0.0,0.0,0.0,0.7,0.68,0.68,0.7,0.71,0.72,0.7,0.7,0.68,0.68,0.71,0.66,0.0,0.0,0.62,0.72,0.71,0.72,0.72,0.72,0.71,0.0,0.72,0.72,0.71,0.71,0.72,0.72,0.71
620,0.0,0.59,0.6,0.0,0.0,0.57,0.0,0.0,0.51,0.46,0.52,0.52,0.45,0.46,0.48,0.48,0.52,0.46,0.47,0.5,0.48,0.46,0.44,0.53,0.43,0.59,0.0,0.0,0.57,0.59,0.59,0.0,0.0,0.0,0.0,0.57,0.54,0.53,0.56,0.53,0.53,0.56,0.56,0.53,0.53,0.56,0.57,0.0,0.0,0.57,0.57,0.57,0.55,0.55,0.54,0.55,0.0,0.56,0.57,0.55,0.56,0.57,0.58,0.56
621,0.0,0.0,0.0,0.0,0.0,0.0,0.0,0.0,0.0,0.0,0.0,0.0,0.0,0.0,0.0,0.0,0.0,0.0,0.0,0.0,0.0,0.0,0.0,0.0,0.0,0.0,0.0,0.0,0.0,0.0,0.0,0.0,0.0,0.0,0.0,0.0,0.0,0.0,0.0,0.0,0.0,0.0,0.0,0.0,0.0,0.0,0.0,0.0,0.0,0.0,0.0,0.0,0.0,0.0,0.0,0.0,0.0,0.0,0.0,0.0,0.0,0.0,0.0,0.0
622,0.0,0.0,0.0,0.0,0.0,0.0,0.0,0.0,0.0,0.0,0.0,0.0,0.0,0.0,0.0,0.0,0.0,0.0,0.0,0.0,0.0,0.0,0.0,0.0,0.0,0.0,0.0,0.0,0.0,0.0,0.0,0.0,0.0,0.0,0.0,0.0,0.0,0.0,0.0,0.0,0.0,0.0,0.0,0.0,0.0,0.0,0.0,0.0,0.0,0.0,0.0,0.0,0.0,0.0,0.0,0.0,0.0,0.0,0.0,0.0,0.0,0.0,0.0,0.0
623,0.0,0.0,0.0,0.0,0.0,0.0,0.0,0.0,0.0,0.0,0.0,0.0,0.0,0.0,0.0,0.0,0.0,0.0,0.0,0.0,0.0,0.0,0.0,0.0,0.0,0.0,0.0,0.0,0.0,0.0,0.0,0.0,0.0,0.0,0.0,0.0,0.0,0.0,0.0,0.0,0.0,0.0,0.0,0.0,0.0,0.0,0.0,0.0,0.0,0.0,0.0,0.0,0.0,0.0,0.0,0.0,0.0,0.0,0.0,0.0,0.0,0.0,0.0,0.0
624,0.0,0.0,0.0,0.0,0.0,0.0,0.0,0.0,0.0,0.0,0.0,0.0,0.0,0.0,0.0,0.0,0.0,0.0,0.0,0.0,0.0,0.0,0.0,0.0,0.0,0.0,0.0,0.0,0.0,0.0,0.0,0.0,0.0,0.0,0.0,0.0,0.0,0.0,0.0,0.0,0.0,0.0,0.0,0.0,0.0,0.0,0.0,0.0,0.0,0.0,0.0,0.0,0.0,0.0,0.0,0.0,0.0,0.0,0.0,0.0,0.0,0.0,0.0,0.0
625,0.0,0.0,0.0,0.0,0.0,0.0,0.0,0.0,0.0,0.0,0.0,0.0,0.0,0.0,0.0,0.0,0.0,0.0,0.0,0.0,0.0,0.0,0.0,0.0,0.0,0.0,0.0,0.0,0.0,0.0,0.0,0.0,0.0,0.0,0.0,0.0,0.0,0.0,0.0,0.0,0.0,0.0,0.0,0.0,0.0,0.0,0.0,0.0,0.0,0.0,0.0,0.0,0.0,0.0,0.0,0.0,0.0,0.0,0.0,0.0,0.0,0.0,0.0,0.0
626,0.0,0.0,0.0,0.0,0.0,0.0,0.0,0.0,0.0,0.0,0.0,0.0,0.0,0.0,0.0,0.0,0.0,0.0,0.0,0.0,0.0,0.0,0.0,0.0,0.0,0.0,0.0,0.0,0.0,0.0,0.0,0.0,0.0,0.0,0.0,0.0,0.0,0.0,0.0,0.0,0.0,0.0,0.0,0.0,0.0,0.0,0.0,0.0,0.0,0.0,0.0,0.0,0.0,0.0,0.0,0.0,0.0,0.0,0.0,0.0,0.0,0.0,0.0,0.0
627,0.0,0.0,0.0,0.0,0.0,0.0,0.0,0.0,0.0,0.0,0.0,0.0,0.0,0.0,0.0,0.0,0.0,0.0,0.0,0.0,0.0,0.0,0.0,0.0,0.0,0.0,0.0,0.0,0.0,0.0,0.0,0.0,0.0,0.0,0.0,0.0,0.0,0.0,0.0,0.0,0.0,0.0,0.0,0.0,0.0,0.0,0.0,0.0,0.0,0.0,0.0,0.0,0.0,0.0,0.0,0.0,0.0,0.0,0.0,0.0,0.0,0.0,0.0,0.0
628,0.0,0.0,0.0,0.0,0.0,0.0,0.0,0.0,0.0,0.0,0.0,0.0,0.0,0.0,0.0,0.0,0.0,0.0,0.0,0.0,0.0,0.0,0.0,0.0,0.0,0.0,0.0,0.0,0.0,0.0,0.0,0.0,0.0,0.0,0.0,0.0,0.0,0.0,0.0,0.0,0.0,0.0,0.0,0.0,0.0,0.0,0.0,0.0,0.0,0.0,0.0,0.0,0.0,0.0,0.0,0.0,0.0,0.0,0.0,0.0,0.0,0.0,0.0,0.0
629,0.0,0.0,0.0,0.0,0.0,0.0,0.0,0.0,0.0,0.0,0.0,0.0,0.0,0.0,0.0,0.0,0.0,0.0,0.0,0.0,0.0,0.0,0.0,0.0,0.0,0.0,0.0,0.0,0.0,0.0,0.0,0.0,0.0,0.0,0.0,0.0,0.0,0.0,0.0,0.0,0.0,0.0,0.0,0.0,0.0,0.0,0.0,0.0,0.0,0.0,0.0,0.0,0.0,0.0,0.0,0.0,0.0,0.0,0.0,0.0,0.0,0.0,0.0,0.0
630,0.0,0.0,0.0,0.0,0.0,0.0,0.0,0.0,0.0,0.0,0.0,0.0,0.0,0.0,0.0,0.0,0.0,0.0,0.0,0.0,0.0,0.0,0.0,0.0,0.0,0.0,0.0,0.0,0.0,0.0,0.0,0.0,0.0,0.0,0.0,0.0,0.0,0.0,0.0,0.0,0.0,0.0,0.0,0.0,0.0,0.0,0.0,0.0,0.0,0.0,0.0,0.0,0.0,0.0,0.0,0.0,0.0,0.0,0.0,0.0,0.0,0.0,0.0,0.0
631,0.0,0.0,0.0,0.0,0.0,0.0,0.0,0.0,0.0,0.0,0.0,0.0,0.0,0.0,0.0,0.0,0.0,0.0,0.0,0.0,0.0,0.0,0.0,0.0,0.0,0.0,0.0,0.0,0.0,0.0,0.0,0.0,0.0,0.0,0.0,0.0,0.0,0.0,0.0,0.0,0.0,0.0,0.0,0.0,0.0,0.0,0.0,0.0,0.0,0.0,0.0,0.0,0.0,0.0,0.0,0.0,0.0,0.0,0.0,0.0,0.0,0.0,0.0,0.0
632,0.0,0.0,0.0,0.0,0.0,0.0,0.0,0.0,0.0,0.0,0.0,0.0,0.0,0.0,0.0,0.0,0.0,0.0,0.0,0.0,0.0,0.0,0.0,0.0,0.0,0.0,0.0,0.0,0.0,0.0,0.0,0.0,0.0,0.0,0.0,0.0,0.0,0.0,0.0,0.0,0.0,0.0,0.0,0.0,0.0,0.0,0.0,0.0,0.0,0.0,0.0,0.0,0.0,0.0,0.0,0.0,0.0,0.0,0.0,0.0,0.0,0.0,0.0,0.0
633,0.0,0.0,0.0,0.0,0.0,0.0,0.0,0.0,0.0,0.0,0.0,0.0,0.0,0.0,0.0,0.0,0.0,0.0,0.0,0.0,0.0,0.0,0.0,0.0,0.0,0.0,0.0,0.0,0.0,0.0,0.0,0.0,0.0,0.0,0.0,0.0,0.0,0.0,0.0,0.0,0.0,0.0,0.0,0.0,0.0,0.0,0.0,0.0,0.0,0.0,0.0,0.0,0.0,0.0,0.0,0.0,0.0,0.0,0.0,0.0,0.0,0.0,0.0,0.0
634,0.0,0.0,0.0,0.0,0.0,0.0,0.0,0.0,0.0,0.0,0.0,0.0,0.0,0.0,0.0,0.0,0.0,0.0,0.0,0.0,0.0,0.0,0.0,0.0,0.0,0.0,0.0,0.0,0.0,0.0,0.0,0.0,0.0,0.0,0.0,0.0,0.0,0.0,0.0,0.0,0.0,0.0,0.0,0.0,0.0,0.0,0.0,0.0,0.0,0.0,0.0,0.0,0.0,0.0,0.0,0.0,0.0,0.0,0.0,0.0,0.0,0.0,0.0,0.0
635,0.0,0.0,0.0,0.0,0.0,0.0,0.0,0.0,0.0,0.0,0.0,0.0,0.0,0.0,0.0,0.0,0.0,0.0,0.0,0.0,0.0,0.0,0.0,0.0,0.0,0.0,0.0,0.0,0.0,0.0,0.0,0.0,0.0,0.0,0.0,0.0,0.0,0.0,0.0,0.0,0.0,0.0,0.0,0.0,0.0,0.0,0.0,0.0,0.0,0.0,0.0,0.0,0.0,0.0,0.0,0.0,0.0,0.0,0.0,0.0,0.0,0.0,0.0,0.0
636,0.0,0.28,0.34,0.0,0.0,0.19,0.0,0.0,0.42,0.48,0.55,0.59,0.43,0.34,0.27,0.27,0.58,0.6,0.61,0.27,0.4,0.33,0.61,0.26,0.23,0.56,0.0,0.0,0.54,0.32,0.55,0.0,0.0,0.0,0.0,0.29,0.4,0.57,0.48,0.58,0.57,0.38,0.45,0.31,0.28,0.57,0.16,0.0,0.0,0.21,0.55,0.55,0.56,0.54,0.57,0.5,0.0,0.55,0.55,0.55,0.56,0.56,0.33,0.56
637,0.0,0.73,0.73,0.0,0.0,0.32,0.0,0.0,0.65,0.75,0.52,0.74,0.71,0.66,0.57,0.55,0.71,0.76,0.77,0.64,0.68,0.64,0.56,0.6,0.05,0.24,0.0,0.0,0.18,0.72,0.29,0.0,0.0,0.0,0.0,0.5,0.51,0.69,0.74,0.72,0.21,0.65,0.69,0.56,0.57,0.73,0.26,0.0,0.0,0.47,0.75,0.74,0.75,0.74,0.75,0.7,0.0,0.75,0.74,0.75,0.75,0.75,0.73,0.75
638,0.0,0.28,0.79,0.0,0.0,0.62,0.0,0.0,0.56,0.83,0.51,0.78,0.71,0.68,0.47,0.4,0.79,0.41,0.68,0.61,0.83,0.67,0.77,0.57,0.07,0.8,0.0,0.0,0.78,0.3,0.79,0.0,0.0,0.0,0.0,0.77,0.61,0.74,0.48,0.79,0.78,0.77,0.75,0.54,0.58,0.79,0.61,0.0,0.0,0.64,0.83,0.81,0.83,0.82,0.83,0.79,0.0,0.83,0.82,0.83,0.82,0.83,0.8,0.82
639,0.0,0.83,0.81,0.0,0.0,0.81,0.0,0.0,0.7,0.86,0.39,0.81,0.52,0.36,0.41,0.37,0.84,0.69,0.67,0.33,0.86,0.39,0.7,0.69,0.04,0.81,0.0,0.0,0.8,0.83,0.81,0.0,0.0,0.0,0.0,0.83,0.82,0.83,0.84,0.85,0.84,0.83,0.82,0.74,0.8,0.84,0.78,0.0,0.0,0.7,0.86,0.83,0.86,0.85,0.86,0.81,0.0,0.86,0.84,0.86,0.85,0.86,0.82,0.84
640,0.0,0.82,0.82,0.0,0.0,0.85,0.0,0.0,0.71,0.86,0.42,0.86,0.66,0.55,0.47,0.48,0.86,0.84,0.85,0.64,0.87,0.55,0.41,0.81,0.05,0.82,0.0,0.0,0.81,0.82,0.82,0.0,0.0,0.0,0.0,0.84,0.83,0.84,0.85,0.85,0.85,0.84,0.83,0.82,0.81,0.85,0.85,0.0,0.0,0.84,0.86,0.83,0.86,0.84,0.86,0.34,0.0,0.84,0.85,0.86,0.84,0.86,0.83,0.84
641,0.0,0.83,0.82,0.0,0.0,0.85,0.0,0.0,0.8,0.84,0.82,0.85,0.42,0.76,0.58,0.65,0.84,0.84,0.86,0.8,0.85,0.68,0.55,0.83,0.05,0.83,0.0,0.0,0.82,0.83,0.83,0.0,0.0,0.0,0.0,0.84,0.83,0.83,0.84,0.84,0.84,0.83,0.82,0.83,0.83,0.84,0.85,0.0,0.0,0.85,0.84,0.82,0.85,0.52,0.85,0.06,0.0,0.42,0.84,0.21,0.84,0.84,0.82,0.84
642,0.0,0.81,0.8,0.0,0.0,0.81,0.0,0.0,0.69,0.78,0.77,0.8,0.28,0.76,0.72,0.78,0.78,0.7,0.69,0.77,0.8,0.74,0.59,0.8,0.09,0.8,0.0,0.0,0.79,0.81,0.8,0.0,0.0,0.0,0.0,0.8,0.79,0.77,0.8,0.78,0.79,0.8,0.78,0.8,0.79,0.8,0.81,0.0,0.0,0.39,0.43,0.78,0.31,0.07,0.28,0.06,0.0,0.08,0.79,0.11,0.79,0.31,0.78,0.79
643,0.0,0.73,0.72,0.0,0.0,0.73,0.0,0.0,0.7,0.27,0.69,0.68,0.45,0.69,0.69,0.7,0.68,0.42,0.49,0.58,0.68,0.69,0.41,0.71,0.69,0.73,0.0,0.0,0.72,0.73,0.73,0.0,0.0,0.0,0.0,0.72,0.72,0.7,0.72,0.7,0.7,0.73,0.72,0.72,0.72,0.72,0.73,0.0,0.0,0.74,0.1,0.69,0.14,0.05,0.22,0.05,0.0,0.06,0.21,0.08,0.33,0.12,0.72,0.46
644,0.0,0.58,0.58,0.0,0.0,0.57,0.0,0.0,0.49,0.31,0.49,0.45,0.12,0.23,0.32,0.44,0.48,0.17,0.23,0.46,0.38,0.24,0.09,0.53,0.52,0.58,0.0,0.0,0.57,0.58,0.58,0.0,0.0,0.0,0.0,0.57,0.53,0.51,0.56,0.5,0.53,0.56,0.55,0.54,0.53,0.56,0.57,0.0,0.0,0.56,0.07,0.07,0.1,0.21,0.42,0.07,0.0,0.02,0.1,0.11,0.03,0.16,0.57,0.06
645,0.0,0.0,0.0,0.0,0.0,0.0,0.0,0.0,0.0,0.0,0.0,0.0,0.0,0.0,0.0,0.0,0.0,0.0,0.0,0.0,0.0,0.0,0.0,0.0,0.0,0.0,0.0,0.0,0.0,0.0,0.0,0.0,0.0,0.0,0.0,0.0,0.0,0.0,0.0,0.0,0.0,0.0,0.0,0.0,0.0,0.0,0.0,0.0,0.0,0.0,0.0,0.0,0.0,0.0,0.0,0.0,0.0,0.0,0.0,0.0,0.0,0.0,0.0,0.0
646,0.0,0.0,0.0,0.0,0.0,0.0,0.0,0.0,0.0,0.0,0.0,0.0,0.0,0.0,0.0,0.0,0.0,0.0,0.0,0.0,0.0,0.0,0.0,0.0,0.0,0.0,0.0,0.0,0.0,0.0,0.0,0.0,0.0,0.0,0.0,0.0,0.0,0.0,0.0,0.0,0.0,0.0,0.0,0.0,0.0,0.0,0.0,0.0,0.0,0.0,0.0,0.0,0.0,0.0,0.0,0.0,0.0,0.0,0.0,0.0,0.0,0.0,0.0,0.0
647,0.0,0.0,0.0,0.0,0.0,0.0,0.0,0.0,0.0,0.0,0.0,0.0,0.0,0.0,0.0,0.0,0.0,0.0,0.0,0.0,0.0,0.0,0.0,0.0,0.0,0.0,0.0,0.0,0.0,0.0,0.0,0.0,0.0,0.0,0.0,0.0,0.0,0.0,0.0,0.0,0.0,0.0,0.0,0.0,0.0,0.0,0.0,0.0,0.0,0.0,0.0,0.0,0.0,0.0,0.0,0.0,0.0,0.0,0.0,0.0,0.0,0.0,0.0,0.0
648,0.0,0.0,0.0,0.0,0.0,0.0,0.0,0.0,0.0,0.0,0.0,0.0,0.0,0.0,0.0,0.0,0.0,0.0,0.0,0.0,0.0,0.0,0.0,0.0,0.0,0.0,0.0,0.0,0.0,0.0,0.0,0.0,0.0,0.0,0.0,0.0,0.0,0.0,0.0,0.0,0.0,0.0,0.0,0.0,0.0,0.0,0.0,0.0,0.0,0.0,0.0,0.0,0.0,0.0,0.0,0.0,0.0,0.0,0.0,0.0,0.0,0.0,0.0,0.0
649,0.0,0.0,0.0,0.0,0.0,0.0,0.0,0.0,0.0,0.0,0.0,0.0,0.0,0.0,0.0,0.0,0.0,0.0,0.0,0.0,0.0,0.0,0.0,0.0,0.0,0.0,0.0,0.0,0.0,0.0,0.0,0.0,0.0,0.0,0.0,0.0,0.0,0.0,0.0,0.0,0.0,0.0,0.0,0.0,0.0,0.0,0.0,0.0,0.0,0.0,0.0,0.0,0.0,0.0,0.0,0.0,0.0,0.0,0.0,0.0,0.0,0.0,0.0,0.0
650,0.0,0.0,0.0,0.0,0.0,0.0,0.0,0.0,0.0,0.0,0.0,0.0,0.0,0.0,0.0,0.0,0.0,0.0,0.0,0.0,0.0,0.0,0.0,0.0,0.0,0.0,0.0,0.0,0.0,0.0,0.0,0.0,0.0,0.0,0.0,0.0,0.0,0.0,0.0,0.0,0.0,0.0,0.0,0.0,0.0,0.0,0.0,0.0,0.0,0.0,0.0,0.0,0.0,0.0,0.0,0.0,0.0,0.0,0.0,0.0,0.0,0.0,0.0,0.0
651,0.0,0.0,0.0,0.0,0.0,0.0,0.0,0.0,0.0,0.0,0.0,0.0,0.0,0.0,0.0,0.0,0.0,0.0,0.0,0.0,0.0,0.0,0.0,0.0,0.0,0.0,0.0,0.0,0.0,0.0,0.0,0.0,0.0,0.0,0.0,0.0,0.0,0.0,0.0,0.0,0.0,0.0,0.0,0.0,0.0,0.0,0.0,0.0,0.0,0.0,0.0,0.0,0.0,0.0,0.0,0.0,0.0,0.0,0.0,0.0,0.0,0.0,0.0,0.0
652,0.0,0.0,0.0,0.0,0.0,0.0,0.0,0.0,0.0,0.0,0.0,0.0,0.0,0.0,0.0,0.0,0.0,0.0,0.0,0.0,0.0,0.0,0.0,0.0,0.0,0.0,0.0,0.0,0.0,0.0,0.0,0.0,0.0,0.0,0.0,0.0,0.0,0.0,0.0,0.0,0.0,0.0,0.0,0.0,0.0,0.0,0.0,0.0,0.0,0.0,0.0,0.0,0.0,0.0,0.0,0.0,0.0,0.0,0.0,0.0,0.0,0.0,0.0,0.0
653,0.0,0.0,0.0,0.0,0.0,0.0,0.0,0.0,0.0,0.0,0.0,0.0,0.0,0.0,0.0,0.0,0.0,0.0,0.0,0.0,0.0,0.0,0.0,0.0,0.0,0.0,0.0,0.0,0.0,0.0,0.0,0.0,0.0,0.0,0.0,0.0,0.0,0.0,0.0,0.0,0.0,0.0,0.0,0.0,0.0,0.0,0.0,0.0,0.0,0.0,0.0,0.0,0.0,0.0,0.0,0.0,0.0,0.0,0.0,0.0,0.0,0.0,0.0,0.0
654,0.0,0.0,0.0,0.0,0.0,0.0,0.0,0.0,0.0,0.0,0.0,0.0,0.0,0.0,0.0,0.0,0.0,0.0,0.0,0.0,0.0,0.0,0.0,0.0,0.0,0.0,0.0,0.0,0.0,0.0,0.0,0.0,0.0,0.0,0.0,0.0,0.0,0.0,0.0,0.0,0.0,0.0,0.0,0.0,0.0,0.0,0.0,0.0,0.0,0.0,0.0,0.0,0.0,0.0,0.0,0.0,0.0,0.0,0.0,0.0,0.0,0.0,0.0,0.0
655,0.0,0.0,0.0,0.0,0.0,0.0,0.0,0.0,0.0,0.0,0.0,0.0,0.0,0.0,0.0,0.0,0.0,0.0,0.0,0.0,0.0,0.0,0.0,0.0,0.0,0.0,0.0,0.0,0.0,0.0,0.0,0.0,0.0,0.0,0.0,0.0,0.0,0.0,0.0,0.0,0.0,0.0,0.0,0.0,0.0,0.0,0.0,0.0,0.0,0.0,0.0,0.0,0.0,0.0,0.0,0.0,0.0,0.0,0.0,0.0,0.0,0.0,0.0,0.0
656,0.0,0.0,0.0,0.0,0.0,0.0,0.0,0.0,0.0,0.0,0.0,0.0,0.0,0.0,0.0,0.0,0.0,0.0,0.0,0.0,0.0,0.0,0.0,0.0,0.0,0.0,0.0,0.0,0.0,0.0,0.0,0.0,0.0,0.0,0.0,0.0,0.0,0.0,0.0,0.0,0.0,0.0,0.0,0.0,0.0,0.0,0.0,0.0,0.0,0.0,0.0,0.0,0.0,0.0,0.0,0.0,0.0,0.0,0.0,0.0,0.0,0.0,0.0,0.0
657,0.0,0.0,0.0,0.0,0.0,0.0,0.0,0.0,0.0,0.0,0.0,0.0,0.0,0.0,0.0,0.0,0.0,0.0,0.0,0.0,0.0,0.0,0.0,0.0,0.0,0.0,0.0,0.0,0.0,0.0,0.0,0.0,0.0,0.0,0.0,0.0,0.0,0.0,0.0,0.0,0.0,0.0,0.0,0.0,0.0,0.0,0.0,0.0,0.0,0.0,0.0,0.0,0.0,0.0,0.0,0.0,0.0,0.0,0.0,0.0,0.0,0.0,0.0,0.0
658,0.0,0.0,0.0,0.0,0.0,0.0,0.0,0.0,0.0,0.0,0.0,0.0,0.0,0.0,0.0,0.0,0.0,0.0,0.0,0.0,0.0,0.0,0.0,0.0,0.0,0.0,0.0,0.0,0.0,0.0,0.0,0.0,0.0,0.0,0.0,0.0,0.0,0.0,0.0,0.0,0.0,0.0,0.0,0.0,0.0,0.0,0.0,0.0,0.0,0.0,0.0,0.0,0.0,0.0,0.0,0.0,0.0,0.0,0.0,0.0,0.0,0.0,0.0,0.0
659,0.0,0.0,0.0,0.0,0.0,0.0,0.0,0.0,0.0,0.0,0.0,0.0,0.0,0.0,0.0,0.0,0.0,0.0,0.0,0.0,0.0,0.0,0.0,0.0,0.0,0.0,0.0,0.0,0.0,0.0,0.0,0.0,0.0,0.0,0.0,0.0,0.0,0.0,0.0,0.0,0.0,0.0,0.0,0.0,0.0,0.0,0.0,0.0,0.0,0.0,0.0,0.0,0.0,0.0,0.0,0.0,0.0,0.0,0.0,0.0,0.0,0.0,0.0,0.0
660,0.0,0.6,0.6,0.0,0.0,0.61,0.0,0.0,0.61,0.58,0.61,0.62,0.55,0.57,0.59,0.55,0.62,0.6,0.61,0.56,0.59,0.58,0.6,0.62,0.62,0.61,0.0,0.0,0.6,0.6,0.6,0.0,0.0,0.0,0.0,0.6,0.61,0.62,0.6,0.62,0.62,0.6,0.6,0.61,0.62,0.61,0.61,0.0,0.0,0.61,0.59,0.59,0.6,0.58,0.28,0.57,0.0,0.59,0.59,0.59,0.59,0.59,0.6,0.59
661,0.0,0.81,0.81,0.0,0.0,0.8,0.0,0.0,0.8,0.75,0.81,0.83,0.76,0.77,0.78,0.77,0.83,0.79,0.8,0.78,0.79,0.77,0.77,0.82,0.8,0.82,0.0,0.0,0.8,0.81,0.81,0.0,0.0,0.0,0.0,0.8,0.81,0.83,0.81,0.83,0.83,0.81,0.81,0.81,0.82,0.82,0.8,0.0,0.0,0.8,0.81,0.8,0.81,0.78,0.66,0.78,0.0,0.8,0.81,0.81,0.8,0.81,0.82,0.81
662,0.0,0.87,0.88,0.0,0.0,0.87,0.0,0.0,0.88,0.38,0.89,0.9,0.84,0.85,0.86,0.86,0.9,0.87,0.88,0.86,0.88,0.86,0.84,0.89,0.87,0.9,0.0,0.0,0.87,0.88,0.88,0.0,0.0,0.0,0.0,0.87,0.89,0.91,0.89,0.91,0.91,0.89,0.89,0.89,0.89,0.9,0.87,0.0,0.0,0.87,0.89,0.87,0.9,0.87,0.75,0.86,0.0,0.88,0.89,0.88,0.88,0.88,0.9,0.89
663,0.0,0.9,0.9,0.0,0.0,0.9,0.0,0.0,0.91,0.42,0.91,0.91,0.88,0.89,0.89,0.89,0.91,0.9,0.91,0.89,0.91,0.89,0.88,0.91,0.9,0.91,0.0,0.0,0.9,0.9,0.91,0.0,0.0,0.0,0.0,0.9,0.91,0.91,0.91,0.91,0.91,0.91,0.91,0.91,0.91,0.91,0.9,0.0,0.0,0.9,0.91,0.91,0.91,0.9,0.91,0.89,0.0,0.91,0.91,0.91,0.91,0.91,0.91,0.91
664,0.0,0.91,0.91,0.0,0.0,0.9,0.0,0.0,0.91,0.45,0.91,0.91,0.89,0.9,0.9,0.9,0.91,0.91,0.91,0.9,0.91,0.9,0.89,0.91,0.9,0.91,0.0,0.0,0.91,0.91,0.91,0.0,0.0,0.0,0.0,0.91,0.91,0.91,0.91,0.91,0.91,0.91,0.91,0.91,0.91,0.91,0.91,0.0,0.0,0.91,0.91,0.91,0.91,0.91,0.91,0.89,0.0,0.91,0.91,0.91,0.91,0.91,0.91,0.91
665,0.0,0.9,0.89,0.0,0.0,0.89,0.0,0.0,0.9,0.59,0.91,0.91,0.87,0.88,0.89,0.89,0.91,0.9,0.91,0.89,0.91,0.89,0.88,0.91,0.9,0.91,0.0,0.0,0.91,0.9,0.91,0.0,0.0,0.0,0.0,0.91,0.91,0.91,0.91,0.91,0.91,0.91,0.91,0.91,0.91,0.91,0.9,0.0,0.0,0.9,0.91,0.91,0.91,0.9,0.91,0.88,0.0,0.91,0.91,0.91,0.91,0.91,0.91,0.91
666,0.0,0.83,0.81,0.0,0.0,0.84,0.0,0.0,0.84,0.54,0.86,0.88,0.82,0.82,0.83,0.83,0.88,0.84,0.85,0.83,0.85,0.83,0.82,0.86,0.84,0.85,0.0,0.0,0.84,0.83,0.84,0.0,0.0,0.0,0.0,0.85,0.86,0.86,0.86,0.88,0.89,0.86,0.86,0.87,0.86,0.87,0.84,0.0,0.0,0.84,0.85,0.86,0.87,0.83,0.87,0.8,0.0,0.84,0.85,0.85,0.85,0.85,0.86,0.85
667,0.0,0.77,0.77,0.0,0.0,0.77,0.0,0.0,0.77,0.47,0.78,0.8,0.73,0.75,0.75,0.75,0.8,0.75,0.76,0.75,0.76,0.75,0.73,0.79,0.78,0.79,0.0,0.0,0.78,0.77,0.78,0.0,0.0,0.0,0.0,0.79,0.79,0.77,0.8,0.8,0.81,0.79,0.79,0.8,0.79,0.8,0.78,0.0,0.0,0.78,0.78,0.79,0.79,0.7,0.79,0.72,0.0,0.76,0.77,0.77,0.78,0.77,0.79,0.77
668,0.0,0.56,0.51,0.0,0.0,0.59,0.0,0.0,0.56,0.2,0.55,0.55,0.5,0.52,0.52,0.53,0.56,0.53,0.54,0.53,0.53,0.52,0.48,0.57,0.58,0.6,0.0,0.0,0.59,0.55,0.6,0.0,0.0,0.0,0.0,0.6,0.58,0.58,0.59,0.58,0.6,0.58,0.59,0.58,0.58,0.59,0.59,0.0,0.0,0.59,0.58,0.59,0.44,0.57,0.58,0.46,0.0,0.57,0.57,0.4,0.58,0.58,0.6,0.56
669,0.0,0.0,0.0,0.0,0.0,0.0,0.0,0.0,0.0,0.0,0.0,0.0,0.0,0.0,0.0,0.0,0.0,0.0,0.0,0.0,0.0,0.0,0.0,0.0,0.0,0.0,0.0,0.0,0.0,0.0,0.0,0.0,0.0,0.0,0.0,0.0,0.0,0.0,0.0,0.0,0.0,0.0,0.0,0.0,0.0,0.0,0.0,0.0,0.0,0.0,0.0,0.0,0.0,0.0,0.0,0.0,0.0,0.0,0.0,0.0,0.0,0.0,0.0,0.0
670,0.0,0.0,0.0,0.0,0.0,0.0,0.0,0.0,0.0,0.0,0.0,0.0,0.0,0.0,0.0,0.0,0.0,0.0,0.0,0.0,0.0,0.0,0.0,0.0,0.0,0.0,0.0,0.0,0.0,0.0,0.0,0.0,0.0,0.0,0.0,0.0,0.0,0.0,0.0,0.0,0.0,0.0,0.0,0.0,0.0,0.0,0.0,0.0,0.0,0.0,0.0,0.0,0.0,0.0,0.0,0.0,0.0,0.0,0.0,0.0,0.0,0.0,0.0,0.0
671,0.0,0.0,0.0,0.0,0.0,0.0,0.0,0.0,0.0,0.0,0.0,0.0,0.0,0.0,0.0,0.0,0.0,0.0,0.0,0.0,0.0,0.0,0.0,0.0,0.0,0.0,0.0,0.0,0.0,0.0,0.0,0.0,0.0,0.0,0.0,0.0,0.0,0.0,0.0,0.0,0.0,0.0,0.0,0.0,0.0,0.0,0.0,0.0,0.0,0.0,0.0,0.0,0.0,0.0,0.0,0.0,0.0,0.0,0.0,0.0,0.0,0.0,0.0,0.0
672,0.0,0.0,0.0,0.0,0.0,0.0,0.0,0.0,0.0,0.0,0.0,0.0,0.0,0.0,0.0,0.0,0.0,0.0,0.0,0.0,0.0,0.0,0.0,0.0,0.0,0.0,0.0,0.0,0.0,0.0,0.0,0.0,0.0,0.0,0.0,0.0,0.0,0.0,0.0,0.0,0.0,0.0,0.0,0.0,0.0,0.0,0.0,0.0,0.0,0.0,0.0,0.0,0.0,0.0,0.0,0.0,0.0,0.0,0.0,0.0,0.0,0.0,0.0,0.0
673,0.0,0.0,0.0,0.0,0.0,0.0,0.0,0.0,0.0,0.0,0.0,0.0,0.0,0.0,0.0,0.0,0.0,0.0,0.0,0.0,0.0,0.0,0.0,0.0,0.0,0.0,0.0,0.0,0.0,0.0,0.0,0.0,0.0,0.0,0.0,0.0,0.0,0.0,0.0,0.0,0.0,0.0,0.0,0.0,0.0,0.0,0.0,0.0,0.0,0.0,0.0,0.0,0.0,0.0,0.0,0.0,0.0,0.0,0.0,0.0,0.0,0.0,0.0,0.0
674,0.0,0.0,0.0,0.0,0.0,0.0,0.0,0.0,0.0,0.0,0.0,0.0,0.0,0.0,0.0,0.0,0.0,0.0,0.0,0.0,0.0,0.0,0.0,0.0,0.0,0.0,0.0,0.0,0.0,0.0,0.0,0.0,0.0,0.0,0.0,0.0,0.0,0.0,0.0,0.0,0.0,0.0,0.0,0.0,0.0,0.0,0.0,0.0,0.0,0.0,0.0,0.0,0.0,0.0,0.0,0.0,0.0,0.0,0.0,0.0,0.0,0.0,0.0,0.0
675,0.0,0.0,0.0,0.0,0.0,0.0,0.0,0.0,0.0,0.0,0.0,0.0,0.0,0.0,0.0,0.0,0.0,0.0,0.0,0.0,0.0,0.0,0.0,0.0,0.0,0.0,0.0,0.0,0.0,0.0,0.0,0.0,0.0,0.0,0.0,0.0,0.0,0.0,0.0,0.0,0.0,0.0,0.0,0.0,0.0,0.0,0.0,0.0,0.0,0.0,0.0,0.0,0.0,0.0,0.0,0.0,0.0,0.0,0.0,0.0,0.0,0.0,0.0,0.0
676,0.0,0.0,0.0,0.0,0.0,0.0,0.0,0.0,0.0,0.0,0.0,0.0,0.0,0.0,0.0,0.0,0.0,0.0,0.0,0.0,0.0,0.0,0.0,0.0,0.0,0.0,0.0,0.0,0.0,0.0,0.0,0.0,0.0,0.0,0.0,0.0,0.0,0.0,0.0,0.0,0.0,0.0,0.0,0.0,0.0,0.0,0.0,0.0,0.0,0.0,0.0,0.0,0.0,0.0,0.0,0.0,0.0,0.0,0.0,0.0,0.0,0.0,0.0,0.0
677,0.0,0.0,0.0,0.0,0.0,0.0,0.0,0.0,0.0,0.0,0.0,0.0,0.0,0.0,0.0,0.0,0.0,0.0,0.0,0.0,0.0,0.0,0.0,0.0,0.0,0.0,0.0,0.0,0.0,0.0,0.0,0.0,0.0,0.0,0.0,0.0,0.0,0.0,0.0,0.0,0.0,0.0,0.0,0.0,0.0,0.0,0.0,0.0,0.0,0.0,0.0,0.0,0.0,0.0,0.0,0.0,0.0,0.0,0.0,0.0,0.0,0.0,0.0,0.0
678,0.0,0.0,0.0,0.0,0.0,0.0,0.0,0.0,0.0,0.0,0.0,0.0,0.0,0.0,0.0,0.0,0.0,0.0,0.0,0.0,0.0,0.0,0.0,0.0,0.0,0.0,0.0,0.0,0.0,0.0,0.0,0.0,0.0,0.0,0.0,0.0,0.0,0.0,0.0,0.0,0.0,0.0,0.0,0.0,0.0,0.0,0.0,0.0,0.0,0.0,0.0,0.0,0.0,0.0,0.0,0.0,0.0,0.0,0.0,0.0,0.0,0.0,0.0,0.0
679,0.0,0.0,0.0,0.0,0.0,0.0,0.0,0.0,0.0,0.0,0.0,0.0,0.0,0.0,0.0,0.0,0.0,0.0,0.0,0.0,0.0,0.0,0.0,0.0,0.0,0.0,0.0,0.0,0.0,0.0,0.0,0.0,0.0,0.0,0.0,0.0,0.0,0.0,0.0,0.0,0.0,0.0,0.0,0.0,0.0,0.0,0.0,0.0,0.0,0.0,0.0,0.0,0.0,0.0,0.0,0.0,0.0,0.0,0.0,0.0,0.0,0.0,0.0,0.0
680,0.0,0.0,0.0,0.0,0.0,0.0,0.0,0.0,0.0,0.0,0.0,0.0,0.0,0.0,0.0,0.0,0.0,0.0,0.0,0.0,0.0,0.0,0.0,0.0,0.0,0.0,0.0,0.0,0.0,0.0,0.0,0.0,0.0,0.0,0.0,0.0,0.0,0.0,0.0,0.0,0.0,0.0,0.0,0.0,0.0,0.0,0.0,0.0,0.0,0.0,0.0,0.0,0.0,0.0,0.0,0.0,0.0,0.0,0.0,0.0,0.0,0.0,0.0,0.0
681,0.0,0.0,0.0,0.0,0.0,0.0,0.0,0.0,0.0,0.0,0.0,0.0,0.0,0.0,0.0,0.0,0.0,0.0,0.0,0.0,0.0,0.0,0.0,0.0,0.0,0.0,0.0,0.0,0.0,0.0,0.0,0.0,0.0,0.0,0.0,0.0,0.0,0.0,0.0,0.0,0.0,0.0,0.0,0.0,0.0,0.0,0.0,0.0,0.0,0.0,0.0,0.0,0.0,0.0,0.0,0.0,0.0,0.0,0.0,0.0,0.0,0.0,0.0,0.0
682,0.0,0.0,0.0,0.0,0.0,0.0,0.0,0.0,0.0,0.0,0.0,0.0,0.0,0.0,0.0,0.0,0.0,0.0,0.0,0.0,0.0,0.0,0.0,0.0,0.0,0.0,0.0,0.0,0.0,0.0,0.0,0.0,0.0,0.0,0.0,0.0,0.0,0.0,0.0,0.0,0.0,0.0,0.0,0.0,0.0,0.0,0.0,0.0,0.0,0.0,0.0,0.0,0.0,0.0,0.0,0.0,0.0,0.0,0.0,0.0,0.0,0.0,0.0,0.0
683,0.0,0.0,0.0,0.0,0.0,0.0,0.0,0.0,0.0,0.0,0.0,0.0,0.0,0.0,0.0,0.0,0.0,0.0,0.0,0.0,0.0,0.0,0.0,0.0,0.0,0.0,0.0,0.0,0.0,0.0,0.0,0.0,0.0,0.0,0.0,0.0,0.0,0.0,0.0,0.0,0.0,0.0,0.0,0.0,0.0,0.0,0.0,0.0,0.0,0.0,0.0,0.0,0.0,0.0,0.0,0.0,0.0,0.0,0.0,0.0,0.0,0.0,0.0,0.0
684,0.0,0.27,0.03,0.0,0.0,0.22,0.0,0.0,0.11,0.34,0.58,0.17,0.14,0.0,0.0,0.0,0.01,0.26,0.26,0.01,0.0,0.0,0.41,0.58,0.27,0.58,0.0,0.0,0.57,0.37,0.58,0.0,0.0,0.0,0.0,0.54,0.07,0.0,0.36,0.0,0.01,0.58,0.58,0.58,0.3,0.19,0.21,0.0,0.0,0.23,0.01,0.0,0.32,0.06,0.3,0.25,0.0,0.32,0.19,0.33,0.02,0.14,0.57,0.01
685,0.0,0.67,0.71,0.0,0.0,0.32,0.0,0.0,0.72,0.04,0.04,0.32,0.04,0.01,0.01,0.03,0.04,0.4,0.4,0.06,0.03,0.01,0.52,0.72,0.42,0.71,0.0,0.0,0.73,0.71,0.73,0.0,0.0,0.0,0.0,0.73,0.73,0.05,0.74,0.05,0.04,0.74,0.74,0.72,0.46,0.74,0.29,0.0,0.0,0.33,0.04,0.52,0.56,0.72,0.47,0.08,0.0,0.61,0.12,0.5,0.72,0.71,0.74,0.68
686,0.0,0.84,0.82,0.0,0.0,0.5,0.0,0.0,0.8,0.06,0.79,0.76,0.16,0.04,0.05,0.17,0.78,0.41,0.42,0.81,0.3,0.02,0.55,0.83,0.56,0.34,0.0,0.0,0.85,0.84,0.84,0.0,0.0,0.0,0.0,0.84,0.84,0.81,0.84,0.8,0.32,0.85,0.84,0.83,0.84,0.79,0.49,0.0,0.0,0.51,0.18,0.64,0.64,0.81,0.19,0.08,0.0,0.83,0.25,0.81,0.86,0.83,0.84,0.85
687,0.0,0.87,0.87,0.0,0.0,0.56,0.0,0.0,0.8,0.1,0.34,0.81,0.03,0.06,0.84,0.48,0.85,0.59,0.57,0.13,0.72,0.1,0.25,0.87,0.66,0.45,0.0,0.0,0.88,0.87,0.48,0.0,0.0,0.0,0.0,0.88,0.88,0.86,0.89,0.84,0.35,0.89,0.88,0.86,0.87,0.89,0.55,0.0,0.0,0.59,0.45,0.88,0.87,0.86,0.18,0.54,0.0,0.85,0.73,0.86,0.88,0.87,0.91,0.89
688,0.0,0.9,0.9,0.0,0.0,0.62,0.0,0.0,0.83,0.72,0.86,0.89,0.04,0.84,0.2,0.34,0.88,0.69,0.68,0.85,0.52,0.85,0.11,0.89,0.72,0.52,0.0,0.0,0.9,0.9,0.56,0.0,0.0,0.0,0.0,0.9,0.9,0.9,0.91,0.9,0.22,0.91,0.9,0.89,0.9,0.91,0.8,0.0,0.0,0.74,0.87,0.45,0.76,0.87,0.14,0.9,0.0,0.87,0.88,0.38,0.91,0.89,0.91,0.91
689,0.0,0.91,0.91,0.0,0.0,0.87,0.0,0.0,0.86,0.32,0.86,0.9,0.85,0.84,0.84,0.84,0.89,0.78,0.83,0.86,0.39,0.84,0.19,0.89,0.73,0.76,0.0,0.0,0.91,0.91,0.91,0.0,0.0,0.0,0.0,0.9,0.9,0.9,0.91,0.9,0.91,0.91,0.9,0.89,0.9,0.91,0.87,0.0,0.0,0.87,0.88,0.57,0.64,0.39,0.33,0.91,0.0,0.46,0.89,0.68,0.9,0.9,0.91,0.91
690,0.0,0.89,0.89,0.0,0.0,0.84,0.0,0.0,0.84,0.41,0.82,0.86,0.78,0.35,0.83,0.83,0.84,0.39,0.81,0.84,0.48,0.4,0.46,0.86,0.78,0.53,0.0,0.0,0.89,0.89,0.89,0.0,0.0,0.0,0.0,0.88,0.86,0.87,0.87,0.87,0.87,0.88,0.87,0.86,0.86,0.88,0.85,0.0,0.0,0.84,0.38,0.34,0.45,0.56,0.3,0.88,0.0,0.43,0.86,0.59,0.86,0.87,0.89,0.86
691,0.0,0.8,0.51,0.0,0.0,0.77,0.0,0.0,0.74,0.69,0.74,0.76,0.61,0.72,0.73,0.73,0.77,0.71,0.55,0.73,0.71,0.72,0.63,0.76,0.75,0.8,0.0,0.0,0.81,0.8,0.8,0.0,0.0,0.0,0.0,0.79,0.75,0.75,0.78,0.76,0.73,0.78,0.78,0.76,0.76,0.74,0.77,0.0,0.0,0.77,0.72,0.25,0.31,0.45,0.13,0.41,0.0,0.49,0.76,0.48,0.47,0.7,0.81,0.71
692,0.0,0.65,0.66,0.0,0.0,0.61,0.0,0.0,0.55,0.5,0.55,0.29,0.47,0.52,0.52,0.52,0.57,0.49,0.49,0.53,0.54,0.51,0.38,0.57,0.57,0.42,0.0,0.0,0.64,0.65,0.65,0.0,0.0,0.0,0.0,0.62,0.58,0.58,0.61,0.58,0.6,0.62,0.6,0.57,0.58,0.6,0.61,0.0,0.0,0.6,0.61,0.21,0.4,0.6,0.21,0.63,0.0,0.62,0.63,0.56,0.55,0.64,0.65,0.64
693,0.0,0.0,0.0,0.0,0.0,0.0,0.0,0.0,0.0,0.0,0.0,0.0,0.0,0.0,0.0,0.0,0.0,0.0,0.0,0.0,0.0,0.0,0.0,0.0,0.0,0.0,0.0,0.0,0.0,0.0,0.0,0.0,0.0,0.0,0.0,0.0,0.0,0.0,0.0,0.0,0.0,0.0,0.0,0.0,0.0,0.0,0.0,0.0,0.0,0.0,0.0,0.0,0.0,0.0,0.0,0.0,0.0,0.0,0.0,0.0,0.0,0.0,0.0,0.0
694,0.0,0.0,0.0,0.0,0.0,0.0,0.0,0.0,0.0,0.0,0.0,0.0,0.0,0.0,0.0,0.0,0.0,0.0,0.0,0.0,0.0,0.0,0.0,0.0,0.0,0.0,0.0,0.0,0.0,0.0,0.0,0.0,0.0,0.0,0.0,0.0,0.0,0.0,0.0,0.0,0.0,0.0,0.0,0.0,0.0,0.0,0.0,0.0,0.0,0.0,0.0,0.0,0.0,0.0,0.0,0.0,0.0,0.0,0.0,0.0,0.0,0.0,0.0,0.0
695,0.0,0.0,0.0,0.0,0.0,0.0,0.0,0.0,0.0,0.0,0.0,0.0,0.0,0.0,0.0,0.0,0.0,0.0,0.0,0.0,0.0,0.0,0.0,0.0,0.0,0.0,0.0,0.0,0.0,0.0,0.0,0.0,0.0,0.0,0.0,0.0,0.0,0.0,0.0,0.0,0.0,0.0,0.0,0.0,0.0,0.0,0.0,0.0,0.0,0.0,0.0,0.0,0.0,0.0,0.0,0.0,0.0,0.0,0.0,0.0,0.0,0.0,0.0,0.0
696,0.0,0.0,0.0,0.0,0.0,0.0,0.0,0.0,0.0,0.0,0.0,0.0,0.0,0.0,0.0,0.0,0.0,0.0,0.0,0.0,0.0,0.0,0.0,0.0,0.0,0.0,0.0,0.0,0.0,0.0,0.0,0.0,0.0,0.0,0.0,0.0,0.0,0.0,0.0,0.0,0.0,0.0,0.0,0.0,0.0,0.0,0.0,0.0,0.0,0.0,0.0,0.0,0.0,0.0,0.0,0.0,0.0,0.0,0.0,0.0,0.0,0.0,0.0,0.0
697,0.0,0.0,0.0,0.0,0.0,0.0,0.0,0.0,0.0,0.0,0.0,0.0,0.0,0.0,0.0,0.0,0.0,0.0,0.0,0.0,0.0,0.0,0.0,0.0,0.0,0.0,0.0,0.0,0.0,0.0,0.0,0.0,0.0,0.0,0.0,0.0,0.0,0.0,0.0,0.0,0.0,0.0,0.0,0.0,0.0,0.0,0.0,0.0,0.0,0.0,0.0,0.0,0.0,0.0,0.0,0.0,0.0,0.0,0.0,0.0,0.0,0.0,0.0,0.0
698,0.0,0.0,0.0,0.0,0.0,0.0,0.0,0.0,0.0,0.0,0.0,0.0,0.0,0.0,0.0,0.0,0.0,0.0,0.0,0.0,0.0,0.0,0.0,0.0,0.0,0.0,0.0,0.0,0.0,0.0,0.0,0.0,0.0,0.0,0.0,0.0,0.0,0.0,0.0,0.0,0.0,0.0,0.0,0.0,0.0,0.0,0.0,0.0,0.0,0.0,0.0,0.0,0.0,0.0,0.0,0.0,0.0,0.0,0.0,0.0,0.0,0.0,0.0,0.0
699,0.0,0.0,0.0,0.0,0.0,0.0,0.0,0.0,0.0,0.0,0.0,0.0,0.0,0.0,0.0,0.0,0.0,0.0,0.0,0.0,0.0,0.0,0.0,0.0,0.0,0.0,0.0,0.0,0.0,0.0,0.0,0.0,0.0,0.0,0.0,0.0,0.0,0.0,0.0,0.0,0.0,0.0,0.0,0.0,0.0,0.0,0.0,0.0,0.0,0.0,0.0,0.0,0.0,0.0,0.0,0.0,0.0,0.0,0.0,0.0,0.0,0.0,0.0,0.0
700,0.0,0.0,0.0,0.0,0.0,0.0,0.0,0.0,0.0,0.0,0.0,0.0,0.0,0.0,0.0,0.0,0.0,0.0,0.0,0.0,0.0,0.0,0.0,0.0,0.0,0.0,0.0,0.0,0.0,0.0,0.0,0.0,0.0,0.0,0.0,0.0,0.0,0.0,0.0,0.0,0.0,0.0,0.0,0.0,0.0,0.0,0.0,0.0,0.0,0.0,0.0,0.0,0.0,0.0,0.0,0.0,0.0,0.0,0.0,0.0,0.0,0.0,0.0,0.0
701,0.0,0.0,0.0,0.0,0.0,0.0,0.0,0.0,0.0,0.0,0.0,0.0,0.0,0.0,0.0,0.0,0.0,0.0,0.0,0.0,0.0,0.0,0.0,0.0,0.0,0.0,0.0,0.0,0.0,0.0,0.0,0.0,0.0,0.0,0.0,0.0,0.0,0.0,0.0,0.0,0.0,0.0,0.0,0.0,0.0,0.0,0.0,0.0,0.0,0.0,0.0,0.0,0.0,0.0,0.0,0.0,0.0,0.0,0.0,0.0,0.0,0.0,0.0,0.0
702,0.0,0.0,0.0,0.0,0.0,0.0,0.0,0.0,0.0,0.0,0.0,0.0,0.0,0.0,0.0,0.0,0.0,0.0,0.0,0.0,0.0,0.0,0.0,0.0,0.0,0.0,0.0,0.0,0.0,0.0,0.0,0.0,0.0,0.0,0.0,0.0,0.0,0.0,0.0,0.0,0.0,0.0,0.0,0.0,0.0,0.0,0.0,0.0,0.0,0.0,0.0,0.0,0.0,0.0,0.0,0.0,0.0,0.0,0.0,0.0,0.0,0.0,0.0,0.0
703,0.0,0.0,0.0,0.0,0.0,0.0,0.0,0.0,0.0,0.0,0.0,0.0,0.0,0.0,0.0,0.0,0.0,0.0,0.0,0.0,0.0,0.0,0.0,0.0,0.0,0.0,0.0,0.0,0.0,0.0,0.0,0.0,0.0,0.0,0.0,0.0,0.0,0.0,0.0,0.0,0.0,0.0,0.0,0.0,0.0,0.0,0.0,0.0,0.0,0.0,0.0,0.0,0.0,0.0,0.0,0.0,0.0,0.0,0.0,0.0,0.0,0.0,0.0,0.0
704,0.0,0.0,0.0,0.0,0.0,0.0,0.0,0.0,0.0,0.0,0.0,0.0,0.0,0.0,0.0,0.0,0.0,0.0,0.0,0.0,0.0,0.0,0.0,0.0,0.0,0.0,0.0,0.0,0.0,0.0,0.0,0.0,0.0,0.0,0.0,0.0,0.0,0.0,0.0,0.0,0.0,0.0,0.0,0.0,0.0,0.0,0.0,0.0,0.0,0.0,0.0,0.0,0.0,0.0,0.0,0.0,0.0,0.0,0.0,0.0,0.0,0.0,0.0,0.0
705,0.0,0.0,0.0,0.0,0.0,0.0,0.0,0.0,0.0,0.0,0.0,0.0,0.0,0.0,0.0,0.0,0.0,0.0,0.0,0.0,0.0,0.0,0.0,0.0,0.0,0.0,0.0,0.0,0.0,0.0,0.0,0.0,0.0,0.0,0.0,0.0,0.0,0.0,0.0,0.0,0.0,0.0,0.0,0.0,0.0,0.0,0.0,0.0,0.0,0.0,0.0,0.0,0.0,0.0,0.0,0.0,0.0,0.0,0.0,0.0,0.0,0.0,0.0,0.0
706,0.0,0.0,0.0,0.0,0.0,0.0,0.0,0.0,0.0,0.0,0.0,0.0,0.0,0.0,0.0,0.0,0.0,0.0,0.0,0.0,0.0,0.0,0.0,0.0,0.0,0.0,0.0,0.0,0.0,0.0,0.0,0.0,0.0,0.0,0.0,0.0,0.0,0.0,0.0,0.0,0.0,0.0,0.0,0.0,0.0,0.0,0.0,0.0,0.0,0.0,0.0,0.0,0.0,0.0,0.0,0.0,0.0,0.0,0.0,0.0,0.0,0.0,0.0,0.0
707,0.0,0.0,0.0,0.0,0.0,0.0,0.0,0.0,0.0,0.0,0.0,0.0,0.0,0.0,0.0,0.0,0.0,0.0,0.0,0.0,0.0,0.0,0.0,0.0,0.0,0.0,0.0,0.0,0.0,0.0,0.0,0.0,0.0,0.0,0.0,0.0,0.0,0.0,0.0,0.0,0.0,0.0,0.0,0.0,0.0,0.0,0.0,0.0,0.0,0.0,0.0,0.0,0.0,0.0,0.0,0.0,0.0,0.0,0.0,0.0,0.0,0.0,0.0,0.0
708,0.0,0.49,0.48,0.0,0.0,0.52,0.0,0.0,0.51,0.47,0.52,0.59,0.61,0.58,0.56,0.55,0.55,0.64,0.62,0.53,0.6,0.6,0.56,0.54,0.56,0.02,0.0,0.0,0.45,0.48,0.43,0.0,0.0,0.0,0.0,0.46,0.5,0.54,0.5,0.52,0.33,0.49,0.45,0.49,0.54,0.49,0.52,0.0,0.0,0.53,0.19,0.12,0.51,0.36,0.46,0.46,0.0,0.46,0.24,0.5,0.29,0.24,0.48,0.25
709,0.0,0.76,0.76,0.0,0.0,0.76,0.0,0.0,0.8,0.6,0.8,0.85,0.82,0.81,0.78,0.75,0.84,0.84,0.85,0.74,0.84,0.81,0.83,0.77,0.77,0.15,0.0,0.0,0.76,0.76,0.74,0.0,0.0,0.0,0.0,0.37,0.77,0.84,0.35,0.84,0.8,0.76,0.24,0.76,0.78,0.24,0.76,0.0,0.0,0.76,0.79,0.62,0.82,0.8,0.82,0.79,0.0,0.81,0.77,0.81,0.64,0.82,0.76,0.68
710,0.0,0.86,0.85,0.0,0.0,0.87,0.0,0.0,0.91,0.88,0.91,0.91,0.91,0.91,0.91,0.9,0.91,0.91,0.91,0.91,0.91,0.91,0.91,0.86,0.87,0.32,0.0,0.0,0.88,0.85,0.54,0.0,0.0,0.0,0.0,0.8,0.88,0.91,0.86,0.91,0.91,0.7,0.9,0.89,0.89,0.87,0.87,0.0,0.0,0.87,0.91,0.85,0.91,0.91,0.91,0.91,0.0,0.91,0.91,0.91,0.91,0.91,0.88,0.91
711,0.0,0.88,0.88,0.0,0.0,0.88,0.0,0.0,0.91,0.81,0.91,0.91,0.91,0.91,0.91,0.91,0.91,0.91,0.91,0.91,0.91,0.91,0.91,0.91,0.9,0.7,0.0,0.0,0.9,0.9,0.91,0.0,0.0,0.0,0.0,0.91,0.91,0.91,0.91,0.91,0.91,0.91,0.91,0.91,0.91,0.91,0.88,0.0,0.0,0.88,0.91,0.9,0.91,0.91,0.91,0.91,0.0,0.91,0.91,0.91,0.91,0.91,0.91,0.91
712,0.0,0.9,0.91,0.0,0.0,0.89,0.0,0.0,0.91,0.59,0.91,0.91,0.91,0.91,0.91,0.91,0.91,0.91,0.91,0.91,0.91,0.91,0.91,0.91,0.9,0.91,0.0,0.0,0.91,0.91,0.91,0.0,0.0,0.0,0.0,0.91,0.91,0.91,0.91,0.91,0.91,0.91,0.91,0.91,0.91,0.91,0.88,0.0,0.0,0.89,0.91,0.91,0.91,0.91,0.91,0.91,0.0,0.91,0.91,0.91,0.91,0.91,0.91,0.91
713,0.0,0.91,0.89,0.0,0.0,0.88,0.0,0.0,0.91,0.69,0.91,0.91,0.91,0.91,0.91,0.91,0.91,0.91,0.91,0.91,0.91,0.91,0.91,0.91,0.89,0.91,0.0,0.0,0.91,0.91,0.91,0.0,0.0,0.0,0.0,0.91,0.91,0.91,0.91,0.91,0.91,0.91,0.91,0.91,0.91,0.91,0.89,0.0,0.0,0.89,0.91,0.91,0.91,0.91,0.91,0.91,0.0,0.91,0.91,0.91,0.91,0.91,0.91,0.91
714,0.0,0.88,0.82,0.0,0.0,0.85,0.0,0.0,0.91,0.64,0.91,0.91,0.91,0.91,0.91,0.91,0.91,0.91,0.84,0.91,0.91,0.91,0.84,0.91,0.85,0.91,0.0,0.0,0.89,0.89,0.9,0.0,0.0,0.0,0.0,0.9,0.91,0.91,0.91,0.91,0.91,0.91,0.91,0.91,0.91,0.91,0.86,0.0,0.0,0.86,0.91,0.91,0.91,0.91,0.91,0.91,0.0,0.91,0.91,0.91,0.91,0.91,0.91,0.91
715,0.0,0.82,0.82,0.0,0.0,0.8,0.0,0.0,0.83,0.7,0.84,0.84,0.8,0.83,0.83,0.83,0.87,0.82,0.74,0.83,0.71,0.83,0.77,0.85,0.75,0.85,0.0,0.0,0.82,0.82,0.84,0.0,0.0,0.0,0.0,0.83,0.86,0.89,0.86,0.89,0.89,0.86,0.86,0.85,0.85,0.87,0.8,0.0,0.0,0.8,0.88,0.86,0.88,0.87,0.87,0.84,0.0,0.87,0.88,0.86,0.87,0.88,0.86,0.87
716,0.0,0.65,0.66,0.0,0.0,0.62,0.0,0.0,0.56,0.55,0.58,0.59,0.48,0.54,0.54,0.54,0.6,0.55,0.41,0.55,0.54,0.53,0.54,0.6,0.4,0.66,0.0,0.0,0.64,0.65,0.65,0.0,0.0,0.0,0.0,0.63,0.61,0.62,0.64,0.62,0.64,0.64,0.64,0.6,0.6,0.64,0.62,0.0,0.0,0.61,0.66,0.66,0.63,0.65,0.62,0.62,0.0,0.64,0.65,0.63,0.65,0.66,0.66,0.65
717,0.0,0.0,0.0,0.0,0.0,0.0,0.0,0.0,0.0,0.0,0.0,0.0,0.0,0.0,0.0,0.0,0.0,0.0,0.0,0.0,0.0,0.0,0.0,0.0,0.0,0.0,0.0,0.0,0.0,0.0,0.0,0.0,0.0,0.0,0.0,0.0,0.0,0.0,0.0,0.0,0.0,0.0,0.0,0.0,0.0,0.0,0.0,0.0,0.0,0.0,0.0,0.0,0.0,0.0,0.0,0.0,0.0,0.0,0.0,0.0,0.0,0.0,0.0,0.0
718,0.0,0.0,0.0,0.0,0.0,0.0,0.0,0.0,0.0,0.0,0.0,0.0,0.0,0.0,0.0,0.0,0.0,0.0,0.0,0.0,0.0,0.0,0.0,0.0,0.0,0.0,0.0,0.0,0.0,0.0,0.0,0.0,0.0,0.0,0.0,0.0,0.0,0.0,0.0,0.0,0.0,0.0,0.0,0.0,0.0,0.0,0.0,0.0,0.0,0.0,0.0,0.0,0.0,0.0,0.0,0.0,0.0,0.0,0.0,0.0,0.0,0.0,0.0,0.0
719,0.0,0.0,0.0,0.0,0.0,0.0,0.0,0.0,0.0,0.0,0.0,0.0,0.0,0.0,0.0,0.0,0.0,0.0,0.0,0.0,0.0,0.0,0.0,0.0,0.0,0.0,0.0,0.0,0.0,0.0,0.0,0.0,0.0,0.0,0.0,0.0,0.0,0.0,0.0,0.0,0.0,0.0,0.0,0.0,0.0,0.0,0.0,0.0,0.0,0.0,0.0,0.0,0.0,0.0,0.0,0.0,0.0,0.0,0.0,0.0,0.0,0.0,0.0,0.0
720,0.0,0.0,0.0,0.0,0.0,0.0,0.0,0.0,0.0,0.0,0.0,0.0,0.0,0.0,0.0,0.0,0.0,0.0,0.0,0.0,0.0,0.0,0.0,0.0,0.0,0.0,0.0,0.0,0.0,0.0,0.0,0.0,0.0,0.0,0.0,0.0,0.0,0.0,0.0,0.0,0.0,0.0,0.0,0.0,0.0,0.0,0.0,0.0,0.0,0.0,0.0,0.0,0.0,0.0,0.0,0.0,0.0,0.0,0.0,0.0,0.0,0.0,0.0,0.0
721,0.0,0.0,0.0,0.0,0.0,0.0,0.0,0.0,0.0,0.0,0.0,0.0,0.0,0.0,0.0,0.0,0.0,0.0,0.0,0.0,0.0,0.0,0.0,0.0,0.0,0.0,0.0,0.0,0.0,0.0,0.0,0.0,0.0,0.0,0.0,0.0,0.0,0.0,0.0,0.0,0.0,0.0,0.0,0.0,0.0,0.0,0.0,0.0,0.0,0.0,0.0,0.0,0.0,0.0,0.0,0.0,0.0,0.0,0.0,0.0,0.0,0.0,0.0,0.0
722,0.0,0.0,0.0,0.0,0.0,0.0,0.0,0.0,0.0,0.0,0.0,0.0,0.0,0.0,0.0,0.0,0.0,0.0,0.0,0.0,0.0,0.0,0.0,0.0,0.0,0.0,0.0,0.0,0.0,0.0,0.0,0.0,0.0,0.0,0.0,0.0,0.0,0.0,0.0,0.0,0.0,0.0,0.0,0.0,0.0,0.0,0.0,0.0,0.0,0.0,0.0,0.0,0.0,0.0,0.0,0.0,0.0,0.0,0.0,0.0,0.0,0.0,0.0,0.0
723,0.0,0.0,0.0,0.0,0.0,0.0,0.0,0.0,0.0,0.0,0.0,0.0,0.0,0.0,0.0,0.0,0.0,0.0,0.0,0.0,0.0,0.0,0.0,0.0,0.0,0.0,0.0,0.0,0.0,0.0,0.0,0.0,0.0,0.0,0.0,0.0,0.0,0.0,0.0,0.0,0.0,0.0,0.0,0.0,0.0,0.0,0.0,0.0,0.0,0.0,0.0,0.0,0.0,0.0,0.0,0.0,0.0,0.0,0.0,0.0,0.0,0.0,0.0,0.0
724,0.0,0.0,0.0,0.0,0.0,0.0,0.0,0.0,0.0,0.0,0.0,0.0,0.0,0.0,0.0,0.0,0.0,0.0,0.0,0.0,0.0,0.0,0.0,0.0,0.0,0.0,0.0,0.0,0.0,0.0,0.0,0.0,0.0,0.0,0.0,0.0,0.0,0.0,0.0,0.0,0.0,0.0,0.0,0.0,0.0,0.0,0.0,0.0,0.0,0.0,0.0,0.0,0.0,0.0,0.0,0.0,0.0,0.0,0.0,0.0,0.0,0.0,0.0,0.0
725,0.0,0.0,0.0,0.0,0.0,0.0,0.0,0.0,0.0,0.0,0.0,0.0,0.0,0.0,0.0,0.0,0.0,0.0,0.0,0.0,0.0,0.0,0.0,0.0,0.0,0.0,0.0,0.0,0.0,0.0,0.0,0.0,0.0,0.0,0.0,0.0,0.0,0.0,0.0,0.0,0.0,0.0,0.0,0.0,0.0,0.0,0.0,0.0,0.0,0.0,0.0,0.0,0.0,0.0,0.0,0.0,0.0,0.0,0.0,0.0,0.0,0.0,0.0,0.0
726,0.0,0.0,0.0,0.0,0.0,0.0,0.0,0.0,0.0,0.0,0.0,0.0,0.0,0.0,0.0,0.0,0.0,0.0,0.0,0.0,0.0,0.0,0.0,0.0,0.0,0.0,0.0,0.0,0.0,0.0,0.0,0.0,0.0,0.0,0.0,0.0,0.0,0.0,0.0,0.0,0.0,0.0,0.0,0.0,0.0,0.0,0.0,0.0,0.0,0.0,0.0,0.0,0.0,0.0,0.0,0.0,0.0,0.0,0.0,0.0,0.0,0.0,0.0,0.0
727,0.0,0.0,0.0,0.0,0.0,0.0,0.0,0.0,0.0,0.0,0.0,0.0,0.0,0.0,0.0,0.0,0.0,0.0,0.0,0.0,0.0,0.0,0.0,0.0,0.0,0.0,0.0,0.0,0.0,0.0,0.0,0.0,0.0,0.0,0.0,0.0,0.0,0.0,0.0,0.0,0.0,0.0,0.0,0.0,0.0,0.0,0.0,0.0,0.0,0.0,0.0,0.0,0.0,0.0,0.0,0.0,0.0,0.0,0.0,0.0,0.0,0.0,0.0,0.0
728,0.0,0.0,0.0,0.0,0.0,0.0,0.0,0.0,0.0,0.0,0.0,0.0,0.0,0.0,0.0,0.0,0.0,0.0,0.0,0.0,0.0,0.0,0.0,0.0,0.0,0.0,0.0,0.0,0.0,0.0,0.0,0.0,0.0,0.0,0.0,0.0,0.0,0.0,0.0,0.0,0.0,0.0,0.0,0.0,0.0,0.0,0.0,0.0,0.0,0.0,0.0,0.0,0.0,0.0,0.0,0.0,0.0,0.0,0.0,0.0,0.0,0.0,0.0,0.0
729,0.0,0.0,0.0,0.0,0.0,0.0,0.0,0.0,0.0,0.0,0.0,0.0,0.0,0.0,0.0,0.0,0.0,0.0,0.0,0.0,0.0,0.0,0.0,0.0,0.0,0.0,0.0,0.0,0.0,0.0,0.0,0.0,0.0,0.0,0.0,0.0,0.0,0.0,0.0,0.0,0.0,0.0,0.0,0.0,0.0,0.0,0.0,0.0,0.0,0.0,0.0,0.0,0.0,0.0,0.0,0.0,0.0,0.0,0.0,0.0,0.0,0.0,0.0,0.0
730,0.0,0.0,0.0,0.0,0.0,0.0,0.0,0.0,0.0,0.0,0.0,0.0,0.0,0.0,0.0,0.0,0.0,0.0,0.0,0.0,0.0,0.0,0.0,0.0,0.0,0.0,0.0,0.0,0.0,0.0,0.0,0.0,0.0,0.0,0.0,0.0,0.0,0.0,0.0,0.0,0.0,0.0,0.0,0.0,0.0,0.0,0.0,0.0,0.0,0.0,0.0,0.0,0.0,0.0,0.0,0.0,0.0,0.0,0.0,0.0,0.0,0.0,0.0,0.0
731,0.0,0.0,0.0,0.0,0.0,0.0,0.0,0.0,0.0,0.0,0.0,0.0,0.0,0.0,0.0,0.0,0.0,0.0,0.0,0.0,0.0,0.0,0.0,0.0,0.0,0.0,0.0,0.0,0.0,0.0,0.0,0.0,0.0,0.0,0.0,0.0,0.0,0.0,0.0,0.0,0.0,0.0,0.0,0.0,0.0,0.0,0.0,0.0,0.0,0.0,0.0,0.0,0.0,0.0,0.0,0.0,0.0,0.0,0.0,0.0,0.0,0.0,0.0,0.0
732,0.0,0.12,0.18,0.0,0.0,0.15,0.0,0.0,0.24,0.51,0.13,0.21,0.34,0.1,0.14,0.16,0.33,0.59,0.53,0.22,0.35,0.19,0.58,0.27,0.24,0.12,0.0,0.0,0.18,0.12,0.09,0.0,0.0,0.0,0.0,0.18,0.28,0.13,0.19,0.12,0.34,0.18,0.19,0.18,0.24,0.19,0.11,0.0,0.0,0.03,0.07,0.19,0.06,0.01,0.16,0.22,0.0,0.19,0.12,0.3,0.3,0.01,0.2,0.32
733,0.0,0.22,0.25,0.0,0.0,0.23,0.0,0.0,0.14,0.6,0.21,0.24,0.62,0.35,0.36,0.32,0.31,0.47,0.44,0.27,0.5,0.35,0.57,0.49,0.26,0.22,0.0,0.0,0.3,0.22,0.23,0.0,0.0,0.0,0.0,0.27,0.42,0.32,0.34,0.27,0.5,0.32,0.34,0.33,0.5,0.35,0.23,0.0,0.0,0.24,0.33,0.33,0.32,0.57,0.43,0.35,0.0,0.31,0.05,0.4,0.51,0.25,0.33,0.51
734,0.0,0.37,0.34,0.0,0.0,0.28,0.0,0.0,0.56,0.71,0.45,0.44,0.57,0.4,0.42,0.44,0.46,0.67,0.64,0.44,0.67,0.4,0.67,0.33,0.08,0.3,0.0,0.0,0.23,0.34,0.34,0.0,0.0,0.0,0.0,0.12,0.46,0.56,0.54,0.52,0.54,0.53,0.52,0.5,0.13,0.54,0.21,0.0,0.0,0.28,0.78,0.55,0.51,0.63,0.44,0.58,0.0,0.58,0.74,0.5,0.65,0.76,0.56,0.72
735,0.0,0.21,0.08,0.0,0.0,0.1,0.0,0.0,0.47,0.79,0.49,0.61,0.62,0.56,0.5,0.46,0.48,0.81,0.79,0.47,0.74,0.56,0.74,0.56,0.34,0.09,0.0,0.0,0.21,0.13,0.09,0.0,0.0,0.0,0.0,0.08,0.6,0.57,0.61,0.5,0.75,0.61,0.68,0.56,0.57,0.64,0.06,0.0,0.0,0.11,0.64,0.74,0.74,0.74,0.51,0.69,0.0,0.74,0.62,0.64,0.78,0.7,0.64,0.66
736,0.0,0.06,0.03,0.0,0.0,0.02,0.0,0.0,0.63,0.83,0.68,0.62,0.75,0.52,0.59,0.57,0.7,0.79,0.81,0.56,0.8,0.54,0.81,0.75,0.37,0.11,0.0,0.0,0.23,0.07,0.09,0.0,0.0,0.0,0.0,0.07,0.77,0.68,0.82,0.63,0.76,0.82,0.76,0.7,0.75,0.76,0.02,0.0,0.0,0.02,0.77,0.76,0.72,0.32,0.63,0.76,0.0,0.24,0.73,0.67,0.77,0.78,0.85,0.76
737,0.0,0.14,0.06,0.0,0.0,0.01,0.0,0.0,0.77,0.79,0.76,0.77,0.78,0.63,0.65,0.51,0.74,0.66,0.61,0.44,0.78,0.6,0.65,0.75,0.11,0.16,0.0,0.0,0.23,0.15,0.13,0.0,0.0,0.0,0.0,0.09,0.76,0.71,0.79,0.77,0.6,0.76,0.78,0.73,0.76,0.8,0.02,0.0,0.0,0.02,0.12,0.74,0.75,0.16,0.73,0.51,0.0,0.75,0.12,0.72,0.16,0.08,0.14,0.15
738,0.0,0.1,0.06,0.0,0.0,0.02,0.0,0.0,0.76,0.7,0.75,0.76,0.45,0.67,0.56,0.27,0.78,0.43,0.52,0.58,0.8,0.68,0.55,0.72,0.04,0.07,0.0,0.0,0.74,0.09,0.05,0.0,0.0,0.0,0.0,0.09,0.71,0.58,0.73,0.62,0.79,0.71,0.29,0.34,0.73,0.28,0.02,0.0,0.0,0.02,0.06,0.08,0.77,0.51,0.56,0.59,0.0,0.48,0.05,0.57,0.05,0.31,0.63,0.06
739,0.0,0.06,0.05,0.0,0.0,0.03,0.0,0.0,0.46,0.46,0.45,0.45,0.32,0.66,0.62,0.51,0.38,0.54,0.57,0.54,0.62,0.62,0.46,0.13,0.04,0.22,0.0,0.0,0.04,0.09,0.1,0.0,0.0,0.0,0.0,0.13,0.04,0.41,0.02,0.44,0.47,0.02,0.03,0.1,0.12,0.02,0.03,0.0,0.0,0.03,0.56,0.04,0.42,0.44,0.54,0.46,0.0,0.45,0.51,0.54,0.62,0.6,0.04,0.61
740,0.0,0.04,0.06,0.0,0.0,0.02,0.0,0.0,0.26,0.16,0.2,0.27,0.16,0.24,0.26,0.23,0.3,0.21,0.22,0.26,0.28,0.24,0.14,0.27,0.39,0.03,0.0,0.0,0.02,0.03,0.02,0.0,0.0,0.0,0.0,0.01,0.23,0.14,0.24,0.19,0.29,0.13,0.29,0.26,0.22,0.21,0.02,0.0,0.0,0.01,0.23,0.43,0.27,0.19,0.25,0.28,0.0,0.03,0.2,0.26,0.22,0.24,0.15,0.18
741,0.0,0.0,0.0,0.0,0.0,0.0,0.0,0.0,0.0,0.0,0.0,0.0,0.0,0.0,0.0,0.0,0.0,0.0,0.0,0.0,0.0,0.0,0.0,0.0,0.0,0.0,0.0,0.0,0.0,0.0,0.0,0.0,0.0,0.0,0.0,0.0,0.0,0.0,0.0,0.0,0.0,0.0,0.0,0.0,0.0,0.0,0.0,0.0,0.0,0.0,0.0,0.0,0.0,0.0,0.0,0.0,0.0,0.0,0.0,0.0,0.0,0.0,0.0,0.0
742,0.0,0.0,0.0,0.0,0.0,0.0,0.0,0.0,0.0,0.0,0.0,0.0,0.0,0.0,0.0,0.0,0.0,0.0,0.0,0.0,0.0,0.0,0.0,0.0,0.0,0.0,0.0,0.0,0.0,0.0,0.0,0.0,0.0,0.0,0.0,0.0,0.0,0.0,0.0,0.0,0.0,0.0,0.0,0.0,0.0,0.0,0.0,0.0,0.0,0.0,0.0,0.0,0.0,0.0,0.0,0.0,0.0,0.0,0.0,0.0,0.0,0.0,0.0,0.0
743,0.0,0.0,0.0,0.0,0.0,0.0,0.0,0.0,0.0,0.0,0.0,0.0,0.0,0.0,0.0,0.0,0.0,0.0,0.0,0.0,0.0,0.0,0.0,0.0,0.0,0.0,0.0,0.0,0.0,0.0,0.0,0.0,0.0,0.0,0.0,0.0,0.0,0.0,0.0,0.0,0.0,0.0,0.0,0.0,0.0,0.0,0.0,0.0,0.0,0.0,0.0,0.0,0.0,0.0,0.0,0.0,0.0,0.0,0.0,0.0,0.0,0.0,0.0,0.0
744,0.0,0.0,0.0,0.0,0.0,0.0,0.0,0.0,0.0,0.0,0.0,0.0,0.0,0.0,0.0,0.0,0.0,0.0,0.0,0.0,0.0,0.0,0.0,0.0,0.0,0.0,0.0,0.0,0.0,0.0,0.0,0.0,0.0,0.0,0.0,0.0,0.0,0.0,0.0,0.0,0.0,0.0,0.0,0.0,0.0,0.0,0.0,0.0,0.0,0.0,0.0,0.0,0.0,0.0,0.0,0.0,0.0,0.0,0.0,0.0,0.0,0.0,0.0,0.0
745,0.0,0.0,0.0,0.0,0.0,0.0,0.0,0.0,0.0,0.0,0.0,0.0,0.0,0.0,0.0,0.0,0.0,0.0,0.0,0.0,0.0,0.0,0.0,0.0,0.0,0.0,0.0,0.0,0.0,0.0,0.0,0.0,0.0,0.0,0.0,0.0,0.0,0.0,0.0,0.0,0.0,0.0,0.0,0.0,0.0,0.0,0.0,0.0,0.0,0.0,0.0,0.0,0.0,0.0,0.0,0.0,0.0,0.0,0.0,0.0,0.0,0.0,0.0,0.0
746,0.0,0.0,0.0,0.0,0.0,0.0,0.0,0.0,0.0,0.0,0.0,0.0,0.0,0.0,0.0,0.0,0.0,0.0,0.0,0.0,0.0,0.0,0.0,0.0,0.0,0.0,0.0,0.0,0.0,0.0,0.0,0.0,0.0,0.0,0.0,0.0,0.0,0.0,0.0,0.0,0.0,0.0,0.0,0.0,0.0,0.0,0.0,0.0,0.0,0.0,0.0,0.0,0.0,0.0,0.0,0.0,0.0,0.0,0.0,0.0,0.0,0.0,0.0,0.0
747,0.0,0.0,0.0,0.0,0.0,0.0,0.0,0.0,0.0,0.0,0.0,0.0,0.0,0.0,0.0,0.0,0.0,0.0,0.0,0.0,0.0,0.0,0.0,0.0,0.0,0.0,0.0,0.0,0.0,0.0,0.0,0.0,0.0,0.0,0.0,0.0,0.0,0.0,0.0,0.0,0.0,0.0,0.0,0.0,0.0,0.0,0.0,0.0,0.0,0.0,0.0,0.0,0.0,0.0,0.0,0.0,0.0,0.0,0.0,0.0,0.0,0.0,0.0,0.0
748,0.0,0.0,0.0,0.0,0.0,0.0,0.0,0.0,0.0,0.0,0.0,0.0,0.0,0.0,0.0,0.0,0.0,0.0,0.0,0.0,0.0,0.0,0.0,0.0,0.0,0.0,0.0,0.0,0.0,0.0,0.0,0.0,0.0,0.0,0.0,0.0,0.0,0.0,0.0,0.0,0.0,0.0,0.0,0.0,0.0,0.0,0.0,0.0,0.0,0.0,0.0,0.0,0.0,0.0,0.0,0.0,0.0,0.0,0.0,0.0,0.0,0.0,0.0,0.0
749,0.0,0.0,0.0,0.0,0.0,0.0,0.0,0.0,0.0,0.0,0.0,0.0,0.0,0.0,0.0,0.0,0.0,0.0,0.0,0.0,0.0,0.0,0.0,0.0,0.0,0.0,0.0,0.0,0.0,0.0,0.0,0.0,0.0,0.0,0.0,0.0,0.0,0.0,0.0,0.0,0.0,0.0,0.0,0.0,0.0,0.0,0.0,0.0,0.0,0.0,0.0,0.0,0.0,0.0,0.0,0.0,0.0,0.0,0.0,0.0,0.0,0.0,0.0,0.0
750,0.0,0.0,0.0,0.0,0.0,0.0,0.0,0.0,0.0,0.0,0.0,0.0,0.0,0.0,0.0,0.0,0.0,0.0,0.0,0.0,0.0,0.0,0.0,0.0,0.0,0.0,0.0,0.0,0.0,0.0,0.0,0.0,0.0,0.0,0.0,0.0,0.0,0.0,0.0,0.0,0.0,0.0,0.0,0.0,0.0,0.0,0.0,0.0,0.0,0.0,0.0,0.0,0.0,0.0,0.0,0.0,0.0,0.0,0.0,0.0,0.0,0.0,0.0,0.0
751,0.0,0.0,0.0,0.0,0.0,0.0,0.0,0.0,0.0,0.0,0.0,0.0,0.0,0.0,0.0,0.0,0.0,0.0,0.0,0.0,0.0,0.0,0.0,0.0,0.0,0.0,0.0,0.0,0.0,0.0,0.0,0.0,0.0,0.0,0.0,0.0,0.0,0.0,0.0,0.0,0.0,0.0,0.0,0.0,0.0,0.0,0.0,0.0,0.0,0.0,0.0,0.0,0.0,0.0,0.0,0.0,0.0,0.0,0.0,0.0,0.0,0.0,0.0,0.0
752,0.0,0.0,0.0,0.0,0.0,0.0,0.0,0.0,0.0,0.0,0.0,0.0,0.0,0.0,0.0,0.0,0.0,0.0,0.0,0.0,0.0,0.0,0.0,0.0,0.0,0.0,0.0,0.0,0.0,0.0,0.0,0.0,0.0,0.0,0.0,0.0,0.0,0.0,0.0,0.0,0.0,0.0,0.0,0.0,0.0,0.0,0.0,0.0,0.0,0.0,0.0,0.0,0.0,0.0,0.0,0.0,0.0,0.0,0.0,0.0,0.0,0.0,0.0,0.0
753,0.0,0.0,0.0,0.0,0.0,0.0,0.0,0.0,0.0,0.0,0.0,0.0,0.0,0.0,0.0,0.0,0.0,0.0,0.0,0.0,0.0,0.0,0.0,0.0,0.0,0.0,0.0,0.0,0.0,0.0,0.0,0.0,0.0,0.0,0.0,0.0,0.0,0.0,0.0,0.0,0.0,0.0,0.0,0.0,0.0,0.0,0.0,0.0,0.0,0.0,0.0,0.0,0.0,0.0,0.0,0.0,0.0,0.0,0.0,0.0,0.0,0.0,0.0,0.0
754,0.0,0.0,0.0,0.0,0.0,0.0,0.0,0.0,0.0,0.0,0.0,0.0,0.0,0.0,0.0,0.0,0.0,0.0,0.0,0.0,0.0,0.0,0.0,0.0,0.0,0.0,0.0,0.0,0.0,0.0,0.0,0.0,0.0,0.0,0.0,0.0,0.0,0.0,0.0,0.0,0.0,0.0,0.0,0.0,0.0,0.0,0.0,0.0,0.0,0.0,0.0,0.0,0.0,0.0,0.0,0.0,0.0,0.0,0.0,0.0,0.0,0.0,0.0,0.0
755,0.0,0.0,0.0,0.0,0.0,0.0,0.0,0.0,0.0,0.0,0.0,0.0,0.0,0.0,0.0,0.0,0.0,0.0,0.0,0.0,0.0,0.0,0.0,0.0,0.0,0.0,0.0,0.0,0.0,0.0,0.0,0.0,0.0,0.0,0.0,0.0,0.0,0.0,0.0,0.0,0.0,0.0,0.0,0.0,0.0,0.0,0.0,0.0,0.0,0.0,0.0,0.0,0.0,0.0,0.0,0.0,0.0,0.0,0.0,0.0,0.0,0.0,0.0,0.0
756,0.0,0.6,0.6,0.0,0.0,0.6,0.0,0.0,0.01,0.3,0.01,0.4,0.46,0.31,0.12,0.02,0.13,0.3,0.29,0.02,0.3,0.31,0.26,0.01,0.02,0.32,0.0,0.0,0.59,0.61,0.6,0.0,0.0,0.0,0.0,0.29,0.01,0.01,0.02,0.02,0.02,0.03,0.02,0.01,0.01,0.02,0.52,0.0,0.0,0.58,0.6,0.02,0.02,0.31,0.38,0.06,0.0,0.28,0.06,0.09,0.02,0.59,0.13,0.02
757,0.0,0.82,0.82,0.0,0.0,0.78,0.0,0.0,0.03,0.49,0.07,0.32,0.71,0.6,0.62,0.1,0.38,0.53,0.53,0.06,0.48,0.59,0.35,0.05,0.04,0.47,0.0,0.0,0.19,0.82,0.81,0.0,0.0,0.0,0.0,0.14,0.15,0.09,0.13,0.12,0.16,0.13,0.08,0.26,0.07,0.12,0.78,0.0,0.0,0.78,0.83,0.3,0.16,0.42,0.75,0.76,0.0,0.55,0.83,0.33,0.42,0.83,0.14,0.65
758,0.0,0.9,0.91,0.0,0.0,0.86,0.0,0.0,0.06,0.64,0.11,0.8,0.76,0.77,0.8,0.41,0.81,0.71,0.72,0.23,0.53,0.76,0.73,0.24,0.07,0.47,0.0,0.0,0.42,0.9,0.46,0.0,0.0,0.0,0.0,0.24,0.14,0.3,0.9,0.28,0.89,0.39,0.41,0.24,0.11,0.91,0.86,0.0,0.0,0.85,0.91,0.91,0.4,0.59,0.83,0.88,0.0,0.89,0.91,0.86,0.91,0.88,0.91,0.91
759,0.0,0.91,0.78,0.0,0.0,0.68,0.0,0.0,0.26,0.75,0.2,0.48,0.78,0.46,0.33,0.55,0.38,0.79,0.79,0.35,0.76,0.82,0.78,0.14,0.34,0.91,0.0,0.0,0.91,0.91,0.91,0.0,0.0,0.0,0.0,0.91,0.3,0.34,0.91,0.44,0.91,0.91,0.91,0.23,0.21,0.91,0.44,0.0,0.0,0.48,0.91,0.91,0.91,0.76,0.85,0.9,0.0,0.91,0.91,0.9,0.91,0.84,0.91,0.91
760,0.0,0.91,0.86,0.0,0.0,0.25,0.0,0.0,0.86,0.81,0.16,0.49,0.79,0.87,0.49,0.37,0.37,0.82,0.82,0.44,0.8,0.37,0.81,0.25,0.42,0.91,0.0,0.0,0.91,0.91,0.91,0.0,0.0,0.0,0.0,0.91,0.41,0.45,0.91,0.46,0.91,0.91,0.91,0.26,0.28,0.91,0.3,0.0,0.0,0.27,0.91,0.91,0.91,0.87,0.89,0.91,0.0,0.91,0.91,0.91,0.9,0.88,0.91,0.91
761,0.0,0.91,0.91,0.0,0.0,0.49,0.0,0.0,0.86,0.81,0.27,0.43,0.78,0.86,0.84,0.26,0.21,0.84,0.85,0.12,0.78,0.47,0.81,0.24,0.11,0.91,0.0,0.0,0.91,0.91,0.91,0.0,0.0,0.0,0.0,0.91,0.25,0.48,0.91,0.49,0.91,0.91,0.91,0.23,0.31,0.91,0.24,0.0,0.0,0.21,0.9,0.91,0.91,0.86,0.89,0.91,0.0,0.91,0.91,0.91,0.91,0.89,0.91,0.91
762,0.0,0.91,0.91,0.0,0.0,0.16,0.0,0.0,0.8,0.69,0.26,0.37,0.7,0.78,0.76,0.28,0.1,0.76,0.76,0.26,0.6,0.79,0.71,0.09,0.04,0.91,0.0,0.0,0.91,0.91,0.91,0.0,0.0,0.0,0.0,0.91,0.12,0.1,0.91,0.12,0.39,0.91,0.91,0.17,0.16,0.91,0.12,0.0,0.0,0.22,0.91,0.82,0.89,0.81,0.85,0.87,0.0,0.89,0.91,0.87,0.91,0.91,0.91,0.91
763,0.0,0.84,0.84,0.0,0.0,0.14,0.0,0.0,0.67,0.5,0.66,0.62,0.53,0.66,0.67,0.63,0.32,0.56,0.53,0.45,0.45,0.67,0.54,0.08,0.03,0.86,0.0,0.0,0.84,0.84,0.85,0.0,0.0,0.0,0.0,0.83,0.09,0.06,0.84,0.07,0.15,0.31,0.24,0.23,0.11,0.84,0.09,0.0,0.0,0.08,0.83,0.85,0.77,0.8,0.7,0.78,0.0,0.79,0.83,0.6,0.83,0.82,0.86,0.83
764,0.0,0.68,0.69,0.0,0.0,0.04,0.0,0.0,0.51,0.41,0.53,0.48,0.39,0.46,0.52,0.51,0.5,0.39,0.39,0.51,0.41,0.47,0.39,0.11,0.01,0.69,0.0,0.0,0.67,0.68,0.68,0.0,0.0,0.0,0.0,0.41,0.13,0.25,0.23,0.24,0.17,0.09,0.04,0.14,0.1,0.18,0.03,0.0,0.0,0.03,0.67,0.67,0.61,0.64,0.52,0.64,0.0,0.64,0.66,0.62,0.66,0.66,0.68,0.66
765,0.0,0.0,0.0,0.0,0.0,0.0,0.0,0.0,0.0,0.0,0.0,0.0,0.0,0.0,0.0,0.0,0.0,0.0,0.0,0.0,0.0,0.0,0.0,0.0,0.0,0.0,0.0,0.0,0.0,0.0,0.0,0.0,0.0,0.0,0.0,0.0,0.0,0.0,0.0,0.0,0.0,0.0,0.0,0.0,0.0,0.0,0.0,0.0,0.0,0.0,0.0,0.0,0.0,0.0,0.0,0.0,0.0,0.0,0.0,0.0,0.0,0.0,0.0,0.0
766,0.0,0.0,0.0,0.0,0.0,0.0,0.0,0.0,0.0,0.0,0.0,0.0,0.0,0.0,0.0,0.0,0.0,0.0,0.0,0.0,0.0,0.0,0.0,0.0,0.0,0.0,0.0,0.0,0.0,0.0,0.0,0.0,0.0,0.0,0.0,0.0,0.0,0.0,0.0,0.0,0.0,0.0,0.0,0.0,0.0,0.0,0.0,0.0,0.0,0.0,0.0,0.0,0.0,0.0,0.0,0.0,0.0,0.0,0.0,0.0,0.0,0.0,0.0,0.0
767,0.0,0.0,0.0,0.0,0.0,0.0,0.0,0.0,0.0,0.0,0.0,0.0,0.0,0.0,0.0,0.0,0.0,0.0,0.0,0.0,0.0,0.0,0.0,0.0,0.0,0.0,0.0,0.0,0.0,0.0,0.0,0.0,0.0,0.0,0.0,0.0,0.0,0.0,0.0,0.0,0.0,0.0,0.0,0.0,0.0,0.0,0.0,0.0,0.0,0.0,0.0,0.0,0.0,0.0,0.0,0.0,0.0,0.0,0.0,0.0,0.0,0.0,0.0,0.0
768,0.0,0.0,0.0,0.0,0.0,0.0,0.0,0.0,0.0,0.0,0.0,0.0,0.0,0.0,0.0,0.0,0.0,0.0,0.0,0.0,0.0,0.0,0.0,0.0,0.0,0.0,0.0,0.0,0.0,0.0,0.0,0.0,0.0,0.0,0.0,0.0,0.0,0.0,0.0,0.0,0.0,0.0,0.0,0.0,0.0,0.0,0.0,0.0,0.0,0.0,0.0,0.0,0.0,0.0,0.0,0.0,0.0,0.0,0.0,0.0,0.0,0.0,0.0,0.0
769,0.0,0.0,0.0,0.0,0.0,0.0,0.0,0.0,0.0,0.0,0.0,0.0,0.0,0.0,0.0,0.0,0.0,0.0,0.0,0.0,0.0,0.0,0.0,0.0,0.0,0.0,0.0,0.0,0.0,0.0,0.0,0.0,0.0,0.0,0.0,0.0,0.0,0.0,0.0,0.0,0.0,0.0,0.0,0.0,0.0,0.0,0.0,0.0,0.0,0.0,0.0,0.0,0.0,0.0,0.0,0.0,0.0,0.0,0.0,0.0,0.0,0.0,0.0,0.0
770,0.0,0.0,0.0,0.0,0.0,0.0,0.0,0.0,0.0,0.0,0.0,0.0,0.0,0.0,0.0,0.0,0.0,0.0,0.0,0.0,0.0,0.0,0.0,0.0,0.0,0.0,0.0,0.0,0.0,0.0,0.0,0.0,0.0,0.0,0.0,0.0,0.0,0.0,0.0,0.0,0.0,0.0,0.0,0.0,0.0,0.0,0.0,0.0,0.0,0.0,0.0,0.0,0.0,0.0,0.0,0.0,0.0,0.0,0.0,0.0,0.0,0.0,0.0,0.0
771,0.0,0.0,0.0,0.0,0.0,0.0,0.0,0.0,0.0,0.0,0.0,0.0,0.0,0.0,0.0,0.0,0.0,0.0,0.0,0.0,0.0,0.0,0.0,0.0,0.0,0.0,0.0,0.0,0.0,0.0,0.0,0.0,0.0,0.0,0.0,0.0,0.0,0.0,0.0,0.0,0.0,0.0,0.0,0.0,0.0,0.0,0.0,0.0,0.0,0.0,0.0,0.0,0.0,0.0,0.0,0.0,0.0,0.0,0.0,0.0,0.0,0.0,0.0,0.0
772,0.0,0.0,0.0,0.0,0.0,0.0,0.0,0.0,0.0,0.0,0.0,0.0,0.0,0.0,0.0,0.0,0.0,0.0,0.0,0.0,0.0,0.0,0.0,0.0,0.0,0.0,0.0,0.0,0.0,0.0,0.0,0.0,0.0,0.0,0.0,0.0,0.0,0.0,0.0,0.0,0.0,0.0,0.0,0.0,0.0,0.0,0.0,0.0,0.0,0.0,0.0,0.0,0.0,0.0,0.0,0.0,0.0,0.0,0.0,0.0,0.0,0.0,0.0,0.0
773,0.0,0.0,0.0,0.0,0.0,0.0,0.0,0.0,0.0,0.0,0.0,0.0,0.0,0.0,0.0,0.0,0.0,0.0,0.0,0.0,0.0,0.0,0.0,0.0,0.0,0.0,0.0,0.0,0.0,0.0,0.0,0.0,0.0,0.0,0.0,0.0,0.0,0.0,0.0,0.0,0.0,0.0,0.0,0.0,0.0,0.0,0.0,0.0,0.0,0.0,0.0,0.0,0.0,0.0,0.0,0.0,0.0,0.0,0.0,0.0,0.0,0.0,0.0,0.0
774,0.0,0.0,0.0,0.0,0.0,0.0,0.0,0.0,0.0,0.0,0.0,0.0,0.0,0.0,0.0,0.0,0.0,0.0,0.0,0.0,0.0,0.0,0.0,0.0,0.0,0.0,0.0,0.0,0.0,0.0,0.0,0.0,0.0,0.0,0.0,0.0,0.0,0.0,0.0,0.0,0.0,0.0,0.0,0.0,0.0,0.0,0.0,0.0,0.0,0.0,0.0,0.0,0.0,0.0,0.0,0.0,0.0,0.0,0.0,0.0,0.0,0.0,0.0,0.0
775,0.0,0.0,0.0,0.0,0.0,0.0,0.0,0.0,0.0,0.0,0.0,0.0,0.0,0.0,0.0,0.0,0.0,0.0,0.0,0.0,0.0,0.0,0.0,0.0,0.0,0.0,0.0,0.0,0.0,0.0,0.0,0.0,0.0,0.0,0.0,0.0,0.0,0.0,0.0,0.0,0.0,0.0,0.0,0.0,0.0,0.0,0.0,0.0,0.0,0.0,0.0,0.0,0.0,0.0,0.0,0.0,0.0,0.0,0.0,0.0,0.0,0.0,0.0,0.0
776,0.0,0.0,0.0,0.0,0.0,0.0,0.0,0.0,0.0,0.0,0.0,0.0,0.0,0.0,0.0,0.0,0.0,0.0,0.0,0.0,0.0,0.0,0.0,0.0,0.0,0.0,0.0,0.0,0.0,0.0,0.0,0.0,0.0,0.0,0.0,0.0,0.0,0.0,0.0,0.0,0.0,0.0,0.0,0.0,0.0,0.0,0.0,0.0,0.0,0.0,0.0,0.0,0.0,0.0,0.0,0.0,0.0,0.0,0.0,0.0,0.0,0.0,0.0,0.0
777,0.0,0.0,0.0,0.0,0.0,0.0,0.0,0.0,0.0,0.0,0.0,0.0,0.0,0.0,0.0,0.0,0.0,0.0,0.0,0.0,0.0,0.0,0.0,0.0,0.0,0.0,0.0,0.0,0.0,0.0,0.0,0.0,0.0,0.0,0.0,0.0,0.0,0.0,0.0,0.0,0.0,0.0,0.0,0.0,0.0,0.0,0.0,0.0,0.0,0.0,0.0,0.0,0.0,0.0,0.0,0.0,0.0,0.0,0.0,0.0,0.0,0.0,0.0,0.0
778,0.0,0.0,0.0,0.0,0.0,0.0,0.0,0.0,0.0,0.0,0.0,0.0,0.0,0.0,0.0,0.0,0.0,0.0,0.0,0.0,0.0,0.0,0.0,0.0,0.0,0.0,0.0,0.0,0.0,0.0,0.0,0.0,0.0,0.0,0.0,0.0,0.0,0.0,0.0,0.0,0.0,0.0,0.0,0.0,0.0,0.0,0.0,0.0,0.0,0.0,0.0,0.0,0.0,0.0,0.0,0.0,0.0,0.0,0.0,0.0,0.0,0.0,0.0,0.0
779,0.0,0.0,0.0,0.0,0.0,0.0,0.0,0.0,0.0,0.0,0.0,0.0,0.0,0.0,0.0,0.0,0.0,0.0,0.0,0.0,0.0,0.0,0.0,0.0,0.0,0.0,0.0,0.0,0.0,0.0,0.0,0.0,0.0,0.0,0.0,0.0,0.0,0.0,0.0,0.0,0.0,0.0,0.0,0.0,0.0,0.0,0.0,0.0,0.0,0.0,0.0,0.0,0.0,0.0,0.0,0.0,0.0,0.0,0.0,0.0,0.0,0.0,0.0,0.0
780,0.0,0.54,0.54,0.0,0.0,0.56,0.0,0.0,0.56,0.58,0.55,0.58,0.55,0.58,0.58,0.58,0.56,0.62,0.62,0.58,0.6,0.58,0.61,0.56,0.02,0.54,0.0,0.0,0.53,0.54,0.54,0.0,0.0,0.0,0.0,0.55,0.54,0.56,0.55,0.56,0.55,0.55,0.55,0.56,0.56,0.55,0.56,0.0,0.0,0.57,0.52,0.53,0.52,0.5,0.52,0.48,0.0,0.51,0.52,0.5,0.52,0.52,0.54,0.52
781,0.0,0.78,0.79,0.0,0.0,0.78,0.0,0.0,0.78,0.77,0.78,0.8,0.79,0.79,0.79,0.79,0.79,0.81,0.81,0.79,0.78,0.79,0.8,0.78,0.09,0.79,0.0,0.0,0.78,0.78,0.78,0.0,0.0,0.0,0.0,0.79,0.76,0.79,0.8,0.79,0.78,0.79,0.79,0.78,0.78,0.8,0.78,0.0,0.0,0.79,0.78,0.79,0.77,0.76,0.75,0.74,0.0,0.77,0.78,0.76,0.78,0.78,0.8,0.78
782,0.0,0.89,0.9,0.0,0.0,0.89,0.0,0.0,0.88,0.85,0.88,0.9,0.88,0.89,0.89,0.89,0.89,0.9,0.9,0.89,0.86,0.89,0.89,0.89,0.13,0.9,0.0,0.0,0.9,0.89,0.89,0.0,0.0,0.0,0.0,0.9,0.87,0.89,0.9,0.9,0.88,0.9,0.9,0.89,0.89,0.91,0.89,0.0,0.0,0.89,0.89,0.89,0.88,0.87,0.84,0.86,0.0,0.87,0.89,0.86,0.88,0.88,0.9,0.88
783,0.0,0.91,0.91,0.0,0.0,0.91,0.0,0.0,0.91,0.89,0.91,0.91,0.91,0.91,0.91,0.91,0.91,0.91,0.91,0.91,0.89,0.91,0.91,0.91,0.13,0.91,0.0,0.0,0.91,0.91,0.91,0.0,0.0,0.0,0.0,0.91,0.91,0.91,0.91,0.91,0.91,0.91,0.91,0.91,0.91,0.91,0.91,0.0,0.0,0.91,0.91,0.91,0.91,0.91,0.91,0.9,0.0,0.91,0.91,0.9,0.91,0.91,0.91,0.91
784,0.0,0.91,0.91,0.0,0.0,0.91,0.0,0.0,0.91,0.9,0.91,0.91,0.91,0.91,0.91,0.91,0.91,0.91,0.91,0.91,0.9,0.91,0.91,0.91,0.14,0.91,0.0,0.0,0.91,0.91,0.91,0.0,0.0,0.0,0.0,0.91,0.91,0.91,0.91,0.91,0.91,0.91,0.91,0.91,0.91,0.91,0.91,0.0,0.0,0.91,0.91,0.91,0.91,0.91,0.91,0.9,0.0,0.91,0.91,0.91,0.91,0.91,0.91,0.91
785,0.0,0.91,0.91,0.0,0.0,0.91,0.0,0.0,0.91,0.89,0.9,0.91,0.91,0.91,0.91,0.91,0.91,0.91,0.91,0.91,0.9,0.91,0.91,0.91,0.23,0.91,0.0,0.0,0.91,0.91,0.91,0.0,0.0,0.0,0.0,0.91,0.9,0.91,0.91,0.91,0.91,0.91,0.91,0.91,0.91,0.91,0.91,0.0,0.0,0.91,0.91,0.91,0.91,0.91,0.91,0.89,0.0,0.91,0.91,0.91,0.91,0.91,0.91,0.91
786,0.0,0.88,0.9,0.0,0.0,0.88,0.0,0.0,0.86,0.83,0.85,0.88,0.86,0.86,0.86,0.86,0.88,0.86,0.87,0.86,0.84,0.86,0.86,0.86,0.48,0.9,0.0,0.0,0.88,0.88,0.88,0.0,0.0,0.0,0.0,0.88,0.86,0.89,0.89,0.9,0.89,0.89,0.89,0.86,0.86,0.9,0.88,0.0,0.0,0.88,0.89,0.88,0.88,0.88,0.87,0.83,0.0,0.88,0.88,0.87,0.88,0.89,0.9,0.88
787,0.0,0.83,0.84,0.0,0.0,0.81,0.0,0.0,0.78,0.75,0.78,0.81,0.76,0.78,0.78,0.78,0.81,0.77,0.78,0.79,0.76,0.78,0.76,0.79,0.52,0.84,0.0,0.0,0.82,0.83,0.83,0.0,0.0,0.0,0.0,0.82,0.8,0.82,0.83,0.82,0.82,0.83,0.82,0.78,0.78,0.83,0.82,0.0,0.0,0.82,0.82,0.82,0.81,0.81,0.8,0.77,0.0,0.81,0.82,0.8,0.81,0.82,0.84,0.81
788,0.0,0.66,0.67,0.0,0.0,0.64,0.0,0.0,0.57,0.54,0.58,0.59,0.52,0.56,0.56,0.56,0.6,0.53,0.54,0.57,0.55,0.56,0.52,0.59,0.62,0.67,0.0,0.0,0.64,0.66,0.65,0.0,0.0,0.0,0.0,0.64,0.61,0.61,0.64,0.61,0.62,0.64,0.63,0.6,0.59,0.64,0.63,0.0,0.0,0.63,0.64,0.64,0.62,0.62,0.61,0.59,0.0,0.62,0.63,0.61,0.63,0.63,0.66,0.63
789,0.0,0.0,0.0,0.0,0.0,0.0,0.0,0.0,0.0,0.0,0.0,0.0,0.0,0.0,0.0,0.0,0.0,0.0,0.0,0.0,0.0,0.0,0.0,0.0,0.0,0.0,0.0,0.0,0.0,0.0,0.0,0.0,0.0,0.0,0.0,0.0,0.0,0.0,0.0,0.0,0.0,0.0,0.0,0.0,0.0,0.0,0.0,0.0,0.0,0.0,0.0,0.0,0.0,0.0,0.0,0.0,0.0,0.0,0.0,0.0,0.0,0.0,0.0,0.0
790,0.0,0.0,0.0,0.0,0.0,0.0,0.0,0.0,0.0,0.0,0.0,0.0,0.0,0.0,0.0,0.0,0.0,0.0,0.0,0.0,0.0,0.0,0.0,0.0,0.0,0.0,0.0,0.0,0.0,0.0,0.0,0.0,0.0,0.0,0.0,0.0,0.0,0.0,0.0,0.0,0.0,0.0,0.0,0.0,0.0,0.0,0.0,0.0,0.0,0.0,0.0,0.0,0.0,0.0,0.0,0.0,0.0,0.0,0.0,0.0,0.0,0.0,0.0,0.0
791,0.0,0.0,0.0,0.0,0.0,0.0,0.0,0.0,0.0,0.0,0.0,0.0,0.0,0.0,0.0,0.0,0.0,0.0,0.0,0.0,0.0,0.0,0.0,0.0,0.0,0.0,0.0,0.0,0.0,0.0,0.0,0.0,0.0,0.0,0.0,0.0,0.0,0.0,0.0,0.0,0.0,0.0,0.0,0.0,0.0,0.0,0.0,0.0,0.0,0.0,0.0,0.0,0.0,0.0,0.0,0.0,0.0,0.0,0.0,0.0,0.0,0.0,0.0,0.0
792,0.0,0.0,0.0,0.0,0.0,0.0,0.0,0.0,0.0,0.0,0.0,0.0,0.0,0.0,0.0,0.0,0.0,0.0,0.0,0.0,0.0,0.0,0.0,0.0,0.0,0.0,0.0,0.0,0.0,0.0,0.0,0.0,0.0,0.0,0.0,0.0,0.0,0.0,0.0,0.0,0.0,0.0,0.0,0.0,0.0,0.0,0.0,0.0,0.0,0.0,0.0,0.0,0.0,0.0,0.0,0.0,0.0,0.0,0.0,0.0,0.0,0.0,0.0,0.0
793,0.0,0.0,0.0,0.0,0.0,0.0,0.0,0.0,0.0,0.0,0.0,0.0,0.0,0.0,0.0,0.0,0.0,0.0,0.0,0.0,0.0,0.0,0.0,0.0,0.0,0.0,0.0,0.0,0.0,0.0,0.0,0.0,0.0,0.0,0.0,0.0,0.0,0.0,0.0,0.0,0.0,0.0,0.0,0.0,0.0,0.0,0.0,0.0,0.0,0.0,0.0,0.0,0.0,0.0,0.0,0.0,0.0,0.0,0.0,0.0,0.0,0.0,0.0,0.0
794,0.0,0.0,0.0,0.0,0.0,0.0,0.0,0.0,0.0,0.0,0.0,0.0,0.0,0.0,0.0,0.0,0.0,0.0,0.0,0.0,0.0,0.0,0.0,0.0,0.0,0.0,0.0,0.0,0.0,0.0,0.0,0.0,0.0,0.0,0.0,0.0,0.0,0.0,0.0,0.0,0.0,0.0,0.0,0.0,0.0,0.0,0.0,0.0,0.0,0.0,0.0,0.0,0.0,0.0,0.0,0.0,0.0,0.0,0.0,0.0,0.0,0.0,0.0,0.0
795,0.0,0.0,0.0,0.0,0.0,0.0,0.0,0.0,0.0,0.0,0.0,0.0,0.0,0.0,0.0,0.0,0.0,0.0,0.0,0.0,0.0,0.0,0.0,0.0,0.0,0.0,0.0,0.0,0.0,0.0,0.0,0.0,0.0,0.0,0.0,0.0,0.0,0.0,0.0,0.0,0.0,0.0,0.0,0.0,0.0,0.0,0.0,0.0,0.0,0.0,0.0,0.0,0.0,0.0,0.0,0.0,0.0,0.0,0.0,0.0,0.0,0.0,0.0,0.0
796,0.0,0.0,0.0,0.0,0.0,0.0,0.0,0.0,0.0,0.0,0.0,0.0,0.0,0.0,0.0,0.0,0.0,0.0,0.0,0.0,0.0,0.0,0.0,0.0,0.0,0.0,0.0,0.0,0.0,0.0,0.0,0.0,0.0,0.0,0.0,0.0,0.0,0.0,0.0,0.0,0.0,0.0,0.0,0.0,0.0,0.0,0.0,0.0,0.0,0.0,0.0,0.0,0.0,0.0,0.0,0.0,0.0,0.0,0.0,0.0,0.0,0.0,0.0,0.0
797,0.0,0.0,0.0,0.0,0.0,0.0,0.0,0.0,0.0,0.0,0.0,0.0,0.0,0.0,0.0,0.0,0.0,0.0,0.0,0.0,0.0,0.0,0.0,0.0,0.0,0.0,0.0,0.0,0.0,0.0,0.0,0.0,0.0,0.0,0.0,0.0,0.0,0.0,0.0,0.0,0.0,0.0,0.0,0.0,0.0,0.0,0.0,0.0,0.0,0.0,0.0,0.0,0.0,0.0,0.0,0.0,0.0,0.0,0.0,0.0,0.0,0.0,0.0,0.0
798,0.0,0.0,0.0,0.0,0.0,0.0,0.0,0.0,0.0,0.0,0.0,0.0,0.0,0.0,0.0,0.0,0.0,0.0,0.0,0.0,0.0,0.0,0.0,0.0,0.0,0.0,0.0,0.0,0.0,0.0,0.0,0.0,0.0,0.0,0.0,0.0,0.0,0.0,0.0,0.0,0.0,0.0,0.0,0.0,0.0,0.0,0.0,0.0,0.0,0.0,0.0,0.0,0.0,0.0,0.0,0.0,0.0,0.0,0.0,0.0,0.0,0.0,0.0,0.0
799,0.0,0.0,0.0,0.0,0.0,0.0,0.0,0.0,0.0,0.0,0.0,0.0,0.0,0.0,0.0,0.0,0.0,0.0,0.0,0.0,0.0,0.0,0.0,0.0,0.0,0.0,0.0,0.0,0.0,0.0,0.0,0.0,0.0,0.0,0.0,0.0,0.0,0.0,0.0,0.0,0.0,0.0,0.0,0.0,0.0,0.0,0.0,0.0,0.0,0.0,0.0,0.0,0.0,0.0,0.0,0.0,0.0,0.0,0.0,0.0,0.0,0.0,0.0,0.0
800,0.0,0.0,0.0,0.0,0.0,0.0,0.0,0.0,0.0,0.0,0.0,0.0,0.0,0.0,0.0,0.0,0.0,0.0,0.0,0.0,0.0,0.0,0.0,0.0,0.0,0.0,0.0,0.0,0.0,0.0,0.0,0.0,0.0,0.0,0.0,0.0,0.0,0.0,0.0,0.0,0.0,0.0,0.0,0.0,0.0,0.0,0.0,0.0,0.0,0.0,0.0,0.0,0.0,0.0,0.0,0.0,0.0,0.0,0.0,0.0,0.0,0.0,0.0,0.0
801,0.0,0.0,0.0,0.0,0.0,0.0,0.0,0.0,0.0,0.0,0.0,0.0,0.0,0.0,0.0,0.0,0.0,0.0,0.0,0.0,0.0,0.0,0.0,0.0,0.0,0.0,0.0,0.0,0.0,0.0,0.0,0.0,0.0,0.0,0.0,0.0,0.0,0.0,0.0,0.0,0.0,0.0,0.0,0.0,0.0,0.0,0.0,0.0,0.0,0.0,0.0,0.0,0.0,0.0,0.0,0.0,0.0,0.0,0.0,0.0,0.0,0.0,0.0,0.0
802,0.0,0.0,0.0,0.0,0.0,0.0,0.0,0.0,0.0,0.0,0.0,0.0,0.0,0.0,0.0,0.0,0.0,0.0,0.0,0.0,0.0,0.0,0.0,0.0,0.0,0.0,0.0,0.0,0.0,0.0,0.0,0.0,0.0,0.0,0.0,0.0,0.0,0.0,0.0,0.0,0.0,0.0,0.0,0.0,0.0,0.0,0.0,0.0,0.0,0.0,0.0,0.0,0.0,0.0,0.0,0.0,0.0,0.0,0.0,0.0,0.0,0.0,0.0,0.0
803,0.0,0.0,0.0,0.0,0.0,0.0,0.0,0.0,0.0,0.0,0.0,0.0,0.0,0.0,0.0,0.0,0.0,0.0,0.0,0.0,0.0,0.0,0.0,0.0,0.0,0.0,0.0,0.0,0.0,0.0,0.0,0.0,0.0,0.0,0.0,0.0,0.0,0.0,0.0,0.0,0.0,0.0,0.0,0.0,0.0,0.0,0.0,0.0,0.0,0.0,0.0,0.0,0.0,0.0,0.0,0.0,0.0,0.0,0.0,0.0,0.0,0.0,0.0,0.0
804,0.0,0.5,0.55,0.0,0.0,0.59,0.0,0.0,0.58,0.16,0.58,0.13,0.62,0.6,0.59,0.6,0.58,0.61,0.26,0.6,0.56,0.6,0.61,0.59,0.61,0.56,0.0,0.0,0.55,0.32,0.33,0.0,0.0,0.0,0.0,0.57,0.57,0.58,0.56,0.58,0.58,0.57,0.56,0.58,0.59,0.56,0.59,0.0,0.0,0.59,0.53,0.54,0.02,0.51,0.01,0.01,0.0,0.18,0.53,0.02,0.53,0.53,0.56,0.53
805,0.0,0.74,0.75,0.0,0.0,0.74,0.0,0.0,0.74,0.25,0.75,0.15,0.76,0.76,0.75,0.75,0.76,0.79,0.79,0.74,0.77,0.76,0.74,0.76,0.77,0.77,0.0,0.0,0.75,0.75,0.75,0.0,0.0,0.0,0.0,0.76,0.75,0.75,0.76,0.76,0.77,0.76,0.76,0.76,0.77,0.76,0.74,0.0,0.0,0.75,0.76,0.73,0.07,0.73,0.05,0.04,0.0,0.13,0.75,0.06,0.76,0.75,0.77,0.76
806,0.0,0.82,0.82,0.0,0.0,0.81,0.0,0.0,0.81,0.37,0.8,0.21,0.82,0.78,0.81,0.8,0.32,0.86,0.86,0.81,0.85,0.81,0.2,0.83,0.83,0.84,0.0,0.0,0.83,0.82,0.83,0.0,0.0,0.0,0.0,0.83,0.82,0.81,0.83,0.82,0.86,0.84,0.84,0.83,0.83,0.84,0.81,0.0,0.0,0.81,0.82,0.83,0.19,0.81,0.12,0.08,0.0,0.31,0.82,0.16,0.84,0.82,0.85,0.84
807,0.0,0.85,0.85,0.0,0.0,0.84,0.0,0.0,0.81,0.79,0.83,0.31,0.32,0.76,0.79,0.81,0.43,0.89,0.9,0.83,0.34,0.78,0.25,0.86,0.86,0.88,0.0,0.0,0.86,0.86,0.86,0.0,0.0,0.0,0.0,0.87,0.85,0.84,0.87,0.86,0.91,0.87,0.86,0.86,0.86,0.87,0.84,0.0,0.0,0.85,0.86,0.87,0.24,0.86,0.15,0.17,0.0,0.79,0.86,0.2,0.88,0.85,0.88,0.87
808,0.0,0.86,0.86,0.0,0.0,0.84,0.0,0.0,0.82,0.69,0.82,0.27,0.33,0.79,0.78,0.8,0.48,0.89,0.9,0.81,0.24,0.79,0.5,0.85,0.86,0.89,0.0,0.0,0.86,0.86,0.87,0.0,0.0,0.0,0.0,0.86,0.86,0.85,0.87,0.87,0.9,0.87,0.86,0.86,0.85,0.88,0.85,0.0,0.0,0.85,0.87,0.89,0.23,0.87,0.15,0.2,0.0,0.54,0.86,0.24,0.89,0.87,0.89,0.88
809,0.0,0.86,0.86,0.0,0.0,0.84,0.0,0.0,0.78,0.3,0.82,0.24,0.23,0.56,0.8,0.81,0.36,0.88,0.25,0.8,0.17,0.45,0.41,0.84,0.85,0.88,0.0,0.0,0.85,0.86,0.87,0.0,0.0,0.0,0.0,0.86,0.86,0.85,0.88,0.87,0.91,0.87,0.86,0.85,0.85,0.88,0.84,0.0,0.0,0.84,0.87,0.88,0.23,0.69,0.12,0.18,0.0,0.32,0.87,0.22,0.88,0.87,0.88,0.87
810,0.0,0.82,0.83,0.0,0.0,0.8,0.0,0.0,0.79,0.2,0.8,0.13,0.39,0.25,0.78,0.77,0.26,0.83,0.14,0.38,0.1,0.42,0.26,0.81,0.81,0.85,0.0,0.0,0.82,0.83,0.84,0.0,0.0,0.0,0.0,0.82,0.83,0.82,0.85,0.84,0.86,0.85,0.84,0.82,0.82,0.85,0.81,0.0,0.0,0.81,0.83,0.84,0.15,0.53,0.08,0.07,0.0,0.2,0.82,0.12,0.84,0.83,0.85,0.85
811,0.0,0.76,0.76,0.0,0.0,0.74,0.0,0.0,0.72,0.14,0.71,0.06,0.17,0.06,0.71,0.22,0.11,0.19,0.05,0.2,0.05,0.06,0.04,0.24,0.74,0.78,0.0,0.0,0.76,0.76,0.77,0.0,0.0,0.0,0.0,0.69,0.74,0.74,0.77,0.75,0.5,0.77,0.76,0.74,0.74,0.78,0.75,0.0,0.0,0.74,0.68,0.79,0.06,0.24,0.04,0.04,0.0,0.12,0.66,0.05,0.53,0.77,0.79,0.62
812,0.0,0.61,0.62,0.0,0.0,0.58,0.0,0.0,0.49,0.05,0.49,0.01,0.01,0.02,0.02,0.45,0.02,0.12,0.01,0.11,0.01,0.01,0.01,0.48,0.56,0.62,0.0,0.0,0.6,0.6,0.61,0.0,0.0,0.0,0.0,0.57,0.5,0.49,0.19,0.51,0.19,0.31,0.59,0.56,0.5,0.6,0.58,0.0,0.0,0.58,0.39,0.09,0.02,0.08,0.01,0.01,0.0,0.06,0.35,0.02,0.34,0.51,0.62,0.34
813,0.0,0.0,0.0,0.0,0.0,0.0,0.0,0.0,0.0,0.0,0.0,0.0,0.0,0.0,0.0,0.0,0.0,0.0,0.0,0.0,0.0,0.0,0.0,0.0,0.0,0.0,0.0,0.0,0.0,0.0,0.0,0.0,0.0,0.0,0.0,0.0,0.0,0.0,0.0,0.0,0.0,0.0,0.0,0.0,0.0,0.0,0.0,0.0,0.0,0.0,0.0,0.0,0.0,0.0,0.0,0.0,0.0,0.0,0.0,0.0,0.0,0.0,0.0,0.0
814,0.0,0.0,0.0,0.0,0.0,0.0,0.0,0.0,0.0,0.0,0.0,0.0,0.0,0.0,0.0,0.0,0.0,0.0,0.0,0.0,0.0,0.0,0.0,0.0,0.0,0.0,0.0,0.0,0.0,0.0,0.0,0.0,0.0,0.0,0.0,0.0,0.0,0.0,0.0,0.0,0.0,0.0,0.0,0.0,0.0,0.0,0.0,0.0,0.0,0.0,0.0,0.0,0.0,0.0,0.0,0.0,0.0,0.0,0.0,0.0,0.0,0.0,0.0,0.0
815,0.0,0.0,0.0,0.0,0.0,0.0,0.0,0.0,0.0,0.0,0.0,0.0,0.0,0.0,0.0,0.0,0.0,0.0,0.0,0.0,0.0,0.0,0.0,0.0,0.0,0.0,0.0,0.0,0.0,0.0,0.0,0.0,0.0,0.0,0.0,0.0,0.0,0.0,0.0,0.0,0.0,0.0,0.0,0.0,0.0,0.0,0.0,0.0,0.0,0.0,0.0,0.0,0.0,0.0,0.0,0.0,0.0,0.0,0.0,0.0,0.0,0.0,0.0,0.0
816,0.0,0.0,0.0,0.0,0.0,0.0,0.0,0.0,0.0,0.0,0.0,0.0,0.0,0.0,0.0,0.0,0.0,0.0,0.0,0.0,0.0,0.0,0.0,0.0,0.0,0.0,0.0,0.0,0.0,0.0,0.0,0.0,0.0,0.0,0.0,0.0,0.0,0.0,0.0,0.0,0.0,0.0,0.0,0.0,0.0,0.0,0.0,0.0,0.0,0.0,0.0,0.0,0.0,0.0,0.0,0.0,0.0,0.0,0.0,0.0,0.0,0.0,0.0,0.0
817,0.0,0.0,0.0,0.0,0.0,0.0,0.0,0.0,0.0,0.0,0.0,0.0,0.0,0.0,0.0,0.0,0.0,0.0,0.0,0.0,0.0,0.0,0.0,0.0,0.0,0.0,0.0,0.0,0.0,0.0,0.0,0.0,0.0,0.0,0.0,0.0,0.0,0.0,0.0,0.0,0.0,0.0,0.0,0.0,0.0,0.0,0.0,0.0,0.0,0.0,0.0,0.0,0.0,0.0,0.0,0.0,0.0,0.0,0.0,0.0,0.0,0.0,0.0,0.0
818,0.0,0.0,0.0,0.0,0.0,0.0,0.0,0.0,0.0,0.0,0.0,0.0,0.0,0.0,0.0,0.0,0.0,0.0,0.0,0.0,0.0,0.0,0.0,0.0,0.0,0.0,0.0,0.0,0.0,0.0,0.0,0.0,0.0,0.0,0.0,0.0,0.0,0.0,0.0,0.0,0.0,0.0,0.0,0.0,0.0,0.0,0.0,0.0,0.0,0.0,0.0,0.0,0.0,0.0,0.0,0.0,0.0,0.0,0.0,0.0,0.0,0.0,0.0,0.0
819,0.0,0.0,0.0,0.0,0.0,0.0,0.0,0.0,0.0,0.0,0.0,0.0,0.0,0.0,0.0,0.0,0.0,0.0,0.0,0.0,0.0,0.0,0.0,0.0,0.0,0.0,0.0,0.0,0.0,0.0,0.0,0.0,0.0,0.0,0.0,0.0,0.0,0.0,0.0,0.0,0.0,0.0,0.0,0.0,0.0,0.0,0.0,0.0,0.0,0.0,0.0,0.0,0.0,0.0,0.0,0.0,0.0,0.0,0.0,0.0,0.0,0.0,0.0,0.0
820,0.0,0.0,0.0,0.0,0.0,0.0,0.0,0.0,0.0,0.0,0.0,0.0,0.0,0.0,0.0,0.0,0.0,0.0,0.0,0.0,0.0,0.0,0.0,0.0,0.0,0.0,0.0,0.0,0.0,0.0,0.0,0.0,0.0,0.0,0.0,0.0,0.0,0.0,0.0,0.0,0.0,0.0,0.0,0.0,0.0,0.0,0.0,0.0,0.0,0.0,0.0,0.0,0.0,0.0,0.0,0.0,0.0,0.0,0.0,0.0,0.0,0.0,0.0,0.0
821,0.0,0.0,0.0,0.0,0.0,0.0,0.0,0.0,0.0,0.0,0.0,0.0,0.0,0.0,0.0,0.0,0.0,0.0,0.0,0.0,0.0,0.0,0.0,0.0,0.0,0.0,0.0,0.0,0.0,0.0,0.0,0.0,0.0,0.0,0.0,0.0,0.0,0.0,0.0,0.0,0.0,0.0,0.0,0.0,0.0,0.0,0.0,0.0,0.0,0.0,0.0,0.0,0.0,0.0,0.0,0.0,0.0,0.0,0.0,0.0,0.0,0.0,0.0,0.0
822,0.0,0.0,0.0,0.0,0.0,0.0,0.0,0.0,0.0,0.0,0.0,0.0,0.0,0.0,0.0,0.0,0.0,0.0,0.0,0.0,0.0,0.0,0.0,0.0,0.0,0.0,0.0,0.0,0.0,0.0,0.0,0.0,0.0,0.0,0.0,0.0,0.0,0.0,0.0,0.0,0.0,0.0,0.0,0.0,0.0,0.0,0.0,0.0,0.0,0.0,0.0,0.0,0.0,0.0,0.0,0.0,0.0,0.0,0.0,0.0,0.0,0.0,0.0,0.0
823,0.0,0.0,0.0,0.0,0.0,0.0,0.0,0.0,0.0,0.0,0.0,0.0,0.0,0.0,0.0,0.0,0.0,0.0,0.0,0.0,0.0,0.0,0.0,0.0,0.0,0.0,0.0,0.0,0.0,0.0,0.0,0.0,0.0,0.0,0.0,0.0,0.0,0.0,0.0,0.0,0.0,0.0,0.0,0.0,0.0,0.0,0.0,0.0,0.0,0.0,0.0,0.0,0.0,0.0,0.0,0.0,0.0,0.0,0.0,0.0,0.0,0.0,0.0,0.0
824,0.0,0.0,0.0,0.0,0.0,0.0,0.0,0.0,0.0,0.0,0.0,0.0,0.0,0.0,0.0,0.0,0.0,0.0,0.0,0.0,0.0,0.0,0.0,0.0,0.0,0.0,0.0,0.0,0.0,0.0,0.0,0.0,0.0,0.0,0.0,0.0,0.0,0.0,0.0,0.0,0.0,0.0,0.0,0.0,0.0,0.0,0.0,0.0,0.0,0.0,0.0,0.0,0.0,0.0,0.0,0.0,0.0,0.0,0.0,0.0,0.0,0.0,0.0,0.0
825,0.0,0.0,0.0,0.0,0.0,0.0,0.0,0.0,0.0,0.0,0.0,0.0,0.0,0.0,0.0,0.0,0.0,0.0,0.0,0.0,0.0,0.0,0.0,0.0,0.0,0.0,0.0,0.0,0.0,0.0,0.0,0.0,0.0,0.0,0.0,0.0,0.0,0.0,0.0,0.0,0.0,0.0,0.0,0.0,0.0,0.0,0.0,0.0,0.0,0.0,0.0,0.0,0.0,0.0,0.0,0.0,0.0,0.0,0.0,0.0,0.0,0.0,0.0,0.0
826,0.0,0.0,0.0,0.0,0.0,0.0,0.0,0.0,0.0,0.0,0.0,0.0,0.0,0.0,0.0,0.0,0.0,0.0,0.0,0.0,0.0,0.0,0.0,0.0,0.0,0.0,0.0,0.0,0.0,0.0,0.0,0.0,0.0,0.0,0.0,0.0,0.0,0.0,0.0,0.0,0.0,0.0,0.0,0.0,0.0,0.0,0.0,0.0,0.0,0.0,0.0,0.0,0.0,0.0,0.0,0.0,0.0,0.0,0.0,0.0,0.0,0.0,0.0,0.0
827,0.0,0.0,0.0,0.0,0.0,0.0,0.0,0.0,0.0,0.0,0.0,0.0,0.0,0.0,0.0,0.0,0.0,0.0,0.0,0.0,0.0,0.0,0.0,0.0,0.0,0.0,0.0,0.0,0.0,0.0,0.0,0.0,0.0,0.0,0.0,0.0,0.0,0.0,0.0,0.0,0.0,0.0,0.0,0.0,0.0,0.0,0.0,0.0,0.0,0.0,0.0,0.0,0.0,0.0,0.0,0.0,0.0,0.0,0.0,0.0,0.0,0.0,0.0,0.0
828,0.0,0.55,0.55,0.0,0.0,0.56,0.0,0.0,0.6,0.44,0.6,0.6,0.63,0.62,0.63,0.62,0.61,0.62,0.61,0.61,0.54,0.63,0.63,0.6,0.6,0.55,0.0,0.0,0.55,0.55,0.55,0.0,0.0,0.0,0.0,0.56,0.59,0.61,0.56,0.59,0.59,0.4,0.58,0.44,0.6,0.56,0.56,0.0,0.0,0.57,0.51,0.52,0.54,0.45,0.51,0.5,0.0,0.51,0.53,0.51,0.52,0.49,0.56,0.54
829,0.0,0.81,0.82,0.0,0.0,0.59,0.0,0.0,0.81,0.76,0.82,0.84,0.82,0.82,0.82,0.82,0.84,0.82,0.83,0.82,0.8,0.82,0.82,0.82,0.81,0.83,0.0,0.0,0.82,0.8,0.82,0.0,0.0,0.0,0.0,0.82,0.83,0.84,0.83,0.85,0.85,0.83,0.83,0.82,0.83,0.83,0.57,0.0,0.0,0.68,0.82,0.82,0.82,0.79,0.82,0.79,0.0,0.81,0.82,0.81,0.82,0.82,0.83,0.82
830,0.0,0.91,0.91,0.0,0.0,0.89,0.0,0.0,0.91,0.88,0.91,0.91,0.89,0.91,0.91,0.91,0.91,0.91,0.91,0.91,0.9,0.91,0.9,0.91,0.91,0.91,0.0,0.0,0.91,0.91,0.91,0.0,0.0,0.0,0.0,0.91,0.91,0.91,0.91,0.91,0.91,0.91,0.91,0.91,0.91,0.91,0.9,0.0,0.0,0.9,0.91,0.91,0.91,0.84,0.91,0.9,0.0,0.91,0.91,0.91,0.91,0.91,0.91,0.91
831,0.0,0.91,0.91,0.0,0.0,0.91,0.0,0.0,0.91,0.9,0.91,0.91,0.9,0.91,0.91,0.91,0.91,0.91,0.91,0.91,0.91,0.91,0.91,0.91,0.91,0.91,0.0,0.0,0.91,0.91,0.91,0.0,0.0,0.0,0.0,0.91,0.91,0.91,0.91,0.91,0.91,0.91,0.91,0.91,0.91,0.91,0.91,0.0,0.0,0.91,0.91,0.91,0.91,0.91,0.91,0.91,0.0,0.91,0.91,0.91,0.91,0.91,0.91,0.91
832,0.0,0.91,0.91,0.0,0.0,0.91,0.0,0.0,0.91,0.91,0.91,0.91,0.91,0.91,0.91,0.91,0.91,0.91,0.91,0.91,0.91,0.91,0.91,0.91,0.91,0.91,0.0,0.0,0.91,0.91,0.91,0.0,0.0,0.0,0.0,0.91,0.91,0.91,0.91,0.91,0.91,0.91,0.91,0.91,0.91,0.91,0.91,0.0,0.0,0.91,0.91,0.91,0.91,0.91,0.91,0.91,0.0,0.91,0.91,0.91,0.91,0.91,0.91,0.91
833,0.0,0.91,0.91,0.0,0.0,0.91,0.0,0.0,0.91,0.91,0.91,0.91,0.91,0.91,0.91,0.91,0.91,0.91,0.91,0.91,0.91,0.91,0.91,0.91,0.91,0.91,0.0,0.0,0.91,0.91,0.91,0.0,0.0,0.0,0.0,0.91,0.91,0.91,0.91,0.91,0.91,0.91,0.91,0.91,0.91,0.91,0.91,0.0,0.0,0.91,0.91,0.91,0.91,0.91,0.91,0.91,0.0,0.91,0.91,0.91,0.91,0.91,0.91,0.91
834,0.0,0.91,0.91,0.0,0.0,0.89,0.0,0.0,0.89,0.88,0.89,0.91,0.86,0.88,0.88,0.88,0.91,0.88,0.89,0.89,0.87,0.88,0.87,0.9,0.89,0.91,0.0,0.0,0.91,0.91,0.91,0.0,0.0,0.0,0.0,0.9,0.91,0.91,0.91,0.91,0.91,0.91,0.91,0.89,0.91,0.91,0.89,0.0,0.0,0.89,0.91,0.91,0.91,0.91,0.91,0.88,0.0,0.91,0.91,0.91,0.91,0.91,0.91,0.91
835,0.0,0.83,0.84,0.0,0.0,0.8,0.0,0.0,0.79,0.77,0.8,0.82,0.76,0.78,0.78,0.78,0.82,0.77,0.77,0.79,0.77,0.78,0.76,0.8,0.8,0.85,0.0,0.0,0.82,0.83,0.84,0.0,0.0,0.0,0.0,0.82,0.8,0.84,0.84,0.84,0.85,0.83,0.83,0.8,0.81,0.84,0.8,0.0,0.0,0.8,0.84,0.82,0.83,0.82,0.82,0.79,0.0,0.82,0.84,0.81,0.83,0.84,0.84,0.83
836,0.0,0.68,0.69,0.0,0.0,0.65,0.0,0.0,0.6,0.55,0.62,0.62,0.55,0.59,0.59,0.59,0.63,0.58,0.59,0.6,0.59,0.59,0.56,0.63,0.63,0.69,0.0,0.0,0.67,0.68,0.68,0.0,0.0,0.0,0.0,0.66,0.64,0.64,0.67,0.64,0.66,0.66,0.66,0.63,0.63,0.67,0.65,0.0,0.0,0.65,0.68,0.68,0.66,0.65,0.64,0.64,0.0,0.65,0.67,0.64,0.67,0.67,0.68,0.67
837,0.0,0.0,0.0,0.0,0.0,0.0,0.0,0.0,0.0,0.0,0.0,0.0,0.0,0.0,0.0,0.0,0.0,0.0,0.0,0.0,0.0,0.0,0.0,0.0,0.0,0.0,0.0,0.0,0.0,0.0,0.0,0.0,0.0,0.0,0.0,0.0,0.0,0.0,0.0,0.0,0.0,0.0,0.0,0.0,0.0,0.0,0.0,0.0,0.0,0.0,0.0,0.0,0.0,0.0,0.0,0.0,0.0,0.0,0.0,0.0,0.0,0.0,0.0,0.0
838,0.0,0.0,0.0,0.0,0.0,0.0,0.0,0.0,0.0,0.0,0.0,0.0,0.0,0.0,0.0,0.0,0.0,0.0,0.0,0.0,0.0,0.0,0.0,0.0,0.0,0.0,0.0,0.0,0.0,0.0,0.0,0.0,0.0,0.0,0.0,0.0,0.0,0.0,0.0,0.0,0.0,0.0,0.0,0.0,0.0,0.0,0.0,0.0,0.0,0.0,0.0,0.0,0.0,0.0,0.0,0.0,0.0,0.0,0.0,0.0,0.0,0.0,0.0,0.0
839,0.0,0.0,0.0,0.0,0.0,0.0,0.0,0.0,0.0,0.0,0.0,0.0,0.0,0.0,0.0,0.0,0.0,0.0,0.0,0.0,0.0,0.0,0.0,0.0,0.0,0.0,0.0,0.0,0.0,0.0,0.0,0.0,0.0,0.0,0.0,0.0,0.0,0.0,0.0,0.0,0.0,0.0,0.0,0.0,0.0,0.0,0.0,0.0,0.0,0.0,0.0,0.0,0.0,0.0,0.0,0.0,0.0,0.0,0.0,0.0,0.0,0.0,0.0,0.0
840,0.0,0.0,0.0,0.0,0.0,0.0,0.0,0.0,0.0,0.0,0.0,0.0,0.0,0.0,0.0,0.0,0.0,0.0,0.0,0.0,0.0,0.0,0.0,0.0,0.0,0.0,0.0,0.0,0.0,0.0,0.0,0.0,0.0,0.0,0.0,0.0,0.0,0.0,0.0,0.0,0.0,0.0,0.0,0.0,0.0,0.0,0.0,0.0,0.0,0.0,0.0,0.0,0.0,0.0,0.0,0.0,0.0,0.0,0.0,0.0,0.0,0.0,0.0,0.0
841,0.0,0.0,0.0,0.0,0.0,0.0,0.0,0.0,0.0,0.0,0.0,0.0,0.0,0.0,0.0,0.0,0.0,0.0,0.0,0.0,0.0,0.0,0.0,0.0,0.0,0.0,0.0,0.0,0.0,0.0,0.0,0.0,0.0,0.0,0.0,0.0,0.0,0.0,0.0,0.0,0.0,0.0,0.0,0.0,0.0,0.0,0.0,0.0,0.0,0.0,0.0,0.0,0.0,0.0,0.0,0.0,0.0,0.0,0.0,0.0,0.0,0.0,0.0,0.0
842,0.0,0.0,0.0,0.0,0.0,0.0,0.0,0.0,0.0,0.0,0.0,0.0,0.0,0.0,0.0,0.0,0.0,0.0,0.0,0.0,0.0,0.0,0.0,0.0,0.0,0.0,0.0,0.0,0.0,0.0,0.0,0.0,0.0,0.0,0.0,0.0,0.0,0.0,0.0,0.0,0.0,0.0,0.0,0.0,0.0,0.0,0.0,0.0,0.0,0.0,0.0,0.0,0.0,0.0,0.0,0.0,0.0,0.0,0.0,0.0,0.0,0.0,0.0,0.0
843,0.0,0.0,0.0,0.0,0.0,0.0,0.0,0.0,0.0,0.0,0.0,0.0,0.0,0.0,0.0,0.0,0.0,0.0,0.0,0.0,0.0,0.0,0.0,0.0,0.0,0.0,0.0,0.0,0.0,0.0,0.0,0.0,0.0,0.0,0.0,0.0,0.0,0.0,0.0,0.0,0.0,0.0,0.0,0.0,0.0,0.0,0.0,0.0,0.0,0.0,0.0,0.0,0.0,0.0,0.0,0.0,0.0,0.0,0.0,0.0,0.0,0.0,0.0,0.0
844,0.0,0.0,0.0,0.0,0.0,0.0,0.0,0.0,0.0,0.0,0.0,0.0,0.0,0.0,0.0,0.0,0.0,0.0,0.0,0.0,0.0,0.0,0.0,0.0,0.0,0.0,0.0,0.0,0.0,0.0,0.0,0.0,0.0,0.0,0.0,0.0,0.0,0.0,0.0,0.0,0.0,0.0,0.0,0.0,0.0,0.0,0.0,0.0,0.0,0.0,0.0,0.0,0.0,0.0,0.0,0.0,0.0,0.0,0.0,0.0,0.0,0.0,0.0,0.0
845,0.0,0.0,0.0,0.0,0.0,0.0,0.0,0.0,0.0,0.0,0.0,0.0,0.0,0.0,0.0,0.0,0.0,0.0,0.0,0.0,0.0,0.0,0.0,0.0,0.0,0.0,0.0,0.0,0.0,0.0,0.0,0.0,0.0,0.0,0.0,0.0,0.0,0.0,0.0,0.0,0.0,0.0,0.0,0.0,0.0,0.0,0.0,0.0,0.0,0.0,0.0,0.0,0.0,0.0,0.0,0.0,0.0,0.0,0.0,0.0,0.0,0.0,0.0,0.0
846,0.0,0.0,0.0,0.0,0.0,0.0,0.0,0.0,0.0,0.0,0.0,0.0,0.0,0.0,0.0,0.0,0.0,0.0,0.0,0.0,0.0,0.0,0.0,0.0,0.0,0.0,0.0,0.0,0.0,0.0,0.0,0.0,0.0,0.0,0.0,0.0,0.0,0.0,0.0,0.0,0.0,0.0,0.0,0.0,0.0,0.0,0.0,0.0,0.0,0.0,0.0,0.0,0.0,0.0,0.0,0.0,0.0,0.0,0.0,0.0,0.0,0.0,0.0,0.0
847,0.0,0.0,0.0,0.0,0.0,0.0,0.0,0.0,0.0,0.0,0.0,0.0,0.0,0.0,0.0,0.0,0.0,0.0,0.0,0.0,0.0,0.0,0.0,0.0,0.0,0.0,0.0,0.0,0.0,0.0,0.0,0.0,0.0,0.0,0.0,0.0,0.0,0.0,0.0,0.0,0.0,0.0,0.0,0.0,0.0,0.0,0.0,0.0,0.0,0.0,0.0,0.0,0.0,0.0,0.0,0.0,0.0,0.0,0.0,0.0,0.0,0.0,0.0,0.0
848,0.0,0.0,0.0,0.0,0.0,0.0,0.0,0.0,0.0,0.0,0.0,0.0,0.0,0.0,0.0,0.0,0.0,0.0,0.0,0.0,0.0,0.0,0.0,0.0,0.0,0.0,0.0,0.0,0.0,0.0,0.0,0.0,0.0,0.0,0.0,0.0,0.0,0.0,0.0,0.0,0.0,0.0,0.0,0.0,0.0,0.0,0.0,0.0,0.0,0.0,0.0,0.0,0.0,0.0,0.0,0.0,0.0,0.0,0.0,0.0,0.0,0.0,0.0,0.0
849,0.0,0.0,0.0,0.0,0.0,0.0,0.0,0.0,0.0,0.0,0.0,0.0,0.0,0.0,0.0,0.0,0.0,0.0,0.0,0.0,0.0,0.0,0.0,0.0,0.0,0.0,0.0,0.0,0.0,0.0,0.0,0.0,0.0,0.0,0.0,0.0,0.0,0.0,0.0,0.0,0.0,0.0,0.0,0.0,0.0,0.0,0.0,0.0,0.0,0.0,0.0,0.0,0.0,0.0,0.0,0.0,0.0,0.0,0.0,0.0,0.0,0.0,0.0,0.0
850,0.0,0.0,0.0,0.0,0.0,0.0,0.0,0.0,0.0,0.0,0.0,0.0,0.0,0.0,0.0,0.0,0.0,0.0,0.0,0.0,0.0,0.0,0.0,0.0,0.0,0.0,0.0,0.0,0.0,0.0,0.0,0.0,0.0,0.0,0.0,0.0,0.0,0.0,0.0,0.0,0.0,0.0,0.0,0.0,0.0,0.0,0.0,0.0,0.0,0.0,0.0,0.0,0.0,0.0,0.0,0.0,0.0,0.0,0.0,0.0,0.0,0.0,0.0,0.0
851,0.0,0.0,0.0,0.0,0.0,0.0,0.0,0.0,0.0,0.0,0.0,0.0,0.0,0.0,0.0,0.0,0.0,0.0,0.0,0.0,0.0,0.0,0.0,0.0,0.0,0.0,0.0,0.0,0.0,0.0,0.0,0.0,0.0,0.0,0.0,0.0,0.0,0.0,0.0,0.0,0.0,0.0,0.0,0.0,0.0,0.0,0.0,0.0,0.0,0.0,0.0,0.0,0.0,0.0,0.0,0.0,0.0,0.0,0.0,0.0,0.0,0.0,0.0,0.0
852,0.0,0.61,0.61,0.0,0.0,0.62,0.0,0.0,0.13,0.46,0.6,0.63,0.63,0.62,0.41,0.05,0.13,0.64,0.34,0.04,0.28,0.62,0.65,0.63,0.64,0.61,0.0,0.0,0.61,0.61,0.61,0.0,0.0,0.0,0.0,0.62,0.62,0.61,0.62,0.61,0.63,0.62,0.62,0.62,0.62,0.62,0.62,0.0,0.0,0.63,0.6,0.61,0.36,0.58,0.01,0.05,0.0,0.58,0.6,0.12,0.61,0.6,0.62,0.61
853,0.0,0.78,0.78,0.0,0.0,0.78,0.0,0.0,0.75,0.8,0.74,0.25,0.8,0.36,0.17,0.14,0.8,0.79,0.81,0.15,0.78,0.76,0.8,0.79,0.8,0.8,0.0,0.0,0.79,0.78,0.79,0.0,0.0,0.0,0.0,0.79,0.77,0.78,0.79,0.78,0.81,0.8,0.79,0.78,0.79,0.8,0.78,0.0,0.0,0.78,0.8,0.8,0.35,0.76,0.04,0.14,0.0,0.77,0.79,0.15,0.8,0.79,0.81,0.8
854,0.0,0.82,0.82,0.0,0.0,0.82,0.0,0.0,0.75,0.84,0.75,0.2,0.83,0.3,0.12,0.39,0.58,0.83,0.42,0.78,0.82,0.46,0.83,0.82,0.84,0.84,0.0,0.0,0.84,0.82,0.83,0.0,0.0,0.0,0.0,0.83,0.82,0.83,0.84,0.82,0.86,0.84,0.83,0.82,0.83,0.85,0.82,0.0,0.0,0.82,0.84,0.85,0.22,0.81,0.06,0.11,0.0,0.82,0.83,0.15,0.85,0.84,0.86,0.85
855,0.0,0.85,0.86,0.0,0.0,0.86,0.0,0.0,0.79,0.78,0.78,0.23,0.86,0.48,0.5,0.82,0.45,0.37,0.33,0.8,0.63,0.67,0.34,0.86,0.88,0.89,0.0,0.0,0.88,0.86,0.87,0.0,0.0,0.0,0.0,0.88,0.86,0.87,0.88,0.87,0.89,0.89,0.87,0.85,0.86,0.89,0.86,0.0,0.0,0.86,0.88,0.89,0.22,0.85,0.08,0.1,0.0,0.56,0.87,0.33,0.89,0.88,0.91,0.89
856,0.0,0.87,0.87,0.0,0.0,0.86,0.0,0.0,0.82,0.88,0.79,0.16,0.33,0.16,0.82,0.76,0.36,0.87,0.66,0.81,0.88,0.21,0.3,0.82,0.88,0.9,0.0,0.0,0.88,0.87,0.87,0.0,0.0,0.0,0.0,0.89,0.86,0.88,0.89,0.88,0.9,0.9,0.88,0.86,0.85,0.9,0.87,0.0,0.0,0.87,0.88,0.9,0.27,0.86,0.12,0.16,0.0,0.45,0.88,0.32,0.89,0.88,0.91,0.89
857,0.0,0.86,0.86,0.0,0.0,0.85,0.0,0.0,0.8,0.77,0.79,0.14,0.23,0.13,0.8,0.8,0.23,0.72,0.49,0.8,0.5,0.18,0.79,0.85,0.88,0.89,0.0,0.0,0.87,0.86,0.86,0.0,0.0,0.0,0.0,0.87,0.85,0.86,0.88,0.86,0.89,0.88,0.79,0.72,0.85,0.88,0.85,0.0,0.0,0.86,0.86,0.89,0.2,0.83,0.24,0.13,0.0,0.31,0.85,0.22,0.89,0.86,0.91,0.87
858,0.0,0.79,0.79,0.0,0.0,0.82,0.0,0.0,0.69,0.29,0.73,0.08,0.2,0.08,0.21,0.7,0.17,0.2,0.16,0.69,0.09,0.15,0.04,0.8,0.83,0.85,0.0,0.0,0.83,0.82,0.83,0.0,0.0,0.0,0.0,0.83,0.81,0.78,0.84,0.76,0.82,0.85,0.83,0.8,0.81,0.85,0.82,0.0,0.0,0.82,0.8,0.86,0.11,0.8,0.07,0.1,0.0,0.13,0.8,0.1,0.84,0.78,0.88,0.82
859,0.0,0.75,0.72,0.0,0.0,0.79,0.0,0.0,0.6,0.34,0.6,0.04,0.02,0.06,0.11,0.57,0.22,0.18,0.31,0.43,0.11,0.08,0.04,0.74,0.79,0.81,0.0,0.0,0.8,0.78,0.8,0.0,0.0,0.0,0.0,0.77,0.78,0.69,0.8,0.72,0.74,0.8,0.79,0.76,0.76,0.81,0.79,0.0,0.0,0.79,0.51,0.27,0.05,0.05,0.26,0.41,0.0,0.03,0.48,0.58,0.71,0.68,0.83,0.55
860,0.0,0.52,0.52,0.0,0.0,0.63,0.0,0.0,0.35,0.33,0.42,0.17,0.02,0.01,0.01,0.28,0.17,0.32,0.34,0.32,0.28,0.01,0.16,0.3,0.61,0.66,0.0,0.0,0.65,0.59,0.65,0.0,0.0,0.0,0.0,0.63,0.43,0.6,0.64,0.6,0.6,0.64,0.63,0.6,0.3,0.64,0.61,0.0,0.0,0.62,0.02,0.05,0.4,0.01,0.38,0.31,0.0,0.39,0.02,0.39,0.29,0.55,0.67,0.31
861,0.0,0.0,0.0,0.0,0.0,0.0,0.0,0.0,0.0,0.0,0.0,0.0,0.0,0.0,0.0,0.0,0.0,0.0,0.0,0.0,0.0,0.0,0.0,0.0,0.0,0.0,0.0,0.0,0.0,0.0,0.0,0.0,0.0,0.0,0.0,0.0,0.0,0.0,0.0,0.0,0.0,0.0,0.0,0.0,0.0,0.0,0.0,0.0,0.0,0.0,0.0,0.0,0.0,0.0,0.0,0.0,0.0,0.0,0.0,0.0,0.0,0.0,0.0,0.0
862,0.0,0.0,0.0,0.0,0.0,0.0,0.0,0.0,0.0,0.0,0.0,0.0,0.0,0.0,0.0,0.0,0.0,0.0,0.0,0.0,0.0,0.0,0.0,0.0,0.0,0.0,0.0,0.0,0.0,0.0,0.0,0.0,0.0,0.0,0.0,0.0,0.0,0.0,0.0,0.0,0.0,0.0,0.0,0.0,0.0,0.0,0.0,0.0,0.0,0.0,0.0,0.0,0.0,0.0,0.0,0.0,0.0,0.0,0.0,0.0,0.0,0.0,0.0,0.0
863,0.0,0.0,0.0,0.0,0.0,0.0,0.0,0.0,0.0,0.0,0.0,0.0,0.0,0.0,0.0,0.0,0.0,0.0,0.0,0.0,0.0,0.0,0.0,0.0,0.0,0.0,0.0,0.0,0.0,0.0,0.0,0.0,0.0,0.0,0.0,0.0,0.0,0.0,0.0,0.0,0.0,0.0,0.0,0.0,0.0,0.0,0.0,0.0,0.0,0.0,0.0,0.0,0.0,0.0,0.0,0.0,0.0,0.0,0.0,0.0,0.0,0.0,0.0,0.0
864,0.0,0.0,0.0,0.0,0.0,0.0,0.0,0.0,0.0,0.0,0.0,0.0,0.0,0.0,0.0,0.0,0.0,0.0,0.0,0.0,0.0,0.0,0.0,0.0,0.0,0.0,0.0,0.0,0.0,0.0,0.0,0.0,0.0,0.0,0.0,0.0,0.0,0.0,0.0,0.0,0.0,0.0,0.0,0.0,0.0,0.0,0.0,0.0,0.0,0.0,0.0,0.0,0.0,0.0,0.0,0.0,0.0,0.0,0.0,0.0,0.0,0.0,0.0,0.0
865,0.0,0.0,0.0,0.0,0.0,0.0,0.0,0.0,0.0,0.0,0.0,0.0,0.0,0.0,0.0,0.0,0.0,0.0,0.0,0.0,0.0,0.0,0.0,0.0,0.0,0.0,0.0,0.0,0.0,0.0,0.0,0.0,0.0,0.0,0.0,0.0,0.0,0.0,0.0,0.0,0.0,0.0,0.0,0.0,0.0,0.0,0.0,0.0,0.0,0.0,0.0,0.0,0.0,0.0,0.0,0.0,0.0,0.0,0.0,0.0,0.0,0.0,0.0,0.0
866,0.0,0.0,0.0,0.0,0.0,0.0,0.0,0.0,0.0,0.0,0.0,0.0,0.0,0.0,0.0,0.0,0.0,0.0,0.0,0.0,0.0,0.0,0.0,0.0,0.0,0.0,0.0,0.0,0.0,0.0,0.0,0.0,0.0,0.0,0.0,0.0,0.0,0.0,0.0,0.0,0.0,0.0,0.0,0.0,0.0,0.0,0.0,0.0,0.0,0.0,0.0,0.0,0.0,0.0,0.0,0.0,0.0,0.0,0.0,0.0,0.0,0.0,0.0,0.0
867,0.0,0.0,0.0,0.0,0.0,0.0,0.0,0.0,0.0,0.0,0.0,0.0,0.0,0.0,0.0,0.0,0.0,0.0,0.0,0.0,0.0,0.0,0.0,0.0,0.0,0.0,0.0,0.0,0.0,0.0,0.0,0.0,0.0,0.0,0.0,0.0,0.0,0.0,0.0,0.0,0.0,0.0,0.0,0.0,0.0,0.0,0.0,0.0,0.0,0.0,0.0,0.0,0.0,0.0,0.0,0.0,0.0,0.0,0.0,0.0,0.0,0.0,0.0,0.0
868,0.0,0.0,0.0,0.0,0.0,0.0,0.0,0.0,0.0,0.0,0.0,0.0,0.0,0.0,0.0,0.0,0.0,0.0,0.0,0.0,0.0,0.0,0.0,0.0,0.0,0.0,0.0,0.0,0.0,0.0,0.0,0.0,0.0,0.0,0.0,0.0,0.0,0.0,0.0,0.0,0.0,0.0,0.0,0.0,0.0,0.0,0.0,0.0,0.0,0.0,0.0,0.0,0.0,0.0,0.0,0.0,0.0,0.0,0.0,0.0,0.0,0.0,0.0,0.0
869,0.0,0.0,0.0,0.0,0.0,0.0,0.0,0.0,0.0,0.0,0.0,0.0,0.0,0.0,0.0,0.0,0.0,0.0,0.0,0.0,0.0,0.0,0.0,0.0,0.0,0.0,0.0,0.0,0.0,0.0,0.0,0.0,0.0,0.0,0.0,0.0,0.0,0.0,0.0,0.0,0.0,0.0,0.0,0.0,0.0,0.0,0.0,0.0,0.0,0.0,0.0,0.0,0.0,0.0,0.0,0.0,0.0,0.0,0.0,0.0,0.0,0.0,0.0,0.0
870,0.0,0.0,0.0,0.0,0.0,0.0,0.0,0.0,0.0,0.0,0.0,0.0,0.0,0.0,0.0,0.0,0.0,0.0,0.0,0.0,0.0,0.0,0.0,0.0,0.0,0.0,0.0,0.0,0.0,0.0,0.0,0.0,0.0,0.0,0.0,0.0,0.0,0.0,0.0,0.0,0.0,0.0,0.0,0.0,0.0,0.0,0.0,0.0,0.0,0.0,0.0,0.0,0.0,0.0,0.0,0.0,0.0,0.0,0.0,0.0,0.0,0.0,0.0,0.0
871,0.0,0.0,0.0,0.0,0.0,0.0,0.0,0.0,0.0,0.0,0.0,0.0,0.0,0.0,0.0,0.0,0.0,0.0,0.0,0.0,0.0,0.0,0.0,0.0,0.0,0.0,0.0,0.0,0.0,0.0,0.0,0.0,0.0,0.0,0.0,0.0,0.0,0.0,0.0,0.0,0.0,0.0,0.0,0.0,0.0,0.0,0.0,0.0,0.0,0.0,0.0,0.0,0.0,0.0,0.0,0.0,0.0,0.0,0.0,0.0,0.0,0.0,0.0,0.0
872,0.0,0.0,0.0,0.0,0.0,0.0,0.0,0.0,0.0,0.0,0.0,0.0,0.0,0.0,0.0,0.0,0.0,0.0,0.0,0.0,0.0,0.0,0.0,0.0,0.0,0.0,0.0,0.0,0.0,0.0,0.0,0.0,0.0,0.0,0.0,0.0,0.0,0.0,0.0,0.0,0.0,0.0,0.0,0.0,0.0,0.0,0.0,0.0,0.0,0.0,0.0,0.0,0.0,0.0,0.0,0.0,0.0,0.0,0.0,0.0,0.0,0.0,0.0,0.0
873,0.0,0.0,0.0,0.0,0.0,0.0,0.0,0.0,0.0,0.0,0.0,0.0,0.0,0.0,0.0,0.0,0.0,0.0,0.0,0.0,0.0,0.0,0.0,0.0,0.0,0.0,0.0,0.0,0.0,0.0,0.0,0.0,0.0,0.0,0.0,0.0,0.0,0.0,0.0,0.0,0.0,0.0,0.0,0.0,0.0,0.0,0.0,0.0,0.0,0.0,0.0,0.0,0.0,0.0,0.0,0.0,0.0,0.0,0.0,0.0,0.0,0.0,0.0,0.0
874,0.0,0.0,0.0,0.0,0.0,0.0,0.0,0.0,0.0,0.0,0.0,0.0,0.0,0.0,0.0,0.0,0.0,0.0,0.0,0.0,0.0,0.0,0.0,0.0,0.0,0.0,0.0,0.0,0.0,0.0,0.0,0.0,0.0,0.0,0.0,0.0,0.0,0.0,0.0,0.0,0.0,0.0,0.0,0.0,0.0,0.0,0.0,0.0,0.0,0.0,0.0,0.0,0.0,0.0,0.0,0.0,0.0,0.0,0.0,0.0,0.0,0.0,0.0,0.0
875,0.0,0.0,0.0,0.0,0.0,0.0,0.0,0.0,0.0,0.0,0.0,0.0,0.0,0.0,0.0,0.0,0.0,0.0,0.0,0.0,0.0,0.0,0.0,0.0,0.0,0.0,0.0,0.0,0.0,0.0,0.0,0.0,0.0,0.0,0.0,0.0,0.0,0.0,0.0,0.0,0.0,0.0,0.0,0.0,0.0,0.0,0.0,0.0,0.0,0.0,0.0,0.0,0.0,0.0,0.0,0.0,0.0,0.0,0.0,0.0,0.0,0.0,0.0,0.0
876,0.0,0.07,0.07,0.0,0.0,0.16,0.0,0.0,0.55,0.68,0.57,0.71,0.72,0.68,0.54,0.46,0.69,0.72,0.72,0.53,0.69,0.69,0.72,0.31,0.32,0.15,0.0,0.0,0.2,0.08,0.12,0.0,0.0,0.0,0.0,0.15,0.35,0.67,0.29,0.68,0.55,0.25,0.33,0.23,0.35,0.32,0.14,0.0,0.0,0.16,0.66,0.35,0.66,0.64,0.66,0.62,0.0,0.65,0.66,0.65,0.65,0.66,0.29,0.66
877,0.0,0.22,0.22,0.0,0.0,0.34,0.0,0.0,0.76,0.88,0.76,0.91,0.9,0.86,0.74,0.67,0.88,0.91,0.91,0.75,0.89,0.86,0.9,0.49,0.51,0.28,0.0,0.0,0.38,0.23,0.27,0.0,0.0,0.0,0.0,0.33,0.6,0.86,0.52,0.88,0.81,0.49,0.58,0.39,0.57,0.57,0.33,0.0,0.0,0.36,0.9,0.87,0.89,0.88,0.87,0.86,0.0,0.88,0.89,0.88,0.89,0.9,0.54,0.88
878,0.0,0.37,0.36,0.0,0.0,0.46,0.0,0.0,0.91,0.91,0.91,0.91,0.91,0.91,0.85,0.79,0.91,0.91,0.91,0.88,0.91,0.91,0.91,0.71,0.65,0.7,0.0,0.0,0.91,0.37,0.49,0.0,0.0,0.0,0.0,0.47,0.91,0.91,0.91,0.91,0.89,0.83,0.91,0.62,0.79,0.91,0.44,0.0,0.0,0.46,0.91,0.91,0.91,0.91,0.91,0.91,0.0,0.91,0.91,0.91,0.91,0.91,0.91,0.91
879,0.0,0.7,0.67,0.0,0.0,0.5,0.0,0.0,0.91,0.91,0.91,0.91,0.91,0.91,0.91,0.91,0.91,0.91,0.91,0.91,0.91,0.91,0.91,0.91,0.6,0.91,0.0,0.0,0.91,0.81,0.91,0.0,0.0,0.0,0.0,0.9,0.91,0.91,0.91,0.91,0.87,0.91,0.91,0.91,0.91,0.91,0.5,0.0,0.0,0.5,0.91,0.91,0.91,0.91,0.91,0.91,0.0,0.91,0.91,0.91,0.91,0.91,0.91,0.91
880,0.0,0.91,0.91,0.0,0.0,0.57,0.0,0.0,0.91,0.91,0.91,0.91,0.91,0.91,0.91,0.91,0.91,0.91,0.91,0.91,0.91,0.91,0.91,0.91,0.6,0.91,0.0,0.0,0.91,0.91,0.91,0.0,0.0,0.0,0.0,0.91,0.91,0.91,0.91,0.91,0.91,0.91,0.91,0.91,0.91,0.91,0.57,0.0,0.0,0.61,0.91,0.91,0.91,0.91,0.91,0.91,0.0,0.91,0.91,0.91,0.91,0.91,0.91,0.91
881,0.0,0.91,0.91,0.0,0.0,0.65,0.0,0.0,0.91,0.91,0.91,0.91,0.91,0.91,0.91,0.91,0.91,0.91,0.91,0.91,0.91,0.91,0.91,0.91,0.59,0.91,0.0,0.0,0.91,0.91,0.91,0.0,0.0,0.0,0.0,0.91,0.91,0.91,0.91,0.91,0.91,0.91,0.91,0.91,0.91,0.91,0.74,0.0,0.0,0.66,0.91,0.91,0.91,0.91,0.91,0.91,0.0,0.91,0.91,0.91,0.91,0.91,0.91,0.91
882,0.0,0.91,0.91,0.0,0.0,0.81,0.0,0.0,0.91,0.91,0.89,0.91,0.91,0.91,0.91,0.91,0.91,0.91,0.91,0.91,0.91,0.91,0.91,0.9,0.3,0.91,0.0,0.0,0.91,0.91,0.91,0.0,0.0,0.0,0.0,0.91,0.9,0.91,0.91,0.91,0.91,0.91,0.91,0.91,0.91,0.91,0.87,0.0,0.0,0.84,0.91,0.91,0.91,0.91,0.91,0.91,0.0,0.91,0.91,0.91,0.91,0.91,0.91,0.91
883,0.0,0.87,0.87,0.0,0.0,0.84,0.0,0.0,0.83,0.82,0.81,0.86,0.82,0.83,0.83,0.84,0.83,0.83,0.84,0.83,0.83,0.83,0.81,0.84,0.22,0.88,0.0,0.0,0.87,0.88,0.88,0.0,0.0,0.0,0.0,0.85,0.82,0.85,0.87,0.86,0.85,0.86,0.86,0.84,0.81,0.87,0.86,0.0,0.0,0.86,0.88,0.86,0.87,0.88,0.86,0.86,0.0,0.87,0.87,0.86,0.87,0.89,0.87,0.87
884,0.0,0.7,0.7,0.0,0.0,0.68,0.0,0.0,0.62,0.58,0.62,0.63,0.58,0.6,0.6,0.61,0.63,0.59,0.58,0.61,0.59,0.6,0.56,0.64,0.13,0.7,0.0,0.0,0.69,0.7,0.7,0.0,0.0,0.0,0.0,0.67,0.63,0.64,0.68,0.65,0.65,0.68,0.66,0.64,0.64,0.68,0.68,0.0,0.0,0.67,0.69,0.69,0.67,0.68,0.65,0.66,0.0,0.67,0.68,0.65,0.69,0.69,0.7,0.68
885,0.0,0.01,0.02,0.0,0.0,0.01,0.0,0.0,0.0,0.0,0.0,0.0,0.0,0.0,0.0,0.0,0.0,0.0,0.0,0.0,0.0,0.0,0.0,0.0,0.0,0.01,0.0,0.0,0.01,0.01,0.01,0.0,0.0,0.0,0.0,0.01,0.0,0.0,0.0,0.0,0.0,0.0,0.0,0.0,0.0,0.0,0.01,0.0,0.0,0.01,0.01,0.01,0.0,0.0,0.0,0.0,0.0,0.0,0.0,0.0,0.01,0.0,0.01,0.01
886,0.0,0.0,0.0,0.0,0.0,0.0,0.0,0.0,0.0,0.0,0.0,0.0,0.0,0.0,0.0,0.0,0.0,0.0,0.0,0.0,0.0,0.0,0.0,0.0,0.0,0.0,0.0,0.0,0.0,0.0,0.0,0.0,0.0,0.0,0.0,0.0,0.0,0.0,0.0,0.0,0.0,0.0,0.0,0.0,0.0,0.0,0.0,0.0,0.0,0.0,0.0,0.0,0.0,0.0,0.0,0.0,0.0,0.0,0.0,0.0,0.0,0.0,0.0,0.0
887,0.0,0.0,0.0,0.0,0.0,0.0,0.0,0.0,0.0,0.0,0.0,0.0,0.0,0.0,0.0,0.0,0.0,0.0,0.0,0.0,0.0,0.0,0.0,0.0,0.0,0.0,0.0,0.0,0.0,0.0,0.0,0.0,0.0,0.0,0.0,0.0,0.0,0.0,0.0,0.0,0.0,0.0,0.0,0.0,0.0,0.0,0.0,0.0,0.0,0.0,0.0,0.0,0.0,0.0,0.0,0.0,0.0,0.0,0.0,0.0,0.0,0.0,0.0,0.0
888,0.0,0.0,0.0,0.0,0.0,0.0,0.0,0.0,0.0,0.0,0.0,0.0,0.0,0.0,0.0,0.0,0.0,0.0,0.0,0.0,0.0,0.0,0.0,0.0,0.0,0.0,0.0,0.0,0.0,0.0,0.0,0.0,0.0,0.0,0.0,0.0,0.0,0.0,0.0,0.0,0.0,0.0,0.0,0.0,0.0,0.0,0.0,0.0,0.0,0.0,0.0,0.0,0.0,0.0,0.0,0.0,0.0,0.0,0.0,0.0,0.0,0.0,0.0,0.0
889,0.0,0.0,0.0,0.0,0.0,0.0,0.0,0.0,0.0,0.0,0.0,0.0,0.0,0.0,0.0,0.0,0.0,0.0,0.0,0.0,0.0,0.0,0.0,0.0,0.0,0.0,0.0,0.0,0.0,0.0,0.0,0.0,0.0,0.0,0.0,0.0,0.0,0.0,0.0,0.0,0.0,0.0,0.0,0.0,0.0,0.0,0.0,0.0,0.0,0.0,0.0,0.0,0.0,0.0,0.0,0.0,0.0,0.0,0.0,0.0,0.0,0.0,0.0,0.0
890,0.0,0.0,0.0,0.0,0.0,0.0,0.0,0.0,0.0,0.0,0.0,0.0,0.0,0.0,0.0,0.0,0.0,0.0,0.0,0.0,0.0,0.0,0.0,0.0,0.0,0.0,0.0,0.0,0.0,0.0,0.0,0.0,0.0,0.0,0.0,0.0,0.0,0.0,0.0,0.0,0.0,0.0,0.0,0.0,0.0,0.0,0.0,0.0,0.0,0.0,0.0,0.0,0.0,0.0,0.0,0.0,0.0,0.0,0.0,0.0,0.0,0.0,0.0,0.0
891,0.0,0.0,0.0,0.0,0.0,0.0,0.0,0.0,0.0,0.0,0.0,0.0,0.0,0.0,0.0,0.0,0.0,0.0,0.0,0.0,0.0,0.0,0.0,0.0,0.0,0.0,0.0,0.0,0.0,0.0,0.0,0.0,0.0,0.0,0.0,0.0,0.0,0.0,0.0,0.0,0.0,0.0,0.0,0.0,0.0,0.0,0.0,0.0,0.0,0.0,0.0,0.0,0.0,0.0,0.0,0.0,0.0,0.0,0.0,0.0,0.0,0.0,0.0,0.0
892,0.0,0.0,0.0,0.0,0.0,0.0,0.0,0.0,0.0,0.0,0.0,0.0,0.0,0.0,0.0,0.0,0.0,0.0,0.0,0.0,0.0,0.0,0.0,0.0,0.0,0.0,0.0,0.0,0.0,0.0,0.0,0.0,0.0,0.0,0.0,0.0,0.0,0.0,0.0,0.0,0.0,0.0,0.0,0.0,0.0,0.0,0.0,0.0,0.0,0.0,0.0,0.0,0.0,0.0,0.0,0.0,0.0,0.0,0.0,0.0,0.0,0.0,0.0,0.0
893,0.0,0.0,0.0,0.0,0.0,0.0,0.0,0.0,0.0,0.0,0.0,0.0,0.0,0.0,0.0,0.0,0.0,0.0,0.0,0.0,0.0,0.0,0.0,0.0,0.0,0.0,0.0,0.0,0.0,0.0,0.0,0.0,0.0,0.0,0.0,0.0,0.0,0.0,0.0,0.0,0.0,0.0,0.0,0.0,0.0,0.0,0.0,0.0,0.0,0.0,0.0,0.0,0.0,0.0,0.0,0.0,0.0,0.0,0.0,0.0,0.0,0.0,0.0,0.0
894,0.0,0.0,0.0,0.0,0.0,0.0,0.0,0.0,0.0,0.0,0.0,0.0,0.0,0.0,0.0,0.0,0.0,0.0,0.0,0.0,0.0,0.0,0.0,0.0,0.0,0.0,0.0,0.0,0.0,0.0,0.0,0.0,0.0,0.0,0.0,0.0,0.0,0.0,0.0,0.0,0.0,0.0,0.0,0.0,0.0,0.0,0.0,0.0,0.0,0.0,0.0,0.0,0.0,0.0,0.0,0.0,0.0,0.0,0.0,0.0,0.0,0.0,0.0,0.0
895,0.0,0.0,0.0,0.0,0.0,0.0,0.0,0.0,0.0,0.0,0.0,0.0,0.0,0.0,0.0,0.0,0.0,0.0,0.0,0.0,0.0,0.0,0.0,0.0,0.0,0.0,0.0,0.0,0.0,0.0,0.0,0.0,0.0,0.0,0.0,0.0,0.0,0.0,0.0,0.0,0.0,0.0,0.0,0.0,0.0,0.0,0.0,0.0,0.0,0.0,0.0,0.0,0.0,0.0,0.0,0.0,0.0,0.0,0.0,0.0,0.0,0.0,0.0,0.0
896,0.0,0.0,0.0,0.0,0.0,0.0,0.0,0.0,0.0,0.0,0.0,0.0,0.0,0.0,0.0,0.0,0.0,0.0,0.0,0.0,0.0,0.0,0.0,0.0,0.0,0.0,0.0,0.0,0.0,0.0,0.0,0.0,0.0,0.0,0.0,0.0,0.0,0.0,0.0,0.0,0.0,0.0,0.0,0.0,0.0,0.0,0.0,0.0,0.0,0.0,0.0,0.0,0.0,0.0,0.0,0.0,0.0,0.0,0.0,0.0,0.0,0.0,0.0,0.0
897,0.0,0.0,0.0,0.0,0.0,0.0,0.0,0.0,0.0,0.0,0.0,0.0,0.0,0.0,0.0,0.0,0.0,0.0,0.0,0.0,0.0,0.0,0.0,0.0,0.0,0.0,0.0,0.0,0.0,0.0,0.0,0.0,0.0,0.0,0.0,0.0,0.0,0.0,0.0,0.0,0.0,0.0,0.0,0.0,0.0,0.0,0.0,0.0,0.0,0.0,0.0,0.0,0.0,0.0,0.0,0.0,0.0,0.0,0.0,0.0,0.0,0.0,0.0,0.0
898,0.0,0.0,0.0,0.0,0.0,0.0,0.0,0.0,0.0,0.0,0.0,0.0,0.0,0.0,0.0,0.0,0.0,0.0,0.0,0.0,0.0,0.0,0.0,0.0,0.0,0.0,0.0,0.0,0.0,0.0,0.0,0.0,0.0,0.0,0.0,0.0,0.0,0.0,0.0,0.0,0.0,0.0,0.0,0.0,0.0,0.0,0.0,0.0,0.0,0.0,0.0,0.0,0.0,0.0,0.0,0.0,0.0,0.0,0.0,0.0,0.0,0.0,0.0,0.0
899,0.0,0.0,0.0,0.0,0.0,0.0,0.0,0.0,0.0,0.0,0.0,0.0,0.01,0.0,0.0,0.0,0.0,0.0,0.0,0.0,0.0,0.0,0.01,0.0,0.0,0.0,0.0,0.0,0.0,0.0,0.0,0.0,0.0,0.0,0.0,0.0,0.0,0.0,0.0,0.0,0.0,0.0,0.0,0.0,0.0,0.0,0.0,0.0,0.0,0.0,0.0,0.0,0.0,0.0,0.0,0.0,0.0,0.0,0.0,0.0,0.0,0.0,0.0,0.0
900,0.0,0.64,0.64,0.0,0.0,0.66,0.0,0.0,0.66,0.66,0.65,0.67,0.7,0.68,0.69,0.69,0.66,0.67,0.67,0.68,0.66,0.69,0.7,0.68,0.64,0.64,0.0,0.0,0.63,0.63,0.63,0.0,0.0,0.0,0.0,0.65,0.67,0.66,0.66,0.67,0.65,0.65,0.65,0.67,0.67,0.65,0.67,0.0,0.0,0.67,0.63,0.64,0.65,0.63,0.65,0.62,0.0,0.63,0.63,0.64,0.63,0.64,0.64,0.63
901,0.0,0.76,0.77,0.0,0.0,0.79,0.0,0.0,0.79,0.81,0.77,0.82,0.8,0.81,0.82,0.81,0.81,0.78,0.81,0.81,0.81,0.81,0.81,0.81,0.75,0.79,0.0,0.0,0.76,0.76,0.77,0.0,0.0,0.0,0.0,0.8,0.8,0.82,0.8,0.81,0.79,0.8,0.78,0.81,0.8,0.81,0.79,0.0,0.0,0.8,0.78,0.78,0.82,0.76,0.82,0.71,0.0,0.78,0.79,0.79,0.78,0.79,0.8,0.77
902,0.0,0.86,0.87,0.0,0.0,0.87,0.0,0.0,0.84,0.88,0.84,0.9,0.87,0.88,0.88,0.88,0.88,0.86,0.88,0.88,0.9,0.88,0.87,0.88,0.64,0.89,0.0,0.0,0.87,0.87,0.87,0.0,0.0,0.0,0.0,0.87,0.87,0.89,0.88,0.9,0.88,0.88,0.87,0.87,0.88,0.89,0.87,0.0,0.0,0.88,0.84,0.86,0.85,0.82,0.84,0.78,0.0,0.83,0.85,0.81,0.85,0.85,0.9,0.84
903,0.0,0.9,0.9,0.0,0.0,0.89,0.0,0.0,0.87,0.86,0.88,0.86,0.88,0.89,0.9,0.89,0.88,0.91,0.91,0.87,0.87,0.89,0.88,0.88,0.89,0.9,0.0,0.0,0.9,0.9,0.9,0.0,0.0,0.0,0.0,0.9,0.88,0.89,0.91,0.89,0.89,0.9,0.9,0.89,0.88,0.89,0.89,0.0,0.0,0.9,0.88,0.88,0.89,0.87,0.88,0.82,0.0,0.88,0.88,0.86,0.88,0.87,0.91,0.87
904,0.0,0.89,0.89,0.0,0.0,0.87,0.0,0.0,0.87,0.83,0.87,0.89,0.88,0.84,0.86,0.87,0.87,0.87,0.86,0.84,0.8,0.84,0.87,0.87,0.89,0.91,0.0,0.0,0.89,0.9,0.91,0.0,0.0,0.0,0.0,0.9,0.88,0.89,0.91,0.89,0.89,0.91,0.9,0.87,0.87,0.91,0.88,0.0,0.0,0.89,0.88,0.89,0.91,0.87,0.88,0.82,0.0,0.86,0.88,0.86,0.87,0.88,0.91,0.87
905,0.0,0.88,0.89,0.0,0.0,0.85,0.0,0.0,0.86,0.76,0.87,0.82,0.81,0.81,0.81,0.83,0.85,0.79,0.78,0.82,0.77,0.82,0.81,0.86,0.87,0.91,0.0,0.0,0.91,0.89,0.91,0.0,0.0,0.0,0.0,0.9,0.88,0.89,0.9,0.89,0.88,0.9,0.88,0.88,0.87,0.9,0.85,0.0,0.0,0.86,0.87,0.9,0.86,0.86,0.82,0.78,0.0,0.85,0.86,0.83,0.86,0.87,0.91,0.86
906,0.0,0.87,0.88,0.0,0.0,0.83,0.0,0.0,0.86,0.79,0.84,0.84,0.83,0.82,0.82,0.81,0.86,0.81,0.82,0.82,0.79,0.81,0.82,0.86,0.85,0.89,0.0,0.0,0.88,0.88,0.88,0.0,0.0,0.0,0.0,0.88,0.88,0.85,0.89,0.87,0.89,0.89,0.88,0.86,0.87,0.89,0.84,0.0,0.0,0.83,0.86,0.89,0.86,0.85,0.81,0.8,0.0,0.83,0.85,0.82,0.88,0.86,0.9,0.86
907,0.0,0.81,0.82,0.0,0.0,0.78,0.0,0.0,0.77,0.64,0.78,0.8,0.71,0.74,0.74,0.74,0.76,0.77,0.8,0.76,0.63,0.74,0.71,0.8,0.77,0.82,0.0,0.0,0.82,0.82,0.82,0.0,0.0,0.0,0.0,0.81,0.8,0.79,0.82,0.8,0.82,0.82,0.81,0.8,0.8,0.82,0.78,0.0,0.0,0.77,0.78,0.82,0.74,0.73,0.72,0.69,0.0,0.78,0.78,0.67,0.82,0.76,0.83,0.8
908,0.0,0.66,0.67,0.0,0.0,0.63,0.0,0.0,0.6,0.34,0.59,0.49,0.52,0.58,0.57,0.58,0.51,0.58,0.58,0.59,0.44,0.58,0.48,0.62,0.59,0.67,0.0,0.0,0.66,0.67,0.66,0.0,0.0,0.0,0.0,0.65,0.63,0.61,0.65,0.6,0.59,0.65,0.64,0.62,0.63,0.66,0.63,0.0,0.0,0.63,0.67,0.66,0.54,0.52,0.41,0.43,0.0,0.45,0.66,0.5,0.66,0.66,0.67,0.66
909,0.0,0.0,0.0,0.0,0.0,0.0,0.0,0.0,0.0,0.0,0.0,0.0,0.0,0.0,0.0,0.0,0.0,0.0,0.0,0.0,0.0,0.0,0.0,0.0,0.0,0.0,0.0,0.0,0.0,0.0,0.0,0.0,0.0,0.0,0.0,0.0,0.0,0.0,0.0,0.0,0.0,0.0,0.0,0.0,0.0,0.0,0.0,0.0,0.0,0.0,0.0,0.0,0.0,0.0,0.0,0.0,0.0,0.0,0.0,0.0,0.0,0.0,0.0,0.0
910,0.0,0.0,0.0,0.0,0.0,0.0,0.0,0.0,0.0,0.0,0.0,0.0,0.0,0.0,0.0,0.0,0.0,0.0,0.0,0.0,0.0,0.0,0.0,0.0,0.0,0.0,0.0,0.0,0.0,0.0,0.0,0.0,0.0,0.0,0.0,0.0,0.0,0.0,0.0,0.0,0.0,0.0,0.0,0.0,0.0,0.0,0.0,0.0,0.0,0.0,0.0,0.0,0.0,0.0,0.0,0.0,0.0,0.0,0.0,0.0,0.0,0.0,0.0,0.0
911,0.0,0.0,0.0,0.0,0.0,0.0,0.0,0.0,0.0,0.0,0.0,0.0,0.0,0.0,0.0,0.0,0.0,0.0,0.0,0.0,0.0,0.0,0.0,0.0,0.0,0.0,0.0,0.0,0.0,0.0,0.0,0.0,0.0,0.0,0.0,0.0,0.0,0.0,0.0,0.0,0.0,0.0,0.0,0.0,0.0,0.0,0.0,0.0,0.0,0.0,0.0,0.0,0.0,0.0,0.0,0.0,0.0,0.0,0.0,0.0,0.0,0.0,0.0,0.0
912,0.0,0.0,0.0,0.0,0.0,0.0,0.0,0.0,0.0,0.0,0.0,0.0,0.0,0.0,0.0,0.0,0.0,0.0,0.0,0.0,0.0,0.0,0.0,0.0,0.0,0.0,0.0,0.0,0.0,0.0,0.0,0.0,0.0,0.0,0.0,0.0,0.0,0.0,0.0,0.0,0.0,0.0,0.0,0.0,0.0,0.0,0.0,0.0,0.0,0.0,0.0,0.0,0.0,0.0,0.0,0.0,0.0,0.0,0.0,0.0,0.0,0.0,0.0,0.0
913,0.0,0.0,0.0,0.0,0.0,0.0,0.0,0.0,0.0,0.0,0.0,0.0,0.0,0.0,0.0,0.0,0.0,0.0,0.0,0.0,0.0,0.0,0.0,0.0,0.0,0.0,0.0,0.0,0.0,0.0,0.0,0.0,0.0,0.0,0.0,0.0,0.0,0.0,0.0,0.0,0.0,0.0,0.0,0.0,0.0,0.0,0.0,0.0,0.0,0.0,0.0,0.0,0.0,0.0,0.0,0.0,0.0,0.0,0.0,0.0,0.0,0.0,0.0,0.0
914,0.0,0.0,0.0,0.0,0.0,0.0,0.0,0.0,0.0,0.0,0.0,0.0,0.0,0.0,0.0,0.0,0.0,0.0,0.0,0.0,0.0,0.0,0.0,0.0,0.0,0.0,0.0,0.0,0.0,0.0,0.0,0.0,0.0,0.0,0.0,0.0,0.0,0.0,0.0,0.0,0.0,0.0,0.0,0.0,0.0,0.0,0.0,0.0,0.0,0.0,0.0,0.0,0.0,0.0,0.0,0.0,0.0,0.0,0.0,0.0,0.0,0.0,0.0,0.0
915,0.0,0.0,0.0,0.0,0.0,0.0,0.0,0.0,0.0,0.0,0.0,0.0,0.0,0.0,0.0,0.0,0.0,0.0,0.0,0.0,0.0,0.0,0.0,0.0,0.0,0.0,0.0,0.0,0.0,0.0,0.0,0.0,0.0,0.0,0.0,0.0,0.0,0.0,0.0,0.0,0.0,0.0,0.0,0.0,0.0,0.0,0.0,0.0,0.0,0.0,0.0,0.0,0.0,0.0,0.0,0.0,0.0,0.0,0.0,0.0,0.0,0.0,0.0,0.0
916,0.0,0.0,0.0,0.0,0.0,0.0,0.0,0.0,0.0,0.0,0.0,0.0,0.0,0.0,0.0,0.0,0.0,0.0,0.0,0.0,0.0,0.0,0.0,0.0,0.0,0.0,0.0,0.0,0.0,0.0,0.0,0.0,0.0,0.0,0.0,0.0,0.0,0.0,0.0,0.0,0.0,0.0,0.0,0.0,0.0,0.0,0.0,0.0,0.0,0.0,0.0,0.0,0.0,0.0,0.0,0.0,0.0,0.0,0.0,0.0,0.0,0.0,0.0,0.0
917,0.0,0.0,0.0,0.0,0.0,0.0,0.0,0.0,0.0,0.0,0.0,0.0,0.0,0.0,0.0,0.0,0.0,0.0,0.0,0.0,0.0,0.0,0.0,0.0,0.0,0.0,0.0,0.0,0.0,0.0,0.0,0.0,0.0,0.0,0.0,0.0,0.0,0.0,0.0,0.0,0.0,0.0,0.0,0.0,0.0,0.0,0.0,0.0,0.0,0.0,0.0,0.0,0.0,0.0,0.0,0.0,0.0,0.0,0.0,0.0,0.0,0.0,0.0,0.0
918,0.0,0.0,0.0,0.0,0.0,0.0,0.0,0.0,0.0,0.0,0.0,0.0,0.0,0.0,0.0,0.0,0.0,0.0,0.0,0.0,0.0,0.0,0.0,0.0,0.0,0.0,0.0,0.0,0.0,0.0,0.0,0.0,0.0,0.0,0.0,0.0,0.0,0.0,0.0,0.0,0.0,0.0,0.0,0.0,0.0,0.0,0.0,0.0,0.0,0.0,0.0,0.0,0.0,0.0,0.0,0.0,0.0,0.0,0.0,0.0,0.0,0.0,0.0,0.0
919,0.0,0.0,0.0,0.0,0.0,0.0,0.0,0.0,0.0,0.0,0.0,0.0,0.0,0.0,0.0,0.0,0.0,0.0,0.0,0.0,0.0,0.0,0.0,0.0,0.0,0.0,0.0,0.0,0.0,0.0,0.0,0.0,0.0,0.0,0.0,0.0,0.0,0.0,0.0,0.0,0.0,0.0,0.0,0.0,0.0,0.0,0.0,0.0,0.0,0.0,0.0,0.0,0.0,0.0,0.0,0.0,0.0,0.0,0.0,0.0,0.0,0.0,0.0,0.0
920,0.0,0.0,0.0,0.0,0.0,0.0,0.0,0.0,0.0,0.0,0.0,0.0,0.0,0.0,0.0,0.0,0.0,0.0,0.0,0.0,0.0,0.0,0.0,0.0,0.0,0.0,0.0,0.0,0.0,0.0,0.0,0.0,0.0,0.0,0.0,0.0,0.0,0.0,0.0,0.0,0.0,0.0,0.0,0.0,0.0,0.0,0.0,0.0,0.0,0.0,0.0,0.0,0.0,0.0,0.0,0.0,0.0,0.0,0.0,0.0,0.0,0.0,0.0,0.0
921,0.0,0.0,0.0,0.0,0.0,0.0,0.0,0.0,0.0,0.0,0.0,0.0,0.0,0.0,0.0,0.0,0.0,0.0,0.0,0.0,0.0,0.0,0.0,0.0,0.0,0.0,0.0,0.0,0.0,0.0,0.0,0.0,0.0,0.0,0.0,0.0,0.0,0.0,0.0,0.0,0.0,0.0,0.0,0.0,0.0,0.0,0.0,0.0,0.0,0.0,0.0,0.0,0.0,0.0,0.0,0.0,0.0,0.0,0.0,0.0,0.0,0.0,0.0,0.0
922,0.0,0.0,0.0,0.0,0.0,0.0,0.0,0.0,0.0,0.0,0.0,0.0,0.0,0.0,0.0,0.0,0.0,0.0,0.0,0.0,0.0,0.0,0.0,0.0,0.0,0.0,0.0,0.0,0.0,0.0,0.0,0.0,0.0,0.0,0.0,0.0,0.0,0.0,0.0,0.0,0.0,0.0,0.0,0.0,0.0,0.0,0.0,0.0,0.0,0.0,0.0,0.0,0.0,0.0,0.0,0.0,0.0,0.0,0.0,0.0,0.0,0.0,0.0,0.0
923,0.0,0.0,0.0,0.0,0.0,0.0,0.0,0.0,0.0,0.0,0.0,0.0,0.0,0.0,0.0,0.0,0.0,0.0,0.0,0.0,0.0,0.0,0.0,0.0,0.0,0.0,0.0,0.0,0.0,0.0,0.0,0.0,0.0,0.0,0.0,0.0,0.0,0.0,0.0,0.0,0.0,0.0,0.0,0.0,0.0,0.0,0.0,0.0,0.0,0.0,0.0,0.0,0.0,0.0,0.0,0.0,0.0,0.0,0.0,0.0,0.0,0.0,0.0,0.0
924,0.0,0.54,0.54,0.0,0.0,0.12,0.0,0.0,0.58,0.57,0.56,0.6,0.03,0.22,0.03,0.1,0.57,0.58,0.59,0.6,0.53,0.1,0.04,0.57,0.04,0.53,0.0,0.0,0.53,0.55,0.55,0.0,0.0,0.0,0.0,0.56,0.56,0.07,0.56,0.12,0.2,0.57,0.54,0.04,0.58,0.57,0.1,0.0,0.0,0.08,0.21,0.03,0.02,0.01,0.02,0.01,0.0,0.01,0.54,0.08,0.31,0.49,0.54,0.22
925,0.0,0.74,0.74,0.0,0.0,0.49,0.0,0.0,0.75,0.76,0.75,0.78,0.1,0.76,0.76,0.76,0.75,0.77,0.78,0.76,0.71,0.77,0.27,0.76,0.08,0.49,0.0,0.0,0.26,0.74,0.75,0.0,0.0,0.0,0.0,0.74,0.76,0.33,0.76,0.38,0.25,0.76,0.76,0.75,0.76,0.76,0.27,0.0,0.0,0.73,0.2,0.17,0.08,0.19,0.06,0.27,0.0,0.1,0.44,0.15,0.22,0.3,0.42,0.44
926,0.0,0.81,0.81,0.0,0.0,0.8,0.0,0.0,0.81,0.82,0.81,0.86,0.84,0.82,0.82,0.82,0.85,0.83,0.85,0.82,0.83,0.82,0.85,0.84,0.12,0.23,0.0,0.0,0.24,0.82,0.68,0.0,0.0,0.0,0.0,0.83,0.84,0.83,0.85,0.53,0.36,0.85,0.85,0.83,0.84,0.86,0.8,0.0,0.0,0.8,0.32,0.39,0.18,0.23,0.2,0.88,0.0,0.58,0.83,0.89,0.1,0.2,0.28,0.35
927,0.0,0.86,0.87,0.0,0.0,0.84,0.0,0.0,0.84,0.86,0.83,0.51,0.88,0.85,0.85,0.84,0.91,0.89,0.9,0.84,0.7,0.86,0.87,0.42,0.84,0.37,0.0,0.0,0.71,0.65,0.38,0.0,0.0,0.0,0.0,0.62,0.88,0.54,0.9,0.57,0.91,0.89,0.88,0.88,0.42,0.9,0.84,0.0,0.0,0.84,0.44,0.79,0.91,0.91,0.6,0.91,0.0,0.91,0.49,0.91,0.22,0.52,0.7,0.34
928,0.0,0.89,0.89,0.0,0.0,0.85,0.0,0.0,0.84,0.88,0.83,0.65,0.89,0.88,0.88,0.85,0.91,0.88,0.48,0.85,0.48,0.89,0.89,0.9,0.86,0.43,0.0,0.0,0.91,0.9,0.53,0.0,0.0,0.0,0.0,0.83,0.91,0.91,0.91,0.91,0.91,0.91,0.47,0.89,0.89,0.54,0.85,0.0,0.0,0.85,0.91,0.55,0.8,0.91,0.55,0.91,0.0,0.78,0.91,0.82,0.66,0.91,0.52,0.85
929,0.0,0.56,0.78,0.0,0.0,0.84,0.0,0.0,0.25,0.75,0.89,0.62,0.36,0.89,0.5,0.14,0.87,0.89,0.61,0.16,0.51,0.89,0.54,0.74,0.84,0.39,0.0,0.0,0.7,0.6,0.52,0.0,0.0,0.0,0.0,0.5,0.91,0.91,0.79,0.91,0.91,0.47,0.34,0.71,0.58,0.37,0.84,0.0,0.0,0.84,0.91,0.88,0.8,0.76,0.59,0.91,0.0,0.68,0.91,0.82,0.91,0.91,0.68,0.91
930,0.0,0.75,0.5,0.0,0.0,0.84,0.0,0.0,0.89,0.63,0.88,0.91,0.42,0.87,0.87,0.19,0.77,0.86,0.88,0.26,0.4,0.87,0.53,0.89,0.84,0.61,0.0,0.0,0.9,0.56,0.45,0.0,0.0,0.0,0.0,0.43,0.89,0.91,0.58,0.91,0.91,0.78,0.7,0.89,0.89,0.4,0.85,0.0,0.0,0.84,0.91,0.45,0.83,0.8,0.46,0.91,0.0,0.71,0.91,0.79,0.91,0.91,0.91,0.91
931,0.0,0.84,0.85,0.0,0.0,0.79,0.0,0.0,0.81,0.8,0.83,0.86,0.28,0.8,0.8,0.8,0.85,0.8,0.53,0.81,0.69,0.8,0.47,0.83,0.78,0.86,0.0,0.0,0.84,0.85,0.85,0.0,0.0,0.0,0.0,0.84,0.84,0.86,0.53,0.86,0.87,0.45,0.84,0.83,0.84,0.61,0.79,0.0,0.0,0.79,0.88,0.38,0.87,0.86,0.47,0.86,0.0,0.66,0.87,0.66,0.87,0.8,0.86,0.87
932,0.0,0.69,0.7,0.0,0.0,0.65,0.0,0.0,0.62,0.58,0.64,0.64,0.56,0.6,0.6,0.61,0.65,0.58,0.6,0.61,0.28,0.6,0.57,0.64,0.2,0.7,0.0,0.0,0.68,0.69,0.69,0.0,0.0,0.0,0.0,0.67,0.65,0.66,0.68,0.66,0.68,0.67,0.67,0.65,0.65,0.68,0.65,0.0,0.0,0.64,0.7,0.69,0.68,0.67,0.4,0.68,0.0,0.68,0.69,0.43,0.69,0.69,0.35,0.69
933,0.0,0.0,0.0,0.0,0.0,0.0,0.0,0.0,0.0,0.0,0.0,0.0,0.0,0.0,0.0,0.0,0.0,0.0,0.0,0.0,0.0,0.0,0.0,0.0,0.0,0.0,0.0,0.0,0.0,0.0,0.0,0.0,0.0,0.0,0.0,0.0,0.0,0.0,0.0,0.0,0.0,0.0,0.0,0.0,0.0,0.0,0.0,0.0,0.0,0.0,0.0,0.0,0.0,0.0,0.0,0.0,0.0,0.0,0.0,0.0,0.0,0.0,0.0,0.0
934,0.0,0.0,0.0,0.0,0.0,0.0,0.0,0.0,0.0,0.0,0.0,0.0,0.0,0.0,0.0,0.0,0.0,0.0,0.0,0.0,0.0,0.0,0.0,0.0,0.0,0.0,0.0,0.0,0.0,0.0,0.0,0.0,0.0,0.0,0.0,0.0,0.0,0.0,0.0,0.0,0.0,0.0,0.0,0.0,0.0,0.0,0.0,0.0,0.0,0.0,0.0,0.0,0.0,0.0,0.0,0.0,0.0,0.0,0.0,0.0,0.0,0.0,0.0,0.0
935,0.0,0.0,0.0,0.0,0.0,0.0,0.0,0.0,0.0,0.0,0.0,0.0,0.0,0.0,0.0,0.0,0.0,0.0,0.0,0.0,0.0,0.0,0.0,0.0,0.0,0.0,0.0,0.0,0.0,0.0,0.0,0.0,0.0,0.0,0.0,0.0,0.0,0.0,0.0,0.0,0.0,0.0,0.0,0.0,0.0,0.0,0.0,0.0,0.0,0.0,0.0,0.0,0.0,0.0,0.0,0.0,0.0,0.0,0.0,0.0,0.0,0.0,0.0,0.0
936,0.0,0.0,0.0,0.0,0.0,0.0,0.0,0.0,0.0,0.0,0.0,0.0,0.0,0.0,0.0,0.0,0.0,0.0,0.0,0.0,0.0,0.0,0.0,0.0,0.0,0.0,0.0,0.0,0.0,0.0,0.0,0.0,0.0,0.0,0.0,0.0,0.0,0.0,0.0,0.0,0.0,0.0,0.0,0.0,0.0,0.0,0.0,0.0,0.0,0.0,0.0,0.0,0.0,0.0,0.0,0.0,0.0,0.0,0.0,0.0,0.0,0.0,0.0,0.0
937,0.0,0.0,0.0,0.0,0.0,0.0,0.0,0.0,0.0,0.0,0.0,0.0,0.0,0.0,0.0,0.0,0.0,0.0,0.0,0.0,0.0,0.0,0.0,0.0,0.0,0.0,0.0,0.0,0.0,0.0,0.0,0.0,0.0,0.0,0.0,0.0,0.0,0.0,0.0,0.0,0.0,0.0,0.0,0.0,0.0,0.0,0.0,0.0,0.0,0.0,0.0,0.0,0.0,0.0,0.0,0.0,0.0,0.0,0.0,0.0,0.0,0.0,0.0,0.0
938,0.0,0.0,0.0,0.0,0.0,0.0,0.0,0.0,0.0,0.0,0.0,0.0,0.0,0.0,0.0,0.0,0.0,0.0,0.0,0.0,0.0,0.0,0.0,0.0,0.0,0.0,0.0,0.0,0.0,0.0,0.0,0.0,0.0,0.0,0.0,0.0,0.0,0.0,0.0,0.0,0.0,0.0,0.0,0.0,0.0,0.0,0.0,0.0,0.0,0.0,0.0,0.0,0.0,0.0,0.0,0.0,0.0,0.0,0.0,0.0,0.0,0.0,0.0,0.0
939,0.0,0.0,0.0,0.0,0.0,0.0,0.0,0.0,0.0,0.0,0.0,0.0,0.0,0.0,0.0,0.0,0.0,0.0,0.0,0.0,0.0,0.0,0.0,0.0,0.0,0.0,0.0,0.0,0.0,0.0,0.0,0.0,0.0,0.0,0.0,0.0,0.0,0.0,0.0,0.0,0.0,0.0,0.0,0.0,0.0,0.0,0.0,0.0,0.0,0.0,0.0,0.0,0.0,0.0,0.0,0.0,0.0,0.0,0.0,0.0,0.0,0.0,0.0,0.0
940,0.0,0.0,0.0,0.0,0.0,0.0,0.0,0.0,0.0,0.0,0.0,0.0,0.0,0.0,0.0,0.0,0.0,0.0,0.0,0.0,0.0,0.0,0.0,0.0,0.0,0.0,0.0,0.0,0.0,0.0,0.0,0.0,0.0,0.0,0.0,0.0,0.0,0.0,0.0,0.0,0.0,0.0,0.0,0.0,0.0,0.0,0.0,0.0,0.0,0.0,0.0,0.0,0.0,0.0,0.0,0.0,0.0,0.0,0.0,0.0,0.0,0.0,0.0,0.0
941,0.0,0.0,0.0,0.0,0.0,0.0,0.0,0.0,0.0,0.0,0.0,0.0,0.0,0.0,0.0,0.0,0.0,0.0,0.0,0.0,0.0,0.0,0.0,0.0,0.0,0.0,0.0,0.0,0.0,0.0,0.0,0.0,0.0,0.0,0.0,0.0,0.0,0.0,0.0,0.0,0.0,0.0,0.0,0.0,0.0,0.0,0.0,0.0,0.0,0.0,0.0,0.0,0.0,0.0,0.0,0.0,0.0,0.0,0.0,0.0,0.0,0.0,0.0,0.0
942,0.0,0.0,0.0,0.0,0.0,0.0,0.0,0.0,0.0,0.0,0.0,0.0,0.0,0.0,0.0,0.0,0.0,0.0,0.0,0.0,0.0,0.0,0.0,0.0,0.0,0.0,0.0,0.0,0.0,0.0,0.0,0.0,0.0,0.0,0.0,0.0,0.0,0.0,0.0,0.0,0.0,0.0,0.0,0.0,0.0,0.0,0.0,0.0,0.0,0.0,0.0,0.0,0.0,0.0,0.0,0.0,0.0,0.0,0.0,0.0,0.0,0.0,0.0,0.0
943,0.0,0.0,0.0,0.0,0.0,0.0,0.0,0.0,0.0,0.0,0.0,0.0,0.0,0.0,0.0,0.0,0.0,0.0,0.0,0.0,0.0,0.0,0.0,0.0,0.0,0.0,0.0,0.0,0.0,0.0,0.0,0.0,0.0,0.0,0.0,0.0,0.0,0.0,0.0,0.0,0.0,0.0,0.0,0.0,0.0,0.0,0.0,0.0,0.0,0.0,0.0,0.0,0.0,0.0,0.0,0.0,0.0,0.0,0.0,0.0,0.0,0.0,0.0,0.0
944,0.0,0.0,0.0,0.0,0.0,0.0,0.0,0.0,0.0,0.0,0.0,0.0,0.0,0.0,0.0,0.0,0.0,0.0,0.0,0.0,0.0,0.0,0.0,0.0,0.0,0.0,0.0,0.0,0.0,0.0,0.0,0.0,0.0,0.0,0.0,0.0,0.0,0.0,0.0,0.0,0.0,0.0,0.0,0.0,0.0,0.0,0.0,0.0,0.0,0.0,0.0,0.0,0.0,0.0,0.0,0.0,0.0,0.0,0.0,0.0,0.0,0.0,0.0,0.0
945,0.0,0.0,0.0,0.0,0.0,0.0,0.0,0.0,0.0,0.0,0.0,0.0,0.0,0.0,0.0,0.0,0.0,0.0,0.0,0.0,0.0,0.0,0.0,0.0,0.0,0.0,0.0,0.0,0.0,0.0,0.0,0.0,0.0,0.0,0.0,0.0,0.0,0.0,0.0,0.0,0.0,0.0,0.0,0.0,0.0,0.0,0.0,0.0,0.0,0.0,0.0,0.0,0.0,0.0,0.0,0.0,0.0,0.0,0.0,0.0,0.0,0.0,0.0,0.0
946,0.0,0.0,0.0,0.0,0.0,0.0,0.0,0.0,0.0,0.0,0.0,0.0,0.0,0.0,0.0,0.0,0.0,0.0,0.0,0.0,0.0,0.0,0.0,0.0,0.0,0.0,0.0,0.0,0.0,0.0,0.0,0.0,0.0,0.0,0.0,0.0,0.0,0.0,0.0,0.0,0.0,0.0,0.0,0.0,0.0,0.0,0.0,0.0,0.0,0.0,0.0,0.0,0.0,0.0,0.0,0.0,0.0,0.0,0.0,0.0,0.0,0.0,0.0,0.0
947,0.0,0.0,0.0,0.0,0.0,0.0,0.0,0.0,0.0,0.0,0.0,0.0,0.03,0.0,0.01,0.0,0.0,0.0,0.0,0.0,0.0,0.01,0.01,0.0,0.01,0.0,0.0,0.0,0.0,0.0,0.0,0.0,0.0,0.0,0.0,0.0,0.0,0.0,0.0,0.0,0.0,0.0,0.0,0.0,0.0,0.0,0.0,0.0,0.0,0.0,0.0,0.0,0.0,0.0,0.0,0.0,0.0,0.0,0.0,0.0,0.0,0.0,0.0,0.0
948,0.0,0.64,0.64,0.0,0.0,0.67,0.0,0.0,0.67,0.67,0.64,0.7,0.72,0.69,0.7,0.7,0.68,0.71,0.72,0.69,0.68,0.7,0.72,0.63,0.68,0.65,0.0,0.0,0.65,0.64,0.65,0.0,0.0,0.0,0.0,0.66,0.64,0.66,0.66,0.67,0.57,0.66,0.66,0.64,0.65,0.67,0.67,0.0,0.0,0.68,0.5,0.63,0.64,0.57,0.64,0.6,0.0,0.62,0.5,0.63,0.58,0.52,0.65,0.52
949,0.0,0.75,0.75,0.0,0.0,0.79,0.0,0.0,0.76,0.8,0.74,0.83,0.84,0.82,0.83,0.82,0.83,0.84,0.84,0.82,0.81,0.82,0.85,0.74,0.79,0.77,0.0,0.0,0.77,0.75,0.76,0.0,0.0,0.0,0.0,0.78,0.76,0.75,0.79,0.78,0.62,0.79,0.78,0.73,0.74,0.8,0.79,0.0,0.0,0.79,0.63,0.75,0.71,0.72,0.79,0.75,0.0,0.71,0.64,0.78,0.75,0.7,0.78,0.68
950,0.0,0.82,0.81,0.0,0.0,0.86,0.0,0.0,0.85,0.88,0.82,0.9,0.91,0.88,0.9,0.87,0.91,0.9,0.91,0.88,0.89,0.88,0.91,0.84,0.87,0.82,0.0,0.0,0.82,0.82,0.8,0.0,0.0,0.0,0.0,0.86,0.79,0.86,0.88,0.89,0.85,0.87,0.87,0.82,0.79,0.89,0.86,0.0,0.0,0.86,0.81,0.84,0.86,0.83,0.87,0.81,0.0,0.84,0.78,0.86,0.83,0.81,0.86,0.83
951,0.0,0.84,0.82,0.0,0.0,0.88,0.0,0.0,0.88,0.91,0.87,0.91,0.91,0.91,0.91,0.91,0.91,0.91,0.91,0.91,0.91,0.91,0.91,0.88,0.9,0.84,0.0,0.0,0.83,0.84,0.82,0.0,0.0,0.0,0.0,0.86,0.86,0.88,0.89,0.91,0.91,0.89,0.9,0.86,0.86,0.9,0.88,0.0,0.0,0.88,0.87,0.86,0.89,0.87,0.9,0.82,0.0,0.88,0.86,0.87,0.86,0.87,0.86,0.86
952,0.0,0.84,0.81,0.0,0.0,0.87,0.0,0.0,0.87,0.91,0.87,0.91,0.91,0.91,0.91,0.9,0.91,0.91,0.91,0.9,0.91,0.91,0.91,0.88,0.9,0.86,0.0,0.0,0.86,0.84,0.82,0.0,0.0,0.0,0.0,0.84,0.86,0.85,0.87,0.89,0.9,0.88,0.89,0.87,0.87,0.88,0.87,0.0,0.0,0.88,0.86,0.87,0.88,0.84,0.9,0.87,0.0,0.87,0.85,0.89,0.86,0.86,0.83,0.85
953,0.0,0.83,0.81,0.0,0.0,0.85,0.0,0.0,0.8,0.91,0.82,0.9,0.91,0.88,0.88,0.87,0.91,0.91,0.91,0.86,0.91,0.89,0.91,0.86,0.9,0.85,0.0,0.0,0.85,0.82,0.81,0.0,0.0,0.0,0.0,0.84,0.86,0.84,0.84,0.84,0.87,0.84,0.88,0.86,0.86,0.86,0.85,0.0,0.0,0.86,0.86,0.86,0.85,0.82,0.89,0.87,0.0,0.83,0.84,0.86,0.86,0.84,0.84,0.84
954,0.0,0.82,0.82,0.0,0.0,0.83,0.0,0.0,0.82,0.86,0.81,0.86,0.86,0.83,0.84,0.83,0.86,0.86,0.88,0.79,0.87,0.84,0.86,0.82,0.86,0.81,0.0,0.0,0.82,0.82,0.81,0.0,0.0,0.0,0.0,0.81,0.83,0.82,0.82,0.8,0.81,0.82,0.83,0.83,0.83,0.82,0.83,0.0,0.0,0.83,0.84,0.84,0.84,0.8,0.84,0.84,0.0,0.8,0.8,0.8,0.84,0.82,0.81,0.82
955,0.0,0.78,0.78,0.0,0.0,0.77,0.0,0.0,0.75,0.78,0.76,0.77,0.78,0.75,0.76,0.76,0.76,0.77,0.8,0.72,0.79,0.76,0.78,0.76,0.79,0.76,0.0,0.0,0.78,0.78,0.77,0.0,0.0,0.0,0.0,0.74,0.77,0.78,0.75,0.75,0.77,0.74,0.77,0.77,0.77,0.76,0.76,0.0,0.0,0.77,0.77,0.77,0.76,0.75,0.76,0.76,0.0,0.76,0.76,0.76,0.78,0.77,0.77,0.76
956,0.0,0.66,0.67,0.0,0.0,0.64,0.0,0.0,0.6,0.57,0.6,0.59,0.55,0.56,0.57,0.58,0.59,0.56,0.58,0.56,0.58,0.56,0.55,0.62,0.63,0.66,0.0,0.0,0.66,0.67,0.66,0.0,0.0,0.0,0.0,0.63,0.62,0.63,0.63,0.62,0.63,0.63,0.61,0.63,0.62,0.63,0.64,0.0,0.0,0.64,0.64,0.63,0.64,0.63,0.62,0.63,0.0,0.64,0.65,0.62,0.64,0.64,0.66,0.64
957,0.0,0.02,0.03,0.0,0.0,0.0,0.0,0.0,0.0,0.0,0.0,0.0,0.0,0.0,0.0,0.0,0.0,0.0,0.0,0.0,0.0,0.0,0.0,0.0,0.0,0.01,0.0,0.0,0.01,0.01,0.01,0.0,0.0,0.0,0.0,0.0,0.0,0.0,0.0,0.0,0.0,0.0,0.0,0.0,0.0,0.0,0.0,0.0,0.0,0.0,0.0,0.01,0.0,0.0,0.0,0.0,0.0,0.0,0.0,0.0,0.0,0.0,0.01,0.0
958,0.0,0.0,0.0,0.0,0.0,0.0,0.0,0.0,0.0,0.0,0.0,0.0,0.0,0.0,0.0,0.0,0.0,0.0,0.0,0.0,0.0,0.0,0.0,0.0,0.0,0.0,0.0,0.0,0.0,0.0,0.0,0.0,0.0,0.0,0.0,0.0,0.0,0.0,0.0,0.0,0.0,0.0,0.0,0.0,0.0,0.0,0.0,0.0,0.0,0.0,0.0,0.0,0.0,0.0,0.0,0.0,0.0,0.0,0.0,0.0,0.0,0.0,0.0,0.0
959,0.0,0.0,0.0,0.0,0.0,0.0,0.0,0.0,0.0,0.0,0.0,0.0,0.0,0.0,0.0,0.0,0.0,0.0,0.0,0.0,0.0,0.0,0.0,0.0,0.0,0.0,0.0,0.0,0.0,0.0,0.0,0.0,0.0,0.0,0.0,0.0,0.0,0.0,0.0,0.0,0.0,0.0,0.0,0.0,0.0,0.0,0.0,0.0,0.0,0.0,0.0,0.0,0.0,0.0,0.0,0.0,0.0,0.0,0.0,0.0,0.0,0.0,0.0,0.0
960,0.0,0.0,0.0,0.0,0.0,0.0,0.0,0.0,0.0,0.0,0.0,0.0,0.0,0.0,0.0,0.0,0.0,0.0,0.0,0.0,0.0,0.0,0.0,0.0,0.0,0.0,0.0,0.0,0.0,0.0,0.0,0.0,0.0,0.0,0.0,0.0,0.0,0.0,0.0,0.0,0.0,0.0,0.0,0.0,0.0,0.0,0.0,0.0,0.0,0.0,0.0,0.0,0.0,0.0,0.0,0.0,0.0,0.0,0.0,0.0,0.0,0.0,0.0,0.0
961,0.0,0.0,0.0,0.0,0.0,0.0,0.0,0.0,0.0,0.0,0.0,0.0,0.0,0.0,0.0,0.0,0.0,0.0,0.0,0.0,0.0,0.0,0.0,0.0,0.0,0.0,0.0,0.0,0.0,0.0,0.0,0.0,0.0,0.0,0.0,0.0,0.0,0.0,0.0,0.0,0.0,0.0,0.0,0.0,0.0,0.0,0.0,0.0,0.0,0.0,0.0,0.0,0.0,0.0,0.0,0.0,0.0,0.0,0.0,0.0,0.0,0.0,0.0,0.0
962,0.0,0.0,0.0,0.0,0.0,0.0,0.0,0.0,0.0,0.0,0.0,0.0,0.0,0.0,0.0,0.0,0.0,0.0,0.0,0.0,0.0,0.0,0.0,0.0,0.0,0.0,0.0,0.0,0.0,0.0,0.0,0.0,0.0,0.0,0.0,0.0,0.0,0.0,0.0,0.0,0.0,0.0,0.0,0.0,0.0,0.0,0.0,0.0,0.0,0.0,0.0,0.0,0.0,0.0,0.0,0.0,0.0,0.0,0.0,0.0,0.0,0.0,0.0,0.0
963,0.0,0.0,0.0,0.0,0.0,0.0,0.0,0.0,0.0,0.0,0.0,0.0,0.0,0.0,0.0,0.0,0.0,0.0,0.0,0.0,0.0,0.0,0.0,0.0,0.0,0.0,0.0,0.0,0.0,0.0,0.0,0.0,0.0,0.0,0.0,0.0,0.0,0.0,0.0,0.0,0.0,0.0,0.0,0.0,0.0,0.0,0.0,0.0,0.0,0.0,0.0,0.0,0.0,0.0,0.0,0.0,0.0,0.0,0.0,0.0,0.0,0.0,0.0,0.0
964,0.0,0.0,0.0,0.0,0.0,0.0,0.0,0.0,0.0,0.0,0.0,0.0,0.0,0.0,0.0,0.0,0.0,0.0,0.0,0.0,0.0,0.0,0.0,0.0,0.0,0.0,0.0,0.0,0.0,0.0,0.0,0.0,0.0,0.0,0.0,0.0,0.0,0.0,0.0,0.0,0.0,0.0,0.0,0.0,0.0,0.0,0.0,0.0,0.0,0.0,0.0,0.0,0.0,0.0,0.0,0.0,0.0,0.0,0.0,0.0,0.0,0.0,0.0,0.0
965,0.0,0.0,0.0,0.0,0.0,0.0,0.0,0.0,0.0,0.0,0.0,0.0,0.0,0.0,0.0,0.0,0.0,0.0,0.0,0.0,0.0,0.0,0.0,0.0,0.0,0.0,0.0,0.0,0.0,0.0,0.0,0.0,0.0,0.0,0.0,0.0,0.0,0.0,0.0,0.0,0.0,0.0,0.0,0.0,0.0,0.0,0.0,0.0,0.0,0.0,0.0,0.0,0.0,0.0,0.0,0.0,0.0,0.0,0.0,0.0,0.0,0.0,0.0,0.0
966,0.0,0.0,0.0,0.0,0.0,0.0,0.0,0.0,0.0,0.0,0.0,0.0,0.0,0.0,0.0,0.0,0.0,0.0,0.0,0.0,0.0,0.0,0.0,0.0,0.0,0.0,0.0,0.0,0.0,0.0,0.0,0.0,0.0,0.0,0.0,0.0,0.0,0.0,0.0,0.0,0.0,0.0,0.0,0.0,0.0,0.0,0.0,0.0,0.0,0.0,0.0,0.0,0.0,0.0,0.0,0.0,0.0,0.0,0.0,0.0,0.0,0.0,0.0,0.0
967,0.0,0.0,0.0,0.0,0.0,0.0,0.0,0.0,0.0,0.0,0.0,0.0,0.0,0.0,0.0,0.0,0.0,0.0,0.0,0.0,0.0,0.0,0.0,0.0,0.0,0.0,0.0,0.0,0.0,0.0,0.0,0.0,0.0,0.0,0.0,0.0,0.0,0.0,0.0,0.0,0.0,0.0,0.0,0.0,0.0,0.0,0.0,0.0,0.0,0.0,0.0,0.0,0.0,0.0,0.0,0.0,0.0,0.0,0.0,0.0,0.0,0.0,0.0,0.0
968,0.0,0.0,0.0,0.0,0.0,0.0,0.0,0.0,0.0,0.0,0.0,0.0,0.0,0.0,0.0,0.0,0.0,0.0,0.0,0.0,0.0,0.0,0.0,0.0,0.0,0.0,0.0,0.0,0.0,0.0,0.0,0.0,0.0,0.0,0.0,0.0,0.0,0.0,0.0,0.0,0.0,0.0,0.0,0.0,0.0,0.0,0.0,0.0,0.0,0.0,0.0,0.0,0.0,0.0,0.0,0.0,0.0,0.0,0.0,0.0,0.0,0.0,0.0,0.0
969,0.0,0.0,0.0,0.0,0.0,0.0,0.0,0.0,0.0,0.0,0.0,0.0,0.0,0.0,0.0,0.0,0.0,0.0,0.0,0.0,0.0,0.0,0.0,0.0,0.0,0.0,0.0,0.0,0.0,0.0,0.0,0.0,0.0,0.0,0.0,0.0,0.0,0.0,0.0,0.0,0.0,0.0,0.0,0.0,0.0,0.0,0.0,0.0,0.0,0.0,0.0,0.0,0.0,0.0,0.0,0.0,0.0,0.0,0.0,0.0,0.0,0.0,0.0,0.0
970,0.0,0.0,0.0,0.0,0.0,0.0,0.0,0.0,0.0,0.0,0.0,0.0,0.0,0.0,0.0,0.0,0.0,0.0,0.0,0.0,0.0,0.0,0.0,0.0,0.0,0.0,0.0,0.0,0.0,0.0,0.0,0.0,0.0,0.0,0.0,0.0,0.0,0.0,0.0,0.0,0.0,0.0,0.0,0.0,0.0,0.0,0.0,0.0,0.0,0.0,0.0,0.0,0.0,0.0,0.0,0.0,0.0,0.0,0.0,0.0,0.0,0.0,0.0,0.0
971,0.0,0.0,0.0,0.0,0.0,0.0,0.0,0.0,0.0,0.0,0.0,0.0,0.0,0.0,0.0,0.0,0.0,0.0,0.0,0.0,0.0,0.0,0.0,0.0,0.0,0.0,0.0,0.0,0.0,0.0,0.0,0.0,0.0,0.0,0.0,0.0,0.0,0.0,0.0,0.0,0.0,0.0,0.0,0.0,0.0,0.0,0.0,0.0,0.0,0.0,0.0,0.0,0.0,0.0,0.0,0.0,0.0,0.0,0.0,0.0,0.0,0.0,0.0,0.0
972,0.0,0.6,0.6,0.0,0.0,0.6,0.0,0.0,0.4,0.33,0.42,0.49,0.31,0.44,0.41,0.41,0.49,0.41,0.65,0.38,0.58,0.49,0.43,0.33,0.41,0.6,0.0,0.0,0.6,0.6,0.6,0.0,0.0,0.0,0.0,0.53,0.31,0.55,0.34,0.49,0.32,0.36,0.28,0.3,0.43,0.31,0.6,0.0,0.0,0.61,0.52,0.6,0.6,0.48,0.47,0.58,0.0,0.56,0.53,0.6,0.59,0.53,0.61,0.52
973,0.0,0.76,0.76,0.0,0.0,0.72,0.0,0.0,0.71,0.64,0.77,0.76,0.73,0.64,0.6,0.6,0.76,0.38,0.68,0.56,0.77,0.64,0.56,0.72,0.63,0.77,0.0,0.0,0.76,0.77,0.76,0.0,0.0,0.0,0.0,0.77,0.77,0.79,0.78,0.79,0.78,0.79,0.78,0.67,0.76,0.79,0.72,0.0,0.0,0.7,0.79,0.77,0.79,0.79,0.8,0.76,0.0,0.78,0.78,0.79,0.78,0.79,0.78,0.78
974,0.0,0.83,0.83,0.0,0.0,0.82,0.0,0.0,0.86,0.44,0.85,0.85,0.84,0.86,0.85,0.84,0.84,0.86,0.87,0.85,0.84,0.86,0.3,0.84,0.84,0.85,0.0,0.0,0.83,0.83,0.84,0.0,0.0,0.0,0.0,0.85,0.84,0.87,0.85,0.87,0.87,0.86,0.85,0.84,0.84,0.86,0.82,0.0,0.0,0.82,0.88,0.85,0.86,0.86,0.87,0.84,0.0,0.85,0.87,0.85,0.88,0.88,0.86,0.88
975,0.0,0.84,0.84,0.0,0.0,0.83,0.0,0.0,0.86,0.39,0.86,0.86,0.86,0.87,0.87,0.86,0.84,0.87,0.88,0.86,0.86,0.87,0.88,0.86,0.85,0.86,0.0,0.0,0.85,0.85,0.86,0.0,0.0,0.0,0.0,0.86,0.86,0.87,0.87,0.87,0.88,0.87,0.87,0.85,0.86,0.87,0.83,0.0,0.0,0.83,0.88,0.87,0.86,0.86,0.87,0.42,0.0,0.85,0.87,0.85,0.88,0.87,0.87,0.88
976,0.0,0.86,0.85,0.0,0.0,0.85,0.0,0.0,0.87,0.18,0.87,0.88,0.3,0.88,0.88,0.87,0.84,0.87,0.88,0.87,0.86,0.88,0.88,0.87,0.86,0.87,0.0,0.0,0.86,0.86,0.86,0.0,0.0,0.0,0.0,0.87,0.87,0.88,0.88,0.88,0.88,0.88,0.88,0.86,0.87,0.88,0.85,0.0,0.0,0.85,0.88,0.88,0.87,0.87,0.75,0.26,0.0,0.85,0.88,0.86,0.89,0.88,0.88,0.89
977,0.0,0.85,0.85,0.0,0.0,0.84,0.0,0.0,0.86,0.31,0.86,0.87,0.2,0.48,0.43,0.49,0.82,0.57,0.35,0.86,0.31,0.86,0.87,0.86,0.86,0.86,0.0,0.0,0.86,0.85,0.85,0.0,0.0,0.0,0.0,0.86,0.86,0.86,0.87,0.85,0.87,0.87,0.86,0.86,0.86,0.88,0.85,0.0,0.0,0.85,0.88,0.88,0.71,0.86,0.32,0.12,0.0,0.25,0.87,0.23,0.89,0.88,0.88,0.88
978,0.0,0.82,0.82,0.0,0.0,0.82,0.0,0.0,0.82,0.1,0.83,0.85,0.09,0.45,0.17,0.2,0.81,0.31,0.15,0.83,0.09,0.6,0.8,0.84,0.83,0.84,0.0,0.0,0.83,0.82,0.83,0.0,0.0,0.0,0.0,0.83,0.84,0.84,0.84,0.82,0.86,0.84,0.84,0.83,0.84,0.85,0.82,0.0,0.0,0.82,0.84,0.86,0.12,0.22,0.1,0.07,0.0,0.12,0.83,0.16,0.86,0.83,0.85,0.85
979,0.0,0.77,0.78,0.0,0.0,0.77,0.0,0.0,0.75,0.47,0.76,0.07,0.74,0.75,0.56,0.72,0.05,0.05,0.06,0.73,0.11,0.75,0.14,0.77,0.78,0.79,0.0,0.0,0.78,0.78,0.78,0.0,0.0,0.0,0.0,0.78,0.78,0.25,0.79,0.07,0.79,0.79,0.79,0.77,0.78,0.8,0.77,0.0,0.0,0.77,0.8,0.81,0.06,0.22,0.04,0.04,0.0,0.12,0.79,0.16,0.81,0.8,0.8,0.8
980,0.0,0.65,0.65,0.0,0.0,0.63,0.0,0.0,0.59,0.18,0.6,0.03,0.09,0.11,0.58,0.58,0.03,0.19,0.27,0.58,0.03,0.16,0.01,0.62,0.62,0.02,0.0,0.0,0.08,0.65,0.04,0.0,0.0,0.0,0.0,0.64,0.62,0.12,0.64,0.03,0.65,0.64,0.64,0.62,0.62,0.65,0.63,0.0,0.0,0.63,0.65,0.38,0.03,0.2,0.01,0.02,0.0,0.04,0.65,0.02,0.66,0.39,0.67,0.66
981,0.0,0.01,0.02,0.0,0.0,0.0,0.0,0.0,0.0,0.0,0.0,0.0,0.0,0.0,0.0,0.0,0.0,0.0,0.0,0.0,0.0,0.0,0.0,0.0,0.0,0.0,0.0,0.0,0.0,0.01,0.0,0.0,0.0,0.0,0.0,0.0,0.0,0.0,0.0,0.0,0.0,0.0,0.0,0.0,0.0,0.0,0.0,0.0,0.0,0.0,0.0,0.0,0.0,0.0,0.0,0.0,0.0,0.0,0.0,0.0,0.0,0.0,0.0,0.0
982,0.0,0.0,0.0,0.0,0.0,0.0,0.0,0.0,0.0,0.0,0.0,0.0,0.0,0.0,0.0,0.0,0.0,0.0,0.0,0.0,0.0,0.0,0.0,0.0,0.0,0.0,0.0,0.0,0.0,0.0,0.0,0.0,0.0,0.0,0.0,0.0,0.0,0.0,0.0,0.0,0.0,0.0,0.0,0.0,0.0,0.0,0.0,0.0,0.0,0.0,0.0,0.0,0.0,0.0,0.0,0.0,0.0,0.0,0.0,0.0,0.0,0.0,0.0,0.0
983,0.0,0.0,0.0,0.0,0.0,0.0,0.0,0.0,0.0,0.0,0.0,0.0,0.0,0.0,0.0,0.0,0.0,0.0,0.0,0.0,0.0,0.0,0.0,0.0,0.0,0.0,0.0,0.0,0.0,0.0,0.0,0.0,0.0,0.0,0.0,0.0,0.0,0.0,0.0,0.0,0.0,0.0,0.0,0.0,0.0,0.0,0.0,0.0,0.0,0.0,0.0,0.0,0.0,0.0,0.0,0.0,0.0,0.0,0.0,0.0,0.0,0.0,0.0,0.0
984,0.0,0.0,0.0,0.0,0.0,0.0,0.0,0.0,0.0,0.0,0.0,0.0,0.0,0.0,0.0,0.0,0.0,0.0,0.0,0.0,0.0,0.0,0.0,0.0,0.0,0.0,0.0,0.0,0.0,0.0,0.0,0.0,0.0,0.0,0.0,0.0,0.0,0.0,0.0,0.0,0.0,0.0,0.0,0.0,0.0,0.0,0.0,0.0,0.0,0.0,0.0,0.0,0.0,0.0,0.0,0.0,0.0,0.0,0.0,0.0,0.0,0.0,0.0,0.0
985,0.0,0.0,0.0,0.0,0.0,0.0,0.0,0.0,0.0,0.0,0.0,0.0,0.0,0.0,0.0,0.0,0.0,0.0,0.0,0.0,0.0,0.0,0.0,0.0,0.0,0.0,0.0,0.0,0.0,0.0,0.0,0.0,0.0,0.0,0.0,0.0,0.0,0.0,0.0,0.0,0.0,0.0,0.0,0.0,0.0,0.0,0.0,0.0,0.0,0.0,0.0,0.0,0.0,0.0,0.0,0.0,0.0,0.0,0.0,0.0,0.0,0.0,0.0,0.0
986,0.0,0.0,0.0,0.0,0.0,0.0,0.0,0.0,0.0,0.0,0.0,0.0,0.0,0.0,0.0,0.0,0.0,0.0,0.0,0.0,0.0,0.0,0.0,0.0,0.0,0.0,0.0,0.0,0.0,0.0,0.0,0.0,0.0,0.0,0.0,0.0,0.0,0.0,0.0,0.0,0.0,0.0,0.0,0.0,0.0,0.0,0.0,0.0,0.0,0.0,0.0,0.0,0.0,0.0,0.0,0.0,0.0,0.0,0.0,0.0,0.0,0.0,0.0,0.0
987,0.0,0.0,0.0,0.0,0.0,0.0,0.0,0.0,0.0,0.0,0.0,0.0,0.0,0.0,0.0,0.0,0.0,0.0,0.0,0.0,0.0,0.0,0.0,0.0,0.0,0.0,0.0,0.0,0.0,0.0,0.0,0.0,0.0,0.0,0.0,0.0,0.0,0.0,0.0,0.0,0.0,0.0,0.0,0.0,0.0,0.0,0.0,0.0,0.0,0.0,0.0,0.0,0.0,0.0,0.0,0.0,0.0,0.0,0.0,0.0,0.0,0.0,0.0,0.0
988,0.0,0.0,0.0,0.0,0.0,0.0,0.0,0.0,0.0,0.0,0.0,0.0,0.0,0.0,0.0,0.0,0.0,0.0,0.0,0.0,0.0,0.0,0.0,0.0,0.0,0.0,0.0,0.0,0.0,0.0,0.0,0.0,0.0,0.0,0.0,0.0,0.0,0.0,0.0,0.0,0.0,0.0,0.0,0.0,0.0,0.0,0.0,0.0,0.0,0.0,0.0,0.0,0.0,0.0,0.0,0.0,0.0,0.0,0.0,0.0,0.0,0.0,0.0,0.0
989,0.0,0.0,0.0,0.0,0.0,0.0,0.0,0.0,0.0,0.0,0.0,0.0,0.0,0.0,0.0,0.0,0.0,0.0,0.0,0.0,0.0,0.0,0.0,0.0,0.0,0.0,0.0,0.0,0.0,0.0,0.0,0.0,0.0,0.0,0.0,0.0,0.0,0.0,0.0,0.0,0.0,0.0,0.0,0.0,0.0,0.0,0.0,0.0,0.0,0.0,0.0,0.0,0.0,0.0,0.0,0.0,0.0,0.0,0.0,0.0,0.0,0.0,0.0,0.0
990,0.0,0.0,0.0,0.0,0.0,0.0,0.0,0.0,0.0,0.0,0.0,0.0,0.0,0.0,0.0,0.0,0.0,0.0,0.0,0.0,0.0,0.0,0.0,0.0,0.0,0.0,0.0,0.0,0.0,0.0,0.0,0.0,0.0,0.0,0.0,0.0,0.0,0.0,0.0,0.0,0.0,0.0,0.0,0.0,0.0,0.0,0.0,0.0,0.0,0.0,0.0,0.0,0.0,0.0,0.0,0.0,0.0,0.0,0.0,0.0,0.0,0.0,0.0,0.0
991,0.0,0.0,0.0,0.0,0.0,0.0,0.0,0.0,0.0,0.0,0.0,0.0,0.0,0.0,0.0,0.0,0.0,0.0,0.0,0.0,0.0,0.0,0.0,0.0,0.0,0.0,0.0,0.0,0.0,0.0,0.0,0.0,0.0,0.0,0.0,0.0,0.0,0.0,0.0,0.0,0.0,0.0,0.0,0.0,0.0,0.0,0.0,0.0,0.0,0.0,0.0,0.0,0.0,0.0,0.0,0.0,0.0,0.0,0.0,0.0,0.0,0.0,0.0,0.0
992,0.0,0.0,0.0,0.0,0.0,0.0,0.0,0.0,0.0,0.0,0.0,0.0,0.0,0.0,0.0,0.0,0.0,0.0,0.0,0.0,0.0,0.0,0.0,0.0,0.0,0.0,0.0,0.0,0.0,0.0,0.0,0.0,0.0,0.0,0.0,0.0,0.0,0.0,0.0,0.0,0.0,0.0,0.0,0.0,0.0,0.0,0.0,0.0,0.0,0.0,0.0,0.0,0.0,0.0,0.0,0.0,0.0,0.0,0.0,0.0,0.0,0.0,0.0,0.0
993,0.0,0.0,0.0,0.0,0.0,0.0,0.0,0.0,0.0,0.0,0.0,0.0,0.0,0.0,0.0,0.0,0.0,0.0,0.0,0.0,0.0,0.0,0.0,0.0,0.0,0.0,0.0,0.0,0.0,0.0,0.0,0.0,0.0,0.0,0.0,0.0,0.0,0.0,0.0,0.0,0.0,0.0,0.0,0.0,0.0,0.0,0.0,0.0,0.0,0.0,0.0,0.0,0.0,0.0,0.0,0.0,0.0,0.0,0.0,0.0,0.0,0.0,0.0,0.0
994,0.0,0.0,0.0,0.0,0.0,0.0,0.0,0.0,0.0,0.0,0.0,0.0,0.0,0.0,0.0,0.0,0.0,0.0,0.0,0.0,0.0,0.0,0.0,0.0,0.0,0.0,0.0,0.0,0.0,0.0,0.0,0.0,0.0,0.0,0.0,0.0,0.0,0.0,0.0,0.0,0.0,0.0,0.0,0.0,0.0,0.0,0.0,0.0,0.0,0.0,0.0,0.0,0.0,0.0,0.0,0.0,0.0,0.0,0.0,0.0,0.0,0.0,0.0,0.0
995,0.0,0.0,0.0,0.0,0.0,0.0,0.0,0.0,0.0,0.0,0.0,0.0,0.03,0.01,0.01,0.01,0.0,0.01,0.01,0.0,0.0,0.01,0.03,0.0,0.0,0.0,0.0,0.0,0.0,0.0,0.0,0.0,0.0,0.0,0.0,0.0,0.0,0.0,0.0,0.0,0.0,0.0,0.0,0.0,0.0,0.0,0.0,0.0,0.0,0.0,0.0,0.0,0.0,0.0,0.0,0.0,0.0,0.0,0.0,0.0,0.0,0.0,0.0,0.0
996,0.0,0.02,0.01,0.0,0.0,0.56,0.0,0.0,0.66,0.7,0.65,0.58,0.71,0.68,0.68,0.68,0.67,0.72,0.72,0.68,0.69,0.67,0.72,0.65,0.04,0.04,0.0,0.0,0.03,0.03,0.05,0.0,0.0,0.0,0.0,0.05,0.65,0.67,0.66,0.67,0.66,0.66,0.67,0.63,0.65,0.67,0.62,0.0,0.0,0.62,0.66,0.65,0.67,0.64,0.55,0.64,0.0,0.65,0.65,0.66,0.65,0.65,0.64,0.65
997,0.0,0.76,0.77,0.0,0.0,0.77,0.0,0.0,0.82,0.88,0.8,0.71,0.84,0.83,0.84,0.83,0.84,0.89,0.9,0.84,0.87,0.82,0.88,0.8,0.22,0.78,0.0,0.0,0.8,0.75,0.78,0.0,0.0,0.0,0.0,0.79,0.78,0.84,0.84,0.78,0.84,0.83,0.84,0.76,0.8,0.84,0.07,0.0,0.0,0.11,0.84,0.82,0.7,0.82,0.76,0.85,0.0,0.6,0.84,0.79,0.84,0.84,0.82,0.83
998,0.0,0.84,0.84,0.0,0.0,0.3,0.0,0.0,0.84,0.91,0.82,0.91,0.91,0.86,0.89,0.88,0.88,0.91,0.91,0.88,0.91,0.86,0.91,0.84,0.53,0.85,0.0,0.0,0.86,0.84,0.85,0.0,0.0,0.0,0.0,0.86,0.77,0.84,0.83,0.81,0.88,0.85,0.88,0.84,0.83,0.86,0.84,0.0,0.0,0.84,0.89,0.81,0.91,0.87,0.91,0.91,0.0,0.91,0.88,0.91,0.87,0.91,0.86,0.87
999,0.0,0.86,0.85,0.0,0.0,0.86,0.0,0.0,0.88,0.91,0.86,0.9,0.91,0.91,0.91,0.89,0.91,0.91,0.91,0.9,0.91,0.88,0.91,0.89,0.87,0.88,0.0,0.0,0.89,0.87,0.88,0.0,0.0,0.0,0.0,0.88,0.83,0.88,0.9,0.91,0.88,0.9,0.91,0.87,0.87,0.91,0.86,0.0,0.0,0.86,0.91,0.9,0.91,0.91,0.84,0.87,0.0,0.91,0.91,0.88,0.9,0.91,0.88,0.9
1000,0.0,0.84,0.84,0.0,0.0,0.86,0.0,0.0,0.9,0.91,0.89,0.91,0.91,0.91,0.91,0.89,0.91,0.91,0.91,0.91,0.91,0.91,0.91,0.88,0.87,0.88,0.0,0.0,0.89,0.83,0.88,0.0,0.0,0.0,0.0,0.9,0.82,0.87,0.91,0.91,0.89,0.91,0.91,0.87,0.87,0.91,0.84,0.0,0.0,0.84,0.91,0.91,0.91,0.91,0.86,0.91,0.0,0.91,0.91,0.91,0.91,0.91,0.9,0.91
1001,0.0,0.87,0.51,0.0,0.0,0.86,0.0,0.0,0.9,0.91,0.88,0.91,0.91,0.91,0.91,0.91,0.91,0.91,0.91,0.91,0.91,0.91,0.91,0.89,0.88,0.86,0.0,0.0,0.89,0.86,0.84,0.0,0.0,0.0,0.0,0.89,0.85,0.86,0.91,0.91,0.9,0.91,0.91,0.86,0.87,0.91,0.85,0.0,0.0,0.86,0.91,0.91,0.91,0.91,0.88,0.91,0.0,0.91,0.91,0.91,0.91,0.91,0.9,0.91
1002,0.0,0.69,0.7,0.0,0.0,0.84,0.0,0.0,0.87,0.91,0.86,0.9,0.89,0.88,0.87,0.87,0.9,0.91,0.91,0.88,0.91,0.89,0.9,0.86,0.86,0.87,0.0,0.0,0.82,0.73,0.86,0.0,0.0,0.0,0.0,0.81,0.84,0.86,0.9,0.9,0.87,0.9,0.9,0.85,0.86,0.91,0.85,0.0,0.0,0.85,0.91,0.89,0.91,0.91,0.9,0.91,0.0,0.91,0.91,0.91,0.9,0.91,0.89,0.9
1003,0.0,0.82,0.82,0.0,0.0,0.72,0.0,0.0,0.8,0.84,0.79,0.81,0.81,0.8,0.8,0.8,0.82,0.84,0.85,0.8,0.83,0.8,0.81,0.79,0.75,0.83,0.0,0.0,0.83,0.83,0.82,0.0,0.0,0.0,0.0,0.81,0.78,0.82,0.83,0.84,0.8,0.83,0.83,0.78,0.79,0.84,0.76,0.0,0.0,0.64,0.85,0.82,0.86,0.85,0.85,0.85,0.0,0.85,0.84,0.84,0.84,0.85,0.84,0.84
1004,0.0,0.6,0.59,0.0,0.0,0.66,0.0,0.0,0.62,0.61,0.62,0.64,0.59,0.61,0.61,0.61,0.63,0.6,0.63,0.62,0.63,0.61,0.59,0.64,0.64,0.69,0.0,0.0,0.67,0.62,0.68,0.0,0.0,0.0,0.0,0.66,0.64,0.64,0.68,0.65,0.65,0.67,0.67,0.64,0.64,0.68,0.66,0.0,0.0,0.66,0.69,0.68,0.68,0.69,0.66,0.68,0.0,0.68,0.68,0.67,0.68,0.7,0.67,0.68
1005,0.0,0.0,0.0,0.0,0.0,0.0,0.0,0.0,0.0,0.0,0.0,0.0,0.0,0.0,0.0,0.0,0.0,0.0,0.0,0.0,0.0,0.0,0.0,0.0,0.0,0.0,0.0,0.0,0.0,0.0,0.0,0.0,0.0,0.0,0.0,0.0,0.0,0.0,0.0,0.0,0.0,0.0,0.0,0.0,0.0,0.0,0.0,0.0,0.0,0.0,0.0,0.0,0.0,0.0,0.0,0.0,0.0,0.0,0.0,0.0,0.0,0.0,0.0,0.0
1006,0.0,0.0,0.0,0.0,0.0,0.0,0.0,0.0,0.0,0.0,0.0,0.0,0.0,0.0,0.0,0.0,0.0,0.0,0.0,0.0,0.0,0.0,0.0,0.0,0.0,0.0,0.0,0.0,0.0,0.0,0.0,0.0,0.0,0.0,0.0,0.0,0.0,0.0,0.0,0.0,0.0,0.0,0.0,0.0,0.0,0.0,0.0,0.0,0.0,0.0,0.0,0.0,0.0,0.0,0.0,0.0,0.0,0.0,0.0,0.0,0.0,0.0,0.0,0.0
1007,0.0,0.0,0.0,0.0,0.0,0.0,0.0,0.0,0.0,0.0,0.0,0.0,0.0,0.0,0.0,0.0,0.0,0.0,0.0,0.0,0.0,0.0,0.0,0.0,0.0,0.0,0.0,0.0,0.0,0.0,0.0,0.0,0.0,0.0,0.0,0.0,0.0,0.0,0.0,0.0,0.0,0.0,0.0,0.0,0.0,0.0,0.0,0.0,0.0,0.0,0.0,0.0,0.0,0.0,0.0,0.0,0.0,0.0,0.0,0.0,0.0,0.0,0.0,0.0
1008,0.0,0.0,0.0,0.0,0.0,0.0,0.0,0.0,0.0,0.0,0.0,0.0,0.0,0.0,0.0,0.0,0.0,0.0,0.0,0.0,0.0,0.0,0.0,0.0,0.0,0.0,0.0,0.0,0.0,0.0,0.0,0.0,0.0,0.0,0.0,0.0,0.0,0.0,0.0,0.0,0.0,0.0,0.0,0.0,0.0,0.0,0.0,0.0,0.0,0.0,0.0,0.0,0.0,0.0,0.0,0.0,0.0,0.0,0.0,0.0,0.0,0.0,0.0,0.0
1009,0.0,0.0,0.0,0.0,0.0,0.0,0.0,0.0,0.0,0.0,0.0,0.0,0.0,0.0,0.0,0.0,0.0,0.0,0.0,0.0,0.0,0.0,0.0,0.0,0.0,0.0,0.0,0.0,0.0,0.0,0.0,0.0,0.0,0.0,0.0,0.0,0.0,0.0,0.0,0.0,0.0,0.0,0.0,0.0,0.0,0.0,0.0,0.0,0.0,0.0,0.0,0.0,0.0,0.0,0.0,0.0,0.0,0.0,0.0,0.0,0.0,0.0,0.0,0.0
1010,0.0,0.0,0.0,0.0,0.0,0.0,0.0,0.0,0.0,0.0,0.0,0.0,0.0,0.0,0.0,0.0,0.0,0.0,0.0,0.0,0.0,0.0,0.0,0.0,0.0,0.0,0.0,0.0,0.0,0.0,0.0,0.0,0.0,0.0,0.0,0.0,0.0,0.0,0.0,0.0,0.0,0.0,0.0,0.0,0.0,0.0,0.0,0.0,0.0,0.0,0.0,0.0,0.0,0.0,0.0,0.0,0.0,0.0,0.0,0.0,0.0,0.0,0.0,0.0
1011,0.0,0.0,0.0,0.0,0.0,0.0,0.0,0.0,0.0,0.0,0.0,0.0,0.0,0.0,0.0,0.0,0.0,0.0,0.0,0.0,0.0,0.0,0.0,0.0,0.0,0.0,0.0,0.0,0.0,0.0,0.0,0.0,0.0,0.0,0.0,0.0,0.0,0.0,0.0,0.0,0.0,0.0,0.0,0.0,0.0,0.0,0.0,0.0,0.0,0.0,0.0,0.0,0.0,0.0,0.0,0.0,0.0,0.0,0.0,0.0,0.0,0.0,0.0,0.0
1012,0.0,0.0,0.0,0.0,0.0,0.0,0.0,0.0,0.0,0.0,0.0,0.0,0.0,0.0,0.0,0.0,0.0,0.0,0.0,0.0,0.0,0.0,0.0,0.0,0.0,0.0,0.0,0.0,0.0,0.0,0.0,0.0,0.0,0.0,0.0,0.0,0.0,0.0,0.0,0.0,0.0,0.0,0.0,0.0,0.0,0.0,0.0,0.0,0.0,0.0,0.0,0.0,0.0,0.0,0.0,0.0,0.0,0.0,0.0,0.0,0.0,0.0,0.0,0.0
1013,0.0,0.0,0.0,0.0,0.0,0.0,0.0,0.0,0.0,0.0,0.0,0.0,0.0,0.0,0.0,0.0,0.0,0.0,0.0,0.0,0.0,0.0,0.0,0.0,0.0,0.0,0.0,0.0,0.0,0.0,0.0,0.0,0.0,0.0,0.0,0.0,0.0,0.0,0.0,0.0,0.0,0.0,0.0,0.0,0.0,0.0,0.0,0.0,0.0,0.0,0.0,0.0,0.0,0.0,0.0,0.0,0.0,0.0,0.0,0.0,0.0,0.0,0.0,0.0
1014,0.0,0.0,0.0,0.0,0.0,0.0,0.0,0.0,0.0,0.0,0.0,0.0,0.0,0.0,0.0,0.0,0.0,0.0,0.0,0.0,0.0,0.0,0.0,0.0,0.0,0.0,0.0,0.0,0.0,0.0,0.0,0.0,0.0,0.0,0.0,0.0,0.0,0.0,0.0,0.0,0.0,0.0,0.0,0.0,0.0,0.0,0.0,0.0,0.0,0.0,0.0,0.0,0.0,0.0,0.0,0.0,0.0,0.0,0.0,0.0,0.0,0.0,0.0,0.0
1015,0.0,0.0,0.0,0.0,0.0,0.0,0.0,0.0,0.0,0.0,0.0,0.0,0.0,0.0,0.0,0.0,0.0,0.0,0.0,0.0,0.0,0.0,0.0,0.0,0.0,0.0,0.0,0.0,0.0,0.0,0.0,0.0,0.0,0.0,0.0,0.0,0.0,0.0,0.0,0.0,0.0,0.0,0.0,0.0,0.0,0.0,0.0,0.0,0.0,0.0,0.0,0.0,0.0,0.0,0.0,0.0,0.0,0.0,0.0,0.0,0.0,0.0,0.0,0.0
1016,0.0,0.0,0.0,0.0,0.0,0.0,0.0,0.0,0.0,0.0,0.0,0.0,0.0,0.0,0.0,0.0,0.0,0.0,0.0,0.0,0.0,0.0,0.0,0.0,0.0,0.0,0.0,0.0,0.0,0.0,0.0,0.0,0.0,0.0,0.0,0.0,0.0,0.0,0.0,0.0,0.0,0.0,0.0,0.0,0.0,0.0,0.0,0.0,0.0,0.0,0.0,0.0,0.0,0.0,0.0,0.0,0.0,0.0,0.0,0.0,0.0,0.0,0.0,0.0
1017,0.0,0.0,0.0,0.0,0.0,0.0,0.0,0.0,0.0,0.0,0.0,0.0,0.0,0.0,0.0,0.0,0.0,0.0,0.0,0.0,0.0,0.0,0.0,0.0,0.0,0.0,0.0,0.0,0.0,0.0,0.0,0.0,0.0,0.0,0.0,0.0,0.0,0.0,0.0,0.0,0.0,0.0,0.0,0.0,0.0,0.0,0.0,0.0,0.0,0.0,0.0,0.0,0.0,0.0,0.0,0.0,0.0,0.0,0.0,0.0,0.0,0.0,0.0,0.0
1018,0.0,0.0,0.0,0.0,0.0,0.0,0.0,0.0,0.0,0.0,0.0,0.0,0.0,0.0,0.0,0.0,0.0,0.0,0.0,0.0,0.0,0.0,0.0,0.0,0.0,0.0,0.0,0.0,0.0,0.0,0.0,0.0,0.0,0.0,0.0,0.0,0.0,0.0,0.0,0.0,0.0,0.0,0.0,0.0,0.0,0.0,0.0,0.0,0.0,0.0,0.0,0.0,0.0,0.0,0.0,0.0,0.0,0.0,0.0,0.0,0.0,0.0,0.0,0.0
1019,0.0,0.0,0.0,0.0,0.0,0.0,0.0,0.0,0.01,0.0,0.01,0.01,0.05,0.03,0.03,0.02,0.0,0.02,0.02,0.01,0.01,0.04,0.08,0.0,0.02,0.0,0.0,0.0,0.0,0.0,0.0,0.0,0.0,0.0,0.0,0.0,0.0,0.0,0.0,0.0,0.0,0.0,0.0,0.0,0.0,0.0,0.0,0.0,0.0,0.0,0.0,0.0,0.0,0.0,0.0,0.0,0.0,0.0,0.0,0.0,0.0,0.0,0.0,0.0
1020,0.0,0.11,0.15,0.0,0.0,0.14,0.0,0.0,0.42,0.64,0.3,0.57,0.57,0.62,0.47,0.52,0.49,0.69,0.69,0.53,0.66,0.66,0.69,0.19,0.14,0.08,0.0,0.0,0.09,0.09,0.07,0.0,0.0,0.0,0.0,0.14,0.22,0.31,0.16,0.3,0.27,0.17,0.14,0.27,0.17,0.15,0.11,0.0,0.0,0.13,0.17,0.12,0.29,0.22,0.4,0.36,0.0,0.21,0.16,0.39,0.2,0.25,0.14,0.16
1021,0.0,0.64,0.64,0.0,0.0,0.46,0.0,0.0,0.38,0.79,0.35,0.76,0.74,0.72,0.55,0.67,0.71,0.74,0.73,0.61,0.73,0.78,0.75,0.31,0.4,0.13,0.0,0.0,0.39,0.06,0.32,0.0,0.0,0.0,0.0,0.27,0.35,0.33,0.27,0.3,0.4,0.26,0.3,0.33,0.3,0.29,0.45,0.0,0.0,0.26,0.35,0.33,0.55,0.43,0.55,0.48,0.0,0.53,0.34,0.38,0.28,0.28,0.4,0.29
1022,0.0,0.12,0.07,0.0,0.0,0.09,0.0,0.0,0.48,0.84,0.43,0.7,0.87,0.64,0.65,0.69,0.48,0.83,0.82,0.7,0.82,0.78,0.8,0.49,0.57,0.41,0.0,0.0,0.81,0.42,0.19,0.0,0.0,0.0,0.0,0.68,0.47,0.48,0.38,0.56,0.66,0.44,0.65,0.42,0.49,0.45,0.1,0.0,0.0,0.1,0.56,0.79,0.55,0.64,0.47,0.55,0.0,0.55,0.48,0.48,0.62,0.54,0.61,0.6
1023,0.0,0.06,0.04,0.0,0.0,0.76,0.0,0.0,0.57,0.84,0.5,0.77,0.91,0.61,0.61,0.74,0.76,0.9,0.91,0.75,0.91,0.63,0.89,0.72,0.33,0.15,0.0,0.0,0.76,0.06,0.17,0.0,0.0,0.0,0.0,0.84,0.5,0.63,0.42,0.61,0.75,0.81,0.8,0.53,0.66,0.84,0.77,0.0,0.0,0.76,0.86,0.8,0.82,0.77,0.8,0.71,0.0,0.6,0.83,0.78,0.86,0.85,0.54,0.86
1024,0.0,0.13,0.11,0.0,0.0,0.11,0.0,0.0,0.78,0.87,0.77,0.86,0.87,0.68,0.6,0.64,0.73,0.91,0.91,0.69,0.91,0.74,0.9,0.83,0.79,0.52,0.0,0.0,0.42,0.28,0.42,0.0,0.0,0.0,0.0,0.39,0.89,0.78,0.1,0.78,0.88,0.09,0.21,0.87,0.84,0.09,0.12,0.0,0.0,0.12,0.21,0.3,0.83,0.87,0.6,0.73,0.0,0.84,0.12,0.8,0.15,0.62,0.23,0.1
1025,0.0,0.75,0.49,0.0,0.0,0.09,0.0,0.0,0.82,0.88,0.52,0.59,0.83,0.84,0.85,0.83,0.86,0.88,0.88,0.82,0.84,0.84,0.85,0.36,0.4,0.38,0.0,0.0,0.39,0.69,0.41,0.0,0.0,0.0,0.0,0.14,0.72,0.81,0.46,0.84,0.81,0.46,0.33,0.79,0.82,0.22,0.1,0.0,0.0,0.12,0.11,0.59,0.62,0.18,0.81,0.85,0.0,0.19,0.15,0.88,0.23,0.08,0.38,0.16
1026,0.0,0.1,0.07,0.0,0.0,0.65,0.0,0.0,0.73,0.84,0.73,0.84,0.66,0.81,0.79,0.79,0.78,0.77,0.78,0.77,0.54,0.81,0.78,0.54,0.23,0.19,0.0,0.0,0.3,0.14,0.08,0.0,0.0,0.0,0.0,0.39,0.26,0.29,0.26,0.2,0.25,0.29,0.21,0.29,0.53,0.23,0.59,0.0,0.0,0.65,0.69,0.14,0.1,0.75,0.76,0.32,0.0,0.1,0.26,0.24,0.43,0.66,0.38,0.29
1027,0.0,0.05,0.03,0.0,0.0,0.02,0.0,0.0,0.18,0.46,0.39,0.49,0.71,0.64,0.62,0.55,0.39,0.53,0.57,0.51,0.64,0.64,0.58,0.32,0.07,0.05,0.0,0.0,0.05,0.08,0.03,0.0,0.0,0.0,0.0,0.07,0.3,0.13,0.41,0.05,0.55,0.15,0.09,0.32,0.32,0.25,0.02,0.0,0.0,0.02,0.1,0.06,0.69,0.33,0.62,0.14,0.0,0.68,0.24,0.18,0.2,0.27,0.37,0.29
1028,0.0,0.02,0.02,0.0,0.0,0.09,0.0,0.0,0.58,0.5,0.56,0.44,0.53,0.44,0.46,0.45,0.01,0.59,0.61,0.19,0.48,0.49,0.57,0.26,0.01,0.04,0.0,0.0,0.01,0.02,0.02,0.0,0.0,0.0,0.0,0.03,0.26,0.5,0.01,0.42,0.08,0.01,0.04,0.18,0.23,0.02,0.04,0.0,0.0,0.04,0.19,0.17,0.4,0.02,0.35,0.03,0.0,0.39,0.16,0.27,0.04,0.17,0.02,0.15
1029,0.0,0.0,0.0,0.0,0.0,0.0,0.0,0.0,0.0,0.0,0.0,0.0,0.0,0.0,0.0,0.0,0.0,0.0,0.0,0.0,0.0,0.0,0.0,0.0,0.0,0.0,0.0,0.0,0.0,0.0,0.0,0.0,0.0,0.0,0.0,0.0,0.0,0.0,0.0,0.0,0.0,0.0,0.0,0.0,0.0,0.0,0.0,0.0,0.0,0.0,0.0,0.0,0.0,0.0,0.0,0.0,0.0,0.0,0.0,0.0,0.0,0.0,0.0,0.0
1030,0.0,0.0,0.0,0.0,0.0,0.0,0.0,0.0,0.0,0.0,0.0,0.0,0.0,0.0,0.0,0.0,0.0,0.0,0.0,0.0,0.0,0.0,0.0,0.0,0.0,0.0,0.0,0.0,0.0,0.0,0.0,0.0,0.0,0.0,0.0,0.0,0.0,0.0,0.0,0.0,0.0,0.0,0.0,0.0,0.0,0.0,0.0,0.0,0.0,0.0,0.0,0.0,0.0,0.0,0.0,0.0,0.0,0.0,0.0,0.0,0.0,0.0,0.0,0.0
1031,0.0,0.0,0.0,0.0,0.0,0.0,0.0,0.0,0.0,0.0,0.0,0.0,0.0,0.0,0.0,0.0,0.0,0.0,0.0,0.0,0.0,0.0,0.0,0.0,0.0,0.0,0.0,0.0,0.0,0.0,0.0,0.0,0.0,0.0,0.0,0.0,0.0,0.0,0.0,0.0,0.0,0.0,0.0,0.0,0.0,0.0,0.0,0.0,0.0,0.0,0.0,0.0,0.0,0.0,0.0,0.0,0.0,0.0,0.0,0.0,0.0,0.0,0.0,0.0
1032,0.0,0.0,0.0,0.0,0.0,0.0,0.0,0.0,0.0,0.0,0.0,0.0,0.0,0.0,0.0,0.0,0.0,0.0,0.0,0.0,0.0,0.0,0.0,0.0,0.0,0.0,0.0,0.0,0.0,0.0,0.0,0.0,0.0,0.0,0.0,0.0,0.0,0.0,0.0,0.0,0.0,0.0,0.0,0.0,0.0,0.0,0.0,0.0,0.0,0.0,0.0,0.0,0.0,0.0,0.0,0.0,0.0,0.0,0.0,0.0,0.0,0.0,0.0,0.0
1033,0.0,0.0,0.0,0.0,0.0,0.0,0.0,0.0,0.0,0.0,0.0,0.0,0.0,0.0,0.0,0.0,0.0,0.0,0.0,0.0,0.0,0.0,0.0,0.0,0.0,0.0,0.0,0.0,0.0,0.0,0.0,0.0,0.0,0.0,0.0,0.0,0.0,0.0,0.0,0.0,0.0,0.0,0.0,0.0,0.0,0.0,0.0,0.0,0.0,0.0,0.0,0.0,0.0,0.0,0.0,0.0,0.0,0.0,0.0,0.0,0.0,0.0,0.0,0.0
1034,0.0,0.0,0.0,0.0,0.0,0.0,0.0,0.0,0.0,0.0,0.0,0.0,0.0,0.0,0.0,0.0,0.0,0.0,0.0,0.0,0.0,0.0,0.0,0.0,0.0,0.0,0.0,0.0,0.0,0.0,0.0,0.0,0.0,0.0,0.0,0.0,0.0,0.0,0.0,0.0,0.0,0.0,0.0,0.0,0.0,0.0,0.0,0.0,0.0,0.0,0.0,0.0,0.0,0.0,0.0,0.0,0.0,0.0,0.0,0.0,0.0,0.0,0.0,0.0
1035,0.0,0.0,0.0,0.0,0.0,0.0,0.0,0.0,0.0,0.0,0.0,0.0,0.0,0.0,0.0,0.0,0.0,0.0,0.0,0.0,0.0,0.0,0.0,0.0,0.0,0.0,0.0,0.0,0.0,0.0,0.0,0.0,0.0,0.0,0.0,0.0,0.0,0.0,0.0,0.0,0.0,0.0,0.0,0.0,0.0,0.0,0.0,0.0,0.0,0.0,0.0,0.0,0.0,0.0,0.0,0.0,0.0,0.0,0.0,0.0,0.0,0.0,0.0,0.0
1036,0.0,0.0,0.0,0.0,0.0,0.0,0.0,0.0,0.0,0.0,0.0,0.0,0.0,0.0,0.0,0.0,0.0,0.0,0.0,0.0,0.0,0.0,0.0,0.0,0.0,0.0,0.0,0.0,0.0,0.0,0.0,0.0,0.0,0.0,0.0,0.0,0.0,0.0,0.0,0.0,0.0,0.0,0.0,0.0,0.0,0.0,0.0,0.0,0.0,0.0,0.0,0.0,0.0,0.0,0.0,0.0,0.0,0.0,0.0,0.0,0.0,0.0,0.0,0.0
1037,0.0,0.0,0.0,0.0,0.0,0.0,0.0,0.0,0.0,0.0,0.0,0.0,0.0,0.0,0.0,0.0,0.0,0.0,0.0,0.0,0.0,0.0,0.0,0.0,0.0,0.0,0.0,0.0,0.0,0.0,0.0,0.0,0.0,0.0,0.0,0.0,0.0,0.0,0.0,0.0,0.0,0.0,0.0,0.0,0.0,0.0,0.0,0.0,0.0,0.0,0.0,0.0,0.0,0.0,0.0,0.0,0.0,0.0,0.0,0.0,0.0,0.0,0.0,0.0
1038,0.0,0.0,0.0,0.0,0.0,0.0,0.0,0.0,0.0,0.0,0.0,0.0,0.0,0.0,0.0,0.0,0.0,0.0,0.0,0.0,0.0,0.0,0.0,0.0,0.0,0.0,0.0,0.0,0.0,0.0,0.0,0.0,0.0,0.0,0.0,0.0,0.0,0.0,0.0,0.0,0.0,0.0,0.0,0.0,0.0,0.0,0.0,0.0,0.0,0.0,0.0,0.0,0.0,0.0,0.0,0.0,0.0,0.0,0.0,0.0,0.0,0.0,0.0,0.0
1039,0.0,0.0,0.0,0.0,0.0,0.0,0.0,0.0,0.0,0.0,0.0,0.0,0.0,0.0,0.0,0.0,0.0,0.0,0.0,0.0,0.0,0.0,0.0,0.0,0.0,0.0,0.0,0.0,0.0,0.0,0.0,0.0,0.0,0.0,0.0,0.0,0.0,0.0,0.0,0.0,0.0,0.0,0.0,0.0,0.0,0.0,0.0,0.0,0.0,0.0,0.0,0.0,0.0,0.0,0.0,0.0,0.0,0.0,0.0,0.0,0.0,0.0,0.0,0.0
1040,0.0,0.0,0.0,0.0,0.0,0.0,0.0,0.0,0.0,0.0,0.0,0.0,0.0,0.0,0.0,0.0,0.0,0.0,0.0,0.0,0.0,0.0,0.0,0.0,0.0,0.0,0.0,0.0,0.0,0.0,0.0,0.0,0.0,0.0,0.0,0.0,0.0,0.0,0.0,0.0,0.0,0.0,0.0,0.0,0.0,0.0,0.0,0.0,0.0,0.0,0.0,0.0,0.0,0.0,0.0,0.0,0.0,0.0,0.0,0.0,0.0,0.0,0.0,0.0
1041,0.0,0.0,0.0,0.0,0.0,0.0,0.0,0.0,0.0,0.0,0.0,0.0,0.0,0.0,0.0,0.0,0.0,0.0,0.0,0.0,0.0,0.0,0.0,0.0,0.0,0.0,0.0,0.0,0.0,0.0,0.0,0.0,0.0,0.0,0.0,0.0,0.0,0.0,0.0,0.0,0.0,0.0,0.0,0.0,0.0,0.0,0.0,0.0,0.0,0.0,0.0,0.0,0.0,0.0,0.0,0.0,0.0,0.0,0.0,0.0,0.0,0.0,0.0,0.0
1042,0.0,0.0,0.0,0.0,0.0,0.0,0.0,0.0,0.0,0.0,0.0,0.0,0.0,0.0,0.0,0.0,0.0,0.0,0.0,0.0,0.0,0.0,0.0,0.0,0.0,0.0,0.0,0.0,0.0,0.0,0.0,0.0,0.0,0.0,0.0,0.0,0.0,0.0,0.0,0.0,0.0,0.0,0.0,0.0,0.0,0.0,0.0,0.0,0.0,0.0,0.0,0.0,0.0,0.0,0.0,0.0,0.0,0.0,0.0,0.0,0.0,0.0,0.0,0.0
1043,0.0,0.0,0.0,0.0,0.0,0.0,0.0,0.0,0.0,0.0,0.0,0.0,0.0,0.0,0.0,0.0,0.0,0.0,0.0,0.0,0.0,0.0,0.0,0.0,0.0,0.0,0.0,0.0,0.0,0.0,0.0,0.0,0.0,0.0,0.0,0.0,0.0,0.0,0.0,0.0,0.0,0.0,0.0,0.0,0.0,0.0,0.0,0.0,0.0,0.0,0.0,0.0,0.0,0.0,0.0,0.0,0.0,0.0,0.0,0.0,0.0,0.0,0.0,0.0
1044,0.0,0.0,0.0,0.0,0.0,0.01,0.0,0.0,0.01,0.03,0.01,0.01,0.0,0.0,0.0,0.01,0.0,0.0,0.01,0.01,0.01,0.01,0.01,0.02,0.03,0.0,0.0,0.0,0.0,0.0,0.0,0.0,0.0,0.0,0.0,0.0,0.02,0.01,0.01,0.01,0.01,0.01,0.0,0.03,0.02,0.01,0.01,0.0,0.0,0.01,0.0,0.0,0.03,0.0,0.01,0.0,0.0,0.01,0.0,0.02,0.0,0.0,0.0,0.0
1045,0.0,0.01,0.01,0.0,0.0,0.01,0.0,0.0,0.02,0.03,0.02,0.01,0.01,0.01,0.03,0.02,0.02,0.01,0.02,0.02,0.01,0.01,0.02,0.03,0.01,0.01,0.0,0.0,0.01,0.01,0.01,0.0,0.0,0.0,0.0,0.02,0.04,0.02,0.01,0.02,0.07,0.01,0.01,0.03,0.03,0.01,0.01,0.0,0.0,0.02,0.01,0.01,0.03,0.02,0.03,0.04,0.0,0.02,0.01,0.03,0.01,0.01,0.01,0.01
1046,0.0,0.03,0.03,0.0,0.0,0.02,0.0,0.0,0.03,0.07,0.02,0.05,0.08,0.09,0.04,0.02,0.05,0.02,0.05,0.03,0.03,0.02,0.04,0.01,0.04,0.02,0.0,0.0,0.01,0.03,0.02,0.0,0.0,0.0,0.0,0.02,0.02,0.03,0.02,0.05,0.04,0.03,0.02,0.02,0.01,0.02,0.02,0.0,0.0,0.04,0.04,0.02,0.08,0.04,0.09,0.12,0.0,0.06,0.03,0.08,0.02,0.03,0.02,0.02
1047,0.0,0.04,0.04,0.0,0.0,0.05,0.0,0.0,0.05,0.06,0.04,0.04,0.04,0.14,0.17,0.08,0.02,0.06,0.08,0.06,0.06,0.12,0.02,0.04,0.08,0.04,0.0,0.0,0.03,0.05,0.04,0.0,0.0,0.0,0.0,0.03,0.04,0.04,0.03,0.04,0.03,0.03,0.04,0.06,0.06,0.03,0.05,0.0,0.0,0.04,0.04,0.03,0.08,0.06,0.06,0.38,0.0,0.09,0.03,0.09,0.03,0.05,0.02,0.03
1048,0.0,0.05,0.07,0.0,0.0,0.06,0.0,0.0,0.03,0.05,0.06,0.05,0.02,0.07,0.05,0.04,0.07,0.05,0.08,0.03,0.02,0.07,0.03,0.06,0.07,0.04,0.0,0.0,0.03,0.05,0.04,0.0,0.0,0.0,0.0,0.04,0.05,0.05,0.03,0.07,0.05,0.04,0.04,0.06,0.06,0.04,0.06,0.0,0.0,0.05,0.05,0.03,0.15,0.21,0.08,0.21,0.0,0.15,0.05,0.15,0.04,0.08,0.03,0.04
1049,0.0,0.28,0.3,0.0,0.0,0.08,0.0,0.0,0.03,0.03,0.05,0.05,0.03,0.02,0.01,0.02,0.03,0.03,0.04,0.04,0.04,0.01,0.03,0.03,0.05,0.08,0.0,0.0,0.05,0.15,0.06,0.0,0.0,0.0,0.0,0.04,0.05,0.05,0.03,0.05,0.08,0.04,0.03,0.04,0.03,0.04,0.07,0.0,0.0,0.07,0.13,0.04,0.1,0.38,0.1,0.36,0.0,0.32,0.08,0.32,0.06,0.15,0.04,0.07
1050,0.0,0.08,0.11,0.0,0.0,0.04,0.0,0.0,0.01,0.03,0.02,0.01,0.0,0.03,0.03,0.02,0.02,0.03,0.08,0.02,0.03,0.02,0.01,0.01,0.04,0.06,0.0,0.0,0.02,0.07,0.08,0.0,0.0,0.0,0.0,0.03,0.02,0.02,0.02,0.02,0.02,0.03,0.02,0.02,0.01,0.03,0.04,0.0,0.0,0.04,0.06,0.02,0.07,0.18,0.16,0.11,0.0,0.09,0.04,0.2,0.03,0.08,0.03,0.03
1051,0.0,0.11,0.11,0.0,0.0,0.03,0.0,0.0,0.0,0.03,0.0,0.01,0.01,0.01,0.0,0.01,0.01,0.01,0.02,0.02,0.02,0.01,0.0,0.0,0.03,0.09,0.0,0.0,0.02,0.08,0.02,0.0,0.0,0.0,0.0,0.02,0.0,0.01,0.01,0.01,0.01,0.0,0.01,0.0,0.0,0.01,0.02,0.0,0.0,0.03,0.02,0.03,0.04,0.06,0.08,0.28,0.0,0.12,0.03,0.23,0.02,0.03,0.02,0.02
1052,0.0,0.07,0.08,0.0,0.0,0.06,0.0,0.0,0.0,0.01,0.0,0.0,0.01,0.0,0.0,0.0,0.0,0.0,0.0,0.0,0.0,0.0,0.0,0.0,0.01,0.19,0.0,0.0,0.01,0.15,0.11,0.0,0.0,0.0,0.0,0.04,0.0,0.01,0.02,0.0,0.0,0.01,0.0,0.0,0.0,0.01,0.08,0.0,0.0,0.1,0.03,0.01,0.02,0.02,0.02,0.23,0.0,0.02,0.02,0.11,0.02,0.02,0.01,0.02
1053,0.0,0.02,0.01,0.0,0.0,0.01,0.0,0.0,0.0,0.0,0.0,0.0,0.0,0.0,0.0,0.0,0.0,0.0,0.0,0.0,0.0,0.0,0.0,0.0,0.0,0.03,0.0,0.0,0.0,0.02,0.04,0.0,0.0,0.0,0.0,0.02,0.0,0.0,0.01,0.0,0.0,0.01,0.0,0.0,0.0,0.01,0.02,0.0,0.0,0.03,0.02,0.01,0.0,0.0,0.0,0.0,0.0,0.0,0.0,0.0,0.02,0.01,0.02,0.01
1054,0.0,0.0,0.0,0.0,0.0,0.0,0.0,0.0,0.0,0.0,0.0,0.0,0.0,0.0,0.0,0.0,0.0,0.0,0.0,0.0,0.0,0.0,0.0,0.0,0.0,0.0,0.0,0.0,0.0,0.0,0.0,0.0,0.0,0.0,0.0,0.0,0.0,0.0,0.0,0.0,0.0,0.0,0.0,0.0,0.0,0.0,0.0,0.0,0.0,0.0,0.0,0.0,0.0,0.0,0.0,0.0,0.0,0.0,0.0,0.0,0.0,0.0,0.0,0.0
1055,0.0,0.0,0.0,0.0,0.0,0.0,0.0,0.0,0.0,0.0,0.0,0.0,0.0,0.0,0.0,0.0,0.0,0.0,0.0,0.0,0.0,0.0,0.0,0.0,0.0,0.0,0.0,0.0,0.0,0.0,0.0,0.0,0.0,0.0,0.0,0.0,0.0,0.0,0.0,0.0,0.0,0.0,0.0,0.0,0.0,0.0,0.0,0.0,0.0,0.0,0.0,0.0,0.0,0.0,0.0,0.0,0.0,0.0,0.0,0.0,0.0,0.0,0.0,0.0
1056,0.0,0.0,0.0,0.0,0.0,0.0,0.0,0.0,0.0,0.0,0.0,0.0,0.0,0.0,0.0,0.0,0.0,0.0,0.0,0.0,0.0,0.0,0.0,0.0,0.0,0.0,0.0,0.0,0.0,0.0,0.0,0.0,0.0,0.0,0.0,0.0,0.0,0.0,0.0,0.0,0.0,0.0,0.0,0.0,0.0,0.0,0.0,0.0,0.0,0.0,0.0,0.0,0.0,0.0,0.0,0.0,0.0,0.0,0.0,0.0,0.0,0.0,0.0,0.0
1057,0.0,0.0,0.0,0.0,0.0,0.0,0.0,0.0,0.0,0.0,0.0,0.0,0.0,0.0,0.0,0.0,0.0,0.0,0.0,0.0,0.0,0.0,0.0,0.0,0.0,0.0,0.0,0.0,0.0,0.0,0.0,0.0,0.0,0.0,0.0,0.0,0.0,0.0,0.0,0.0,0.0,0.0,0.0,0.0,0.0,0.0,0.0,0.0,0.0,0.0,0.0,0.0,0.0,0.0,0.0,0.0,0.0,0.0,0.0,0.0,0.0,0.0,0.0,0.0
1058,0.0,0.0,0.0,0.0,0.0,0.0,0.0,0.0,0.0,0.0,0.0,0.0,0.0,0.0,0.0,0.0,0.0,0.0,0.0,0.0,0.0,0.0,0.0,0.0,0.0,0.0,0.0,0.0,0.0,0.0,0.0,0.0,0.0,0.0,0.0,0.0,0.0,0.0,0.0,0.0,0.0,0.0,0.0,0.0,0.0,0.0,0.0,0.0,0.0,0.0,0.0,0.0,0.0,0.0,0.0,0.0,0.0,0.0,0.0,0.0,0.0,0.0,0.0,0.0
1059,0.0,0.0,0.0,0.0,0.0,0.0,0.0,0.0,0.0,0.0,0.0,0.0,0.0,0.0,0.0,0.0,0.0,0.0,0.0,0.0,0.0,0.0,0.0,0.0,0.0,0.0,0.0,0.0,0.0,0.0,0.0,0.0,0.0,0.0,0.0,0.0,0.0,0.0,0.0,0.0,0.0,0.0,0.0,0.0,0.0,0.0,0.0,0.0,0.0,0.0,0.0,0.0,0.0,0.0,0.0,0.0,0.0,0.0,0.0,0.0,0.0,0.0,0.0,0.0
1060,0.0,0.0,0.0,0.0,0.0,0.0,0.0,0.0,0.0,0.0,0.0,0.0,0.0,0.0,0.0,0.0,0.0,0.0,0.0,0.0,0.0,0.0,0.0,0.0,0.0,0.0,0.0,0.0,0.0,0.0,0.0,0.0,0.0,0.0,0.0,0.0,0.0,0.0,0.0,0.0,0.0,0.0,0.0,0.0,0.0,0.0,0.0,0.0,0.0,0.0,0.0,0.0,0.0,0.0,0.0,0.0,0.0,0.0,0.0,0.0,0.0,0.0,0.0,0.0
1061,0.0,0.0,0.0,0.0,0.0,0.0,0.0,0.0,0.0,0.0,0.0,0.0,0.0,0.0,0.0,0.0,0.0,0.0,0.0,0.0,0.0,0.0,0.0,0.0,0.0,0.0,0.0,0.0,0.0,0.0,0.0,0.0,0.0,0.0,0.0,0.0,0.0,0.0,0.0,0.0,0.0,0.0,0.0,0.0,0.0,0.0,0.0,0.0,0.0,0.0,0.0,0.0,0.0,0.0,0.0,0.0,0.0,0.0,0.0,0.0,0.0,0.0,0.0,0.0
1062,0.0,0.0,0.0,0.0,0.0,0.0,0.0,0.0,0.0,0.0,0.0,0.0,0.0,0.0,0.0,0.0,0.0,0.0,0.0,0.0,0.0,0.0,0.0,0.0,0.0,0.0,0.0,0.0,0.0,0.0,0.0,0.0,0.0,0.0,0.0,0.0,0.0,0.0,0.0,0.0,0.0,0.0,0.0,0.0,0.0,0.0,0.0,0.0,0.0,0.0,0.0,0.0,0.0,0.0,0.0,0.0,0.0,0.0,0.0,0.0,0.0,0.0,0.0,0.0
1063,0.0,0.0,0.0,0.0,0.0,0.0,0.0,0.0,0.0,0.0,0.0,0.0,0.0,0.0,0.0,0.0,0.0,0.0,0.0,0.0,0.0,0.0,0.0,0.0,0.0,0.0,0.0,0.0,0.0,0.0,0.0,0.0,0.0,0.0,0.0,0.0,0.0,0.0,0.0,0.0,0.0,0.0,0.0,0.0,0.0,0.0,0.0,0.0,0.0,0.0,0.0,0.0,0.0,0.0,0.0,0.0,0.0,0.0,0.0,0.0,0.0,0.0,0.0,0.0
1064,0.0,0.0,0.0,0.0,0.0,0.0,0.0,0.0,0.0,0.0,0.0,0.0,0.0,0.0,0.0,0.0,0.0,0.0,0.0,0.0,0.0,0.0,0.0,0.0,0.0,0.0,0.0,0.0,0.0,0.0,0.0,0.0,0.0,0.0,0.0,0.0,0.0,0.0,0.0,0.0,0.0,0.0,0.0,0.0,0.0,0.0,0.0,0.0,0.0,0.0,0.0,0.0,0.0,0.0,0.0,0.0,0.0,0.0,0.0,0.0,0.0,0.0,0.0,0.0
1065,0.0,0.0,0.0,0.0,0.0,0.0,0.0,0.0,0.0,0.0,0.0,0.0,0.0,0.0,0.0,0.0,0.0,0.0,0.0,0.0,0.0,0.0,0.0,0.0,0.0,0.0,0.0,0.0,0.0,0.0,0.0,0.0,0.0,0.0,0.0,0.0,0.0,0.0,0.0,0.0,0.0,0.0,0.0,0.0,0.0,0.0,0.0,0.0,0.0,0.0,0.0,0.0,0.0,0.0,0.0,0.0,0.0,0.0,0.0,0.0,0.0,0.0,0.0,0.0
1066,0.0,0.0,0.0,0.0,0.0,0.0,0.0,0.0,0.0,0.0,0.0,0.0,0.0,0.0,0.0,0.0,0.0,0.0,0.0,0.0,0.0,0.0,0.0,0.0,0.0,0.0,0.0,0.0,0.0,0.0,0.0,0.0,0.0,0.0,0.0,0.0,0.0,0.0,0.0,0.0,0.0,0.0,0.0,0.0,0.0,0.0,0.0,0.0,0.0,0.0,0.0,0.0,0.0,0.0,0.0,0.0,0.0,0.0,0.0,0.0,0.0,0.0,0.0,0.0
1067,0.0,0.0,0.0,0.0,0.0,0.0,0.0,0.0,0.0,0.0,0.0,0.0,0.01,0.0,0.0,0.0,0.0,0.0,0.0,0.0,0.0,0.0,0.01,0.0,0.0,0.0,0.0,0.0,0.0,0.0,0.0,0.0,0.0,0.0,0.0,0.0,0.0,0.0,0.0,0.0,0.0,0.0,0.0,0.0,0.0,0.0,0.0,0.0,0.0,0.0,0.0,0.0,0.0,0.0,0.0,0.0,0.0,0.0,0.0,0.0,0.0,0.0,0.0,0.0
1068,0.0,0.17,0.62,0.0,0.0,0.06,0.0,0.0,0.62,0.23,0.64,0.39,0.63,0.43,0.64,0.65,0.61,0.66,0.67,0.62,0.64,0.27,0.65,0.64,0.49,0.61,0.0,0.0,0.6,0.02,0.02,0.0,0.0,0.0,0.0,0.51,0.59,0.66,0.63,0.17,0.16,0.63,0.63,0.57,0.63,0.63,0.14,0.0,0.0,0.05,0.07,0.47,0.03,0.02,0.02,0.03,0.0,0.02,0.22,0.13,0.26,0.03,0.27,0.31
1069,0.0,0.04,0.29,0.0,0.0,0.04,0.0,0.0,0.78,0.8,0.78,0.53,0.76,0.38,0.74,0.77,0.82,0.82,0.82,0.78,0.8,0.26,0.78,0.77,0.08,0.36,0.0,0.0,0.8,0.09,0.28,0.0,0.0,0.0,0.0,0.75,0.78,0.69,0.79,0.37,0.42,0.8,0.77,0.76,0.74,0.79,0.04,0.0,0.0,0.03,0.21,0.4,0.16,0.09,0.05,0.13,0.0,0.18,0.33,0.26,0.34,0.16,0.81,0.37
1070,0.0,0.65,0.8,0.0,0.0,0.06,0.0,0.0,0.84,0.88,0.87,0.61,0.84,0.49,0.84,0.85,0.9,0.89,0.9,0.36,0.87,0.56,0.45,0.87,0.11,0.74,0.0,0.0,0.86,0.87,0.84,0.0,0.0,0.0,0.0,0.87,0.84,0.81,0.88,0.55,0.77,0.87,0.79,0.6,0.86,0.86,0.06,0.0,0.0,0.05,0.34,0.46,0.5,0.26,0.14,0.19,0.0,0.44,0.56,0.62,0.44,0.31,0.88,0.55
1071,0.0,0.88,0.71,0.0,0.0,0.18,0.0,0.0,0.59,0.9,0.89,0.91,0.15,0.28,0.51,0.33,0.91,0.91,0.91,0.36,0.62,0.35,0.26,0.88,0.35,0.69,0.0,0.0,0.86,0.88,0.88,0.0,0.0,0.0,0.0,0.89,0.88,0.84,0.91,0.82,0.85,0.9,0.84,0.49,0.89,0.91,0.2,0.0,0.0,0.14,0.41,0.61,0.59,0.33,0.42,0.91,0.0,0.59,0.7,0.84,0.65,0.37,0.87,0.73
1072,0.0,0.9,0.91,0.0,0.0,0.82,0.0,0.0,0.88,0.7,0.9,0.91,0.15,0.24,0.26,0.25,0.86,0.91,0.91,0.41,0.53,0.26,0.2,0.9,0.48,0.53,0.0,0.0,0.88,0.91,0.91,0.0,0.0,0.0,0.0,0.9,0.9,0.91,0.8,0.88,0.91,0.91,0.91,0.69,0.91,0.91,0.6,0.0,0.0,0.44,0.52,0.62,0.62,0.53,0.47,0.91,0.0,0.73,0.74,0.78,0.68,0.48,0.88,0.71
1073,0.0,0.9,0.91,0.0,0.0,0.53,0.0,0.0,0.88,0.61,0.9,0.91,0.3,0.32,0.21,0.45,0.9,0.91,0.91,0.89,0.52,0.21,0.21,0.9,0.72,0.66,0.0,0.0,0.88,0.89,0.9,0.0,0.0,0.0,0.0,0.89,0.9,0.91,0.84,0.91,0.91,0.9,0.9,0.89,0.91,0.85,0.47,0.0,0.0,0.4,0.86,0.49,0.66,0.88,0.47,0.91,0.0,0.81,0.85,0.75,0.68,0.77,0.87,0.79
1074,0.0,0.89,0.9,0.0,0.0,0.84,0.0,0.0,0.86,0.55,0.88,0.91,0.23,0.5,0.51,0.86,0.88,0.88,0.89,0.87,0.29,0.35,0.39,0.87,0.37,0.89,0.0,0.0,0.84,0.89,0.89,0.0,0.0,0.0,0.0,0.87,0.87,0.9,0.88,0.89,0.91,0.88,0.88,0.87,0.88,0.8,0.85,0.0,0.0,0.48,0.91,0.62,0.6,0.91,0.32,0.91,0.0,0.81,0.91,0.74,0.91,0.91,0.87,0.91
1075,0.0,0.85,0.85,0.0,0.0,0.79,0.0,0.0,0.79,0.79,0.81,0.84,0.09,0.34,0.78,0.79,0.84,0.8,0.8,0.8,0.23,0.37,0.26,0.81,0.65,0.86,0.0,0.0,0.84,0.85,0.85,0.0,0.0,0.0,0.0,0.81,0.81,0.85,0.82,0.85,0.86,0.81,0.78,0.81,0.82,0.83,0.78,0.0,0.0,0.79,0.87,0.85,0.56,0.85,0.23,0.86,0.0,0.86,0.86,0.66,0.86,0.86,0.86,0.86
1076,0.0,0.71,0.72,0.0,0.0,0.64,0.0,0.0,0.62,0.6,0.64,0.65,0.02,0.6,0.6,0.61,0.67,0.46,0.56,0.62,0.08,0.6,0.18,0.64,0.62,0.72,0.0,0.0,0.7,0.71,0.71,0.0,0.0,0.0,0.0,0.68,0.66,0.69,0.7,0.69,0.7,0.7,0.69,0.65,0.65,0.7,0.64,0.0,0.0,0.64,0.71,0.7,0.4,0.7,0.14,0.7,0.0,0.7,0.71,0.42,0.71,0.71,0.71,0.71
1077,0.0,0.11,0.31,0.0,0.0,0.06,0.0,0.0,0.0,0.0,0.0,0.0,0.0,0.0,0.0,0.0,0.0,0.0,0.0,0.0,0.0,0.0,0.0,0.01,0.01,0.1,0.0,0.0,0.09,0.11,0.1,0.0,0.0,0.0,0.0,0.07,0.01,0.01,0.06,0.01,0.01,0.06,0.06,0.01,0.01,0.06,0.06,0.0,0.0,0.06,0.08,0.09,0.01,0.07,0.0,0.06,0.0,0.06,0.07,0.01,0.08,0.07,0.09,0.07
1078,0.0,0.0,0.0,0.0,0.0,0.0,0.0,0.0,0.0,0.0,0.0,0.0,0.0,0.0,0.0,0.0,0.0,0.0,0.0,0.0,0.0,0.0,0.0,0.0,0.0,0.0,0.0,0.0,0.0,0.0,0.0,0.0,0.0,0.0,0.0,0.0,0.0,0.0,0.0,0.0,0.0,0.0,0.0,0.0,0.0,0.0,0.0,0.0,0.0,0.0,0.0,0.0,0.0,0.0,0.0,0.0,0.0,0.0,0.0,0.0,0.0,0.0,0.0,0.0
1079,0.0,0.0,0.0,0.0,0.0,0.0,0.0,0.0,0.0,0.0,0.0,0.0,0.0,0.0,0.0,0.0,0.0,0.0,0.0,0.0,0.0,0.0,0.0,0.0,0.0,0.0,0.0,0.0,0.0,0.0,0.0,0.0,0.0,0.0,0.0,0.0,0.0,0.0,0.0,0.0,0.0,0.0,0.0,0.0,0.0,0.0,0.0,0.0,0.0,0.0,0.0,0.0,0.0,0.0,0.0,0.0,0.0,0.0,0.0,0.0,0.0,0.0,0.0,0.0
1080,0.0,0.0,0.0,0.0,0.0,0.0,0.0,0.0,0.0,0.0,0.0,0.0,0.0,0.0,0.0,0.0,0.0,0.0,0.0,0.0,0.0,0.0,0.0,0.0,0.0,0.0,0.0,0.0,0.0,0.0,0.0,0.0,0.0,0.0,0.0,0.0,0.0,0.0,0.0,0.0,0.0,0.0,0.0,0.0,0.0,0.0,0.0,0.0,0.0,0.0,0.0,0.0,0.0,0.0,0.0,0.0,0.0,0.0,0.0,0.0,0.0,0.0,0.0,0.0
1081,0.0,0.0,0.0,0.0,0.0,0.0,0.0,0.0,0.0,0.0,0.0,0.0,0.0,0.0,0.0,0.0,0.0,0.0,0.0,0.0,0.0,0.0,0.0,0.0,0.0,0.0,0.0,0.0,0.0,0.0,0.0,0.0,0.0,0.0,0.0,0.0,0.0,0.0,0.0,0.0,0.0,0.0,0.0,0.0,0.0,0.0,0.0,0.0,0.0,0.0,0.0,0.0,0.0,0.0,0.0,0.0,0.0,0.0,0.0,0.0,0.0,0.0,0.0,0.0
1082,0.0,0.0,0.0,0.0,0.0,0.0,0.0,0.0,0.0,0.0,0.0,0.0,0.0,0.0,0.0,0.0,0.0,0.0,0.0,0.0,0.0,0.0,0.0,0.0,0.0,0.0,0.0,0.0,0.0,0.0,0.0,0.0,0.0,0.0,0.0,0.0,0.0,0.0,0.0,0.0,0.0,0.0,0.0,0.0,0.0,0.0,0.0,0.0,0.0,0.0,0.0,0.0,0.0,0.0,0.0,0.0,0.0,0.0,0.0,0.0,0.0,0.0,0.0,0.0
1083,0.0,0.0,0.0,0.0,0.0,0.0,0.0,0.0,0.0,0.0,0.0,0.0,0.0,0.0,0.0,0.0,0.0,0.0,0.0,0.0,0.0,0.0,0.0,0.0,0.0,0.0,0.0,0.0,0.0,0.0,0.0,0.0,0.0,0.0,0.0,0.0,0.0,0.0,0.0,0.0,0.0,0.0,0.0,0.0,0.0,0.0,0.0,0.0,0.0,0.0,0.0,0.0,0.0,0.0,0.0,0.0,0.0,0.0,0.0,0.0,0.0,0.0,0.0,0.0
1084,0.0,0.0,0.0,0.0,0.0,0.0,0.0,0.0,0.0,0.0,0.0,0.0,0.0,0.0,0.0,0.0,0.0,0.0,0.0,0.0,0.0,0.0,0.0,0.0,0.0,0.0,0.0,0.0,0.0,0.0,0.0,0.0,0.0,0.0,0.0,0.0,0.0,0.0,0.0,0.0,0.0,0.0,0.0,0.0,0.0,0.0,0.0,0.0,0.0,0.0,0.0,0.0,0.0,0.0,0.0,0.0,0.0,0.0,0.0,0.0,0.0,0.0,0.0,0.0
1085,0.0,0.0,0.0,0.0,0.0,0.0,0.0,0.0,0.0,0.0,0.0,0.0,0.0,0.0,0.0,0.0,0.0,0.0,0.0,0.0,0.0,0.0,0.0,0.0,0.0,0.0,0.0,0.0,0.0,0.0,0.0,0.0,0.0,0.0,0.0,0.0,0.0,0.0,0.0,0.0,0.0,0.0,0.0,0.0,0.0,0.0,0.0,0.0,0.0,0.0,0.0,0.0,0.0,0.0,0.0,0.0,0.0,0.0,0.0,0.0,0.0,0.0,0.0,0.0
1086,0.0,0.0,0.0,0.0,0.0,0.0,0.0,0.0,0.0,0.0,0.0,0.0,0.0,0.0,0.0,0.0,0.0,0.0,0.0,0.0,0.0,0.0,0.0,0.0,0.0,0.0,0.0,0.0,0.0,0.0,0.0,0.0,0.0,0.0,0.0,0.0,0.0,0.0,0.0,0.0,0.0,0.0,0.0,0.0,0.0,0.0,0.0,0.0,0.0,0.0,0.0,0.0,0.0,0.0,0.0,0.0,0.0,0.0,0.0,0.0,0.0,0.0,0.0,0.0
1087,0.0,0.0,0.0,0.0,0.0,0.0,0.0,0.0,0.0,0.0,0.0,0.0,0.0,0.0,0.0,0.0,0.0,0.0,0.0,0.0,0.0,0.0,0.0,0.0,0.0,0.0,0.0,0.0,0.0,0.0,0.0,0.0,0.0,0.0,0.0,0.0,0.0,0.0,0.0,0.0,0.0,0.0,0.0,0.0,0.0,0.0,0.0,0.0,0.0,0.0,0.0,0.0,0.0,0.0,0.0,0.0,0.0,0.0,0.0,0.0,0.0,0.0,0.0,0.0
1088,0.0,0.0,0.0,0.0,0.0,0.0,0.0,0.0,0.0,0.0,0.0,0.0,0.0,0.0,0.0,0.0,0.0,0.0,0.0,0.0,0.0,0.0,0.0,0.0,0.0,0.0,0.0,0.0,0.0,0.0,0.0,0.0,0.0,0.0,0.0,0.0,0.0,0.0,0.0,0.0,0.0,0.0,0.0,0.0,0.0,0.0,0.0,0.0,0.0,0.0,0.0,0.0,0.0,0.0,0.0,0.0,0.0,0.0,0.0,0.0,0.0,0.0,0.0,0.0
1089,0.0,0.0,0.0,0.0,0.0,0.0,0.0,0.0,0.0,0.0,0.0,0.0,0.0,0.0,0.0,0.0,0.0,0.0,0.0,0.0,0.0,0.0,0.0,0.0,0.0,0.0,0.0,0.0,0.0,0.0,0.0,0.0,0.0,0.0,0.0,0.0,0.0,0.0,0.0,0.0,0.0,0.0,0.0,0.0,0.0,0.0,0.0,0.0,0.0,0.0,0.0,0.0,0.0,0.0,0.0,0.0,0.0,0.0,0.0,0.0,0.0,0.0,0.0,0.0
1090,0.0,0.0,0.0,0.0,0.0,0.0,0.0,0.0,0.0,0.0,0.0,0.0,0.0,0.0,0.0,0.0,0.0,0.0,0.0,0.0,0.0,0.0,0.0,0.0,0.0,0.0,0.0,0.0,0.0,0.0,0.0,0.0,0.0,0.0,0.0,0.0,0.0,0.0,0.0,0.0,0.0,0.0,0.0,0.0,0.0,0.0,0.0,0.0,0.0,0.0,0.0,0.0,0.0,0.0,0.0,0.0,0.0,0.0,0.0,0.0,0.0,0.0,0.0,0.0
1091,0.0,0.0,0.0,0.0,0.0,0.02,0.0,0.0,0.02,0.0,0.02,0.01,0.32,0.04,0.04,0.04,0.01,0.03,0.03,0.03,0.01,0.04,0.31,0.02,0.04,0.0,0.0,0.0,0.0,0.0,0.0,0.0,0.0,0.0,0.0,0.0,0.01,0.0,0.0,0.0,0.0,0.0,0.0,0.02,0.01,0.0,0.02,0.0,0.0,0.02,0.0,0.0,0.0,0.0,0.0,0.0,0.0,0.0,0.0,0.0,0.0,0.0,0.0,0.0
1092,0.0,0.66,0.65,0.0,0.0,0.66,0.0,0.0,0.67,0.68,0.65,0.7,0.71,0.67,0.68,0.68,0.7,0.71,0.72,0.67,0.7,0.69,0.7,0.67,0.68,0.67,0.0,0.0,0.66,0.66,0.66,0.0,0.0,0.0,0.0,0.65,0.66,0.68,0.66,0.69,0.69,0.67,0.68,0.69,0.68,0.67,0.66,0.0,0.0,0.67,0.65,0.66,0.66,0.64,0.67,0.64,0.0,0.65,0.66,0.66,0.65,0.65,0.67,0.66
1093,0.0,0.81,0.81,0.0,0.0,0.8,0.0,0.0,0.79,0.83,0.76,0.84,0.83,0.8,0.81,0.81,0.85,0.85,0.87,0.8,0.84,0.81,0.82,0.8,0.82,0.83,0.0,0.0,0.8,0.81,0.81,0.0,0.0,0.0,0.0,0.8,0.81,0.81,0.82,0.83,0.85,0.82,0.83,0.83,0.82,0.82,0.8,0.0,0.0,0.81,0.82,0.82,0.82,0.81,0.83,0.81,0.0,0.81,0.81,0.82,0.8,0.82,0.83,0.81
1094,0.0,0.84,0.85,0.0,0.0,0.83,0.0,0.0,0.82,0.88,0.81,0.88,0.85,0.85,0.85,0.84,0.89,0.88,0.9,0.84,0.88,0.84,0.82,0.84,0.85,0.87,0.0,0.0,0.84,0.85,0.85,0.0,0.0,0.0,0.0,0.84,0.85,0.8,0.85,0.83,0.89,0.86,0.86,0.86,0.85,0.86,0.83,0.0,0.0,0.84,0.85,0.87,0.85,0.85,0.87,0.86,0.0,0.85,0.84,0.85,0.85,0.86,0.87,0.85
1095,0.0,0.88,0.89,0.0,0.0,0.86,0.0,0.0,0.86,0.91,0.86,0.91,0.89,0.88,0.88,0.87,0.91,0.91,0.91,0.87,0.91,0.89,0.9,0.88,0.88,0.9,0.0,0.0,0.88,0.88,0.89,0.0,0.0,0.0,0.0,0.88,0.9,0.84,0.88,0.86,0.91,0.89,0.9,0.9,0.89,0.9,0.86,0.0,0.0,0.87,0.88,0.91,0.9,0.88,0.91,0.89,0.0,0.89,0.88,0.9,0.88,0.89,0.91,0.88
1096,0.0,0.9,0.9,0.0,0.0,0.88,0.0,0.0,0.88,0.89,0.85,0.91,0.91,0.91,0.91,0.9,0.91,0.91,0.91,0.9,0.91,0.91,0.91,0.9,0.88,0.91,0.0,0.0,0.9,0.9,0.91,0.0,0.0,0.0,0.0,0.89,0.91,0.88,0.9,0.89,0.91,0.91,0.91,0.91,0.9,0.91,0.88,0.0,0.0,0.88,0.91,0.91,0.91,0.91,0.91,0.91,0.0,0.91,0.9,0.91,0.91,0.91,0.91,0.91
1097,0.0,0.89,0.89,0.0,0.0,0.87,0.0,0.0,0.87,0.91,0.83,0.91,0.9,0.91,0.9,0.89,0.91,0.91,0.91,0.88,0.91,0.9,0.9,0.89,0.88,0.91,0.0,0.0,0.9,0.9,0.9,0.0,0.0,0.0,0.0,0.88,0.9,0.89,0.9,0.9,0.91,0.9,0.89,0.91,0.89,0.91,0.87,0.0,0.0,0.87,0.9,0.91,0.91,0.89,0.91,0.89,0.0,0.9,0.89,0.9,0.91,0.9,0.91,0.91
1098,0.0,0.87,0.87,0.0,0.0,0.86,0.0,0.0,0.84,0.91,0.82,0.91,0.87,0.88,0.88,0.86,0.91,0.88,0.91,0.86,0.9,0.88,0.88,0.87,0.86,0.9,0.0,0.0,0.88,0.88,0.88,0.0,0.0,0.0,0.0,0.88,0.89,0.88,0.88,0.9,0.91,0.88,0.87,0.89,0.88,0.89,0.86,0.0,0.0,0.86,0.88,0.89,0.88,0.87,0.9,0.88,0.0,0.87,0.88,0.87,0.89,0.88,0.9,0.88
1099,0.0,0.8,0.26,0.0,0.0,0.8,0.0,0.0,0.78,0.83,0.76,0.84,0.79,0.8,0.8,0.78,0.84,0.81,0.83,0.79,0.83,0.8,0.79,0.8,0.79,0.83,0.0,0.0,0.81,0.81,0.82,0.0,0.0,0.0,0.0,0.82,0.81,0.82,0.82,0.82,0.84,0.81,0.8,0.82,0.8,0.82,0.8,0.0,0.0,0.8,0.81,0.82,0.81,0.8,0.82,0.82,0.0,0.8,0.8,0.81,0.81,0.81,0.83,0.81
1100,0.0,0.19,0.12,0.0,0.0,0.67,0.0,0.0,0.62,0.63,0.62,0.66,0.6,0.62,0.62,0.62,0.66,0.62,0.63,0.62,0.64,0.62,0.59,0.65,0.65,0.68,0.0,0.0,0.68,0.16,0.67,0.0,0.0,0.0,0.0,0.68,0.66,0.65,0.68,0.67,0.69,0.68,0.67,0.66,0.66,0.68,0.67,0.0,0.0,0.67,0.69,0.69,0.67,0.68,0.67,0.67,0.0,0.66,0.68,0.68,0.69,0.69,0.69,0.68
1101,0.0,0.0,0.22,0.0,0.0,0.02,0.0,0.0,0.0,0.0,0.0,0.0,0.0,0.0,0.0,0.0,0.0,0.0,0.0,0.0,0.0,0.0,0.0,0.0,0.0,0.2,0.0,0.0,0.03,0.0,0.03,0.0,0.0,0.0,0.0,0.02,0.0,0.0,0.01,0.0,0.0,0.01,0.01,0.0,0.0,0.01,0.02,0.0,0.0,0.02,0.02,0.03,0.01,0.01,0.0,0.0,0.0,0.01,0.02,0.0,0.02,0.02,0.03,0.02
1102,0.0,0.0,0.0,0.0,0.0,0.0,0.0,0.0,0.0,0.0,0.0,0.0,0.0,0.0,0.0,0.0,0.0,0.0,0.0,0.0,0.0,0.0,0.0,0.0,0.0,0.0,0.0,0.0,0.0,0.0,0.0,0.0,0.0,0.0,0.0,0.0,0.0,0.0,0.0,0.0,0.0,0.0,0.0,0.0,0.0,0.0,0.0,0.0,0.0,0.0,0.0,0.0,0.0,0.0,0.0,0.0,0.0,0.0,0.0,0.0,0.0,0.0,0.0,0.0
1103,0.0,0.0,0.0,0.0,0.0,0.0,0.0,0.0,0.0,0.0,0.0,0.0,0.0,0.0,0.0,0.0,0.0,0.0,0.0,0.0,0.0,0.0,0.0,0.0,0.0,0.0,0.0,0.0,0.0,0.0,0.0,0.0,0.0,0.0,0.0,0.0,0.0,0.0,0.0,0.0,0.0,0.0,0.0,0.0,0.0,0.0,0.0,0.0,0.0,0.0,0.0,0.0,0.0,0.0,0.0,0.0,0.0,0.0,0.0,0.0,0.0,0.0,0.0,0.0
1104,0.0,0.0,0.0,0.0,0.0,0.0,0.0,0.0,0.0,0.0,0.0,0.0,0.0,0.0,0.0,0.0,0.0,0.0,0.0,0.0,0.0,0.0,0.0,0.0,0.0,0.0,0.0,0.0,0.0,0.0,0.0,0.0,0.0,0.0,0.0,0.0,0.0,0.0,0.0,0.0,0.0,0.0,0.0,0.0,0.0,0.0,0.0,0.0,0.0,0.0,0.0,0.0,0.0,0.0,0.0,0.0,0.0,0.0,0.0,0.0,0.0,0.0,0.0,0.0
1105,0.0,0.0,0.0,0.0,0.0,0.0,0.0,0.0,0.0,0.0,0.0,0.0,0.0,0.0,0.0,0.0,0.0,0.0,0.0,0.0,0.0,0.0,0.0,0.0,0.0,0.0,0.0,0.0,0.0,0.0,0.0,0.0,0.0,0.0,0.0,0.0,0.0,0.0,0.0,0.0,0.0,0.0,0.0,0.0,0.0,0.0,0.0,0.0,0.0,0.0,0.0,0.0,0.0,0.0,0.0,0.0,0.0,0.0,0.0,0.0,0.0,0.0,0.0,0.0
1106,0.0,0.0,0.0,0.0,0.0,0.0,0.0,0.0,0.0,0.0,0.0,0.0,0.0,0.0,0.0,0.0,0.0,0.0,0.0,0.0,0.0,0.0,0.0,0.0,0.0,0.0,0.0,0.0,0.0,0.0,0.0,0.0,0.0,0.0,0.0,0.0,0.0,0.0,0.0,0.0,0.0,0.0,0.0,0.0,0.0,0.0,0.0,0.0,0.0,0.0,0.0,0.0,0.0,0.0,0.0,0.0,0.0,0.0,0.0,0.0,0.0,0.0,0.0,0.0
1107,0.0,0.0,0.0,0.0,0.0,0.0,0.0,0.0,0.0,0.0,0.0,0.0,0.0,0.0,0.0,0.0,0.0,0.0,0.0,0.0,0.0,0.0,0.0,0.0,0.0,0.0,0.0,0.0,0.0,0.0,0.0,0.0,0.0,0.0,0.0,0.0,0.0,0.0,0.0,0.0,0.0,0.0,0.0,0.0,0.0,0.0,0.0,0.0,0.0,0.0,0.0,0.0,0.0,0.0,0.0,0.0,0.0,0.0,0.0,0.0,0.0,0.0,0.0,0.0
1108,0.0,0.0,0.0,0.0,0.0,0.0,0.0,0.0,0.0,0.0,0.0,0.0,0.0,0.0,0.0,0.0,0.0,0.0,0.0,0.0,0.0,0.0,0.0,0.0,0.0,0.0,0.0,0.0,0.0,0.0,0.0,0.0,0.0,0.0,0.0,0.0,0.0,0.0,0.0,0.0,0.0,0.0,0.0,0.0,0.0,0.0,0.0,0.0,0.0,0.0,0.0,0.0,0.0,0.0,0.0,0.0,0.0,0.0,0.0,0.0,0.0,0.0,0.0,0.0
1109,0.0,0.0,0.0,0.0,0.0,0.0,0.0,0.0,0.0,0.0,0.0,0.0,0.0,0.0,0.0,0.0,0.0,0.0,0.0,0.0,0.0,0.0,0.0,0.0,0.0,0.0,0.0,0.0,0.0,0.0,0.0,0.0,0.0,0.0,0.0,0.0,0.0,0.0,0.0,0.0,0.0,0.0,0.0,0.0,0.0,0.0,0.0,0.0,0.0,0.0,0.0,0.0,0.0,0.0,0.0,0.0,0.0,0.0,0.0,0.0,0.0,0.0,0.0,0.0
1110,0.0,0.0,0.0,0.0,0.0,0.0,0.0,0.0,0.0,0.0,0.0,0.0,0.0,0.0,0.0,0.0,0.0,0.0,0.0,0.0,0.0,0.0,0.0,0.0,0.0,0.0,0.0,0.0,0.0,0.0,0.0,0.0,0.0,0.0,0.0,0.0,0.0,0.0,0.0,0.0,0.0,0.0,0.0,0.0,0.0,0.0,0.0,0.0,0.0,0.0,0.0,0.0,0.0,0.0,0.0,0.0,0.0,0.0,0.0,0.0,0.0,0.0,0.0,0.0
1111,0.0,0.0,0.0,0.0,0.0,0.0,0.0,0.0,0.0,0.0,0.0,0.0,0.0,0.0,0.0,0.0,0.0,0.0,0.0,0.0,0.0,0.0,0.0,0.0,0.0,0.0,0.0,0.0,0.0,0.0,0.0,0.0,0.0,0.0,0.0,0.0,0.0,0.0,0.0,0.0,0.0,0.0,0.0,0.0,0.0,0.0,0.0,0.0,0.0,0.0,0.0,0.0,0.0,0.0,0.0,0.0,0.0,0.0,0.0,0.0,0.0,0.0,0.0,0.0
1112,0.0,0.0,0.0,0.0,0.0,0.0,0.0,0.0,0.0,0.0,0.0,0.0,0.0,0.0,0.0,0.0,0.0,0.0,0.0,0.0,0.0,0.0,0.0,0.0,0.0,0.0,0.0,0.0,0.0,0.0,0.0,0.0,0.0,0.0,0.0,0.0,0.0,0.0,0.0,0.0,0.0,0.0,0.0,0.0,0.0,0.0,0.0,0.0,0.0,0.0,0.0,0.0,0.0,0.0,0.0,0.0,0.0,0.0,0.0,0.0,0.0,0.0,0.0,0.0
1113,0.0,0.0,0.0,0.0,0.0,0.0,0.0,0.0,0.0,0.0,0.0,0.0,0.0,0.0,0.0,0.0,0.0,0.0,0.0,0.0,0.0,0.0,0.0,0.0,0.0,0.0,0.0,0.0,0.0,0.0,0.0,0.0,0.0,0.0,0.0,0.0,0.0,0.0,0.0,0.0,0.0,0.0,0.0,0.0,0.0,0.0,0.0,0.0,0.0,0.0,0.0,0.0,0.0,0.0,0.0,0.0,0.0,0.0,0.0,0.0,0.0,0.0,0.0,0.0
1114,0.0,0.0,0.0,0.0,0.0,0.0,0.0,0.0,0.0,0.0,0.0,0.0,0.0,0.0,0.0,0.0,0.0,0.0,0.0,0.0,0.0,0.0,0.0,0.0,0.0,0.0,0.0,0.0,0.0,0.0,0.0,0.0,0.0,0.0,0.0,0.0,0.0,0.0,0.0,0.0,0.0,0.0,0.0,0.0,0.0,0.0,0.0,0.0,0.0,0.0,0.0,0.0,0.0,0.0,0.0,0.0,0.0,0.0,0.0,0.0,0.0,0.0,0.0,0.0
1115,0.0,0.0,0.0,0.0,0.0,0.0,0.0,0.0,0.01,0.02,0.01,0.01,0.24,0.02,0.02,0.01,0.01,0.03,0.03,0.02,0.02,0.03,0.26,0.01,0.05,0.0,0.0,0.0,0.0,0.0,0.0,0.0,0.0,0.0,0.0,0.0,0.0,0.0,0.0,0.0,0.0,0.0,0.0,0.01,0.01,0.0,0.02,0.0,0.0,0.02,0.0,0.0,0.0,0.0,0.0,0.0,0.0,0.0,0.0,0.0,0.0,0.0,0.0,0.0
1116,0.0,0.25,0.18,0.0,0.0,0.04,0.0,0.0,0.33,0.38,0.12,0.33,0.44,0.2,0.22,0.22,0.22,0.4,0.44,0.25,0.48,0.24,0.52,0.26,0.43,0.18,0.0,0.0,0.14,0.26,0.21,0.0,0.0,0.0,0.0,0.26,0.24,0.21,0.16,0.08,0.32,0.18,0.21,0.33,0.27,0.17,0.14,0.0,0.0,0.38,0.13,0.1,0.29,0.21,0.24,0.18,0.0,0.24,0.14,0.2,0.1,0.14,0.13,0.13
1117,0.0,0.23,0.24,0.0,0.0,0.46,0.0,0.0,0.22,0.72,0.25,0.38,0.6,0.48,0.48,0.39,0.41,0.56,0.59,0.34,0.56,0.51,0.76,0.38,0.7,0.28,0.0,0.0,0.33,0.24,0.27,0.0,0.0,0.0,0.0,0.34,0.25,0.39,0.28,0.33,0.37,0.29,0.33,0.38,0.34,0.32,0.44,0.0,0.0,0.53,0.28,0.32,0.38,0.33,0.39,0.36,0.0,0.34,0.29,0.38,0.27,0.29,0.37,0.27
1118,0.0,0.21,0.24,0.0,0.0,0.63,0.0,0.0,0.29,0.72,0.25,0.54,0.75,0.48,0.52,0.52,0.56,0.39,0.59,0.45,0.54,0.54,0.71,0.45,0.73,0.32,0.0,0.0,0.37,0.2,0.31,0.0,0.0,0.0,0.0,0.44,0.49,0.46,0.35,0.43,0.59,0.36,0.47,0.47,0.47,0.38,0.6,0.0,0.0,0.58,0.52,0.49,0.56,0.47,0.57,0.57,0.0,0.52,0.51,0.65,0.53,0.47,0.45,0.54
1119,0.0,0.22,0.3,0.0,0.0,0.37,0.0,0.0,0.49,0.68,0.55,0.38,0.71,0.55,0.49,0.57,0.53,0.4,0.45,0.52,0.39,0.6,0.5,0.39,0.73,0.3,0.0,0.0,0.2,0.18,0.18,0.0,0.0,0.0,0.0,0.33,0.46,0.29,0.32,0.36,0.45,0.3,0.28,0.57,0.57,0.3,0.38,0.0,0.0,0.36,0.58,0.47,0.41,0.6,0.52,0.54,0.0,0.47,0.39,0.45,0.59,0.6,0.36,0.5
1120,0.0,0.22,0.36,0.0,0.0,0.54,0.0,0.0,0.36,0.34,0.27,0.31,0.74,0.51,0.5,0.49,0.35,0.46,0.7,0.5,0.26,0.52,0.76,0.51,0.62,0.36,0.0,0.0,0.21,0.22,0.25,0.0,0.0,0.0,0.0,0.49,0.37,0.26,0.49,0.28,0.44,0.41,0.34,0.36,0.52,0.42,0.58,0.0,0.0,0.59,0.55,0.62,0.4,0.57,0.64,0.49,0.0,0.51,0.35,0.57,0.52,0.58,0.31,0.49
1121,0.0,0.17,0.21,0.0,0.0,0.63,0.0,0.0,0.48,0.21,0.5,0.41,0.51,0.58,0.58,0.55,0.54,0.69,0.68,0.57,0.35,0.58,0.56,0.52,0.51,0.49,0.0,0.0,0.28,0.15,0.19,0.0,0.0,0.0,0.0,0.31,0.42,0.22,0.51,0.25,0.55,0.52,0.45,0.51,0.52,0.52,0.6,0.0,0.0,0.63,0.5,0.55,0.57,0.45,0.44,0.51,0.0,0.41,0.29,0.55,0.51,0.49,0.4,0.38
1122,0.0,0.16,0.22,0.0,0.0,0.14,0.0,0.0,0.45,0.31,0.43,0.25,0.5,0.39,0.39,0.4,0.44,0.29,0.41,0.43,0.31,0.4,0.52,0.21,0.13,0.27,0.0,0.0,0.26,0.14,0.23,0.0,0.0,0.0,0.0,0.36,0.38,0.23,0.32,0.22,0.41,0.21,0.2,0.44,0.31,0.31,0.1,0.0,0.0,0.12,0.38,0.42,0.37,0.33,0.4,0.48,0.0,0.31,0.26,0.49,0.46,0.36,0.33,0.41
1123,0.0,0.07,0.08,0.0,0.0,0.07,0.0,0.0,0.32,0.44,0.33,0.22,0.36,0.36,0.36,0.35,0.24,0.11,0.22,0.24,0.36,0.37,0.37,0.07,0.06,0.28,0.0,0.0,0.08,0.1,0.16,0.0,0.0,0.0,0.0,0.29,0.26,0.08,0.28,0.1,0.33,0.3,0.23,0.25,0.15,0.31,0.05,0.0,0.0,0.04,0.29,0.3,0.29,0.38,0.35,0.56,0.0,0.35,0.17,0.45,0.31,0.27,0.31,0.31
1124,0.0,0.01,0.01,0.0,0.0,0.02,0.0,0.0,0.18,0.06,0.18,0.03,0.13,0.14,0.15,0.16,0.14,0.05,0.12,0.16,0.2,0.14,0.14,0.04,0.02,0.03,0.0,0.0,0.03,0.02,0.02,0.0,0.0,0.0,0.0,0.07,0.14,0.04,0.18,0.04,0.19,0.18,0.19,0.05,0.08,0.19,0.02,0.0,0.0,0.02,0.29,0.15,0.24,0.4,0.27,0.28,0.0,0.37,0.18,0.34,0.18,0.34,0.11,0.19
1125,0.0,0.0,0.0,0.0,0.0,0.0,0.0,0.0,0.0,0.0,0.0,0.0,0.0,0.0,0.0,0.0,0.0,0.0,0.0,0.0,0.0,0.0,0.0,0.0,0.0,0.01,0.0,0.0,0.02,0.0,0.01,0.0,0.0,0.0,0.0,0.01,0.0,0.0,0.01,0.0,0.0,0.01,0.01,0.0,0.0,0.01,0.0,0.0,0.0,0.0,0.03,0.02,0.02,0.03,0.01,0.02,0.0,0.02,0.02,0.02,0.03,0.03,0.03,0.02
1126,0.0,0.0,0.0,0.0,0.0,0.0,0.0,0.0,0.0,0.0,0.0,0.0,0.0,0.0,0.0,0.0,0.0,0.0,0.0,0.0,0.0,0.0,0.0,0.0,0.0,0.0,0.0,0.0,0.0,0.0,0.0,0.0,0.0,0.0,0.0,0.0,0.0,0.0,0.0,0.0,0.0,0.0,0.0,0.0,0.0,0.0,0.0,0.0,0.0,0.0,0.0,0.0,0.0,0.0,0.0,0.0,0.0,0.0,0.0,0.0,0.0,0.0,0.0,0.0
1127,0.0,0.0,0.0,0.0,0.0,0.0,0.0,0.0,0.0,0.0,0.0,0.0,0.0,0.0,0.0,0.0,0.0,0.0,0.0,0.0,0.0,0.0,0.0,0.0,0.0,0.0,0.0,0.0,0.0,0.0,0.0,0.0,0.0,0.0,0.0,0.0,0.0,0.0,0.0,0.0,0.0,0.0,0.0,0.0,0.0,0.0,0.0,0.0,0.0,0.0,0.0,0.0,0.0,0.0,0.0,0.0,0.0,0.0,0.0,0.0,0.0,0.0,0.0,0.0
1128,0.0,0.0,0.0,0.0,0.0,0.0,0.0,0.0,0.0,0.0,0.0,0.0,0.0,0.0,0.0,0.0,0.0,0.0,0.0,0.0,0.0,0.0,0.0,0.0,0.0,0.0,0.0,0.0,0.0,0.0,0.0,0.0,0.0,0.0,0.0,0.0,0.0,0.0,0.0,0.0,0.0,0.0,0.0,0.0,0.0,0.0,0.0,0.0,0.0,0.0,0.0,0.0,0.0,0.0,0.0,0.0,0.0,0.0,0.0,0.0,0.0,0.0,0.0,0.0
1129,0.0,0.0,0.0,0.0,0.0,0.0,0.0,0.0,0.0,0.0,0.0,0.0,0.0,0.0,0.0,0.0,0.0,0.0,0.0,0.0,0.0,0.0,0.0,0.0,0.0,0.0,0.0,0.0,0.0,0.0,0.0,0.0,0.0,0.0,0.0,0.0,0.0,0.0,0.0,0.0,0.0,0.0,0.0,0.0,0.0,0.0,0.0,0.0,0.0,0.0,0.0,0.0,0.0,0.0,0.0,0.0,0.0,0.0,0.0,0.0,0.0,0.0,0.0,0.0
1130,0.0,0.0,0.0,0.0,0.0,0.0,0.0,0.0,0.0,0.0,0.0,0.0,0.0,0.0,0.0,0.0,0.0,0.0,0.0,0.0,0.0,0.0,0.0,0.0,0.0,0.0,0.0,0.0,0.0,0.0,0.0,0.0,0.0,0.0,0.0,0.0,0.0,0.0,0.0,0.0,0.0,0.0,0.0,0.0,0.0,0.0,0.0,0.0,0.0,0.0,0.0,0.0,0.0,0.0,0.0,0.0,0.0,0.0,0.0,0.0,0.0,0.0,0.0,0.0
1131,0.0,0.0,0.0,0.0,0.0,0.0,0.0,0.0,0.0,0.0,0.0,0.0,0.0,0.0,0.0,0.0,0.0,0.0,0.0,0.0,0.0,0.0,0.0,0.0,0.0,0.0,0.0,0.0,0.0,0.0,0.0,0.0,0.0,0.0,0.0,0.0,0.0,0.0,0.0,0.0,0.0,0.0,0.0,0.0,0.0,0.0,0.0,0.0,0.0,0.0,0.0,0.0,0.0,0.0,0.0,0.0,0.0,0.0,0.0,0.0,0.0,0.0,0.0,0.0
1132,0.0,0.0,0.0,0.0,0.0,0.0,0.0,0.0,0.0,0.0,0.0,0.0,0.0,0.0,0.0,0.0,0.0,0.0,0.0,0.0,0.0,0.0,0.0,0.0,0.0,0.0,0.0,0.0,0.0,0.0,0.0,0.0,0.0,0.0,0.0,0.0,0.0,0.0,0.0,0.0,0.0,0.0,0.0,0.0,0.0,0.0,0.0,0.0,0.0,0.0,0.0,0.0,0.0,0.0,0.0,0.0,0.0,0.0,0.0,0.0,0.0,0.0,0.0,0.0
1133,0.0,0.0,0.0,0.0,0.0,0.0,0.0,0.0,0.0,0.0,0.0,0.0,0.0,0.0,0.0,0.0,0.0,0.0,0.0,0.0,0.0,0.0,0.0,0.0,0.0,0.0,0.0,0.0,0.0,0.0,0.0,0.0,0.0,0.0,0.0,0.0,0.0,0.0,0.0,0.0,0.0,0.0,0.0,0.0,0.0,0.0,0.0,0.0,0.0,0.0,0.0,0.0,0.0,0.0,0.0,0.0,0.0,0.0,0.0,0.0,0.0,0.0,0.0,0.0
1134,0.0,0.0,0.0,0.0,0.0,0.0,0.0,0.0,0.0,0.0,0.0,0.0,0.0,0.0,0.0,0.0,0.0,0.0,0.0,0.0,0.0,0.0,0.0,0.0,0.0,0.0,0.0,0.0,0.0,0.0,0.0,0.0,0.0,0.0,0.0,0.0,0.0,0.0,0.0,0.0,0.0,0.0,0.0,0.0,0.0,0.0,0.0,0.0,0.0,0.0,0.0,0.0,0.0,0.0,0.0,0.0,0.0,0.0,0.0,0.0,0.0,0.0,0.0,0.0
1135,0.0,0.0,0.0,0.0,0.0,0.0,0.0,0.0,0.0,0.0,0.0,0.0,0.0,0.0,0.0,0.0,0.0,0.0,0.0,0.0,0.0,0.0,0.0,0.0,0.0,0.0,0.0,0.0,0.0,0.0,0.0,0.0,0.0,0.0,0.0,0.0,0.0,0.0,0.0,0.0,0.0,0.0,0.0,0.0,0.0,0.0,0.0,0.0,0.0,0.0,0.0,0.0,0.0,0.0,0.0,0.0,0.0,0.0,0.0,0.0,0.0,0.0,0.0,0.0
1136,0.0,0.0,0.0,0.0,0.0,0.0,0.0,0.0,0.0,0.0,0.0,0.0,0.0,0.0,0.0,0.0,0.0,0.0,0.0,0.0,0.0,0.0,0.0,0.0,0.0,0.0,0.0,0.0,0.0,0.0,0.0,0.0,0.0,0.0,0.0,0.0,0.0,0.0,0.0,0.0,0.0,0.0,0.0,0.0,0.0,0.0,0.0,0.0,0.0,0.0,0.0,0.0,0.0,0.0,0.0,0.0,0.0,0.0,0.0,0.0,0.0,0.0,0.0,0.0
1137,0.0,0.0,0.0,0.0,0.0,0.0,0.0,0.0,0.0,0.0,0.0,0.0,0.0,0.0,0.0,0.0,0.0,0.0,0.0,0.0,0.0,0.0,0.0,0.0,0.0,0.0,0.0,0.0,0.0,0.0,0.0,0.0,0.0,0.0,0.0,0.0,0.0,0.0,0.0,0.0,0.0,0.0,0.0,0.0,0.0,0.0,0.0,0.0,0.0,0.0,0.0,0.0,0.0,0.0,0.0,0.0,0.0,0.0,0.0,0.0,0.0,0.0,0.0,0.0
1138,0.0,0.0,0.0,0.0,0.0,0.0,0.0,0.0,0.0,0.0,0.0,0.0,0.0,0.0,0.0,0.0,0.0,0.0,0.0,0.0,0.0,0.0,0.0,0.0,0.0,0.0,0.0,0.0,0.0,0.0,0.0,0.0,0.0,0.0,0.0,0.0,0.0,0.0,0.0,0.0,0.0,0.0,0.0,0.0,0.0,0.0,0.0,0.0,0.0,0.0,0.0,0.0,0.0,0.0,0.0,0.0,0.0,0.0,0.0,0.0,0.0,0.0,0.0,0.0
1139,0.0,0.0,0.0,0.0,0.0,0.0,0.0,0.0,0.0,0.0,0.01,0.0,0.0,0.0,0.0,0.0,0.0,0.0,0.0,0.0,0.0,0.0,0.0,0.01,0.0,0.0,0.0,0.0,0.0,0.0,0.0,0.0,0.0,0.0,0.0,0.0,0.0,0.0,0.0,0.0,0.0,0.0,0.0,0.01,0.0,0.0,0.0,0.0,0.0,0.0,0.0,0.0,0.0,0.0,0.0,0.0,0.0,0.0,0.0,0.0,0.0,0.0,0.0,0.0
1140,0.0,0.36,0.37,0.0,0.0,0.0,0.0,0.0,0.02,0.09,0.02,0.03,0.0,0.01,0.01,0.01,0.01,0.01,0.01,0.02,0.06,0.01,0.0,0.02,0.02,0.24,0.0,0.0,0.04,0.37,0.59,0.0,0.0,0.0,0.0,0.17,0.03,0.03,0.35,0.02,0.16,0.02,0.11,0.04,0.03,0.35,0.0,0.0,0.0,0.0,0.22,0.03,0.04,0.02,0.03,0.02,0.0,0.02,0.32,0.16,0.26,0.2,0.04,0.34
1141,0.0,0.82,0.82,0.0,0.0,0.79,0.0,0.0,0.19,0.5,0.14,0.81,0.15,0.04,0.04,0.03,0.23,0.04,0.1,0.08,0.64,0.05,0.03,0.1,0.02,0.84,0.0,0.0,0.28,0.85,0.71,0.0,0.0,0.0,0.0,0.63,0.76,0.77,0.6,0.58,0.78,0.63,0.69,0.25,0.3,0.63,0.28,0.0,0.0,0.16,0.62,0.72,0.57,0.25,0.06,0.45,0.0,0.4,0.82,0.79,0.8,0.71,0.78,0.82
1142,0.0,0.82,0.18,0.0,0.0,0.82,0.0,0.0,0.31,0.86,0.28,0.84,0.05,0.09,0.22,0.55,0.34,0.49,0.86,0.25,0.86,0.19,0.06,0.12,0.09,0.46,0.0,0.0,0.5,0.88,0.79,0.0,0.0,0.0,0.0,0.76,0.75,0.83,0.8,0.83,0.8,0.79,0.78,0.72,0.36,0.83,0.84,0.0,0.0,0.82,0.3,0.53,0.77,0.12,0.21,0.57,0.0,0.19,0.84,0.87,0.64,0.26,0.78,0.84
1143,0.0,0.41,0.48,0.0,0.0,0.9,0.0,0.0,0.69,0.91,0.89,0.87,0.37,0.86,0.86,0.81,0.87,0.9,0.91,0.21,0.91,0.88,0.4,0.82,0.17,0.38,0.0,0.0,0.91,0.53,0.91,0.0,0.0,0.0,0.0,0.86,0.82,0.9,0.73,0.89,0.91,0.91,0.91,0.78,0.8,0.8,0.9,0.0,0.0,0.9,0.38,0.41,0.42,0.21,0.37,0.47,0.0,0.22,0.71,0.48,0.55,0.36,0.91,0.62
1144,0.0,0.87,0.91,0.0,0.0,0.91,0.0,0.0,0.72,0.82,0.88,0.81,0.74,0.82,0.82,0.81,0.89,0.91,0.91,0.82,0.82,0.84,0.86,0.82,0.36,0.44,0.0,0.0,0.91,0.76,0.81,0.0,0.0,0.0,0.0,0.91,0.88,0.91,0.52,0.91,0.54,0.71,0.91,0.9,0.82,0.57,0.91,0.0,0.0,0.91,0.49,0.5,0.32,0.32,0.27,0.54,0.0,0.3,0.83,0.34,0.54,0.49,0.91,0.74
1145,0.0,0.91,0.91,0.0,0.0,0.91,0.0,0.0,0.74,0.78,0.74,0.79,0.84,0.7,0.85,0.83,0.87,0.91,0.91,0.7,0.91,0.59,0.85,0.91,0.9,0.65,0.0,0.0,0.8,0.91,0.91,0.0,0.0,0.0,0.0,0.91,0.91,0.91,0.73,0.9,0.54,0.59,0.91,0.91,0.91,0.64,0.91,0.0,0.0,0.91,0.35,0.42,0.28,0.35,0.23,0.91,0.0,0.31,0.8,0.28,0.44,0.47,0.64,0.74
1146,0.0,0.91,0.91,0.0,0.0,0.88,0.0,0.0,0.6,0.86,0.86,0.57,0.7,0.52,0.48,0.53,0.55,0.39,0.48,0.49,0.34,0.49,0.84,0.91,0.87,0.91,0.0,0.0,0.8,0.91,0.91,0.0,0.0,0.0,0.0,0.91,0.91,0.85,0.91,0.77,0.48,0.81,0.81,0.91,0.91,0.81,0.89,0.0,0.0,0.89,0.16,0.45,0.39,0.34,0.2,0.42,0.0,0.45,0.91,0.48,0.18,0.23,0.8,0.91
1147,0.0,0.9,0.9,0.0,0.0,0.85,0.0,0.0,0.85,0.56,0.85,0.56,0.52,0.52,0.5,0.68,0.51,0.5,0.5,0.79,0.12,0.51,0.68,0.86,0.83,0.91,0.0,0.0,0.9,0.91,0.91,0.0,0.0,0.0,0.0,0.87,0.88,0.91,0.89,0.91,0.41,0.89,0.88,0.87,0.87,0.9,0.85,0.0,0.0,0.85,0.27,0.66,0.66,0.6,0.44,0.89,0.0,0.58,0.89,0.54,0.24,0.39,0.91,0.75
1148,0.0,0.75,0.75,0.0,0.0,0.7,0.0,0.0,0.68,0.39,0.69,0.69,0.31,0.65,0.65,0.64,0.48,0.33,0.23,0.64,0.13,0.65,0.32,0.68,0.67,0.76,0.0,0.0,0.74,0.75,0.75,0.0,0.0,0.0,0.0,0.71,0.71,0.72,0.35,0.71,0.38,0.72,0.71,0.69,0.69,0.72,0.7,0.0,0.0,0.7,0.26,0.5,0.27,0.27,0.16,0.73,0.0,0.35,0.73,0.21,0.41,0.28,0.74,0.48
1149,0.0,0.22,0.24,0.0,0.0,0.02,0.0,0.0,0.0,0.0,0.0,0.0,0.0,0.0,0.0,0.0,0.0,0.0,0.0,0.0,0.0,0.0,0.0,0.0,0.0,0.21,0.0,0.0,0.18,0.22,0.2,0.0,0.0,0.0,0.0,0.02,0.0,0.0,0.0,0.0,0.0,0.01,0.01,0.0,0.0,0.01,0.02,0.0,0.0,0.02,0.02,0.04,0.0,0.02,0.0,0.02,0.0,0.0,0.02,0.0,0.02,0.01,0.19,0.02
1150,0.0,0.0,0.0,0.0,0.0,0.0,0.0,0.0,0.0,0.0,0.0,0.0,0.0,0.0,0.0,0.0,0.0,0.0,0.0,0.0,0.0,0.0,0.0,0.0,0.0,0.0,0.0,0.0,0.0,0.0,0.0,0.0,0.0,0.0,0.0,0.0,0.0,0.0,0.0,0.0,0.0,0.0,0.0,0.0,0.0,0.0,0.0,0.0,0.0,0.0,0.0,0.0,0.0,0.0,0.0,0.0,0.0,0.0,0.0,0.0,0.0,0.0,0.0,0.0
1151,0.0,0.0,0.0,0.0,0.0,0.0,0.0,0.0,0.0,0.0,0.0,0.0,0.0,0.0,0.0,0.0,0.0,0.0,0.0,0.0,0.0,0.0,0.0,0.0,0.0,0.0,0.0,0.0,0.0,0.0,0.0,0.0,0.0,0.0,0.0,0.0,0.0,0.0,0.0,0.0,0.0,0.0,0.0,0.0,0.0,0.0,0.0,0.0,0.0,0.0,0.0,0.0,0.0,0.0,0.0,0.0,0.0,0.0,0.0,0.0,0.0,0.0,0.0,0.0
1152,0.0,0.0,0.0,0.0,0.0,0.0,0.0,0.0,0.0,0.0,0.0,0.0,0.0,0.0,0.0,0.0,0.0,0.0,0.0,0.0,0.0,0.0,0.0,0.0,0.0,0.0,0.0,0.0,0.0,0.0,0.0,0.0,0.0,0.0,0.0,0.0,0.0,0.0,0.0,0.0,0.0,0.0,0.0,0.0,0.0,0.0,0.0,0.0,0.0,0.0,0.0,0.0,0.0,0.0,0.0,0.0,0.0,0.0,0.0,0.0,0.0,0.0,0.0,0.0
1153,0.0,0.0,0.0,0.0,0.0,0.0,0.0,0.0,0.0,0.0,0.0,0.0,0.0,0.0,0.0,0.0,0.0,0.0,0.0,0.0,0.0,0.0,0.0,0.0,0.0,0.0,0.0,0.0,0.0,0.0,0.0,0.0,0.0,0.0,0.0,0.0,0.0,0.0,0.0,0.0,0.0,0.0,0.0,0.0,0.0,0.0,0.0,0.0,0.0,0.0,0.0,0.0,0.0,0.0,0.0,0.0,0.0,0.0,0.0,0.0,0.0,0.0,0.0,0.0
1154,0.0,0.0,0.0,0.0,0.0,0.0,0.0,0.0,0.0,0.0,0.0,0.0,0.0,0.0,0.0,0.0,0.0,0.0,0.0,0.0,0.0,0.0,0.0,0.0,0.0,0.0,0.0,0.0,0.0,0.0,0.0,0.0,0.0,0.0,0.0,0.0,0.0,0.0,0.0,0.0,0.0,0.0,0.0,0.0,0.0,0.0,0.0,0.0,0.0,0.0,0.0,0.0,0.0,0.0,0.0,0.0,0.0,0.0,0.0,0.0,0.0,0.0,0.0,0.0
1155,0.0,0.0,0.0,0.0,0.0,0.0,0.0,0.0,0.0,0.0,0.0,0.0,0.0,0.0,0.0,0.0,0.0,0.0,0.0,0.0,0.0,0.0,0.0,0.0,0.0,0.0,0.0,0.0,0.0,0.0,0.0,0.0,0.0,0.0,0.0,0.0,0.0,0.0,0.0,0.0,0.0,0.0,0.0,0.0,0.0,0.0,0.0,0.0,0.0,0.0,0.0,0.0,0.0,0.0,0.0,0.0,0.0,0.0,0.0,0.0,0.0,0.0,0.0,0.0
1156,0.0,0.0,0.0,0.0,0.0,0.0,0.0,0.0,0.0,0.0,0.0,0.0,0.0,0.0,0.0,0.0,0.0,0.0,0.0,0.0,0.0,0.0,0.0,0.0,0.0,0.0,0.0,0.0,0.0,0.0,0.0,0.0,0.0,0.0,0.0,0.0,0.0,0.0,0.0,0.0,0.0,0.0,0.0,0.0,0.0,0.0,0.0,0.0,0.0,0.0,0.0,0.0,0.0,0.0,0.0,0.0,0.0,0.0,0.0,0.0,0.0,0.0,0.0,0.0
1157,0.0,0.0,0.0,0.0,0.0,0.0,0.0,0.0,0.0,0.0,0.0,0.0,0.0,0.0,0.0,0.0,0.0,0.0,0.0,0.0,0.0,0.0,0.0,0.0,0.0,0.0,0.0,0.0,0.0,0.0,0.0,0.0,0.0,0.0,0.0,0.0,0.0,0.0,0.0,0.0,0.0,0.0,0.0,0.0,0.0,0.0,0.0,0.0,0.0,0.0,0.0,0.0,0.0,0.0,0.0,0.0,0.0,0.0,0.0,0.0,0.0,0.0,0.0,0.0
1158,0.0,0.0,0.0,0.0,0.0,0.0,0.0,0.0,0.0,0.0,0.0,0.0,0.0,0.0,0.0,0.0,0.0,0.0,0.0,0.0,0.0,0.0,0.0,0.0,0.0,0.0,0.0,0.0,0.0,0.0,0.0,0.0,0.0,0.0,0.0,0.0,0.0,0.0,0.0,0.0,0.0,0.0,0.0,0.0,0.0,0.0,0.0,0.0,0.0,0.0,0.0,0.0,0.0,0.0,0.0,0.0,0.0,0.0,0.0,0.0,0.0,0.0,0.0,0.0
1159,0.0,0.0,0.0,0.0,0.0,0.0,0.0,0.0,0.0,0.0,0.0,0.0,0.0,0.0,0.0,0.0,0.0,0.0,0.0,0.0,0.0,0.0,0.0,0.0,0.0,0.0,0.0,0.0,0.0,0.0,0.0,0.0,0.0,0.0,0.0,0.0,0.0,0.0,0.0,0.0,0.0,0.0,0.0,0.0,0.0,0.0,0.0,0.0,0.0,0.0,0.0,0.0,0.0,0.0,0.0,0.0,0.0,0.0,0.0,0.0,0.0,0.0,0.0,0.0
1160,0.0,0.0,0.0,0.0,0.0,0.0,0.0,0.0,0.0,0.0,0.0,0.0,0.0,0.0,0.0,0.0,0.0,0.0,0.0,0.0,0.0,0.0,0.0,0.0,0.0,0.0,0.0,0.0,0.0,0.0,0.0,0.0,0.0,0.0,0.0,0.0,0.0,0.0,0.0,0.0,0.0,0.0,0.0,0.0,0.0,0.0,0.0,0.0,0.0,0.0,0.0,0.0,0.0,0.0,0.0,0.0,0.0,0.0,0.0,0.0,0.0,0.0,0.0,0.0
1161,0.0,0.0,0.0,0.0,0.0,0.0,0.0,0.0,0.0,0.0,0.0,0.0,0.0,0.0,0.0,0.0,0.0,0.0,0.0,0.0,0.0,0.0,0.0,0.0,0.0,0.0,0.0,0.0,0.0,0.0,0.0,0.0,0.0,0.0,0.0,0.0,0.0,0.0,0.0,0.0,0.0,0.0,0.0,0.0,0.0,0.0,0.0,0.0,0.0,0.0,0.0,0.0,0.0,0.0,0.0,0.0,0.0,0.0,0.0,0.0,0.0,0.0,0.0,0.0
1162,0.0,0.0,0.0,0.0,0.0,0.0,0.0,0.0,0.0,0.0,0.0,0.0,0.0,0.0,0.0,0.0,0.0,0.0,0.0,0.0,0.0,0.0,0.0,0.0,0.0,0.0,0.0,0.0,0.0,0.0,0.0,0.0,0.0,0.0,0.0,0.0,0.0,0.0,0.0,0.0,0.0,0.0,0.0,0.0,0.0,0.0,0.0,0.0,0.0,0.0,0.0,0.0,0.0,0.0,0.0,0.0,0.0,0.0,0.0,0.0,0.0,0.0,0.0,0.0
1163,0.0,0.0,0.0,0.0,0.0,0.0,0.0,0.0,0.01,0.0,0.01,0.01,0.23,0.13,0.13,0.11,0.0,0.01,0.01,0.08,0.0,0.14,0.22,0.0,0.01,0.0,0.0,0.0,0.0,0.0,0.0,0.0,0.0,0.0,0.0,0.0,0.0,0.0,0.0,0.0,0.0,0.0,0.0,0.0,0.0,0.0,0.0,0.0,0.0,0.0,0.0,0.0,0.0,0.0,0.0,0.0,0.0,0.0,0.0,0.0,0.0,0.0,0.0,0.0
1164,0.0,0.32,0.6,0.0,0.0,0.65,0.0,0.0,0.68,0.72,0.7,0.73,0.72,0.7,0.7,0.68,0.71,0.71,0.74,0.69,0.72,0.71,0.72,0.67,0.6,0.64,0.0,0.0,0.59,0.17,0.57,0.0,0.0,0.0,0.0,0.62,0.67,0.71,0.66,0.71,0.7,0.67,0.67,0.65,0.68,0.65,0.66,0.0,0.0,0.67,0.67,0.68,0.68,0.66,0.69,0.67,0.0,0.67,0.68,0.68,0.66,0.67,0.64,0.67
1165,0.0,0.78,0.78,0.0,0.0,0.79,0.0,0.0,0.8,0.87,0.8,0.87,0.83,0.82,0.81,0.81,0.86,0.85,0.88,0.81,0.86,0.83,0.83,0.81,0.7,0.75,0.0,0.0,0.76,0.76,0.75,0.0,0.0,0.0,0.0,0.78,0.8,0.8,0.8,0.84,0.84,0.79,0.82,0.78,0.8,0.81,0.81,0.0,0.0,0.81,0.79,0.8,0.82,0.8,0.84,0.83,0.0,0.81,0.78,0.83,0.8,0.79,0.54,0.8
1166,0.0,0.74,0.84,0.0,0.0,0.79,0.0,0.0,0.85,0.91,0.85,0.91,0.88,0.86,0.87,0.88,0.91,0.91,0.91,0.87,0.91,0.88,0.87,0.87,0.31,0.85,0.0,0.0,0.88,0.87,0.85,0.0,0.0,0.0,0.0,0.84,0.86,0.89,0.88,0.84,0.9,0.89,0.89,0.87,0.87,0.9,0.82,0.0,0.0,0.84,0.86,0.88,0.88,0.86,0.91,0.89,0.0,0.88,0.87,0.9,0.89,0.84,0.88,0.88
1167,0.0,0.85,0.86,0.0,0.0,0.72,0.0,0.0,0.87,0.91,0.88,0.91,0.91,0.88,0.9,0.9,0.91,0.91,0.91,0.88,0.91,0.91,0.9,0.88,0.26,0.66,0.0,0.0,0.88,0.51,0.8,0.0,0.0,0.0,0.0,0.85,0.88,0.91,0.9,0.86,0.91,0.9,0.9,0.88,0.88,0.9,0.81,0.0,0.0,0.79,0.89,0.9,0.91,0.86,0.91,0.91,0.0,0.89,0.9,0.91,0.9,0.85,0.88,0.91
1168,0.0,0.86,0.87,0.0,0.0,0.57,0.0,0.0,0.87,0.91,0.88,0.91,0.91,0.9,0.91,0.91,0.91,0.91,0.91,0.9,0.91,0.91,0.91,0.9,0.36,0.89,0.0,0.0,0.9,0.88,0.55,0.0,0.0,0.0,0.0,0.86,0.9,0.91,0.91,0.86,0.91,0.91,0.91,0.89,0.9,0.91,0.73,0.0,0.0,0.75,0.91,0.85,0.91,0.9,0.91,0.91,0.0,0.9,0.91,0.91,0.9,0.88,0.9,0.91
1169,0.0,0.86,0.88,0.0,0.0,0.42,0.0,0.0,0.85,0.91,0.88,0.91,0.9,0.9,0.89,0.88,0.91,0.91,0.91,0.86,0.91,0.9,0.91,0.87,0.78,0.9,0.0,0.0,0.87,0.87,0.89,0.0,0.0,0.0,0.0,0.87,0.9,0.9,0.88,0.86,0.91,0.9,0.9,0.88,0.89,0.89,0.47,0.0,0.0,0.6,0.89,0.83,0.89,0.9,0.91,0.89,0.0,0.89,0.89,0.91,0.84,0.88,0.88,0.9
1170,0.0,0.83,0.86,0.0,0.0,0.68,0.0,0.0,0.85,0.9,0.85,0.91,0.86,0.86,0.84,0.82,0.89,0.88,0.9,0.82,0.91,0.87,0.88,0.84,0.62,0.89,0.0,0.0,0.85,0.86,0.87,0.0,0.0,0.0,0.0,0.86,0.87,0.85,0.87,0.84,0.85,0.88,0.87,0.87,0.86,0.86,0.78,0.0,0.0,0.7,0.87,0.84,0.85,0.85,0.9,0.86,0.0,0.85,0.85,0.88,0.84,0.86,0.88,0.85
1171,0.0,0.41,0.83,0.0,0.0,0.76,0.0,0.0,0.76,0.82,0.8,0.82,0.79,0.76,0.76,0.74,0.79,0.77,0.81,0.74,0.81,0.77,0.78,0.8,0.35,0.47,0.0,0.0,0.78,0.78,0.42,0.0,0.0,0.0,0.0,0.8,0.81,0.79,0.82,0.76,0.76,0.81,0.81,0.81,0.8,0.82,0.73,0.0,0.0,0.72,0.78,0.8,0.81,0.78,0.8,0.79,0.0,0.78,0.77,0.77,0.77,0.76,0.82,0.79
1172,0.0,0.62,0.7,0.0,0.0,0.52,0.0,0.0,0.49,0.64,0.57,0.65,0.59,0.6,0.6,0.61,0.64,0.62,0.64,0.59,0.63,0.61,0.6,0.58,0.35,0.04,0.0,0.0,0.62,0.57,0.05,0.0,0.0,0.0,0.0,0.29,0.61,0.64,0.68,0.58,0.49,0.28,0.67,0.61,0.64,0.7,0.06,0.0,0.0,0.04,0.64,0.64,0.6,0.49,0.66,0.65,0.0,0.5,0.63,0.65,0.64,0.56,0.58,0.65
1173,0.0,0.32,0.36,0.0,0.0,0.13,0.0,0.0,0.01,0.0,0.01,0.01,0.0,0.0,0.0,0.0,0.01,0.0,0.0,0.01,0.0,0.0,0.0,0.03,0.02,0.01,0.0,0.0,0.29,0.05,0.12,0.0,0.0,0.0,0.0,0.13,0.05,0.04,0.07,0.03,0.04,0.04,0.06,0.04,0.04,0.08,0.01,0.0,0.0,0.0,0.35,0.29,0.04,0.26,0.04,0.04,0.0,0.05,0.3,0.07,0.32,0.35,0.21,0.31
1174,0.0,0.0,0.0,0.0,0.0,0.0,0.0,0.0,0.0,0.0,0.0,0.0,0.0,0.0,0.0,0.0,0.0,0.0,0.0,0.0,0.0,0.0,0.0,0.0,0.0,0.0,0.0,0.0,0.0,0.0,0.0,0.0,0.0,0.0,0.0,0.0,0.0,0.0,0.0,0.0,0.0,0.0,0.0,0.0,0.0,0.0,0.0,0.0,0.0,0.0,0.0,0.0,0.0,0.0,0.0,0.0,0.0,0.0,0.0,0.0,0.0,0.0,0.0,0.0
1175,0.0,0.0,0.0,0.0,0.0,0.0,0.0,0.0,0.0,0.0,0.0,0.0,0.0,0.0,0.0,0.0,0.0,0.0,0.0,0.0,0.0,0.0,0.0,0.0,0.0,0.0,0.0,0.0,0.0,0.0,0.0,0.0,0.0,0.0,0.0,0.0,0.0,0.0,0.0,0.0,0.0,0.0,0.0,0.0,0.0,0.0,0.0,0.0,0.0,0.0,0.0,0.0,0.0,0.0,0.0,0.0,0.0,0.0,0.0,0.0,0.0,0.0,0.0,0.0
1176,0.0,0.0,0.0,0.0,0.0,0.0,0.0,0.0,0.0,0.0,0.0,0.0,0.0,0.0,0.0,0.0,0.0,0.0,0.0,0.0,0.0,0.0,0.0,0.0,0.0,0.0,0.0,0.0,0.0,0.0,0.0,0.0,0.0,0.0,0.0,0.0,0.0,0.0,0.0,0.0,0.0,0.0,0.0,0.0,0.0,0.0,0.0,0.0,0.0,0.0,0.0,0.0,0.0,0.0,0.0,0.0,0.0,0.0,0.0,0.0,0.0,0.0,0.0,0.0
1177,0.0,0.0,0.0,0.0,0.0,0.0,0.0,0.0,0.0,0.0,0.0,0.0,0.0,0.0,0.0,0.0,0.0,0.0,0.0,0.0,0.0,0.0,0.0,0.0,0.0,0.0,0.0,0.0,0.0,0.0,0.0,0.0,0.0,0.0,0.0,0.0,0.0,0.0,0.0,0.0,0.0,0.0,0.0,0.0,0.0,0.0,0.0,0.0,0.0,0.0,0.0,0.0,0.0,0.0,0.0,0.0,0.0,0.0,0.0,0.0,0.0,0.0,0.0,0.0
1178,0.0,0.0,0.0,0.0,0.0,0.0,0.0,0.0,0.0,0.0,0.0,0.0,0.0,0.0,0.0,0.0,0.0,0.0,0.0,0.0,0.0,0.0,0.0,0.0,0.0,0.0,0.0,0.0,0.0,0.0,0.0,0.0,0.0,0.0,0.0,0.0,0.0,0.0,0.0,0.0,0.0,0.0,0.0,0.0,0.0,0.0,0.0,0.0,0.0,0.0,0.0,0.0,0.0,0.0,0.0,0.0,0.0,0.0,0.0,0.0,0.0,0.0,0.0,0.0
1179,0.0,0.0,0.0,0.0,0.0,0.0,0.0,0.0,0.0,0.0,0.0,0.0,0.0,0.0,0.0,0.0,0.0,0.0,0.0,0.0,0.0,0.0,0.0,0.0,0.0,0.0,0.0,0.0,0.0,0.0,0.0,0.0,0.0,0.0,0.0,0.0,0.0,0.0,0.0,0.0,0.0,0.0,0.0,0.0,0.0,0.0,0.0,0.0,0.0,0.0,0.0,0.0,0.0,0.0,0.0,0.0,0.0,0.0,0.0,0.0,0.0,0.0,0.0,0.0
1180,0.0,0.0,0.0,0.0,0.0,0.0,0.0,0.0,0.0,0.0,0.0,0.0,0.0,0.0,0.0,0.0,0.0,0.0,0.0,0.0,0.0,0.0,0.0,0.0,0.0,0.0,0.0,0.0,0.0,0.0,0.0,0.0,0.0,0.0,0.0,0.0,0.0,0.0,0.0,0.0,0.0,0.0,0.0,0.0,0.0,0.0,0.0,0.0,0.0,0.0,0.0,0.0,0.0,0.0,0.0,0.0,0.0,0.0,0.0,0.0,0.0,0.0,0.0,0.0
1181,0.0,0.0,0.0,0.0,0.0,0.0,0.0,0.0,0.0,0.0,0.0,0.0,0.0,0.0,0.0,0.0,0.0,0.0,0.0,0.0,0.0,0.0,0.0,0.0,0.0,0.0,0.0,0.0,0.0,0.0,0.0,0.0,0.0,0.0,0.0,0.0,0.0,0.0,0.0,0.0,0.0,0.0,0.0,0.0,0.0,0.0,0.0,0.0,0.0,0.0,0.0,0.0,0.0,0.0,0.0,0.0,0.0,0.0,0.0,0.0,0.0,0.0,0.0,0.0
1182,0.0,0.0,0.0,0.0,0.0,0.0,0.0,0.0,0.0,0.0,0.0,0.0,0.0,0.0,0.0,0.0,0.0,0.0,0.0,0.0,0.0,0.0,0.0,0.0,0.0,0.0,0.0,0.0,0.0,0.0,0.0,0.0,0.0,0.0,0.0,0.0,0.0,0.0,0.0,0.0,0.0,0.0,0.0,0.0,0.0,0.0,0.0,0.0,0.0,0.0,0.0,0.0,0.0,0.0,0.0,0.0,0.0,0.0,0.0,0.0,0.0,0.0,0.0,0.0
1183,0.0,0.0,0.0,0.0,0.0,0.0,0.0,0.0,0.0,0.0,0.0,0.0,0.0,0.0,0.0,0.0,0.0,0.0,0.0,0.0,0.0,0.0,0.0,0.0,0.0,0.0,0.0,0.0,0.0,0.0,0.0,0.0,0.0,0.0,0.0,0.0,0.0,0.0,0.0,0.0,0.0,0.0,0.0,0.0,0.0,0.0,0.0,0.0,0.0,0.0,0.0,0.0,0.0,0.0,0.0,0.0,0.0,0.0,0.0,0.0,0.0,0.0,0.0,0.0
1184,0.0,0.0,0.0,0.0,0.0,0.0,0.0,0.0,0.0,0.0,0.0,0.0,0.0,0.0,0.0,0.0,0.0,0.0,0.0,0.0,0.0,0.0,0.0,0.0,0.0,0.0,0.0,0.0,0.0,0.0,0.0,0.0,0.0,0.0,0.0,0.0,0.0,0.0,0.0,0.0,0.0,0.0,0.0,0.0,0.0,0.0,0.0,0.0,0.0,0.0,0.0,0.0,0.0,0.0,0.0,0.0,0.0,0.0,0.0,0.0,0.0,0.0,0.0,0.0
1185,0.0,0.0,0.0,0.0,0.0,0.0,0.0,0.0,0.0,0.0,0.0,0.0,0.0,0.0,0.0,0.0,0.0,0.0,0.0,0.0,0.0,0.0,0.0,0.0,0.0,0.0,0.0,0.0,0.0,0.0,0.0,0.0,0.0,0.0,0.0,0.0,0.0,0.0,0.0,0.0,0.0,0.0,0.0,0.0,0.0,0.0,0.0,0.0,0.0,0.0,0.0,0.0,0.0,0.0,0.0,0.0,0.0,0.0,0.0,0.0,0.0,0.0,0.0,0.0
1186,0.0,0.0,0.0,0.0,0.0,0.0,0.0,0.0,0.0,0.0,0.0,0.0,0.0,0.0,0.0,0.0,0.0,0.0,0.0,0.0,0.0,0.0,0.0,0.0,0.0,0.0,0.0,0.0,0.0,0.0,0.0,0.0,0.0,0.0,0.0,0.0,0.0,0.0,0.0,0.0,0.0,0.0,0.0,0.0,0.0,0.0,0.0,0.0,0.0,0.0,0.0,0.0,0.0,0.0,0.0,0.0,0.0,0.0,0.0,0.0,0.0,0.0,0.0,0.0
1187,0.0,0.01,0.01,0.0,0.0,0.01,0.0,0.0,0.15,0.02,0.02,0.03,0.36,0.24,0.24,0.23,0.03,0.32,0.31,0.21,0.02,0.25,0.39,0.02,0.12,0.01,0.0,0.0,0.01,0.01,0.01,0.0,0.0,0.0,0.0,0.01,0.01,0.02,0.01,0.02,0.01,0.01,0.01,0.02,0.02,0.01,0.01,0.0,0.0,0.01,0.0,0.0,0.0,0.0,0.0,0.0,0.0,0.0,0.0,0.0,0.0,0.0,0.01,0.0
1188,0.0,0.71,0.71,0.0,0.0,0.43,0.0,0.0,0.68,0.69,0.64,0.7,0.74,0.74,0.72,0.72,0.71,0.73,0.74,0.72,0.66,0.74,0.75,0.6,0.61,0.71,0.0,0.0,0.7,0.72,0.71,0.0,0.0,0.0,0.0,0.66,0.6,0.71,0.69,0.7,0.69,0.68,0.67,0.66,0.58,0.69,0.46,0.0,0.0,0.46,0.7,0.6,0.69,0.68,0.67,0.37,0.0,0.49,0.7,0.59,0.64,0.69,0.71,0.7
1189,0.0,0.88,0.88,0.0,0.0,0.7,0.0,0.0,0.8,0.8,0.81,0.8,0.84,0.84,0.84,0.86,0.83,0.84,0.86,0.86,0.79,0.81,0.87,0.79,0.65,0.88,0.0,0.0,0.85,0.88,0.87,0.0,0.0,0.0,0.0,0.82,0.79,0.82,0.85,0.83,0.83,0.84,0.85,0.78,0.8,0.85,0.72,0.0,0.0,0.72,0.86,0.84,0.83,0.84,0.82,0.66,0.0,0.81,0.86,0.84,0.84,0.86,0.87,0.86
1190,0.0,0.91,0.91,0.0,0.0,0.85,0.0,0.0,0.9,0.56,0.88,0.83,0.91,0.88,0.88,0.87,0.87,0.88,0.91,0.91,0.85,0.89,0.91,0.87,0.6,0.91,0.0,0.0,0.91,0.91,0.91,0.0,0.0,0.0,0.0,0.9,0.87,0.86,0.91,0.89,0.9,0.91,0.91,0.86,0.88,0.91,0.85,0.0,0.0,0.85,0.91,0.9,0.91,0.9,0.91,0.87,0.0,0.89,0.91,0.91,0.91,0.91,0.91,0.91
1191,0.0,0.91,0.91,0.0,0.0,0.91,0.0,0.0,0.91,0.7,0.9,0.89,0.91,0.91,0.91,0.91,0.91,0.89,0.87,0.91,0.91,0.91,0.91,0.91,0.57,0.91,0.0,0.0,0.91,0.91,0.91,0.0,0.0,0.0,0.0,0.91,0.9,0.89,0.91,0.91,0.91,0.91,0.91,0.9,0.91,0.91,0.91,0.0,0.0,0.91,0.91,0.91,0.91,0.91,0.91,0.88,0.0,0.91,0.91,0.91,0.91,0.91,0.91,0.91
1192,0.0,0.91,0.91,0.0,0.0,0.91,0.0,0.0,0.91,0.91,0.9,0.91,0.91,0.91,0.91,0.91,0.91,0.91,0.91,0.91,0.91,0.91,0.91,0.91,0.45,0.91,0.0,0.0,0.91,0.91,0.91,0.0,0.0,0.0,0.0,0.91,0.91,0.91,0.91,0.91,0.91,0.91,0.91,0.89,0.9,0.91,0.91,0.0,0.0,0.91,0.91,0.91,0.91,0.91,0.91,0.87,0.0,0.91,0.91,0.91,0.91,0.91,0.91,0.91
1193,0.0,0.91,0.91,0.0,0.0,0.91,0.0,0.0,0.91,0.91,0.89,0.91,0.91,0.91,0.91,0.91,0.91,0.91,0.91,0.91,0.91,0.91,0.91,0.88,0.91,0.91,0.0,0.0,0.91,0.91,0.91,0.0,0.0,0.0,0.0,0.91,0.91,0.91,0.91,0.91,0.91,0.91,0.91,0.9,0.91,0.91,0.91,0.0,0.0,0.91,0.91,0.91,0.91,0.91,0.91,0.89,0.0,0.91,0.91,0.91,0.91,0.91,0.91,0.91
1194,0.0,0.91,0.91,0.0,0.0,0.9,0.0,0.0,0.83,0.9,0.88,0.91,0.9,0.9,0.9,0.9,0.91,0.89,0.91,0.88,0.6,0.9,0.9,0.85,0.91,0.91,0.0,0.0,0.91,0.91,0.91,0.0,0.0,0.0,0.0,0.91,0.91,0.91,0.91,0.91,0.91,0.91,0.91,0.9,0.87,0.91,0.9,0.0,0.0,0.9,0.91,0.91,0.91,0.91,0.9,0.88,0.0,0.91,0.91,0.9,0.91,0.91,0.91,0.91
1195,0.0,0.86,0.86,0.0,0.0,0.84,0.0,0.0,0.8,0.83,0.83,0.86,0.82,0.81,0.82,0.81,0.83,0.84,0.84,0.8,0.85,0.81,0.82,0.82,0.84,0.88,0.0,0.0,0.88,0.88,0.88,0.0,0.0,0.0,0.0,0.86,0.85,0.86,0.87,0.86,0.86,0.87,0.86,0.84,0.85,0.87,0.84,0.0,0.0,0.82,0.86,0.87,0.86,0.84,0.84,0.82,0.0,0.84,0.86,0.84,0.87,0.86,0.89,0.86
1196,0.0,0.73,0.74,0.0,0.0,0.7,0.0,0.0,0.67,0.64,0.65,0.68,0.63,0.58,0.65,0.65,0.69,0.65,0.66,0.59,0.66,0.58,0.63,0.69,0.68,0.74,0.0,0.0,0.74,0.74,0.73,0.0,0.0,0.0,0.0,0.71,0.7,0.7,0.71,0.35,0.71,0.72,0.71,0.69,0.69,0.72,0.7,0.0,0.0,0.7,0.72,0.72,0.7,0.69,0.68,0.68,0.0,0.69,0.72,0.7,0.72,0.71,0.74,0.72
1197,0.0,0.26,0.28,0.0,0.0,0.17,0.0,0.0,0.0,0.0,0.0,0.0,0.0,0.0,0.0,0.0,0.0,0.0,0.0,0.0,0.0,0.0,0.0,0.0,0.01,0.27,0.0,0.0,0.23,0.27,0.25,0.0,0.0,0.0,0.0,0.18,0.01,0.0,0.18,0.0,0.01,0.17,0.02,0.01,0.01,0.17,0.16,0.0,0.0,0.16,0.21,0.24,0.02,0.15,0.01,0.15,0.0,0.17,0.2,0.02,0.22,0.2,0.24,0.21
1198,0.0,0.0,0.0,0.0,0.0,0.0,0.0,0.0,0.0,0.0,0.0,0.0,0.0,0.0,0.0,0.0,0.0,0.0,0.0,0.0,0.0,0.0,0.0,0.0,0.0,0.0,0.0,0.0,0.0,0.0,0.0,0.0,0.0,0.0,0.0,0.0,0.0,0.0,0.0,0.0,0.0,0.0,0.0,0.0,0.0,0.0,0.0,0.0,0.0,0.0,0.0,0.0,0.0,0.0,0.0,0.0,0.0,0.0,0.0,0.0,0.0,0.0,0.0,0.0
1199,0.0,0.0,0.0,0.0,0.0,0.0,0.0,0.0,0.0,0.0,0.0,0.0,0.0,0.0,0.0,0.0,0.0,0.0,0.0,0.0,0.0,0.0,0.0,0.0,0.0,0.0,0.0,0.0,0.0,0.0,0.0,0.0,0.0,0.0,0.0,0.0,0.0,0.0,0.0,0.0,0.0,0.0,0.0,0.0,0.0,0.0,0.0,0.0,0.0,0.0,0.0,0.0,0.0,0.0,0.0,0.0,0.0,0.0,0.0,0.0,0.0,0.0,0.0,0.0
1200,0.0,0.0,0.0,0.0,0.0,0.0,0.0,0.0,0.0,0.0,0.0,0.0,0.0,0.0,0.0,0.0,0.0,0.0,0.0,0.0,0.0,0.0,0.0,0.0,0.0,0.0,0.0,0.0,0.0,0.0,0.0,0.0,0.0,0.0,0.0,0.0,0.0,0.0,0.0,0.0,0.0,0.0,0.0,0.0,0.0,0.0,0.0,0.0,0.0,0.0,0.0,0.0,0.0,0.0,0.0,0.0,0.0,0.0,0.0,0.0,0.0,0.0,0.0,0.0
1201,0.0,0.0,0.0,0.0,0.0,0.0,0.0,0.0,0.0,0.0,0.0,0.0,0.0,0.0,0.0,0.0,0.0,0.0,0.0,0.0,0.0,0.0,0.0,0.0,0.0,0.0,0.0,0.0,0.0,0.0,0.0,0.0,0.0,0.0,0.0,0.0,0.0,0.0,0.0,0.0,0.0,0.0,0.0,0.0,0.0,0.0,0.0,0.0,0.0,0.0,0.0,0.0,0.0,0.0,0.0,0.0,0.0,0.0,0.0,0.0,0.0,0.0,0.0,0.0
1202,0.0,0.0,0.0,0.0,0.0,0.0,0.0,0.0,0.0,0.0,0.0,0.0,0.0,0.0,0.0,0.0,0.0,0.0,0.0,0.0,0.0,0.0,0.0,0.0,0.0,0.0,0.0,0.0,0.0,0.0,0.0,0.0,0.0,0.0,0.0,0.0,0.0,0.0,0.0,0.0,0.0,0.0,0.0,0.0,0.0,0.0,0.0,0.0,0.0,0.0,0.0,0.0,0.0,0.0,0.0,0.0,0.0,0.0,0.0,0.0,0.0,0.0,0.0,0.0
1203,0.0,0.0,0.0,0.0,0.0,0.0,0.0,0.0,0.0,0.0,0.0,0.0,0.0,0.0,0.0,0.0,0.0,0.0,0.0,0.0,0.0,0.0,0.0,0.0,0.0,0.0,0.0,0.0,0.0,0.0,0.0,0.0,0.0,0.0,0.0,0.0,0.0,0.0,0.0,0.0,0.0,0.0,0.0,0.0,0.0,0.0,0.0,0.0,0.0,0.0,0.0,0.0,0.0,0.0,0.0,0.0,0.0,0.0,0.0,0.0,0.0,0.0,0.0,0.0
1204,0.0,0.0,0.0,0.0,0.0,0.0,0.0,0.0,0.0,0.0,0.0,0.0,0.0,0.0,0.0,0.0,0.0,0.0,0.0,0.0,0.0,0.0,0.0,0.0,0.0,0.0,0.0,0.0,0.0,0.0,0.0,0.0,0.0,0.0,0.0,0.0,0.0,0.0,0.0,0.0,0.0,0.0,0.0,0.0,0.0,0.0,0.0,0.0,0.0,0.0,0.0,0.0,0.0,0.0,0.0,0.0,0.0,0.0,0.0,0.0,0.0,0.0,0.0,0.0
1205,0.0,0.0,0.0,0.0,0.0,0.0,0.0,0.0,0.0,0.0,0.0,0.0,0.0,0.0,0.0,0.0,0.0,0.0,0.0,0.0,0.0,0.0,0.0,0.0,0.0,0.0,0.0,0.0,0.0,0.0,0.0,0.0,0.0,0.0,0.0,0.0,0.0,0.0,0.0,0.0,0.0,0.0,0.0,0.0,0.0,0.0,0.0,0.0,0.0,0.0,0.0,0.0,0.0,0.0,0.0,0.0,0.0,0.0,0.0,0.0,0.0,0.0,0.0,0.0
1206,0.0,0.0,0.0,0.0,0.0,0.0,0.0,0.0,0.0,0.0,0.0,0.0,0.0,0.0,0.0,0.0,0.0,0.0,0.0,0.0,0.0,0.0,0.0,0.0,0.0,0.0,0.0,0.0,0.0,0.0,0.0,0.0,0.0,0.0,0.0,0.0,0.0,0.0,0.0,0.0,0.0,0.0,0.0,0.0,0.0,0.0,0.0,0.0,0.0,0.0,0.0,0.0,0.0,0.0,0.0,0.0,0.0,0.0,0.0,0.0,0.0,0.0,0.0,0.0
1207,0.0,0.0,0.0,0.0,0.0,0.0,0.0,0.0,0.0,0.0,0.0,0.0,0.0,0.0,0.0,0.0,0.0,0.0,0.0,0.0,0.0,0.0,0.0,0.0,0.0,0.0,0.0,0.0,0.0,0.0,0.0,0.0,0.0,0.0,0.0,0.0,0.0,0.0,0.0,0.0,0.0,0.0,0.0,0.0,0.0,0.0,0.0,0.0,0.0,0.0,0.0,0.0,0.0,0.0,0.0,0.0,0.0,0.0,0.0,0.0,0.0,0.0,0.0,0.0
1208,0.0,0.0,0.0,0.0,0.0,0.0,0.0,0.0,0.0,0.0,0.0,0.0,0.0,0.0,0.0,0.0,0.0,0.0,0.0,0.0,0.0,0.0,0.0,0.0,0.0,0.0,0.0,0.0,0.0,0.0,0.0,0.0,0.0,0.0,0.0,0.0,0.0,0.0,0.0,0.0,0.0,0.0,0.0,0.0,0.0,0.0,0.0,0.0,0.0,0.0,0.0,0.0,0.0,0.0,0.0,0.0,0.0,0.0,0.0,0.0,0.0,0.0,0.0,0.0
1209,0.0,0.0,0.0,0.0,0.0,0.0,0.0,0.0,0.0,0.0,0.0,0.0,0.0,0.0,0.0,0.0,0.0,0.0,0.0,0.0,0.0,0.0,0.0,0.0,0.0,0.0,0.0,0.0,0.0,0.0,0.0,0.0,0.0,0.0,0.0,0.0,0.0,0.0,0.0,0.0,0.0,0.0,0.0,0.0,0.0,0.0,0.0,0.0,0.0,0.0,0.0,0.0,0.0,0.0,0.0,0.0,0.0,0.0,0.0,0.0,0.0,0.0,0.0,0.0
1210,0.0,0.0,0.0,0.0,0.0,0.0,0.0,0.0,0.0,0.0,0.0,0.0,0.0,0.0,0.0,0.0,0.0,0.0,0.0,0.0,0.0,0.0,0.0,0.0,0.0,0.0,0.0,0.0,0.0,0.0,0.0,0.0,0.0,0.0,0.0,0.0,0.0,0.0,0.0,0.0,0.0,0.0,0.0,0.0,0.0,0.0,0.0,0.0,0.0,0.0,0.0,0.0,0.0,0.0,0.0,0.0,0.0,0.0,0.0,0.0,0.0,0.0,0.0,0.0
1211,0.0,0.02,0.02,0.0,0.0,0.3,0.0,0.0,0.35,0.03,0.34,0.35,0.42,0.37,0.39,0.38,0.05,0.4,0.39,0.37,0.08,0.36,0.45,0.34,0.37,0.03,0.0,0.0,0.04,0.03,0.03,0.0,0.0,0.0,0.0,0.05,0.07,0.05,0.05,0.05,0.05,0.05,0.05,0.33,0.34,0.05,0.3,0.0,0.0,0.32,0.01,0.02,0.01,0.01,0.04,0.01,0.0,0.0,0.03,0.03,0.03,0.01,0.03,0.03
1212,0.0,0.64,0.64,0.0,0.0,0.66,0.0,0.0,0.69,0.58,0.68,0.73,0.68,0.69,0.69,0.7,0.71,0.75,0.76,0.69,0.74,0.69,0.68,0.71,0.69,0.67,0.0,0.0,0.68,0.6,0.67,0.0,0.0,0.0,0.0,0.66,0.69,0.72,0.68,0.71,0.71,0.69,0.7,0.7,0.71,0.69,0.66,0.0,0.0,0.67,0.67,0.67,0.69,0.67,0.7,0.67,0.0,0.43,0.68,0.7,0.68,0.67,0.69,0.68
1213,0.0,0.83,0.82,0.0,0.0,0.82,0.0,0.0,0.84,0.86,0.82,0.9,0.83,0.84,0.85,0.84,0.88,0.9,0.91,0.85,0.9,0.84,0.83,0.86,0.83,0.83,0.0,0.0,0.84,0.83,0.83,0.0,0.0,0.0,0.0,0.82,0.85,0.88,0.83,0.88,0.88,0.85,0.86,0.86,0.86,0.85,0.82,0.0,0.0,0.82,0.84,0.83,0.88,0.85,0.88,0.82,0.0,0.84,0.85,0.88,0.84,0.85,0.85,0.85
1214,0.0,0.89,0.89,0.0,0.0,0.88,0.0,0.0,0.9,0.91,0.89,0.91,0.91,0.91,0.91,0.9,0.91,0.91,0.91,0.9,0.91,0.91,0.91,0.91,0.89,0.9,0.0,0.0,0.89,0.9,0.89,0.0,0.0,0.0,0.0,0.88,0.9,0.91,0.9,0.91,0.91,0.91,0.91,0.91,0.91,0.91,0.89,0.0,0.0,0.89,0.91,0.9,0.91,0.91,0.91,0.88,0.0,0.91,0.91,0.91,0.9,0.91,0.91,0.9
1215,0.0,0.91,0.91,0.0,0.0,0.9,0.0,0.0,0.91,0.91,0.91,0.91,0.91,0.91,0.91,0.91,0.91,0.91,0.91,0.91,0.91,0.91,0.91,0.91,0.91,0.91,0.0,0.0,0.91,0.91,0.91,0.0,0.0,0.0,0.0,0.91,0.91,0.91,0.91,0.91,0.91,0.91,0.91,0.91,0.91,0.91,0.9,0.0,0.0,0.91,0.91,0.91,0.91,0.91,0.91,0.91,0.0,0.91,0.91,0.91,0.91,0.91,0.91,0.91
1216,0.0,0.91,0.91,0.0,0.0,0.91,0.0,0.0,0.91,0.91,0.91,0.91,0.91,0.91,0.91,0.91,0.91,0.91,0.91,0.91,0.91,0.91,0.91,0.91,0.89,0.91,0.0,0.0,0.91,0.91,0.91,0.0,0.0,0.0,0.0,0.91,0.91,0.91,0.91,0.91,0.91,0.91,0.91,0.91,0.91,0.91,0.9,0.0,0.0,0.89,0.91,0.91,0.91,0.91,0.91,0.91,0.0,0.91,0.91,0.91,0.91,0.91,0.91,0.91
1217,0.0,0.9,0.89,0.0,0.0,0.87,0.0,0.0,0.91,0.91,0.91,0.91,0.91,0.91,0.91,0.91,0.91,0.91,0.91,0.91,0.91,0.91,0.91,0.91,0.89,0.91,0.0,0.0,0.91,0.91,0.91,0.0,0.0,0.0,0.0,0.9,0.91,0.91,0.91,0.91,0.91,0.9,0.9,0.9,0.91,0.91,0.88,0.0,0.0,0.88,0.91,0.91,0.91,0.91,0.91,0.91,0.0,0.91,0.91,0.91,0.91,0.91,0.91,0.91
1218,0.0,0.87,0.87,0.0,0.0,0.85,0.0,0.0,0.91,0.91,0.88,0.91,0.91,0.91,0.91,0.91,0.91,0.91,0.91,0.91,0.91,0.91,0.91,0.9,0.88,0.91,0.0,0.0,0.9,0.88,0.91,0.0,0.0,0.0,0.0,0.89,0.9,0.91,0.9,0.91,0.91,0.88,0.89,0.91,0.91,0.9,0.86,0.0,0.0,0.85,0.91,0.91,0.91,0.91,0.91,0.9,0.0,0.91,0.91,0.91,0.91,0.91,0.91,0.91
1219,0.0,0.81,0.78,0.0,0.0,0.8,0.0,0.0,0.83,0.86,0.85,0.9,0.84,0.86,0.86,0.84,0.89,0.87,0.89,0.85,0.89,0.86,0.85,0.84,0.81,0.85,0.0,0.0,0.84,0.83,0.84,0.0,0.0,0.0,0.0,0.84,0.83,0.88,0.83,0.88,0.89,0.83,0.83,0.84,0.85,0.84,0.8,0.0,0.0,0.79,0.86,0.85,0.88,0.86,0.9,0.84,0.0,0.86,0.85,0.88,0.86,0.86,0.85,0.85
1220,0.0,0.67,0.64,0.0,0.0,0.65,0.0,0.0,0.69,0.67,0.7,0.73,0.65,0.68,0.68,0.68,0.72,0.68,0.7,0.68,0.7,0.68,0.65,0.69,0.66,0.71,0.0,0.0,0.72,0.7,0.71,0.0,0.0,0.0,0.0,0.7,0.7,0.73,0.7,0.73,0.74,0.7,0.68,0.69,0.7,0.71,0.69,0.0,0.0,0.68,0.72,0.72,0.74,0.73,0.74,0.69,0.0,0.73,0.71,0.73,0.72,0.72,0.73,0.72
1221,0.0,0.22,0.26,0.0,0.0,0.12,0.0,0.0,0.0,0.0,0.0,0.0,0.0,0.0,0.0,0.0,0.0,0.0,0.0,0.0,0.0,0.0,0.0,0.01,0.01,0.25,0.0,0.0,0.24,0.15,0.24,0.0,0.0,0.0,0.0,0.19,0.02,0.01,0.18,0.01,0.02,0.12,0.15,0.01,0.01,0.16,0.14,0.0,0.0,0.12,0.23,0.17,0.02,0.22,0.02,0.2,0.0,0.2,0.15,0.03,0.21,0.22,0.24,0.21
1222,0.0,0.0,0.0,0.0,0.0,0.0,0.0,0.0,0.0,0.0,0.0,0.0,0.0,0.0,0.0,0.0,0.0,0.0,0.0,0.0,0.0,0.0,0.0,0.0,0.0,0.0,0.0,0.0,0.0,0.0,0.0,0.0,0.0,0.0,0.0,0.0,0.0,0.0,0.0,0.0,0.0,0.0,0.0,0.0,0.0,0.0,0.0,0.0,0.0,0.0,0.0,0.0,0.0,0.0,0.0,0.0,0.0,0.0,0.0,0.0,0.0,0.0,0.0,0.0
1223,0.0,0.0,0.0,0.0,0.0,0.0,0.0,0.0,0.0,0.0,0.0,0.0,0.0,0.0,0.0,0.0,0.0,0.0,0.0,0.0,0.0,0.0,0.0,0.0,0.0,0.0,0.0,0.0,0.0,0.0,0.0,0.0,0.0,0.0,0.0,0.0,0.0,0.0,0.0,0.0,0.0,0.0,0.0,0.0,0.0,0.0,0.0,0.0,0.0,0.0,0.0,0.0,0.0,0.0,0.0,0.0,0.0,0.0,0.0,0.0,0.0,0.0,0.0,0.0
1224,0.0,0.0,0.0,0.0,0.0,0.0,0.0,0.0,0.0,0.0,0.0,0.0,0.0,0.0,0.0,0.0,0.0,0.0,0.0,0.0,0.0,0.0,0.0,0.0,0.0,0.0,0.0,0.0,0.0,0.0,0.0,0.0,0.0,0.0,0.0,0.0,0.0,0.0,0.0,0.0,0.0,0.0,0.0,0.0,0.0,0.0,0.0,0.0,0.0,0.0,0.0,0.0,0.0,0.0,0.0,0.0,0.0,0.0,0.0,0.0,0.0,0.0,0.0,0.0
1225,0.0,0.0,0.0,0.0,0.0,0.0,0.0,0.0,0.0,0.0,0.0,0.0,0.0,0.0,0.0,0.0,0.0,0.0,0.0,0.0,0.0,0.0,0.0,0.0,0.0,0.0,0.0,0.0,0.0,0.0,0.0,0.0,0.0,0.0,0.0,0.0,0.0,0.0,0.0,0.0,0.0,0.0,0.0,0.0,0.0,0.0,0.0,0.0,0.0,0.0,0.0,0.0,0.0,0.0,0.0,0.0,0.0,0.0,0.0,0.0,0.0,0.0,0.0,0.0
1226,0.0,0.0,0.0,0.0,0.0,0.0,0.0,0.0,0.0,0.0,0.0,0.0,0.0,0.0,0.0,0.0,0.0,0.0,0.0,0.0,0.0,0.0,0.0,0.0,0.0,0.0,0.0,0.0,0.0,0.0,0.0,0.0,0.0,0.0,0.0,0.0,0.0,0.0,0.0,0.0,0.0,0.0,0.0,0.0,0.0,0.0,0.0,0.0,0.0,0.0,0.0,0.0,0.0,0.0,0.0,0.0,0.0,0.0,0.0,0.0,0.0,0.0,0.0,0.0
1227,0.0,0.0,0.0,0.0,0.0,0.0,0.0,0.0,0.0,0.0,0.0,0.0,0.0,0.0,0.0,0.0,0.0,0.0,0.0,0.0,0.0,0.0,0.0,0.0,0.0,0.0,0.0,0.0,0.0,0.0,0.0,0.0,0.0,0.0,0.0,0.0,0.0,0.0,0.0,0.0,0.0,0.0,0.0,0.0,0.0,0.0,0.0,0.0,0.0,0.0,0.0,0.0,0.0,0.0,0.0,0.0,0.0,0.0,0.0,0.0,0.0,0.0,0.0,0.0
1228,0.0,0.0,0.0,0.0,0.0,0.0,0.0,0.0,0.0,0.0,0.0,0.0,0.0,0.0,0.0,0.0,0.0,0.0,0.0,0.0,0.0,0.0,0.0,0.0,0.0,0.0,0.0,0.0,0.0,0.0,0.0,0.0,0.0,0.0,0.0,0.0,0.0,0.0,0.0,0.0,0.0,0.0,0.0,0.0,0.0,0.0,0.0,0.0,0.0,0.0,0.0,0.0,0.0,0.0,0.0,0.0,0.0,0.0,0.0,0.0,0.0,0.0,0.0,0.0
1229,0.0,0.0,0.0,0.0,0.0,0.0,0.0,0.0,0.0,0.0,0.0,0.0,0.0,0.0,0.0,0.0,0.0,0.0,0.0,0.0,0.0,0.0,0.0,0.0,0.0,0.0,0.0,0.0,0.0,0.0,0.0,0.0,0.0,0.0,0.0,0.0,0.0,0.0,0.0,0.0,0.0,0.0,0.0,0.0,0.0,0.0,0.0,0.0,0.0,0.0,0.0,0.0,0.0,0.0,0.0,0.0,0.0,0.0,0.0,0.0,0.0,0.0,0.0,0.0
1230,0.0,0.0,0.0,0.0,0.0,0.0,0.0,0.0,0.0,0.0,0.0,0.0,0.0,0.0,0.0,0.0,0.0,0.0,0.0,0.0,0.0,0.0,0.0,0.0,0.0,0.0,0.0,0.0,0.0,0.0,0.0,0.0,0.0,0.0,0.0,0.0,0.0,0.0,0.0,0.0,0.0,0.0,0.0,0.0,0.0,0.0,0.0,0.0,0.0,0.0,0.0,0.0,0.0,0.0,0.0,0.0,0.0,0.0,0.0,0.0,0.0,0.0,0.0,0.0
1231,0.0,0.0,0.0,0.0,0.0,0.0,0.0,0.0,0.0,0.0,0.0,0.0,0.0,0.0,0.0,0.0,0.0,0.0,0.0,0.0,0.0,0.0,0.0,0.0,0.0,0.0,0.0,0.0,0.0,0.0,0.0,0.0,0.0,0.0,0.0,0.0,0.0,0.0,0.0,0.0,0.0,0.0,0.0,0.0,0.0,0.0,0.0,0.0,0.0,0.0,0.0,0.0,0.0,0.0,0.0,0.0,0.0,0.0,0.0,0.0,0.0,0.0,0.0,0.0
1232,0.0,0.0,0.0,0.0,0.0,0.0,0.0,0.0,0.0,0.0,0.0,0.0,0.0,0.0,0.0,0.0,0.0,0.0,0.0,0.0,0.0,0.0,0.0,0.0,0.0,0.0,0.0,0.0,0.0,0.0,0.0,0.0,0.0,0.0,0.0,0.0,0.0,0.0,0.0,0.0,0.0,0.0,0.0,0.0,0.0,0.0,0.0,0.0,0.0,0.0,0.0,0.0,0.0,0.0,0.0,0.0,0.0,0.0,0.0,0.0,0.0,0.0,0.0,0.0
1233,0.0,0.0,0.0,0.0,0.0,0.0,0.0,0.0,0.0,0.0,0.0,0.0,0.0,0.0,0.0,0.0,0.0,0.0,0.0,0.0,0.0,0.0,0.0,0.0,0.0,0.0,0.0,0.0,0.0,0.0,0.0,0.0,0.0,0.0,0.0,0.0,0.0,0.0,0.0,0.0,0.0,0.0,0.0,0.0,0.0,0.0,0.0,0.0,0.0,0.0,0.0,0.0,0.0,0.0,0.0,0.0,0.0,0.0,0.0,0.0,0.0,0.0,0.0,0.0
1234,0.0,0.0,0.0,0.0,0.0,0.0,0.0,0.0,0.0,0.0,0.0,0.0,0.0,0.0,0.0,0.0,0.0,0.0,0.0,0.0,0.0,0.0,0.0,0.0,0.0,0.0,0.0,0.0,0.0,0.0,0.0,0.0,0.0,0.0,0.0,0.0,0.0,0.0,0.0,0.0,0.0,0.0,0.0,0.0,0.0,0.0,0.0,0.0,0.0,0.0,0.0,0.0,0.0,0.0,0.0,0.0,0.0,0.0,0.0,0.0,0.0,0.0,0.0,0.0
1235,0.0,0.0,0.0,0.0,0.0,0.12,0.0,0.0,0.19,0.19,0.17,0.2,0.36,0.27,0.27,0.25,0.16,0.3,0.29,0.23,0.21,0.28,0.36,0.16,0.06,0.0,0.0,0.0,0.0,0.0,0.0,0.0,0.0,0.0,0.0,0.01,0.12,0.13,0.01,0.13,0.02,0.01,0.01,0.14,0.15,0.01,0.13,0.0,0.0,0.14,0.0,0.0,0.0,0.0,0.0,0.0,0.0,0.0,0.0,0.0,0.0,0.0,0.0,0.0
1236,0.0,0.69,0.69,0.0,0.0,0.68,0.0,0.0,0.72,0.74,0.72,0.75,0.77,0.75,0.74,0.74,0.74,0.78,0.77,0.74,0.74,0.75,0.77,0.72,0.69,0.69,0.0,0.0,0.69,0.69,0.69,0.0,0.0,0.0,0.0,0.69,0.7,0.7,0.7,0.72,0.71,0.7,0.69,0.72,0.72,0.7,0.69,0.0,0.0,0.69,0.7,0.7,0.7,0.69,0.71,0.68,0.0,0.7,0.68,0.7,0.7,0.69,0.67,0.68
1237,0.0,0.8,0.79,0.0,0.0,0.81,0.0,0.0,0.86,0.86,0.85,0.88,0.89,0.87,0.87,0.86,0.87,0.91,0.91,0.87,0.84,0.87,0.9,0.85,0.77,0.85,0.0,0.0,0.84,0.82,0.85,0.0,0.0,0.0,0.0,0.84,0.84,0.82,0.83,0.81,0.84,0.83,0.82,0.85,0.85,0.84,0.81,0.0,0.0,0.82,0.84,0.86,0.84,0.82,0.85,0.81,0.0,0.82,0.83,0.82,0.84,0.84,0.83,0.83
1238,0.0,0.83,0.82,0.0,0.0,0.81,0.0,0.0,0.91,0.9,0.91,0.91,0.91,0.91,0.91,0.91,0.87,0.91,0.91,0.91,0.91,0.91,0.91,0.91,0.85,0.87,0.0,0.0,0.88,0.85,0.86,0.0,0.0,0.0,0.0,0.91,0.91,0.91,0.91,0.9,0.91,0.91,0.9,0.91,0.91,0.91,0.83,0.0,0.0,0.84,0.91,0.91,0.9,0.9,0.91,0.88,0.0,0.9,0.9,0.9,0.91,0.91,0.9,0.91
1239,0.0,0.9,0.84,0.0,0.0,0.79,0.0,0.0,0.91,0.91,0.91,0.91,0.91,0.91,0.91,0.91,0.91,0.91,0.91,0.91,0.91,0.91,0.91,0.91,0.83,0.85,0.0,0.0,0.9,0.91,0.86,0.0,0.0,0.0,0.0,0.91,0.91,0.91,0.91,0.91,0.91,0.89,0.91,0.91,0.91,0.91,0.81,0.0,0.0,0.83,0.91,0.91,0.91,0.91,0.91,0.91,0.0,0.91,0.91,0.91,0.91,0.91,0.91,0.91
1240,0.0,0.91,0.83,0.0,0.0,0.86,0.0,0.0,0.91,0.9,0.91,0.91,0.91,0.91,0.91,0.91,0.91,0.91,0.91,0.91,0.91,0.91,0.91,0.91,0.85,0.91,0.0,0.0,0.84,0.91,0.89,0.0,0.0,0.0,0.0,0.9,0.91,0.91,0.72,0.91,0.91,0.86,0.78,0.91,0.91,0.91,0.86,0.0,0.0,0.86,0.91,0.91,0.91,0.91,0.91,0.91,0.0,0.91,0.91,0.91,0.91,0.91,0.9,0.91
1241,0.0,0.62,0.4,0.0,0.0,0.76,0.0,0.0,0.91,0.91,0.91,0.91,0.91,0.91,0.91,0.91,0.91,0.91,0.91,0.91,0.91,0.91,0.91,0.91,0.86,0.57,0.0,0.0,0.43,0.74,0.42,0.0,0.0,0.0,0.0,0.4,0.91,0.91,0.69,0.91,0.91,0.65,0.64,0.91,0.91,0.67,0.84,0.0,0.0,0.86,0.91,0.86,0.91,0.91,0.91,0.91,0.0,0.91,0.91,0.91,0.91,0.91,0.78,0.91
1242,0.0,0.44,0.5,0.0,0.0,0.37,0.0,0.0,0.91,0.91,0.91,0.91,0.9,0.91,0.9,0.9,0.91,0.91,0.91,0.9,0.91,0.91,0.91,0.91,0.86,0.29,0.0,0.0,0.38,0.44,0.32,0.0,0.0,0.0,0.0,0.49,0.91,0.91,0.59,0.91,0.9,0.5,0.68,0.8,0.91,0.6,0.45,0.0,0.0,0.58,0.89,0.8,0.89,0.86,0.91,0.89,0.0,0.91,0.86,0.9,0.91,0.83,0.4,0.91
1243,0.0,0.32,0.3,0.0,0.0,0.36,0.0,0.0,0.82,0.85,0.82,0.88,0.84,0.85,0.85,0.84,0.86,0.84,0.86,0.82,0.87,0.85,0.83,0.85,0.78,0.12,0.0,0.0,0.08,0.21,0.11,0.0,0.0,0.0,0.0,0.26,0.85,0.78,0.39,0.82,0.89,0.28,0.4,0.83,0.86,0.4,0.27,0.0,0.0,0.22,0.82,0.49,0.87,0.85,0.83,0.82,0.0,0.86,0.63,0.77,0.81,0.83,0.13,0.58
1244,0.0,0.13,0.05,0.0,0.0,0.18,0.0,0.0,0.7,0.67,0.69,0.7,0.65,0.67,0.67,0.67,0.72,0.66,0.67,0.69,0.69,0.68,0.64,0.28,0.12,0.11,0.0,0.0,0.04,0.12,0.1,0.0,0.0,0.0,0.0,0.06,0.52,0.7,0.1,0.71,0.67,0.05,0.06,0.18,0.64,0.11,0.11,0.0,0.0,0.1,0.46,0.19,0.57,0.44,0.68,0.62,0.0,0.61,0.31,0.64,0.41,0.47,0.05,0.43
1245,0.0,0.04,0.05,0.0,0.0,0.0,0.0,0.0,0.0,0.0,0.01,0.0,0.0,0.0,0.0,0.0,0.01,0.0,0.0,0.0,0.0,0.0,0.0,0.0,0.0,0.04,0.0,0.0,0.01,0.06,0.03,0.0,0.0,0.0,0.0,0.01,0.0,0.01,0.01,0.01,0.01,0.01,0.0,0.0,0.0,0.01,0.0,0.0,0.0,0.0,0.09,0.01,0.12,0.13,0.02,0.14,0.0,0.12,0.03,0.12,0.06,0.09,0.01,0.08
1246,0.0,0.0,0.0,0.0,0.0,0.0,0.0,0.0,0.0,0.0,0.0,0.0,0.0,0.0,0.0,0.0,0.0,0.0,0.0,0.0,0.0,0.0,0.0,0.0,0.0,0.0,0.0,0.0,0.0,0.0,0.0,0.0,0.0,0.0,0.0,0.0,0.0,0.0,0.0,0.0,0.0,0.0,0.0,0.0,0.0,0.0,0.0,0.0,0.0,0.0,0.0,0.0,0.0,0.0,0.0,0.0,0.0,0.0,0.0,0.0,0.0,0.0,0.0,0.0
1247,0.0,0.0,0.0,0.0,0.0,0.0,0.0,0.0,0.0,0.0,0.0,0.0,0.0,0.0,0.0,0.0,0.0,0.0,0.0,0.0,0.0,0.0,0.0,0.0,0.0,0.0,0.0,0.0,0.0,0.0,0.0,0.0,0.0,0.0,0.0,0.0,0.0,0.0,0.0,0.0,0.0,0.0,0.0,0.0,0.0,0.0,0.0,0.0,0.0,0.0,0.0,0.0,0.0,0.0,0.0,0.0,0.0,0.0,0.0,0.0,0.0,0.0,0.0,0.0
1248,0.0,0.0,0.0,0.0,0.0,0.0,0.0,0.0,0.0,0.0,0.0,0.0,0.0,0.0,0.0,0.0,0.0,0.0,0.0,0.0,0.0,0.0,0.0,0.0,0.0,0.0,0.0,0.0,0.0,0.0,0.0,0.0,0.0,0.0,0.0,0.0,0.0,0.0,0.0,0.0,0.0,0.0,0.0,0.0,0.0,0.0,0.0,0.0,0.0,0.0,0.0,0.0,0.0,0.0,0.0,0.0,0.0,0.0,0.0,0.0,0.0,0.0,0.0,0.0
1249,0.0,0.0,0.0,0.0,0.0,0.0,0.0,0.0,0.0,0.0,0.0,0.0,0.0,0.0,0.0,0.0,0.0,0.0,0.0,0.0,0.0,0.0,0.0,0.0,0.0,0.0,0.0,0.0,0.0,0.0,0.0,0.0,0.0,0.0,0.0,0.0,0.0,0.0,0.0,0.0,0.0,0.0,0.0,0.0,0.0,0.0,0.0,0.0,0.0,0.0,0.0,0.0,0.0,0.0,0.0,0.0,0.0,0.0,0.0,0.0,0.0,0.0,0.0,0.0
1250,0.0,0.0,0.0,0.0,0.0,0.0,0.0,0.0,0.0,0.0,0.0,0.0,0.0,0.0,0.0,0.0,0.0,0.0,0.0,0.0,0.0,0.0,0.0,0.0,0.0,0.0,0.0,0.0,0.0,0.0,0.0,0.0,0.0,0.0,0.0,0.0,0.0,0.0,0.0,0.0,0.0,0.0,0.0,0.0,0.0,0.0,0.0,0.0,0.0,0.0,0.0,0.0,0.0,0.0,0.0,0.0,0.0,0.0,0.0,0.0,0.0,0.0,0.0,0.0
1251,0.0,0.0,0.0,0.0,0.0,0.0,0.0,0.0,0.0,0.0,0.0,0.0,0.0,0.0,0.0,0.0,0.0,0.0,0.0,0.0,0.0,0.0,0.0,0.0,0.0,0.0,0.0,0.0,0.0,0.0,0.0,0.0,0.0,0.0,0.0,0.0,0.0,0.0,0.0,0.0,0.0,0.0,0.0,0.0,0.0,0.0,0.0,0.0,0.0,0.0,0.0,0.0,0.0,0.0,0.0,0.0,0.0,0.0,0.0,0.0,0.0,0.0,0.0,0.0
1252,0.0,0.0,0.0,0.0,0.0,0.0,0.0,0.0,0.0,0.0,0.0,0.0,0.0,0.0,0.0,0.0,0.0,0.0,0.0,0.0,0.0,0.0,0.0,0.0,0.0,0.0,0.0,0.0,0.0,0.0,0.0,0.0,0.0,0.0,0.0,0.0,0.0,0.0,0.0,0.0,0.0,0.0,0.0,0.0,0.0,0.0,0.0,0.0,0.0,0.0,0.0,0.0,0.0,0.0,0.0,0.0,0.0,0.0,0.0,0.0,0.0,0.0,0.0,0.0
1253,0.0,0.0,0.0,0.0,0.0,0.0,0.0,0.0,0.0,0.0,0.0,0.0,0.0,0.0,0.0,0.0,0.0,0.0,0.0,0.0,0.0,0.0,0.0,0.0,0.0,0.0,0.0,0.0,0.0,0.0,0.0,0.0,0.0,0.0,0.0,0.0,0.0,0.0,0.0,0.0,0.0,0.0,0.0,0.0,0.0,0.0,0.0,0.0,0.0,0.0,0.0,0.0,0.0,0.0,0.0,0.0,0.0,0.0,0.0,0.0,0.0,0.0,0.0,0.0
1254,0.0,0.0,0.0,0.0,0.0,0.0,0.0,0.0,0.0,0.0,0.0,0.0,0.0,0.0,0.0,0.0,0.0,0.0,0.0,0.0,0.0,0.0,0.0,0.0,0.0,0.0,0.0,0.0,0.0,0.0,0.0,0.0,0.0,0.0,0.0,0.0,0.0,0.0,0.0,0.0,0.0,0.0,0.0,0.0,0.0,0.0,0.0,0.0,0.0,0.0,0.0,0.0,0.0,0.0,0.0,0.0,0.0,0.0,0.0,0.0,0.0,0.0,0.0,0.0
1255,0.0,0.0,0.0,0.0,0.0,0.0,0.0,0.0,0.0,0.0,0.0,0.0,0.0,0.0,0.0,0.0,0.0,0.0,0.0,0.0,0.0,0.0,0.0,0.0,0.0,0.0,0.0,0.0,0.0,0.0,0.0,0.0,0.0,0.0,0.0,0.0,0.0,0.0,0.0,0.0,0.0,0.0,0.0,0.0,0.0,0.0,0.0,0.0,0.0,0.0,0.0,0.0,0.0,0.0,0.0,0.0,0.0,0.0,0.0,0.0,0.0,0.0,0.0,0.0
1256,0.0,0.0,0.0,0.0,0.0,0.0,0.0,0.0,0.0,0.0,0.0,0.0,0.0,0.0,0.0,0.0,0.0,0.0,0.0,0.0,0.0,0.0,0.0,0.0,0.0,0.0,0.0,0.0,0.0,0.0,0.0,0.0,0.0,0.0,0.0,0.0,0.0,0.0,0.0,0.0,0.0,0.0,0.0,0.0,0.0,0.0,0.0,0.0,0.0,0.0,0.0,0.0,0.0,0.0,0.0,0.0,0.0,0.0,0.0,0.0,0.0,0.0,0.0,0.0
1257,0.0,0.0,0.0,0.0,0.0,0.0,0.0,0.0,0.0,0.0,0.0,0.0,0.0,0.0,0.0,0.0,0.0,0.0,0.0,0.0,0.0,0.0,0.0,0.0,0.0,0.0,0.0,0.0,0.0,0.0,0.0,0.0,0.0,0.0,0.0,0.0,0.0,0.0,0.0,0.0,0.0,0.0,0.0,0.0,0.0,0.0,0.0,0.0,0.0,0.0,0.0,0.0,0.0,0.0,0.0,0.0,0.0,0.0,0.0,0.0,0.0,0.0,0.0,0.0
1258,0.0,0.0,0.0,0.0,0.0,0.0,0.0,0.0,0.0,0.0,0.0,0.0,0.0,0.0,0.0,0.0,0.0,0.0,0.0,0.0,0.0,0.0,0.0,0.0,0.0,0.0,0.0,0.0,0.0,0.0,0.0,0.0,0.0,0.0,0.0,0.0,0.0,0.0,0.0,0.0,0.0,0.0,0.0,0.0,0.0,0.0,0.0,0.0,0.0,0.0,0.0,0.0,0.0,0.0,0.0,0.0,0.0,0.0,0.0,0.0,0.0,0.0,0.0,0.0
1259,0.0,0.0,0.0,0.0,0.0,0.0,0.0,0.0,0.01,0.23,0.0,0.24,0.27,0.0,0.0,0.0,0.07,0.17,0.15,0.0,0.2,0.0,0.03,0.0,0.0,0.0,0.0,0.0,0.0,0.0,0.0,0.0,0.0,0.0,0.0,0.0,0.0,0.07,0.0,0.02,0.0,0.0,0.0,0.0,0.0,0.0,0.0,0.0,0.0,0.0,0.0,0.0,0.01,0.0,0.02,0.01,0.0,0.0,0.0,0.01,0.0,0.0,0.0,0.0
1260,0.0,0.02,0.02,0.0,0.0,0.03,0.0,0.0,0.04,0.43,0.32,0.04,0.53,0.11,0.07,0.04,0.12,0.56,0.56,0.02,0.18,0.23,0.52,0.02,0.01,0.01,0.0,0.0,0.01,0.01,0.01,0.0,0.0,0.0,0.0,0.01,0.02,0.18,0.01,0.12,0.02,0.01,0.01,0.01,0.02,0.01,0.03,0.0,0.0,0.03,0.02,0.01,0.02,0.02,0.42,0.18,0.0,0.02,0.01,0.2,0.01,0.02,0.01,0.01
1261,0.0,0.04,0.04,0.0,0.0,0.04,0.0,0.0,0.03,0.36,0.03,0.19,0.06,0.03,0.04,0.04,0.09,0.16,0.74,0.07,0.22,0.04,0.29,0.03,0.11,0.02,0.0,0.0,0.02,0.03,0.02,0.0,0.0,0.0,0.0,0.03,0.03,0.03,0.04,0.04,0.02,0.03,0.03,0.03,0.03,0.04,0.04,0.0,0.0,0.03,0.08,0.02,0.07,0.04,0.2,0.05,0.0,0.06,0.04,0.05,0.06,0.08,0.02,0.04
1262,0.0,0.1,0.11,0.0,0.0,0.13,0.0,0.0,0.04,0.34,0.04,0.05,0.09,0.05,0.06,0.03,0.07,0.32,0.89,0.05,0.26,0.07,0.24,0.06,0.15,0.09,0.0,0.0,0.06,0.1,0.07,0.0,0.0,0.0,0.0,0.06,0.04,0.06,0.06,0.07,0.07,0.05,0.05,0.05,0.06,0.05,0.09,0.0,0.0,0.14,0.76,0.04,0.08,0.36,0.09,0.23,0.0,0.1,0.08,0.09,0.09,0.4,0.06,0.06
1263,0.0,0.19,0.22,0.0,0.0,0.11,0.0,0.0,0.06,0.64,0.07,0.08,0.06,0.06,0.06,0.06,0.14,0.57,0.81,0.07,0.14,0.06,0.06,0.1,0.37,0.23,0.0,0.0,0.13,0.22,0.16,0.0,0.0,0.0,0.0,0.12,0.09,0.07,0.12,0.1,0.04,0.11,0.1,0.11,0.1,0.11,0.09,0.0,0.0,0.05,0.12,0.1,0.41,0.13,0.23,0.21,0.0,0.25,0.1,0.37,0.12,0.12,0.12,0.09
1264,0.0,0.09,0.1,0.0,0.0,0.23,0.0,0.0,0.07,0.56,0.06,0.1,0.04,0.08,0.08,0.08,0.12,0.25,0.38,0.08,0.19,0.07,0.06,0.1,0.09,0.18,0.0,0.0,0.15,0.11,0.19,0.0,0.0,0.0,0.0,0.17,0.09,0.07,0.17,0.1,0.05,0.13,0.11,0.1,0.09,0.16,0.18,0.0,0.0,0.18,0.1,0.09,0.14,0.14,0.91,0.37,0.0,0.15,0.09,0.26,0.1,0.13,0.18,0.08
1265,0.0,0.11,0.11,0.0,0.0,0.3,0.0,0.0,0.05,0.28,0.05,0.09,0.05,0.08,0.09,0.06,0.11,0.16,0.34,0.07,0.36,0.08,0.04,0.08,0.08,0.07,0.0,0.0,0.09,0.1,0.07,0.0,0.0,0.0,0.0,0.11,0.09,0.08,0.13,0.11,0.06,0.12,0.11,0.08,0.09,0.12,0.35,0.0,0.0,0.41,0.13,0.06,0.14,0.28,0.14,0.11,0.0,0.23,0.11,0.09,0.08,0.18,0.14,0.09
1266,0.0,0.17,0.17,0.0,0.0,0.32,0.0,0.0,0.04,0.24,0.04,0.07,0.05,0.04,0.05,0.05,0.06,0.17,0.34,0.04,0.89,0.05,0.03,0.06,0.24,0.21,0.0,0.0,0.1,0.17,0.12,0.0,0.0,0.0,0.0,0.05,0.05,0.03,0.04,0.04,0.03,0.04,0.06,0.06,0.06,0.05,0.22,0.0,0.0,0.62,0.05,0.09,0.05,0.06,0.06,0.08,0.0,0.04,0.05,0.06,0.06,0.06,0.14,0.05
1267,0.0,0.17,0.53,0.0,0.0,0.15,0.0,0.0,0.03,0.09,0.02,0.04,0.04,0.02,0.03,0.03,0.04,0.08,0.1,0.03,0.63,0.03,0.02,0.03,0.32,0.26,0.0,0.0,0.15,0.16,0.27,0.0,0.0,0.0,0.0,0.06,0.02,0.04,0.05,0.03,0.02,0.04,0.04,0.03,0.03,0.05,0.12,0.0,0.0,0.08,0.08,0.04,0.07,0.08,0.06,0.1,0.0,0.04,0.06,0.06,0.04,0.15,0.08,0.05
1268,0.0,0.3,0.33,0.0,0.0,0.06,0.0,0.0,0.02,0.1,0.01,0.02,0.01,0.01,0.02,0.02,0.03,0.05,0.08,0.02,0.14,0.01,0.01,0.01,0.06,0.2,0.0,0.0,0.13,0.33,0.2,0.0,0.0,0.0,0.0,0.03,0.02,0.01,0.1,0.01,0.01,0.06,0.04,0.01,0.01,0.07,0.09,0.0,0.0,0.06,0.04,0.02,0.04,0.28,0.05,0.04,0.0,0.04,0.04,0.06,0.03,0.12,0.05,0.03
1269,0.0,0.07,0.22,0.0,0.0,0.0,0.0,0.0,0.0,0.0,0.0,0.0,0.0,0.0,0.0,0.0,0.0,0.0,0.0,0.0,0.0,0.0,0.0,0.0,0.0,0.01,0.0,0.0,0.07,0.11,0.15,0.0,0.0,0.0,0.0,0.0,0.0,0.0,0.01,0.0,0.0,0.0,0.0,0.0,0.0,0.0,0.0,0.0,0.0,0.0,0.0,0.0,0.0,0.18,0.0,0.01,0.0,0.01,0.0,0.0,0.0,0.0,0.0,0.0
1270,0.0,0.0,0.0,0.0,0.0,0.0,0.0,0.0,0.0,0.0,0.0,0.0,0.0,0.0,0.0,0.0,0.0,0.0,0.0,0.0,0.0,0.0,0.0,0.0,0.0,0.0,0.0,0.0,0.0,0.0,0.0,0.0,0.0,0.0,0.0,0.0,0.0,0.0,0.0,0.0,0.0,0.0,0.0,0.0,0.0,0.0,0.0,0.0,0.0,0.0,0.0,0.0,0.0,0.0,0.0,0.0,0.0,0.0,0.0,0.0,0.0,0.0,0.0,0.0
1271,0.0,0.0,0.0,0.0,0.0,0.0,0.0,0.0,0.0,0.0,0.0,0.0,0.0,0.0,0.0,0.0,0.0,0.0,0.0,0.0,0.0,0.0,0.0,0.0,0.0,0.0,0.0,0.0,0.0,0.0,0.0,0.0,0.0,0.0,0.0,0.0,0.0,0.0,0.0,0.0,0.0,0.0,0.0,0.0,0.0,0.0,0.0,0.0,0.0,0.0,0.0,0.0,0.0,0.0,0.0,0.0,0.0,0.0,0.0,0.0,0.0,0.0,0.0,0.0
1272,0.0,0.0,0.0,0.0,0.0,0.0,0.0,0.0,0.0,0.0,0.0,0.0,0.0,0.0,0.0,0.0,0.0,0.0,0.0,0.0,0.0,0.0,0.0,0.0,0.0,0.0,0.0,0.0,0.0,0.0,0.0,0.0,0.0,0.0,0.0,0.0,0.0,0.0,0.0,0.0,0.0,0.0,0.0,0.0,0.0,0.0,0.0,0.0,0.0,0.0,0.0,0.0,0.0,0.0,0.0,0.0,0.0,0.0,0.0,0.0,0.0,0.0,0.0,0.0
1273,0.0,0.0,0.0,0.0,0.0,0.0,0.0,0.0,0.0,0.0,0.0,0.0,0.0,0.0,0.0,0.0,0.0,0.0,0.0,0.0,0.0,0.0,0.0,0.0,0.0,0.0,0.0,0.0,0.0,0.0,0.0,0.0,0.0,0.0,0.0,0.0,0.0,0.0,0.0,0.0,0.0,0.0,0.0,0.0,0.0,0.0,0.0,0.0,0.0,0.0,0.0,0.0,0.0,0.0,0.0,0.0,0.0,0.0,0.0,0.0,0.0,0.0,0.0,0.0
1274,0.0,0.0,0.0,0.0,0.0,0.0,0.0,0.0,0.0,0.0,0.0,0.0,0.0,0.0,0.0,0.0,0.0,0.0,0.0,0.0,0.0,0.0,0.0,0.0,0.0,0.0,0.0,0.0,0.0,0.0,0.0,0.0,0.0,0.0,0.0,0.0,0.0,0.0,0.0,0.0,0.0,0.0,0.0,0.0,0.0,0.0,0.0,0.0,0.0,0.0,0.0,0.0,0.0,0.0,0.0,0.0,0.0,0.0,0.0,0.0,0.0,0.0,0.0,0.0
1275,0.0,0.0,0.0,0.0,0.0,0.0,0.0,0.0,0.0,0.0,0.0,0.0,0.0,0.0,0.0,0.0,0.0,0.0,0.0,0.0,0.0,0.0,0.0,0.0,0.0,0.0,0.0,0.0,0.0,0.0,0.0,0.0,0.0,0.0,0.0,0.0,0.0,0.0,0.0,0.0,0.0,0.0,0.0,0.0,0.0,0.0,0.0,0.0,0.0,0.0,0.0,0.0,0.0,0.0,0.0,0.0,0.0,0.0,0.0,0.0,0.0,0.0,0.0,0.0
1276,0.0,0.0,0.0,0.0,0.0,0.0,0.0,0.0,0.0,0.0,0.0,0.0,0.0,0.0,0.0,0.0,0.0,0.0,0.0,0.0,0.0,0.0,0.0,0.0,0.0,0.0,0.0,0.0,0.0,0.0,0.0,0.0,0.0,0.0,0.0,0.0,0.0,0.0,0.0,0.0,0.0,0.0,0.0,0.0,0.0,0.0,0.0,0.0,0.0,0.0,0.0,0.0,0.0,0.0,0.0,0.0,0.0,0.0,0.0,0.0,0.0,0.0,0.0,0.0
1277,0.0,0.0,0.0,0.0,0.0,0.0,0.0,0.0,0.0,0.0,0.0,0.0,0.0,0.0,0.0,0.0,0.0,0.0,0.0,0.0,0.0,0.0,0.0,0.0,0.0,0.0,0.0,0.0,0.0,0.0,0.0,0.0,0.0,0.0,0.0,0.0,0.0,0.0,0.0,0.0,0.0,0.0,0.0,0.0,0.0,0.0,0.0,0.0,0.0,0.0,0.0,0.0,0.0,0.0,0.0,0.0,0.0,0.0,0.0,0.0,0.0,0.0,0.0,0.0
1278,0.0,0.0,0.0,0.0,0.0,0.0,0.0,0.0,0.0,0.0,0.0,0.0,0.0,0.0,0.0,0.0,0.0,0.0,0.0,0.0,0.0,0.0,0.0,0.0,0.0,0.0,0.0,0.0,0.0,0.0,0.0,0.0,0.0,0.0,0.0,0.0,0.0,0.0,0.0,0.0,0.0,0.0,0.0,0.0,0.0,0.0,0.0,0.0,0.0,0.0,0.0,0.0,0.0,0.0,0.0,0.0,0.0,0.0,0.0,0.0,0.0,0.0,0.0,0.0
1279,0.0,0.0,0.0,0.0,0.0,0.0,0.0,0.0,0.0,0.0,0.0,0.0,0.0,0.0,0.0,0.0,0.0,0.0,0.0,0.0,0.0,0.0,0.0,0.0,0.0,0.0,0.0,0.0,0.0,0.0,0.0,0.0,0.0,0.0,0.0,0.0,0.0,0.0,0.0,0.0,0.0,0.0,0.0,0.0,0.0,0.0,0.0,0.0,0.0,0.0,0.0,0.0,0.0,0.0,0.0,0.0,0.0,0.0,0.0,0.0,0.0,0.0,0.0,0.0
1280,0.0,0.0,0.0,0.0,0.0,0.0,0.0,0.0,0.0,0.0,0.0,0.0,0.0,0.0,0.0,0.0,0.0,0.0,0.0,0.0,0.0,0.0,0.0,0.0,0.0,0.0,0.0,0.0,0.0,0.0,0.0,0.0,0.0,0.0,0.0,0.0,0.0,0.0,0.0,0.0,0.0,0.0,0.0,0.0,0.0,0.0,0.0,0.0,0.0,0.0,0.0,0.0,0.0,0.0,0.0,0.0,0.0,0.0,0.0,0.0,0.0,0.0,0.0,0.0
1281,0.0,0.0,0.0,0.0,0.0,0.0,0.0,0.0,0.0,0.0,0.0,0.0,0.0,0.0,0.0,0.0,0.0,0.0,0.0,0.0,0.0,0.0,0.0,0.0,0.0,0.0,0.0,0.0,0.0,0.0,0.0,0.0,0.0,0.0,0.0,0.0,0.0,0.0,0.0,0.0,0.0,0.0,0.0,0.0,0.0,0.0,0.0,0.0,0.0,0.0,0.0,0.0,0.0,0.0,0.0,0.0,0.0,0.0,0.0,0.0,0.0,0.0,0.0,0.0
1282,0.0,0.0,0.0,0.0,0.0,0.0,0.0,0.0,0.0,0.0,0.0,0.0,0.0,0.0,0.0,0.0,0.0,0.0,0.0,0.0,0.0,0.0,0.0,0.0,0.0,0.0,0.0,0.0,0.0,0.0,0.0,0.0,0.0,0.0,0.0,0.0,0.0,0.0,0.0,0.0,0.0,0.0,0.0,0.0,0.0,0.0,0.0,0.0,0.0,0.0,0.0,0.0,0.0,0.0,0.0,0.0,0.0,0.0,0.0,0.0,0.0,0.0,0.0,0.0
1283,0.0,0.01,0.01,0.0,0.0,0.01,0.0,0.0,0.0,0.15,0.0,0.0,0.01,0.0,0.0,0.0,0.0,0.23,0.23,0.0,0.01,0.0,0.01,0.0,0.07,0.01,0.0,0.0,0.01,0.01,0.01,0.0,0.0,0.0,0.0,0.0,0.0,0.0,0.0,0.0,0.0,0.0,0.0,0.0,0.0,0.0,0.01,0.0,0.0,0.0,0.0,0.0,0.0,0.0,0.0,0.0,0.0,0.0,0.0,0.0,0.0,0.0,0.01,0.0
1284,0.0,0.68,0.68,0.0,0.0,0.3,0.0,0.0,0.04,0.71,0.06,0.05,0.06,0.03,0.03,0.03,0.08,0.72,0.73,0.03,0.7,0.03,0.07,0.1,0.66,0.69,0.0,0.0,0.68,0.68,0.69,0.0,0.0,0.0,0.0,0.45,0.06,0.17,0.59,0.13,0.06,0.47,0.38,0.17,0.1,0.68,0.26,0.0,0.0,0.29,0.68,0.18,0.69,0.67,0.11,0.18,0.0,0.67,0.68,0.64,0.67,0.68,0.69,0.68
1285,0.0,0.81,0.82,0.0,0.0,0.78,0.0,0.0,0.09,0.84,0.2,0.08,0.11,0.07,0.06,0.06,0.16,0.72,0.84,0.07,0.5,0.06,0.2,0.14,0.78,0.84,0.0,0.0,0.8,0.81,0.8,0.0,0.0,0.0,0.0,0.79,0.12,0.32,0.8,0.64,0.09,0.8,0.3,0.19,0.09,0.8,0.77,0.0,0.0,0.76,0.84,0.14,0.83,0.84,0.38,0.4,0.0,0.82,0.83,0.82,0.63,0.84,0.84,0.84
1286,0.0,0.87,0.87,0.0,0.0,0.86,0.0,0.0,0.26,0.9,0.37,0.18,0.2,0.13,0.13,0.14,0.23,0.76,0.89,0.16,0.46,0.13,0.16,0.22,0.81,0.9,0.0,0.0,0.87,0.87,0.87,0.0,0.0,0.0,0.0,0.85,0.21,0.56,0.87,0.67,0.19,0.86,0.85,0.31,0.13,0.87,0.86,0.0,0.0,0.86,0.91,0.36,0.9,0.91,0.9,0.45,0.0,0.88,0.91,0.89,0.91,0.91,0.91,0.91
1287,0.0,0.89,0.9,0.0,0.0,0.88,0.0,0.0,0.36,0.91,0.31,0.21,0.24,0.25,0.16,0.26,0.36,0.41,0.67,0.25,0.34,0.25,0.16,0.31,0.85,0.91,0.0,0.0,0.89,0.9,0.89,0.0,0.0,0.0,0.0,0.89,0.32,0.26,0.9,0.6,0.26,0.7,0.88,0.42,0.34,0.9,0.88,0.0,0.0,0.88,0.91,0.91,0.62,0.91,0.91,0.47,0.0,0.91,0.91,0.91,0.91,0.91,0.91,0.91
1288,0.0,0.91,0.91,0.0,0.0,0.9,0.0,0.0,0.3,0.82,0.17,0.25,0.26,0.24,0.22,0.23,0.31,0.31,0.41,0.32,0.21,0.27,0.53,0.4,0.88,0.91,0.0,0.0,0.9,0.91,0.9,0.0,0.0,0.0,0.0,0.77,0.48,0.24,0.71,0.26,0.32,0.5,0.26,0.27,0.38,0.55,0.9,0.0,0.0,0.9,0.91,0.91,0.86,0.91,0.91,0.88,0.0,0.91,0.91,0.91,0.91,0.91,0.91,0.91
1289,0.0,0.91,0.91,0.0,0.0,0.89,0.0,0.0,0.14,0.38,0.22,0.3,0.15,0.2,0.17,0.21,0.21,0.37,0.47,0.22,0.17,0.23,0.23,0.25,0.89,0.9,0.0,0.0,0.9,0.91,0.89,0.0,0.0,0.0,0.0,0.9,0.34,0.39,0.6,0.43,0.32,0.62,0.42,0.15,0.27,0.62,0.9,0.0,0.0,0.9,0.91,0.91,0.91,0.91,0.91,0.86,0.0,0.91,0.91,0.84,0.91,0.91,0.91,0.91
1290,0.0,0.88,0.87,0.0,0.0,0.87,0.0,0.0,0.21,0.25,0.2,0.32,0.08,0.21,0.3,0.45,0.19,0.19,0.13,0.14,0.12,0.12,0.09,0.24,0.88,0.87,0.0,0.0,0.87,0.88,0.87,0.0,0.0,0.0,0.0,0.88,0.09,0.21,0.9,0.33,0.34,0.67,0.46,0.07,0.07,0.89,0.87,0.0,0.0,0.88,0.78,0.89,0.89,0.89,0.79,0.82,0.0,0.86,0.88,0.67,0.89,0.9,0.91,0.89
1291,0.0,0.82,0.81,0.0,0.0,0.78,0.0,0.0,0.09,0.35,0.38,0.19,0.05,0.11,0.46,0.07,0.18,0.09,0.11,0.06,0.05,0.18,0.09,0.04,0.82,0.76,0.0,0.0,0.76,0.82,0.76,0.0,0.0,0.0,0.0,0.8,0.4,0.18,0.83,0.26,0.6,0.82,0.54,0.52,0.03,0.84,0.8,0.0,0.0,0.8,0.8,0.82,0.75,0.77,0.71,0.69,0.0,0.74,0.81,0.76,0.81,0.82,0.81,0.78
1292,0.0,0.65,0.62,0.0,0.0,0.57,0.0,0.0,0.1,0.42,0.54,0.46,0.03,0.11,0.06,0.03,0.1,0.11,0.08,0.04,0.21,0.14,0.02,0.04,0.68,0.66,0.0,0.0,0.6,0.66,0.64,0.0,0.0,0.0,0.0,0.57,0.28,0.32,0.63,0.25,0.41,0.62,0.64,0.05,0.28,0.64,0.61,0.0,0.0,0.61,0.56,0.57,0.55,0.56,0.54,0.5,0.0,0.49,0.62,0.51,0.6,0.55,0.64,0.62
1293,0.0,0.42,0.41,0.0,0.0,0.33,0.0,0.0,0.03,0.01,0.06,0.04,0.0,0.01,0.0,0.0,0.02,0.01,0.01,0.0,0.01,0.0,0.0,0.0,0.26,0.41,0.0,0.0,0.37,0.41,0.41,0.0,0.0,0.0,0.0,0.37,0.29,0.26,0.38,0.06,0.3,0.36,0.36,0.29,0.2,0.36,0.33,0.0,0.0,0.32,0.38,0.31,0.34,0.37,0.31,0.34,0.0,0.36,0.36,0.33,0.38,0.39,0.36,0.37
1294,0.0,0.0,0.0,0.0,0.0,0.0,0.0,0.0,0.0,0.0,0.0,0.0,0.0,0.0,0.0,0.0,0.0,0.0,0.0,0.0,0.0,0.0,0.0,0.0,0.0,0.0,0.0,0.0,0.0,0.0,0.0,0.0,0.0,0.0,0.0,0.0,0.0,0.0,0.0,0.0,0.0,0.0,0.0,0.0,0.0,0.0,0.0,0.0,0.0,0.0,0.0,0.0,0.0,0.0,0.0,0.0,0.0,0.0,0.0,0.0,0.0,0.0,0.0,0.0
1295,0.0,0.0,0.0,0.0,0.0,0.0,0.0,0.0,0.0,0.0,0.0,0.0,0.0,0.0,0.0,0.0,0.0,0.0,0.0,0.0,0.0,0.0,0.0,0.0,0.0,0.0,0.0,0.0,0.0,0.0,0.0,0.0,0.0,0.0,0.0,0.0,0.0,0.0,0.0,0.0,0.0,0.0,0.0,0.0,0.0,0.0,0.0,0.0,0.0,0.0,0.0,0.0,0.0,0.0,0.0,0.0,0.0,0.0,0.0,0.0,0.0,0.0,0.0,0.0
1296,0.0,0.0,0.0,0.0,0.0,0.0,0.0,0.0,0.0,0.0,0.0,0.0,0.0,0.0,0.0,0.0,0.0,0.0,0.0,0.0,0.0,0.0,0.0,0.0,0.0,0.0,0.0,0.0,0.0,0.0,0.0,0.0,0.0,0.0,0.0,0.0,0.0,0.0,0.0,0.0,0.0,0.0,0.0,0.0,0.0,0.0,0.0,0.0,0.0,0.0,0.0,0.0,0.0,0.0,0.0,0.0,0.0,0.0,0.0,0.0,0.0,0.0,0.0,0.0
1297,0.0,0.0,0.0,0.0,0.0,0.0,0.0,0.0,0.0,0.0,0.0,0.0,0.0,0.0,0.0,0.0,0.0,0.0,0.0,0.0,0.0,0.0,0.0,0.0,0.0,0.0,0.0,0.0,0.0,0.0,0.0,0.0,0.0,0.0,0.0,0.0,0.0,0.0,0.0,0.0,0.0,0.0,0.0,0.0,0.0,0.0,0.0,0.0,0.0,0.0,0.0,0.0,0.0,0.0,0.0,0.0,0.0,0.0,0.0,0.0,0.0,0.0,0.0,0.0
1298,0.0,0.0,0.0,0.0,0.0,0.0,0.0,0.0,0.0,0.0,0.0,0.0,0.0,0.0,0.0,0.0,0.0,0.0,0.0,0.0,0.0,0.0,0.0,0.0,0.0,0.0,0.0,0.0,0.0,0.0,0.0,0.0,0.0,0.0,0.0,0.0,0.0,0.0,0.0,0.0,0.0,0.0,0.0,0.0,0.0,0.0,0.0,0.0,0.0,0.0,0.0,0.0,0.0,0.0,0.0,0.0,0.0,0.0,0.0,0.0,0.0,0.0,0.0,0.0
1299,0.0,0.0,0.0,0.0,0.0,0.0,0.0,0.0,0.0,0.0,0.0,0.0,0.0,0.0,0.0,0.0,0.0,0.0,0.0,0.0,0.0,0.0,0.0,0.0,0.0,0.0,0.0,0.0,0.0,0.0,0.0,0.0,0.0,0.0,0.0,0.0,0.0,0.0,0.0,0.0,0.0,0.0,0.0,0.0,0.0,0.0,0.0,0.0,0.0,0.0,0.0,0.0,0.0,0.0,0.0,0.0,0.0,0.0,0.0,0.0,0.0,0.0,0.0,0.0
1300,0.0,0.0,0.0,0.0,0.0,0.0,0.0,0.0,0.0,0.0,0.0,0.0,0.0,0.0,0.0,0.0,0.0,0.0,0.0,0.0,0.0,0.0,0.0,0.0,0.0,0.0,0.0,0.0,0.0,0.0,0.0,0.0,0.0,0.0,0.0,0.0,0.0,0.0,0.0,0.0,0.0,0.0,0.0,0.0,0.0,0.0,0.0,0.0,0.0,0.0,0.0,0.0,0.0,0.0,0.0,0.0,0.0,0.0,0.0,0.0,0.0,0.0,0.0,0.0
1301,0.0,0.0,0.0,0.0,0.0,0.0,0.0,0.0,0.0,0.0,0.0,0.0,0.0,0.0,0.0,0.0,0.0,0.0,0.0,0.0,0.0,0.0,0.0,0.0,0.0,0.0,0.0,0.0,0.0,0.0,0.0,0.0,0.0,0.0,0.0,0.0,0.0,0.0,0.0,0.0,0.0,0.0,0.0,0.0,0.0,0.0,0.0,0.0,0.0,0.0,0.0,0.0,0.0,0.0,0.0,0.0,0.0,0.0,0.0,0.0,0.0,0.0,0.0,0.0
1302,0.0,0.0,0.0,0.0,0.0,0.0,0.0,0.0,0.0,0.0,0.0,0.0,0.0,0.0,0.0,0.0,0.0,0.0,0.0,0.0,0.0,0.0,0.0,0.0,0.0,0.0,0.0,0.0,0.0,0.0,0.0,0.0,0.0,0.0,0.0,0.0,0.0,0.0,0.0,0.0,0.0,0.0,0.0,0.0,0.0,0.0,0.0,0.0,0.0,0.0,0.0,0.0,0.0,0.0,0.0,0.0,0.0,0.0,0.0,0.0,0.0,0.0,0.0,0.0
1303,0.0,0.0,0.0,0.0,0.0,0.0,0.0,0.0,0.0,0.0,0.0,0.0,0.0,0.0,0.0,0.0,0.0,0.0,0.0,0.0,0.0,0.0,0.0,0.0,0.0,0.0,0.0,0.0,0.0,0.0,0.0,0.0,0.0,0.0,0.0,0.0,0.0,0.0,0.0,0.0,0.0,0.0,0.0,0.0,0.0,0.0,0.0,0.0,0.0,0.0,0.0,0.0,0.0,0.0,0.0,0.0,0.0,0.0,0.0,0.0,0.0,0.0,0.0,0.0
1304,0.0,0.0,0.0,0.0,0.0,0.0,0.0,0.0,0.0,0.0,0.0,0.0,0.0,0.0,0.0,0.0,0.0,0.0,0.0,0.0,0.0,0.0,0.0,0.0,0.0,0.0,0.0,0.0,0.0,0.0,0.0,0.0,0.0,0.0,0.0,0.0,0.0,0.0,0.0,0.0,0.0,0.0,0.0,0.0,0.0,0.0,0.0,0.0,0.0,0.0,0.0,0.0,0.0,0.0,0.0,0.0,0.0,0.0,0.0,0.0,0.0,0.0,0.0,0.0
1305,0.0,0.0,0.0,0.0,0.0,0.0,0.0,0.0,0.0,0.0,0.0,0.0,0.0,0.0,0.0,0.0,0.0,0.0,0.0,0.0,0.0,0.0,0.0,0.0,0.0,0.0,0.0,0.0,0.0,0.0,0.0,0.0,0.0,0.0,0.0,0.0,0.0,0.0,0.0,0.0,0.0,0.0,0.0,0.0,0.0,0.0,0.0,0.0,0.0,0.0,0.0,0.0,0.0,0.0,0.0,0.0,0.0,0.0,0.0,0.0,0.0,0.0,0.0,0.0
1306,0.0,0.0,0.0,0.0,0.0,0.0,0.0,0.0,0.0,0.0,0.0,0.0,0.0,0.0,0.0,0.0,0.0,0.0,0.0,0.0,0.0,0.0,0.0,0.0,0.0,0.0,0.0,0.0,0.0,0.0,0.0,0.0,0.0,0.0,0.0,0.0,0.0,0.0,0.0,0.0,0.0,0.0,0.0,0.0,0.0,0.0,0.0,0.0,0.0,0.0,0.0,0.0,0.0,0.0,0.0,0.0,0.0,0.0,0.0,0.0,0.0,0.0,0.0,0.0
1307,0.0,0.12,0.11,0.0,0.0,0.2,0.0,0.0,0.25,0.09,0.23,0.03,0.18,0.1,0.12,0.28,0.19,0.15,0.15,0.11,0.1,0.17,0.19,0.23,0.23,0.1,0.0,0.0,0.02,0.12,0.04,0.0,0.0,0.0,0.0,0.17,0.2,0.2,0.16,0.2,0.12,0.17,0.17,0.22,0.22,0.16,0.21,0.0,0.0,0.21,0.01,0.0,0.01,0.0,0.02,0.0,0.0,0.0,0.01,0.0,0.01,0.01,0.04,0.01
1308,0.0,0.74,0.73,0.0,0.0,0.73,0.0,0.0,0.74,0.49,0.73,0.18,0.57,0.74,0.75,0.75,0.43,0.59,0.58,0.74,0.48,0.71,0.61,0.75,0.74,0.72,0.0,0.0,0.62,0.74,0.56,0.0,0.0,0.0,0.0,0.73,0.74,0.75,0.75,0.74,0.73,0.75,0.75,0.74,0.75,0.74,0.73,0.0,0.0,0.74,0.71,0.71,0.71,0.68,0.62,0.67,0.0,0.7,0.72,0.7,0.73,0.71,0.7,0.72
1309,0.0,0.91,0.9,0.0,0.0,0.88,0.0,0.0,0.86,0.71,0.85,0.11,0.73,0.88,0.87,0.87,0.52,0.77,0.79,0.87,0.7,0.87,0.78,0.9,0.88,0.91,0.0,0.0,0.82,0.91,0.82,0.0,0.0,0.0,0.0,0.88,0.9,0.89,0.91,0.42,0.91,0.91,0.91,0.9,0.9,0.91,0.89,0.0,0.0,0.89,0.88,0.91,0.9,0.88,0.86,0.84,0.0,0.89,0.9,0.88,0.9,0.89,0.91,0.9
1310,0.0,0.91,0.91,0.0,0.0,0.91,0.0,0.0,0.88,0.76,0.87,0.37,0.81,0.9,0.89,0.89,0.91,0.8,0.82,0.9,0.75,0.89,0.8,0.91,0.91,0.91,0.0,0.0,0.91,0.91,0.91,0.0,0.0,0.0,0.0,0.91,0.91,0.91,0.91,0.91,0.91,0.91,0.91,0.91,0.91,0.91,0.91,0.0,0.0,0.91,0.91,0.91,0.91,0.91,0.91,0.91,0.0,0.91,0.91,0.91,0.91,0.91,0.91,0.91
1311,0.0,0.91,0.91,0.0,0.0,0.91,0.0,0.0,0.91,0.84,0.91,0.91,0.87,0.91,0.91,0.91,0.91,0.85,0.85,0.91,0.83,0.91,0.84,0.91,0.91,0.91,0.0,0.0,0.91,0.91,0.91,0.0,0.0,0.0,0.0,0.91,0.91,0.91,0.91,0.91,0.91,0.91,0.91,0.91,0.91,0.91,0.91,0.0,0.0,0.91,0.91,0.91,0.91,0.91,0.91,0.91,0.0,0.91,0.91,0.91,0.91,0.91,0.91,0.91
1312,0.0,0.91,0.91,0.0,0.0,0.91,0.0,0.0,0.91,0.88,0.91,0.91,0.91,0.91,0.91,0.91,0.91,0.65,0.81,0.67,0.87,0.91,0.84,0.91,0.91,0.91,0.0,0.0,0.91,0.91,0.91,0.0,0.0,0.0,0.0,0.91,0.91,0.91,0.91,0.91,0.91,0.91,0.91,0.91,0.91,0.91,0.91,0.0,0.0,0.91,0.91,0.91,0.91,0.91,0.91,0.91,0.0,0.91,0.91,0.91,0.91,0.91,0.91,0.91
1313,0.0,0.91,0.91,0.0,0.0,0.91,0.0,0.0,0.71,0.87,0.91,0.91,0.91,0.87,0.69,0.88,0.91,0.84,0.58,0.91,0.87,0.89,0.84,0.91,0.91,0.91,0.0,0.0,0.91,0.91,0.91,0.0,0.0,0.0,0.0,0.91,0.91,0.91,0.91,0.91,0.91,0.91,0.91,0.91,0.91,0.91,0.91,0.0,0.0,0.91,0.91,0.91,0.91,0.91,0.91,0.91,0.0,0.91,0.91,0.91,0.91,0.91,0.91,0.91
1314,0.0,0.91,0.91,0.0,0.0,0.91,0.0,0.0,0.9,0.87,0.9,0.91,0.88,0.85,0.86,0.89,0.91,0.79,0.35,0.91,0.86,0.85,0.9,0.91,0.91,0.91,0.0,0.0,0.91,0.91,0.91,0.0,0.0,0.0,0.0,0.91,0.91,0.91,0.91,0.91,0.91,0.91,0.91,0.91,0.91,0.91,0.91,0.0,0.0,0.91,0.91,0.91,0.91,0.91,0.71,0.91,0.0,0.91,0.91,0.91,0.91,0.91,0.91,0.91
1315,0.0,0.91,0.91,0.0,0.0,0.87,0.0,0.0,0.82,0.66,0.85,0.88,0.81,0.84,0.82,0.84,0.88,0.7,0.6,0.82,0.7,0.79,0.81,0.89,0.87,0.91,0.0,0.0,0.91,0.65,0.91,0.0,0.0,0.0,0.0,0.91,0.89,0.91,0.91,0.91,0.91,0.91,0.9,0.88,0.89,0.91,0.88,0.0,0.0,0.88,0.91,0.91,0.88,0.89,0.76,0.88,0.0,0.87,0.91,0.91,0.9,0.9,0.91,0.91
1316,0.0,0.78,0.79,0.0,0.0,0.74,0.0,0.0,0.66,0.33,0.71,0.72,0.64,0.68,0.68,0.67,0.74,0.36,0.35,0.67,0.37,0.68,0.63,0.73,0.72,0.8,0.0,0.0,0.77,0.78,0.79,0.0,0.0,0.0,0.0,0.75,0.74,0.75,0.76,0.75,0.76,0.76,0.76,0.73,0.73,0.76,0.74,0.0,0.0,0.74,0.77,0.76,0.75,0.72,0.59,0.68,0.0,0.71,0.77,0.67,0.76,0.74,0.78,0.77
1317,0.0,0.33,0.35,0.0,0.0,0.26,0.0,0.0,0.01,0.0,0.13,0.01,0.0,0.0,0.0,0.0,0.02,0.0,0.0,0.0,0.0,0.0,0.0,0.16,0.17,0.32,0.0,0.0,0.31,0.31,0.33,0.0,0.0,0.0,0.0,0.26,0.2,0.17,0.24,0.17,0.21,0.25,0.23,0.18,0.18,0.25,0.26,0.0,0.0,0.25,0.22,0.24,0.16,0.18,0.1,0.16,0.0,0.21,0.3,0.14,0.26,0.22,0.29,0.3
1318,0.0,0.0,0.0,0.0,0.0,0.0,0.0,0.0,0.0,0.0,0.0,0.0,0.0,0.0,0.0,0.0,0.0,0.0,0.0,0.0,0.0,0.0,0.0,0.0,0.0,0.0,0.0,0.0,0.0,0.0,0.0,0.0,0.0,0.0,0.0,0.0,0.0,0.0,0.0,0.0,0.0,0.0,0.0,0.0,0.0,0.0,0.0,0.0,0.0,0.0,0.0,0.0,0.0,0.0,0.0,0.0,0.0,0.0,0.0,0.0,0.0,0.0,0.0,0.0
1319,0.0,0.0,0.0,0.0,0.0,0.0,0.0,0.0,0.0,0.0,0.0,0.0,0.0,0.0,0.0,0.0,0.0,0.0,0.0,0.0,0.0,0.0,0.0,0.0,0.0,0.0,0.0,0.0,0.0,0.0,0.0,0.0,0.0,0.0,0.0,0.0,0.0,0.0,0.0,0.0,0.0,0.0,0.0,0.0,0.0,0.0,0.0,0.0,0.0,0.0,0.0,0.0,0.0,0.0,0.0,0.0,0.0,0.0,0.0,0.0,0.0,0.0,0.0,0.0
1320,0.0,0.0,0.0,0.0,0.0,0.0,0.0,0.0,0.0,0.0,0.0,0.0,0.0,0.0,0.0,0.0,0.0,0.0,0.0,0.0,0.0,0.0,0.0,0.0,0.0,0.0,0.0,0.0,0.0,0.0,0.0,0.0,0.0,0.0,0.0,0.0,0.0,0.0,0.0,0.0,0.0,0.0,0.0,0.0,0.0,0.0,0.0,0.0,0.0,0.0,0.0,0.0,0.0,0.0,0.0,0.0,0.0,0.0,0.0,0.0,0.0,0.0,0.0,0.0
1321,0.0,0.0,0.0,0.0,0.0,0.0,0.0,0.0,0.0,0.0,0.0,0.0,0.0,0.0,0.0,0.0,0.0,0.0,0.0,0.0,0.0,0.0,0.0,0.0,0.0,0.0,0.0,0.0,0.0,0.0,0.0,0.0,0.0,0.0,0.0,0.0,0.0,0.0,0.0,0.0,0.0,0.0,0.0,0.0,0.0,0.0,0.0,0.0,0.0,0.0,0.0,0.0,0.0,0.0,0.0,0.0,0.0,0.0,0.0,0.0,0.0,0.0,0.0,0.0
1322,0.0,0.0,0.0,0.0,0.0,0.0,0.0,0.0,0.0,0.0,0.0,0.0,0.0,0.0,0.0,0.0,0.0,0.0,0.0,0.0,0.0,0.0,0.0,0.0,0.0,0.0,0.0,0.0,0.0,0.0,0.0,0.0,0.0,0.0,0.0,0.0,0.0,0.0,0.0,0.0,0.0,0.0,0.0,0.0,0.0,0.0,0.0,0.0,0.0,0.0,0.0,0.0,0.0,0.0,0.0,0.0,0.0,0.0,0.0,0.0,0.0,0.0,0.0,0.0
1323,0.0,0.0,0.0,0.0,0.0,0.0,0.0,0.0,0.0,0.0,0.0,0.0,0.0,0.0,0.0,0.0,0.0,0.0,0.0,0.0,0.0,0.0,0.0,0.0,0.0,0.0,0.0,0.0,0.0,0.0,0.0,0.0,0.0,0.0,0.0,0.0,0.0,0.0,0.0,0.0,0.0,0.0,0.0,0.0,0.0,0.0,0.0,0.0,0.0,0.0,0.0,0.0,0.0,0.0,0.0,0.0,0.0,0.0,0.0,0.0,0.0,0.0,0.0,0.0
1324,0.0,0.0,0.0,0.0,0.0,0.0,0.0,0.0,0.0,0.0,0.0,0.0,0.0,0.0,0.0,0.0,0.0,0.0,0.0,0.0,0.0,0.0,0.0,0.0,0.0,0.0,0.0,0.0,0.0,0.0,0.0,0.0,0.0,0.0,0.0,0.0,0.0,0.0,0.0,0.0,0.0,0.0,0.0,0.0,0.0,0.0,0.0,0.0,0.0,0.0,0.0,0.0,0.0,0.0,0.0,0.0,0.0,0.0,0.0,0.0,0.0,0.0,0.0,0.0
1325,0.0,0.0,0.0,0.0,0.0,0.0,0.0,0.0,0.0,0.0,0.0,0.0,0.0,0.0,0.0,0.0,0.0,0.0,0.0,0.0,0.0,0.0,0.0,0.0,0.0,0.0,0.0,0.0,0.0,0.0,0.0,0.0,0.0,0.0,0.0,0.0,0.0,0.0,0.0,0.0,0.0,0.0,0.0,0.0,0.0,0.0,0.0,0.0,0.0,0.0,0.0,0.0,0.0,0.0,0.0,0.0,0.0,0.0,0.0,0.0,0.0,0.0,0.0,0.0
1326,0.0,0.0,0.0,0.0,0.0,0.0,0.0,0.0,0.0,0.0,0.0,0.0,0.0,0.0,0.0,0.0,0.0,0.0,0.0,0.0,0.0,0.0,0.0,0.0,0.0,0.0,0.0,0.0,0.0,0.0,0.0,0.0,0.0,0.0,0.0,0.0,0.0,0.0,0.0,0.0,0.0,0.0,0.0,0.0,0.0,0.0,0.0,0.0,0.0,0.0,0.0,0.0,0.0,0.0,0.0,0.0,0.0,0.0,0.0,0.0,0.0,0.0,0.0,0.0
1327,0.0,0.0,0.0,0.0,0.0,0.0,0.0,0.0,0.0,0.0,0.0,0.0,0.0,0.0,0.0,0.0,0.0,0.0,0.0,0.0,0.0,0.0,0.0,0.0,0.0,0.0,0.0,0.0,0.0,0.0,0.0,0.0,0.0,0.0,0.0,0.0,0.0,0.0,0.0,0.0,0.0,0.0,0.0,0.0,0.0,0.0,0.0,0.0,0.0,0.0,0.0,0.0,0.0,0.0,0.0,0.0,0.0,0.0,0.0,0.0,0.0,0.0,0.0,0.0
1328,0.0,0.0,0.0,0.0,0.0,0.0,0.0,0.0,0.0,0.0,0.0,0.0,0.0,0.0,0.0,0.0,0.0,0.0,0.0,0.0,0.0,0.0,0.0,0.0,0.0,0.0,0.0,0.0,0.0,0.0,0.0,0.0,0.0,0.0,0.0,0.0,0.0,0.0,0.0,0.0,0.0,0.0,0.0,0.0,0.0,0.0,0.0,0.0,0.0,0.0,0.0,0.0,0.0,0.0,0.0,0.0,0.0,0.0,0.0,0.0,0.0,0.0,0.0,0.0
1329,0.0,0.0,0.0,0.0,0.0,0.0,0.0,0.0,0.0,0.0,0.0,0.0,0.0,0.0,0.0,0.0,0.0,0.0,0.0,0.0,0.0,0.0,0.0,0.0,0.0,0.0,0.0,0.0,0.0,0.0,0.0,0.0,0.0,0.0,0.0,0.0,0.0,0.0,0.0,0.0,0.0,0.0,0.0,0.0,0.0,0.0,0.0,0.0,0.0,0.0,0.0,0.0,0.0,0.0,0.0,0.0,0.0,0.0,0.0,0.0,0.0,0.0,0.0,0.0
1330,0.0,0.0,0.0,0.0,0.0,0.0,0.0,0.0,0.0,0.0,0.0,0.0,0.0,0.0,0.0,0.0,0.0,0.0,0.0,0.0,0.0,0.0,0.0,0.0,0.0,0.0,0.0,0.0,0.0,0.0,0.0,0.0,0.0,0.0,0.0,0.0,0.0,0.0,0.0,0.0,0.0,0.0,0.0,0.0,0.0,0.0,0.0,0.0,0.0,0.0,0.0,0.0,0.0,0.0,0.0,0.0,0.0,0.0,0.0,0.0,0.0,0.0,0.0,0.0
1331,0.0,0.16,0.15,0.0,0.0,0.24,0.0,0.0,0.25,0.26,0.26,0.26,0.39,0.28,0.26,0.28,0.26,0.33,0.33,0.26,0.28,0.31,0.38,0.26,0.31,0.16,0.0,0.0,0.16,0.16,0.16,0.0,0.0,0.0,0.0,0.21,0.24,0.25,0.2,0.25,0.23,0.21,0.21,0.26,0.26,0.2,0.24,0.0,0.0,0.25,0.02,0.13,0.16,0.02,0.17,0.01,0.0,0.02,0.13,0.13,0.13,0.02,0.16,0.13
1332,0.0,0.75,0.75,0.0,0.0,0.75,0.0,0.0,0.75,0.77,0.78,0.8,0.78,0.77,0.76,0.77,0.79,0.79,0.8,0.78,0.78,0.78,0.78,0.77,0.78,0.76,0.0,0.0,0.75,0.76,0.75,0.0,0.0,0.0,0.0,0.76,0.77,0.79,0.78,0.79,0.79,0.78,0.78,0.77,0.77,0.78,0.75,0.0,0.0,0.76,0.75,0.74,0.76,0.73,0.75,0.7,0.0,0.74,0.75,0.75,0.75,0.75,0.76,0.75
1333,0.0,0.9,0.91,0.0,0.0,0.88,0.0,0.0,0.9,0.9,0.91,0.91,0.9,0.9,0.9,0.9,0.91,0.91,0.91,0.91,0.91,0.9,0.9,0.9,0.91,0.91,0.0,0.0,0.9,0.91,0.9,0.0,0.0,0.0,0.0,0.91,0.91,0.91,0.91,0.91,0.91,0.91,0.91,0.91,0.91,0.91,0.89,0.0,0.0,0.9,0.91,0.9,0.91,0.88,0.9,0.82,0.0,0.89,0.91,0.89,0.91,0.9,0.91,0.91
1334,0.0,0.91,0.91,0.0,0.0,0.91,0.0,0.0,0.91,0.91,0.91,0.91,0.91,0.91,0.91,0.91,0.91,0.91,0.91,0.91,0.91,0.91,0.91,0.91,0.91,0.91,0.0,0.0,0.91,0.91,0.91,0.0,0.0,0.0,0.0,0.91,0.91,0.91,0.91,0.91,0.91,0.91,0.91,0.91,0.91,0.91,0.91,0.0,0.0,0.91,0.91,0.91,0.91,0.91,0.91,0.88,0.0,0.91,0.91,0.91,0.91,0.91,0.91,0.91
1335,0.0,0.91,0.91,0.0,0.0,0.91,0.0,0.0,0.91,0.91,0.91,0.91,0.91,0.91,0.91,0.91,0.91,0.91,0.91,0.91,0.91,0.91,0.91,0.91,0.91,0.91,0.0,0.0,0.91,0.91,0.91,0.0,0.0,0.0,0.0,0.91,0.91,0.91,0.91,0.91,0.91,0.91,0.91,0.91,0.91,0.91,0.91,0.0,0.0,0.91,0.91,0.91,0.91,0.91,0.91,0.91,0.0,0.91,0.91,0.91,0.91,0.91,0.91,0.91
1336,0.0,0.91,0.91,0.0,0.0,0.91,0.0,0.0,0.91,0.91,0.91,0.91,0.91,0.91,0.91,0.91,0.91,0.91,0.91,0.91,0.91,0.91,0.91,0.91,0.91,0.91,0.0,0.0,0.91,0.91,0.91,0.0,0.0,0.0,0.0,0.91,0.91,0.91,0.91,0.91,0.91,0.91,0.91,0.91,0.91,0.91,0.91,0.0,0.0,0.91,0.91,0.91,0.91,0.91,0.91,0.91,0.0,0.91,0.91,0.91,0.91,0.91,0.91,0.91
1337,0.0,0.91,0.91,0.0,0.0,0.91,0.0,0.0,0.91,0.91,0.91,0.91,0.91,0.91,0.91,0.91,0.91,0.91,0.91,0.91,0.91,0.91,0.91,0.91,0.91,0.91,0.0,0.0,0.91,0.91,0.91,0.0,0.0,0.0,0.0,0.91,0.91,0.91,0.91,0.91,0.91,0.91,0.91,0.91,0.91,0.91,0.91,0.0,0.0,0.91,0.91,0.91,0.91,0.91,0.91,0.91,0.0,0.91,0.91,0.91,0.91,0.91,0.91,0.91
1338,0.0,0.91,0.91,0.0,0.0,0.91,0.0,0.0,0.91,0.91,0.91,0.91,0.91,0.91,0.91,0.91,0.91,0.91,0.91,0.91,0.91,0.91,0.91,0.91,0.91,0.91,0.0,0.0,0.91,0.91,0.91,0.0,0.0,0.0,0.0,0.91,0.91,0.91,0.91,0.91,0.91,0.91,0.91,0.91,0.91,0.91,0.91,0.0,0.0,0.91,0.91,0.91,0.91,0.91,0.91,0.88,0.0,0.91,0.91,0.91,0.91,0.91,0.91,0.91
1339,0.0,0.91,0.91,0.0,0.0,0.89,0.0,0.0,0.88,0.87,0.9,0.91,0.83,0.87,0.87,0.87,0.91,0.87,0.88,0.88,0.87,0.86,0.84,0.9,0.89,0.91,0.0,0.0,0.91,0.91,0.91,0.0,0.0,0.0,0.0,0.91,0.91,0.91,0.91,0.91,0.91,0.91,0.91,0.91,0.9,0.91,0.9,0.0,0.0,0.89,0.91,0.91,0.91,0.9,0.91,0.84,0.0,0.9,0.91,0.9,0.91,0.91,0.91,0.91
1340,0.0,0.78,0.79,0.0,0.0,0.76,0.0,0.0,0.73,0.7,0.75,0.76,0.67,0.7,0.71,0.71,0.77,0.7,0.71,0.72,0.71,0.7,0.67,0.75,0.75,0.8,0.0,0.0,0.78,0.79,0.79,0.0,0.0,0.0,0.0,0.78,0.77,0.79,0.79,0.78,0.8,0.79,0.78,0.76,0.76,0.79,0.76,0.0,0.0,0.76,0.78,0.78,0.78,0.76,0.76,0.73,0.0,0.76,0.78,0.76,0.78,0.78,0.8,0.78
1341,0.0,0.36,0.37,0.0,0.0,0.28,0.0,0.0,0.13,0.0,0.16,0.02,0.0,0.01,0.01,0.01,0.17,0.0,0.0,0.01,0.0,0.0,0.0,0.2,0.2,0.37,0.0,0.0,0.34,0.36,0.35,0.0,0.0,0.0,0.0,0.31,0.24,0.21,0.31,0.2,0.25,0.3,0.29,0.22,0.21,0.3,0.28,0.0,0.0,0.28,0.34,0.35,0.29,0.32,0.25,0.31,0.0,0.31,0.33,0.29,0.34,0.33,0.35,0.33
1342,0.0,0.0,0.0,0.0,0.0,0.0,0.0,0.0,0.0,0.0,0.0,0.0,0.0,0.0,0.0,0.0,0.0,0.0,0.0,0.0,0.0,0.0,0.0,0.0,0.0,0.0,0.0,0.0,0.0,0.0,0.0,0.0,0.0,0.0,0.0,0.0,0.0,0.0,0.0,0.0,0.0,0.0,0.0,0.0,0.0,0.0,0.0,0.0,0.0,0.0,0.0,0.0,0.0,0.0,0.0,0.0,0.0,0.0,0.0,0.0,0.0,0.0,0.0,0.0
1343,0.0,0.0,0.0,0.0,0.0,0.0,0.0,0.0,0.0,0.0,0.0,0.0,0.0,0.0,0.0,0.0,0.0,0.0,0.0,0.0,0.0,0.0,0.0,0.0,0.0,0.0,0.0,0.0,0.0,0.0,0.0,0.0,0.0,0.0,0.0,0.0,0.0,0.0,0.0,0.0,0.0,0.0,0.0,0.0,0.0,0.0,0.0,0.0,0.0,0.0,0.0,0.0,0.0,0.0,0.0,0.0,0.0,0.0,0.0,0.0,0.0,0.0,0.0,0.0
1344,0.0,0.0,0.0,0.0,0.0,0.0,0.0,0.0,0.0,0.0,0.0,0.0,0.0,0.0,0.0,0.0,0.0,0.0,0.0,0.0,0.0,0.0,0.0,0.0,0.0,0.0,0.0,0.0,0.0,0.0,0.0,0.0,0.0,0.0,0.0,0.0,0.0,0.0,0.0,0.0,0.0,0.0,0.0,0.0,0.0,0.0,0.0,0.0,0.0,0.0,0.0,0.0,0.0,0.0,0.0,0.0,0.0,0.0,0.0,0.0,0.0,0.0,0.0,0.0
1345,0.0,0.0,0.0,0.0,0.0,0.0,0.0,0.0,0.0,0.0,0.0,0.0,0.0,0.0,0.0,0.0,0.0,0.0,0.0,0.0,0.0,0.0,0.0,0.0,0.0,0.0,0.0,0.0,0.0,0.0,0.0,0.0,0.0,0.0,0.0,0.0,0.0,0.0,0.0,0.0,0.0,0.0,0.0,0.0,0.0,0.0,0.0,0.0,0.0,0.0,0.0,0.0,0.0,0.0,0.0,0.0,0.0,0.0,0.0,0.0,0.0,0.0,0.0,0.0
1346,0.0,0.0,0.0,0.0,0.0,0.0,0.0,0.0,0.0,0.0,0.0,0.0,0.0,0.0,0.0,0.0,0.0,0.0,0.0,0.0,0.0,0.0,0.0,0.0,0.0,0.0,0.0,0.0,0.0,0.0,0.0,0.0,0.0,0.0,0.0,0.0,0.0,0.0,0.0,0.0,0.0,0.0,0.0,0.0,0.0,0.0,0.0,0.0,0.0,0.0,0.0,0.0,0.0,0.0,0.0,0.0,0.0,0.0,0.0,0.0,0.0,0.0,0.0,0.0
1347,0.0,0.0,0.0,0.0,0.0,0.0,0.0,0.0,0.0,0.0,0.0,0.0,0.0,0.0,0.0,0.0,0.0,0.0,0.0,0.0,0.0,0.0,0.0,0.0,0.0,0.0,0.0,0.0,0.0,0.0,0.0,0.0,0.0,0.0,0.0,0.0,0.0,0.0,0.0,0.0,0.0,0.0,0.0,0.0,0.0,0.0,0.0,0.0,0.0,0.0,0.0,0.0,0.0,0.0,0.0,0.0,0.0,0.0,0.0,0.0,0.0,0.0,0.0,0.0
1348,0.0,0.0,0.0,0.0,0.0,0.0,0.0,0.0,0.0,0.0,0.0,0.0,0.0,0.0,0.0,0.0,0.0,0.0,0.0,0.0,0.0,0.0,0.0,0.0,0.0,0.0,0.0,0.0,0.0,0.0,0.0,0.0,0.0,0.0,0.0,0.0,0.0,0.0,0.0,0.0,0.0,0.0,0.0,0.0,0.0,0.0,0.0,0.0,0.0,0.0,0.0,0.0,0.0,0.0,0.0,0.0,0.0,0.0,0.0,0.0,0.0,0.0,0.0,0.0
1349,0.0,0.0,0.0,0.0,0.0,0.0,0.0,0.0,0.0,0.0,0.0,0.0,0.0,0.0,0.0,0.0,0.0,0.0,0.0,0.0,0.0,0.0,0.0,0.0,0.0,0.0,0.0,0.0,0.0,0.0,0.0,0.0,0.0,0.0,0.0,0.0,0.0,0.0,0.0,0.0,0.0,0.0,0.0,0.0,0.0,0.0,0.0,0.0,0.0,0.0,0.0,0.0,0.0,0.0,0.0,0.0,0.0,0.0,0.0,0.0,0.0,0.0,0.0,0.0
1350,0.0,0.0,0.0,0.0,0.0,0.0,0.0,0.0,0.0,0.0,0.0,0.0,0.0,0.0,0.0,0.0,0.0,0.0,0.0,0.0,0.0,0.0,0.0,0.0,0.0,0.0,0.0,0.0,0.0,0.0,0.0,0.0,0.0,0.0,0.0,0.0,0.0,0.0,0.0,0.0,0.0,0.0,0.0,0.0,0.0,0.0,0.0,0.0,0.0,0.0,0.0,0.0,0.0,0.0,0.0,0.0,0.0,0.0,0.0,0.0,0.0,0.0,0.0,0.0
1351,0.0,0.0,0.0,0.0,0.0,0.0,0.0,0.0,0.0,0.0,0.0,0.0,0.0,0.0,0.0,0.0,0.0,0.0,0.0,0.0,0.0,0.0,0.0,0.0,0.0,0.0,0.0,0.0,0.0,0.0,0.0,0.0,0.0,0.0,0.0,0.0,0.0,0.0,0.0,0.0,0.0,0.0,0.0,0.0,0.0,0.0,0.0,0.0,0.0,0.0,0.0,0.0,0.0,0.0,0.0,0.0,0.0,0.0,0.0,0.0,0.0,0.0,0.0,0.0
1352,0.0,0.0,0.0,0.0,0.0,0.0,0.0,0.0,0.0,0.0,0.0,0.0,0.0,0.0,0.0,0.0,0.0,0.0,0.0,0.0,0.0,0.0,0.0,0.0,0.0,0.0,0.0,0.0,0.0,0.0,0.0,0.0,0.0,0.0,0.0,0.0,0.0,0.0,0.0,0.0,0.0,0.0,0.0,0.0,0.0,0.0,0.0,0.0,0.0,0.0,0.0,0.0,0.0,0.0,0.0,0.0,0.0,0.0,0.0,0.0,0.0,0.0,0.0,0.0
1353,0.0,0.0,0.0,0.0,0.0,0.0,0.0,0.0,0.0,0.0,0.0,0.0,0.0,0.0,0.0,0.0,0.0,0.0,0.0,0.0,0.0,0.0,0.0,0.0,0.0,0.0,0.0,0.0,0.0,0.0,0.0,0.0,0.0,0.0,0.0,0.0,0.0,0.0,0.0,0.0,0.0,0.0,0.0,0.0,0.0,0.0,0.0,0.0,0.0,0.0,0.0,0.0,0.0,0.0,0.0,0.0,0.0,0.0,0.0,0.0,0.0,0.0,0.0,0.0
1354,0.0,0.0,0.0,0.0,0.0,0.0,0.0,0.0,0.0,0.0,0.0,0.0,0.0,0.0,0.0,0.0,0.0,0.0,0.0,0.0,0.0,0.0,0.0,0.0,0.0,0.0,0.0,0.0,0.0,0.0,0.0,0.0,0.0,0.0,0.0,0.0,0.0,0.0,0.0,0.0,0.0,0.0,0.0,0.0,0.0,0.0,0.0,0.0,0.0,0.0,0.0,0.0,0.0,0.0,0.0,0.0,0.0,0.0,0.0,0.0,0.0,0.0,0.0,0.0
1355,0.0,0.05,0.02,0.0,0.0,0.14,0.0,0.0,0.27,0.23,0.25,0.27,0.4,0.32,0.33,0.32,0.23,0.34,0.32,0.3,0.22,0.33,0.4,0.23,0.27,0.08,0.0,0.0,0.13,0.07,0.11,0.0,0.0,0.0,0.0,0.19,0.2,0.23,0.15,0.21,0.2,0.18,0.16,0.18,0.23,0.15,0.14,0.0,0.0,0.14,0.08,0.05,0.11,0.1,0.09,0.01,0.0,0.1,0.1,0.04,0.06,0.1,0.08,0.08
1356,0.0,0.52,0.52,0.0,0.0,0.57,0.0,0.0,0.71,0.61,0.69,0.74,0.75,0.7,0.72,0.72,0.72,0.73,0.72,0.72,0.64,0.72,0.75,0.69,0.67,0.48,0.0,0.0,0.38,0.53,0.48,0.0,0.0,0.0,0.0,0.39,0.68,0.71,0.48,0.71,0.7,0.47,0.64,0.69,0.7,0.6,0.57,0.0,0.0,0.58,0.68,0.62,0.7,0.68,0.68,0.64,0.0,0.68,0.67,0.64,0.64,0.68,0.38,0.65
1357,0.0,0.59,0.56,0.0,0.0,0.69,0.0,0.0,0.77,0.7,0.79,0.85,0.86,0.82,0.83,0.84,0.83,0.85,0.84,0.82,0.78,0.85,0.86,0.73,0.75,0.6,0.0,0.0,0.52,0.6,0.59,0.0,0.0,0.0,0.0,0.56,0.79,0.83,0.68,0.82,0.8,0.63,0.76,0.79,0.76,0.74,0.72,0.0,0.0,0.74,0.8,0.76,0.81,0.8,0.82,0.82,0.0,0.79,0.8,0.83,0.8,0.8,0.54,0.8
1358,0.0,0.74,0.75,0.0,0.0,0.76,0.0,0.0,0.85,0.89,0.85,0.86,0.91,0.84,0.84,0.86,0.84,0.9,0.91,0.86,0.89,0.84,0.91,0.82,0.8,0.75,0.0,0.0,0.72,0.76,0.75,0.0,0.0,0.0,0.0,0.72,0.81,0.84,0.74,0.85,0.85,0.76,0.79,0.86,0.81,0.75,0.76,0.0,0.0,0.77,0.88,0.78,0.89,0.87,0.88,0.9,0.0,0.87,0.88,0.89,0.87,0.87,0.7,0.87
1359,0.0,0.78,0.77,0.0,0.0,0.79,0.0,0.0,0.87,0.91,0.88,0.88,0.9,0.86,0.89,0.89,0.9,0.91,0.91,0.87,0.91,0.89,0.88,0.91,0.79,0.81,0.0,0.0,0.78,0.79,0.82,0.0,0.0,0.0,0.0,0.76,0.9,0.91,0.8,0.91,0.9,0.79,0.85,0.84,0.91,0.82,0.8,0.0,0.0,0.82,0.91,0.84,0.9,0.9,0.91,0.91,0.0,0.91,0.91,0.91,0.9,0.9,0.8,0.89
1360,0.0,0.82,0.82,0.0,0.0,0.77,0.0,0.0,0.91,0.91,0.91,0.9,0.89,0.86,0.88,0.87,0.89,0.9,0.91,0.88,0.91,0.87,0.87,0.91,0.77,0.86,0.0,0.0,0.85,0.82,0.85,0.0,0.0,0.0,0.0,0.83,0.91,0.91,0.84,0.91,0.91,0.83,0.82,0.82,0.91,0.85,0.73,0.0,0.0,0.74,0.91,0.9,0.91,0.91,0.91,0.91,0.0,0.91,0.91,0.91,0.91,0.91,0.84,0.91
1361,0.0,0.85,0.85,0.0,0.0,0.79,0.0,0.0,0.91,0.91,0.91,0.91,0.88,0.88,0.88,0.88,0.91,0.87,0.89,0.9,0.91,0.86,0.87,0.91,0.71,0.86,0.0,0.0,0.87,0.86,0.85,0.0,0.0,0.0,0.0,0.87,0.91,0.91,0.86,0.89,0.91,0.84,0.86,0.85,0.91,0.88,0.8,0.0,0.0,0.78,0.91,0.91,0.91,0.91,0.91,0.91,0.0,0.91,0.91,0.91,0.91,0.91,0.85,0.91
1362,0.0,0.84,0.84,0.0,0.0,0.8,0.0,0.0,0.89,0.91,0.89,0.9,0.88,0.88,0.87,0.87,0.89,0.82,0.86,0.88,0.91,0.86,0.85,0.9,0.71,0.88,0.0,0.0,0.86,0.85,0.85,0.0,0.0,0.0,0.0,0.87,0.9,0.89,0.89,0.85,0.91,0.86,0.88,0.88,0.9,0.91,0.8,0.0,0.0,0.8,0.91,0.91,0.9,0.91,0.91,0.91,0.0,0.91,0.91,0.91,0.91,0.91,0.88,0.91
1363,0.0,0.78,0.75,0.0,0.0,0.69,0.0,0.0,0.83,0.86,0.82,0.84,0.8,0.82,0.82,0.82,0.83,0.82,0.85,0.83,0.85,0.82,0.77,0.84,0.72,0.85,0.0,0.0,0.84,0.8,0.84,0.0,0.0,0.0,0.0,0.83,0.84,0.8,0.85,0.79,0.86,0.85,0.84,0.84,0.84,0.86,0.65,0.0,0.0,0.63,0.87,0.87,0.86,0.86,0.87,0.85,0.0,0.86,0.86,0.87,0.88,0.87,0.87,0.87
1364,0.0,0.69,0.62,0.0,0.0,0.54,0.0,0.0,0.68,0.68,0.66,0.7,0.65,0.67,0.67,0.67,0.7,0.67,0.69,0.68,0.7,0.67,0.64,0.7,0.47,0.74,0.0,0.0,0.73,0.72,0.73,0.0,0.0,0.0,0.0,0.71,0.7,0.66,0.71,0.69,0.72,0.72,0.71,0.7,0.7,0.72,0.55,0.0,0.0,0.53,0.74,0.75,0.73,0.73,0.73,0.72,0.0,0.73,0.74,0.74,0.74,0.74,0.74,0.74
1365,0.0,0.33,0.33,0.0,0.0,0.17,0.0,0.0,0.16,0.0,0.18,0.03,0.0,0.01,0.01,0.02,0.2,0.0,0.0,0.02,0.01,0.01,0.0,0.22,0.09,0.35,0.0,0.0,0.33,0.33,0.34,0.0,0.0,0.0,0.0,0.3,0.25,0.22,0.3,0.22,0.27,0.29,0.29,0.24,0.23,0.3,0.15,0.0,0.0,0.15,0.34,0.37,0.3,0.33,0.27,0.31,0.0,0.32,0.33,0.3,0.34,0.34,0.36,0.34
1366,0.0,0.0,0.0,0.0,0.0,0.0,0.0,0.0,0.0,0.0,0.0,0.0,0.0,0.0,0.0,0.0,0.0,0.0,0.0,0.0,0.0,0.0,0.0,0.0,0.0,0.0,0.0,0.0,0.0,0.0,0.0,0.0,0.0,0.0,0.0,0.0,0.0,0.0,0.0,0.0,0.0,0.0,0.0,0.0,0.0,0.0,0.0,0.0,0.0,0.0,0.0,0.0,0.0,0.0,0.0,0.0,0.0,0.0,0.0,0.0,0.0,0.0,0.0,0.0
1367,0.0,0.0,0.0,0.0,0.0,0.0,0.0,0.0,0.0,0.0,0.0,0.0,0.0,0.0,0.0,0.0,0.0,0.0,0.0,0.0,0.0,0.0,0.0,0.0,0.0,0.0,0.0,0.0,0.0,0.0,0.0,0.0,0.0,0.0,0.0,0.0,0.0,0.0,0.0,0.0,0.0,0.0,0.0,0.0,0.0,0.0,0.0,0.0,0.0,0.0,0.0,0.0,0.0,0.0,0.0,0.0,0.0,0.0,0.0,0.0,0.0,0.0,0.0,0.0
1368,0.0,0.0,0.0,0.0,0.0,0.0,0.0,0.0,0.0,0.0,0.0,0.0,0.0,0.0,0.0,0.0,0.0,0.0,0.0,0.0,0.0,0.0,0.0,0.0,0.0,0.0,0.0,0.0,0.0,0.0,0.0,0.0,0.0,0.0,0.0,0.0,0.0,0.0,0.0,0.0,0.0,0.0,0.0,0.0,0.0,0.0,0.0,0.0,0.0,0.0,0.0,0.0,0.0,0.0,0.0,0.0,0.0,0.0,0.0,0.0,0.0,0.0,0.0,0.0
1369,0.0,0.0,0.0,0.0,0.0,0.0,0.0,0.0,0.0,0.0,0.0,0.0,0.0,0.0,0.0,0.0,0.0,0.0,0.0,0.0,0.0,0.0,0.0,0.0,0.0,0.0,0.0,0.0,0.0,0.0,0.0,0.0,0.0,0.0,0.0,0.0,0.0,0.0,0.0,0.0,0.0,0.0,0.0,0.0,0.0,0.0,0.0,0.0,0.0,0.0,0.0,0.0,0.0,0.0,0.0,0.0,0.0,0.0,0.0,0.0,0.0,0.0,0.0,0.0
1370,0.0,0.0,0.0,0.0,0.0,0.0,0.0,0.0,0.0,0.0,0.0,0.0,0.0,0.0,0.0,0.0,0.0,0.0,0.0,0.0,0.0,0.0,0.0,0.0,0.0,0.0,0.0,0.0,0.0,0.0,0.0,0.0,0.0,0.0,0.0,0.0,0.0,0.0,0.0,0.0,0.0,0.0,0.0,0.0,0.0,0.0,0.0,0.0,0.0,0.0,0.0,0.0,0.0,0.0,0.0,0.0,0.0,0.0,0.0,0.0,0.0,0.0,0.0,0.0
1371,0.0,0.0,0.0,0.0,0.0,0.0,0.0,0.0,0.0,0.0,0.0,0.0,0.0,0.0,0.0,0.0,0.0,0.0,0.0,0.0,0.0,0.0,0.0,0.0,0.0,0.0,0.0,0.0,0.0,0.0,0.0,0.0,0.0,0.0,0.0,0.0,0.0,0.0,0.0,0.0,0.0,0.0,0.0,0.0,0.0,0.0,0.0,0.0,0.0,0.0,0.0,0.0,0.0,0.0,0.0,0.0,0.0,0.0,0.0,0.0,0.0,0.0,0.0,0.0
1372,0.0,0.0,0.0,0.0,0.0,0.0,0.0,0.0,0.0,0.0,0.0,0.0,0.0,0.0,0.0,0.0,0.0,0.0,0.0,0.0,0.0,0.0,0.0,0.0,0.0,0.0,0.0,0.0,0.0,0.0,0.0,0.0,0.0,0.0,0.0,0.0,0.0,0.0,0.0,0.0,0.0,0.0,0.0,0.0,0.0,0.0,0.0,0.0,0.0,0.0,0.0,0.0,0.0,0.0,0.0,0.0,0.0,0.0,0.0,0.0,0.0,0.0,0.0,0.0
1373,0.0,0.0,0.0,0.0,0.0,0.0,0.0,0.0,0.0,0.0,0.0,0.0,0.0,0.0,0.0,0.0,0.0,0.0,0.0,0.0,0.0,0.0,0.0,0.0,0.0,0.0,0.0,0.0,0.0,0.0,0.0,0.0,0.0,0.0,0.0,0.0,0.0,0.0,0.0,0.0,0.0,0.0,0.0,0.0,0.0,0.0,0.0,0.0,0.0,0.0,0.0,0.0,0.0,0.0,0.0,0.0,0.0,0.0,0.0,0.0,0.0,0.0,0.0,0.0
1374,0.0,0.0,0.0,0.0,0.0,0.0,0.0,0.0,0.0,0.0,0.0,0.0,0.0,0.0,0.0,0.0,0.0,0.0,0.0,0.0,0.0,0.0,0.0,0.0,0.0,0.0,0.0,0.0,0.0,0.0,0.0,0.0,0.0,0.0,0.0,0.0,0.0,0.0,0.0,0.0,0.0,0.0,0.0,0.0,0.0,0.0,0.0,0.0,0.0,0.0,0.0,0.0,0.0,0.0,0.0,0.0,0.0,0.0,0.0,0.0,0.0,0.0,0.0,0.0
1375,0.0,0.0,0.0,0.0,0.0,0.0,0.0,0.0,0.0,0.0,0.0,0.0,0.0,0.0,0.0,0.0,0.0,0.0,0.0,0.0,0.0,0.0,0.0,0.0,0.0,0.0,0.0,0.0,0.0,0.0,0.0,0.0,0.0,0.0,0.0,0.0,0.0,0.0,0.0,0.0,0.0,0.0,0.0,0.0,0.0,0.0,0.0,0.0,0.0,0.0,0.0,0.0,0.0,0.0,0.0,0.0,0.0,0.0,0.0,0.0,0.0,0.0,0.0,0.0
1376,0.0,0.0,0.0,0.0,0.0,0.0,0.0,0.0,0.0,0.0,0.0,0.0,0.0,0.0,0.0,0.0,0.0,0.0,0.0,0.0,0.0,0.0,0.0,0.0,0.0,0.0,0.0,0.0,0.0,0.0,0.0,0.0,0.0,0.0,0.0,0.0,0.0,0.0,0.0,0.0,0.0,0.0,0.0,0.0,0.0,0.0,0.0,0.0,0.0,0.0,0.0,0.0,0.0,0.0,0.0,0.0,0.0,0.0,0.0,0.0,0.0,0.0,0.0,0.0
1377,0.0,0.0,0.0,0.0,0.0,0.0,0.0,0.0,0.0,0.0,0.0,0.0,0.0,0.0,0.0,0.0,0.0,0.0,0.0,0.0,0.0,0.0,0.0,0.0,0.0,0.0,0.0,0.0,0.0,0.0,0.0,0.0,0.0,0.0,0.0,0.0,0.0,0.0,0.0,0.0,0.0,0.0,0.0,0.0,0.0,0.0,0.0,0.0,0.0,0.0,0.0,0.0,0.0,0.0,0.0,0.0,0.0,0.0,0.0,0.0,0.0,0.0,0.0,0.0
1378,0.0,0.0,0.0,0.0,0.0,0.0,0.0,0.0,0.0,0.0,0.0,0.0,0.0,0.0,0.0,0.0,0.0,0.0,0.0,0.0,0.0,0.0,0.0,0.0,0.0,0.0,0.0,0.0,0.0,0.0,0.0,0.0,0.0,0.0,0.0,0.0,0.0,0.0,0.0,0.0,0.0,0.0,0.0,0.0,0.0,0.0,0.0,0.0,0.0,0.0,0.0,0.0,0.0,0.0,0.0,0.0,0.0,0.0,0.0,0.0,0.0,0.0,0.0,0.0
1379,0.0,0.25,0.25,0.0,0.0,0.3,0.0,0.0,0.38,0.4,0.36,0.39,0.5,0.43,0.43,0.42,0.36,0.46,0.46,0.4,0.4,0.44,0.5,0.35,0.36,0.25,0.0,0.0,0.26,0.25,0.26,0.0,0.0,0.0,0.0,0.29,0.32,0.34,0.29,0.34,0.32,0.3,0.3,0.34,0.34,0.29,0.31,0.0,0.0,0.31,0.24,0.24,0.27,0.23,0.28,0.08,0.0,0.24,0.25,0.25,0.25,0.24,0.25,0.25
1380,0.0,0.74,0.74,0.0,0.0,0.74,0.0,0.0,0.77,0.77,0.76,0.78,0.8,0.77,0.78,0.78,0.75,0.8,0.8,0.78,0.76,0.78,0.8,0.77,0.73,0.75,0.0,0.0,0.74,0.74,0.74,0.0,0.0,0.0,0.0,0.75,0.76,0.77,0.76,0.76,0.76,0.76,0.74,0.76,0.77,0.76,0.74,0.0,0.0,0.74,0.73,0.73,0.74,0.71,0.75,0.71,0.0,0.72,0.73,0.71,0.73,0.72,0.74,0.72
1381,0.0,0.89,0.89,0.0,0.0,0.87,0.0,0.0,0.9,0.89,0.89,0.9,0.91,0.9,0.9,0.9,0.87,0.91,0.91,0.9,0.89,0.9,0.91,0.9,0.84,0.89,0.0,0.0,0.89,0.89,0.88,0.0,0.0,0.0,0.0,0.89,0.9,0.9,0.91,0.88,0.9,0.9,0.88,0.9,0.9,0.9,0.87,0.0,0.0,0.87,0.87,0.88,0.87,0.87,0.89,0.81,0.0,0.85,0.87,0.84,0.88,0.87,0.88,0.87
1382,0.0,0.91,0.91,0.0,0.0,0.91,0.0,0.0,0.91,0.91,0.91,0.91,0.91,0.91,0.91,0.91,0.91,0.91,0.91,0.91,0.91,0.91,0.91,0.91,0.91,0.91,0.0,0.0,0.91,0.91,0.91,0.0,0.0,0.0,0.0,0.91,0.91,0.91,0.91,0.91,0.91,0.91,0.91,0.91,0.91,0.91,0.91,0.0,0.0,0.91,0.91,0.91,0.91,0.91,0.91,0.88,0.0,0.91,0.91,0.9,0.91,0.91,0.91,0.91
1383,0.0,0.91,0.91,0.0,0.0,0.91,0.0,0.0,0.91,0.91,0.91,0.91,0.91,0.91,0.91,0.91,0.91,0.91,0.91,0.91,0.91,0.91,0.91,0.91,0.91,0.91,0.0,0.0,0.91,0.91,0.91,0.0,0.0,0.0,0.0,0.91,0.91,0.91,0.91,0.91,0.91,0.91,0.91,0.91,0.91,0.91,0.91,0.0,0.0,0.91,0.91,0.91,0.91,0.91,0.91,0.91,0.0,0.91,0.91,0.91,0.91,0.91,0.91,0.91
1384,0.0,0.91,0.91,0.0,0.0,0.91,0.0,0.0,0.91,0.91,0.91,0.91,0.91,0.91,0.91,0.91,0.91,0.91,0.91,0.91,0.91,0.91,0.91,0.91,0.91,0.91,0.0,0.0,0.91,0.91,0.91,0.0,0.0,0.0,0.0,0.91,0.91,0.91,0.91,0.91,0.91,0.91,0.91,0.91,0.91,0.91,0.91,0.0,0.0,0.91,0.91,0.91,0.91,0.91,0.91,0.91,0.0,0.91,0.91,0.91,0.91,0.91,0.91,0.91
1385,0.0,0.91,0.91,0.0,0.0,0.91,0.0,0.0,0.91,0.91,0.91,0.91,0.91,0.91,0.91,0.91,0.91,0.91,0.91,0.91,0.91,0.91,0.91,0.91,0.91,0.91,0.0,0.0,0.91,0.91,0.91,0.0,0.0,0.0,0.0,0.91,0.91,0.91,0.91,0.91,0.91,0.91,0.91,0.91,0.91,0.91,0.91,0.0,0.0,0.91,0.91,0.91,0.91,0.91,0.91,0.91,0.0,0.91,0.91,0.91,0.91,0.91,0.91,0.91
1386,0.0,0.91,0.91,0.0,0.0,0.6,0.0,0.0,0.91,0.88,0.91,0.91,0.91,0.91,0.91,0.91,0.91,0.91,0.91,0.91,0.9,0.91,0.91,0.91,0.91,0.91,0.0,0.0,0.91,0.91,0.91,0.0,0.0,0.0,0.0,0.91,0.91,0.91,0.91,0.91,0.91,0.91,0.91,0.91,0.91,0.91,0.5,0.0,0.0,0.5,0.91,0.91,0.91,0.9,0.91,0.91,0.0,0.9,0.9,0.91,0.91,0.91,0.91,0.91
1387,0.0,0.88,0.88,0.0,0.0,0.52,0.0,0.0,0.86,0.8,0.86,0.86,0.84,0.85,0.86,0.86,0.84,0.86,0.86,0.86,0.82,0.85,0.85,0.87,0.87,0.89,0.0,0.0,0.87,0.89,0.88,0.0,0.0,0.0,0.0,0.88,0.88,0.88,0.89,0.87,0.85,0.89,0.88,0.88,0.88,0.89,0.8,0.0,0.0,0.77,0.86,0.88,0.86,0.85,0.84,0.84,0.0,0.85,0.85,0.85,0.86,0.86,0.89,0.86
1388,0.0,0.73,0.73,0.0,0.0,0.57,0.0,0.0,0.71,0.65,0.71,0.71,0.67,0.7,0.7,0.7,0.71,0.69,0.7,0.7,0.67,0.69,0.67,0.73,0.72,0.76,0.0,0.0,0.71,0.73,0.75,0.0,0.0,0.0,0.0,0.72,0.73,0.73,0.75,0.72,0.72,0.75,0.74,0.73,0.73,0.75,0.64,0.0,0.0,0.59,0.74,0.75,0.72,0.72,0.71,0.71,0.0,0.72,0.73,0.72,0.74,0.74,0.76,0.73
1389,0.0,0.43,0.42,0.0,0.0,0.38,0.0,0.0,0.28,0.06,0.3,0.28,0.01,0.08,0.08,0.09,0.3,0.05,0.05,0.26,0.07,0.08,0.01,0.31,0.33,0.42,0.0,0.0,0.4,0.42,0.42,0.0,0.0,0.0,0.0,0.39,0.33,0.32,0.38,0.32,0.34,0.38,0.37,0.34,0.32,0.38,0.36,0.0,0.0,0.32,0.39,0.41,0.36,0.38,0.34,0.38,0.0,0.37,0.38,0.36,0.39,0.39,0.41,0.38
1390,0.0,0.0,0.0,0.0,0.0,0.0,0.0,0.0,0.0,0.0,0.0,0.0,0.0,0.0,0.0,0.0,0.0,0.0,0.0,0.0,0.0,0.0,0.0,0.0,0.0,0.0,0.0,0.0,0.0,0.0,0.0,0.0,0.0,0.0,0.0,0.0,0.0,0.0,0.0,0.0,0.0,0.0,0.0,0.0,0.0,0.0,0.0,0.0,0.0,0.0,0.0,0.0,0.0,0.0,0.0,0.0,0.0,0.0,0.0,0.0,0.0,0.0,0.0,0.0
1391,0.0,0.0,0.0,0.0,0.0,0.0,0.0,0.0,0.0,0.0,0.0,0.0,0.0,0.0,0.0,0.0,0.0,0.0,0.0,0.0,0.0,0.0,0.0,0.0,0.0,0.0,0.0,0.0,0.0,0.0,0.0,0.0,0.0,0.0,0.0,0.0,0.0,0.0,0.0,0.0,0.0,0.0,0.0,0.0,0.0,0.0,0.0,0.0,0.0,0.0,0.0,0.0,0.0,0.0,0.0,0.0,0.0,0.0,0.0,0.0,0.0,0.0,0.0,0.0
1392,0.0,0.0,0.0,0.0,0.0,0.0,0.0,0.0,0.0,0.0,0.0,0.0,0.0,0.0,0.0,0.0,0.0,0.0,0.0,0.0,0.0,0.0,0.0,0.0,0.0,0.0,0.0,0.0,0.0,0.0,0.0,0.0,0.0,0.0,0.0,0.0,0.0,0.0,0.0,0.0,0.0,0.0,0.0,0.0,0.0,0.0,0.0,0.0,0.0,0.0,0.0,0.0,0.0,0.0,0.0,0.0,0.0,0.0,0.0,0.0,0.0,0.0,0.0,0.0
1393,0.0,0.0,0.0,0.0,0.0,0.0,0.0,0.0,0.0,0.0,0.0,0.0,0.0,0.0,0.0,0.0,0.0,0.0,0.0,0.0,0.0,0.0,0.0,0.0,0.0,0.0,0.0,0.0,0.0,0.0,0.0,0.0,0.0,0.0,0.0,0.0,0.0,0.0,0.0,0.0,0.0,0.0,0.0,0.0,0.0,0.0,0.0,0.0,0.0,0.0,0.0,0.0,0.0,0.0,0.0,0.0,0.0,0.0,0.0,0.0,0.0,0.0,0.0,0.0
1394,0.0,0.0,0.0,0.0,0.0,0.0,0.0,0.0,0.0,0.0,0.0,0.0,0.0,0.0,0.0,0.0,0.0,0.0,0.0,0.0,0.0,0.0,0.0,0.0,0.0,0.0,0.0,0.0,0.0,0.0,0.0,0.0,0.0,0.0,0.0,0.0,0.0,0.0,0.0,0.0,0.0,0.0,0.0,0.0,0.0,0.0,0.0,0.0,0.0,0.0,0.0,0.0,0.0,0.0,0.0,0.0,0.0,0.0,0.0,0.0,0.0,0.0,0.0,0.0
1395,0.0,0.0,0.0,0.0,0.0,0.0,0.0,0.0,0.0,0.0,0.0,0.0,0.0,0.0,0.0,0.0,0.0,0.0,0.0,0.0,0.0,0.0,0.0,0.0,0.0,0.0,0.0,0.0,0.0,0.0,0.0,0.0,0.0,0.0,0.0,0.0,0.0,0.0,0.0,0.0,0.0,0.0,0.0,0.0,0.0,0.0,0.0,0.0,0.0,0.0,0.0,0.0,0.0,0.0,0.0,0.0,0.0,0.0,0.0,0.0,0.0,0.0,0.0,0.0
1396,0.0,0.0,0.0,0.0,0.0,0.0,0.0,0.0,0.0,0.0,0.0,0.0,0.0,0.0,0.0,0.0,0.0,0.0,0.0,0.0,0.0,0.0,0.0,0.0,0.0,0.0,0.0,0.0,0.0,0.0,0.0,0.0,0.0,0.0,0.0,0.0,0.0,0.0,0.0,0.0,0.0,0.0,0.0,0.0,0.0,0.0,0.0,0.0,0.0,0.0,0.0,0.0,0.0,0.0,0.0,0.0,0.0,0.0,0.0,0.0,0.0,0.0,0.0,0.0
1397,0.0,0.0,0.0,0.0,0.0,0.0,0.0,0.0,0.0,0.0,0.0,0.0,0.0,0.0,0.0,0.0,0.0,0.0,0.0,0.0,0.0,0.0,0.0,0.0,0.0,0.0,0.0,0.0,0.0,0.0,0.0,0.0,0.0,0.0,0.0,0.0,0.0,0.0,0.0,0.0,0.0,0.0,0.0,0.0,0.0,0.0,0.0,0.0,0.0,0.0,0.0,0.0,0.0,0.0,0.0,0.0,0.0,0.0,0.0,0.0,0.0,0.0,0.0,0.0
1398,0.0,0.0,0.0,0.0,0.0,0.0,0.0,0.0,0.0,0.0,0.0,0.0,0.0,0.0,0.0,0.0,0.0,0.0,0.0,0.0,0.0,0.0,0.0,0.0,0.0,0.0,0.0,0.0,0.0,0.0,0.0,0.0,0.0,0.0,0.0,0.0,0.0,0.0,0.0,0.0,0.0,0.0,0.0,0.0,0.0,0.0,0.0,0.0,0.0,0.0,0.0,0.0,0.0,0.0,0.0,0.0,0.0,0.0,0.0,0.0,0.0,0.0,0.0,0.0
1399,0.0,0.0,0.0,0.0,0.0,0.0,0.0,0.0,0.0,0.0,0.0,0.0,0.0,0.0,0.0,0.0,0.0,0.0,0.0,0.0,0.0,0.0,0.0,0.0,0.0,0.0,0.0,0.0,0.0,0.0,0.0,0.0,0.0,0.0,0.0,0.0,0.0,0.0,0.0,0.0,0.0,0.0,0.0,0.0,0.0,0.0,0.0,0.0,0.0,0.0,0.0,0.0,0.0,0.0,0.0,0.0,0.0,0.0,0.0,0.0,0.0,0.0,0.0,0.0
1400,0.0,0.0,0.0,0.0,0.0,0.0,0.0,0.0,0.0,0.0,0.0,0.0,0.0,0.0,0.0,0.0,0.0,0.0,0.0,0.0,0.0,0.0,0.0,0.0,0.0,0.0,0.0,0.0,0.0,0.0,0.0,0.0,0.0,0.0,0.0,0.0,0.0,0.0,0.0,0.0,0.0,0.0,0.0,0.0,0.0,0.0,0.0,0.0,0.0,0.0,0.0,0.0,0.0,0.0,0.0,0.0,0.0,0.0,0.0,0.0,0.0,0.0,0.0,0.0
1401,0.0,0.0,0.0,0.0,0.0,0.0,0.0,0.0,0.0,0.0,0.0,0.0,0.0,0.0,0.0,0.0,0.0,0.0,0.0,0.0,0.0,0.0,0.0,0.0,0.0,0.0,0.0,0.0,0.0,0.0,0.0,0.0,0.0,0.0,0.0,0.0,0.0,0.0,0.0,0.0,0.0,0.0,0.0,0.0,0.0,0.0,0.0,0.0,0.0,0.0,0.0,0.0,0.0,0.0,0.0,0.0,0.0,0.0,0.0,0.0,0.0,0.0,0.0,0.0
1402,0.0,0.0,0.0,0.0,0.0,0.0,0.0,0.0,0.0,0.0,0.0,0.0,0.0,0.0,0.0,0.0,0.0,0.0,0.0,0.0,0.0,0.0,0.0,0.0,0.0,0.0,0.0,0.0,0.0,0.0,0.0,0.0,0.0,0.0,0.0,0.0,0.0,0.0,0.0,0.0,0.0,0.0,0.0,0.0,0.0,0.0,0.0,0.0,0.0,0.0,0.0,0.0,0.0,0.0,0.0,0.0,0.0,0.0,0.0,0.0,0.0,0.0,0.0,0.0
1403,0.0,0.2,0.18,0.0,0.0,0.16,0.0,0.0,0.29,0.38,0.27,0.3,0.51,0.31,0.37,0.32,0.29,0.47,0.47,0.31,0.43,0.33,0.4,0.26,0.05,0.19,0.0,0.0,0.2,0.21,0.2,0.0,0.0,0.0,0.0,0.23,0.34,0.3,0.25,0.29,0.27,0.25,0.26,0.26,0.27,0.26,0.17,0.0,0.0,0.17,0.22,0.19,0.23,0.2,0.22,0.18,0.0,0.21,0.22,0.21,0.21,0.22,0.2,0.21
1404,0.0,0.68,0.55,0.0,0.0,0.46,0.0,0.0,0.69,0.75,0.72,0.74,0.82,0.75,0.76,0.79,0.72,0.76,0.78,0.76,0.76,0.77,0.82,0.68,0.32,0.65,0.0,0.0,0.61,0.71,0.66,0.0,0.0,0.0,0.0,0.71,0.76,0.78,0.69,0.77,0.77,0.72,0.73,0.67,0.71,0.68,0.46,0.0,0.0,0.43,0.63,0.51,0.67,0.69,0.7,0.67,0.0,0.69,0.59,0.66,0.56,0.66,0.57,0.55
1405,0.0,0.74,0.71,0.0,0.0,0.57,0.0,0.0,0.84,0.83,0.86,0.86,0.91,0.87,0.88,0.88,0.86,0.89,0.88,0.9,0.83,0.88,0.9,0.77,0.31,0.79,0.0,0.0,0.72,0.76,0.79,0.0,0.0,0.0,0.0,0.82,0.84,0.88,0.82,0.87,0.87,0.82,0.79,0.68,0.8,0.8,0.56,0.0,0.0,0.48,0.74,0.64,0.76,0.78,0.77,0.8,0.0,0.8,0.76,0.75,0.7,0.76,0.68,0.72
1406,0.0,0.85,0.86,0.0,0.0,0.74,0.0,0.0,0.91,0.88,0.91,0.91,0.91,0.91,0.91,0.91,0.91,0.91,0.91,0.91,0.89,0.91,0.91,0.86,0.42,0.87,0.0,0.0,0.86,0.86,0.88,0.0,0.0,0.0,0.0,0.86,0.87,0.91,0.89,0.91,0.91,0.9,0.88,0.78,0.89,0.88,0.73,0.0,0.0,0.6,0.86,0.85,0.89,0.86,0.84,0.91,0.0,0.86,0.86,0.84,0.84,0.86,0.85,0.86
1407,0.0,0.9,0.9,0.0,0.0,0.76,0.0,0.0,0.91,0.91,0.91,0.91,0.91,0.91,0.91,0.91,0.91,0.91,0.91,0.91,0.91,0.91,0.91,0.88,0.33,0.91,0.0,0.0,0.91,0.9,0.91,0.0,0.0,0.0,0.0,0.89,0.91,0.91,0.91,0.91,0.91,0.91,0.91,0.81,0.9,0.91,0.74,0.0,0.0,0.6,0.91,0.91,0.91,0.89,0.91,0.91,0.0,0.89,0.91,0.91,0.91,0.91,0.91,0.91
1408,0.0,0.9,0.88,0.0,0.0,0.7,0.0,0.0,0.91,0.91,0.91,0.91,0.91,0.91,0.91,0.91,0.91,0.91,0.91,0.91,0.91,0.91,0.91,0.91,0.7,0.91,0.0,0.0,0.91,0.91,0.91,0.0,0.0,0.0,0.0,0.9,0.91,0.91,0.91,0.91,0.91,0.91,0.91,0.83,0.91,0.91,0.68,0.0,0.0,0.6,0.91,0.91,0.91,0.91,0.91,0.91,0.0,0.91,0.91,0.91,0.91,0.91,0.91,0.91
1409,0.0,0.91,0.87,0.0,0.0,0.66,0.0,0.0,0.91,0.91,0.91,0.91,0.91,0.91,0.91,0.91,0.91,0.91,0.91,0.91,0.91,0.91,0.91,0.88,0.46,0.91,0.0,0.0,0.91,0.91,0.91,0.0,0.0,0.0,0.0,0.87,0.89,0.91,0.91,0.91,0.91,0.91,0.91,0.82,0.9,0.91,0.66,0.0,0.0,0.6,0.91,0.91,0.91,0.91,0.91,0.91,0.0,0.91,0.91,0.9,0.91,0.91,0.91,0.91
1410,0.0,0.9,0.9,0.0,0.0,0.64,0.0,0.0,0.91,0.88,0.91,0.91,0.85,0.91,0.89,0.88,0.91,0.91,0.91,0.84,0.9,0.9,0.88,0.84,0.46,0.91,0.0,0.0,0.91,0.89,0.91,0.0,0.0,0.0,0.0,0.83,0.88,0.91,0.89,0.91,0.91,0.88,0.88,0.79,0.87,0.89,0.67,0.0,0.0,0.6,0.91,0.91,0.91,0.9,0.91,0.9,0.0,0.91,0.91,0.9,0.91,0.91,0.91,0.91
1411,0.0,0.84,0.85,0.0,0.0,0.58,0.0,0.0,0.84,0.82,0.86,0.88,0.7,0.8,0.76,0.76,0.87,0.84,0.87,0.8,0.84,0.79,0.71,0.75,0.53,0.9,0.0,0.0,0.88,0.86,0.86,0.0,0.0,0.0,0.0,0.78,0.83,0.88,0.85,0.89,0.86,0.81,0.85,0.76,0.83,0.85,0.6,0.0,0.0,0.54,0.88,0.89,0.88,0.87,0.87,0.84,0.0,0.86,0.88,0.86,0.88,0.88,0.89,0.88
1412,0.0,0.73,0.74,0.0,0.0,0.51,0.0,0.0,0.68,0.67,0.72,0.73,0.39,0.55,0.45,0.46,0.73,0.64,0.64,0.6,0.67,0.54,0.35,0.66,0.32,0.76,0.0,0.0,0.74,0.74,0.74,0.0,0.0,0.0,0.0,0.72,0.72,0.74,0.74,0.74,0.74,0.73,0.74,0.61,0.69,0.75,0.53,0.0,0.0,0.45,0.76,0.76,0.75,0.75,0.74,0.71,0.0,0.74,0.75,0.73,0.75,0.76,0.76,0.75
1413,0.0,0.41,0.43,0.0,0.0,0.4,0.0,0.0,0.3,0.09,0.29,0.28,0.03,0.07,0.25,0.26,0.3,0.06,0.07,0.27,0.07,0.06,0.03,0.32,0.26,0.41,0.0,0.0,0.4,0.41,0.4,0.0,0.0,0.0,0.0,0.37,0.33,0.32,0.37,0.32,0.34,0.36,0.36,0.33,0.32,0.37,0.38,0.0,0.0,0.33,0.4,0.41,0.36,0.4,0.34,0.38,0.0,0.38,0.39,0.36,0.39,0.4,0.4,0.39
1414,0.0,0.0,0.0,0.0,0.0,0.0,0.0,0.0,0.0,0.0,0.0,0.0,0.0,0.0,0.0,0.0,0.0,0.0,0.0,0.0,0.0,0.0,0.0,0.0,0.0,0.0,0.0,0.0,0.0,0.0,0.0,0.0,0.0,0.0,0.0,0.0,0.0,0.0,0.0,0.0,0.0,0.0,0.0,0.0,0.0,0.0,0.0,0.0,0.0,0.0,0.0,0.0,0.0,0.0,0.0,0.0,0.0,0.0,0.0,0.0,0.0,0.0,0.0,0.0
1415,0.0,0.0,0.0,0.0,0.0,0.0,0.0,0.0,0.0,0.0,0.0,0.0,0.0,0.0,0.0,0.0,0.0,0.0,0.0,0.0,0.0,0.0,0.0,0.0,0.0,0.0,0.0,0.0,0.0,0.0,0.0,0.0,0.0,0.0,0.0,0.0,0.0,0.0,0.0,0.0,0.0,0.0,0.0,0.0,0.0,0.0,0.0,0.0,0.0,0.0,0.0,0.0,0.0,0.0,0.0,0.0,0.0,0.0,0.0,0.0,0.0,0.0,0.0,0.0
1416,0.0,0.0,0.0,0.0,0.0,0.0,0.0,0.0,0.0,0.0,0.0,0.0,0.0,0.0,0.0,0.0,0.0,0.0,0.0,0.0,0.0,0.0,0.0,0.0,0.0,0.0,0.0,0.0,0.0,0.0,0.0,0.0,0.0,0.0,0.0,0.0,0.0,0.0,0.0,0.0,0.0,0.0,0.0,0.0,0.0,0.0,0.0,0.0,0.0,0.0,0.0,0.0,0.0,0.0,0.0,0.0,0.0,0.0,0.0,0.0,0.0,0.0,0.0,0.0
1417,0.0,0.0,0.0,0.0,0.0,0.0,0.0,0.0,0.0,0.0,0.0,0.0,0.0,0.0,0.0,0.0,0.0,0.0,0.0,0.0,0.0,0.0,0.0,0.0,0.0,0.0,0.0,0.0,0.0,0.0,0.0,0.0,0.0,0.0,0.0,0.0,0.0,0.0,0.0,0.0,0.0,0.0,0.0,0.0,0.0,0.0,0.0,0.0,0.0,0.0,0.0,0.0,0.0,0.0,0.0,0.0,0.0,0.0,0.0,0.0,0.0,0.0,0.0,0.0
1418,0.0,0.0,0.0,0.0,0.0,0.0,0.0,0.0,0.0,0.0,0.0,0.0,0.0,0.0,0.0,0.0,0.0,0.0,0.0,0.0,0.0,0.0,0.0,0.0,0.0,0.0,0.0,0.0,0.0,0.0,0.0,0.0,0.0,0.0,0.0,0.0,0.0,0.0,0.0,0.0,0.0,0.0,0.0,0.0,0.0,0.0,0.0,0.0,0.0,0.0,0.0,0.0,0.0,0.0,0.0,0.0,0.0,0.0,0.0,0.0,0.0,0.0,0.0,0.0
1419,0.0,0.0,0.0,0.0,0.0,0.0,0.0,0.0,0.0,0.0,0.0,0.0,0.0,0.0,0.0,0.0,0.0,0.0,0.0,0.0,0.0,0.0,0.0,0.0,0.0,0.0,0.0,0.0,0.0,0.0,0.0,0.0,0.0,0.0,0.0,0.0,0.0,0.0,0.0,0.0,0.0,0.0,0.0,0.0,0.0,0.0,0.0,0.0,0.0,0.0,0.0,0.0,0.0,0.0,0.0,0.0,0.0,0.0,0.0,0.0,0.0,0.0,0.0,0.0
1420,0.0,0.0,0.0,0.0,0.0,0.0,0.0,0.0,0.0,0.0,0.0,0.0,0.0,0.0,0.0,0.0,0.0,0.0,0.0,0.0,0.0,0.0,0.0,0.0,0.0,0.0,0.0,0.0,0.0,0.0,0.0,0.0,0.0,0.0,0.0,0.0,0.0,0.0,0.0,0.0,0.0,0.0,0.0,0.0,0.0,0.0,0.0,0.0,0.0,0.0,0.0,0.0,0.0,0.0,0.0,0.0,0.0,0.0,0.0,0.0,0.0,0.0,0.0,0.0
1421,0.0,0.0,0.0,0.0,0.0,0.0,0.0,0.0,0.0,0.0,0.0,0.0,0.0,0.0,0.0,0.0,0.0,0.0,0.0,0.0,0.0,0.0,0.0,0.0,0.0,0.0,0.0,0.0,0.0,0.0,0.0,0.0,0.0,0.0,0.0,0.0,0.0,0.0,0.0,0.0,0.0,0.0,0.0,0.0,0.0,0.0,0.0,0.0,0.0,0.0,0.0,0.0,0.0,0.0,0.0,0.0,0.0,0.0,0.0,0.0,0.0,0.0,0.0,0.0
1422,0.0,0.0,0.0,0.0,0.0,0.0,0.0,0.0,0.0,0.0,0.0,0.0,0.0,0.0,0.0,0.0,0.0,0.0,0.0,0.0,0.0,0.0,0.0,0.0,0.0,0.0,0.0,0.0,0.0,0.0,0.0,0.0,0.0,0.0,0.0,0.0,0.0,0.0,0.0,0.0,0.0,0.0,0.0,0.0,0.0,0.0,0.0,0.0,0.0,0.0,0.0,0.0,0.0,0.0,0.0,0.0,0.0,0.0,0.0,0.0,0.0,0.0,0.0,0.0
1423,0.0,0.0,0.0,0.0,0.0,0.0,0.0,0.0,0.0,0.0,0.0,0.0,0.0,0.0,0.0,0.0,0.0,0.0,0.0,0.0,0.0,0.0,0.0,0.0,0.0,0.0,0.0,0.0,0.0,0.0,0.0,0.0,0.0,0.0,0.0,0.0,0.0,0.0,0.0,0.0,0.0,0.0,0.0,0.0,0.0,0.0,0.0,0.0,0.0,0.0,0.0,0.0,0.0,0.0,0.0,0.0,0.0,0.0,0.0,0.0,0.0,0.0,0.0,0.0
1424,0.0,0.0,0.0,0.0,0.0,0.0,0.0,0.0,0.0,0.0,0.0,0.0,0.0,0.0,0.0,0.0,0.0,0.0,0.0,0.0,0.0,0.0,0.0,0.0,0.0,0.0,0.0,0.0,0.0,0.0,0.0,0.0,0.0,0.0,0.0,0.0,0.0,0.0,0.0,0.0,0.0,0.0,0.0,0.0,0.0,0.0,0.0,0.0,0.0,0.0,0.0,0.0,0.0,0.0,0.0,0.0,0.0,0.0,0.0,0.0,0.0,0.0,0.0,0.0
1425,0.0,0.0,0.0,0.0,0.0,0.0,0.0,0.0,0.0,0.0,0.0,0.0,0.0,0.0,0.0,0.0,0.0,0.0,0.0,0.0,0.0,0.0,0.0,0.0,0.0,0.0,0.0,0.0,0.0,0.0,0.0,0.0,0.0,0.0,0.0,0.0,0.0,0.0,0.0,0.0,0.0,0.0,0.0,0.0,0.0,0.0,0.0,0.0,0.0,0.0,0.0,0.0,0.0,0.0,0.0,0.0,0.0,0.0,0.0,0.0,0.0,0.0,0.0,0.0
1426,0.0,0.0,0.0,0.0,0.0,0.0,0.0,0.0,0.0,0.0,0.0,0.0,0.0,0.0,0.0,0.0,0.0,0.0,0.0,0.0,0.0,0.0,0.0,0.0,0.0,0.0,0.0,0.0,0.0,0.0,0.0,0.0,0.0,0.0,0.0,0.0,0.0,0.0,0.0,0.0,0.0,0.0,0.0,0.0,0.0,0.0,0.0,0.0,0.0,0.0,0.0,0.0,0.0,0.0,0.0,0.0,0.0,0.0,0.0,0.0,0.0,0.0,0.0,0.0
1427,0.0,0.12,0.12,0.0,0.0,0.21,0.0,0.0,0.24,0.25,0.23,0.24,0.29,0.29,0.3,0.28,0.23,0.27,0.28,0.27,0.26,0.29,0.3,0.23,0.26,0.08,0.0,0.0,0.12,0.12,0.11,0.0,0.0,0.0,0.0,0.19,0.21,0.22,0.19,0.22,0.2,0.19,0.19,0.22,0.22,0.19,0.21,0.0,0.0,0.22,0.04,0.06,0.12,0.02,0.16,0.01,0.0,0.06,0.08,0.11,0.08,0.04,0.1,0.08
1428,0.0,0.72,0.71,0.0,0.0,0.71,0.0,0.0,0.72,0.73,0.72,0.74,0.73,0.74,0.74,0.74,0.74,0.74,0.76,0.73,0.74,0.74,0.73,0.71,0.71,0.68,0.0,0.0,0.69,0.72,0.71,0.0,0.0,0.0,0.0,0.68,0.72,0.74,0.71,0.74,0.74,0.63,0.66,0.72,0.71,0.71,0.71,0.0,0.0,0.71,0.49,0.59,0.7,0.47,0.7,0.44,0.0,0.55,0.58,0.66,0.57,0.53,0.67,0.54
1429,0.0,0.87,0.88,0.0,0.0,0.85,0.0,0.0,0.9,0.9,0.9,0.91,0.89,0.91,0.91,0.91,0.91,0.91,0.91,0.9,0.9,0.91,0.9,0.89,0.89,0.88,0.0,0.0,0.88,0.88,0.84,0.0,0.0,0.0,0.0,0.91,0.88,0.91,0.91,0.91,0.91,0.91,0.91,0.9,0.89,0.91,0.85,0.0,0.0,0.85,0.83,0.81,0.87,0.81,0.88,0.81,0.0,0.82,0.83,0.83,0.83,0.8,0.87,0.84
1430,0.0,0.91,0.91,0.0,0.0,0.76,0.0,0.0,0.91,0.91,0.91,0.91,0.91,0.91,0.91,0.91,0.91,0.91,0.91,0.91,0.91,0.91,0.91,0.9,0.9,0.91,0.0,0.0,0.88,0.91,0.91,0.0,0.0,0.0,0.0,0.91,0.91,0.9,0.91,0.91,0.91,0.91,0.91,0.91,0.9,0.91,0.85,0.0,0.0,0.82,0.9,0.88,0.87,0.86,0.88,0.84,0.0,0.86,0.9,0.87,0.89,0.88,0.9,0.89
1431,0.0,0.91,0.91,0.0,0.0,0.9,0.0,0.0,0.91,0.91,0.91,0.91,0.91,0.91,0.91,0.91,0.91,0.91,0.91,0.91,0.91,0.91,0.91,0.9,0.91,0.91,0.0,0.0,0.91,0.91,0.91,0.0,0.0,0.0,0.0,0.91,0.91,0.91,0.91,0.91,0.91,0.91,0.91,0.89,0.85,0.91,0.91,0.0,0.0,0.9,0.91,0.91,0.91,0.9,0.91,0.87,0.0,0.9,0.91,0.91,0.91,0.91,0.91,0.91
1432,0.0,0.91,0.91,0.0,0.0,0.91,0.0,0.0,0.91,0.91,0.91,0.91,0.91,0.91,0.91,0.91,0.91,0.91,0.91,0.91,0.91,0.91,0.91,0.91,0.91,0.91,0.0,0.0,0.91,0.91,0.91,0.0,0.0,0.0,0.0,0.91,0.91,0.91,0.91,0.91,0.91,0.91,0.91,0.91,0.91,0.91,0.91,0.0,0.0,0.91,0.91,0.91,0.91,0.9,0.91,0.89,0.0,0.91,0.91,0.91,0.91,0.91,0.91,0.91
1433,0.0,0.91,0.91,0.0,0.0,0.91,0.0,0.0,0.91,0.91,0.91,0.91,0.91,0.91,0.91,0.91,0.91,0.91,0.91,0.91,0.91,0.91,0.91,0.91,0.91,0.91,0.0,0.0,0.91,0.91,0.91,0.0,0.0,0.0,0.0,0.91,0.91,0.91,0.91,0.91,0.91,0.91,0.91,0.91,0.91,0.91,0.91,0.0,0.0,0.91,0.91,0.91,0.91,0.9,0.91,0.9,0.0,0.91,0.91,0.91,0.91,0.91,0.91,0.91
1434,0.0,0.91,0.91,0.0,0.0,0.91,0.0,0.0,0.91,0.91,0.91,0.91,0.91,0.91,0.91,0.91,0.91,0.91,0.91,0.91,0.91,0.91,0.91,0.91,0.9,0.91,0.0,0.0,0.91,0.91,0.91,0.0,0.0,0.0,0.0,0.91,0.91,0.91,0.91,0.91,0.91,0.91,0.91,0.91,0.91,0.91,0.91,0.0,0.0,0.91,0.91,0.91,0.91,0.9,0.91,0.9,0.0,0.91,0.91,0.91,0.91,0.91,0.91,0.91
1435,0.0,0.87,0.87,0.0,0.0,0.84,0.0,0.0,0.85,0.87,0.87,0.86,0.85,0.86,0.86,0.86,0.89,0.88,0.89,0.85,0.87,0.86,0.86,0.85,0.84,0.88,0.0,0.0,0.86,0.87,0.88,0.0,0.0,0.0,0.0,0.87,0.86,0.9,0.88,0.9,0.9,0.88,0.88,0.86,0.86,0.89,0.85,0.0,0.0,0.85,0.86,0.86,0.87,0.84,0.87,0.83,0.0,0.85,0.86,0.85,0.86,0.86,0.88,0.86
1436,0.0,0.73,0.74,0.0,0.0,0.7,0.0,0.0,0.69,0.7,0.7,0.72,0.65,0.69,0.69,0.68,0.73,0.7,0.71,0.68,0.7,0.69,0.66,0.69,0.69,0.75,0.0,0.0,0.72,0.74,0.73,0.0,0.0,0.0,0.0,0.72,0.7,0.73,0.73,0.73,0.74,0.73,0.73,0.7,0.7,0.73,0.7,0.0,0.0,0.7,0.73,0.73,0.72,0.71,0.71,0.68,0.0,0.71,0.72,0.71,0.72,0.73,0.74,0.72
1437,0.0,0.31,0.32,0.0,0.0,0.24,0.0,0.0,0.15,0.04,0.17,0.14,0.0,0.08,0.08,0.09,0.18,0.01,0.02,0.11,0.03,0.07,0.0,0.19,0.19,0.31,0.0,0.0,0.29,0.31,0.3,0.0,0.0,0.0,0.0,0.26,0.21,0.2,0.25,0.19,0.22,0.25,0.24,0.2,0.2,0.25,0.24,0.0,0.0,0.24,0.28,0.3,0.24,0.27,0.22,0.26,0.0,0.26,0.27,0.24,0.28,0.28,0.3,0.28
1438,0.0,0.0,0.0,0.0,0.0,0.0,0.0,0.0,0.0,0.0,0.0,0.0,0.0,0.0,0.0,0.0,0.0,0.0,0.0,0.0,0.0,0.0,0.0,0.0,0.0,0.0,0.0,0.0,0.0,0.0,0.0,0.0,0.0,0.0,0.0,0.0,0.0,0.0,0.0,0.0,0.0,0.0,0.0,0.0,0.0,0.0,0.0,0.0,0.0,0.0,0.0,0.0,0.0,0.0,0.0,0.0,0.0,0.0,0.0,0.0,0.0,0.0,0.0,0.0
1439,0.0,0.0,0.0,0.0,0.0,0.0,0.0,0.0,0.0,0.0,0.0,0.0,0.0,0.0,0.0,0.0,0.0,0.0,0.0,0.0,0.0,0.0,0.0,0.0,0.0,0.0,0.0,0.0,0.0,0.0,0.0,0.0,0.0,0.0,0.0,0.0,0.0,0.0,0.0,0.0,0.0,0.0,0.0,0.0,0.0,0.0,0.0,0.0,0.0,0.0,0.0,0.0,0.0,0.0,0.0,0.0,0.0,0.0,0.0,0.0,0.0,0.0,0.0,0.0
1440,0.0,0.0,0.0,0.0,0.0,0.0,0.0,0.0,0.0,0.0,0.0,0.0,0.0,0.0,0.0,0.0,0.0,0.0,0.0,0.0,0.0,0.0,0.0,0.0,0.0,0.0,0.0,0.0,0.0,0.0,0.0,0.0,0.0,0.0,0.0,0.0,0.0,0.0,0.0,0.0,0.0,0.0,0.0,0.0,0.0,0.0,0.0,0.0,0.0,0.0,0.0,0.0,0.0,0.0,0.0,0.0,0.0,0.0,0.0,0.0,0.0,0.0,0.0,0.0
1441,0.0,0.0,0.0,0.0,0.0,0.0,0.0,0.0,0.0,0.0,0.0,0.0,0.0,0.0,0.0,0.0,0.0,0.0,0.0,0.0,0.0,0.0,0.0,0.0,0.0,0.0,0.0,0.0,0.0,0.0,0.0,0.0,0.0,0.0,0.0,0.0,0.0,0.0,0.0,0.0,0.0,0.0,0.0,0.0,0.0,0.0,0.0,0.0,0.0,0.0,0.0,0.0,0.0,0.0,0.0,0.0,0.0,0.0,0.0,0.0,0.0,0.0,0.0,0.0
1442,0.0,0.0,0.0,0.0,0.0,0.0,0.0,0.0,0.0,0.0,0.0,0.0,0.0,0.0,0.0,0.0,0.0,0.0,0.0,0.0,0.0,0.0,0.0,0.0,0.0,0.0,0.0,0.0,0.0,0.0,0.0,0.0,0.0,0.0,0.0,0.0,0.0,0.0,0.0,0.0,0.0,0.0,0.0,0.0,0.0,0.0,0.0,0.0,0.0,0.0,0.0,0.0,0.0,0.0,0.0,0.0,0.0,0.0,0.0,0.0,0.0,0.0,0.0,0.0
1443,0.0,0.0,0.0,0.0,0.0,0.0,0.0,0.0,0.0,0.0,0.0,0.0,0.0,0.0,0.0,0.0,0.0,0.0,0.0,0.0,0.0,0.0,0.0,0.0,0.0,0.0,0.0,0.0,0.0,0.0,0.0,0.0,0.0,0.0,0.0,0.0,0.0,0.0,0.0,0.0,0.0,0.0,0.0,0.0,0.0,0.0,0.0,0.0,0.0,0.0,0.0,0.0,0.0,0.0,0.0,0.0,0.0,0.0,0.0,0.0,0.0,0.0,0.0,0.0
1444,0.0,0.0,0.0,0.0,0.0,0.0,0.0,0.0,0.0,0.0,0.0,0.0,0.0,0.0,0.0,0.0,0.0,0.0,0.0,0.0,0.0,0.0,0.0,0.0,0.0,0.0,0.0,0.0,0.0,0.0,0.0,0.0,0.0,0.0,0.0,0.0,0.0,0.0,0.0,0.0,0.0,0.0,0.0,0.0,0.0,0.0,0.0,0.0,0.0,0.0,0.0,0.0,0.0,0.0,0.0,0.0,0.0,0.0,0.0,0.0,0.0,0.0,0.0,0.0
1445,0.0,0.0,0.0,0.0,0.0,0.0,0.0,0.0,0.0,0.0,0.0,0.0,0.0,0.0,0.0,0.0,0.0,0.0,0.0,0.0,0.0,0.0,0.0,0.0,0.0,0.0,0.0,0.0,0.0,0.0,0.0,0.0,0.0,0.0,0.0,0.0,0.0,0.0,0.0,0.0,0.0,0.0,0.0,0.0,0.0,0.0,0.0,0.0,0.0,0.0,0.0,0.0,0.0,0.0,0.0,0.0,0.0,0.0,0.0,0.0,0.0,0.0,0.0,0.0
1446,0.0,0.0,0.0,0.0,0.0,0.0,0.0,0.0,0.0,0.0,0.0,0.0,0.0,0.0,0.0,0.0,0.0,0.0,0.0,0.0,0.0,0.0,0.0,0.0,0.0,0.0,0.0,0.0,0.0,0.0,0.0,0.0,0.0,0.0,0.0,0.0,0.0,0.0,0.0,0.0,0.0,0.0,0.0,0.0,0.0,0.0,0.0,0.0,0.0,0.0,0.0,0.0,0.0,0.0,0.0,0.0,0.0,0.0,0.0,0.0,0.0,0.0,0.0,0.0
1447,0.0,0.0,0.0,0.0,0.0,0.0,0.0,0.0,0.0,0.0,0.0,0.0,0.0,0.0,0.0,0.0,0.0,0.0,0.0,0.0,0.0,0.0,0.0,0.0,0.0,0.0,0.0,0.0,0.0,0.0,0.0,0.0,0.0,0.0,0.0,0.0,0.0,0.0,0.0,0.0,0.0,0.0,0.0,0.0,0.0,0.0,0.0,0.0,0.0,0.0,0.0,0.0,0.0,0.0,0.0,0.0,0.0,0.0,0.0,0.0,0.0,0.0,0.0,0.0
1448,0.0,0.0,0.0,0.0,0.0,0.0,0.0,0.0,0.0,0.0,0.0,0.0,0.0,0.0,0.0,0.0,0.0,0.0,0.0,0.0,0.0,0.0,0.0,0.0,0.0,0.0,0.0,0.0,0.0,0.0,0.0,0.0,0.0,0.0,0.0,0.0,0.0,0.0,0.0,0.0,0.0,0.0,0.0,0.0,0.0,0.0,0.0,0.0,0.0,0.0,0.0,0.0,0.0,0.0,0.0,0.0,0.0,0.0,0.0,0.0,0.0,0.0,0.0,0.0
1449,0.0,0.0,0.0,0.0,0.0,0.0,0.0,0.0,0.0,0.0,0.0,0.0,0.0,0.0,0.0,0.0,0.0,0.0,0.0,0.0,0.0,0.0,0.0,0.0,0.0,0.0,0.0,0.0,0.0,0.0,0.0,0.0,0.0,0.0,0.0,0.0,0.0,0.0,0.0,0.0,0.0,0.0,0.0,0.0,0.0,0.0,0.0,0.0,0.0,0.0,0.0,0.0,0.0,0.0,0.0,0.0,0.0,0.0,0.0,0.0,0.0,0.0,0.0,0.0
1450,0.0,0.0,0.0,0.0,0.0,0.0,0.0,0.0,0.0,0.0,0.0,0.0,0.0,0.0,0.0,0.0,0.0,0.0,0.0,0.0,0.0,0.0,0.0,0.0,0.0,0.0,0.0,0.0,0.0,0.0,0.0,0.0,0.0,0.0,0.0,0.0,0.0,0.0,0.0,0.0,0.0,0.0,0.0,0.0,0.0,0.0,0.0,0.0,0.0,0.0,0.0,0.0,0.0,0.0,0.0,0.0,0.0,0.0,0.0,0.0,0.0,0.0,0.0,0.0
1451,0.0,0.33,0.07,0.0,0.0,0.37,0.0,0.0,0.43,0.46,0.41,0.44,0.54,0.46,0.47,0.47,0.42,0.51,0.51,0.45,0.45,0.47,0.54,0.4,0.42,0.04,0.0,0.0,0.33,0.17,0.16,0.0,0.0,0.0,0.0,0.14,0.38,0.4,0.36,0.4,0.38,0.37,0.36,0.4,0.4,0.36,0.37,0.0,0.0,0.38,0.27,0.02,0.16,0.24,0.16,0.16,0.0,0.1,0.28,0.23,0.16,0.25,0.33,0.18
1452,0.0,0.42,0.26,0.0,0.0,0.73,0.0,0.0,0.74,0.77,0.72,0.78,0.79,0.74,0.74,0.75,0.78,0.8,0.8,0.75,0.77,0.75,0.79,0.74,0.73,0.33,0.0,0.0,0.73,0.35,0.75,0.0,0.0,0.0,0.0,0.63,0.72,0.71,0.74,0.76,0.7,0.74,0.75,0.75,0.73,0.74,0.73,0.0,0.0,0.74,0.67,0.15,0.35,0.08,0.35,0.41,0.0,0.28,0.7,0.61,0.58,0.58,0.76,0.73
1453,0.0,0.31,0.31,0.0,0.0,0.78,0.0,0.0,0.78,0.83,0.62,0.6,0.84,0.79,0.79,0.79,0.77,0.85,0.85,0.8,0.82,0.8,0.85,0.76,0.77,0.54,0.0,0.0,0.8,0.33,0.82,0.0,0.0,0.0,0.0,0.77,0.75,0.69,0.81,0.72,0.42,0.81,0.79,0.79,0.76,0.8,0.78,0.0,0.0,0.78,0.75,0.24,0.31,0.23,0.35,0.33,0.0,0.3,0.76,0.69,0.78,0.46,0.83,0.77
1454,0.0,0.4,0.48,0.0,0.0,0.84,0.0,0.0,0.82,0.89,0.76,0.86,0.89,0.84,0.85,0.85,0.81,0.9,0.91,0.84,0.88,0.85,0.9,0.82,0.81,0.49,0.0,0.0,0.86,0.37,0.88,0.0,0.0,0.0,0.0,0.85,0.81,0.78,0.87,0.8,0.56,0.59,0.36,0.84,0.82,0.52,0.84,0.0,0.0,0.84,0.58,0.35,0.29,0.3,0.26,0.58,0.0,0.24,0.51,0.34,0.85,0.29,0.9,0.83
1455,0.0,0.87,0.91,0.0,0.0,0.86,0.0,0.0,0.8,0.91,0.8,0.9,0.9,0.87,0.87,0.86,0.85,0.91,0.91,0.86,0.9,0.88,0.91,0.84,0.84,0.45,0.0,0.0,0.9,0.58,0.88,0.0,0.0,0.0,0.0,0.89,0.84,0.86,0.87,0.87,0.54,0.52,0.31,0.87,0.84,0.42,0.86,0.0,0.0,0.86,0.34,0.45,0.31,0.42,0.27,0.38,0.0,0.27,0.38,0.81,0.88,0.23,0.71,0.46
1456,0.0,0.9,0.91,0.0,0.0,0.88,0.0,0.0,0.82,0.91,0.8,0.89,0.91,0.88,0.87,0.81,0.88,0.91,0.91,0.71,0.9,0.89,0.91,0.84,0.85,0.34,0.0,0.0,0.72,0.76,0.52,0.0,0.0,0.0,0.0,0.89,0.86,0.87,0.49,0.89,0.91,0.45,0.32,0.88,0.85,0.43,0.88,0.0,0.0,0.88,0.4,0.36,0.41,0.29,0.27,0.39,0.0,0.28,0.36,0.59,0.88,0.18,0.56,0.44
1457,0.0,0.7,0.61,0.0,0.0,0.88,0.0,0.0,0.83,0.91,0.81,0.91,0.9,0.87,0.69,0.79,0.89,0.91,0.91,0.82,0.9,0.88,0.91,0.86,0.86,0.32,0.0,0.0,0.56,0.65,0.42,0.0,0.0,0.0,0.0,0.4,0.87,0.89,0.9,0.9,0.86,0.65,0.44,0.88,0.86,0.47,0.88,0.0,0.0,0.88,0.37,0.31,0.41,0.34,0.32,0.44,0.0,0.28,0.33,0.39,0.63,0.29,0.47,0.38
1458,0.0,0.35,0.25,0.0,0.0,0.85,0.0,0.0,0.8,0.89,0.83,0.78,0.86,0.85,0.76,0.8,0.87,0.87,0.88,0.82,0.87,0.85,0.88,0.83,0.83,0.29,0.0,0.0,0.49,0.4,0.37,0.0,0.0,0.0,0.0,0.22,0.86,0.87,0.5,0.88,0.54,0.87,0.88,0.86,0.84,0.68,0.86,0.0,0.0,0.36,0.41,0.29,0.41,0.51,0.24,0.4,0.0,0.23,0.39,0.33,0.58,0.42,0.38,0.43
1459,0.0,0.25,0.13,0.0,0.0,0.79,0.0,0.0,0.77,0.82,0.78,0.33,0.79,0.78,0.64,0.71,0.43,0.81,0.81,0.75,0.54,0.78,0.79,0.79,0.09,0.29,0.0,0.0,0.36,0.23,0.35,0.0,0.0,0.0,0.0,0.13,0.79,0.8,0.33,0.82,0.33,0.31,0.8,0.8,0.79,0.42,0.79,0.0,0.0,0.69,0.4,0.29,0.29,0.2,0.32,0.78,0.0,0.18,0.31,0.31,0.55,0.41,0.31,0.27
1460,0.0,0.14,0.08,0.0,0.0,0.73,0.0,0.0,0.71,0.72,0.7,0.39,0.68,0.7,0.64,0.68,0.33,0.71,0.73,0.69,0.26,0.5,0.68,0.73,0.12,0.24,0.0,0.0,0.33,0.16,0.28,0.0,0.0,0.0,0.0,0.09,0.74,0.72,0.17,0.76,0.31,0.24,0.74,0.74,0.74,0.3,0.51,0.0,0.0,0.73,0.76,0.13,0.13,0.36,0.24,0.34,0.0,0.38,0.76,0.45,0.23,0.38,0.32,0.26
1461,0.0,0.04,0.03,0.0,0.0,0.36,0.0,0.0,0.26,0.2,0.24,0.07,0.13,0.21,0.18,0.22,0.29,0.17,0.17,0.24,0.03,0.05,0.03,0.3,0.29,0.06,0.0,0.0,0.15,0.03,0.11,0.0,0.0,0.0,0.0,0.02,0.33,0.18,0.02,0.27,0.11,0.02,0.35,0.32,0.32,0.08,0.35,0.0,0.0,0.35,0.02,0.04,0.02,0.32,0.09,0.21,0.0,0.2,0.06,0.34,0.13,0.01,0.06,0.14
1462,0.0,0.0,0.0,0.0,0.0,0.0,0.0,0.0,0.0,0.0,0.0,0.0,0.0,0.0,0.0,0.0,0.0,0.0,0.0,0.0,0.0,0.0,0.0,0.0,0.0,0.0,0.0,0.0,0.0,0.0,0.0,0.0,0.0,0.0,0.0,0.0,0.0,0.0,0.0,0.0,0.0,0.0,0.0,0.0,0.0,0.0,0.0,0.0,0.0,0.0,0.0,0.0,0.0,0.0,0.0,0.0,0.0,0.0,0.0,0.0,0.0,0.0,0.0,0.0
1463,0.0,0.0,0.0,0.0,0.0,0.0,0.0,0.0,0.0,0.0,0.0,0.0,0.0,0.0,0.0,0.0,0.0,0.0,0.0,0.0,0.0,0.0,0.0,0.0,0.0,0.0,0.0,0.0,0.0,0.0,0.0,0.0,0.0,0.0,0.0,0.0,0.0,0.0,0.0,0.0,0.0,0.0,0.0,0.0,0.0,0.0,0.0,0.0,0.0,0.0,0.0,0.0,0.0,0.0,0.0,0.0,0.0,0.0,0.0,0.0,0.0,0.0,0.0,0.0
1464,0.0,0.0,0.0,0.0,0.0,0.0,0.0,0.0,0.0,0.0,0.0,0.0,0.0,0.0,0.0,0.0,0.0,0.0,0.0,0.0,0.0,0.0,0.0,0.0,0.0,0.0,0.0,0.0,0.0,0.0,0.0,0.0,0.0,0.0,0.0,0.0,0.0,0.0,0.0,0.0,0.0,0.0,0.0,0.0,0.0,0.0,0.0,0.0,0.0,0.0,0.0,0.0,0.0,0.0,0.0,0.0,0.0,0.0,0.0,0.0,0.0,0.0,0.0,0.0
1465,0.0,0.0,0.0,0.0,0.0,0.0,0.0,0.0,0.0,0.0,0.0,0.0,0.0,0.0,0.0,0.0,0.0,0.0,0.0,0.0,0.0,0.0,0.0,0.0,0.0,0.0,0.0,0.0,0.0,0.0,0.0,0.0,0.0,0.0,0.0,0.0,0.0,0.0,0.0,0.0,0.0,0.0,0.0,0.0,0.0,0.0,0.0,0.0,0.0,0.0,0.0,0.0,0.0,0.0,0.0,0.0,0.0,0.0,0.0,0.0,0.0,0.0,0.0,0.0
1466,0.0,0.0,0.0,0.0,0.0,0.0,0.0,0.0,0.0,0.0,0.0,0.0,0.0,0.0,0.0,0.0,0.0,0.0,0.0,0.0,0.0,0.0,0.0,0.0,0.0,0.0,0.0,0.0,0.0,0.0,0.0,0.0,0.0,0.0,0.0,0.0,0.0,0.0,0.0,0.0,0.0,0.0,0.0,0.0,0.0,0.0,0.0,0.0,0.0,0.0,0.0,0.0,0.0,0.0,0.0,0.0,0.0,0.0,0.0,0.0,0.0,0.0,0.0,0.0
1467,0.0,0.0,0.0,0.0,0.0,0.0,0.0,0.0,0.0,0.0,0.0,0.0,0.0,0.0,0.0,0.0,0.0,0.0,0.0,0.0,0.0,0.0,0.0,0.0,0.0,0.0,0.0,0.0,0.0,0.0,0.0,0.0,0.0,0.0,0.0,0.0,0.0,0.0,0.0,0.0,0.0,0.0,0.0,0.0,0.0,0.0,0.0,0.0,0.0,0.0,0.0,0.0,0.0,0.0,0.0,0.0,0.0,0.0,0.0,0.0,0.0,0.0,0.0,0.0
1468,0.0,0.0,0.0,0.0,0.0,0.0,0.0,0.0,0.0,0.0,0.0,0.0,0.0,0.0,0.0,0.0,0.0,0.0,0.0,0.0,0.0,0.0,0.0,0.0,0.0,0.0,0.0,0.0,0.0,0.0,0.0,0.0,0.0,0.0,0.0,0.0,0.0,0.0,0.0,0.0,0.0,0.0,0.0,0.0,0.0,0.0,0.0,0.0,0.0,0.0,0.0,0.0,0.0,0.0,0.0,0.0,0.0,0.0,0.0,0.0,0.0,0.0,0.0,0.0
1469,0.0,0.0,0.0,0.0,0.0,0.0,0.0,0.0,0.0,0.0,0.0,0.0,0.0,0.0,0.0,0.0,0.0,0.0,0.0,0.0,0.0,0.0,0.0,0.0,0.0,0.0,0.0,0.0,0.0,0.0,0.0,0.0,0.0,0.0,0.0,0.0,0.0,0.0,0.0,0.0,0.0,0.0,0.0,0.0,0.0,0.0,0.0,0.0,0.0,0.0,0.0,0.0,0.0,0.0,0.0,0.0,0.0,0.0,0.0,0.0,0.0,0.0,0.0,0.0
1470,0.0,0.0,0.0,0.0,0.0,0.0,0.0,0.0,0.0,0.0,0.0,0.0,0.0,0.0,0.0,0.0,0.0,0.0,0.0,0.0,0.0,0.0,0.0,0.0,0.0,0.0,0.0,0.0,0.0,0.0,0.0,0.0,0.0,0.0,0.0,0.0,0.0,0.0,0.0,0.0,0.0,0.0,0.0,0.0,0.0,0.0,0.0,0.0,0.0,0.0,0.0,0.0,0.0,0.0,0.0,0.0,0.0,0.0,0.0,0.0,0.0,0.0,0.0,0.0
1471,0.0,0.0,0.0,0.0,0.0,0.0,0.0,0.0,0.0,0.0,0.0,0.0,0.0,0.0,0.0,0.0,0.0,0.0,0.0,0.0,0.0,0.0,0.0,0.0,0.0,0.0,0.0,0.0,0.0,0.0,0.0,0.0,0.0,0.0,0.0,0.0,0.0,0.0,0.0,0.0,0.0,0.0,0.0,0.0,0.0,0.0,0.0,0.0,0.0,0.0,0.0,0.0,0.0,0.0,0.0,0.0,0.0,0.0,0.0,0.0,0.0,0.0,0.0,0.0
1472,0.0,0.0,0.0,0.0,0.0,0.0,0.0,0.0,0.0,0.0,0.0,0.0,0.0,0.0,0.0,0.0,0.0,0.0,0.0,0.0,0.0,0.0,0.0,0.0,0.0,0.0,0.0,0.0,0.0,0.0,0.0,0.0,0.0,0.0,0.0,0.0,0.0,0.0,0.0,0.0,0.0,0.0,0.0,0.0,0.0,0.0,0.0,0.0,0.0,0.0,0.0,0.0,0.0,0.0,0.0,0.0,0.0,0.0,0.0,0.0,0.0,0.0,0.0,0.0
1473,0.0,0.0,0.0,0.0,0.0,0.0,0.0,0.0,0.0,0.0,0.0,0.0,0.0,0.0,0.0,0.0,0.0,0.0,0.0,0.0,0.0,0.0,0.0,0.0,0.0,0.0,0.0,0.0,0.0,0.0,0.0,0.0,0.0,0.0,0.0,0.0,0.0,0.0,0.0,0.0,0.0,0.0,0.0,0.0,0.0,0.0,0.0,0.0,0.0,0.0,0.0,0.0,0.0,0.0,0.0,0.0,0.0,0.0,0.0,0.0,0.0,0.0,0.0,0.0
1474,0.0,0.0,0.0,0.0,0.0,0.0,0.0,0.0,0.0,0.0,0.0,0.0,0.0,0.0,0.0,0.0,0.0,0.0,0.0,0.0,0.0,0.0,0.0,0.0,0.0,0.0,0.0,0.0,0.0,0.0,0.0,0.0,0.0,0.0,0.0,0.0,0.0,0.0,0.0,0.0,0.0,0.0,0.0,0.0,0.0,0.0,0.0,0.0,0.0,0.0,0.0,0.0,0.0,0.0,0.0,0.0,0.0,0.0,0.0,0.0,0.0,0.0,0.0,0.0
1475,0.0,0.35,0.34,0.0,0.0,0.39,0.0,0.0,0.21,0.27,0.42,0.46,0.54,0.27,0.48,0.47,0.09,0.51,0.51,0.46,0.47,0.26,0.54,0.42,0.44,0.17,0.0,0.0,0.36,0.35,0.35,0.0,0.0,0.0,0.0,0.18,0.28,0.42,0.18,0.14,0.41,0.23,0.39,0.41,0.42,0.18,0.39,0.0,0.0,0.4,0.01,0.03,0.08,0.07,0.12,0.07,0.0,0.02,0.02,0.13,0.01,0.01,0.36,0.02
1476,0.0,0.73,0.72,0.0,0.0,0.73,0.0,0.0,0.74,0.77,0.73,0.79,0.78,0.75,0.75,0.74,0.77,0.8,0.8,0.75,0.77,0.76,0.78,0.74,0.74,0.74,0.0,0.0,0.75,0.74,0.74,0.0,0.0,0.0,0.0,0.67,0.72,0.55,0.6,0.42,0.77,0.76,0.76,0.74,0.74,0.48,0.73,0.0,0.0,0.73,0.05,0.11,0.3,0.44,0.36,0.33,0.0,0.18,0.06,0.49,0.05,0.06,0.75,0.05
1477,0.0,0.83,0.82,0.0,0.0,0.81,0.0,0.0,0.81,0.88,0.83,0.89,0.86,0.84,0.85,0.82,0.88,0.9,0.9,0.83,0.86,0.84,0.86,0.82,0.82,0.85,0.0,0.0,0.85,0.84,0.85,0.0,0.0,0.0,0.0,0.83,0.82,0.85,0.28,0.89,0.88,0.33,0.36,0.84,0.82,0.23,0.81,0.0,0.0,0.81,0.21,0.11,0.54,0.52,0.73,0.56,0.0,0.6,0.1,0.85,0.14,0.19,0.86,0.12
1478,0.0,0.77,0.8,0.0,0.0,0.82,0.0,0.0,0.84,0.9,0.86,0.9,0.87,0.85,0.85,0.83,0.89,0.91,0.91,0.84,0.88,0.84,0.88,0.84,0.82,0.86,0.0,0.0,0.85,0.8,0.85,0.0,0.0,0.0,0.0,0.84,0.84,0.86,0.48,0.89,0.89,0.5,0.47,0.86,0.85,0.42,0.81,0.0,0.0,0.82,0.84,0.35,0.88,0.86,0.86,0.8,0.0,0.77,0.8,0.87,0.68,0.87,0.85,0.86
1479,0.0,0.83,0.86,0.0,0.0,0.82,0.0,0.0,0.86,0.91,0.89,0.91,0.9,0.88,0.88,0.88,0.91,0.91,0.91,0.87,0.91,0.88,0.91,0.39,0.85,0.88,0.0,0.0,0.86,0.82,0.87,0.0,0.0,0.0,0.0,0.88,0.56,0.9,0.9,0.91,0.46,0.9,0.91,0.9,0.33,0.84,0.83,0.0,0.0,0.84,0.89,0.87,0.91,0.89,0.91,0.87,0.0,0.89,0.89,0.9,0.88,0.9,0.88,0.89
1480,0.0,0.81,0.85,0.0,0.0,0.82,0.0,0.0,0.88,0.91,0.9,0.91,0.9,0.89,0.89,0.59,0.91,0.91,0.91,0.88,0.91,0.9,0.91,0.35,0.85,0.9,0.0,0.0,0.86,0.83,0.88,0.0,0.0,0.0,0.0,0.89,0.91,0.91,0.91,0.91,0.78,0.91,0.91,0.91,0.41,0.91,0.84,0.0,0.0,0.84,0.9,0.88,0.91,0.9,0.91,0.84,0.0,0.9,0.91,0.9,0.89,0.91,0.82,0.9
1481,0.0,0.86,0.87,0.0,0.0,0.76,0.0,0.0,0.88,0.91,0.9,0.91,0.89,0.89,0.88,0.36,0.91,0.91,0.91,0.86,0.91,0.89,0.91,0.9,0.82,0.89,0.0,0.0,0.77,0.85,0.87,0.0,0.0,0.0,0.0,0.88,0.9,0.91,0.91,0.91,0.91,0.91,0.9,0.9,0.91,0.91,0.79,0.0,0.0,0.78,0.91,0.87,0.91,0.88,0.91,0.84,0.0,0.9,0.91,0.9,0.89,0.91,0.56,0.9
1482,0.0,0.63,0.64,0.0,0.0,0.82,0.0,0.0,0.84,0.91,0.87,0.91,0.86,0.85,0.86,0.84,0.9,0.9,0.91,0.84,0.89,0.86,0.88,0.88,0.81,0.86,0.0,0.0,0.83,0.45,0.84,0.0,0.0,0.0,0.0,0.86,0.87,0.91,0.88,0.91,0.84,0.88,0.88,0.87,0.88,0.89,0.82,0.0,0.0,0.82,0.9,0.83,0.89,0.87,0.89,0.84,0.0,0.88,0.89,0.89,0.88,0.9,0.85,0.89
1483,0.0,0.34,0.33,0.0,0.0,0.72,0.0,0.0,0.79,0.84,0.82,0.85,0.8,0.8,0.8,0.79,0.84,0.83,0.84,0.79,0.8,0.8,0.81,0.83,0.16,0.81,0.0,0.0,0.79,0.29,0.78,0.0,0.0,0.0,0.0,0.81,0.83,0.86,0.84,0.86,0.86,0.84,0.84,0.82,0.83,0.85,0.34,0.0,0.0,0.76,0.84,0.81,0.83,0.81,0.83,0.8,0.0,0.83,0.84,0.83,0.84,0.84,0.81,0.84
1484,0.0,0.59,0.74,0.0,0.0,0.7,0.0,0.0,0.71,0.72,0.73,0.76,0.68,0.7,0.7,0.7,0.75,0.72,0.73,0.71,0.71,0.7,0.69,0.74,0.32,0.74,0.0,0.0,0.74,0.49,0.72,0.0,0.0,0.0,0.0,0.74,0.76,0.77,0.77,0.77,0.78,0.76,0.76,0.74,0.75,0.77,0.72,0.0,0.0,0.7,0.77,0.76,0.75,0.73,0.74,0.76,0.0,0.76,0.76,0.75,0.77,0.76,0.74,0.77
1485,0.0,0.44,0.41,0.0,0.0,0.39,0.0,0.0,0.34,0.27,0.36,0.35,0.21,0.28,0.27,0.29,0.37,0.24,0.26,0.31,0.29,0.27,0.21,0.37,0.02,0.41,0.0,0.0,0.13,0.41,0.43,0.0,0.0,0.0,0.0,0.41,0.38,0.38,0.41,0.38,0.39,0.4,0.4,0.38,0.38,0.41,0.38,0.0,0.0,0.38,0.44,0.45,0.4,0.42,0.39,0.43,0.0,0.42,0.44,0.41,0.44,0.44,0.17,0.44
1486,0.0,0.0,0.0,0.0,0.0,0.0,0.0,0.0,0.0,0.0,0.0,0.0,0.0,0.0,0.0,0.0,0.0,0.0,0.0,0.0,0.0,0.0,0.0,0.0,0.0,0.0,0.0,0.0,0.0,0.0,0.0,0.0,0.0,0.0,0.0,0.0,0.0,0.0,0.0,0.0,0.0,0.0,0.0,0.0,0.0,0.0,0.0,0.0,0.0,0.0,0.0,0.0,0.0,0.0,0.0,0.0,0.0,0.0,0.0,0.0,0.0,0.0,0.0,0.0
1487,0.0,0.0,0.0,0.0,0.0,0.0,0.0,0.0,0.0,0.0,0.0,0.0,0.0,0.0,0.0,0.0,0.0,0.0,0.0,0.0,0.0,0.0,0.0,0.0,0.0,0.0,0.0,0.0,0.0,0.0,0.0,0.0,0.0,0.0,0.0,0.0,0.0,0.0,0.0,0.0,0.0,0.0,0.0,0.0,0.0,0.0,0.0,0.0,0.0,0.0,0.0,0.0,0.0,0.0,0.0,0.0,0.0,0.0,0.0,0.0,0.0,0.0,0.0,0.0
1488,0.0,0.0,0.0,0.0,0.0,0.0,0.0,0.0,0.0,0.0,0.0,0.0,0.0,0.0,0.0,0.0,0.0,0.0,0.0,0.0,0.0,0.0,0.0,0.0,0.0,0.0,0.0,0.0,0.0,0.0,0.0,0.0,0.0,0.0,0.0,0.0,0.0,0.0,0.0,0.0,0.0,0.0,0.0,0.0,0.0,0.0,0.0,0.0,0.0,0.0,0.0,0.0,0.0,0.0,0.0,0.0,0.0,0.0,0.0,0.0,0.0,0.0,0.0,0.0
1489,0.0,0.0,0.0,0.0,0.0,0.0,0.0,0.0,0.0,0.0,0.0,0.0,0.0,0.0,0.0,0.0,0.0,0.0,0.0,0.0,0.0,0.0,0.0,0.0,0.0,0.0,0.0,0.0,0.0,0.0,0.0,0.0,0.0,0.0,0.0,0.0,0.0,0.0,0.0,0.0,0.0,0.0,0.0,0.0,0.0,0.0,0.0,0.0,0.0,0.0,0.0,0.0,0.0,0.0,0.0,0.0,0.0,0.0,0.0,0.0,0.0,0.0,0.0,0.0
1490,0.0,0.0,0.0,0.0,0.0,0.0,0.0,0.0,0.0,0.0,0.0,0.0,0.0,0.0,0.0,0.0,0.0,0.0,0.0,0.0,0.0,0.0,0.0,0.0,0.0,0.0,0.0,0.0,0.0,0.0,0.0,0.0,0.0,0.0,0.0,0.0,0.0,0.0,0.0,0.0,0.0,0.0,0.0,0.0,0.0,0.0,0.0,0.0,0.0,0.0,0.0,0.0,0.0,0.0,0.0,0.0,0.0,0.0,0.0,0.0,0.0,0.0,0.0,0.0
1491,0.0,0.0,0.0,0.0,0.0,0.0,0.0,0.0,0.0,0.0,0.0,0.0,0.0,0.0,0.0,0.0,0.0,0.0,0.0,0.0,0.0,0.0,0.0,0.0,0.0,0.0,0.0,0.0,0.0,0.0,0.0,0.0,0.0,0.0,0.0,0.0,0.0,0.0,0.0,0.0,0.0,0.0,0.0,0.0,0.0,0.0,0.0,0.0,0.0,0.0,0.0,0.0,0.0,0.0,0.0,0.0,0.0,0.0,0.0,0.0,0.0,0.0,0.0,0.0
1492,0.0,0.0,0.0,0.0,0.0,0.0,0.0,0.0,0.0,0.0,0.0,0.0,0.0,0.0,0.0,0.0,0.0,0.0,0.0,0.0,0.0,0.0,0.0,0.0,0.0,0.0,0.0,0.0,0.0,0.0,0.0,0.0,0.0,0.0,0.0,0.0,0.0,0.0,0.0,0.0,0.0,0.0,0.0,0.0,0.0,0.0,0.0,0.0,0.0,0.0,0.0,0.0,0.0,0.0,0.0,0.0,0.0,0.0,0.0,0.0,0.0,0.0,0.0,0.0
1493,0.0,0.0,0.0,0.0,0.0,0.0,0.0,0.0,0.0,0.0,0.0,0.0,0.0,0.0,0.0,0.0,0.0,0.0,0.0,0.0,0.0,0.0,0.0,0.0,0.0,0.0,0.0,0.0,0.0,0.0,0.0,0.0,0.0,0.0,0.0,0.0,0.0,0.0,0.0,0.0,0.0,0.0,0.0,0.0,0.0,0.0,0.0,0.0,0.0,0.0,0.0,0.0,0.0,0.0,0.0,0.0,0.0,0.0,0.0,0.0,0.0,0.0,0.0,0.0
1494,0.0,0.0,0.0,0.0,0.0,0.0,0.0,0.0,0.0,0.0,0.0,0.0,0.0,0.0,0.0,0.0,0.0,0.0,0.0,0.0,0.0,0.0,0.0,0.0,0.0,0.0,0.0,0.0,0.0,0.0,0.0,0.0,0.0,0.0,0.0,0.0,0.0,0.0,0.0,0.0,0.0,0.0,0.0,0.0,0.0,0.0,0.0,0.0,0.0,0.0,0.0,0.0,0.0,0.0,0.0,0.0,0.0,0.0,0.0,0.0,0.0,0.0,0.0,0.0
1495,0.0,0.0,0.0,0.0,0.0,0.0,0.0,0.0,0.0,0.0,0.0,0.0,0.0,0.0,0.0,0.0,0.0,0.0,0.0,0.0,0.0,0.0,0.0,0.0,0.0,0.0,0.0,0.0,0.0,0.0,0.0,0.0,0.0,0.0,0.0,0.0,0.0,0.0,0.0,0.0,0.0,0.0,0.0,0.0,0.0,0.0,0.0,0.0,0.0,0.0,0.0,0.0,0.0,0.0,0.0,0.0,0.0,0.0,0.0,0.0,0.0,0.0,0.0,0.0
1496,0.0,0.0,0.0,0.0,0.0,0.0,0.0,0.0,0.0,0.0,0.0,0.0,0.0,0.0,0.0,0.0,0.0,0.0,0.0,0.0,0.0,0.0,0.0,0.0,0.0,0.0,0.0,0.0,0.0,0.0,0.0,0.0,0.0,0.0,0.0,0.0,0.0,0.0,0.0,0.0,0.0,0.0,0.0,0.0,0.0,0.0,0.0,0.0,0.0,0.0,0.0,0.0,0.0,0.0,0.0,0.0,0.0,0.0,0.0,0.0,0.0,0.0,0.0,0.0
1497,0.0,0.0,0.0,0.0,0.0,0.0,0.0,0.0,0.0,0.0,0.0,0.0,0.0,0.0,0.0,0.0,0.0,0.0,0.0,0.0,0.0,0.0,0.0,0.0,0.0,0.0,0.0,0.0,0.0,0.0,0.0,0.0,0.0,0.0,0.0,0.0,0.0,0.0,0.0,0.0,0.0,0.0,0.0,0.0,0.0,0.0,0.0,0.0,0.0,0.0,0.0,0.0,0.0,0.0,0.0,0.0,0.0,0.0,0.0,0.0,0.0,0.0,0.0,0.0
1498,0.0,0.0,0.0,0.0,0.0,0.0,0.0,0.0,0.0,0.0,0.0,0.0,0.0,0.0,0.0,0.0,0.0,0.0,0.0,0.0,0.0,0.0,0.0,0.0,0.0,0.0,0.0,0.0,0.0,0.0,0.0,0.0,0.0,0.0,0.0,0.0,0.0,0.0,0.0,0.0,0.0,0.0,0.0,0.0,0.0,0.0,0.0,0.0,0.0,0.0,0.0,0.0,0.0,0.0,0.0,0.0,0.0,0.0,0.0,0.0,0.0,0.0,0.0,0.0
1499,0.0,0.12,0.08,0.0,0.0,0.14,0.0,0.0,0.41,0.5,0.42,0.46,0.55,0.5,0.5,0.49,0.45,0.53,0.52,0.48,0.33,0.5,0.55,0.25,0.15,0.12,0.0,0.0,0.17,0.12,0.12,0.0,0.0,0.0,0.0,0.18,0.22,0.42,0.18,0.44,0.25,0.19,0.19,0.28,0.23,0.19,0.15,0.0,0.0,0.16,0.17,0.16,0.38,0.2,0.39,0.16,0.0,0.19,0.18,0.36,0.18,0.18,0.17,0.18
1500,0.0,0.15,0.13,0.0,0.0,0.16,0.0,0.0,0.69,0.76,0.65,0.72,0.75,0.73,0.73,0.7,0.71,0.77,0.77,0.71,0.74,0.73,0.76,0.58,0.17,0.21,0.0,0.0,0.27,0.2,0.21,0.0,0.0,0.0,0.0,0.31,0.52,0.67,0.32,0.65,0.67,0.32,0.33,0.37,0.58,0.33,0.16,0.0,0.0,0.17,0.56,0.32,0.7,0.65,0.7,0.68,0.0,0.67,0.6,0.66,0.59,0.55,0.33,0.54
1501,0.0,0.34,0.33,0.0,0.0,0.42,0.0,0.0,0.82,0.87,0.81,0.83,0.86,0.85,0.84,0.83,0.8,0.89,0.89,0.83,0.86,0.86,0.87,0.59,0.3,0.33,0.0,0.0,0.36,0.34,0.31,0.0,0.0,0.0,0.0,0.34,0.57,0.83,0.53,0.81,0.8,0.53,0.46,0.45,0.62,0.48,0.42,0.0,0.0,0.42,0.81,0.48,0.82,0.8,0.82,0.82,0.0,0.82,0.79,0.79,0.74,0.8,0.45,0.77
1502,0.0,0.51,0.52,0.0,0.0,0.54,0.0,0.0,0.84,0.91,0.84,0.9,0.91,0.91,0.9,0.86,0.85,0.91,0.91,0.88,0.91,0.91,0.91,0.67,0.53,0.61,0.0,0.0,0.6,0.61,0.61,0.0,0.0,0.0,0.0,0.54,0.63,0.85,0.64,0.84,0.86,0.67,0.68,0.62,0.66,0.68,0.55,0.0,0.0,0.53,0.81,0.7,0.85,0.83,0.88,0.88,0.0,0.84,0.78,0.85,0.73,0.82,0.54,0.78
1503,0.0,0.53,0.51,0.0,0.0,0.59,0.0,0.0,0.86,0.91,0.86,0.91,0.91,0.91,0.9,0.89,0.87,0.91,0.91,0.88,0.91,0.91,0.91,0.74,0.65,0.6,0.0,0.0,0.68,0.55,0.59,0.0,0.0,0.0,0.0,0.76,0.8,0.86,0.6,0.87,0.84,0.6,0.76,0.85,0.75,0.66,0.59,0.0,0.0,0.6,0.75,0.56,0.85,0.78,0.89,0.89,0.0,0.82,0.74,0.86,0.73,0.76,0.64,0.7
1504,0.0,0.5,0.45,0.0,0.0,0.52,0.0,0.0,0.83,0.91,0.84,0.91,0.91,0.91,0.89,0.86,0.86,0.91,0.91,0.86,0.91,0.91,0.91,0.76,0.63,0.54,0.0,0.0,0.56,0.53,0.5,0.0,0.0,0.0,0.0,0.6,0.8,0.84,0.57,0.83,0.84,0.56,0.59,0.69,0.78,0.57,0.56,0.0,0.0,0.59,0.77,0.55,0.8,0.76,0.9,0.88,0.0,0.77,0.74,0.86,0.79,0.77,0.58,0.8
1505,0.0,0.39,0.35,0.0,0.0,0.42,0.0,0.0,0.77,0.91,0.75,0.91,0.91,0.89,0.86,0.81,0.87,0.91,0.91,0.83,0.91,0.91,0.91,0.62,0.65,0.46,0.0,0.0,0.51,0.43,0.46,0.0,0.0,0.0,0.0,0.54,0.56,0.79,0.55,0.78,0.67,0.54,0.54,0.59,0.58,0.55,0.44,0.0,0.0,0.46,0.55,0.55,0.82,0.68,0.9,0.88,0.0,0.8,0.56,0.89,0.56,0.58,0.57,0.57
1506,0.0,0.41,0.41,0.0,0.0,0.38,0.0,0.0,0.62,0.9,0.61,0.84,0.9,0.76,0.64,0.6,0.65,0.91,0.91,0.6,0.91,0.78,0.91,0.47,0.48,0.51,0.0,0.0,0.42,0.4,0.48,0.0,0.0,0.0,0.0,0.4,0.41,0.57,0.42,0.55,0.54,0.42,0.41,0.42,0.46,0.41,0.37,0.0,0.0,0.36,0.5,0.5,0.73,0.6,0.86,0.87,0.0,0.67,0.5,0.83,0.49,0.53,0.44,0.49
1507,0.0,0.34,0.3,0.0,0.0,0.36,0.0,0.0,0.47,0.88,0.42,0.81,0.83,0.58,0.6,0.54,0.64,0.9,0.91,0.54,0.88,0.63,0.88,0.36,0.31,0.43,0.0,0.0,0.48,0.38,0.38,0.0,0.0,0.0,0.0,0.43,0.36,0.44,0.47,0.49,0.43,0.47,0.49,0.39,0.36,0.48,0.48,0.0,0.0,0.48,0.48,0.52,0.59,0.46,0.65,0.83,0.0,0.56,0.48,0.76,0.38,0.47,0.47,0.44
1508,0.0,0.23,0.22,0.0,0.0,0.12,0.0,0.0,0.24,0.74,0.29,0.48,0.66,0.35,0.31,0.29,0.44,0.74,0.75,0.31,0.75,0.42,0.71,0.21,0.2,0.29,0.0,0.0,0.25,0.24,0.28,0.0,0.0,0.0,0.0,0.25,0.26,0.35,0.23,0.34,0.31,0.23,0.31,0.35,0.22,0.27,0.14,0.0,0.0,0.14,0.28,0.25,0.39,0.38,0.42,0.41,0.0,0.36,0.27,0.43,0.3,0.3,0.29,0.31
1509,0.0,0.02,0.02,0.0,0.0,0.02,0.0,0.0,0.04,0.16,0.06,0.08,0.01,0.06,0.02,0.02,0.08,0.13,0.15,0.03,0.19,0.08,0.06,0.08,0.01,0.06,0.0,0.0,0.04,0.03,0.05,0.0,0.0,0.0,0.0,0.03,0.09,0.07,0.08,0.07,0.05,0.08,0.02,0.07,0.08,0.06,0.01,0.0,0.0,0.01,0.06,0.09,0.08,0.06,0.12,0.14,0.0,0.08,0.06,0.14,0.11,0.05,0.06,0.1
1510,0.0,0.0,0.0,0.0,0.0,0.0,0.0,0.0,0.0,0.0,0.0,0.0,0.0,0.0,0.0,0.0,0.0,0.0,0.0,0.0,0.0,0.0,0.0,0.0,0.0,0.0,0.0,0.0,0.0,0.0,0.0,0.0,0.0,0.0,0.0,0.0,0.0,0.0,0.0,0.0,0.0,0.0,0.0,0.0,0.0,0.0,0.0,0.0,0.0,0.0,0.0,0.0,0.0,0.0,0.0,0.0,0.0,0.0,0.0,0.0,0.0,0.0,0.0,0.0
1511,0.0,0.0,0.0,0.0,0.0,0.0,0.0,0.0,0.0,0.0,0.0,0.0,0.0,0.0,0.0,0.0,0.0,0.0,0.0,0.0,0.0,0.0,0.0,0.0,0.0,0.0,0.0,0.0,0.0,0.0,0.0,0.0,0.0,0.0,0.0,0.0,0.0,0.0,0.0,0.0,0.0,0.0,0.0,0.0,0.0,0.0,0.0,0.0,0.0,0.0,0.0,0.0,0.0,0.0,0.0,0.0,0.0,0.0,0.0,0.0,0.0,0.0,0.0,0.0
1512,0.0,0.0,0.0,0.0,0.0,0.0,0.0,0.0,0.0,0.0,0.0,0.0,0.0,0.0,0.0,0.0,0.0,0.0,0.0,0.0,0.0,0.0,0.0,0.0,0.0,0.0,0.0,0.0,0.0,0.0,0.0,0.0,0.0,0.0,0.0,0.0,0.0,0.0,0.0,0.0,0.0,0.0,0.0,0.0,0.0,0.0,0.0,0.0,0.0,0.0,0.0,0.0,0.0,0.0,0.0,0.0,0.0,0.0,0.0,0.0,0.0,0.0,0.0,0.0
1513,0.0,0.0,0.0,0.0,0.0,0.0,0.0,0.0,0.0,0.0,0.0,0.0,0.0,0.0,0.0,0.0,0.0,0.0,0.0,0.0,0.0,0.0,0.0,0.0,0.0,0.0,0.0,0.0,0.0,0.0,0.0,0.0,0.0,0.0,0.0,0.0,0.0,0.0,0.0,0.0,0.0,0.0,0.0,0.0,0.0,0.0,0.0,0.0,0.0,0.0,0.0,0.0,0.0,0.0,0.0,0.0,0.0,0.0,0.0,0.0,0.0,0.0,0.0,0.0
1514,0.0,0.0,0.0,0.0,0.0,0.0,0.0,0.0,0.0,0.0,0.0,0.0,0.0,0.0,0.0,0.0,0.0,0.0,0.0,0.0,0.0,0.0,0.0,0.0,0.0,0.0,0.0,0.0,0.0,0.0,0.0,0.0,0.0,0.0,0.0,0.0,0.0,0.0,0.0,0.0,0.0,0.0,0.0,0.0,0.0,0.0,0.0,0.0,0.0,0.0,0.0,0.0,0.0,0.0,0.0,0.0,0.0,0.0,0.0,0.0,0.0,0.0,0.0,0.0
1515,0.0,0.0,0.0,0.0,0.0,0.0,0.0,0.0,0.0,0.0,0.0,0.0,0.0,0.0,0.0,0.0,0.0,0.0,0.0,0.0,0.0,0.0,0.0,0.0,0.0,0.0,0.0,0.0,0.0,0.0,0.0,0.0,0.0,0.0,0.0,0.0,0.0,0.0,0.0,0.0,0.0,0.0,0.0,0.0,0.0,0.0,0.0,0.0,0.0,0.0,0.0,0.0,0.0,0.0,0.0,0.0,0.0,0.0,0.0,0.0,0.0,0.0,0.0,0.0
1516,0.0,0.0,0.0,0.0,0.0,0.0,0.0,0.0,0.0,0.0,0.0,0.0,0.0,0.0,0.0,0.0,0.0,0.0,0.0,0.0,0.0,0.0,0.0,0.0,0.0,0.0,0.0,0.0,0.0,0.0,0.0,0.0,0.0,0.0,0.0,0.0,0.0,0.0,0.0,0.0,0.0,0.0,0.0,0.0,0.0,0.0,0.0,0.0,0.0,0.0,0.0,0.0,0.0,0.0,0.0,0.0,0.0,0.0,0.0,0.0,0.0,0.0,0.0,0.0
1517,0.0,0.0,0.0,0.0,0.0,0.0,0.0,0.0,0.0,0.0,0.0,0.0,0.0,0.0,0.0,0.0,0.0,0.0,0.0,0.0,0.0,0.0,0.0,0.0,0.0,0.0,0.0,0.0,0.0,0.0,0.0,0.0,0.0,0.0,0.0,0.0,0.0,0.0,0.0,0.0,0.0,0.0,0.0,0.0,0.0,0.0,0.0,0.0,0.0,0.0,0.0,0.0,0.0,0.0,0.0,0.0,0.0,0.0,0.0,0.0,0.0,0.0,0.0,0.0
1518,0.0,0.0,0.0,0.0,0.0,0.0,0.0,0.0,0.0,0.0,0.0,0.0,0.0,0.0,0.0,0.0,0.0,0.0,0.0,0.0,0.0,0.0,0.0,0.0,0.0,0.0,0.0,0.0,0.0,0.0,0.0,0.0,0.0,0.0,0.0,0.0,0.0,0.0,0.0,0.0,0.0,0.0,0.0,0.0,0.0,0.0,0.0,0.0,0.0,0.0,0.0,0.0,0.0,0.0,0.0,0.0,0.0,0.0,0.0,0.0,0.0,0.0,0.0,0.0
1519,0.0,0.0,0.0,0.0,0.0,0.0,0.0,0.0,0.0,0.0,0.0,0.0,0.0,0.0,0.0,0.0,0.0,0.0,0.0,0.0,0.0,0.0,0.0,0.0,0.0,0.0,0.0,0.0,0.0,0.0,0.0,0.0,0.0,0.0,0.0,0.0,0.0,0.0,0.0,0.0,0.0,0.0,0.0,0.0,0.0,0.0,0.0,0.0,0.0,0.0,0.0,0.0,0.0,0.0,0.0,0.0,0.0,0.0,0.0,0.0,0.0,0.0,0.0,0.0
1520,0.0,0.0,0.0,0.0,0.0,0.0,0.0,0.0,0.0,0.0,0.0,0.0,0.0,0.0,0.0,0.0,0.0,0.0,0.0,0.0,0.0,0.0,0.0,0.0,0.0,0.0,0.0,0.0,0.0,0.0,0.0,0.0,0.0,0.0,0.0,0.0,0.0,0.0,0.0,0.0,0.0,0.0,0.0,0.0,0.0,0.0,0.0,0.0,0.0,0.0,0.0,0.0,0.0,0.0,0.0,0.0,0.0,0.0,0.0,0.0,0.0,0.0,0.0,0.0
1521,0.0,0.0,0.0,0.0,0.0,0.0,0.0,0.0,0.0,0.0,0.0,0.0,0.0,0.0,0.0,0.0,0.0,0.0,0.0,0.0,0.0,0.0,0.0,0.0,0.0,0.0,0.0,0.0,0.0,0.0,0.0,0.0,0.0,0.0,0.0,0.0,0.0,0.0,0.0,0.0,0.0,0.0,0.0,0.0,0.0,0.0,0.0,0.0,0.0,0.0,0.0,0.0,0.0,0.0,0.0,0.0,0.0,0.0,0.0,0.0,0.0,0.0,0.0,0.0
1522,0.0,0.0,0.0,0.0,0.0,0.0,0.0,0.0,0.0,0.0,0.0,0.0,0.0,0.0,0.0,0.0,0.0,0.0,0.0,0.0,0.0,0.0,0.0,0.0,0.0,0.0,0.0,0.0,0.0,0.0,0.0,0.0,0.0,0.0,0.0,0.0,0.0,0.0,0.0,0.0,0.0,0.0,0.0,0.0,0.0,0.0,0.0,0.0,0.0,0.0,0.0,0.0,0.0,0.0,0.0,0.0,0.0,0.0,0.0,0.0,0.0,0.0,0.0,0.0
1523,0.0,0.0,0.0,0.0,0.0,0.0,0.0,0.0,0.01,0.15,0.0,0.09,0.19,0.01,0.03,0.0,0.04,0.14,0.14,0.01,0.15,0.01,0.16,0.0,0.0,0.0,0.0,0.0,0.0,0.0,0.0,0.0,0.0,0.0,0.0,0.0,0.0,0.0,0.01,0.01,0.01,0.0,0.0,0.0,0.0,0.0,0.0,0.0,0.0,0.0,0.2,0.02,0.07,0.01,0.01,0.0,0.0,0.01,0.01,0.0,0.22,0.02,0.0,0.02
1524,0.0,0.01,0.01,0.0,0.0,0.01,0.0,0.0,0.02,0.45,0.02,0.05,0.14,0.03,0.02,0.01,0.05,0.26,0.26,0.02,0.4,0.03,0.26,0.01,0.0,0.01,0.0,0.0,0.0,0.01,0.01,0.0,0.0,0.0,0.0,0.02,0.01,0.02,0.03,0.04,0.02,0.02,0.01,0.01,0.01,0.03,0.01,0.0,0.0,0.01,0.09,0.03,0.05,0.05,0.03,0.01,0.0,0.03,0.04,0.02,0.22,0.05,0.01,0.06
1525,0.0,0.02,0.04,0.0,0.0,0.03,0.0,0.0,0.03,0.83,0.02,0.84,0.22,0.12,0.02,0.03,0.52,0.34,0.32,0.03,0.33,0.13,0.38,0.02,0.01,0.03,0.0,0.0,0.02,0.02,0.02,0.0,0.0,0.0,0.0,0.04,0.04,0.04,0.06,0.1,0.04,0.03,0.03,0.03,0.02,0.06,0.03,0.0,0.0,0.03,0.31,0.07,0.12,0.3,0.18,0.03,0.0,0.08,0.24,0.04,0.13,0.72,0.03,0.17
1526,0.0,0.05,0.07,0.0,0.0,0.07,0.0,0.0,0.04,0.71,0.04,0.22,0.25,0.07,0.03,0.04,0.26,0.42,0.43,0.04,0.49,0.07,0.55,0.04,0.04,0.07,0.0,0.0,0.04,0.05,0.05,0.0,0.0,0.0,0.0,0.08,0.06,0.06,0.09,0.09,0.07,0.05,0.04,0.04,0.05,0.07,0.05,0.0,0.0,0.05,0.11,0.09,0.24,0.09,0.3,0.08,0.0,0.27,0.1,0.11,0.14,0.1,0.05,0.08
1527,0.0,0.07,0.1,0.0,0.0,0.09,0.0,0.0,0.04,0.74,0.04,0.25,0.09,0.05,0.04,0.04,0.2,0.59,0.59,0.04,0.56,0.06,0.61,0.04,0.05,0.1,0.0,0.0,0.06,0.07,0.07,0.0,0.0,0.0,0.0,0.12,0.06,0.05,0.12,0.06,0.1,0.07,0.05,0.05,0.05,0.11,0.08,0.0,0.0,0.06,0.15,0.12,0.15,0.09,0.52,0.08,0.0,0.18,0.13,0.13,0.15,0.18,0.07,0.11
1528,0.0,0.08,0.11,0.0,0.0,0.09,0.0,0.0,0.04,0.69,0.04,0.22,0.09,0.04,0.04,0.03,0.11,0.57,0.63,0.04,0.56,0.04,0.62,0.04,0.08,0.12,0.0,0.0,0.08,0.08,0.09,0.0,0.0,0.0,0.0,0.15,0.06,0.06,0.18,0.08,0.09,0.11,0.07,0.06,0.05,0.14,0.08,0.0,0.0,0.06,0.12,0.16,0.14,0.1,0.91,0.11,0.0,0.14,0.11,0.14,0.18,0.11,0.08,0.14
1529,0.0,0.07,0.11,0.0,0.0,0.08,0.0,0.0,0.03,0.66,0.03,0.35,0.09,0.03,0.04,0.03,0.08,0.72,0.87,0.03,0.65,0.03,0.15,0.05,0.05,0.11,0.0,0.0,0.1,0.08,0.09,0.0,0.0,0.0,0.0,0.29,0.06,0.05,0.32,0.06,0.07,0.15,0.09,0.06,0.06,0.24,0.08,0.0,0.0,0.06,0.15,0.19,0.09,0.1,0.91,0.14,0.0,0.09,0.1,0.14,0.18,0.14,0.11,0.13
1530,0.0,0.06,0.08,0.0,0.0,0.06,0.0,0.0,0.02,0.57,0.02,0.41,0.05,0.02,0.02,0.02,0.08,0.3,0.33,0.02,0.71,0.02,0.52,0.05,0.05,0.09,0.0,0.0,0.07,0.07,0.06,0.0,0.0,0.0,0.0,0.23,0.07,0.03,0.32,0.04,0.05,0.13,0.08,0.08,0.05,0.23,0.06,0.0,0.0,0.05,0.13,0.19,0.09,0.08,0.91,0.12,0.0,0.11,0.09,0.12,0.15,0.09,0.09,0.1
1531,0.0,0.07,0.22,0.0,0.0,0.04,0.0,0.0,0.01,0.58,0.01,0.33,0.03,0.02,0.01,0.01,0.05,0.43,0.84,0.01,0.85,0.02,0.3,0.03,0.03,0.05,0.0,0.0,0.04,0.05,0.04,0.0,0.0,0.0,0.0,0.12,0.06,0.02,0.24,0.02,0.05,0.08,0.05,0.05,0.03,0.12,0.04,0.0,0.0,0.03,0.07,0.09,0.09,0.04,0.48,0.09,0.0,0.06,0.05,0.08,0.08,0.06,0.05,0.06
1532,0.0,0.28,0.57,0.0,0.0,0.02,0.0,0.0,0.0,0.48,0.01,0.09,0.02,0.01,0.0,0.0,0.03,0.63,0.65,0.0,0.71,0.01,0.04,0.02,0.01,0.03,0.0,0.0,0.02,0.04,0.02,0.0,0.0,0.0,0.0,0.04,0.03,0.01,0.08,0.01,0.04,0.04,0.03,0.02,0.02,0.05,0.02,0.0,0.0,0.01,0.03,0.04,0.08,0.02,0.12,0.04,0.0,0.03,0.02,0.05,0.04,0.02,0.02,0.02
1533,0.0,0.35,0.44,0.0,0.0,0.0,0.0,0.0,0.0,0.21,0.0,0.08,0.0,0.0,0.0,0.0,0.0,0.21,0.23,0.0,0.26,0.0,0.0,0.0,0.0,0.04,0.0,0.0,0.01,0.32,0.02,0.0,0.0,0.0,0.0,0.01,0.0,0.0,0.01,0.0,0.0,0.0,0.0,0.0,0.0,0.01,0.0,0.0,0.0,0.0,0.01,0.0,0.08,0.0,0.02,0.01,0.0,0.01,0.0,0.02,0.01,0.01,0.0,0.0
1534,0.0,0.0,0.0,0.0,0.0,0.0,0.0,0.0,0.0,0.0,0.0,0.0,0.0,0.0,0.0,0.0,0.0,0.0,0.0,0.0,0.0,0.0,0.0,0.0,0.0,0.0,0.0,0.0,0.0,0.0,0.0,0.0,0.0,0.0,0.0,0.0,0.0,0.0,0.0,0.0,0.0,0.0,0.0,0.0,0.0,0.0,0.0,0.0,0.0,0.0,0.0,0.0,0.0,0.0,0.0,0.0,0.0,0.0,0.0,0.0,0.0,0.0,0.0,0.0
1535,0.0,0.0,0.0,0.0,0.0,0.0,0.0,0.0,0.0,0.0,0.0,0.0,0.0,0.0,0.0,0.0,0.0,0.0,0.0,0.0,0.0,0.0,0.0,0.0,0.0,0.0,0.0,0.0,0.0,0.0,0.0,0.0,0.0,0.0,0.0,0.0,0.0,0.0,0.0,0.0,0.0,0.0,0.0,0.0,0.0,0.0,0.0,0.0,0.0,0.0,0.0,0.0,0.0,0.0,0.0,0.0,0.0,0.0,0.0,0.0,0.0,0.0,0.0,0.0
1536,0.0,0.0,0.0,0.0,0.0,0.0,0.0,0.0,0.0,0.0,0.0,0.0,0.0,0.0,0.0,0.0,0.0,0.0,0.0,0.0,0.0,0.0,0.0,0.0,0.0,0.0,0.0,0.0,0.0,0.0,0.0,0.0,0.0,0.0,0.0,0.0,0.0,0.0,0.0,0.0,0.0,0.0,0.0,0.0,0.0,0.0,0.0,0.0,0.0,0.0,0.0,0.0,0.0,0.0,0.0,0.0,0.0,0.0,0.0,0.0,0.0,0.0,0.0,0.0
1537,0.0,0.0,0.0,0.0,0.0,0.0,0.0,0.0,0.0,0.0,0.0,0.0,0.0,0.0,0.0,0.0,0.0,0.0,0.0,0.0,0.0,0.0,0.0,0.0,0.0,0.0,0.0,0.0,0.0,0.0,0.0,0.0,0.0,0.0,0.0,0.0,0.0,0.0,0.0,0.0,0.0,0.0,0.0,0.0,0.0,0.0,0.0,0.0,0.0,0.0,0.0,0.0,0.0,0.0,0.0,0.0,0.0,0.0,0.0,0.0,0.0,0.0,0.0,0.0
1538,0.0,0.0,0.0,0.0,0.0,0.0,0.0,0.0,0.0,0.0,0.0,0.0,0.0,0.0,0.0,0.0,0.0,0.0,0.0,0.0,0.0,0.0,0.0,0.0,0.0,0.0,0.0,0.0,0.0,0.0,0.0,0.0,0.0,0.0,0.0,0.0,0.0,0.0,0.0,0.0,0.0,0.0,0.0,0.0,0.0,0.0,0.0,0.0,0.0,0.0,0.0,0.0,0.0,0.0,0.0,0.0,0.0,0.0,0.0,0.0,0.0,0.0,0.0,0.0
1539,0.0,0.0,0.0,0.0,0.0,0.0,0.0,0.0,0.0,0.0,0.0,0.0,0.0,0.0,0.0,0.0,0.0,0.0,0.0,0.0,0.0,0.0,0.0,0.0,0.0,0.0,0.0,0.0,0.0,0.0,0.0,0.0,0.0,0.0,0.0,0.0,0.0,0.0,0.0,0.0,0.0,0.0,0.0,0.0,0.0,0.0,0.0,0.0,0.0,0.0,0.0,0.0,0.0,0.0,0.0,0.0,0.0,0.0,0.0,0.0,0.0,0.0,0.0,0.0
1540,0.0,0.0,0.0,0.0,0.0,0.0,0.0,0.0,0.0,0.0,0.0,0.0,0.0,0.0,0.0,0.0,0.0,0.0,0.0,0.0,0.0,0.0,0.0,0.0,0.0,0.0,0.0,0.0,0.0,0.0,0.0,0.0,0.0,0.0,0.0,0.0,0.0,0.0,0.0,0.0,0.0,0.0,0.0,0.0,0.0,0.0,0.0,0.0,0.0,0.0,0.0,0.0,0.0,0.0,0.0,0.0,0.0,0.0,0.0,0.0,0.0,0.0,0.0,0.0
1541,0.0,0.0,0.0,0.0,0.0,0.0,0.0,0.0,0.0,0.0,0.0,0.0,0.0,0.0,0.0,0.0,0.0,0.0,0.0,0.0,0.0,0.0,0.0,0.0,0.0,0.0,0.0,0.0,0.0,0.0,0.0,0.0,0.0,0.0,0.0,0.0,0.0,0.0,0.0,0.0,0.0,0.0,0.0,0.0,0.0,0.0,0.0,0.0,0.0,0.0,0.0,0.0,0.0,0.0,0.0,0.0,0.0,0.0,0.0,0.0,0.0,0.0,0.0,0.0
1542,0.0,0.0,0.0,0.0,0.0,0.0,0.0,0.0,0.0,0.0,0.0,0.0,0.0,0.0,0.0,0.0,0.0,0.0,0.0,0.0,0.0,0.0,0.0,0.0,0.0,0.0,0.0,0.0,0.0,0.0,0.0,0.0,0.0,0.0,0.0,0.0,0.0,0.0,0.0,0.0,0.0,0.0,0.0,0.0,0.0,0.0,0.0,0.0,0.0,0.0,0.0,0.0,0.0,0.0,0.0,0.0,0.0,0.0,0.0,0.0,0.0,0.0,0.0,0.0
1543,0.0,0.0,0.0,0.0,0.0,0.0,0.0,0.0,0.0,0.0,0.0,0.0,0.0,0.0,0.0,0.0,0.0,0.0,0.0,0.0,0.0,0.0,0.0,0.0,0.0,0.0,0.0,0.0,0.0,0.0,0.0,0.0,0.0,0.0,0.0,0.0,0.0,0.0,0.0,0.0,0.0,0.0,0.0,0.0,0.0,0.0,0.0,0.0,0.0,0.0,0.0,0.0,0.0,0.0,0.0,0.0,0.0,0.0,0.0,0.0,0.0,0.0,0.0,0.0
1544,0.0,0.0,0.0,0.0,0.0,0.0,0.0,0.0,0.0,0.0,0.0,0.0,0.0,0.0,0.0,0.0,0.0,0.0,0.0,0.0,0.0,0.0,0.0,0.0,0.0,0.0,0.0,0.0,0.0,0.0,0.0,0.0,0.0,0.0,0.0,0.0,0.0,0.0,0.0,0.0,0.0,0.0,0.0,0.0,0.0,0.0,0.0,0.0,0.0,0.0,0.0,0.0,0.0,0.0,0.0,0.0,0.0,0.0,0.0,0.0,0.0,0.0,0.0,0.0
1545,0.0,0.0,0.0,0.0,0.0,0.0,0.0,0.0,0.0,0.0,0.0,0.0,0.0,0.0,0.0,0.0,0.0,0.0,0.0,0.0,0.0,0.0,0.0,0.0,0.0,0.0,0.0,0.0,0.0,0.0,0.0,0.0,0.0,0.0,0.0,0.0,0.0,0.0,0.0,0.0,0.0,0.0,0.0,0.0,0.0,0.0,0.0,0.0,0.0,0.0,0.0,0.0,0.0,0.0,0.0,0.0,0.0,0.0,0.0,0.0,0.0,0.0,0.0,0.0
1546,0.0,0.0,0.0,0.0,0.0,0.0,0.0,0.0,0.0,0.0,0.0,0.0,0.0,0.0,0.0,0.0,0.0,0.0,0.0,0.0,0.0,0.0,0.0,0.0,0.0,0.0,0.0,0.0,0.0,0.0,0.0,0.0,0.0,0.0,0.0,0.0,0.0,0.0,0.0,0.0,0.0,0.0,0.0,0.0,0.0,0.0,0.0,0.0,0.0,0.0,0.0,0.0,0.0,0.0,0.0,0.0,0.0,0.0,0.0,0.0,0.0,0.0,0.0,0.0
1547,0.0,0.18,0.15,0.0,0.0,0.01,0.0,0.0,0.01,0.1,0.01,0.01,0.01,0.01,0.0,0.0,0.06,0.16,0.17,0.0,0.01,0.01,0.01,0.01,0.0,0.19,0.0,0.0,0.14,0.18,0.16,0.0,0.0,0.0,0.0,0.09,0.06,0.09,0.1,0.1,0.04,0.1,0.13,0.02,0.03,0.11,0.01,0.0,0.0,0.0,0.13,0.09,0.08,0.17,0.09,0.07,0.0,0.13,0.09,0.09,0.08,0.13,0.08,0.08
1548,0.0,0.72,0.72,0.0,0.0,0.09,0.0,0.0,0.04,0.48,0.14,0.05,0.02,0.08,0.13,0.04,0.13,0.42,0.71,0.03,0.16,0.08,0.04,0.06,0.01,0.32,0.0,0.0,0.47,0.59,0.33,0.0,0.0,0.0,0.0,0.35,0.38,0.47,0.53,0.23,0.37,0.56,0.49,0.08,0.07,0.52,0.14,0.0,0.0,0.07,0.3,0.64,0.47,0.7,0.46,0.61,0.0,0.64,0.3,0.54,0.37,0.36,0.57,0.33
1549,0.0,0.86,0.86,0.0,0.0,0.22,0.0,0.0,0.31,0.23,0.14,0.22,0.04,0.6,0.19,0.22,0.2,0.57,0.48,0.22,0.86,0.87,0.08,0.14,0.04,0.84,0.0,0.0,0.75,0.87,0.82,0.0,0.0,0.0,0.0,0.77,0.62,0.6,0.75,0.24,0.48,0.76,0.61,0.78,0.31,0.74,0.44,0.0,0.0,0.49,0.83,0.42,0.74,0.84,0.75,0.81,0.0,0.79,0.46,0.77,0.36,0.82,0.62,0.4
1550,0.0,0.79,0.87,0.0,0.0,0.64,0.0,0.0,0.35,0.14,0.4,0.21,0.08,0.68,0.24,0.26,0.22,0.4,0.58,0.31,0.56,0.9,0.38,0.87,0.14,0.74,0.0,0.0,0.78,0.64,0.62,0.0,0.0,0.0,0.0,0.82,0.78,0.79,0.8,0.78,0.74,0.8,0.65,0.85,0.85,0.81,0.62,0.0,0.0,0.58,0.82,0.8,0.82,0.84,0.83,0.83,0.0,0.82,0.69,0.82,0.64,0.82,0.88,0.53
1551,0.0,0.66,0.54,0.0,0.0,0.76,0.0,0.0,0.28,0.43,0.7,0.65,0.13,0.56,0.5,0.39,0.54,0.59,0.53,0.41,0.21,0.48,0.57,0.57,0.46,0.61,0.0,0.0,0.84,0.66,0.52,0.0,0.0,0.0,0.0,0.66,0.66,0.76,0.76,0.56,0.74,0.68,0.7,0.88,0.69,0.68,0.49,0.0,0.0,0.45,0.88,0.88,0.6,0.85,0.68,0.86,0.0,0.84,0.88,0.84,0.89,0.87,0.91,0.88
1552,0.0,0.6,0.65,0.0,0.0,0.43,0.0,0.0,0.2,0.83,0.69,0.76,0.35,0.29,0.31,0.32,0.66,0.67,0.63,0.39,0.21,0.31,0.62,0.5,0.43,0.91,0.0,0.0,0.69,0.55,0.91,0.0,0.0,0.0,0.0,0.54,0.71,0.82,0.88,0.66,0.63,0.88,0.86,0.61,0.77,0.9,0.5,0.0,0.0,0.5,0.9,0.9,0.83,0.89,0.43,0.74,0.0,0.88,0.89,0.57,0.9,0.9,0.91,0.89
1553,0.0,0.89,0.89,0.0,0.0,0.68,0.0,0.0,0.48,0.45,0.91,0.45,0.29,0.16,0.28,0.32,0.74,0.56,0.53,0.2,0.91,0.17,0.52,0.45,0.33,0.91,0.0,0.0,0.89,0.9,0.91,0.0,0.0,0.0,0.0,0.57,0.48,0.67,0.91,0.63,0.53,0.88,0.86,0.67,0.46,0.89,0.45,0.0,0.0,0.43,0.91,0.91,0.62,0.89,0.41,0.69,0.0,0.78,0.9,0.53,0.91,0.9,0.91,0.9
1554,0.0,0.87,0.41,0.0,0.0,0.25,0.0,0.0,0.87,0.71,0.86,0.28,0.19,0.08,0.29,0.4,0.72,0.36,0.27,0.1,0.33,0.08,0.49,0.37,0.15,0.89,0.0,0.0,0.87,0.88,0.88,0.0,0.0,0.0,0.0,0.39,0.34,0.63,0.9,0.56,0.29,0.9,0.9,0.48,0.3,0.9,0.23,0.0,0.0,0.18,0.89,0.88,0.35,0.74,0.36,0.36,0.0,0.44,0.88,0.24,0.88,0.89,0.9,0.88
1555,0.0,0.82,0.84,0.0,0.0,0.11,0.0,0.0,0.76,0.28,0.72,0.18,0.11,0.79,0.34,0.24,0.49,0.32,0.21,0.11,0.11,0.11,0.44,0.23,0.1,0.39,0.0,0.0,0.81,0.82,0.82,0.0,0.0,0.0,0.0,0.28,0.29,0.43,0.82,0.44,0.35,0.45,0.83,0.2,0.2,0.55,0.14,0.0,0.0,0.12,0.8,0.82,0.19,0.48,0.34,0.45,0.0,0.35,0.53,0.4,0.54,0.56,0.83,0.42
1556,0.0,0.77,0.78,0.0,0.0,0.12,0.0,0.0,0.63,0.19,0.56,0.32,0.05,0.71,0.41,0.15,0.36,0.55,0.43,0.69,0.19,0.3,0.38,0.17,0.06,0.78,0.0,0.0,0.74,0.33,0.75,0.0,0.0,0.0,0.0,0.12,0.26,0.33,0.76,0.38,0.53,0.77,0.26,0.12,0.21,0.77,0.08,0.0,0.0,0.08,0.74,0.74,0.75,0.77,0.68,0.46,0.0,0.4,0.76,0.75,0.36,0.77,0.77,0.46
1557,0.0,0.42,0.43,0.0,0.0,0.36,0.0,0.0,0.16,0.09,0.18,0.13,0.0,0.18,0.1,0.18,0.18,0.1,0.01,0.11,0.06,0.06,0.05,0.28,0.01,0.41,0.0,0.0,0.39,0.21,0.4,0.0,0.0,0.0,0.0,0.35,0.1,0.22,0.37,0.2,0.34,0.16,0.13,0.09,0.05,0.36,0.35,0.0,0.0,0.35,0.38,0.4,0.36,0.36,0.28,0.16,0.0,0.3,0.32,0.34,0.38,0.34,0.37,0.36
1558,0.0,0.0,0.0,0.0,0.0,0.0,0.0,0.0,0.0,0.0,0.0,0.0,0.0,0.0,0.0,0.0,0.0,0.0,0.0,0.0,0.0,0.0,0.0,0.0,0.0,0.0,0.0,0.0,0.0,0.0,0.0,0.0,0.0,0.0,0.0,0.0,0.0,0.0,0.0,0.0,0.0,0.0,0.0,0.0,0.0,0.0,0.0,0.0,0.0,0.0,0.0,0.0,0.0,0.0,0.0,0.0,0.0,0.0,0.0,0.0,0.0,0.0,0.0,0.0
1559,0.0,0.0,0.0,0.0,0.0,0.0,0.0,0.0,0.0,0.0,0.0,0.0,0.0,0.0,0.0,0.0,0.0,0.0,0.0,0.0,0.0,0.0,0.0,0.0,0.0,0.0,0.0,0.0,0.0,0.0,0.0,0.0,0.0,0.0,0.0,0.0,0.0,0.0,0.0,0.0,0.0,0.0,0.0,0.0,0.0,0.0,0.0,0.0,0.0,0.0,0.0,0.0,0.0,0.0,0.0,0.0,0.0,0.0,0.0,0.0,0.0,0.0,0.0,0.0
1560,0.0,0.0,0.0,0.0,0.0,0.0,0.0,0.0,0.0,0.0,0.0,0.0,0.0,0.0,0.0,0.0,0.0,0.0,0.0,0.0,0.0,0.0,0.0,0.0,0.0,0.0,0.0,0.0,0.0,0.0,0.0,0.0,0.0,0.0,0.0,0.0,0.0,0.0,0.0,0.0,0.0,0.0,0.0,0.0,0.0,0.0,0.0,0.0,0.0,0.0,0.0,0.0,0.0,0.0,0.0,0.0,0.0,0.0,0.0,0.0,0.0,0.0,0.0,0.0
1561,0.0,0.0,0.0,0.0,0.0,0.0,0.0,0.0,0.0,0.0,0.0,0.0,0.0,0.0,0.0,0.0,0.0,0.0,0.0,0.0,0.0,0.0,0.0,0.0,0.0,0.0,0.0,0.0,0.0,0.0,0.0,0.0,0.0,0.0,0.0,0.0,0.0,0.0,0.0,0.0,0.0,0.0,0.0,0.0,0.0,0.0,0.0,0.0,0.0,0.0,0.0,0.0,0.0,0.0,0.0,0.0,0.0,0.0,0.0,0.0,0.0,0.0,0.0,0.0
1562,0.0,0.0,0.0,0.0,0.0,0.0,0.0,0.0,0.0,0.0,0.0,0.0,0.0,0.0,0.0,0.0,0.0,0.0,0.0,0.0,0.0,0.0,0.0,0.0,0.0,0.0,0.0,0.0,0.0,0.0,0.0,0.0,0.0,0.0,0.0,0.0,0.0,0.0,0.0,0.0,0.0,0.0,0.0,0.0,0.0,0.0,0.0,0.0,0.0,0.0,0.0,0.0,0.0,0.0,0.0,0.0,0.0,0.0,0.0,0.0,0.0,0.0,0.0,0.0
1563,0.0,0.0,0.0,0.0,0.0,0.0,0.0,0.0,0.0,0.0,0.0,0.0,0.0,0.0,0.0,0.0,0.0,0.0,0.0,0.0,0.0,0.0,0.0,0.0,0.0,0.0,0.0,0.0,0.0,0.0,0.0,0.0,0.0,0.0,0.0,0.0,0.0,0.0,0.0,0.0,0.0,0.0,0.0,0.0,0.0,0.0,0.0,0.0,0.0,0.0,0.0,0.0,0.0,0.0,0.0,0.0,0.0,0.0,0.0,0.0,0.0,0.0,0.0,0.0
1564,0.0,0.0,0.0,0.0,0.0,0.0,0.0,0.0,0.0,0.0,0.0,0.0,0.0,0.0,0.0,0.0,0.0,0.0,0.0,0.0,0.0,0.0,0.0,0.0,0.0,0.0,0.0,0.0,0.0,0.0,0.0,0.0,0.0,0.0,0.0,0.0,0.0,0.0,0.0,0.0,0.0,0.0,0.0,0.0,0.0,0.0,0.0,0.0,0.0,0.0,0.0,0.0,0.0,0.0,0.0,0.0,0.0,0.0,0.0,0.0,0.0,0.0,0.0,0.0
1565,0.0,0.0,0.0,0.0,0.0,0.0,0.0,0.0,0.0,0.0,0.0,0.0,0.0,0.0,0.0,0.0,0.0,0.0,0.0,0.0,0.0,0.0,0.0,0.0,0.0,0.0,0.0,0.0,0.0,0.0,0.0,0.0,0.0,0.0,0.0,0.0,0.0,0.0,0.0,0.0,0.0,0.0,0.0,0.0,0.0,0.0,0.0,0.0,0.0,0.0,0.0,0.0,0.0,0.0,0.0,0.0,0.0,0.0,0.0,0.0,0.0,0.0,0.0,0.0
1566,0.0,0.0,0.0,0.0,0.0,0.0,0.0,0.0,0.0,0.0,0.0,0.0,0.0,0.0,0.0,0.0,0.0,0.0,0.0,0.0,0.0,0.0,0.0,0.0,0.0,0.0,0.0,0.0,0.0,0.0,0.0,0.0,0.0,0.0,0.0,0.0,0.0,0.0,0.0,0.0,0.0,0.0,0.0,0.0,0.0,0.0,0.0,0.0,0.0,0.0,0.0,0.0,0.0,0.0,0.0,0.0,0.0,0.0,0.0,0.0,0.0,0.0,0.0,0.0
1567,0.0,0.0,0.0,0.0,0.0,0.0,0.0,0.0,0.0,0.0,0.0,0.0,0.0,0.0,0.0,0.0,0.0,0.0,0.0,0.0,0.0,0.0,0.0,0.0,0.0,0.0,0.0,0.0,0.0,0.0,0.0,0.0,0.0,0.0,0.0,0.0,0.0,0.0,0.0,0.0,0.0,0.0,0.0,0.0,0.0,0.0,0.0,0.0,0.0,0.0,0.0,0.0,0.0,0.0,0.0,0.0,0.0,0.0,0.0,0.0,0.0,0.0,0.0,0.0
1568,0.0,0.0,0.0,0.0,0.0,0.0,0.0,0.0,0.0,0.0,0.0,0.0,0.0,0.0,0.0,0.0,0.0,0.0,0.0,0.0,0.0,0.0,0.0,0.0,0.0,0.0,0.0,0.0,0.0,0.0,0.0,0.0,0.0,0.0,0.0,0.0,0.0,0.0,0.0,0.0,0.0,0.0,0.0,0.0,0.0,0.0,0.0,0.0,0.0,0.0,0.0,0.0,0.0,0.0,0.0,0.0,0.0,0.0,0.0,0.0,0.0,0.0,0.0,0.0
1569,0.0,0.0,0.0,0.0,0.0,0.0,0.0,0.0,0.0,0.0,0.0,0.0,0.0,0.0,0.0,0.0,0.0,0.0,0.0,0.0,0.0,0.0,0.0,0.0,0.0,0.0,0.0,0.0,0.0,0.0,0.0,0.0,0.0,0.0,0.0,0.0,0.0,0.0,0.0,0.0,0.0,0.0,0.0,0.0,0.0,0.0,0.0,0.0,0.0,0.0,0.0,0.0,0.0,0.0,0.0,0.0,0.0,0.0,0.0,0.0,0.0,0.0,0.0,0.0
1570,0.0,0.0,0.0,0.0,0.0,0.0,0.0,0.0,0.0,0.0,0.0,0.0,0.0,0.0,0.0,0.0,0.0,0.0,0.0,0.0,0.0,0.0,0.0,0.0,0.0,0.0,0.0,0.0,0.0,0.0,0.0,0.0,0.0,0.0,0.0,0.0,0.0,0.0,0.0,0.0,0.0,0.0,0.0,0.0,0.0,0.0,0.0,0.0,0.0,0.0,0.0,0.0,0.0,0.0,0.0,0.0,0.0,0.0,0.0,0.0,0.0,0.0,0.0,0.0
1571,0.0,0.34,0.34,0.0,0.0,0.38,0.0,0.0,0.44,0.37,0.43,0.45,0.53,0.43,0.45,0.42,0.44,0.14,0.49,0.43,0.41,0.45,0.53,0.43,0.43,0.1,0.0,0.0,0.35,0.34,0.35,0.0,0.0,0.0,0.0,0.38,0.42,0.43,0.21,0.43,0.42,0.4,0.4,0.43,0.43,0.39,0.39,0.0,0.0,0.4,0.34,0.32,0.1,0.3,0.35,0.3,0.0,0.32,0.35,0.33,0.34,0.34,0.34,0.35
1572,0.0,0.76,0.76,0.0,0.0,0.74,0.0,0.0,0.77,0.74,0.76,0.82,0.81,0.77,0.78,0.78,0.48,0.28,0.81,0.77,0.53,0.75,0.79,0.78,0.78,0.06,0.0,0.0,0.3,0.37,0.06,0.0,0.0,0.0,0.0,0.75,0.77,0.81,0.77,0.81,0.81,0.78,0.78,0.78,0.77,0.78,0.74,0.0,0.0,0.75,0.76,0.38,0.76,0.72,0.75,0.24,0.0,0.75,0.77,0.76,0.76,0.76,0.18,0.77
1573,0.0,0.87,0.87,0.0,0.0,0.83,0.0,0.0,0.88,0.86,0.87,0.91,0.88,0.89,0.89,0.89,0.91,0.24,0.55,0.87,0.8,0.89,0.88,0.87,0.86,0.34,0.0,0.0,0.54,0.42,0.31,0.0,0.0,0.0,0.0,0.86,0.88,0.91,0.88,0.91,0.91,0.89,0.89,0.88,0.87,0.89,0.83,0.0,0.0,0.83,0.86,0.84,0.88,0.21,0.89,0.42,0.0,0.22,0.87,0.86,0.87,0.86,0.23,0.87
1574,0.0,0.62,0.89,0.0,0.0,0.84,0.0,0.0,0.89,0.9,0.88,0.91,0.9,0.91,0.91,0.9,0.91,0.88,0.88,0.88,0.85,0.91,0.9,0.87,0.87,0.32,0.0,0.0,0.55,0.47,0.55,0.0,0.0,0.0,0.0,0.74,0.9,0.91,0.64,0.91,0.91,0.9,0.89,0.89,0.89,0.91,0.85,0.0,0.0,0.86,0.9,0.35,0.25,0.39,0.9,0.39,0.0,0.91,0.89,0.49,0.82,0.84,0.32,0.91
1575,0.0,0.51,0.78,0.0,0.0,0.89,0.0,0.0,0.91,0.75,0.9,0.91,0.91,0.91,0.76,0.91,0.91,0.91,0.91,0.9,0.89,0.91,0.91,0.91,0.88,0.47,0.0,0.0,0.69,0.49,0.61,0.0,0.0,0.0,0.0,0.82,0.91,0.91,0.52,0.91,0.29,0.51,0.83,0.91,0.91,0.72,0.89,0.0,0.0,0.89,0.91,0.49,0.48,0.91,0.78,0.91,0.0,0.91,0.91,0.6,0.48,0.91,0.67,0.91
1576,0.0,0.68,0.86,0.0,0.0,0.9,0.0,0.0,0.91,0.76,0.73,0.91,0.6,0.91,0.61,0.91,0.75,0.91,0.91,0.9,0.87,0.77,0.7,0.47,0.58,0.55,0.0,0.0,0.91,0.86,0.74,0.0,0.0,0.0,0.0,0.91,0.91,0.68,0.79,0.91,0.62,0.65,0.73,0.64,0.46,0.73,0.91,0.0,0.0,0.9,0.91,0.44,0.82,0.91,0.59,0.91,0.0,0.91,0.91,0.91,0.91,0.91,0.67,0.91
1577,0.0,0.86,0.91,0.0,0.0,0.91,0.0,0.0,0.57,0.85,0.89,0.91,0.57,0.59,0.63,0.91,0.8,0.91,0.91,0.91,0.81,0.83,0.74,0.91,0.9,0.68,0.0,0.0,0.91,0.78,0.87,0.0,0.0,0.0,0.0,0.91,0.91,0.91,0.65,0.91,0.91,0.6,0.68,0.55,0.66,0.65,0.91,0.0,0.0,0.91,0.91,0.75,0.91,0.91,0.78,0.91,0.0,0.91,0.91,0.91,0.91,0.91,0.74,0.91
1578,0.0,0.91,0.91,0.0,0.0,0.89,0.0,0.0,0.87,0.65,0.85,0.91,0.91,0.62,0.91,0.88,0.91,0.9,0.91,0.88,0.9,0.62,0.9,0.9,0.6,0.91,0.0,0.0,0.91,0.74,0.91,0.0,0.0,0.0,0.0,0.91,0.91,0.91,0.91,0.91,0.91,0.91,0.91,0.91,0.91,0.91,0.89,0.0,0.0,0.89,0.91,0.68,0.91,0.91,0.86,0.91,0.0,0.91,0.91,0.91,0.91,0.91,0.91,0.91
1579,0.0,0.85,0.86,0.0,0.0,0.85,0.0,0.0,0.8,0.2,0.83,0.87,0.57,0.83,0.84,0.6,0.88,0.81,0.46,0.8,0.82,0.84,0.84,0.86,0.83,0.88,0.0,0.0,0.88,0.86,0.87,0.0,0.0,0.0,0.0,0.87,0.86,0.88,0.88,0.89,0.9,0.89,0.87,0.86,0.86,0.89,0.85,0.0,0.0,0.85,0.87,0.9,0.89,0.88,0.44,0.88,0.0,0.88,0.87,0.89,0.9,0.88,0.9,0.89
1580,0.0,0.78,0.79,0.0,0.0,0.76,0.0,0.0,0.75,0.14,0.74,0.78,0.15,0.72,0.72,0.72,0.79,0.7,0.41,0.73,0.24,0.52,0.72,0.76,0.75,0.8,0.0,0.0,0.79,0.78,0.79,0.0,0.0,0.0,0.0,0.79,0.77,0.79,0.8,0.8,0.8,0.8,0.79,0.77,0.77,0.81,0.77,0.0,0.0,0.76,0.8,0.82,0.8,0.8,0.8,0.8,0.0,0.8,0.8,0.8,0.82,0.81,0.82,0.81
1581,0.0,0.45,0.46,0.0,0.0,0.41,0.0,0.0,0.33,0.24,0.34,0.34,0.16,0.29,0.29,0.3,0.37,0.18,0.01,0.3,0.02,0.27,0.02,0.37,0.35,0.46,0.0,0.0,0.44,0.45,0.45,0.0,0.0,0.0,0.0,0.43,0.39,0.4,0.43,0.4,0.42,0.43,0.42,0.38,0.38,0.43,0.41,0.0,0.0,0.4,0.45,0.46,0.44,0.45,0.04,0.45,0.0,0.45,0.45,0.16,0.46,0.46,0.46,0.45
1582,0.0,0.0,0.0,0.0,0.0,0.0,0.0,0.0,0.0,0.0,0.0,0.0,0.0,0.0,0.0,0.0,0.0,0.0,0.0,0.0,0.0,0.0,0.0,0.0,0.0,0.0,0.0,0.0,0.0,0.0,0.0,0.0,0.0,0.0,0.0,0.0,0.0,0.0,0.0,0.0,0.0,0.0,0.0,0.0,0.0,0.0,0.0,0.0,0.0,0.0,0.0,0.0,0.0,0.0,0.0,0.0,0.0,0.0,0.0,0.0,0.0,0.0,0.0,0.0
1583,0.0,0.0,0.0,0.0,0.0,0.0,0.0,0.0,0.0,0.0,0.0,0.0,0.0,0.0,0.0,0.0,0.0,0.0,0.0,0.0,0.0,0.0,0.0,0.0,0.0,0.0,0.0,0.0,0.0,0.0,0.0,0.0,0.0,0.0,0.0,0.0,0.0,0.0,0.0,0.0,0.0,0.0,0.0,0.0,0.0,0.0,0.0,0.0,0.0,0.0,0.0,0.0,0.0,0.0,0.0,0.0,0.0,0.0,0.0,0.0,0.0,0.0,0.0,0.0
1584,0.0,0.0,0.0,0.0,0.0,0.0,0.0,0.0,0.0,0.0,0.0,0.0,0.0,0.0,0.0,0.0,0.0,0.0,0.0,0.0,0.0,0.0,0.0,0.0,0.0,0.0,0.0,0.0,0.0,0.0,0.0,0.0,0.0,0.0,0.0,0.0,0.0,0.0,0.0,0.0,0.0,0.0,0.0,0.0,0.0,0.0,0.0,0.0,0.0,0.0,0.0,0.0,0.0,0.0,0.0,0.0,0.0,0.0,0.0,0.0,0.0,0.0,0.0,0.0
1585,0.0,0.0,0.0,0.0,0.0,0.0,0.0,0.0,0.0,0.0,0.0,0.0,0.0,0.0,0.0,0.0,0.0,0.0,0.0,0.0,0.0,0.0,0.0,0.0,0.0,0.0,0.0,0.0,0.0,0.0,0.0,0.0,0.0,0.0,0.0,0.0,0.0,0.0,0.0,0.0,0.0,0.0,0.0,0.0,0.0,0.0,0.0,0.0,0.0,0.0,0.0,0.0,0.0,0.0,0.0,0.0,0.0,0.0,0.0,0.0,0.0,0.0,0.0,0.0
1586,0.0,0.0,0.0,0.0,0.0,0.0,0.0,0.0,0.0,0.0,0.0,0.0,0.0,0.0,0.0,0.0,0.0,0.0,0.0,0.0,0.0,0.0,0.0,0.0,0.0,0.0,0.0,0.0,0.0,0.0,0.0,0.0,0.0,0.0,0.0,0.0,0.0,0.0,0.0,0.0,0.0,0.0,0.0,0.0,0.0,0.0,0.0,0.0,0.0,0.0,0.0,0.0,0.0,0.0,0.0,0.0,0.0,0.0,0.0,0.0,0.0,0.0,0.0,0.0
1587,0.0,0.0,0.0,0.0,0.0,0.0,0.0,0.0,0.0,0.0,0.0,0.0,0.0,0.0,0.0,0.0,0.0,0.0,0.0,0.0,0.0,0.0,0.0,0.0,0.0,0.0,0.0,0.0,0.0,0.0,0.0,0.0,0.0,0.0,0.0,0.0,0.0,0.0,0.0,0.0,0.0,0.0,0.0,0.0,0.0,0.0,0.0,0.0,0.0,0.0,0.0,0.0,0.0,0.0,0.0,0.0,0.0,0.0,0.0,0.0,0.0,0.0,0.0,0.0
1588,0.0,0.0,0.0,0.0,0.0,0.0,0.0,0.0,0.0,0.0,0.0,0.0,0.0,0.0,0.0,0.0,0.0,0.0,0.0,0.0,0.0,0.0,0.0,0.0,0.0,0.0,0.0,0.0,0.0,0.0,0.0,0.0,0.0,0.0,0.0,0.0,0.0,0.0,0.0,0.0,0.0,0.0,0.0,0.0,0.0,0.0,0.0,0.0,0.0,0.0,0.0,0.0,0.0,0.0,0.0,0.0,0.0,0.0,0.0,0.0,0.0,0.0,0.0,0.0
1589,0.0,0.0,0.0,0.0,0.0,0.0,0.0,0.0,0.0,0.0,0.0,0.0,0.0,0.0,0.0,0.0,0.0,0.0,0.0,0.0,0.0,0.0,0.0,0.0,0.0,0.0,0.0,0.0,0.0,0.0,0.0,0.0,0.0,0.0,0.0,0.0,0.0,0.0,0.0,0.0,0.0,0.0,0.0,0.0,0.0,0.0,0.0,0.0,0.0,0.0,0.0,0.0,0.0,0.0,0.0,0.0,0.0,0.0,0.0,0.0,0.0,0.0,0.0,0.0
1590,0.0,0.0,0.0,0.0,0.0,0.0,0.0,0.0,0.0,0.0,0.0,0.0,0.0,0.0,0.0,0.0,0.0,0.0,0.0,0.0,0.0,0.0,0.0,0.0,0.0,0.0,0.0,0.0,0.0,0.0,0.0,0.0,0.0,0.0,0.0,0.0,0.0,0.0,0.0,0.0,0.0,0.0,0.0,0.0,0.0,0.0,0.0,0.0,0.0,0.0,0.0,0.0,0.0,0.0,0.0,0.0,0.0,0.0,0.0,0.0,0.0,0.0,0.0,0.0
1591,0.0,0.0,0.0,0.0,0.0,0.0,0.0,0.0,0.0,0.0,0.0,0.0,0.0,0.0,0.0,0.0,0.0,0.0,0.0,0.0,0.0,0.0,0.0,0.0,0.0,0.0,0.0,0.0,0.0,0.0,0.0,0.0,0.0,0.0,0.0,0.0,0.0,0.0,0.0,0.0,0.0,0.0,0.0,0.0,0.0,0.0,0.0,0.0,0.0,0.0,0.0,0.0,0.0,0.0,0.0,0.0,0.0,0.0,0.0,0.0,0.0,0.0,0.0,0.0
1592,0.0,0.0,0.0,0.0,0.0,0.0,0.0,0.0,0.0,0.0,0.0,0.0,0.0,0.0,0.0,0.0,0.0,0.0,0.0,0.0,0.0,0.0,0.0,0.0,0.0,0.0,0.0,0.0,0.0,0.0,0.0,0.0,0.0,0.0,0.0,0.0,0.0,0.0,0.0,0.0,0.0,0.0,0.0,0.0,0.0,0.0,0.0,0.0,0.0,0.0,0.0,0.0,0.0,0.0,0.0,0.0,0.0,0.0,0.0,0.0,0.0,0.0,0.0,0.0
1593,0.0,0.0,0.0,0.0,0.0,0.0,0.0,0.0,0.0,0.0,0.0,0.0,0.0,0.0,0.0,0.0,0.0,0.0,0.0,0.0,0.0,0.0,0.0,0.0,0.0,0.0,0.0,0.0,0.0,0.0,0.0,0.0,0.0,0.0,0.0,0.0,0.0,0.0,0.0,0.0,0.0,0.0,0.0,0.0,0.0,0.0,0.0,0.0,0.0,0.0,0.0,0.0,0.0,0.0,0.0,0.0,0.0,0.0,0.0,0.0,0.0,0.0,0.0,0.0
1594,0.0,0.0,0.0,0.0,0.0,0.0,0.0,0.0,0.0,0.0,0.0,0.0,0.0,0.0,0.0,0.0,0.0,0.0,0.0,0.0,0.0,0.0,0.0,0.0,0.0,0.0,0.0,0.0,0.0,0.0,0.0,0.0,0.0,0.0,0.0,0.0,0.0,0.0,0.0,0.0,0.0,0.0,0.0,0.0,0.0,0.0,0.0,0.0,0.0,0.0,0.0,0.0,0.0,0.0,0.0,0.0,0.0,0.0,0.0,0.0,0.0,0.0,0.0,0.0
1595,0.0,0.27,0.31,0.0,0.0,0.3,0.0,0.0,0.27,0.51,0.38,0.44,0.57,0.4,0.5,0.47,0.39,0.55,0.54,0.3,0.25,0.43,0.43,0.44,0.17,0.36,0.0,0.0,0.32,0.29,0.36,0.0,0.0,0.0,0.0,0.39,0.37,0.41,0.33,0.39,0.38,0.38,0.32,0.42,0.42,0.3,0.35,0.0,0.0,0.33,0.2,0.28,0.24,0.21,0.26,0.27,0.0,0.25,0.2,0.27,0.22,0.21,0.16,0.21
1596,0.0,0.61,0.63,0.0,0.0,0.59,0.0,0.0,0.64,0.72,0.65,0.66,0.73,0.58,0.66,0.64,0.67,0.75,0.75,0.56,0.72,0.58,0.73,0.64,0.4,0.6,0.0,0.0,0.59,0.61,0.62,0.0,0.0,0.0,0.0,0.45,0.58,0.63,0.5,0.64,0.58,0.59,0.48,0.65,0.61,0.47,0.6,0.0,0.0,0.6,0.4,0.48,0.55,0.36,0.55,0.52,0.0,0.38,0.41,0.63,0.44,0.36,0.25,0.42
1597,0.0,0.78,0.8,0.0,0.0,0.67,0.0,0.0,0.74,0.85,0.71,0.59,0.85,0.76,0.74,0.76,0.81,0.86,0.87,0.77,0.84,0.78,0.84,0.75,0.58,0.79,0.0,0.0,0.73,0.78,0.78,0.0,0.0,0.0,0.0,0.77,0.6,0.68,0.73,0.72,0.72,0.73,0.68,0.7,0.72,0.71,0.66,0.0,0.0,0.67,0.67,0.72,0.7,0.57,0.81,0.45,0.0,0.7,0.66,0.68,0.7,0.66,0.72,0.67
1598,0.0,0.82,0.84,0.0,0.0,0.81,0.0,0.0,0.72,0.86,0.74,0.59,0.86,0.81,0.79,0.77,0.73,0.88,0.89,0.77,0.85,0.81,0.86,0.7,0.7,0.84,0.0,0.0,0.77,0.82,0.82,0.0,0.0,0.0,0.0,0.8,0.67,0.72,0.8,0.74,0.73,0.8,0.78,0.77,0.69,0.82,0.82,0.0,0.0,0.8,0.71,0.72,0.81,0.69,0.5,0.29,0.0,0.72,0.73,0.78,0.71,0.7,0.72,0.72
1599,0.0,0.86,0.88,0.0,0.0,0.83,0.0,0.0,0.78,0.89,0.77,0.71,0.87,0.79,0.83,0.8,0.84,0.89,0.91,0.78,0.86,0.82,0.88,0.77,0.77,0.89,0.0,0.0,0.84,0.87,0.86,0.0,0.0,0.0,0.0,0.85,0.84,0.75,0.83,0.77,0.87,0.83,0.81,0.83,0.76,0.86,0.84,0.0,0.0,0.84,0.87,0.88,0.86,0.84,0.38,0.38,0.0,0.83,0.82,0.85,0.85,0.86,0.89,0.85
1600,0.0,0.86,0.88,0.0,0.0,0.84,0.0,0.0,0.79,0.89,0.78,0.8,0.86,0.82,0.84,0.82,0.81,0.88,0.9,0.81,0.83,0.8,0.87,0.84,0.83,0.89,0.0,0.0,0.86,0.86,0.87,0.0,0.0,0.0,0.0,0.88,0.85,0.82,0.87,0.87,0.88,0.86,0.85,0.85,0.85,0.88,0.84,0.0,0.0,0.84,0.89,0.9,0.86,0.87,0.7,0.74,0.0,0.88,0.88,0.88,0.88,0.9,0.9,0.87
1601,0.0,0.86,0.87,0.0,0.0,0.84,0.0,0.0,0.81,0.86,0.85,0.57,0.8,0.82,0.82,0.8,0.87,0.86,0.89,0.78,0.84,0.81,0.85,0.77,0.84,0.87,0.0,0.0,0.86,0.86,0.86,0.0,0.0,0.0,0.0,0.87,0.81,0.84,0.88,0.83,0.88,0.87,0.86,0.85,0.78,0.89,0.85,0.0,0.0,0.84,0.9,0.9,0.88,0.89,0.89,0.82,0.0,0.86,0.88,0.87,0.89,0.9,0.9,0.88
1602,0.0,0.8,0.76,0.0,0.0,0.82,0.0,0.0,0.82,0.81,0.82,0.83,0.66,0.75,0.73,0.76,0.85,0.8,0.84,0.81,0.85,0.75,0.79,0.83,0.82,0.82,0.0,0.0,0.83,0.81,0.81,0.0,0.0,0.0,0.0,0.83,0.84,0.81,0.85,0.83,0.87,0.85,0.7,0.84,0.83,0.86,0.83,0.0,0.0,0.83,0.76,0.82,0.84,0.86,0.84,0.83,0.0,0.85,0.83,0.82,0.82,0.83,0.84,0.82
1603,0.0,0.11,0.18,0.0,0.0,0.77,0.0,0.0,0.8,0.77,0.81,0.81,0.58,0.75,0.77,0.81,0.79,0.79,0.77,0.81,0.82,0.67,0.8,0.81,0.81,0.18,0.0,0.0,0.78,0.08,0.29,0.0,0.0,0.0,0.0,0.77,0.83,0.82,0.8,0.83,0.85,0.8,0.44,0.81,0.82,0.78,0.77,0.0,0.0,0.79,0.86,0.8,0.81,0.49,0.8,0.78,0.0,0.57,0.84,0.81,0.85,0.82,0.8,0.85
1604,0.0,0.02,0.03,0.0,0.0,0.28,0.0,0.0,0.68,0.61,0.68,0.65,0.45,0.66,0.67,0.68,0.26,0.46,0.5,0.68,0.65,0.63,0.49,0.68,0.48,0.04,0.0,0.0,0.03,0.03,0.05,0.0,0.0,0.0,0.0,0.51,0.69,0.7,0.43,0.66,0.72,0.41,0.25,0.68,0.69,0.34,0.32,0.0,0.0,0.2,0.66,0.25,0.32,0.65,0.66,0.56,0.0,0.68,0.69,0.33,0.66,0.67,0.08,0.68
1605,0.0,0.0,0.01,0.0,0.0,0.02,0.0,0.0,0.16,0.28,0.35,0.3,0.14,0.28,0.29,0.3,0.28,0.2,0.23,0.32,0.27,0.28,0.15,0.34,0.2,0.01,0.0,0.0,0.01,0.0,0.01,0.0,0.0,0.0,0.0,0.08,0.21,0.18,0.02,0.08,0.2,0.01,0.11,0.18,0.35,0.02,0.01,0.0,0.0,0.01,0.11,0.07,0.37,0.28,0.19,0.27,0.0,0.24,0.15,0.3,0.07,0.21,0.02,0.1
1606,0.0,0.0,0.0,0.0,0.0,0.0,0.0,0.0,0.0,0.0,0.0,0.0,0.0,0.0,0.0,0.0,0.0,0.0,0.0,0.0,0.0,0.0,0.0,0.0,0.0,0.0,0.0,0.0,0.0,0.0,0.0,0.0,0.0,0.0,0.0,0.0,0.0,0.0,0.0,0.0,0.0,0.0,0.0,0.0,0.0,0.0,0.0,0.0,0.0,0.0,0.0,0.0,0.0,0.0,0.0,0.0,0.0,0.0,0.0,0.0,0.0,0.0,0.0,0.0
1607,0.0,0.0,0.0,0.0,0.0,0.0,0.0,0.0,0.0,0.0,0.0,0.0,0.0,0.0,0.0,0.0,0.0,0.0,0.0,0.0,0.0,0.0,0.0,0.0,0.0,0.0,0.0,0.0,0.0,0.0,0.0,0.0,0.0,0.0,0.0,0.0,0.0,0.0,0.0,0.0,0.0,0.0,0.0,0.0,0.0,0.0,0.0,0.0,0.0,0.0,0.0,0.0,0.0,0.0,0.0,0.0,0.0,0.0,0.0,0.0,0.0,0.0,0.0,0.0
1608,0.0,0.0,0.0,0.0,0.0,0.0,0.0,0.0,0.0,0.0,0.0,0.0,0.0,0.0,0.0,0.0,0.0,0.0,0.0,0.0,0.0,0.0,0.0,0.0,0.0,0.0,0.0,0.0,0.0,0.0,0.0,0.0,0.0,0.0,0.0,0.0,0.0,0.0,0.0,0.0,0.0,0.0,0.0,0.0,0.0,0.0,0.0,0.0,0.0,0.0,0.0,0.0,0.0,0.0,0.0,0.0,0.0,0.0,0.0,0.0,0.0,0.0,0.0,0.0
1609,0.0,0.0,0.0,0.0,0.0,0.0,0.0,0.0,0.0,0.0,0.0,0.0,0.0,0.0,0.0,0.0,0.0,0.0,0.0,0.0,0.0,0.0,0.0,0.0,0.0,0.0,0.0,0.0,0.0,0.0,0.0,0.0,0.0,0.0,0.0,0.0,0.0,0.0,0.0,0.0,0.0,0.0,0.0,0.0,0.0,0.0,0.0,0.0,0.0,0.0,0.0,0.0,0.0,0.0,0.0,0.0,0.0,0.0,0.0,0.0,0.0,0.0,0.0,0.0
1610,0.0,0.0,0.0,0.0,0.0,0.0,0.0,0.0,0.0,0.0,0.0,0.0,0.0,0.0,0.0,0.0,0.0,0.0,0.0,0.0,0.0,0.0,0.0,0.0,0.0,0.0,0.0,0.0,0.0,0.0,0.0,0.0,0.0,0.0,0.0,0.0,0.0,0.0,0.0,0.0,0.0,0.0,0.0,0.0,0.0,0.0,0.0,0.0,0.0,0.0,0.0,0.0,0.0,0.0,0.0,0.0,0.0,0.0,0.0,0.0,0.0,0.0,0.0,0.0
1611,0.0,0.0,0.0,0.0,0.0,0.0,0.0,0.0,0.0,0.0,0.0,0.0,0.0,0.0,0.0,0.0,0.0,0.0,0.0,0.0,0.0,0.0,0.0,0.0,0.0,0.0,0.0,0.0,0.0,0.0,0.0,0.0,0.0,0.0,0.0,0.0,0.0,0.0,0.0,0.0,0.0,0.0,0.0,0.0,0.0,0.0,0.0,0.0,0.0,0.0,0.0,0.0,0.0,0.0,0.0,0.0,0.0,0.0,0.0,0.0,0.0,0.0,0.0,0.0
1612,0.0,0.0,0.0,0.0,0.0,0.0,0.0,0.0,0.0,0.0,0.0,0.0,0.0,0.0,0.0,0.0,0.0,0.0,0.0,0.0,0.0,0.0,0.0,0.0,0.0,0.0,0.0,0.0,0.0,0.0,0.0,0.0,0.0,0.0,0.0,0.0,0.0,0.0,0.0,0.0,0.0,0.0,0.0,0.0,0.0,0.0,0.0,0.0,0.0,0.0,0.0,0.0,0.0,0.0,0.0,0.0,0.0,0.0,0.0,0.0,0.0,0.0,0.0,0.0
1613,0.0,0.0,0.0,0.0,0.0,0.0,0.0,0.0,0.0,0.0,0.0,0.0,0.0,0.0,0.0,0.0,0.0,0.0,0.0,0.0,0.0,0.0,0.0,0.0,0.0,0.0,0.0,0.0,0.0,0.0,0.0,0.0,0.0,0.0,0.0,0.0,0.0,0.0,0.0,0.0,0.0,0.0,0.0,0.0,0.0,0.0,0.0,0.0,0.0,0.0,0.0,0.0,0.0,0.0,0.0,0.0,0.0,0.0,0.0,0.0,0.0,0.0,0.0,0.0
1614,0.0,0.0,0.0,0.0,0.0,0.0,0.0,0.0,0.0,0.0,0.0,0.0,0.0,0.0,0.0,0.0,0.0,0.0,0.0,0.0,0.0,0.0,0.0,0.0,0.0,0.0,0.0,0.0,0.0,0.0,0.0,0.0,0.0,0.0,0.0,0.0,0.0,0.0,0.0,0.0,0.0,0.0,0.0,0.0,0.0,0.0,0.0,0.0,0.0,0.0,0.0,0.0,0.0,0.0,0.0,0.0,0.0,0.0,0.0,0.0,0.0,0.0,0.0,0.0
1615,0.0,0.0,0.0,0.0,0.0,0.0,0.0,0.0,0.0,0.0,0.0,0.0,0.0,0.0,0.0,0.0,0.0,0.0,0.0,0.0,0.0,0.0,0.0,0.0,0.0,0.0,0.0,0.0,0.0,0.0,0.0,0.0,0.0,0.0,0.0,0.0,0.0,0.0,0.0,0.0,0.0,0.0,0.0,0.0,0.0,0.0,0.0,0.0,0.0,0.0,0.0,0.0,0.0,0.0,0.0,0.0,0.0,0.0,0.0,0.0,0.0,0.0,0.0,0.0
1616,0.0,0.0,0.0,0.0,0.0,0.0,0.0,0.0,0.0,0.0,0.0,0.0,0.0,0.0,0.0,0.0,0.0,0.0,0.0,0.0,0.0,0.0,0.0,0.0,0.0,0.0,0.0,0.0,0.0,0.0,0.0,0.0,0.0,0.0,0.0,0.0,0.0,0.0,0.0,0.0,0.0,0.0,0.0,0.0,0.0,0.0,0.0,0.0,0.0,0.0,0.0,0.0,0.0,0.0,0.0,0.0,0.0,0.0,0.0,0.0,0.0,0.0,0.0,0.0
1617,0.0,0.0,0.0,0.0,0.0,0.0,0.0,0.0,0.0,0.0,0.0,0.0,0.0,0.0,0.0,0.0,0.0,0.0,0.0,0.0,0.0,0.0,0.0,0.0,0.0,0.0,0.0,0.0,0.0,0.0,0.0,0.0,0.0,0.0,0.0,0.0,0.0,0.0,0.0,0.0,0.0,0.0,0.0,0.0,0.0,0.0,0.0,0.0,0.0,0.0,0.0,0.0,0.0,0.0,0.0,0.0,0.0,0.0,0.0,0.0,0.0,0.0,0.0,0.0
1618,0.0,0.0,0.0,0.0,0.0,0.0,0.0,0.0,0.0,0.0,0.0,0.0,0.0,0.0,0.0,0.0,0.0,0.0,0.0,0.0,0.0,0.0,0.0,0.0,0.0,0.0,0.0,0.0,0.0,0.0,0.0,0.0,0.0,0.0,0.0,0.0,0.0,0.0,0.0,0.0,0.0,0.0,0.0,0.0,0.0,0.0,0.0,0.0,0.0,0.0,0.0,0.0,0.0,0.0,0.0,0.0,0.0,0.0,0.0,0.0,0.0,0.0,0.0,0.0
1619,0.0,0.05,0.03,0.0,0.0,0.01,0.0,0.0,0.0,0.14,0.0,0.01,0.14,0.01,0.01,0.02,0.01,0.16,0.14,0.0,0.11,0.01,0.2,0.0,0.02,0.04,0.0,0.0,0.2,0.06,0.06,0.0,0.0,0.0,0.0,0.07,0.01,0.0,0.06,0.0,0.01,0.07,0.09,0.02,0.01,0.06,0.01,0.0,0.0,0.01,0.01,0.03,0.01,0.02,0.0,0.08,0.0,0.01,0.25,0.01,0.06,0.01,0.13,0.08
1620,0.0,0.22,0.17,0.0,0.0,0.04,0.0,0.0,0.02,0.6,0.01,0.04,0.38,0.05,0.3,0.03,0.04,0.46,0.49,0.02,0.41,0.05,0.5,0.02,0.05,0.32,0.0,0.0,0.38,0.31,0.43,0.0,0.0,0.0,0.0,0.52,0.05,0.04,0.33,0.07,0.04,0.39,0.21,0.06,0.02,0.34,0.04,0.0,0.0,0.03,0.13,0.28,0.08,0.2,0.03,0.22,0.0,0.06,0.72,0.07,0.51,0.16,0.37,0.71
1621,0.0,0.55,0.5,0.0,0.0,0.08,0.0,0.0,0.04,0.85,0.04,0.09,0.59,0.09,0.11,0.06,0.12,0.66,0.64,0.04,0.74,0.13,0.68,0.03,0.2,0.72,0.0,0.0,0.61,0.65,0.72,0.0,0.0,0.0,0.0,0.68,0.09,0.09,0.56,0.13,0.06,0.4,0.25,0.1,0.03,0.55,0.1,0.0,0.0,0.08,0.85,0.74,0.18,0.31,0.06,0.16,0.0,0.1,0.84,0.13,0.84,0.85,0.64,0.84
1622,0.0,0.67,0.68,0.0,0.0,0.23,0.0,0.0,0.06,0.49,0.07,0.15,0.66,0.14,0.11,0.11,0.21,0.75,0.76,0.09,0.81,0.17,0.75,0.04,0.16,0.73,0.0,0.0,0.72,0.62,0.75,0.0,0.0,0.0,0.0,0.84,0.1,0.14,0.79,0.21,0.09,0.75,0.49,0.09,0.04,0.74,0.3,0.0,0.0,0.19,0.86,0.81,0.18,0.55,0.1,0.3,0.0,0.17,0.86,0.21,0.85,0.86,0.74,0.86
1623,0.0,0.77,0.87,0.0,0.0,0.24,0.0,0.0,0.1,0.82,0.09,0.18,0.77,0.28,0.64,0.17,0.14,0.7,0.83,0.08,0.68,0.19,0.8,0.07,0.18,0.82,0.0,0.0,0.79,0.78,0.79,0.0,0.0,0.0,0.0,0.88,0.12,0.15,0.86,0.19,0.12,0.83,0.83,0.08,0.11,0.84,0.3,0.0,0.0,0.31,0.89,0.87,0.21,0.87,0.18,0.42,0.0,0.69,0.9,0.35,0.88,0.89,0.87,0.89
1624,0.0,0.87,0.89,0.0,0.0,0.86,0.0,0.0,0.1,0.82,0.12,0.14,0.76,0.32,0.7,0.36,0.12,0.68,0.84,0.1,0.82,0.42,0.82,0.1,0.3,0.91,0.0,0.0,0.85,0.87,0.86,0.0,0.0,0.0,0.0,0.88,0.18,0.19,0.86,0.16,0.2,0.84,0.86,0.14,0.11,0.85,0.71,0.0,0.0,0.4,0.9,0.9,0.29,0.87,0.19,0.9,0.0,0.87,0.9,0.39,0.89,0.9,0.91,0.89
1625,0.0,0.41,0.46,0.0,0.0,0.87,0.0,0.0,0.14,0.8,0.1,0.24,0.78,0.67,0.63,0.28,0.09,0.73,0.78,0.25,0.84,0.7,0.79,0.16,0.81,0.53,0.0,0.0,0.89,0.4,0.89,0.0,0.0,0.0,0.0,0.87,0.19,0.21,0.85,0.19,0.3,0.81,0.86,0.13,0.14,0.85,0.85,0.0,0.0,0.8,0.88,0.9,0.28,0.86,0.16,0.89,0.0,0.82,0.88,0.58,0.86,0.88,0.91,0.86
1626,0.0,0.18,0.17,0.0,0.0,0.85,0.0,0.0,0.12,0.71,0.08,0.11,0.8,0.64,0.6,0.51,0.12,0.73,0.7,0.31,0.8,0.6,0.74,0.18,0.43,0.3,0.0,0.0,0.83,0.24,0.87,0.0,0.0,0.0,0.0,0.85,0.25,0.17,0.82,0.14,0.15,0.79,0.82,0.14,0.1,0.84,0.86,0.0,0.0,0.85,0.81,0.69,0.37,0.85,0.14,0.88,0.0,0.84,0.86,0.87,0.87,0.86,0.9,0.81
1627,0.0,0.88,0.31,0.0,0.0,0.83,0.0,0.0,0.06,0.68,0.07,0.08,0.78,0.31,0.42,0.35,0.12,0.63,0.61,0.44,0.73,0.54,0.72,0.06,0.17,0.36,0.0,0.0,0.54,0.89,0.86,0.0,0.0,0.0,0.0,0.76,0.74,0.14,0.83,0.12,0.28,0.8,0.8,0.12,0.05,0.82,0.83,0.0,0.0,0.85,0.18,0.08,0.82,0.68,0.1,0.85,0.0,0.6,0.43,0.87,0.86,0.87,0.29,0.64
1628,0.0,0.58,0.26,0.0,0.0,0.64,0.0,0.0,0.08,0.46,0.04,0.31,0.47,0.15,0.16,0.24,0.06,0.28,0.32,0.24,0.28,0.3,0.44,0.05,0.68,0.17,0.0,0.0,0.72,0.61,0.67,0.0,0.0,0.0,0.0,0.52,0.54,0.04,0.64,0.11,0.13,0.64,0.54,0.6,0.08,0.67,0.64,0.0,0.0,0.65,0.1,0.06,0.55,0.15,0.16,0.66,0.0,0.17,0.34,0.74,0.73,0.63,0.22,0.34
1629,0.0,0.46,0.27,0.0,0.0,0.38,0.0,0.0,0.19,0.23,0.08,0.22,0.19,0.15,0.19,0.17,0.02,0.19,0.17,0.17,0.12,0.19,0.18,0.04,0.37,0.11,0.0,0.0,0.26,0.47,0.41,0.0,0.0,0.0,0.0,0.42,0.26,0.03,0.03,0.09,0.24,0.42,0.26,0.3,0.04,0.43,0.4,0.0,0.0,0.41,0.16,0.02,0.17,0.06,0.05,0.44,0.0,0.1,0.29,0.26,0.06,0.11,0.06,0.01
1630,0.0,0.0,0.0,0.0,0.0,0.0,0.0,0.0,0.0,0.0,0.0,0.0,0.0,0.0,0.0,0.0,0.0,0.0,0.0,0.0,0.0,0.0,0.0,0.0,0.0,0.0,0.0,0.0,0.0,0.0,0.0,0.0,0.0,0.0,0.0,0.0,0.0,0.0,0.0,0.0,0.0,0.0,0.0,0.0,0.0,0.0,0.0,0.0,0.0,0.0,0.0,0.0,0.0,0.0,0.0,0.0,0.0,0.0,0.0,0.0,0.0,0.0,0.0,0.0
1631,0.0,0.0,0.0,0.0,0.0,0.0,0.0,0.0,0.0,0.0,0.0,0.0,0.0,0.0,0.0,0.0,0.0,0.0,0.0,0.0,0.0,0.0,0.0,0.0,0.0,0.0,0.0,0.0,0.0,0.0,0.0,0.0,0.0,0.0,0.0,0.0,0.0,0.0,0.0,0.0,0.0,0.0,0.0,0.0,0.0,0.0,0.0,0.0,0.0,0.0,0.0,0.0,0.0,0.0,0.0,0.0,0.0,0.0,0.0,0.0,0.0,0.0,0.0,0.0
1632,0.0,0.0,0.0,0.0,0.0,0.0,0.0,0.0,0.0,0.0,0.0,0.0,0.0,0.0,0.0,0.0,0.0,0.0,0.0,0.0,0.0,0.0,0.0,0.0,0.0,0.0,0.0,0.0,0.0,0.0,0.0,0.0,0.0,0.0,0.0,0.0,0.0,0.0,0.0,0.0,0.0,0.0,0.0,0.0,0.0,0.0,0.0,0.0,0.0,0.0,0.0,0.0,0.0,0.0,0.0,0.0,0.0,0.0,0.0,0.0,0.0,0.0,0.0,0.0
1633,0.0,0.0,0.0,0.0,0.0,0.0,0.0,0.0,0.0,0.0,0.0,0.0,0.0,0.0,0.0,0.0,0.0,0.0,0.0,0.0,0.0,0.0,0.0,0.0,0.0,0.0,0.0,0.0,0.0,0.0,0.0,0.0,0.0,0.0,0.0,0.0,0.0,0.0,0.0,0.0,0.0,0.0,0.0,0.0,0.0,0.0,0.0,0.0,0.0,0.0,0.0,0.0,0.0,0.0,0.0,0.0,0.0,0.0,0.0,0.0,0.0,0.0,0.0,0.0
1634,0.0,0.0,0.0,0.0,0.0,0.0,0.0,0.0,0.0,0.0,0.0,0.0,0.0,0.0,0.0,0.0,0.0,0.0,0.0,0.0,0.0,0.0,0.0,0.0,0.0,0.0,0.0,0.0,0.0,0.0,0.0,0.0,0.0,0.0,0.0,0.0,0.0,0.0,0.0,0.0,0.0,0.0,0.0,0.0,0.0,0.0,0.0,0.0,0.0,0.0,0.0,0.0,0.0,0.0,0.0,0.0,0.0,0.0,0.0,0.0,0.0,0.0,0.0,0.0
1635,0.0,0.0,0.0,0.0,0.0,0.0,0.0,0.0,0.0,0.0,0.0,0.0,0.0,0.0,0.0,0.0,0.0,0.0,0.0,0.0,0.0,0.0,0.0,0.0,0.0,0.0,0.0,0.0,0.0,0.0,0.0,0.0,0.0,0.0,0.0,0.0,0.0,0.0,0.0,0.0,0.0,0.0,0.0,0.0,0.0,0.0,0.0,0.0,0.0,0.0,0.0,0.0,0.0,0.0,0.0,0.0,0.0,0.0,0.0,0.0,0.0,0.0,0.0,0.0
1636,0.0,0.0,0.0,0.0,0.0,0.0,0.0,0.0,0.0,0.0,0.0,0.0,0.0,0.0,0.0,0.0,0.0,0.0,0.0,0.0,0.0,0.0,0.0,0.0,0.0,0.0,0.0,0.0,0.0,0.0,0.0,0.0,0.0,0.0,0.0,0.0,0.0,0.0,0.0,0.0,0.0,0.0,0.0,0.0,0.0,0.0,0.0,0.0,0.0,0.0,0.0,0.0,0.0,0.0,0.0,0.0,0.0,0.0,0.0,0.0,0.0,0.0,0.0,0.0
1637,0.0,0.0,0.0,0.0,0.0,0.0,0.0,0.0,0.0,0.0,0.0,0.0,0.0,0.0,0.0,0.0,0.0,0.0,0.0,0.0,0.0,0.0,0.0,0.0,0.0,0.0,0.0,0.0,0.0,0.0,0.0,0.0,0.0,0.0,0.0,0.0,0.0,0.0,0.0,0.0,0.0,0.0,0.0,0.0,0.0,0.0,0.0,0.0,0.0,0.0,0.0,0.0,0.0,0.0,0.0,0.0,0.0,0.0,0.0,0.0,0.0,0.0,0.0,0.0
1638,0.0,0.0,0.0,0.0,0.0,0.0,0.0,0.0,0.0,0.0,0.0,0.0,0.0,0.0,0.0,0.0,0.0,0.0,0.0,0.0,0.0,0.0,0.0,0.0,0.0,0.0,0.0,0.0,0.0,0.0,0.0,0.0,0.0,0.0,0.0,0.0,0.0,0.0,0.0,0.0,0.0,0.0,0.0,0.0,0.0,0.0,0.0,0.0,0.0,0.0,0.0,0.0,0.0,0.0,0.0,0.0,0.0,0.0,0.0,0.0,0.0,0.0,0.0,0.0
1639,0.0,0.0,0.0,0.0,0.0,0.0,0.0,0.0,0.0,0.0,0.0,0.0,0.0,0.0,0.0,0.0,0.0,0.0,0.0,0.0,0.0,0.0,0.0,0.0,0.0,0.0,0.0,0.0,0.0,0.0,0.0,0.0,0.0,0.0,0.0,0.0,0.0,0.0,0.0,0.0,0.0,0.0,0.0,0.0,0.0,0.0,0.0,0.0,0.0,0.0,0.0,0.0,0.0,0.0,0.0,0.0,0.0,0.0,0.0,0.0,0.0,0.0,0.0,0.0
1640,0.0,0.0,0.0,0.0,0.0,0.0,0.0,0.0,0.0,0.0,0.0,0.0,0.0,0.0,0.0,0.0,0.0,0.0,0.0,0.0,0.0,0.0,0.0,0.0,0.0,0.0,0.0,0.0,0.0,0.0,0.0,0.0,0.0,0.0,0.0,0.0,0.0,0.0,0.0,0.0,0.0,0.0,0.0,0.0,0.0,0.0,0.0,0.0,0.0,0.0,0.0,0.0,0.0,0.0,0.0,0.0,0.0,0.0,0.0,0.0,0.0,0.0,0.0,0.0
1641,0.0,0.0,0.0,0.0,0.0,0.0,0.0,0.0,0.0,0.0,0.0,0.0,0.0,0.0,0.0,0.0,0.0,0.0,0.0,0.0,0.0,0.0,0.0,0.0,0.0,0.0,0.0,0.0,0.0,0.0,0.0,0.0,0.0,0.0,0.0,0.0,0.0,0.0,0.0,0.0,0.0,0.0,0.0,0.0,0.0,0.0,0.0,0.0,0.0,0.0,0.0,0.0,0.0,0.0,0.0,0.0,0.0,0.0,0.0,0.0,0.0,0.0,0.0,0.0
1642,0.0,0.0,0.0,0.0,0.0,0.0,0.0,0.0,0.0,0.0,0.0,0.0,0.0,0.0,0.0,0.0,0.0,0.0,0.0,0.0,0.0,0.0,0.0,0.0,0.0,0.0,0.0,0.0,0.0,0.0,0.0,0.0,0.0,0.0,0.0,0.0,0.0,0.0,0.0,0.0,0.0,0.0,0.0,0.0,0.0,0.0,0.0,0.0,0.0,0.0,0.0,0.0,0.0,0.0,0.0,0.0,0.0,0.0,0.0,0.0,0.0,0.0,0.0,0.0
1643,0.0,0.34,0.33,0.0,0.0,0.37,0.0,0.0,0.08,0.36,0.02,0.03,0.43,0.44,0.45,0.07,0.04,0.24,0.26,0.04,0.02,0.44,0.26,0.04,0.03,0.34,0.0,0.0,0.34,0.34,0.34,0.0,0.0,0.0,0.0,0.36,0.38,0.04,0.36,0.06,0.38,0.37,0.37,0.04,0.03,0.36,0.37,0.0,0.0,0.37,0.3,0.33,0.35,0.29,0.06,0.09,0.0,0.33,0.33,0.34,0.33,0.33,0.35,0.34
1644,0.0,0.79,0.79,0.0,0.0,0.76,0.0,0.0,0.08,0.75,0.08,0.34,0.77,0.24,0.34,0.16,0.33,0.72,0.6,0.16,0.15,0.25,0.77,0.19,0.76,0.8,0.0,0.0,0.78,0.79,0.79,0.0,0.0,0.0,0.0,0.76,0.77,0.26,0.78,0.24,0.8,0.78,0.78,0.44,0.28,0.78,0.76,0.0,0.0,0.76,0.78,0.77,0.77,0.76,0.38,0.74,0.0,0.76,0.78,0.78,0.76,0.78,0.8,0.77
1645,0.0,0.88,0.88,0.0,0.0,0.83,0.0,0.0,0.18,0.83,0.37,0.66,0.84,0.55,0.35,0.22,0.45,0.85,0.66,0.33,0.23,0.5,0.85,0.81,0.83,0.88,0.0,0.0,0.86,0.88,0.88,0.0,0.0,0.0,0.0,0.84,0.84,0.46,0.86,0.32,0.87,0.86,0.87,0.83,0.79,0.87,0.83,0.0,0.0,0.83,0.87,0.86,0.73,0.85,0.74,0.82,0.0,0.85,0.87,0.86,0.84,0.86,0.87,0.86
1646,0.0,0.88,0.89,0.0,0.0,0.82,0.0,0.0,0.28,0.86,0.59,0.75,0.63,0.51,0.42,0.51,0.52,0.88,0.9,0.86,0.13,0.51,0.87,0.67,0.83,0.89,0.0,0.0,0.85,0.89,0.88,0.0,0.0,0.0,0.0,0.86,0.84,0.85,0.88,0.4,0.88,0.88,0.89,0.83,0.81,0.88,0.82,0.0,0.0,0.83,0.88,0.86,0.66,0.86,0.82,0.86,0.0,0.85,0.88,0.87,0.85,0.88,0.86,0.87
1647,0.0,0.89,0.89,0.0,0.0,0.81,0.0,0.0,0.44,0.66,0.51,0.69,0.54,0.46,0.52,0.52,0.4,0.91,0.75,0.29,0.18,0.72,0.89,0.43,0.81,0.89,0.0,0.0,0.78,0.89,0.87,0.0,0.0,0.0,0.0,0.87,0.84,0.89,0.89,0.39,0.88,0.89,0.9,0.84,0.7,0.9,0.83,0.0,0.0,0.83,0.88,0.88,0.72,0.88,0.66,0.87,0.0,0.88,0.88,0.86,0.86,0.89,0.86,0.87
1648,0.0,0.87,0.87,0.0,0.0,0.85,0.0,0.0,0.39,0.33,0.43,0.86,0.6,0.42,0.33,0.34,0.4,0.81,0.53,0.3,0.17,0.91,0.9,0.42,0.81,0.85,0.0,0.0,0.85,0.86,0.81,0.0,0.0,0.0,0.0,0.81,0.84,0.81,0.87,0.76,0.74,0.87,0.88,0.46,0.43,0.88,0.84,0.0,0.0,0.84,0.89,0.88,0.87,0.89,0.82,0.88,0.0,0.86,0.89,0.89,0.87,0.9,0.74,0.88
1649,0.0,0.87,0.87,0.0,0.0,0.86,0.0,0.0,0.34,0.3,0.11,0.91,0.64,0.33,0.3,0.28,0.35,0.47,0.38,0.14,0.25,0.44,0.89,0.34,0.84,0.88,0.0,0.0,0.83,0.87,0.86,0.0,0.0,0.0,0.0,0.86,0.45,0.27,0.54,0.33,0.79,0.82,0.82,0.33,0.38,0.84,0.84,0.0,0.0,0.84,0.7,0.65,0.62,0.86,0.69,0.85,0.0,0.89,0.85,0.88,0.7,0.88,0.73,0.66
1650,0.0,0.82,0.82,0.0,0.0,0.82,0.0,0.0,0.14,0.47,0.36,0.67,0.87,0.33,0.24,0.47,0.67,0.3,0.42,0.26,0.27,0.36,0.44,0.24,0.84,0.85,0.0,0.0,0.86,0.85,0.86,0.0,0.0,0.0,0.0,0.84,0.3,0.39,0.34,0.41,0.48,0.48,0.84,0.4,0.41,0.42,0.81,0.0,0.0,0.81,0.27,0.85,0.42,0.86,0.51,0.85,0.0,0.86,0.3,0.86,0.37,0.34,0.88,0.39
1651,0.0,0.61,0.68,0.0,0.0,0.65,0.0,0.0,0.1,0.31,0.06,0.32,0.26,0.19,0.46,0.24,0.43,0.21,0.2,0.21,0.12,0.29,0.31,0.08,0.73,0.74,0.0,0.0,0.66,0.65,0.77,0.0,0.0,0.0,0.0,0.66,0.24,0.22,0.67,0.12,0.84,0.63,0.77,0.23,0.22,0.74,0.66,0.0,0.0,0.67,0.43,0.68,0.37,0.79,0.33,0.83,0.0,0.82,0.34,0.84,0.7,0.3,0.78,0.59
1652,0.0,0.72,0.76,0.0,0.0,0.65,0.0,0.0,0.07,0.05,0.16,0.21,0.12,0.75,0.2,0.13,0.21,0.04,0.03,0.12,0.04,0.75,0.04,0.32,0.62,0.65,0.0,0.0,0.38,0.63,0.63,0.0,0.0,0.0,0.0,0.23,0.54,0.37,0.2,0.26,0.69,0.21,0.26,0.41,0.22,0.28,0.67,0.0,0.0,0.64,0.52,0.54,0.68,0.2,0.39,0.71,0.0,0.57,0.23,0.76,0.32,0.25,0.55,0.35
1653,0.0,0.34,0.34,0.0,0.0,0.35,0.0,0.0,0.0,0.01,0.02,0.04,0.06,0.08,0.13,0.07,0.09,0.01,0.0,0.23,0.02,0.31,0.0,0.19,0.31,0.2,0.0,0.0,0.19,0.18,0.4,0.0,0.0,0.0,0.0,0.16,0.2,0.19,0.09,0.09,0.21,0.06,0.06,0.2,0.19,0.06,0.39,0.0,0.0,0.37,0.17,0.29,0.22,0.04,0.26,0.26,0.0,0.18,0.14,0.25,0.1,0.12,0.32,0.08
1654,0.0,0.0,0.0,0.0,0.0,0.0,0.0,0.0,0.0,0.0,0.0,0.0,0.0,0.0,0.0,0.0,0.0,0.0,0.0,0.0,0.0,0.0,0.0,0.0,0.0,0.0,0.0,0.0,0.0,0.0,0.0,0.0,0.0,0.0,0.0,0.0,0.0,0.0,0.0,0.0,0.0,0.0,0.0,0.0,0.0,0.0,0.0,0.0,0.0,0.0,0.0,0.0,0.0,0.0,0.0,0.0,0.0,0.0,0.0,0.0,0.0,0.0,0.0,0.0
1655,0.0,0.0,0.0,0.0,0.0,0.0,0.0,0.0,0.0,0.0,0.0,0.0,0.0,0.0,0.0,0.0,0.0,0.0,0.0,0.0,0.0,0.0,0.0,0.0,0.0,0.0,0.0,0.0,0.0,0.0,0.0,0.0,0.0,0.0,0.0,0.0,0.0,0.0,0.0,0.0,0.0,0.0,0.0,0.0,0.0,0.0,0.0,0.0,0.0,0.0,0.0,0.0,0.0,0.0,0.0,0.0,0.0,0.0,0.0,0.0,0.0,0.0,0.0,0.0
1656,0.0,0.0,0.0,0.0,0.0,0.0,0.0,0.0,0.0,0.0,0.0,0.0,0.0,0.0,0.0,0.0,0.0,0.0,0.0,0.0,0.0,0.0,0.0,0.0,0.0,0.0,0.0,0.0,0.0,0.0,0.0,0.0,0.0,0.0,0.0,0.0,0.0,0.0,0.0,0.0,0.0,0.0,0.0,0.0,0.0,0.0,0.0,0.0,0.0,0.0,0.0,0.0,0.0,0.0,0.0,0.0,0.0,0.0,0.0,0.0,0.0,0.0,0.0,0.0
1657,0.0,0.0,0.0,0.0,0.0,0.0,0.0,0.0,0.0,0.0,0.0,0.0,0.0,0.0,0.0,0.0,0.0,0.0,0.0,0.0,0.0,0.0,0.0,0.0,0.0,0.0,0.0,0.0,0.0,0.0,0.0,0.0,0.0,0.0,0.0,0.0,0.0,0.0,0.0,0.0,0.0,0.0,0.0,0.0,0.0,0.0,0.0,0.0,0.0,0.0,0.0,0.0,0.0,0.0,0.0,0.0,0.0,0.0,0.0,0.0,0.0,0.0,0.0,0.0
1658,0.0,0.0,0.0,0.0,0.0,0.0,0.0,0.0,0.0,0.0,0.0,0.0,0.0,0.0,0.0,0.0,0.0,0.0,0.0,0.0,0.0,0.0,0.0,0.0,0.0,0.0,0.0,0.0,0.0,0.0,0.0,0.0,0.0,0.0,0.0,0.0,0.0,0.0,0.0,0.0,0.0,0.0,0.0,0.0,0.0,0.0,0.0,0.0,0.0,0.0,0.0,0.0,0.0,0.0,0.0,0.0,0.0,0.0,0.0,0.0,0.0,0.0,0.0,0.0
1659,0.0,0.0,0.0,0.0,0.0,0.0,0.0,0.0,0.0,0.0,0.0,0.0,0.0,0.0,0.0,0.0,0.0,0.0,0.0,0.0,0.0,0.0,0.0,0.0,0.0,0.0,0.0,0.0,0.0,0.0,0.0,0.0,0.0,0.0,0.0,0.0,0.0,0.0,0.0,0.0,0.0,0.0,0.0,0.0,0.0,0.0,0.0,0.0,0.0,0.0,0.0,0.0,0.0,0.0,0.0,0.0,0.0,0.0,0.0,0.0,0.0,0.0,0.0,0.0
1660,0.0,0.0,0.0,0.0,0.0,0.0,0.0,0.0,0.0,0.0,0.0,0.0,0.0,0.0,0.0,0.0,0.0,0.0,0.0,0.0,0.0,0.0,0.0,0.0,0.0,0.0,0.0,0.0,0.0,0.0,0.0,0.0,0.0,0.0,0.0,0.0,0.0,0.0,0.0,0.0,0.0,0.0,0.0,0.0,0.0,0.0,0.0,0.0,0.0,0.0,0.0,0.0,0.0,0.0,0.0,0.0,0.0,0.0,0.0,0.0,0.0,0.0,0.0,0.0
1661,0.0,0.0,0.0,0.0,0.0,0.0,0.0,0.0,0.0,0.0,0.0,0.0,0.0,0.0,0.0,0.0,0.0,0.0,0.0,0.0,0.0,0.0,0.0,0.0,0.0,0.0,0.0,0.0,0.0,0.0,0.0,0.0,0.0,0.0,0.0,0.0,0.0,0.0,0.0,0.0,0.0,0.0,0.0,0.0,0.0,0.0,0.0,0.0,0.0,0.0,0.0,0.0,0.0,0.0,0.0,0.0,0.0,0.0,0.0,0.0,0.0,0.0,0.0,0.0
1662,0.0,0.0,0.0,0.0,0.0,0.0,0.0,0.0,0.0,0.0,0.0,0.0,0.0,0.0,0.0,0.0,0.0,0.0,0.0,0.0,0.0,0.0,0.0,0.0,0.0,0.0,0.0,0.0,0.0,0.0,0.0,0.0,0.0,0.0,0.0,0.0,0.0,0.0,0.0,0.0,0.0,0.0,0.0,0.0,0.0,0.0,0.0,0.0,0.0,0.0,0.0,0.0,0.0,0.0,0.0,0.0,0.0,0.0,0.0,0.0,0.0,0.0,0.0,0.0
1663,0.0,0.0,0.0,0.0,0.0,0.0,0.0,0.0,0.0,0.0,0.0,0.0,0.0,0.0,0.0,0.0,0.0,0.0,0.0,0.0,0.0,0.0,0.0,0.0,0.0,0.0,0.0,0.0,0.0,0.0,0.0,0.0,0.0,0.0,0.0,0.0,0.0,0.0,0.0,0.0,0.0,0.0,0.0,0.0,0.0,0.0,0.0,0.0,0.0,0.0,0.0,0.0,0.0,0.0,0.0,0.0,0.0,0.0,0.0,0.0,0.0,0.0,0.0,0.0
1664,0.0,0.0,0.0,0.0,0.0,0.0,0.0,0.0,0.0,0.0,0.0,0.0,0.0,0.0,0.0,0.0,0.0,0.0,0.0,0.0,0.0,0.0,0.0,0.0,0.0,0.0,0.0,0.0,0.0,0.0,0.0,0.0,0.0,0.0,0.0,0.0,0.0,0.0,0.0,0.0,0.0,0.0,0.0,0.0,0.0,0.0,0.0,0.0,0.0,0.0,0.0,0.0,0.0,0.0,0.0,0.0,0.0,0.0,0.0,0.0,0.0,0.0,0.0,0.0
1665,0.0,0.0,0.0,0.0,0.0,0.0,0.0,0.0,0.0,0.0,0.0,0.0,0.0,0.0,0.0,0.0,0.0,0.0,0.0,0.0,0.0,0.0,0.0,0.0,0.0,0.0,0.0,0.0,0.0,0.0,0.0,0.0,0.0,0.0,0.0,0.0,0.0,0.0,0.0,0.0,0.0,0.0,0.0,0.0,0.0,0.0,0.0,0.0,0.0,0.0,0.0,0.0,0.0,0.0,0.0,0.0,0.0,0.0,0.0,0.0,0.0,0.0,0.0,0.0
1666,0.0,0.0,0.0,0.0,0.0,0.0,0.0,0.0,0.0,0.0,0.0,0.0,0.0,0.0,0.0,0.0,0.0,0.0,0.0,0.0,0.0,0.0,0.0,0.0,0.0,0.0,0.0,0.0,0.0,0.0,0.0,0.0,0.0,0.0,0.0,0.0,0.0,0.0,0.0,0.0,0.0,0.0,0.0,0.0,0.0,0.0,0.0,0.0,0.0,0.0,0.0,0.0,0.0,0.0,0.0,0.0,0.0,0.0,0.0,0.0,0.0,0.0,0.0,0.0
1667,0.0,0.02,0.1,0.0,0.0,0.03,0.0,0.0,0.04,0.35,0.03,0.08,0.37,0.34,0.31,0.32,0.21,0.29,0.29,0.38,0.4,0.36,0.32,0.17,0.01,0.1,0.0,0.0,0.42,0.03,0.07,0.0,0.0,0.0,0.0,0.02,0.04,0.03,0.37,0.07,0.12,0.36,0.32,0.37,0.28,0.36,0.01,0.0,0.0,0.02,0.06,0.24,0.28,0.09,0.26,0.2,0.0,0.21,0.3,0.28,0.26,0.11,0.4,0.34
1668,0.0,0.29,0.05,0.0,0.0,0.04,0.0,0.0,0.05,0.4,0.13,0.19,0.4,0.37,0.5,0.45,0.65,0.42,0.43,0.4,0.72,0.4,0.47,0.14,0.03,0.72,0.0,0.0,0.75,0.78,0.78,0.0,0.0,0.0,0.0,0.06,0.1,0.23,0.08,0.24,0.22,0.04,0.23,0.06,0.5,0.24,0.03,0.0,0.0,0.04,0.24,0.14,0.66,0.16,0.58,0.62,0.0,0.22,0.59,0.61,0.25,0.36,0.77,0.61
1669,0.0,0.84,0.62,0.0,0.0,0.07,0.0,0.0,0.08,0.72,0.1,0.24,0.46,0.38,0.56,0.58,0.69,0.51,0.5,0.34,0.75,0.37,0.49,0.09,0.05,0.82,0.0,0.0,0.82,0.84,0.83,0.0,0.0,0.0,0.0,0.79,0.17,0.14,0.8,0.18,0.34,0.8,0.8,0.06,0.1,0.8,0.08,0.0,0.0,0.07,0.44,0.42,0.77,0.25,0.32,0.33,0.0,0.42,0.68,0.7,0.26,0.39,0.83,0.61
1670,0.0,0.89,0.59,0.0,0.0,0.42,0.0,0.0,0.17,0.73,0.76,0.6,0.53,0.58,0.72,0.57,0.42,0.67,0.71,0.39,0.35,0.49,0.67,0.18,0.25,0.66,0.0,0.0,0.91,0.86,0.91,0.0,0.0,0.0,0.0,0.9,0.8,0.22,0.9,0.36,0.88,0.9,0.88,0.41,0.3,0.91,0.36,0.0,0.0,0.38,0.46,0.52,0.62,0.3,0.39,0.28,0.0,0.72,0.77,0.91,0.55,0.42,0.91,0.72
1671,0.0,0.91,0.58,0.0,0.0,0.56,0.0,0.0,0.82,0.57,0.88,0.73,0.7,0.57,0.67,0.46,0.41,0.6,0.89,0.63,0.48,0.54,0.7,0.38,0.33,0.72,0.0,0.0,0.91,0.91,0.91,0.0,0.0,0.0,0.0,0.77,0.54,0.25,0.71,0.88,0.91,0.8,0.73,0.91,0.34,0.74,0.42,0.0,0.0,0.44,0.5,0.42,0.62,0.37,0.43,0.44,0.0,0.7,0.85,0.89,0.71,0.55,0.88,0.8
1672,0.0,0.91,0.57,0.0,0.0,0.58,0.0,0.0,0.83,0.62,0.87,0.72,0.77,0.6,0.64,0.68,0.78,0.55,0.81,0.71,0.7,0.59,0.71,0.29,0.65,0.87,0.0,0.0,0.91,0.91,0.91,0.0,0.0,0.0,0.0,0.6,0.66,0.91,0.59,0.91,0.91,0.61,0.64,0.91,0.78,0.64,0.55,0.0,0.0,0.46,0.51,0.44,0.68,0.38,0.44,0.48,0.0,0.64,0.82,0.89,0.76,0.49,0.91,0.82
1673,0.0,0.91,0.57,0.0,0.0,0.61,0.0,0.0,0.86,0.67,0.39,0.44,0.91,0.71,0.64,0.64,0.3,0.91,0.86,0.71,0.84,0.48,0.8,0.91,0.82,0.85,0.0,0.0,0.91,0.91,0.91,0.0,0.0,0.0,0.0,0.46,0.78,0.91,0.56,0.91,0.91,0.55,0.62,0.54,0.91,0.7,0.59,0.0,0.0,0.59,0.48,0.32,0.58,0.5,0.35,0.73,0.0,0.86,0.91,0.8,0.72,0.57,0.91,0.75
1674,0.0,0.91,0.66,0.0,0.0,0.79,0.0,0.0,0.51,0.28,0.84,0.27,0.88,0.76,0.63,0.69,0.44,0.85,0.49,0.3,0.48,0.64,0.88,0.9,0.53,0.69,0.0,0.0,0.91,0.91,0.91,0.0,0.0,0.0,0.0,0.39,0.91,0.91,0.55,0.91,0.91,0.55,0.56,0.91,0.91,0.68,0.54,0.0,0.0,0.48,0.59,0.29,0.63,0.44,0.23,0.73,0.0,0.88,0.91,0.69,0.79,0.65,0.91,0.83
1675,0.0,0.91,0.64,0.0,0.0,0.89,0.0,0.0,0.83,0.15,0.85,0.59,0.51,0.72,0.56,0.16,0.86,0.33,0.2,0.8,0.74,0.72,0.44,0.89,0.17,0.75,0.0,0.0,0.91,0.91,0.91,0.0,0.0,0.0,0.0,0.55,0.91,0.9,0.4,0.91,0.91,0.52,0.49,0.9,0.9,0.6,0.55,0.0,0.0,0.44,0.54,0.15,0.59,0.89,0.25,0.72,0.0,0.61,0.91,0.66,0.64,0.54,0.91,0.87
1676,0.0,0.81,0.82,0.0,0.0,0.76,0.0,0.0,0.71,0.34,0.72,0.64,0.18,0.5,0.56,0.63,0.47,0.44,0.44,0.04,0.46,0.47,0.15,0.76,0.37,0.81,0.0,0.0,0.8,0.81,0.8,0.0,0.0,0.0,0.0,0.23,0.77,0.77,0.55,0.67,0.79,0.46,0.4,0.76,0.76,0.49,0.76,0.0,0.0,0.37,0.78,0.07,0.37,0.59,0.17,0.51,0.0,0.35,0.79,0.76,0.8,0.78,0.6,0.8
1677,0.0,0.3,0.49,0.0,0.0,0.43,0.0,0.0,0.35,0.19,0.38,0.3,0.18,0.25,0.25,0.26,0.34,0.22,0.23,0.36,0.22,0.23,0.17,0.39,0.38,0.49,0.0,0.0,0.47,0.49,0.48,0.0,0.0,0.0,0.0,0.16,0.42,0.42,0.45,0.42,0.43,0.44,0.33,0.4,0.4,0.45,0.43,0.0,0.0,0.42,0.48,0.11,0.29,0.46,0.23,0.24,0.0,0.47,0.48,0.47,0.49,0.48,0.24,0.48
1678,0.0,0.0,0.0,0.0,0.0,0.0,0.0,0.0,0.0,0.0,0.0,0.0,0.0,0.0,0.0,0.0,0.0,0.0,0.0,0.0,0.0,0.0,0.0,0.0,0.0,0.0,0.0,0.0,0.0,0.0,0.0,0.0,0.0,0.0,0.0,0.0,0.0,0.0,0.0,0.0,0.0,0.0,0.0,0.0,0.0,0.0,0.0,0.0,0.0,0.0,0.0,0.0,0.0,0.0,0.0,0.0,0.0,0.0,0.0,0.0,0.0,0.0,0.0,0.0
1679,0.0,0.0,0.0,0.0,0.0,0.0,0.0,0.0,0.0,0.0,0.0,0.0,0.0,0.0,0.0,0.0,0.0,0.0,0.0,0.0,0.0,0.0,0.0,0.0,0.0,0.0,0.0,0.0,0.0,0.0,0.0,0.0,0.0,0.0,0.0,0.0,0.0,0.0,0.0,0.0,0.0,0.0,0.0,0.0,0.0,0.0,0.0,0.0,0.0,0.0,0.0,0.0,0.0,0.0,0.0,0.0,0.0,0.0,0.0,0.0,0.0,0.0,0.0,0.0
1680,0.0,0.0,0.0,0.0,0.0,0.0,0.0,0.0,0.0,0.0,0.0,0.0,0.0,0.0,0.0,0.0,0.0,0.0,0.0,0.0,0.0,0.0,0.0,0.0,0.0,0.0,0.0,0.0,0.0,0.0,0.0,0.0,0.0,0.0,0.0,0.0,0.0,0.0,0.0,0.0,0.0,0.0,0.0,0.0,0.0,0.0,0.0,0.0,0.0,0.0,0.0,0.0,0.0,0.0,0.0,0.0,0.0,0.0,0.0,0.0,0.0,0.0,0.0,0.0
1681,0.0,0.0,0.0,0.0,0.0,0.0,0.0,0.0,0.0,0.0,0.0,0.0,0.0,0.0,0.0,0.0,0.0,0.0,0.0,0.0,0.0,0.0,0.0,0.0,0.0,0.0,0.0,0.0,0.0,0.0,0.0,0.0,0.0,0.0,0.0,0.0,0.0,0.0,0.0,0.0,0.0,0.0,0.0,0.0,0.0,0.0,0.0,0.0,0.0,0.0,0.0,0.0,0.0,0.0,0.0,0.0,0.0,0.0,0.0,0.0,0.0,0.0,0.0,0.0
1682,0.0,0.0,0.0,0.0,0.0,0.0,0.0,0.0,0.0,0.0,0.0,0.0,0.0,0.0,0.0,0.0,0.0,0.0,0.0,0.0,0.0,0.0,0.0,0.0,0.0,0.0,0.0,0.0,0.0,0.0,0.0,0.0,0.0,0.0,0.0,0.0,0.0,0.0,0.0,0.0,0.0,0.0,0.0,0.0,0.0,0.0,0.0,0.0,0.0,0.0,0.0,0.0,0.0,0.0,0.0,0.0,0.0,0.0,0.0,0.0,0.0,0.0,0.0,0.0
1683,0.0,0.0,0.0,0.0,0.0,0.0,0.0,0.0,0.0,0.0,0.0,0.0,0.0,0.0,0.0,0.0,0.0,0.0,0.0,0.0,0.0,0.0,0.0,0.0,0.0,0.0,0.0,0.0,0.0,0.0,0.0,0.0,0.0,0.0,0.0,0.0,0.0,0.0,0.0,0.0,0.0,0.0,0.0,0.0,0.0,0.0,0.0,0.0,0.0,0.0,0.0,0.0,0.0,0.0,0.0,0.0,0.0,0.0,0.0,0.0,0.0,0.0,0.0,0.0
1684,0.0,0.0,0.0,0.0,0.0,0.0,0.0,0.0,0.0,0.0,0.0,0.0,0.0,0.0,0.0,0.0,0.0,0.0,0.0,0.0,0.0,0.0,0.0,0.0,0.0,0.0,0.0,0.0,0.0,0.0,0.0,0.0,0.0,0.0,0.0,0.0,0.0,0.0,0.0,0.0,0.0,0.0,0.0,0.0,0.0,0.0,0.0,0.0,0.0,0.0,0.0,0.0,0.0,0.0,0.0,0.0,0.0,0.0,0.0,0.0,0.0,0.0,0.0,0.0
1685,0.0,0.0,0.0,0.0,0.0,0.0,0.0,0.0,0.0,0.0,0.0,0.0,0.0,0.0,0.0,0.0,0.0,0.0,0.0,0.0,0.0,0.0,0.0,0.0,0.0,0.0,0.0,0.0,0.0,0.0,0.0,0.0,0.0,0.0,0.0,0.0,0.0,0.0,0.0,0.0,0.0,0.0,0.0,0.0,0.0,0.0,0.0,0.0,0.0,0.0,0.0,0.0,0.0,0.0,0.0,0.0,0.0,0.0,0.0,0.0,0.0,0.0,0.0,0.0
1686,0.0,0.0,0.0,0.0,0.0,0.0,0.0,0.0,0.0,0.0,0.0,0.0,0.0,0.0,0.0,0.0,0.0,0.0,0.0,0.0,0.0,0.0,0.0,0.0,0.0,0.0,0.0,0.0,0.0,0.0,0.0,0.0,0.0,0.0,0.0,0.0,0.0,0.0,0.0,0.0,0.0,0.0,0.0,0.0,0.0,0.0,0.0,0.0,0.0,0.0,0.0,0.0,0.0,0.0,0.0,0.0,0.0,0.0,0.0,0.0,0.0,0.0,0.0,0.0
1687,0.0,0.0,0.0,0.0,0.0,0.0,0.0,0.0,0.0,0.0,0.0,0.0,0.0,0.0,0.0,0.0,0.0,0.0,0.0,0.0,0.0,0.0,0.0,0.0,0.0,0.0,0.0,0.0,0.0,0.0,0.0,0.0,0.0,0.0,0.0,0.0,0.0,0.0,0.0,0.0,0.0,0.0,0.0,0.0,0.0,0.0,0.0,0.0,0.0,0.0,0.0,0.0,0.0,0.0,0.0,0.0,0.0,0.0,0.0,0.0,0.0,0.0,0.0,0.0
1688,0.0,0.0,0.0,0.0,0.0,0.0,0.0,0.0,0.0,0.0,0.0,0.0,0.0,0.0,0.0,0.0,0.0,0.0,0.0,0.0,0.0,0.0,0.0,0.0,0.0,0.0,0.0,0.0,0.0,0.0,0.0,0.0,0.0,0.0,0.0,0.0,0.0,0.0,0.0,0.0,0.0,0.0,0.0,0.0,0.0,0.0,0.0,0.0,0.0,0.0,0.0,0.0,0.0,0.0,0.0,0.0,0.0,0.0,0.0,0.0,0.0,0.0,0.0,0.0
1689,0.0,0.0,0.0,0.0,0.0,0.0,0.0,0.0,0.0,0.0,0.0,0.0,0.0,0.0,0.0,0.0,0.0,0.0,0.0,0.0,0.0,0.0,0.0,0.0,0.0,0.0,0.0,0.0,0.0,0.0,0.0,0.0,0.0,0.0,0.0,0.0,0.0,0.0,0.0,0.0,0.0,0.0,0.0,0.0,0.0,0.0,0.0,0.0,0.0,0.0,0.0,0.0,0.0,0.0,0.0,0.0,0.0,0.0,0.0,0.0,0.0,0.0,0.0,0.0
1690,0.0,0.0,0.0,0.0,0.0,0.0,0.0,0.0,0.0,0.0,0.0,0.0,0.0,0.0,0.0,0.0,0.0,0.0,0.0,0.0,0.0,0.0,0.0,0.0,0.0,0.0,0.0,0.0,0.0,0.0,0.0,0.0,0.0,0.0,0.0,0.0,0.0,0.0,0.0,0.0,0.0,0.0,0.0,0.0,0.0,0.0,0.0,0.0,0.0,0.0,0.0,0.0,0.0,0.0,0.0,0.0,0.0,0.0,0.0,0.0,0.0,0.0,0.0,0.0
1691,0.0,0.44,0.44,0.0,0.0,0.46,0.0,0.0,0.55,0.59,0.54,0.58,0.64,0.59,0.59,0.58,0.56,0.63,0.63,0.57,0.59,0.6,0.65,0.53,0.49,0.45,0.0,0.0,0.45,0.44,0.45,0.0,0.0,0.0,0.0,0.47,0.51,0.55,0.49,0.55,0.53,0.5,0.5,0.52,0.53,0.5,0.46,0.0,0.0,0.46,0.46,0.46,0.49,0.44,0.5,0.44,0.0,0.46,0.47,0.48,0.46,0.46,0.47,0.46
1692,0.0,0.83,0.83,0.0,0.0,0.8,0.0,0.0,0.86,0.9,0.88,0.91,0.9,0.89,0.9,0.89,0.91,0.91,0.91,0.9,0.91,0.9,0.9,0.88,0.8,0.84,0.0,0.0,0.83,0.84,0.84,0.0,0.0,0.0,0.0,0.84,0.86,0.91,0.87,0.91,0.91,0.87,0.88,0.86,0.88,0.87,0.8,0.0,0.0,0.8,0.85,0.83,0.84,0.83,0.84,0.83,0.0,0.83,0.85,0.83,0.84,0.85,0.86,0.85
1693,0.0,0.91,0.91,0.0,0.0,0.9,0.0,0.0,0.91,0.91,0.91,0.91,0.91,0.91,0.91,0.91,0.91,0.91,0.91,0.91,0.91,0.91,0.91,0.91,0.9,0.91,0.0,0.0,0.91,0.91,0.91,0.0,0.0,0.0,0.0,0.91,0.91,0.91,0.91,0.91,0.91,0.91,0.91,0.91,0.91,0.91,0.91,0.0,0.0,0.91,0.91,0.91,0.91,0.91,0.91,0.91,0.0,0.91,0.91,0.91,0.91,0.91,0.91,0.91
1694,0.0,0.91,0.91,0.0,0.0,0.91,0.0,0.0,0.91,0.91,0.91,0.91,0.91,0.91,0.91,0.91,0.91,0.91,0.91,0.91,0.91,0.91,0.91,0.91,0.91,0.91,0.0,0.0,0.91,0.91,0.91,0.0,0.0,0.0,0.0,0.91,0.91,0.91,0.91,0.91,0.91,0.91,0.91,0.91,0.91,0.91,0.91,0.0,0.0,0.91,0.91,0.91,0.91,0.91,0.91,0.91,0.0,0.91,0.91,0.91,0.91,0.91,0.91,0.91
1695,0.0,0.91,0.91,0.0,0.0,0.91,0.0,0.0,0.91,0.91,0.91,0.91,0.91,0.91,0.91,0.91,0.91,0.91,0.91,0.91,0.91,0.91,0.91,0.91,0.91,0.91,0.0,0.0,0.91,0.91,0.91,0.0,0.0,0.0,0.0,0.91,0.91,0.91,0.91,0.91,0.91,0.91,0.91,0.91,0.91,0.91,0.91,0.0,0.0,0.91,0.91,0.91,0.91,0.91,0.91,0.91,0.0,0.91,0.91,0.91,0.91,0.91,0.91,0.91
1696,0.0,0.91,0.91,0.0,0.0,0.91,0.0,0.0,0.91,0.91,0.91,0.91,0.91,0.91,0.91,0.91,0.91,0.91,0.91,0.91,0.91,0.91,0.91,0.91,0.91,0.91,0.0,0.0,0.91,0.91,0.91,0.0,0.0,0.0,0.0,0.91,0.91,0.91,0.91,0.91,0.91,0.91,0.91,0.91,0.91,0.91,0.91,0.0,0.0,0.91,0.91,0.91,0.91,0.91,0.91,0.91,0.0,0.91,0.91,0.91,0.91,0.91,0.91,0.91
1697,0.0,0.91,0.91,0.0,0.0,0.91,0.0,0.0,0.91,0.91,0.91,0.91,0.91,0.91,0.91,0.91,0.91,0.91,0.91,0.91,0.91,0.91,0.91,0.91,0.91,0.91,0.0,0.0,0.91,0.91,0.91,0.0,0.0,0.0,0.0,0.91,0.91,0.91,0.91,0.91,0.91,0.91,0.91,0.91,0.91,0.91,0.91,0.0,0.0,0.91,0.91,0.91,0.91,0.91,0.91,0.91,0.0,0.91,0.91,0.91,0.91,0.91,0.91,0.91
1698,0.0,0.91,0.91,0.0,0.0,0.91,0.0,0.0,0.91,0.91,0.91,0.91,0.91,0.91,0.91,0.91,0.91,0.91,0.91,0.91,0.91,0.91,0.91,0.91,0.91,0.91,0.0,0.0,0.91,0.91,0.91,0.0,0.0,0.0,0.0,0.91,0.91,0.91,0.91,0.91,0.91,0.91,0.91,0.91,0.91,0.91,0.91,0.0,0.0,0.91,0.91,0.91,0.91,0.91,0.91,0.91,0.0,0.91,0.91,0.91,0.91,0.91,0.91,0.91
1699,0.0,0.91,0.91,0.0,0.0,0.89,0.0,0.0,0.91,0.91,0.91,0.91,0.91,0.91,0.91,0.91,0.91,0.91,0.91,0.91,0.91,0.91,0.91,0.91,0.89,0.91,0.0,0.0,0.91,0.91,0.91,0.0,0.0,0.0,0.0,0.91,0.91,0.91,0.91,0.91,0.91,0.91,0.91,0.91,0.91,0.91,0.89,0.0,0.0,0.89,0.91,0.91,0.91,0.91,0.91,0.91,0.0,0.91,0.91,0.91,0.91,0.91,0.91,0.91
1700,0.0,0.81,0.82,0.0,0.0,0.78,0.0,0.0,0.78,0.8,0.81,0.84,0.77,0.79,0.79,0.79,0.83,0.79,0.82,0.78,0.82,0.8,0.77,0.79,0.77,0.83,0.0,0.0,0.81,0.82,0.82,0.0,0.0,0.0,0.0,0.8,0.82,0.84,0.82,0.84,0.85,0.82,0.81,0.81,0.81,0.83,0.78,0.0,0.0,0.78,0.84,0.82,0.83,0.82,0.84,0.81,0.0,0.82,0.83,0.84,0.82,0.83,0.83,0.82
1701,0.0,0.48,0.48,0.0,0.0,0.39,0.0,0.0,0.37,0.36,0.39,0.39,0.31,0.35,0.35,0.35,0.4,0.34,0.35,0.36,0.37,0.34,0.3,0.4,0.38,0.48,0.0,0.0,0.46,0.48,0.47,0.0,0.0,0.0,0.0,0.44,0.42,0.42,0.45,0.42,0.44,0.44,0.44,0.41,0.41,0.45,0.42,0.0,0.0,0.42,0.47,0.48,0.45,0.47,0.44,0.46,0.0,0.46,0.47,0.46,0.47,0.47,0.47,0.47
1702,0.0,0.0,0.0,0.0,0.0,0.0,0.0,0.0,0.0,0.0,0.0,0.0,0.0,0.0,0.0,0.0,0.0,0.0,0.0,0.0,0.0,0.0,0.0,0.0,0.0,0.0,0.0,0.0,0.0,0.0,0.0,0.0,0.0,0.0,0.0,0.0,0.0,0.0,0.0,0.0,0.0,0.0,0.0,0.0,0.0,0.0,0.0,0.0,0.0,0.0,0.0,0.0,0.0,0.0,0.0,0.0,0.0,0.0,0.0,0.0,0.0,0.0,0.0,0.0
1703,0.0,0.0,0.0,0.0,0.0,0.0,0.0,0.0,0.0,0.0,0.0,0.0,0.0,0.0,0.0,0.0,0.0,0.0,0.0,0.0,0.0,0.0,0.0,0.0,0.0,0.0,0.0,0.0,0.0,0.0,0.0,0.0,0.0,0.0,0.0,0.0,0.0,0.0,0.0,0.0,0.0,0.0,0.0,0.0,0.0,0.0,0.0,0.0,0.0,0.0,0.0,0.0,0.0,0.0,0.0,0.0,0.0,0.0,0.0,0.0,0.0,0.0,0.0,0.0
1704,0.0,0.0,0.0,0.0,0.0,0.0,0.0,0.0,0.0,0.0,0.0,0.0,0.0,0.0,0.0,0.0,0.0,0.0,0.0,0.0,0.0,0.0,0.0,0.0,0.0,0.0,0.0,0.0,0.0,0.0,0.0,0.0,0.0,0.0,0.0,0.0,0.0,0.0,0.0,0.0,0.0,0.0,0.0,0.0,0.0,0.0,0.0,0.0,0.0,0.0,0.0,0.0,0.0,0.0,0.0,0.0,0.0,0.0,0.0,0.0,0.0,0.0,0.0,0.0
1705,0.0,0.0,0.0,0.0,0.0,0.0,0.0,0.0,0.0,0.0,0.0,0.0,0.0,0.0,0.0,0.0,0.0,0.0,0.0,0.0,0.0,0.0,0.0,0.0,0.0,0.0,0.0,0.0,0.0,0.0,0.0,0.0,0.0,0.0,0.0,0.0,0.0,0.0,0.0,0.0,0.0,0.0,0.0,0.0,0.0,0.0,0.0,0.0,0.0,0.0,0.0,0.0,0.0,0.0,0.0,0.0,0.0,0.0,0.0,0.0,0.0,0.0,0.0,0.0
1706,0.0,0.0,0.0,0.0,0.0,0.0,0.0,0.0,0.0,0.0,0.0,0.0,0.0,0.0,0.0,0.0,0.0,0.0,0.0,0.0,0.0,0.0,0.0,0.0,0.0,0.0,0.0,0.0,0.0,0.0,0.0,0.0,0.0,0.0,0.0,0.0,0.0,0.0,0.0,0.0,0.0,0.0,0.0,0.0,0.0,0.0,0.0,0.0,0.0,0.0,0.0,0.0,0.0,0.0,0.0,0.0,0.0,0.0,0.0,0.0,0.0,0.0,0.0,0.0
1707,0.0,0.0,0.0,0.0,0.0,0.0,0.0,0.0,0.0,0.0,0.0,0.0,0.0,0.0,0.0,0.0,0.0,0.0,0.0,0.0,0.0,0.0,0.0,0.0,0.0,0.0,0.0,0.0,0.0,0.0,0.0,0.0,0.0,0.0,0.0,0.0,0.0,0.0,0.0,0.0,0.0,0.0,0.0,0.0,0.0,0.0,0.0,0.0,0.0,0.0,0.0,0.0,0.0,0.0,0.0,0.0,0.0,0.0,0.0,0.0,0.0,0.0,0.0,0.0
1708,0.0,0.0,0.0,0.0,0.0,0.0,0.0,0.0,0.0,0.0,0.0,0.0,0.0,0.0,0.0,0.0,0.0,0.0,0.0,0.0,0.0,0.0,0.0,0.0,0.0,0.0,0.0,0.0,0.0,0.0,0.0,0.0,0.0,0.0,0.0,0.0,0.0,0.0,0.0,0.0,0.0,0.0,0.0,0.0,0.0,0.0,0.0,0.0,0.0,0.0,0.0,0.0,0.0,0.0,0.0,0.0,0.0,0.0,0.0,0.0,0.0,0.0,0.0,0.0
1709,0.0,0.0,0.0,0.0,0.0,0.0,0.0,0.0,0.0,0.0,0.0,0.0,0.0,0.0,0.0,0.0,0.0,0.0,0.0,0.0,0.0,0.0,0.0,0.0,0.0,0.0,0.0,0.0,0.0,0.0,0.0,0.0,0.0,0.0,0.0,0.0,0.0,0.0,0.0,0.0,0.0,0.0,0.0,0.0,0.0,0.0,0.0,0.0,0.0,0.0,0.0,0.0,0.0,0.0,0.0,0.0,0.0,0.0,0.0,0.0,0.0,0.0,0.0,0.0
1710,0.0,0.0,0.0,0.0,0.0,0.0,0.0,0.0,0.0,0.0,0.0,0.0,0.0,0.0,0.0,0.0,0.0,0.0,0.0,0.0,0.0,0.0,0.0,0.0,0.0,0.0,0.0,0.0,0.0,0.0,0.0,0.0,0.0,0.0,0.0,0.0,0.0,0.0,0.0,0.0,0.0,0.0,0.0,0.0,0.0,0.0,0.0,0.0,0.0,0.0,0.0,0.0,0.0,0.0,0.0,0.0,0.0,0.0,0.0,0.0,0.0,0.0,0.0,0.0
1711,0.0,0.0,0.0,0.0,0.0,0.0,0.0,0.0,0.0,0.0,0.0,0.0,0.0,0.0,0.0,0.0,0.0,0.0,0.0,0.0,0.0,0.0,0.0,0.0,0.0,0.0,0.0,0.0,0.0,0.0,0.0,0.0,0.0,0.0,0.0,0.0,0.0,0.0,0.0,0.0,0.0,0.0,0.0,0.0,0.0,0.0,0.0,0.0,0.0,0.0,0.0,0.0,0.0,0.0,0.0,0.0,0.0,0.0,0.0,0.0,0.0,0.0,0.0,0.0
1712,0.0,0.0,0.0,0.0,0.0,0.0,0.0,0.0,0.0,0.0,0.0,0.0,0.0,0.0,0.0,0.0,0.0,0.0,0.0,0.0,0.0,0.0,0.0,0.0,0.0,0.0,0.0,0.0,0.0,0.0,0.0,0.0,0.0,0.0,0.0,0.0,0.0,0.0,0.0,0.0,0.0,0.0,0.0,0.0,0.0,0.0,0.0,0.0,0.0,0.0,0.0,0.0,0.0,0.0,0.0,0.0,0.0,0.0,0.0,0.0,0.0,0.0,0.0,0.0
1713,0.0,0.0,0.0,0.0,0.0,0.0,0.0,0.0,0.0,0.0,0.0,0.0,0.0,0.0,0.0,0.0,0.0,0.0,0.0,0.0,0.0,0.0,0.0,0.0,0.0,0.0,0.0,0.0,0.0,0.0,0.0,0.0,0.0,0.0,0.0,0.0,0.0,0.0,0.0,0.0,0.0,0.0,0.0,0.0,0.0,0.0,0.0,0.0,0.0,0.0,0.0,0.0,0.0,0.0,0.0,0.0,0.0,0.0,0.0,0.0,0.0,0.0,0.0,0.0
1714,0.0,0.0,0.0,0.0,0.0,0.0,0.0,0.0,0.0,0.0,0.0,0.0,0.0,0.0,0.0,0.0,0.0,0.0,0.0,0.0,0.0,0.0,0.0,0.0,0.0,0.0,0.0,0.0,0.0,0.0,0.0,0.0,0.0,0.0,0.0,0.0,0.0,0.0,0.0,0.0,0.0,0.0,0.0,0.0,0.0,0.0,0.0,0.0,0.0,0.0,0.0,0.0,0.0,0.0,0.0,0.0,0.0,0.0,0.0,0.0,0.0,0.0,0.0,0.0
1715,0.0,0.17,0.17,0.0,0.0,0.27,0.0,0.0,0.27,0.37,0.26,0.29,0.41,0.31,0.32,0.29,0.31,0.47,0.44,0.28,0.38,0.31,0.58,0.25,0.35,0.16,0.0,0.0,0.17,0.17,0.16,0.0,0.0,0.0,0.0,0.2,0.21,0.26,0.2,0.26,0.21,0.25,0.2,0.28,0.23,0.19,0.28,0.0,0.0,0.27,0.17,0.17,0.24,0.19,0.26,0.23,0.0,0.19,0.18,0.25,0.17,0.19,0.18,0.17
1716,0.0,0.53,0.52,0.0,0.0,0.7,0.0,0.0,0.69,0.83,0.6,0.63,0.8,0.67,0.72,0.74,0.61,0.83,0.84,0.68,0.83,0.72,0.81,0.71,0.74,0.56,0.0,0.0,0.53,0.56,0.6,0.0,0.0,0.0,0.0,0.68,0.52,0.57,0.56,0.57,0.56,0.68,0.5,0.64,0.65,0.52,0.72,0.0,0.0,0.75,0.58,0.41,0.68,0.67,0.67,0.62,0.0,0.76,0.61,0.67,0.6,0.59,0.49,0.62
1717,0.0,0.73,0.74,0.0,0.0,0.71,0.0,0.0,0.73,0.91,0.65,0.81,0.86,0.87,0.89,0.83,0.75,0.87,0.88,0.82,0.91,0.86,0.81,0.81,0.69,0.76,0.0,0.0,0.69,0.74,0.72,0.0,0.0,0.0,0.0,0.76,0.76,0.62,0.75,0.69,0.63,0.77,0.73,0.78,0.78,0.78,0.74,0.0,0.0,0.74,0.59,0.64,0.68,0.59,0.76,0.71,0.0,0.63,0.56,0.74,0.6,0.58,0.73,0.58
1718,0.0,0.65,0.64,0.0,0.0,0.25,0.0,0.0,0.87,0.91,0.85,0.88,0.9,0.86,0.88,0.85,0.85,0.85,0.85,0.88,0.86,0.87,0.86,0.85,0.59,0.74,0.0,0.0,0.62,0.68,0.73,0.0,0.0,0.0,0.0,0.83,0.84,0.8,0.82,0.83,0.86,0.81,0.83,0.83,0.85,0.84,0.26,0.0,0.0,0.3,0.76,0.75,0.78,0.68,0.78,0.72,0.0,0.73,0.74,0.8,0.74,0.74,0.68,0.75
1719,0.0,0.36,0.5,0.0,0.0,0.47,0.0,0.0,0.86,0.91,0.85,0.88,0.89,0.89,0.88,0.86,0.86,0.91,0.91,0.86,0.91,0.89,0.91,0.82,0.49,0.68,0.0,0.0,0.6,0.6,0.62,0.0,0.0,0.0,0.0,0.6,0.81,0.71,0.7,0.87,0.82,0.72,0.75,0.81,0.84,0.74,0.51,0.0,0.0,0.5,0.71,0.68,0.78,0.71,0.8,0.8,0.0,0.72,0.68,0.8,0.7,0.72,0.6,0.68
1720,0.0,0.63,0.64,0.0,0.0,0.15,0.0,0.0,0.79,0.91,0.76,0.89,0.9,0.88,0.86,0.83,0.82,0.91,0.91,0.8,0.91,0.89,0.9,0.66,0.33,0.64,0.0,0.0,0.61,0.6,0.6,0.0,0.0,0.0,0.0,0.64,0.63,0.79,0.69,0.8,0.7,0.69,0.66,0.6,0.66,0.7,0.15,0.0,0.0,0.17,0.68,0.69,0.76,0.6,0.8,0.8,0.0,0.7,0.66,0.79,0.64,0.68,0.72,0.64
1721,0.0,0.55,0.57,0.0,0.0,0.16,0.0,0.0,0.74,0.91,0.77,0.66,0.86,0.75,0.74,0.74,0.73,0.71,0.91,0.74,0.91,0.79,0.86,0.66,0.41,0.61,0.0,0.0,0.56,0.56,0.57,0.0,0.0,0.0,0.0,0.66,0.65,0.77,0.64,0.76,0.76,0.68,0.68,0.73,0.67,0.67,0.15,0.0,0.0,0.15,0.7,0.6,0.7,0.69,0.68,0.7,0.0,0.67,0.68,0.74,0.64,0.7,0.57,0.66
1722,0.0,0.52,0.56,0.0,0.0,0.18,0.0,0.0,0.69,0.91,0.7,0.65,0.84,0.75,0.75,0.68,0.77,0.47,0.73,0.68,0.89,0.8,0.7,0.54,0.3,0.65,0.0,0.0,0.53,0.54,0.58,0.0,0.0,0.0,0.0,0.57,0.5,0.75,0.56,0.74,0.62,0.57,0.47,0.52,0.5,0.54,0.19,0.0,0.0,0.29,0.53,0.58,0.65,0.55,0.71,0.67,0.0,0.6,0.51,0.71,0.47,0.54,0.55,0.46
1723,0.0,0.08,0.08,0.0,0.0,0.07,0.0,0.0,0.46,0.76,0.44,0.37,0.61,0.47,0.43,0.45,0.41,0.24,0.4,0.45,0.7,0.5,0.73,0.38,0.07,0.15,0.0,0.0,0.32,0.12,0.15,0.0,0.0,0.0,0.0,0.13,0.37,0.49,0.39,0.48,0.48,0.38,0.4,0.34,0.34,0.41,0.12,0.0,0.0,0.08,0.48,0.39,0.39,0.38,0.43,0.46,0.0,0.36,0.47,0.46,0.47,0.46,0.41,0.47
1724,0.0,0.07,0.09,0.0,0.0,0.02,0.0,0.0,0.17,0.3,0.16,0.14,0.29,0.26,0.23,0.19,0.19,0.14,0.22,0.18,0.19,0.27,0.3,0.09,0.02,0.07,0.0,0.0,0.1,0.07,0.06,0.0,0.0,0.0,0.0,0.05,0.1,0.17,0.1,0.18,0.16,0.1,0.1,0.09,0.1,0.11,0.03,0.0,0.0,0.03,0.18,0.15,0.23,0.19,0.24,0.27,0.0,0.22,0.17,0.28,0.16,0.18,0.15,0.16
1725,0.0,0.02,0.02,0.0,0.0,0.0,0.0,0.0,0.02,0.04,0.02,0.03,0.02,0.02,0.01,0.01,0.03,0.02,0.04,0.02,0.04,0.02,0.04,0.02,0.0,0.03,0.0,0.0,0.03,0.02,0.03,0.0,0.0,0.0,0.0,0.01,0.02,0.03,0.02,0.03,0.03,0.02,0.01,0.02,0.02,0.02,0.0,0.0,0.0,0.0,0.04,0.02,0.04,0.04,0.04,0.08,0.0,0.04,0.04,0.07,0.03,0.04,0.03,0.03
1726,0.0,0.0,0.0,0.0,0.0,0.0,0.0,0.0,0.0,0.0,0.0,0.0,0.0,0.0,0.0,0.0,0.0,0.0,0.0,0.0,0.0,0.0,0.0,0.0,0.0,0.0,0.0,0.0,0.0,0.0,0.0,0.0,0.0,0.0,0.0,0.0,0.0,0.0,0.0,0.0,0.0,0.0,0.0,0.0,0.0,0.0,0.0,0.0,0.0,0.0,0.0,0.0,0.0,0.0,0.0,0.0,0.0,0.0,0.0,0.0,0.0,0.0,0.0,0.0
1727,0.0,0.0,0.0,0.0,0.0,0.0,0.0,0.0,0.0,0.0,0.0,0.0,0.0,0.0,0.0,0.0,0.0,0.0,0.0,0.0,0.0,0.0,0.0,0.0,0.0,0.0,0.0,0.0,0.0,0.0,0.0,0.0,0.0,0.0,0.0,0.0,0.0,0.0,0.0,0.0,0.0,0.0,0.0,0.0,0.0,0.0,0.0,0.0,0.0,0.0,0.0,0.0,0.0,0.0,0.0,0.0,0.0,0.0,0.0,0.0,0.0,0.0,0.0,0.0
1728,0.0,0.0,0.0,0.0,0.0,0.0,0.0,0.0,0.0,0.0,0.0,0.0,0.0,0.0,0.0,0.0,0.0,0.0,0.0,0.0,0.0,0.0,0.0,0.0,0.0,0.0,0.0,0.0,0.0,0.0,0.0,0.0,0.0,0.0,0.0,0.0,0.0,0.0,0.0,0.0,0.0,0.0,0.0,0.0,0.0,0.0,0.0,0.0,0.0,0.0,0.0,0.0,0.0,0.0,0.0,0.0,0.0,0.0,0.0,0.0,0.0,0.0,0.0,0.0
1729,0.0,0.0,0.0,0.0,0.0,0.0,0.0,0.0,0.0,0.0,0.0,0.0,0.0,0.0,0.0,0.0,0.0,0.0,0.0,0.0,0.0,0.0,0.0,0.0,0.0,0.0,0.0,0.0,0.0,0.0,0.0,0.0,0.0,0.0,0.0,0.0,0.0,0.0,0.0,0.0,0.0,0.0,0.0,0.0,0.0,0.0,0.0,0.0,0.0,0.0,0.0,0.0,0.0,0.0,0.0,0.0,0.0,0.0,0.0,0.0,0.0,0.0,0.0,0.0
1730,0.0,0.0,0.0,0.0,0.0,0.0,0.0,0.0,0.0,0.0,0.0,0.0,0.0,0.0,0.0,0.0,0.0,0.0,0.0,0.0,0.0,0.0,0.0,0.0,0.0,0.0,0.0,0.0,0.0,0.0,0.0,0.0,0.0,0.0,0.0,0.0,0.0,0.0,0.0,0.0,0.0,0.0,0.0,0.0,0.0,0.0,0.0,0.0,0.0,0.0,0.0,0.0,0.0,0.0,0.0,0.0,0.0,0.0,0.0,0.0,0.0,0.0,0.0,0.0
1731,0.0,0.0,0.0,0.0,0.0,0.0,0.0,0.0,0.0,0.0,0.0,0.0,0.0,0.0,0.0,0.0,0.0,0.0,0.0,0.0,0.0,0.0,0.0,0.0,0.0,0.0,0.0,0.0,0.0,0.0,0.0,0.0,0.0,0.0,0.0,0.0,0.0,0.0,0.0,0.0,0.0,0.0,0.0,0.0,0.0,0.0,0.0,0.0,0.0,0.0,0.0,0.0,0.0,0.0,0.0,0.0,0.0,0.0,0.0,0.0,0.0,0.0,0.0,0.0
1732,0.0,0.0,0.0,0.0,0.0,0.0,0.0,0.0,0.0,0.0,0.0,0.0,0.0,0.0,0.0,0.0,0.0,0.0,0.0,0.0,0.0,0.0,0.0,0.0,0.0,0.0,0.0,0.0,0.0,0.0,0.0,0.0,0.0,0.0,0.0,0.0,0.0,0.0,0.0,0.0,0.0,0.0,0.0,0.0,0.0,0.0,0.0,0.0,0.0,0.0,0.0,0.0,0.0,0.0,0.0,0.0,0.0,0.0,0.0,0.0,0.0,0.0,0.0,0.0
1733,0.0,0.0,0.0,0.0,0.0,0.0,0.0,0.0,0.0,0.0,0.0,0.0,0.0,0.0,0.0,0.0,0.0,0.0,0.0,0.0,0.0,0.0,0.0,0.0,0.0,0.0,0.0,0.0,0.0,0.0,0.0,0.0,0.0,0.0,0.0,0.0,0.0,0.0,0.0,0.0,0.0,0.0,0.0,0.0,0.0,0.0,0.0,0.0,0.0,0.0,0.0,0.0,0.0,0.0,0.0,0.0,0.0,0.0,0.0,0.0,0.0,0.0,0.0,0.0
1734,0.0,0.0,0.0,0.0,0.0,0.0,0.0,0.0,0.0,0.0,0.0,0.0,0.0,0.0,0.0,0.0,0.0,0.0,0.0,0.0,0.0,0.0,0.0,0.0,0.0,0.0,0.0,0.0,0.0,0.0,0.0,0.0,0.0,0.0,0.0,0.0,0.0,0.0,0.0,0.0,0.0,0.0,0.0,0.0,0.0,0.0,0.0,0.0,0.0,0.0,0.0,0.0,0.0,0.0,0.0,0.0,0.0,0.0,0.0,0.0,0.0,0.0,0.0,0.0
1735,0.0,0.0,0.0,0.0,0.0,0.0,0.0,0.0,0.0,0.0,0.0,0.0,0.0,0.0,0.0,0.0,0.0,0.0,0.0,0.0,0.0,0.0,0.0,0.0,0.0,0.0,0.0,0.0,0.0,0.0,0.0,0.0,0.0,0.0,0.0,0.0,0.0,0.0,0.0,0.0,0.0,0.0,0.0,0.0,0.0,0.0,0.0,0.0,0.0,0.0,0.0,0.0,0.0,0.0,0.0,0.0,0.0,0.0,0.0,0.0,0.0,0.0,0.0,0.0
1736,0.0,0.0,0.0,0.0,0.0,0.0,0.0,0.0,0.0,0.0,0.0,0.0,0.0,0.0,0.0,0.0,0.0,0.0,0.0,0.0,0.0,0.0,0.0,0.0,0.0,0.0,0.0,0.0,0.0,0.0,0.0,0.0,0.0,0.0,0.0,0.0,0.0,0.0,0.0,0.0,0.0,0.0,0.0,0.0,0.0,0.0,0.0,0.0,0.0,0.0,0.0,0.0,0.0,0.0,0.0,0.0,0.0,0.0,0.0,0.0,0.0,0.0,0.0,0.0
1737,0.0,0.0,0.0,0.0,0.0,0.0,0.0,0.0,0.0,0.0,0.0,0.0,0.0,0.0,0.0,0.0,0.0,0.0,0.0,0.0,0.0,0.0,0.0,0.0,0.0,0.0,0.0,0.0,0.0,0.0,0.0,0.0,0.0,0.0,0.0,0.0,0.0,0.0,0.0,0.0,0.0,0.0,0.0,0.0,0.0,0.0,0.0,0.0,0.0,0.0,0.0,0.0,0.0,0.0,0.0,0.0,0.0,0.0,0.0,0.0,0.0,0.0,0.0,0.0
1738,0.0,0.0,0.0,0.0,0.0,0.0,0.0,0.0,0.0,0.0,0.0,0.0,0.0,0.0,0.0,0.0,0.0,0.0,0.0,0.0,0.0,0.0,0.0,0.0,0.0,0.0,0.0,0.0,0.0,0.0,0.0,0.0,0.0,0.0,0.0,0.0,0.0,0.0,0.0,0.0,0.0,0.0,0.0,0.0,0.0,0.0,0.0,0.0,0.0,0.0,0.0,0.0,0.0,0.0,0.0,0.0,0.0,0.0,0.0,0.0,0.0,0.0,0.0,0.0
1739,0.0,0.38,0.36,0.0,0.0,0.02,0.0,0.0,0.03,0.01,0.02,0.01,0.03,0.0,0.01,0.01,0.02,0.01,0.02,0.01,0.01,0.0,0.08,0.02,0.01,0.37,0.0,0.0,0.38,0.38,0.4,0.0,0.0,0.0,0.0,0.04,0.03,0.03,0.05,0.03,0.18,0.05,0.13,0.02,0.02,0.07,0.02,0.0,0.0,0.02,0.31,0.26,0.3,0.32,0.35,0.31,0.0,0.33,0.27,0.32,0.27,0.31,0.29,0.27
1740,0.0,0.26,0.77,0.0,0.0,0.74,0.0,0.0,0.02,0.04,0.05,0.03,0.31,0.04,0.03,0.03,0.08,0.02,0.02,0.02,0.02,0.05,0.07,0.04,0.02,0.44,0.0,0.0,0.6,0.17,0.18,0.0,0.0,0.0,0.0,0.08,0.08,0.08,0.66,0.08,0.58,0.16,0.24,0.04,0.05,0.64,0.39,0.0,0.0,0.28,0.76,0.75,0.56,0.71,0.47,0.69,0.0,0.67,0.74,0.56,0.75,0.75,0.7,0.76
1741,0.0,0.91,0.91,0.0,0.0,0.55,0.0,0.0,0.74,0.67,0.77,0.76,0.14,0.18,0.24,0.09,0.84,0.12,0.09,0.16,0.76,0.37,0.08,0.82,0.07,0.91,0.0,0.0,0.84,0.91,0.91,0.0,0.0,0.0,0.0,0.9,0.87,0.86,0.91,0.86,0.89,0.91,0.83,0.86,0.84,0.91,0.58,0.0,0.0,0.89,0.62,0.76,0.55,0.9,0.85,0.9,0.0,0.76,0.91,0.64,0.79,0.81,0.91,0.91
1742,0.0,0.91,0.91,0.0,0.0,0.82,0.0,0.0,0.91,0.88,0.91,0.91,0.41,0.51,0.71,0.9,0.91,0.34,0.82,0.91,0.91,0.25,0.42,0.91,0.11,0.91,0.0,0.0,0.91,0.91,0.91,0.0,0.0,0.0,0.0,0.91,0.91,0.91,0.91,0.91,0.91,0.91,0.91,0.91,0.91,0.91,0.78,0.0,0.0,0.72,0.75,0.78,0.91,0.69,0.91,0.91,0.0,0.91,0.91,0.91,0.91,0.91,0.91,0.91
1743,0.0,0.91,0.91,0.0,0.0,0.88,0.0,0.0,0.91,0.91,0.91,0.91,0.38,0.57,0.59,0.78,0.91,0.54,0.91,0.91,0.91,0.47,0.29,0.91,0.75,0.73,0.0,0.0,0.91,0.91,0.89,0.0,0.0,0.0,0.0,0.9,0.91,0.91,0.91,0.91,0.91,0.91,0.91,0.91,0.91,0.91,0.91,0.0,0.0,0.91,0.67,0.8,0.91,0.64,0.91,0.91,0.0,0.77,0.91,0.91,0.91,0.77,0.91,0.91
1744,0.0,0.91,0.91,0.0,0.0,0.87,0.0,0.0,0.91,0.91,0.91,0.91,0.18,0.73,0.84,0.86,0.91,0.91,0.91,0.85,0.91,0.79,0.11,0.91,0.67,0.91,0.0,0.0,0.91,0.91,0.91,0.0,0.0,0.0,0.0,0.65,0.91,0.91,0.91,0.91,0.91,0.91,0.91,0.91,0.91,0.91,0.9,0.0,0.0,0.91,0.78,0.91,0.91,0.46,0.85,0.91,0.0,0.69,0.9,0.91,0.78,0.77,0.91,0.86
1745,0.0,0.91,0.91,0.0,0.0,0.91,0.0,0.0,0.91,0.65,0.91,0.91,0.72,0.91,0.91,0.91,0.91,0.91,0.91,0.91,0.86,0.81,0.62,0.88,0.53,0.91,0.0,0.0,0.91,0.91,0.91,0.0,0.0,0.0,0.0,0.64,0.91,0.91,0.88,0.91,0.91,0.91,0.91,0.91,0.91,0.89,0.91,0.0,0.0,0.91,0.88,0.88,0.91,0.63,0.67,0.91,0.0,0.74,0.91,0.91,0.83,0.8,0.91,0.91
1746,0.0,0.91,0.91,0.0,0.0,0.91,0.0,0.0,0.91,0.84,0.91,0.91,0.8,0.91,0.91,0.91,0.91,0.64,0.91,0.91,0.53,0.91,0.91,0.91,0.89,0.91,0.0,0.0,0.91,0.91,0.91,0.0,0.0,0.0,0.0,0.63,0.91,0.91,0.86,0.91,0.91,0.84,0.86,0.91,0.91,0.76,0.91,0.0,0.0,0.91,0.91,0.91,0.91,0.84,0.86,0.64,0.0,0.41,0.91,0.91,0.91,0.91,0.91,0.91
1747,0.0,0.7,0.66,0.0,0.0,0.82,0.0,0.0,0.38,0.87,0.44,0.91,0.73,0.91,0.91,0.91,0.91,0.91,0.91,0.42,0.91,0.91,0.82,0.91,0.45,0.58,0.0,0.0,0.77,0.73,0.68,0.0,0.0,0.0,0.0,0.84,0.91,0.6,0.89,0.91,0.91,0.91,0.91,0.91,0.91,0.91,0.78,0.0,0.0,0.78,0.91,0.76,0.91,0.88,0.91,0.52,0.0,0.89,0.91,0.91,0.91,0.91,0.82,0.91
1748,0.0,0.72,0.81,0.0,0.0,0.65,0.0,0.0,0.76,0.68,0.69,0.82,0.32,0.22,0.41,0.34,0.81,0.35,0.74,0.67,0.7,0.33,0.21,0.78,0.74,0.44,0.0,0.0,0.5,0.68,0.52,0.0,0.0,0.0,0.0,0.44,0.81,0.38,0.52,0.27,0.79,0.52,0.61,0.6,0.8,0.57,0.71,0.0,0.0,0.71,0.36,0.57,0.78,0.43,0.75,0.38,0.0,0.7,0.74,0.76,0.65,0.45,0.56,0.7
1749,0.0,0.5,0.5,0.0,0.0,0.44,0.0,0.0,0.25,0.24,0.24,0.39,0.1,0.26,0.15,0.31,0.38,0.04,0.07,0.33,0.3,0.23,0.02,0.25,0.4,0.44,0.0,0.0,0.31,0.5,0.42,0.0,0.0,0.0,0.0,0.31,0.3,0.21,0.3,0.24,0.32,0.29,0.29,0.28,0.24,0.32,0.4,0.0,0.0,0.39,0.22,0.35,0.36,0.21,0.34,0.28,0.0,0.36,0.37,0.39,0.36,0.28,0.32,0.34
1750,0.0,0.0,0.0,0.0,0.0,0.0,0.0,0.0,0.0,0.0,0.0,0.0,0.0,0.0,0.0,0.0,0.0,0.0,0.0,0.0,0.0,0.0,0.0,0.0,0.0,0.0,0.0,0.0,0.0,0.0,0.0,0.0,0.0,0.0,0.0,0.0,0.0,0.0,0.0,0.0,0.0,0.0,0.0,0.0,0.0,0.0,0.0,0.0,0.0,0.0,0.0,0.0,0.0,0.0,0.0,0.0,0.0,0.0,0.0,0.0,0.0,0.0,0.0,0.0
1751,0.0,0.0,0.0,0.0,0.0,0.0,0.0,0.0,0.0,0.0,0.0,0.0,0.0,0.0,0.0,0.0,0.0,0.0,0.0,0.0,0.0,0.0,0.0,0.0,0.0,0.0,0.0,0.0,0.0,0.0,0.0,0.0,0.0,0.0,0.0,0.0,0.0,0.0,0.0,0.0,0.0,0.0,0.0,0.0,0.0,0.0,0.0,0.0,0.0,0.0,0.0,0.0,0.0,0.0,0.0,0.0,0.0,0.0,0.0,0.0,0.0,0.0,0.0,0.0
1752,0.0,0.0,0.0,0.0,0.0,0.0,0.0,0.0,0.0,0.0,0.0,0.0,0.0,0.0,0.0,0.0,0.0,0.0,0.0,0.0,0.0,0.0,0.0,0.0,0.0,0.0,0.0,0.0,0.0,0.0,0.0,0.0,0.0,0.0,0.0,0.0,0.0,0.0,0.0,0.0,0.0,0.0,0.0,0.0,0.0,0.0,0.0,0.0,0.0,0.0,0.0,0.0,0.0,0.0,0.0,0.0,0.0,0.0,0.0,0.0,0.0,0.0,0.0,0.0
1753,0.0,0.0,0.0,0.0,0.0,0.0,0.0,0.0,0.0,0.0,0.0,0.0,0.0,0.0,0.0,0.0,0.0,0.0,0.0,0.0,0.0,0.0,0.0,0.0,0.0,0.0,0.0,0.0,0.0,0.0,0.0,0.0,0.0,0.0,0.0,0.0,0.0,0.0,0.0,0.0,0.0,0.0,0.0,0.0,0.0,0.0,0.0,0.0,0.0,0.0,0.0,0.0,0.0,0.0,0.0,0.0,0.0,0.0,0.0,0.0,0.0,0.0,0.0,0.0
1754,0.0,0.0,0.0,0.0,0.0,0.0,0.0,0.0,0.0,0.0,0.0,0.0,0.0,0.0,0.0,0.0,0.0,0.0,0.0,0.0,0.0,0.0,0.0,0.0,0.0,0.0,0.0,0.0,0.0,0.0,0.0,0.0,0.0,0.0,0.0,0.0,0.0,0.0,0.0,0.0,0.0,0.0,0.0,0.0,0.0,0.0,0.0,0.0,0.0,0.0,0.0,0.0,0.0,0.0,0.0,0.0,0.0,0.0,0.0,0.0,0.0,0.0,0.0,0.0
1755,0.0,0.0,0.0,0.0,0.0,0.0,0.0,0.0,0.0,0.0,0.0,0.0,0.0,0.0,0.0,0.0,0.0,0.0,0.0,0.0,0.0,0.0,0.0,0.0,0.0,0.0,0.0,0.0,0.0,0.0,0.0,0.0,0.0,0.0,0.0,0.0,0.0,0.0,0.0,0.0,0.0,0.0,0.0,0.0,0.0,0.0,0.0,0.0,0.0,0.0,0.0,0.0,0.0,0.0,0.0,0.0,0.0,0.0,0.0,0.0,0.0,0.0,0.0,0.0
1756,0.0,0.0,0.0,0.0,0.0,0.0,0.0,0.0,0.0,0.0,0.0,0.0,0.0,0.0,0.0,0.0,0.0,0.0,0.0,0.0,0.0,0.0,0.0,0.0,0.0,0.0,0.0,0.0,0.0,0.0,0.0,0.0,0.0,0.0,0.0,0.0,0.0,0.0,0.0,0.0,0.0,0.0,0.0,0.0,0.0,0.0,0.0,0.0,0.0,0.0,0.0,0.0,0.0,0.0,0.0,0.0,0.0,0.0,0.0,0.0,0.0,0.0,0.0,0.0
1757,0.0,0.0,0.0,0.0,0.0,0.0,0.0,0.0,0.0,0.0,0.0,0.0,0.0,0.0,0.0,0.0,0.0,0.0,0.0,0.0,0.0,0.0,0.0,0.0,0.0,0.0,0.0,0.0,0.0,0.0,0.0,0.0,0.0,0.0,0.0,0.0,0.0,0.0,0.0,0.0,0.0,0.0,0.0,0.0,0.0,0.0,0.0,0.0,0.0,0.0,0.0,0.0,0.0,0.0,0.0,0.0,0.0,0.0,0.0,0.0,0.0,0.0,0.0,0.0
1758,0.0,0.0,0.0,0.0,0.0,0.0,0.0,0.0,0.0,0.0,0.0,0.0,0.0,0.0,0.0,0.0,0.0,0.0,0.0,0.0,0.0,0.0,0.0,0.0,0.0,0.0,0.0,0.0,0.0,0.0,0.0,0.0,0.0,0.0,0.0,0.0,0.0,0.0,0.0,0.0,0.0,0.0,0.0,0.0,0.0,0.0,0.0,0.0,0.0,0.0,0.0,0.0,0.0,0.0,0.0,0.0,0.0,0.0,0.0,0.0,0.0,0.0,0.0,0.0
1759,0.0,0.0,0.0,0.0,0.0,0.0,0.0,0.0,0.0,0.0,0.0,0.0,0.0,0.0,0.0,0.0,0.0,0.0,0.0,0.0,0.0,0.0,0.0,0.0,0.0,0.0,0.0,0.0,0.0,0.0,0.0,0.0,0.0,0.0,0.0,0.0,0.0,0.0,0.0,0.0,0.0,0.0,0.0,0.0,0.0,0.0,0.0,0.0,0.0,0.0,0.0,0.0,0.0,0.0,0.0,0.0,0.0,0.0,0.0,0.0,0.0,0.0,0.0,0.0
1760,0.0,0.0,0.0,0.0,0.0,0.0,0.0,0.0,0.0,0.0,0.0,0.0,0.0,0.0,0.0,0.0,0.0,0.0,0.0,0.0,0.0,0.0,0.0,0.0,0.0,0.0,0.0,0.0,0.0,0.0,0.0,0.0,0.0,0.0,0.0,0.0,0.0,0.0,0.0,0.0,0.0,0.0,0.0,0.0,0.0,0.0,0.0,0.0,0.0,0.0,0.0,0.0,0.0,0.0,0.0,0.0,0.0,0.0,0.0,0.0,0.0,0.0,0.0,0.0
1761,0.0,0.0,0.0,0.0,0.0,0.0,0.0,0.0,0.0,0.0,0.0,0.0,0.0,0.0,0.0,0.0,0.0,0.0,0.0,0.0,0.0,0.0,0.0,0.0,0.0,0.0,0.0,0.0,0.0,0.0,0.0,0.0,0.0,0.0,0.0,0.0,0.0,0.0,0.0,0.0,0.0,0.0,0.0,0.0,0.0,0.0,0.0,0.0,0.0,0.0,0.0,0.0,0.0,0.0,0.0,0.0,0.0,0.0,0.0,0.0,0.0,0.0,0.0,0.0
1762,0.0,0.0,0.0,0.0,0.0,0.0,0.0,0.0,0.0,0.0,0.0,0.0,0.0,0.0,0.0,0.0,0.0,0.0,0.0,0.0,0.0,0.0,0.0,0.0,0.0,0.0,0.0,0.0,0.0,0.0,0.0,0.0,0.0,0.0,0.0,0.0,0.0,0.0,0.0,0.0,0.0,0.0,0.0,0.0,0.0,0.0,0.0,0.0,0.0,0.0,0.0,0.0,0.0,0.0,0.0,0.0,0.0,0.0,0.0,0.0,0.0,0.0,0.0,0.0
1763,0.0,0.5,0.49,0.0,0.0,0.54,0.0,0.0,0.6,0.64,0.57,0.62,0.68,0.63,0.63,0.62,0.6,0.68,0.68,0.62,0.64,0.64,0.68,0.58,0.58,0.51,0.0,0.0,0.51,0.5,0.51,0.0,0.0,0.0,0.0,0.53,0.56,0.58,0.54,0.58,0.57,0.55,0.55,0.57,0.58,0.54,0.54,0.0,0.0,0.55,0.5,0.5,0.53,0.49,0.54,0.49,0.0,0.5,0.51,0.52,0.5,0.5,0.51,0.51
1764,0.0,0.84,0.84,0.0,0.0,0.83,0.0,0.0,0.85,0.89,0.83,0.9,0.87,0.86,0.87,0.86,0.89,0.91,0.91,0.86,0.89,0.88,0.88,0.86,0.85,0.86,0.0,0.0,0.84,0.84,0.84,0.0,0.0,0.0,0.0,0.84,0.86,0.89,0.84,0.88,0.88,0.86,0.86,0.86,0.86,0.85,0.84,0.0,0.0,0.85,0.84,0.84,0.85,0.84,0.84,0.81,0.0,0.84,0.84,0.85,0.83,0.85,0.85,0.84
1765,0.0,0.91,0.91,0.0,0.0,0.91,0.0,0.0,0.91,0.91,0.91,0.91,0.91,0.91,0.91,0.91,0.91,0.91,0.91,0.91,0.91,0.91,0.91,0.91,0.91,0.91,0.0,0.0,0.91,0.91,0.91,0.0,0.0,0.0,0.0,0.91,0.91,0.91,0.91,0.91,0.91,0.91,0.91,0.91,0.91,0.91,0.91,0.0,0.0,0.91,0.91,0.91,0.91,0.91,0.91,0.91,0.0,0.91,0.91,0.91,0.91,0.91,0.91,0.91
1766,0.0,0.91,0.91,0.0,0.0,0.91,0.0,0.0,0.91,0.91,0.91,0.91,0.91,0.91,0.91,0.91,0.91,0.91,0.91,0.91,0.91,0.91,0.91,0.91,0.91,0.91,0.0,0.0,0.91,0.91,0.91,0.0,0.0,0.0,0.0,0.91,0.91,0.91,0.91,0.91,0.91,0.91,0.91,0.91,0.91,0.91,0.91,0.0,0.0,0.91,0.91,0.91,0.91,0.91,0.91,0.91,0.0,0.91,0.91,0.91,0.91,0.91,0.91,0.91
1767,0.0,0.91,0.91,0.0,0.0,0.91,0.0,0.0,0.91,0.91,0.91,0.91,0.91,0.91,0.91,0.91,0.91,0.91,0.91,0.91,0.91,0.91,0.91,0.91,0.91,0.91,0.0,0.0,0.91,0.91,0.91,0.0,0.0,0.0,0.0,0.91,0.91,0.91,0.91,0.91,0.91,0.91,0.91,0.91,0.91,0.91,0.91,0.0,0.0,0.91,0.91,0.91,0.91,0.91,0.91,0.91,0.0,0.91,0.91,0.91,0.91,0.91,0.91,0.91
1768,0.0,0.91,0.91,0.0,0.0,0.91,0.0,0.0,0.91,0.91,0.91,0.91,0.91,0.91,0.91,0.91,0.91,0.91,0.91,0.91,0.91,0.91,0.91,0.91,0.91,0.91,0.0,0.0,0.91,0.91,0.91,0.0,0.0,0.0,0.0,0.91,0.91,0.91,0.91,0.91,0.91,0.91,0.91,0.91,0.91,0.91,0.91,0.0,0.0,0.91,0.91,0.91,0.91,0.91,0.91,0.91,0.0,0.91,0.91,0.91,0.91,0.91,0.91,0.91
1769,0.0,0.91,0.91,0.0,0.0,0.91,0.0,0.0,0.91,0.91,0.91,0.91,0.91,0.91,0.91,0.91,0.91,0.91,0.91,0.91,0.91,0.91,0.91,0.91,0.91,0.91,0.0,0.0,0.91,0.91,0.91,0.0,0.0,0.0,0.0,0.91,0.91,0.91,0.91,0.91,0.91,0.91,0.91,0.91,0.91,0.91,0.91,0.0,0.0,0.91,0.91,0.91,0.91,0.91,0.91,0.91,0.0,0.91,0.91,0.91,0.91,0.91,0.91,0.91
1770,0.0,0.91,0.91,0.0,0.0,0.91,0.0,0.0,0.91,0.91,0.91,0.91,0.91,0.91,0.91,0.91,0.91,0.91,0.91,0.91,0.91,0.91,0.91,0.91,0.91,0.91,0.0,0.0,0.91,0.91,0.91,0.0,0.0,0.0,0.0,0.91,0.91,0.91,0.91,0.91,0.91,0.91,0.91,0.91,0.91,0.91,0.91,0.0,0.0,0.91,0.91,0.91,0.91,0.91,0.91,0.91,0.0,0.91,0.91,0.91,0.91,0.91,0.91,0.91
1771,0.0,0.91,0.91,0.0,0.0,0.91,0.0,0.0,0.91,0.91,0.91,0.91,0.91,0.91,0.91,0.91,0.91,0.91,0.91,0.91,0.91,0.91,0.91,0.91,0.91,0.91,0.0,0.0,0.91,0.91,0.91,0.0,0.0,0.0,0.0,0.91,0.91,0.91,0.91,0.91,0.91,0.91,0.91,0.91,0.91,0.91,0.91,0.0,0.0,0.91,0.91,0.91,0.91,0.91,0.91,0.91,0.0,0.91,0.91,0.91,0.91,0.91,0.91,0.91
1772,0.0,0.82,0.81,0.0,0.0,0.8,0.0,0.0,0.79,0.77,0.77,0.82,0.76,0.79,0.79,0.78,0.82,0.79,0.8,0.79,0.8,0.79,0.76,0.77,0.79,0.83,0.0,0.0,0.83,0.81,0.83,0.0,0.0,0.0,0.0,0.81,0.8,0.81,0.82,0.82,0.82,0.82,0.82,0.79,0.79,0.83,0.81,0.0,0.0,0.81,0.83,0.81,0.83,0.81,0.83,0.8,0.0,0.81,0.83,0.83,0.83,0.82,0.85,0.83
1773,0.0,0.45,0.46,0.0,0.0,0.39,0.0,0.0,0.33,0.25,0.34,0.3,0.22,0.28,0.28,0.29,0.34,0.25,0.22,0.3,0.2,0.28,0.22,0.3,0.34,0.43,0.0,0.0,0.43,0.45,0.44,0.0,0.0,0.0,0.0,0.41,0.35,0.37,0.39,0.38,0.34,0.41,0.38,0.3,0.34,0.41,0.39,0.0,0.0,0.38,0.43,0.46,0.41,0.39,0.36,0.41,0.0,0.4,0.42,0.35,0.37,0.38,0.45,0.42
1774,0.0,0.0,0.0,0.0,0.0,0.0,0.0,0.0,0.0,0.0,0.0,0.0,0.0,0.0,0.0,0.0,0.0,0.0,0.0,0.0,0.0,0.0,0.0,0.0,0.0,0.0,0.0,0.0,0.0,0.0,0.0,0.0,0.0,0.0,0.0,0.0,0.0,0.0,0.0,0.0,0.0,0.0,0.0,0.0,0.0,0.0,0.0,0.0,0.0,0.0,0.0,0.0,0.0,0.0,0.0,0.0,0.0,0.0,0.0,0.0,0.0,0.0,0.0,0.0
1775,0.0,0.0,0.0,0.0,0.0,0.0,0.0,0.0,0.0,0.0,0.0,0.0,0.0,0.0,0.0,0.0,0.0,0.0,0.0,0.0,0.0,0.0,0.0,0.0,0.0,0.0,0.0,0.0,0.0,0.0,0.0,0.0,0.0,0.0,0.0,0.0,0.0,0.0,0.0,0.0,0.0,0.0,0.0,0.0,0.0,0.0,0.0,0.0,0.0,0.0,0.0,0.0,0.0,0.0,0.0,0.0,0.0,0.0,0.0,0.0,0.0,0.0,0.0,0.0
1776,0.0,0.0,0.0,0.0,0.0,0.0,0.0,0.0,0.0,0.0,0.0,0.0,0.0,0.0,0.0,0.0,0.0,0.0,0.0,0.0,0.0,0.0,0.0,0.0,0.0,0.0,0.0,0.0,0.0,0.0,0.0,0.0,0.0,0.0,0.0,0.0,0.0,0.0,0.0,0.0,0.0,0.0,0.0,0.0,0.0,0.0,0.0,0.0,0.0,0.0,0.0,0.0,0.0,0.0,0.0,0.0,0.0,0.0,0.0,0.0,0.0,0.0,0.0,0.0
1777,0.0,0.0,0.0,0.0,0.0,0.0,0.0,0.0,0.0,0.0,0.0,0.0,0.0,0.0,0.0,0.0,0.0,0.0,0.0,0.0,0.0,0.0,0.0,0.0,0.0,0.0,0.0,0.0,0.0,0.0,0.0,0.0,0.0,0.0,0.0,0.0,0.0,0.0,0.0,0.0,0.0,0.0,0.0,0.0,0.0,0.0,0.0,0.0,0.0,0.0,0.0,0.0,0.0,0.0,0.0,0.0,0.0,0.0,0.0,0.0,0.0,0.0,0.0,0.0
1778,0.0,0.0,0.0,0.0,0.0,0.0,0.0,0.0,0.0,0.0,0.0,0.0,0.0,0.0,0.0,0.0,0.0,0.0,0.0,0.0,0.0,0.0,0.0,0.0,0.0,0.0,0.0,0.0,0.0,0.0,0.0,0.0,0.0,0.0,0.0,0.0,0.0,0.0,0.0,0.0,0.0,0.0,0.0,0.0,0.0,0.0,0.0,0.0,0.0,0.0,0.0,0.0,0.0,0.0,0.0,0.0,0.0,0.0,0.0,0.0,0.0,0.0,0.0,0.0
1779,0.0,0.0,0.0,0.0,0.0,0.0,0.0,0.0,0.0,0.0,0.0,0.0,0.0,0.0,0.0,0.0,0.0,0.0,0.0,0.0,0.0,0.0,0.0,0.0,0.0,0.0,0.0,0.0,0.0,0.0,0.0,0.0,0.0,0.0,0.0,0.0,0.0,0.0,0.0,0.0,0.0,0.0,0.0,0.0,0.0,0.0,0.0,0.0,0.0,0.0,0.0,0.0,0.0,0.0,0.0,0.0,0.0,0.0,0.0,0.0,0.0,0.0,0.0,0.0
1780,0.0,0.0,0.0,0.0,0.0,0.0,0.0,0.0,0.0,0.0,0.0,0.0,0.0,0.0,0.0,0.0,0.0,0.0,0.0,0.0,0.0,0.0,0.0,0.0,0.0,0.0,0.0,0.0,0.0,0.0,0.0,0.0,0.0,0.0,0.0,0.0,0.0,0.0,0.0,0.0,0.0,0.0,0.0,0.0,0.0,0.0,0.0,0.0,0.0,0.0,0.0,0.0,0.0,0.0,0.0,0.0,0.0,0.0,0.0,0.0,0.0,0.0,0.0,0.0
1781,0.0,0.0,0.0,0.0,0.0,0.0,0.0,0.0,0.0,0.0,0.0,0.0,0.0,0.0,0.0,0.0,0.0,0.0,0.0,0.0,0.0,0.0,0.0,0.0,0.0,0.0,0.0,0.0,0.0,0.0,0.0,0.0,0.0,0.0,0.0,0.0,0.0,0.0,0.0,0.0,0.0,0.0,0.0,0.0,0.0,0.0,0.0,0.0,0.0,0.0,0.0,0.0,0.0,0.0,0.0,0.0,0.0,0.0,0.0,0.0,0.0,0.0,0.0,0.0
1782,0.0,0.0,0.0,0.0,0.0,0.0,0.0,0.0,0.0,0.0,0.0,0.0,0.0,0.0,0.0,0.0,0.0,0.0,0.0,0.0,0.0,0.0,0.0,0.0,0.0,0.0,0.0,0.0,0.0,0.0,0.0,0.0,0.0,0.0,0.0,0.0,0.0,0.0,0.0,0.0,0.0,0.0,0.0,0.0,0.0,0.0,0.0,0.0,0.0,0.0,0.0,0.0,0.0,0.0,0.0,0.0,0.0,0.0,0.0,0.0,0.0,0.0,0.0,0.0
1783,0.0,0.0,0.0,0.0,0.0,0.0,0.0,0.0,0.0,0.0,0.0,0.0,0.0,0.0,0.0,0.0,0.0,0.0,0.0,0.0,0.0,0.0,0.0,0.0,0.0,0.0,0.0,0.0,0.0,0.0,0.0,0.0,0.0,0.0,0.0,0.0,0.0,0.0,0.0,0.0,0.0,0.0,0.0,0.0,0.0,0.0,0.0,0.0,0.0,0.0,0.0,0.0,0.0,0.0,0.0,0.0,0.0,0.0,0.0,0.0,0.0,0.0,0.0,0.0
1784,0.0,0.0,0.0,0.0,0.0,0.0,0.0,0.0,0.0,0.0,0.0,0.0,0.0,0.0,0.0,0.0,0.0,0.0,0.0,0.0,0.0,0.0,0.0,0.0,0.0,0.0,0.0,0.0,0.0,0.0,0.0,0.0,0.0,0.0,0.0,0.0,0.0,0.0,0.0,0.0,0.0,0.0,0.0,0.0,0.0,0.0,0.0,0.0,0.0,0.0,0.0,0.0,0.0,0.0,0.0,0.0,0.0,0.0,0.0,0.0,0.0,0.0,0.0,0.0
1785,0.0,0.0,0.0,0.0,0.0,0.0,0.0,0.0,0.0,0.0,0.0,0.0,0.0,0.0,0.0,0.0,0.0,0.0,0.0,0.0,0.0,0.0,0.0,0.0,0.0,0.0,0.0,0.0,0.0,0.0,0.0,0.0,0.0,0.0,0.0,0.0,0.0,0.0,0.0,0.0,0.0,0.0,0.0,0.0,0.0,0.0,0.0,0.0,0.0,0.0,0.0,0.0,0.0,0.0,0.0,0.0,0.0,0.0,0.0,0.0,0.0,0.0,0.0,0.0
1786,0.0,0.0,0.0,0.0,0.0,0.0,0.0,0.0,0.0,0.0,0.0,0.0,0.01,0.0,0.0,0.0,0.0,0.0,0.0,0.0,0.0,0.0,0.01,0.0,0.0,0.0,0.0,0.0,0.0,0.0,0.0,0.0,0.0,0.0,0.0,0.0,0.0,0.0,0.0,0.0,0.0,0.0,0.0,0.0,0.0,0.0,0.0,0.0,0.0,0.0,0.0,0.0,0.0,0.0,0.0,0.0,0.0,0.0,0.0,0.0,0.0,0.0,0.0,0.0
1787,0.0,0.07,0.32,0.0,0.0,0.5,0.0,0.0,0.57,0.33,0.55,0.57,0.64,0.6,0.59,0.58,0.55,0.45,0.46,0.58,0.39,0.6,0.65,0.54,0.54,0.32,0.0,0.0,0.36,0.08,0.31,0.0,0.0,0.0,0.0,0.49,0.49,0.54,0.44,0.54,0.42,0.45,0.45,0.53,0.52,0.43,0.5,0.0,0.0,0.5,0.33,0.29,0.33,0.32,0.2,0.33,0.0,0.14,0.33,0.36,0.33,0.32,0.34,0.35
1788,0.0,0.73,0.74,0.0,0.0,0.72,0.0,0.0,0.77,0.68,0.76,0.78,0.76,0.79,0.78,0.78,0.74,0.76,0.78,0.79,0.77,0.79,0.76,0.73,0.73,0.72,0.0,0.0,0.6,0.73,0.7,0.0,0.0,0.0,0.0,0.73,0.75,0.75,0.68,0.77,0.68,0.72,0.71,0.74,0.75,0.69,0.73,0.0,0.0,0.73,0.29,0.52,0.55,0.51,0.66,0.59,0.0,0.58,0.41,0.61,0.18,0.48,0.55,0.24
1789,0.0,0.88,0.89,0.0,0.0,0.85,0.0,0.0,0.89,0.85,0.88,0.89,0.9,0.9,0.9,0.89,0.88,0.91,0.91,0.89,0.91,0.9,0.9,0.88,0.86,0.89,0.0,0.0,0.86,0.88,0.87,0.0,0.0,0.0,0.0,0.84,0.77,0.89,0.78,0.89,0.85,0.82,0.83,0.86,0.88,0.81,0.86,0.0,0.0,0.86,0.54,0.8,0.77,0.4,0.85,0.85,0.0,0.52,0.49,0.84,0.7,0.48,0.87,0.58
1790,0.0,0.91,0.91,0.0,0.0,0.91,0.0,0.0,0.91,0.6,0.91,0.91,0.91,0.91,0.91,0.91,0.91,0.91,0.91,0.91,0.91,0.91,0.91,0.89,0.91,0.91,0.0,0.0,0.91,0.91,0.91,0.0,0.0,0.0,0.0,0.91,0.88,0.91,0.91,0.91,0.86,0.91,0.89,0.87,0.88,0.91,0.91,0.0,0.0,0.91,0.91,0.9,0.79,0.9,0.91,0.91,0.0,0.82,0.91,0.88,0.91,0.91,0.91,0.91
1791,0.0,0.91,0.91,0.0,0.0,0.91,0.0,0.0,0.91,0.7,0.91,0.91,0.91,0.91,0.91,0.91,0.91,0.91,0.91,0.91,0.91,0.91,0.91,0.91,0.91,0.91,0.0,0.0,0.91,0.91,0.91,0.0,0.0,0.0,0.0,0.91,0.87,0.9,0.91,0.91,0.88,0.91,0.91,0.9,0.9,0.91,0.91,0.0,0.0,0.91,0.86,0.91,0.91,0.91,0.91,0.35,0.0,0.28,0.84,0.91,0.85,0.86,0.91,0.84
1792,0.0,0.91,0.91,0.0,0.0,0.91,0.0,0.0,0.91,0.85,0.91,0.91,0.91,0.91,0.91,0.91,0.91,0.91,0.91,0.91,0.91,0.91,0.91,0.91,0.91,0.91,0.0,0.0,0.91,0.91,0.91,0.0,0.0,0.0,0.0,0.91,0.91,0.91,0.91,0.91,0.88,0.91,0.91,0.91,0.91,0.91,0.91,0.0,0.0,0.91,0.8,0.91,0.85,0.78,0.51,0.84,0.0,0.79,0.84,0.89,0.86,0.82,0.91,0.83
1793,0.0,0.91,0.91,0.0,0.0,0.91,0.0,0.0,0.91,0.74,0.91,0.81,0.91,0.91,0.91,0.91,0.91,0.91,0.91,0.91,0.7,0.91,0.91,0.91,0.91,0.91,0.0,0.0,0.91,0.91,0.91,0.0,0.0,0.0,0.0,0.91,0.91,0.89,0.91,0.9,0.84,0.91,0.91,0.91,0.91,0.91,0.91,0.0,0.0,0.91,0.91,0.91,0.82,0.81,0.85,0.61,0.0,0.72,0.91,0.73,0.91,0.91,0.91,0.91
1794,0.0,0.83,0.91,0.0,0.0,0.91,0.0,0.0,0.68,0.68,0.36,0.91,0.91,0.91,0.91,0.91,0.91,0.9,0.88,0.91,0.57,0.91,0.91,0.5,0.91,0.91,0.0,0.0,0.91,0.91,0.91,0.0,0.0,0.0,0.0,0.91,0.91,0.91,0.91,0.9,0.64,0.54,0.91,0.91,0.91,0.91,0.91,0.0,0.0,0.91,0.91,0.91,0.87,0.91,0.89,0.52,0.0,0.82,0.91,0.87,0.91,0.91,0.91,0.91
1795,0.0,0.89,0.89,0.0,0.0,0.87,0.0,0.0,0.14,0.11,0.22,0.86,0.85,0.85,0.85,0.85,0.83,0.17,0.17,0.83,0.47,0.85,0.85,0.86,0.86,0.9,0.0,0.0,0.89,0.89,0.89,0.0,0.0,0.0,0.0,0.85,0.87,0.86,0.89,0.86,0.88,0.71,0.6,0.87,0.43,0.89,0.87,0.0,0.0,0.87,0.9,0.9,0.88,0.89,0.79,0.13,0.0,0.88,0.89,0.79,0.9,0.9,0.9,0.9
1796,0.0,0.83,0.84,0.0,0.0,0.81,0.0,0.0,0.49,0.14,0.25,0.77,0.76,0.77,0.78,0.77,0.78,0.22,0.3,0.25,0.74,0.77,0.76,0.8,0.79,0.84,0.0,0.0,0.83,0.84,0.83,0.0,0.0,0.0,0.0,0.83,0.81,0.8,0.83,0.8,0.39,0.83,0.81,0.8,0.24,0.83,0.81,0.0,0.0,0.81,0.83,0.84,0.81,0.83,0.77,0.11,0.0,0.82,0.83,0.19,0.84,0.83,0.85,0.84
1797,0.0,0.48,0.49,0.0,0.0,0.44,0.0,0.0,0.37,0.01,0.17,0.38,0.08,0.34,0.33,0.34,0.4,0.01,0.01,0.35,0.28,0.31,0.07,0.17,0.39,0.49,0.0,0.0,0.48,0.49,0.48,0.0,0.0,0.0,0.0,0.46,0.42,0.42,0.46,0.42,0.44,0.45,0.45,0.42,0.41,0.46,0.44,0.0,0.0,0.43,0.49,0.49,0.44,0.48,0.18,0.04,0.0,0.19,0.48,0.08,0.48,0.49,0.49,0.48
1798,0.0,0.0,0.0,0.0,0.0,0.0,0.0,0.0,0.0,0.0,0.0,0.0,0.0,0.0,0.0,0.0,0.0,0.0,0.0,0.0,0.0,0.0,0.0,0.0,0.0,0.0,0.0,0.0,0.0,0.0,0.0,0.0,0.0,0.0,0.0,0.0,0.0,0.0,0.0,0.0,0.0,0.0,0.0,0.0,0.0,0.0,0.0,0.0,0.0,0.0,0.0,0.0,0.0,0.0,0.0,0.0,0.0,0.0,0.0,0.0,0.0,0.0,0.0,0.0
1799,0.0,0.0,0.0,0.0,0.0,0.0,0.0,0.0,0.0,0.0,0.0,0.0,0.0,0.0,0.0,0.0,0.0,0.0,0.0,0.0,0.0,0.0,0.0,0.0,0.0,0.0,0.0,0.0,0.0,0.0,0.0,0.0,0.0,0.0,0.0,0.0,0.0,0.0,0.0,0.0,0.0,0.0,0.0,0.0,0.0,0.0,0.0,0.0,0.0,0.0,0.0,0.0,0.0,0.0,0.0,0.0,0.0,0.0,0.0,0.0,0.0,0.0,0.0,0.0
1800,0.0,0.0,0.0,0.0,0.0,0.0,0.0,0.0,0.0,0.0,0.0,0.0,0.0,0.0,0.0,0.0,0.0,0.0,0.0,0.0,0.0,0.0,0.0,0.0,0.0,0.0,0.0,0.0,0.0,0.0,0.0,0.0,0.0,0.0,0.0,0.0,0.0,0.0,0.0,0.0,0.0,0.0,0.0,0.0,0.0,0.0,0.0,0.0,0.0,0.0,0.0,0.0,0.0,0.0,0.0,0.0,0.0,0.0,0.0,0.0,0.0,0.0,0.0,0.0
1801,0.0,0.0,0.0,0.0,0.0,0.0,0.0,0.0,0.0,0.0,0.0,0.0,0.0,0.0,0.0,0.0,0.0,0.0,0.0,0.0,0.0,0.0,0.0,0.0,0.0,0.0,0.0,0.0,0.0,0.0,0.0,0.0,0.0,0.0,0.0,0.0,0.0,0.0,0.0,0.0,0.0,0.0,0.0,0.0,0.0,0.0,0.0,0.0,0.0,0.0,0.0,0.0,0.0,0.0,0.0,0.0,0.0,0.0,0.0,0.0,0.0,0.0,0.0,0.0
1802,0.0,0.0,0.0,0.0,0.0,0.0,0.0,0.0,0.0,0.0,0.0,0.0,0.0,0.0,0.0,0.0,0.0,0.0,0.0,0.0,0.0,0.0,0.0,0.0,0.0,0.0,0.0,0.0,0.0,0.0,0.0,0.0,0.0,0.0,0.0,0.0,0.0,0.0,0.0,0.0,0.0,0.0,0.0,0.0,0.0,0.0,0.0,0.0,0.0,0.0,0.0,0.0,0.0,0.0,0.0,0.0,0.0,0.0,0.0,0.0,0.0,0.0,0.0,0.0
1803,0.0,0.0,0.0,0.0,0.0,0.0,0.0,0.0,0.0,0.0,0.0,0.0,0.0,0.0,0.0,0.0,0.0,0.0,0.0,0.0,0.0,0.0,0.0,0.0,0.0,0.0,0.0,0.0,0.0,0.0,0.0,0.0,0.0,0.0,0.0,0.0,0.0,0.0,0.0,0.0,0.0,0.0,0.0,0.0,0.0,0.0,0.0,0.0,0.0,0.0,0.0,0.0,0.0,0.0,0.0,0.0,0.0,0.0,0.0,0.0,0.0,0.0,0.0,0.0
1804,0.0,0.0,0.0,0.0,0.0,0.0,0.0,0.0,0.0,0.0,0.0,0.0,0.0,0.0,0.0,0.0,0.0,0.0,0.0,0.0,0.0,0.0,0.0,0.0,0.0,0.0,0.0,0.0,0.0,0.0,0.0,0.0,0.0,0.0,0.0,0.0,0.0,0.0,0.0,0.0,0.0,0.0,0.0,0.0,0.0,0.0,0.0,0.0,0.0,0.0,0.0,0.0,0.0,0.0,0.0,0.0,0.0,0.0,0.0,0.0,0.0,0.0,0.0,0.0
1805,0.0,0.0,0.0,0.0,0.0,0.0,0.0,0.0,0.0,0.0,0.0,0.0,0.0,0.0,0.0,0.0,0.0,0.0,0.0,0.0,0.0,0.0,0.0,0.0,0.0,0.0,0.0,0.0,0.0,0.0,0.0,0.0,0.0,0.0,0.0,0.0,0.0,0.0,0.0,0.0,0.0,0.0,0.0,0.0,0.0,0.0,0.0,0.0,0.0,0.0,0.0,0.0,0.0,0.0,0.0,0.0,0.0,0.0,0.0,0.0,0.0,0.0,0.0,0.0
1806,0.0,0.0,0.0,0.0,0.0,0.0,0.0,0.0,0.0,0.0,0.0,0.0,0.0,0.0,0.0,0.0,0.0,0.0,0.0,0.0,0.0,0.0,0.0,0.0,0.0,0.0,0.0,0.0,0.0,0.0,0.0,0.0,0.0,0.0,0.0,0.0,0.0,0.0,0.0,0.0,0.0,0.0,0.0,0.0,0.0,0.0,0.0,0.0,0.0,0.0,0.0,0.0,0.0,0.0,0.0,0.0,0.0,0.0,0.0,0.0,0.0,0.0,0.0,0.0
1807,0.0,0.0,0.0,0.0,0.0,0.0,0.0,0.0,0.0,0.0,0.0,0.0,0.0,0.0,0.0,0.0,0.0,0.0,0.0,0.0,0.0,0.0,0.0,0.0,0.0,0.0,0.0,0.0,0.0,0.0,0.0,0.0,0.0,0.0,0.0,0.0,0.0,0.0,0.0,0.0,0.0,0.0,0.0,0.0,0.0,0.0,0.0,0.0,0.0,0.0,0.0,0.0,0.0,0.0,0.0,0.0,0.0,0.0,0.0,0.0,0.0,0.0,0.0,0.0
1808,0.0,0.0,0.0,0.0,0.0,0.0,0.0,0.0,0.0,0.0,0.0,0.0,0.0,0.0,0.0,0.0,0.0,0.0,0.0,0.0,0.0,0.0,0.0,0.0,0.0,0.0,0.0,0.0,0.0,0.0,0.0,0.0,0.0,0.0,0.0,0.0,0.0,0.0,0.0,0.0,0.0,0.0,0.0,0.0,0.0,0.0,0.0,0.0,0.0,0.0,0.0,0.0,0.0,0.0,0.0,0.0,0.0,0.0,0.0,0.0,0.0,0.0,0.0,0.0
1809,0.0,0.0,0.0,0.0,0.0,0.0,0.0,0.0,0.0,0.0,0.0,0.0,0.0,0.0,0.0,0.0,0.0,0.0,0.0,0.0,0.0,0.0,0.0,0.0,0.0,0.0,0.0,0.0,0.0,0.0,0.0,0.0,0.0,0.0,0.0,0.0,0.0,0.0,0.0,0.0,0.0,0.0,0.0,0.0,0.0,0.0,0.0,0.0,0.0,0.0,0.0,0.0,0.0,0.0,0.0,0.0,0.0,0.0,0.0,0.0,0.0,0.0,0.0,0.0
1810,0.0,0.0,0.0,0.0,0.0,0.0,0.0,0.0,0.0,0.0,0.0,0.0,0.0,0.0,0.0,0.0,0.0,0.0,0.0,0.0,0.0,0.0,0.0,0.0,0.0,0.0,0.0,0.0,0.0,0.0,0.0,0.0,0.0,0.0,0.0,0.0,0.0,0.0,0.0,0.0,0.0,0.0,0.0,0.0,0.0,0.0,0.0,0.0,0.0,0.0,0.0,0.0,0.0,0.0,0.0,0.0,0.0,0.0,0.0,0.0,0.0,0.0,0.0,0.0
1811,0.0,0.2,0.11,0.0,0.0,0.05,0.0,0.0,0.28,0.02,0.27,0.34,0.18,0.26,0.26,0.14,0.4,0.34,0.33,0.17,0.29,0.26,0.24,0.15,0.05,0.18,0.0,0.0,0.16,0.19,0.17,0.0,0.0,0.0,0.0,0.11,0.04,0.31,0.15,0.33,0.01,0.15,0.08,0.04,0.08,0.15,0.05,0.0,0.0,0.05,0.02,0.06,0.02,0.08,0.2,0.22,0.0,0.02,0.07,0.11,0.01,0.07,0.24,0.13
1812,0.0,0.1,0.08,0.0,0.0,0.38,0.0,0.0,0.57,0.03,0.76,0.65,0.52,0.37,0.38,0.19,0.69,0.51,0.5,0.16,0.61,0.4,0.6,0.35,0.42,0.41,0.0,0.0,0.42,0.18,0.41,0.0,0.0,0.0,0.0,0.3,0.21,0.07,0.25,0.76,0.02,0.44,0.67,0.36,0.47,0.39,0.41,0.0,0.0,0.39,0.11,0.26,0.07,0.22,0.31,0.04,0.0,0.11,0.17,0.23,0.07,0.16,0.66,0.2
1813,0.0,0.12,0.11,0.0,0.0,0.6,0.0,0.0,0.85,0.09,0.82,0.57,0.72,0.81,0.76,0.78,0.8,0.78,0.82,0.81,0.58,0.78,0.79,0.44,0.27,0.12,0.0,0.0,0.46,0.1,0.32,0.0,0.0,0.0,0.0,0.11,0.06,0.8,0.1,0.81,0.04,0.5,0.82,0.33,0.13,0.33,0.63,0.0,0.0,0.62,0.15,0.26,0.18,0.42,0.32,0.09,0.0,0.38,0.22,0.39,0.12,0.27,0.83,0.25
1814,0.0,0.11,0.13,0.0,0.0,0.61,0.0,0.0,0.84,0.13,0.83,0.54,0.81,0.85,0.85,0.85,0.82,0.71,0.63,0.85,0.82,0.85,0.85,0.26,0.63,0.26,0.0,0.0,0.44,0.14,0.73,0.0,0.0,0.0,0.0,0.13,0.16,0.68,0.16,0.84,0.06,0.57,0.81,0.16,0.24,0.42,0.66,0.0,0.0,0.64,0.28,0.13,0.1,0.36,0.52,0.26,0.0,0.23,0.33,0.87,0.16,0.42,0.83,0.31
1815,0.0,0.23,0.21,0.0,0.0,0.15,0.0,0.0,0.87,0.17,0.9,0.58,0.85,0.6,0.11,0.12,0.87,0.56,0.5,0.41,0.29,0.58,0.81,0.3,0.36,0.17,0.0,0.0,0.19,0.26,0.43,0.0,0.0,0.0,0.0,0.15,0.36,0.79,0.2,0.87,0.07,0.63,0.76,0.29,0.31,0.35,0.19,0.0,0.0,0.21,0.38,0.26,0.27,0.47,0.4,0.08,0.0,0.57,0.47,0.78,0.29,0.54,0.69,0.45
1816,0.0,0.16,0.15,0.0,0.0,0.28,0.0,0.0,0.71,0.42,0.86,0.67,0.26,0.71,0.28,0.2,0.9,0.61,0.67,0.6,0.62,0.79,0.35,0.34,0.78,0.17,0.0,0.0,0.7,0.14,0.21,0.0,0.0,0.0,0.0,0.15,0.32,0.91,0.19,0.91,0.07,0.64,0.75,0.18,0.39,0.48,0.32,0.0,0.0,0.3,0.5,0.34,0.32,0.56,0.44,0.11,0.0,0.81,0.68,0.22,0.38,0.61,0.9,0.57
1817,0.0,0.16,0.14,0.0,0.0,0.28,0.0,0.0,0.72,0.06,0.87,0.86,0.51,0.43,0.4,0.4,0.9,0.91,0.8,0.49,0.71,0.46,0.23,0.16,0.24,0.41,0.0,0.0,0.86,0.23,0.37,0.0,0.0,0.0,0.0,0.14,0.19,0.91,0.43,0.91,0.06,0.63,0.77,0.11,0.17,0.51,0.36,0.0,0.0,0.34,0.47,0.42,0.15,0.11,0.3,0.22,0.0,0.91,0.71,0.91,0.35,0.42,0.86,0.54
1818,0.0,0.08,0.07,0.0,0.0,0.27,0.0,0.0,0.69,0.22,0.87,0.87,0.26,0.35,0.24,0.16,0.86,0.88,0.9,0.48,0.2,0.36,0.13,0.15,0.14,0.43,0.0,0.0,0.84,0.11,0.16,0.0,0.0,0.0,0.0,0.1,0.14,0.88,0.39,0.89,0.15,0.52,0.69,0.11,0.18,0.44,0.28,0.0,0.0,0.31,0.18,0.46,0.16,0.56,0.47,0.81,0.0,0.62,0.24,0.86,0.24,0.14,0.87,0.5
1819,0.0,0.07,0.08,0.0,0.0,0.43,0.0,0.0,0.38,0.78,0.77,0.84,0.17,0.08,0.06,0.12,0.82,0.8,0.72,0.34,0.2,0.1,0.09,0.14,0.09,0.34,0.0,0.0,0.17,0.11,0.15,0.0,0.0,0.0,0.0,0.08,0.08,0.49,0.11,0.79,0.51,0.39,0.22,0.06,0.37,0.26,0.32,0.0,0.0,0.23,0.39,0.48,0.7,0.59,0.74,0.71,0.0,0.62,0.32,0.78,0.23,0.38,0.81,0.12
1820,0.0,0.02,0.03,0.0,0.0,0.08,0.0,0.0,0.26,0.38,0.51,0.65,0.04,0.06,0.05,0.06,0.32,0.32,0.22,0.2,0.24,0.06,0.06,0.33,0.17,0.09,0.0,0.0,0.03,0.05,0.06,0.0,0.0,0.0,0.0,0.06,0.41,0.26,0.35,0.15,0.29,0.37,0.37,0.05,0.18,0.34,0.09,0.0,0.0,0.19,0.56,0.3,0.49,0.54,0.4,0.48,0.0,0.53,0.57,0.5,0.36,0.54,0.26,0.44
1821,0.0,0.0,0.0,0.0,0.0,0.08,0.0,0.0,0.06,0.12,0.16,0.15,0.01,0.01,0.01,0.01,0.17,0.02,0.09,0.01,0.09,0.01,0.02,0.01,0.09,0.18,0.0,0.0,0.0,0.02,0.02,0.0,0.0,0.0,0.0,0.03,0.03,0.18,0.03,0.1,0.19,0.02,0.04,0.02,0.07,0.13,0.08,0.0,0.0,0.1,0.21,0.26,0.19,0.2,0.17,0.2,0.0,0.19,0.21,0.18,0.22,0.2,0.24,0.21
1822,0.0,0.0,0.0,0.0,0.0,0.0,0.0,0.0,0.0,0.0,0.0,0.0,0.0,0.0,0.0,0.0,0.0,0.0,0.0,0.0,0.0,0.0,0.0,0.0,0.0,0.0,0.0,0.0,0.0,0.0,0.0,0.0,0.0,0.0,0.0,0.0,0.0,0.0,0.0,0.0,0.0,0.0,0.0,0.0,0.0,0.0,0.0,0.0,0.0,0.0,0.0,0.0,0.0,0.0,0.0,0.0,0.0,0.0,0.0,0.0,0.0,0.0,0.0,0.0
1823,0.0,0.0,0.0,0.0,0.0,0.0,0.0,0.0,0.0,0.0,0.0,0.0,0.0,0.0,0.0,0.0,0.0,0.0,0.0,0.0,0.0,0.0,0.0,0.0,0.0,0.0,0.0,0.0,0.0,0.0,0.0,0.0,0.0,0.0,0.0,0.0,0.0,0.0,0.0,0.0,0.0,0.0,0.0,0.0,0.0,0.0,0.0,0.0,0.0,0.0,0.0,0.0,0.0,0.0,0.0,0.0,0.0,0.0,0.0,0.0,0.0,0.0,0.0,0.0
1824,0.0,0.0,0.0,0.0,0.0,0.0,0.0,0.0,0.0,0.0,0.0,0.0,0.0,0.0,0.0,0.0,0.0,0.0,0.0,0.0,0.0,0.0,0.0,0.0,0.0,0.0,0.0,0.0,0.0,0.0,0.0,0.0,0.0,0.0,0.0,0.0,0.0,0.0,0.0,0.0,0.0,0.0,0.0,0.0,0.0,0.0,0.0,0.0,0.0,0.0,0.0,0.0,0.0,0.0,0.0,0.0,0.0,0.0,0.0,0.0,0.0,0.0,0.0,0.0
1825,0.0,0.0,0.0,0.0,0.0,0.0,0.0,0.0,0.0,0.0,0.0,0.0,0.0,0.0,0.0,0.0,0.0,0.0,0.0,0.0,0.0,0.0,0.0,0.0,0.0,0.0,0.0,0.0,0.0,0.0,0.0,0.0,0.0,0.0,0.0,0.0,0.0,0.0,0.0,0.0,0.0,0.0,0.0,0.0,0.0,0.0,0.0,0.0,0.0,0.0,0.0,0.0,0.0,0.0,0.0,0.0,0.0,0.0,0.0,0.0,0.0,0.0,0.0,0.0
1826,0.0,0.0,0.0,0.0,0.0,0.0,0.0,0.0,0.0,0.0,0.0,0.0,0.0,0.0,0.0,0.0,0.0,0.0,0.0,0.0,0.0,0.0,0.0,0.0,0.0,0.0,0.0,0.0,0.0,0.0,0.0,0.0,0.0,0.0,0.0,0.0,0.0,0.0,0.0,0.0,0.0,0.0,0.0,0.0,0.0,0.0,0.0,0.0,0.0,0.0,0.0,0.0,0.0,0.0,0.0,0.0,0.0,0.0,0.0,0.0,0.0,0.0,0.0,0.0
1827,0.0,0.0,0.0,0.0,0.0,0.0,0.0,0.0,0.0,0.0,0.0,0.0,0.0,0.0,0.0,0.0,0.0,0.0,0.0,0.0,0.0,0.0,0.0,0.0,0.0,0.0,0.0,0.0,0.0,0.0,0.0,0.0,0.0,0.0,0.0,0.0,0.0,0.0,0.0,0.0,0.0,0.0,0.0,0.0,0.0,0.0,0.0,0.0,0.0,0.0,0.0,0.0,0.0,0.0,0.0,0.0,0.0,0.0,0.0,0.0,0.0,0.0,0.0,0.0
1828,0.0,0.0,0.0,0.0,0.0,0.0,0.0,0.0,0.0,0.0,0.0,0.0,0.0,0.0,0.0,0.0,0.0,0.0,0.0,0.0,0.0,0.0,0.0,0.0,0.0,0.0,0.0,0.0,0.0,0.0,0.0,0.0,0.0,0.0,0.0,0.0,0.0,0.0,0.0,0.0,0.0,0.0,0.0,0.0,0.0,0.0,0.0,0.0,0.0,0.0,0.0,0.0,0.0,0.0,0.0,0.0,0.0,0.0,0.0,0.0,0.0,0.0,0.0,0.0
1829,0.0,0.0,0.0,0.0,0.0,0.0,0.0,0.0,0.0,0.0,0.0,0.0,0.0,0.0,0.0,0.0,0.0,0.0,0.0,0.0,0.0,0.0,0.0,0.0,0.0,0.0,0.0,0.0,0.0,0.0,0.0,0.0,0.0,0.0,0.0,0.0,0.0,0.0,0.0,0.0,0.0,0.0,0.0,0.0,0.0,0.0,0.0,0.0,0.0,0.0,0.0,0.0,0.0,0.0,0.0,0.0,0.0,0.0,0.0,0.0,0.0,0.0,0.0,0.0
1830,0.0,0.0,0.0,0.0,0.0,0.0,0.0,0.0,0.0,0.0,0.0,0.0,0.0,0.0,0.0,0.0,0.0,0.0,0.0,0.0,0.0,0.0,0.0,0.0,0.0,0.0,0.0,0.0,0.0,0.0,0.0,0.0,0.0,0.0,0.0,0.0,0.0,0.0,0.0,0.0,0.0,0.0,0.0,0.0,0.0,0.0,0.0,0.0,0.0,0.0,0.0,0.0,0.0,0.0,0.0,0.0,0.0,0.0,0.0,0.0,0.0,0.0,0.0,0.0
1831,0.0,0.0,0.0,0.0,0.0,0.0,0.0,0.0,0.0,0.0,0.0,0.0,0.0,0.0,0.0,0.0,0.0,0.0,0.0,0.0,0.0,0.0,0.0,0.0,0.0,0.0,0.0,0.0,0.0,0.0,0.0,0.0,0.0,0.0,0.0,0.0,0.0,0.0,0.0,0.0,0.0,0.0,0.0,0.0,0.0,0.0,0.0,0.0,0.0,0.0,0.0,0.0,0.0,0.0,0.0,0.0,0.0,0.0,0.0,0.0,0.0,0.0,0.0,0.0
1832,0.0,0.0,0.0,0.0,0.0,0.0,0.0,0.0,0.0,0.0,0.0,0.0,0.0,0.0,0.0,0.0,0.0,0.0,0.0,0.0,0.0,0.0,0.0,0.0,0.0,0.0,0.0,0.0,0.0,0.0,0.0,0.0,0.0,0.0,0.0,0.0,0.0,0.0,0.0,0.0,0.0,0.0,0.0,0.0,0.0,0.0,0.0,0.0,0.0,0.0,0.0,0.0,0.0,0.0,0.0,0.0,0.0,0.0,0.0,0.0,0.0,0.0,0.0,0.0
1833,0.0,0.0,0.0,0.0,0.0,0.0,0.0,0.0,0.0,0.0,0.0,0.0,0.0,0.0,0.0,0.0,0.0,0.0,0.0,0.0,0.0,0.0,0.0,0.0,0.0,0.0,0.0,0.0,0.0,0.0,0.0,0.0,0.0,0.0,0.0,0.0,0.0,0.0,0.0,0.0,0.0,0.0,0.0,0.0,0.0,0.0,0.0,0.0,0.0,0.0,0.0,0.0,0.0,0.0,0.0,0.0,0.0,0.0,0.0,0.0,0.0,0.0,0.0,0.0
1834,0.0,0.0,0.0,0.0,0.0,0.0,0.0,0.0,0.0,0.01,0.0,0.0,0.0,0.0,0.0,0.0,0.0,0.01,0.0,0.0,0.0,0.0,0.01,0.0,0.0,0.0,0.0,0.0,0.0,0.0,0.0,0.0,0.0,0.0,0.0,0.0,0.0,0.0,0.0,0.0,0.0,0.0,0.0,0.0,0.0,0.0,0.0,0.0,0.0,0.0,0.0,0.0,0.0,0.0,0.0,0.0,0.0,0.0,0.0,0.0,0.0,0.0,0.0,0.0
1835,0.0,0.52,0.51,0.0,0.0,0.16,0.0,0.0,0.34,0.66,0.45,0.63,0.17,0.25,0.23,0.23,0.6,0.48,0.64,0.26,0.65,0.25,0.22,0.39,0.04,0.52,0.0,0.0,0.53,0.52,0.52,0.0,0.0,0.0,0.0,0.54,0.55,0.6,0.56,0.6,0.58,0.56,0.56,0.46,0.39,0.56,0.17,0.0,0.0,0.15,0.53,0.52,0.56,0.52,0.56,0.51,0.0,0.53,0.53,0.54,0.53,0.53,0.54,0.53
1836,0.0,0.85,0.86,0.0,0.0,0.63,0.0,0.0,0.85,0.89,0.84,0.9,0.31,0.46,0.43,0.46,0.88,0.91,0.91,0.48,0.89,0.45,0.4,0.83,0.07,0.86,0.0,0.0,0.86,0.85,0.86,0.0,0.0,0.0,0.0,0.86,0.84,0.88,0.89,0.89,0.88,0.88,0.88,0.83,0.84,0.89,0.68,0.0,0.0,0.46,0.87,0.87,0.87,0.85,0.81,0.83,0.0,0.86,0.87,0.86,0.86,0.87,0.88,0.87
1837,0.0,0.91,0.91,0.0,0.0,0.91,0.0,0.0,0.91,0.91,0.91,0.91,0.56,0.83,0.77,0.8,0.91,0.91,0.91,0.91,0.91,0.77,0.71,0.91,0.27,0.91,0.0,0.0,0.91,0.91,0.91,0.0,0.0,0.0,0.0,0.91,0.91,0.91,0.91,0.91,0.91,0.91,0.91,0.91,0.91,0.91,0.91,0.0,0.0,0.91,0.91,0.91,0.91,0.91,0.91,0.91,0.0,0.91,0.91,0.91,0.91,0.91,0.91,0.91
1838,0.0,0.91,0.91,0.0,0.0,0.91,0.0,0.0,0.91,0.91,0.91,0.91,0.87,0.91,0.91,0.91,0.91,0.91,0.91,0.91,0.91,0.91,0.91,0.91,0.39,0.91,0.0,0.0,0.91,0.91,0.91,0.0,0.0,0.0,0.0,0.91,0.91,0.91,0.91,0.91,0.91,0.91,0.91,0.91,0.91,0.91,0.91,0.0,0.0,0.91,0.91,0.91,0.91,0.91,0.91,0.91,0.0,0.91,0.91,0.91,0.91,0.91,0.91,0.91
1839,0.0,0.91,0.91,0.0,0.0,0.91,0.0,0.0,0.91,0.91,0.91,0.91,0.91,0.91,0.91,0.91,0.91,0.91,0.91,0.91,0.91,0.91,0.91,0.91,0.7,0.91,0.0,0.0,0.91,0.91,0.91,0.0,0.0,0.0,0.0,0.91,0.91,0.91,0.91,0.91,0.91,0.91,0.91,0.91,0.91,0.91,0.91,0.0,0.0,0.91,0.91,0.91,0.91,0.91,0.91,0.91,0.0,0.91,0.91,0.91,0.91,0.91,0.91,0.91
1840,0.0,0.91,0.91,0.0,0.0,0.91,0.0,0.0,0.91,0.91,0.91,0.91,0.91,0.91,0.91,0.91,0.91,0.91,0.91,0.91,0.91,0.91,0.91,0.91,0.52,0.91,0.0,0.0,0.91,0.91,0.91,0.0,0.0,0.0,0.0,0.91,0.91,0.91,0.91,0.91,0.91,0.91,0.91,0.91,0.91,0.91,0.91,0.0,0.0,0.91,0.91,0.91,0.91,0.91,0.91,0.91,0.0,0.91,0.91,0.91,0.91,0.91,0.91,0.91
1841,0.0,0.91,0.91,0.0,0.0,0.91,0.0,0.0,0.91,0.91,0.91,0.91,0.91,0.91,0.91,0.91,0.91,0.91,0.91,0.91,0.91,0.91,0.91,0.91,0.38,0.91,0.0,0.0,0.91,0.91,0.91,0.0,0.0,0.0,0.0,0.91,0.91,0.91,0.91,0.91,0.91,0.91,0.91,0.91,0.91,0.91,0.91,0.0,0.0,0.91,0.91,0.91,0.91,0.91,0.91,0.91,0.0,0.91,0.91,0.91,0.91,0.91,0.91,0.91
1842,0.0,0.91,0.91,0.0,0.0,0.91,0.0,0.0,0.91,0.91,0.91,0.91,0.91,0.91,0.91,0.91,0.91,0.91,0.91,0.91,0.91,0.91,0.91,0.91,0.32,0.91,0.0,0.0,0.91,0.91,0.91,0.0,0.0,0.0,0.0,0.91,0.91,0.91,0.91,0.91,0.91,0.91,0.91,0.91,0.91,0.91,0.91,0.0,0.0,0.91,0.91,0.91,0.91,0.91,0.91,0.91,0.0,0.91,0.91,0.91,0.91,0.91,0.91,0.91
1843,0.0,0.91,0.91,0.0,0.0,0.91,0.0,0.0,0.91,0.91,0.91,0.91,0.91,0.91,0.91,0.91,0.91,0.91,0.91,0.91,0.91,0.91,0.91,0.91,0.51,0.91,0.0,0.0,0.91,0.91,0.91,0.0,0.0,0.0,0.0,0.91,0.91,0.91,0.91,0.91,0.91,0.91,0.91,0.91,0.91,0.91,0.91,0.0,0.0,0.91,0.91,0.91,0.91,0.91,0.91,0.91,0.0,0.91,0.91,0.91,0.91,0.91,0.91,0.91
1844,0.0,0.87,0.88,0.0,0.0,0.83,0.0,0.0,0.83,0.82,0.82,0.86,0.81,0.82,0.82,0.82,0.85,0.83,0.84,0.82,0.82,0.82,0.8,0.83,0.84,0.89,0.0,0.0,0.87,0.87,0.87,0.0,0.0,0.0,0.0,0.86,0.82,0.87,0.88,0.87,0.86,0.87,0.86,0.83,0.83,0.88,0.83,0.0,0.0,0.84,0.89,0.89,0.88,0.88,0.87,0.86,0.0,0.88,0.89,0.87,0.88,0.89,0.89,0.88
1845,0.0,0.51,0.52,0.0,0.0,0.44,0.0,0.0,0.39,0.37,0.4,0.4,0.31,0.36,0.36,0.37,0.42,0.35,0.36,0.38,0.38,0.36,0.3,0.41,0.4,0.52,0.0,0.0,0.5,0.51,0.5,0.0,0.0,0.0,0.0,0.48,0.43,0.43,0.48,0.43,0.44,0.47,0.47,0.42,0.42,0.48,0.44,0.0,0.0,0.44,0.52,0.52,0.48,0.49,0.47,0.49,0.0,0.5,0.51,0.47,0.51,0.51,0.51,0.5
1846,0.0,0.0,0.0,0.0,0.0,0.0,0.0,0.0,0.0,0.0,0.0,0.0,0.0,0.0,0.0,0.0,0.0,0.0,0.0,0.0,0.0,0.0,0.0,0.0,0.0,0.0,0.0,0.0,0.0,0.0,0.0,0.0,0.0,0.0,0.0,0.0,0.0,0.0,0.0,0.0,0.0,0.0,0.0,0.0,0.0,0.0,0.0,0.0,0.0,0.0,0.0,0.0,0.0,0.0,0.0,0.0,0.0,0.0,0.0,0.0,0.0,0.0,0.0,0.0
1847,0.0,0.0,0.0,0.0,0.0,0.0,0.0,0.0,0.0,0.0,0.0,0.0,0.0,0.0,0.0,0.0,0.0,0.0,0.0,0.0,0.0,0.0,0.0,0.0,0.0,0.0,0.0,0.0,0.0,0.0,0.0,0.0,0.0,0.0,0.0,0.0,0.0,0.0,0.0,0.0,0.0,0.0,0.0,0.0,0.0,0.0,0.0,0.0,0.0,0.0,0.0,0.0,0.0,0.0,0.0,0.0,0.0,0.0,0.0,0.0,0.0,0.0,0.0,0.0
1848,0.0,0.0,0.0,0.0,0.0,0.0,0.0,0.0,0.0,0.0,0.0,0.0,0.0,0.0,0.0,0.0,0.0,0.0,0.0,0.0,0.0,0.0,0.0,0.0,0.0,0.0,0.0,0.0,0.0,0.0,0.0,0.0,0.0,0.0,0.0,0.0,0.0,0.0,0.0,0.0,0.0,0.0,0.0,0.0,0.0,0.0,0.0,0.0,0.0,0.0,0.0,0.0,0.0,0.0,0.0,0.0,0.0,0.0,0.0,0.0,0.0,0.0,0.0,0.0
1849,0.0,0.0,0.0,0.0,0.0,0.0,0.0,0.0,0.0,0.0,0.0,0.0,0.0,0.0,0.0,0.0,0.0,0.0,0.0,0.0,0.0,0.0,0.0,0.0,0.0,0.0,0.0,0.0,0.0,0.0,0.0,0.0,0.0,0.0,0.0,0.0,0.0,0.0,0.0,0.0,0.0,0.0,0.0,0.0,0.0,0.0,0.0,0.0,0.0,0.0,0.0,0.0,0.0,0.0,0.0,0.0,0.0,0.0,0.0,0.0,0.0,0.0,0.0,0.0
1850,0.0,0.0,0.0,0.0,0.0,0.0,0.0,0.0,0.0,0.0,0.0,0.0,0.0,0.0,0.0,0.0,0.0,0.0,0.0,0.0,0.0,0.0,0.0,0.0,0.0,0.0,0.0,0.0,0.0,0.0,0.0,0.0,0.0,0.0,0.0,0.0,0.0,0.0,0.0,0.0,0.0,0.0,0.0,0.0,0.0,0.0,0.0,0.0,0.0,0.0,0.0,0.0,0.0,0.0,0.0,0.0,0.0,0.0,0.0,0.0,0.0,0.0,0.0,0.0
1851,0.0,0.0,0.0,0.0,0.0,0.0,0.0,0.0,0.0,0.0,0.0,0.0,0.0,0.0,0.0,0.0,0.0,0.0,0.0,0.0,0.0,0.0,0.0,0.0,0.0,0.0,0.0,0.0,0.0,0.0,0.0,0.0,0.0,0.0,0.0,0.0,0.0,0.0,0.0,0.0,0.0,0.0,0.0,0.0,0.0,0.0,0.0,0.0,0.0,0.0,0.0,0.0,0.0,0.0,0.0,0.0,0.0,0.0,0.0,0.0,0.0,0.0,0.0,0.0
1852,0.0,0.0,0.0,0.0,0.0,0.0,0.0,0.0,0.0,0.0,0.0,0.0,0.0,0.0,0.0,0.0,0.0,0.0,0.0,0.0,0.0,0.0,0.0,0.0,0.0,0.0,0.0,0.0,0.0,0.0,0.0,0.0,0.0,0.0,0.0,0.0,0.0,0.0,0.0,0.0,0.0,0.0,0.0,0.0,0.0,0.0,0.0,0.0,0.0,0.0,0.0,0.0,0.0,0.0,0.0,0.0,0.0,0.0,0.0,0.0,0.0,0.0,0.0,0.0
1853,0.0,0.0,0.0,0.0,0.0,0.0,0.0,0.0,0.0,0.0,0.0,0.0,0.0,0.0,0.0,0.0,0.0,0.0,0.0,0.0,0.0,0.0,0.0,0.0,0.0,0.0,0.0,0.0,0.0,0.0,0.0,0.0,0.0,0.0,0.0,0.0,0.0,0.0,0.0,0.0,0.0,0.0,0.0,0.0,0.0,0.0,0.0,0.0,0.0,0.0,0.0,0.0,0.0,0.0,0.0,0.0,0.0,0.0,0.0,0.0,0.0,0.0,0.0,0.0
1854,0.0,0.0,0.0,0.0,0.0,0.0,0.0,0.0,0.0,0.0,0.0,0.0,0.0,0.0,0.0,0.0,0.0,0.0,0.0,0.0,0.0,0.0,0.0,0.0,0.0,0.0,0.0,0.0,0.0,0.0,0.0,0.0,0.0,0.0,0.0,0.0,0.0,0.0,0.0,0.0,0.0,0.0,0.0,0.0,0.0,0.0,0.0,0.0,0.0,0.0,0.0,0.0,0.0,0.0,0.0,0.0,0.0,0.0,0.0,0.0,0.0,0.0,0.0,0.0
1855,0.0,0.0,0.0,0.0,0.0,0.0,0.0,0.0,0.0,0.0,0.0,0.0,0.0,0.0,0.0,0.0,0.0,0.0,0.0,0.0,0.0,0.0,0.0,0.0,0.0,0.0,0.0,0.0,0.0,0.0,0.0,0.0,0.0,0.0,0.0,0.0,0.0,0.0,0.0,0.0,0.0,0.0,0.0,0.0,0.0,0.0,0.0,0.0,0.0,0.0,0.0,0.0,0.0,0.0,0.0,0.0,0.0,0.0,0.0,0.0,0.0,0.0,0.0,0.0
1856,0.0,0.0,0.0,0.0,0.0,0.0,0.0,0.0,0.0,0.0,0.0,0.0,0.0,0.0,0.0,0.0,0.0,0.0,0.0,0.0,0.0,0.0,0.0,0.0,0.0,0.0,0.0,0.0,0.0,0.0,0.0,0.0,0.0,0.0,0.0,0.0,0.0,0.0,0.0,0.0,0.0,0.0,0.0,0.0,0.0,0.0,0.0,0.0,0.0,0.0,0.0,0.0,0.0,0.0,0.0,0.0,0.0,0.0,0.0,0.0,0.0,0.0,0.0,0.0
1857,0.0,0.0,0.0,0.0,0.0,0.0,0.0,0.0,0.0,0.0,0.0,0.0,0.0,0.0,0.0,0.0,0.0,0.0,0.0,0.0,0.0,0.0,0.0,0.0,0.0,0.0,0.0,0.0,0.0,0.0,0.0,0.0,0.0,0.0,0.0,0.0,0.0,0.0,0.0,0.0,0.0,0.0,0.0,0.0,0.0,0.0,0.0,0.0,0.0,0.0,0.0,0.0,0.0,0.0,0.0,0.0,0.0,0.0,0.0,0.0,0.0,0.0,0.0,0.0
1858,0.0,0.0,0.0,0.0,0.0,0.0,0.0,0.0,0.0,0.0,0.0,0.0,0.08,0.01,0.01,0.0,0.0,0.01,0.01,0.0,0.0,0.01,0.08,0.0,0.0,0.0,0.0,0.0,0.0,0.0,0.0,0.0,0.0,0.0,0.0,0.0,0.0,0.0,0.0,0.0,0.0,0.0,0.0,0.0,0.0,0.0,0.0,0.0,0.0,0.0,0.0,0.0,0.0,0.0,0.0,0.0,0.0,0.0,0.0,0.0,0.0,0.0,0.0,0.0
1859,0.0,0.5,0.49,0.0,0.0,0.53,0.0,0.0,0.58,0.61,0.56,0.6,0.67,0.62,0.62,0.61,0.58,0.65,0.64,0.6,0.61,0.62,0.67,0.56,0.56,0.5,0.0,0.0,0.51,0.5,0.5,0.0,0.0,0.0,0.0,0.53,0.54,0.57,0.53,0.57,0.55,0.53,0.54,0.55,0.56,0.53,0.54,0.0,0.0,0.54,0.5,0.5,0.52,0.49,0.53,0.49,0.0,0.49,0.5,0.51,0.5,0.5,0.51,0.5
1860,0.0,0.86,0.86,0.0,0.0,0.84,0.0,0.0,0.83,0.84,0.82,0.88,0.86,0.85,0.85,0.85,0.87,0.86,0.88,0.84,0.87,0.85,0.87,0.84,0.84,0.86,0.0,0.0,0.85,0.86,0.86,0.0,0.0,0.0,0.0,0.84,0.81,0.86,0.85,0.87,0.84,0.84,0.83,0.82,0.82,0.85,0.85,0.0,0.0,0.85,0.84,0.84,0.82,0.8,0.83,0.83,0.0,0.8,0.84,0.83,0.84,0.83,0.86,0.83
1861,0.0,0.91,0.91,0.0,0.0,0.9,0.0,0.0,0.89,0.89,0.87,0.91,0.91,0.91,0.91,0.91,0.91,0.9,0.91,0.88,0.91,0.91,0.91,0.89,0.9,0.91,0.0,0.0,0.91,0.91,0.91,0.0,0.0,0.0,0.0,0.9,0.86,0.91,0.89,0.91,0.88,0.88,0.88,0.9,0.86,0.89,0.91,0.0,0.0,0.91,0.9,0.91,0.91,0.88,0.89,0.89,0.0,0.89,0.9,0.89,0.91,0.9,0.91,0.9
1862,0.0,0.91,0.91,0.0,0.0,0.91,0.0,0.0,0.91,0.91,0.89,0.91,0.91,0.91,0.91,0.91,0.91,0.91,0.91,0.91,0.91,0.91,0.91,0.91,0.91,0.91,0.0,0.0,0.91,0.91,0.91,0.0,0.0,0.0,0.0,0.91,0.91,0.91,0.91,0.91,0.89,0.91,0.87,0.91,0.9,0.91,0.91,0.0,0.0,0.91,0.91,0.91,0.91,0.91,0.91,0.91,0.0,0.91,0.91,0.91,0.91,0.91,0.91,0.91
1863,0.0,0.91,0.91,0.0,0.0,0.91,0.0,0.0,0.91,0.91,0.9,0.91,0.91,0.91,0.91,0.91,0.91,0.91,0.91,0.91,0.91,0.91,0.91,0.91,0.91,0.91,0.0,0.0,0.91,0.91,0.91,0.0,0.0,0.0,0.0,0.91,0.91,0.9,0.91,0.91,0.91,0.91,0.91,0.91,0.91,0.91,0.91,0.0,0.0,0.91,0.91,0.91,0.91,0.91,0.91,0.91,0.0,0.91,0.91,0.91,0.91,0.91,0.91,0.91
1864,0.0,0.91,0.91,0.0,0.0,0.91,0.0,0.0,0.91,0.91,0.89,0.91,0.91,0.91,0.91,0.91,0.91,0.91,0.91,0.91,0.91,0.91,0.91,0.91,0.91,0.91,0.0,0.0,0.91,0.91,0.91,0.0,0.0,0.0,0.0,0.91,0.89,0.91,0.91,0.9,0.91,0.91,0.91,0.91,0.91,0.91,0.91,0.0,0.0,0.91,0.91,0.91,0.91,0.91,0.9,0.91,0.0,0.91,0.91,0.91,0.91,0.91,0.91,0.91
1865,0.0,0.91,0.91,0.0,0.0,0.91,0.0,0.0,0.9,0.91,0.87,0.91,0.91,0.91,0.91,0.91,0.88,0.88,0.91,0.91,0.91,0.91,0.91,0.91,0.91,0.91,0.0,0.0,0.91,0.91,0.91,0.0,0.0,0.0,0.0,0.91,0.89,0.91,0.91,0.89,0.91,0.91,0.91,0.91,0.91,0.91,0.91,0.0,0.0,0.91,0.91,0.91,0.91,0.91,0.88,0.88,0.0,0.91,0.91,0.91,0.91,0.91,0.91,0.91
1866,0.0,0.91,0.91,0.0,0.0,0.91,0.0,0.0,0.87,0.91,0.85,0.89,0.9,0.9,0.91,0.91,0.87,0.88,0.91,0.91,0.91,0.9,0.9,0.89,0.91,0.91,0.0,0.0,0.91,0.91,0.91,0.0,0.0,0.0,0.0,0.91,0.86,0.89,0.91,0.88,0.9,0.91,0.9,0.9,0.88,0.91,0.91,0.0,0.0,0.91,0.89,0.91,0.88,0.89,0.88,0.86,0.0,0.89,0.89,0.89,0.89,0.9,0.91,0.9
1867,0.0,0.88,0.87,0.0,0.0,0.88,0.0,0.0,0.8,0.88,0.81,0.84,0.84,0.83,0.85,0.85,0.83,0.84,0.87,0.85,0.88,0.83,0.84,0.83,0.89,0.87,0.0,0.0,0.85,0.88,0.87,0.0,0.0,0.0,0.0,0.87,0.8,0.85,0.84,0.82,0.86,0.84,0.84,0.84,0.82,0.84,0.88,0.0,0.0,0.89,0.86,0.85,0.83,0.85,0.83,0.82,0.0,0.86,0.86,0.85,0.85,0.86,0.86,0.86
1868,0.0,0.81,0.82,0.0,0.0,0.8,0.0,0.0,0.74,0.8,0.75,0.76,0.74,0.74,0.75,0.76,0.76,0.76,0.78,0.75,0.79,0.74,0.74,0.75,0.81,0.81,0.0,0.0,0.79,0.81,0.8,0.0,0.0,0.0,0.0,0.8,0.76,0.78,0.76,0.74,0.8,0.77,0.76,0.75,0.75,0.76,0.81,0.0,0.0,0.81,0.81,0.79,0.79,0.8,0.76,0.78,0.0,0.81,0.81,0.8,0.8,0.82,0.8,0.8
1869,0.0,0.47,0.47,0.0,0.0,0.42,0.0,0.0,0.36,0.34,0.37,0.36,0.27,0.32,0.31,0.33,0.37,0.29,0.31,0.33,0.34,0.31,0.27,0.38,0.38,0.47,0.0,0.0,0.45,0.47,0.46,0.0,0.0,0.0,0.0,0.43,0.4,0.4,0.42,0.39,0.42,0.42,0.42,0.38,0.38,0.42,0.42,0.0,0.0,0.42,0.46,0.46,0.44,0.46,0.42,0.45,0.0,0.45,0.46,0.44,0.45,0.46,0.46,0.46
1870,0.0,0.0,0.0,0.0,0.0,0.0,0.0,0.0,0.0,0.0,0.0,0.0,0.0,0.0,0.0,0.0,0.0,0.0,0.0,0.0,0.0,0.0,0.0,0.0,0.0,0.0,0.0,0.0,0.0,0.0,0.0,0.0,0.0,0.0,0.0,0.0,0.0,0.0,0.0,0.0,0.0,0.0,0.0,0.0,0.0,0.0,0.0,0.0,0.0,0.0,0.0,0.0,0.0,0.0,0.0,0.0,0.0,0.0,0.0,0.0,0.0,0.0,0.0,0.0
1871,0.0,0.0,0.0,0.0,0.0,0.0,0.0,0.0,0.0,0.0,0.0,0.0,0.0,0.0,0.0,0.0,0.0,0.0,0.0,0.0,0.0,0.0,0.0,0.0,0.0,0.0,0.0,0.0,0.0,0.0,0.0,0.0,0.0,0.0,0.0,0.0,0.0,0.0,0.0,0.0,0.0,0.0,0.0,0.0,0.0,0.0,0.0,0.0,0.0,0.0,0.0,0.0,0.0,0.0,0.0,0.0,0.0,0.0,0.0,0.0,0.0,0.0,0.0,0.0
1872,0.0,0.0,0.0,0.0,0.0,0.0,0.0,0.0,0.0,0.0,0.0,0.0,0.0,0.0,0.0,0.0,0.0,0.0,0.0,0.0,0.0,0.0,0.0,0.0,0.0,0.0,0.0,0.0,0.0,0.0,0.0,0.0,0.0,0.0,0.0,0.0,0.0,0.0,0.0,0.0,0.0,0.0,0.0,0.0,0.0,0.0,0.0,0.0,0.0,0.0,0.0,0.0,0.0,0.0,0.0,0.0,0.0,0.0,0.0,0.0,0.0,0.0,0.0,0.0
1873,0.0,0.0,0.0,0.0,0.0,0.0,0.0,0.0,0.0,0.0,0.0,0.0,0.0,0.0,0.0,0.0,0.0,0.0,0.0,0.0,0.0,0.0,0.0,0.0,0.0,0.0,0.0,0.0,0.0,0.0,0.0,0.0,0.0,0.0,0.0,0.0,0.0,0.0,0.0,0.0,0.0,0.0,0.0,0.0,0.0,0.0,0.0,0.0,0.0,0.0,0.0,0.0,0.0,0.0,0.0,0.0,0.0,0.0,0.0,0.0,0.0,0.0,0.0,0.0
1874,0.0,0.0,0.0,0.0,0.0,0.0,0.0,0.0,0.0,0.0,0.0,0.0,0.0,0.0,0.0,0.0,0.0,0.0,0.0,0.0,0.0,0.0,0.0,0.0,0.0,0.0,0.0,0.0,0.0,0.0,0.0,0.0,0.0,0.0,0.0,0.0,0.0,0.0,0.0,0.0,0.0,0.0,0.0,0.0,0.0,0.0,0.0,0.0,0.0,0.0,0.0,0.0,0.0,0.0,0.0,0.0,0.0,0.0,0.0,0.0,0.0,0.0,0.0,0.0
1875,0.0,0.0,0.0,0.0,0.0,0.0,0.0,0.0,0.0,0.0,0.0,0.0,0.0,0.0,0.0,0.0,0.0,0.0,0.0,0.0,0.0,0.0,0.0,0.0,0.0,0.0,0.0,0.0,0.0,0.0,0.0,0.0,0.0,0.0,0.0,0.0,0.0,0.0,0.0,0.0,0.0,0.0,0.0,0.0,0.0,0.0,0.0,0.0,0.0,0.0,0.0,0.0,0.0,0.0,0.0,0.0,0.0,0.0,0.0,0.0,0.0,0.0,0.0,0.0
1876,0.0,0.0,0.0,0.0,0.0,0.0,0.0,0.0,0.0,0.0,0.0,0.0,0.0,0.0,0.0,0.0,0.0,0.0,0.0,0.0,0.0,0.0,0.0,0.0,0.0,0.0,0.0,0.0,0.0,0.0,0.0,0.0,0.0,0.0,0.0,0.0,0.0,0.0,0.0,0.0,0.0,0.0,0.0,0.0,0.0,0.0,0.0,0.0,0.0,0.0,0.0,0.0,0.0,0.0,0.0,0.0,0.0,0.0,0.0,0.0,0.0,0.0,0.0,0.0
1877,0.0,0.0,0.0,0.0,0.0,0.0,0.0,0.0,0.0,0.0,0.0,0.0,0.0,0.0,0.0,0.0,0.0,0.0,0.0,0.0,0.0,0.0,0.0,0.0,0.0,0.0,0.0,0.0,0.0,0.0,0.0,0.0,0.0,0.0,0.0,0.0,0.0,0.0,0.0,0.0,0.0,0.0,0.0,0.0,0.0,0.0,0.0,0.0,0.0,0.0,0.0,0.0,0.0,0.0,0.0,0.0,0.0,0.0,0.0,0.0,0.0,0.0,0.0,0.0
1878,0.0,0.0,0.0,0.0,0.0,0.0,0.0,0.0,0.0,0.0,0.0,0.0,0.0,0.0,0.0,0.0,0.0,0.0,0.0,0.0,0.0,0.0,0.0,0.0,0.0,0.0,0.0,0.0,0.0,0.0,0.0,0.0,0.0,0.0,0.0,0.0,0.0,0.0,0.0,0.0,0.0,0.0,0.0,0.0,0.0,0.0,0.0,0.0,0.0,0.0,0.0,0.0,0.0,0.0,0.0,0.0,0.0,0.0,0.0,0.0,0.0,0.0,0.0,0.0
1879,0.0,0.0,0.0,0.0,0.0,0.0,0.0,0.0,0.0,0.0,0.0,0.0,0.0,0.0,0.0,0.0,0.0,0.0,0.0,0.0,0.0,0.0,0.0,0.0,0.0,0.0,0.0,0.0,0.0,0.0,0.0,0.0,0.0,0.0,0.0,0.0,0.0,0.0,0.0,0.0,0.0,0.0,0.0,0.0,0.0,0.0,0.0,0.0,0.0,0.0,0.0,0.0,0.0,0.0,0.0,0.0,0.0,0.0,0.0,0.0,0.0,0.0,0.0,0.0
1880,0.0,0.0,0.0,0.0,0.0,0.0,0.0,0.0,0.0,0.0,0.0,0.0,0.0,0.0,0.0,0.0,0.0,0.0,0.0,0.0,0.0,0.0,0.0,0.0,0.0,0.0,0.0,0.0,0.0,0.0,0.0,0.0,0.0,0.0,0.0,0.0,0.0,0.0,0.0,0.0,0.0,0.0,0.0,0.0,0.0,0.0,0.0,0.0,0.0,0.0,0.0,0.0,0.0,0.0,0.0,0.0,0.0,0.0,0.0,0.0,0.0,0.0,0.0,0.0
1881,0.0,0.0,0.0,0.0,0.0,0.0,0.0,0.0,0.0,0.0,0.0,0.0,0.0,0.0,0.0,0.0,0.0,0.0,0.0,0.0,0.0,0.0,0.0,0.0,0.0,0.0,0.0,0.0,0.0,0.0,0.0,0.0,0.0,0.0,0.0,0.0,0.0,0.0,0.0,0.0,0.0,0.0,0.0,0.0,0.0,0.0,0.0,0.0,0.0,0.0,0.0,0.0,0.0,0.0,0.0,0.0,0.0,0.0,0.0,0.0,0.0,0.0,0.0,0.0
1882,0.0,0.0,0.0,0.0,0.0,0.0,0.0,0.0,0.0,0.02,0.0,0.0,0.04,0.01,0.02,0.01,0.0,0.08,0.08,0.01,0.02,0.07,0.04,0.0,0.0,0.0,0.0,0.0,0.0,0.0,0.0,0.0,0.0,0.0,0.0,0.0,0.0,0.0,0.0,0.0,0.0,0.0,0.0,0.0,0.0,0.0,0.0,0.0,0.0,0.0,0.0,0.0,0.0,0.0,0.0,0.0,0.0,0.0,0.0,0.0,0.0,0.0,0.0,0.0
1883,0.0,0.43,0.45,0.0,0.0,0.46,0.0,0.0,0.56,0.6,0.53,0.57,0.65,0.6,0.54,0.6,0.56,0.63,0.62,0.59,0.6,0.61,0.66,0.48,0.44,0.45,0.0,0.0,0.47,0.43,0.41,0.0,0.0,0.0,0.0,0.35,0.39,0.45,0.24,0.51,0.41,0.24,0.28,0.45,0.48,0.27,0.44,0.0,0.0,0.44,0.31,0.43,0.32,0.29,0.51,0.27,0.0,0.2,0.32,0.34,0.29,0.33,0.48,0.3
1884,0.0,0.68,0.71,0.0,0.0,0.68,0.0,0.0,0.73,0.78,0.68,0.77,0.79,0.74,0.76,0.76,0.7,0.79,0.79,0.74,0.78,0.75,0.8,0.59,0.72,0.74,0.0,0.0,0.73,0.69,0.73,0.0,0.0,0.0,0.0,0.72,0.52,0.56,0.73,0.64,0.39,0.71,0.66,0.49,0.54,0.72,0.69,0.0,0.0,0.7,0.65,0.74,0.44,0.68,0.44,0.66,0.0,0.55,0.62,0.58,0.65,0.68,0.76,0.64
1885,0.0,0.81,0.82,0.0,0.0,0.82,0.0,0.0,0.74,0.85,0.7,0.75,0.87,0.83,0.82,0.83,0.74,0.85,0.87,0.79,0.87,0.85,0.89,0.83,0.83,0.83,0.0,0.0,0.79,0.82,0.8,0.0,0.0,0.0,0.0,0.84,0.83,0.79,0.84,0.79,0.82,0.85,0.79,0.84,0.84,0.85,0.83,0.0,0.0,0.83,0.79,0.85,0.72,0.8,0.78,0.76,0.0,0.81,0.76,0.76,0.81,0.81,0.83,0.79
1886,0.0,0.88,0.89,0.0,0.0,0.86,0.0,0.0,0.9,0.87,0.88,0.88,0.9,0.82,0.81,0.84,0.88,0.87,0.88,0.88,0.82,0.83,0.91,0.89,0.86,0.87,0.0,0.0,0.86,0.89,0.87,0.0,0.0,0.0,0.0,0.88,0.87,0.86,0.86,0.89,0.89,0.86,0.82,0.89,0.89,0.86,0.87,0.0,0.0,0.87,0.86,0.91,0.88,0.83,0.87,0.83,0.0,0.82,0.85,0.8,0.88,0.84,0.88,0.87
1887,0.0,0.89,0.89,0.0,0.0,0.89,0.0,0.0,0.91,0.82,0.88,0.91,0.89,0.91,0.91,0.91,0.89,0.82,0.83,0.91,0.88,0.91,0.9,0.9,0.87,0.89,0.0,0.0,0.86,0.9,0.89,0.0,0.0,0.0,0.0,0.91,0.91,0.9,0.91,0.9,0.91,0.91,0.9,0.9,0.9,0.91,0.9,0.0,0.0,0.89,0.87,0.91,0.9,0.84,0.91,0.82,0.0,0.82,0.86,0.86,0.88,0.88,0.87,0.87
1888,0.0,0.91,0.91,0.0,0.0,0.9,0.0,0.0,0.91,0.82,0.9,0.91,0.89,0.9,0.9,0.91,0.89,0.9,0.89,0.91,0.86,0.9,0.87,0.91,0.86,0.91,0.0,0.0,0.91,0.91,0.91,0.0,0.0,0.0,0.0,0.89,0.9,0.89,0.9,0.89,0.91,0.89,0.87,0.9,0.91,0.9,0.9,0.0,0.0,0.9,0.91,0.91,0.84,0.91,0.88,0.88,0.0,0.91,0.91,0.82,0.91,0.91,0.91,0.91
1889,0.0,0.91,0.91,0.0,0.0,0.89,0.0,0.0,0.85,0.86,0.84,0.87,0.87,0.9,0.89,0.88,0.82,0.88,0.87,0.87,0.86,0.88,0.86,0.88,0.88,0.91,0.0,0.0,0.9,0.91,0.91,0.0,0.0,0.0,0.0,0.91,0.9,0.87,0.91,0.86,0.91,0.91,0.91,0.9,0.88,0.91,0.88,0.0,0.0,0.89,0.91,0.91,0.88,0.87,0.9,0.89,0.0,0.88,0.91,0.87,0.91,0.91,0.91,0.91
1890,0.0,0.89,0.9,0.0,0.0,0.87,0.0,0.0,0.9,0.8,0.89,0.86,0.85,0.83,0.82,0.82,0.84,0.82,0.81,0.88,0.8,0.81,0.87,0.85,0.86,0.89,0.0,0.0,0.59,0.89,0.89,0.0,0.0,0.0,0.0,0.9,0.89,0.86,0.91,0.85,0.89,0.91,0.9,0.87,0.86,0.91,0.88,0.0,0.0,0.87,0.86,0.85,0.86,0.56,0.76,0.78,0.0,0.64,0.85,0.75,0.86,0.84,0.87,0.87
1891,0.0,0.89,0.89,0.0,0.0,0.85,0.0,0.0,0.86,0.75,0.82,0.81,0.78,0.87,0.87,0.86,0.69,0.8,0.82,0.87,0.74,0.85,0.83,0.88,0.85,0.88,0.0,0.0,0.84,0.89,0.87,0.0,0.0,0.0,0.0,0.83,0.75,0.78,0.82,0.76,0.86,0.78,0.81,0.87,0.84,0.84,0.86,0.0,0.0,0.86,0.6,0.81,0.82,0.6,0.66,0.62,0.0,0.65,0.62,0.64,0.65,0.6,0.84,0.61
1892,0.0,0.27,0.3,0.0,0.0,0.75,0.0,0.0,0.66,0.49,0.62,0.56,0.68,0.59,0.61,0.61,0.6,0.67,0.66,0.55,0.59,0.6,0.71,0.57,0.74,0.8,0.0,0.0,0.76,0.34,0.78,0.0,0.0,0.0,0.0,0.78,0.75,0.64,0.78,0.65,0.64,0.78,0.76,0.66,0.66,0.77,0.76,0.0,0.0,0.76,0.56,0.68,0.54,0.53,0.46,0.48,0.0,0.56,0.51,0.48,0.61,0.55,0.76,0.54
1893,0.0,0.03,0.04,0.0,0.0,0.4,0.0,0.0,0.17,0.12,0.18,0.18,0.17,0.21,0.23,0.23,0.16,0.17,0.17,0.21,0.16,0.19,0.16,0.32,0.36,0.09,0.0,0.0,0.09,0.03,0.13,0.0,0.0,0.0,0.0,0.16,0.25,0.17,0.34,0.16,0.23,0.32,0.28,0.33,0.3,0.34,0.4,0.0,0.0,0.4,0.27,0.25,0.2,0.19,0.16,0.26,0.0,0.18,0.26,0.17,0.29,0.25,0.12,0.28
1894,0.0,0.0,0.0,0.0,0.0,0.0,0.0,0.0,0.0,0.0,0.0,0.0,0.0,0.0,0.0,0.0,0.0,0.0,0.0,0.0,0.0,0.0,0.0,0.0,0.0,0.0,0.0,0.0,0.0,0.0,0.0,0.0,0.0,0.0,0.0,0.0,0.0,0.0,0.0,0.0,0.0,0.0,0.0,0.0,0.0,0.0,0.0,0.0,0.0,0.0,0.0,0.0,0.0,0.0,0.0,0.0,0.0,0.0,0.0,0.0,0.0,0.0,0.0,0.0
1895,0.0,0.0,0.0,0.0,0.0,0.0,0.0,0.0,0.0,0.0,0.0,0.0,0.0,0.0,0.0,0.0,0.0,0.0,0.0,0.0,0.0,0.0,0.0,0.0,0.0,0.0,0.0,0.0,0.0,0.0,0.0,0.0,0.0,0.0,0.0,0.0,0.0,0.0,0.0,0.0,0.0,0.0,0.0,0.0,0.0,0.0,0.0,0.0,0.0,0.0,0.0,0.0,0.0,0.0,0.0,0.0,0.0,0.0,0.0,0.0,0.0,0.0,0.0,0.0
1896,0.0,0.0,0.0,0.0,0.0,0.0,0.0,0.0,0.0,0.0,0.0,0.0,0.0,0.0,0.0,0.0,0.0,0.0,0.0,0.0,0.0,0.0,0.0,0.0,0.0,0.0,0.0,0.0,0.0,0.0,0.0,0.0,0.0,0.0,0.0,0.0,0.0,0.0,0.0,0.0,0.0,0.0,0.0,0.0,0.0,0.0,0.0,0.0,0.0,0.0,0.0,0.0,0.0,0.0,0.0,0.0,0.0,0.0,0.0,0.0,0.0,0.0,0.0,0.0
1897,0.0,0.0,0.0,0.0,0.0,0.0,0.0,0.0,0.0,0.0,0.0,0.0,0.0,0.0,0.0,0.0,0.0,0.0,0.0,0.0,0.0,0.0,0.0,0.0,0.0,0.0,0.0,0.0,0.0,0.0,0.0,0.0,0.0,0.0,0.0,0.0,0.0,0.0,0.0,0.0,0.0,0.0,0.0,0.0,0.0,0.0,0.0,0.0,0.0,0.0,0.0,0.0,0.0,0.0,0.0,0.0,0.0,0.0,0.0,0.0,0.0,0.0,0.0,0.0
1898,0.0,0.0,0.0,0.0,0.0,0.0,0.0,0.0,0.0,0.0,0.0,0.0,0.0,0.0,0.0,0.0,0.0,0.0,0.0,0.0,0.0,0.0,0.0,0.0,0.0,0.0,0.0,0.0,0.0,0.0,0.0,0.0,0.0,0.0,0.0,0.0,0.0,0.0,0.0,0.0,0.0,0.0,0.0,0.0,0.0,0.0,0.0,0.0,0.0,0.0,0.0,0.0,0.0,0.0,0.0,0.0,0.0,0.0,0.0,0.0,0.0,0.0,0.0,0.0
1899,0.0,0.0,0.0,0.0,0.0,0.0,0.0,0.0,0.0,0.0,0.0,0.0,0.0,0.0,0.0,0.0,0.0,0.0,0.0,0.0,0.0,0.0,0.0,0.0,0.0,0.0,0.0,0.0,0.0,0.0,0.0,0.0,0.0,0.0,0.0,0.0,0.0,0.0,0.0,0.0,0.0,0.0,0.0,0.0,0.0,0.0,0.0,0.0,0.0,0.0,0.0,0.0,0.0,0.0,0.0,0.0,0.0,0.0,0.0,0.0,0.0,0.0,0.0,0.0
1900,0.0,0.0,0.0,0.0,0.0,0.0,0.0,0.0,0.0,0.0,0.0,0.0,0.0,0.0,0.0,0.0,0.0,0.0,0.0,0.0,0.0,0.0,0.0,0.0,0.0,0.0,0.0,0.0,0.0,0.0,0.0,0.0,0.0,0.0,0.0,0.0,0.0,0.0,0.0,0.0,0.0,0.0,0.0,0.0,0.0,0.0,0.0,0.0,0.0,0.0,0.0,0.0,0.0,0.0,0.0,0.0,0.0,0.0,0.0,0.0,0.0,0.0,0.0,0.0
1901,0.0,0.0,0.0,0.0,0.0,0.0,0.0,0.0,0.0,0.0,0.0,0.0,0.0,0.0,0.0,0.0,0.0,0.0,0.0,0.0,0.0,0.0,0.0,0.0,0.0,0.0,0.0,0.0,0.0,0.0,0.0,0.0,0.0,0.0,0.0,0.0,0.0,0.0,0.0,0.0,0.0,0.0,0.0,0.0,0.0,0.0,0.0,0.0,0.0,0.0,0.0,0.0,0.0,0.0,0.0,0.0,0.0,0.0,0.0,0.0,0.0,0.0,0.0,0.0
1902,0.0,0.0,0.0,0.0,0.0,0.0,0.0,0.0,0.0,0.0,0.0,0.0,0.0,0.0,0.0,0.0,0.0,0.0,0.0,0.0,0.0,0.0,0.0,0.0,0.0,0.0,0.0,0.0,0.0,0.0,0.0,0.0,0.0,0.0,0.0,0.0,0.0,0.0,0.0,0.0,0.0,0.0,0.0,0.0,0.0,0.0,0.0,0.0,0.0,0.0,0.0,0.0,0.0,0.0,0.0,0.0,0.0,0.0,0.0,0.0,0.0,0.0,0.0,0.0
1903,0.0,0.0,0.0,0.0,0.0,0.0,0.0,0.0,0.0,0.0,0.0,0.0,0.0,0.0,0.0,0.0,0.0,0.0,0.0,0.0,0.0,0.0,0.0,0.0,0.0,0.0,0.0,0.0,0.0,0.0,0.0,0.0,0.0,0.0,0.0,0.0,0.0,0.0,0.0,0.0,0.0,0.0,0.0,0.0,0.0,0.0,0.0,0.0,0.0,0.0,0.0,0.0,0.0,0.0,0.0,0.0,0.0,0.0,0.0,0.0,0.0,0.0,0.0,0.0
1904,0.0,0.0,0.0,0.0,0.0,0.0,0.0,0.0,0.0,0.0,0.0,0.0,0.0,0.0,0.0,0.0,0.0,0.0,0.0,0.0,0.0,0.0,0.0,0.0,0.0,0.0,0.0,0.0,0.0,0.0,0.0,0.0,0.0,0.0,0.0,0.0,0.0,0.0,0.0,0.0,0.0,0.0,0.0,0.0,0.0,0.0,0.0,0.0,0.0,0.0,0.0,0.0,0.0,0.0,0.0,0.0,0.0,0.0,0.0,0.0,0.0,0.0,0.0,0.0
1905,0.0,0.0,0.0,0.0,0.0,0.0,0.0,0.0,0.0,0.0,0.0,0.0,0.0,0.0,0.0,0.0,0.0,0.0,0.0,0.0,0.0,0.0,0.0,0.0,0.0,0.0,0.0,0.0,0.0,0.0,0.0,0.0,0.0,0.0,0.0,0.0,0.0,0.0,0.0,0.0,0.0,0.0,0.0,0.0,0.0,0.0,0.0,0.0,0.0,0.0,0.0,0.0,0.0,0.0,0.0,0.0,0.0,0.0,0.0,0.0,0.0,0.0,0.0,0.0
1906,0.0,0.0,0.0,0.0,0.0,0.0,0.0,0.0,0.0,0.0,0.0,0.0,0.01,0.0,0.04,0.03,0.0,0.0,0.01,0.01,0.0,0.0,0.01,0.0,0.0,0.0,0.0,0.0,0.0,0.0,0.0,0.0,0.0,0.0,0.0,0.0,0.0,0.0,0.0,0.0,0.0,0.0,0.0,0.0,0.0,0.0,0.0,0.0,0.0,0.0,0.0,0.0,0.0,0.0,0.0,0.0,0.0,0.0,0.0,0.0,0.0,0.0,0.0,0.0
1907,0.0,0.02,0.02,0.0,0.0,0.08,0.0,0.0,0.41,0.07,0.34,0.11,0.17,0.12,0.48,0.5,0.23,0.05,0.15,0.24,0.06,0.06,0.06,0.22,0.27,0.01,0.0,0.0,0.02,0.02,0.01,0.0,0.0,0.0,0.0,0.05,0.16,0.26,0.04,0.34,0.17,0.05,0.16,0.17,0.2,0.05,0.1,0.0,0.0,0.05,0.2,0.04,0.21,0.21,0.03,0.04,0.0,0.03,0.14,0.03,0.18,0.23,0.13,0.15
1908,0.0,0.06,0.06,0.0,0.0,0.06,0.0,0.0,0.29,0.52,0.43,0.21,0.77,0.77,0.37,0.69,0.19,0.15,0.23,0.65,0.14,0.78,0.17,0.19,0.62,0.08,0.0,0.0,0.03,0.07,0.06,0.0,0.0,0.0,0.0,0.04,0.17,0.41,0.08,0.44,0.32,0.07,0.06,0.08,0.2,0.06,0.06,0.0,0.0,0.04,0.48,0.17,0.28,0.53,0.08,0.49,0.0,0.09,0.16,0.15,0.2,0.6,0.05,0.19
1909,0.0,0.18,0.22,0.0,0.0,0.23,0.0,0.0,0.43,0.53,0.52,0.54,0.82,0.14,0.67,0.61,0.63,0.26,0.4,0.61,0.13,0.14,0.23,0.32,0.13,0.24,0.0,0.0,0.19,0.2,0.11,0.0,0.0,0.0,0.0,0.12,0.12,0.65,0.12,0.62,0.2,0.07,0.05,0.14,0.24,0.09,0.26,0.0,0.0,0.27,0.64,0.64,0.49,0.54,0.25,0.5,0.0,0.4,0.49,0.53,0.54,0.64,0.67,0.63
1910,0.0,0.52,0.73,0.0,0.0,0.15,0.0,0.0,0.26,0.69,0.16,0.35,0.33,0.46,0.74,0.46,0.24,0.28,0.54,0.76,0.25,0.77,0.3,0.09,0.19,0.75,0.0,0.0,0.6,0.62,0.68,0.0,0.0,0.0,0.0,0.46,0.86,0.16,0.6,0.11,0.14,0.69,0.24,0.14,0.14,0.86,0.15,0.0,0.0,0.23,0.29,0.78,0.73,0.52,0.63,0.36,0.0,0.4,0.28,0.77,0.25,0.53,0.81,0.37
1911,0.0,0.62,0.78,0.0,0.0,0.22,0.0,0.0,0.14,0.76,0.14,0.46,0.84,0.65,0.83,0.7,0.55,0.61,0.76,0.25,0.24,0.59,0.31,0.53,0.5,0.57,0.0,0.0,0.48,0.7,0.6,0.0,0.0,0.0,0.0,0.8,0.84,0.31,0.52,0.55,0.28,0.85,0.77,0.8,0.72,0.88,0.21,0.0,0.0,0.2,0.72,0.49,0.34,0.81,0.82,0.8,0.0,0.44,0.63,0.69,0.42,0.81,0.84,0.7
1912,0.0,0.6,0.66,0.0,0.0,0.3,0.0,0.0,0.32,0.49,0.48,0.71,0.84,0.26,0.46,0.32,0.44,0.55,0.82,0.34,0.62,0.2,0.86,0.59,0.72,0.68,0.0,0.0,0.51,0.7,0.46,0.0,0.0,0.0,0.0,0.57,0.56,0.26,0.49,0.46,0.2,0.85,0.78,0.5,0.46,0.75,0.42,0.0,0.0,0.23,0.77,0.73,0.64,0.82,0.82,0.79,0.0,0.6,0.83,0.86,0.6,0.84,0.85,0.82
1913,0.0,0.47,0.38,0.0,0.0,0.26,0.0,0.0,0.36,0.46,0.19,0.54,0.82,0.28,0.68,0.16,0.38,0.54,0.76,0.34,0.73,0.32,0.8,0.5,0.76,0.73,0.0,0.0,0.56,0.56,0.44,0.0,0.0,0.0,0.0,0.59,0.42,0.28,0.61,0.53,0.29,0.83,0.8,0.36,0.43,0.74,0.3,0.0,0.0,0.23,0.63,0.57,0.56,0.74,0.89,0.29,0.0,0.67,0.86,0.86,0.58,0.79,0.89,0.85
1914,0.0,0.47,0.48,0.0,0.0,0.2,0.0,0.0,0.3,0.43,0.26,0.43,0.6,0.18,0.14,0.12,0.3,0.36,0.46,0.18,0.3,0.16,0.5,0.42,0.32,0.58,0.0,0.0,0.52,0.57,0.52,0.0,0.0,0.0,0.0,0.31,0.45,0.27,0.48,0.61,0.29,0.64,0.79,0.31,0.38,0.68,0.24,0.0,0.0,0.18,0.14,0.17,0.4,0.27,0.71,0.1,0.0,0.34,0.46,0.36,0.17,0.28,0.9,0.3
1915,0.0,0.46,0.34,0.0,0.0,0.15,0.0,0.0,0.38,0.21,0.21,0.26,0.41,0.2,0.09,0.11,0.49,0.22,0.32,0.19,0.29,0.36,0.41,0.38,0.12,0.14,0.0,0.0,0.34,0.36,0.4,0.0,0.0,0.0,0.0,0.14,0.37,0.44,0.2,0.52,0.21,0.4,0.76,0.21,0.37,0.32,0.15,0.0,0.0,0.18,0.08,0.06,0.08,0.09,0.13,0.06,0.0,0.14,0.14,0.08,0.07,0.11,0.16,0.1
1916,0.0,0.08,0.07,0.0,0.0,0.04,0.0,0.0,0.29,0.23,0.18,0.36,0.26,0.25,0.05,0.07,0.46,0.14,0.27,0.18,0.32,0.24,0.3,0.29,0.03,0.09,0.0,0.0,0.15,0.09,0.48,0.0,0.0,0.0,0.0,0.09,0.16,0.34,0.05,0.75,0.04,0.07,0.16,0.15,0.34,0.05,0.06,0.0,0.0,0.05,0.06,0.04,0.04,0.06,0.03,0.05,0.0,0.08,0.08,0.06,0.06,0.07,0.08,0.07
1917,0.0,0.02,0.02,0.0,0.0,0.02,0.0,0.0,0.04,0.05,0.03,0.12,0.03,0.03,0.01,0.02,0.11,0.06,0.08,0.06,0.14,0.03,0.07,0.03,0.02,0.02,0.0,0.0,0.03,0.02,0.07,0.0,0.0,0.0,0.0,0.02,0.01,0.02,0.01,0.02,0.01,0.01,0.02,0.03,0.04,0.01,0.02,0.0,0.0,0.02,0.02,0.01,0.02,0.02,0.01,0.02,0.0,0.02,0.02,0.02,0.02,0.02,0.02,0.02
1918,0.0,0.0,0.0,0.0,0.0,0.0,0.0,0.0,0.0,0.0,0.0,0.0,0.0,0.0,0.0,0.0,0.0,0.0,0.0,0.0,0.0,0.0,0.0,0.0,0.0,0.0,0.0,0.0,0.0,0.0,0.0,0.0,0.0,0.0,0.0,0.0,0.0,0.0,0.0,0.0,0.0,0.0,0.0,0.0,0.0,0.0,0.0,0.0,0.0,0.0,0.0,0.0,0.0,0.0,0.0,0.0,0.0,0.0,0.0,0.0,0.0,0.0,0.0,0.0
1919,0.0,0.0,0.0,0.0,0.0,0.0,0.0,0.0,0.0,0.0,0.0,0.0,0.0,0.0,0.0,0.0,0.0,0.0,0.0,0.0,0.0,0.0,0.0,0.0,0.0,0.0,0.0,0.0,0.0,0.0,0.0,0.0,0.0,0.0,0.0,0.0,0.0,0.0,0.0,0.0,0.0,0.0,0.0,0.0,0.0,0.0,0.0,0.0,0.0,0.0,0.0,0.0,0.0,0.0,0.0,0.0,0.0,0.0,0.0,0.0,0.0,0.0,0.0,0.0
1920,0.0,0.0,0.0,0.0,0.0,0.0,0.0,0.0,0.0,0.0,0.0,0.0,0.0,0.0,0.0,0.0,0.0,0.0,0.0,0.0,0.0,0.0,0.0,0.0,0.0,0.0,0.0,0.0,0.0,0.0,0.0,0.0,0.0,0.0,0.0,0.0,0.0,0.0,0.0,0.0,0.0,0.0,0.0,0.0,0.0,0.0,0.0,0.0,0.0,0.0,0.0,0.0,0.0,0.0,0.0,0.0,0.0,0.0,0.0,0.0,0.0,0.0,0.0,0.0
1921,0.0,0.0,0.0,0.0,0.0,0.0,0.0,0.0,0.0,0.0,0.0,0.0,0.0,0.0,0.0,0.0,0.0,0.0,0.0,0.0,0.0,0.0,0.0,0.0,0.0,0.0,0.0,0.0,0.0,0.0,0.0,0.0,0.0,0.0,0.0,0.0,0.0,0.0,0.0,0.0,0.0,0.0,0.0,0.0,0.0,0.0,0.0,0.0,0.0,0.0,0.0,0.0,0.0,0.0,0.0,0.0,0.0,0.0,0.0,0.0,0.0,0.0,0.0,0.0
1922,0.0,0.0,0.0,0.0,0.0,0.0,0.0,0.0,0.0,0.0,0.0,0.0,0.0,0.0,0.0,0.0,0.0,0.0,0.0,0.0,0.0,0.0,0.0,0.0,0.0,0.0,0.0,0.0,0.0,0.0,0.0,0.0,0.0,0.0,0.0,0.0,0.0,0.0,0.0,0.0,0.0,0.0,0.0,0.0,0.0,0.0,0.0,0.0,0.0,0.0,0.0,0.0,0.0,0.0,0.0,0.0,0.0,0.0,0.0,0.0,0.0,0.0,0.0,0.0
1923,0.0,0.0,0.0,0.0,0.0,0.0,0.0,0.0,0.0,0.0,0.0,0.0,0.0,0.0,0.0,0.0,0.0,0.0,0.0,0.0,0.0,0.0,0.0,0.0,0.0,0.0,0.0,0.0,0.0,0.0,0.0,0.0,0.0,0.0,0.0,0.0,0.0,0.0,0.0,0.0,0.0,0.0,0.0,0.0,0.0,0.0,0.0,0.0,0.0,0.0,0.0,0.0,0.0,0.0,0.0,0.0,0.0,0.0,0.0,0.0,0.0,0.0,0.0,0.0
1924,0.0,0.0,0.0,0.0,0.0,0.0,0.0,0.0,0.0,0.0,0.0,0.0,0.0,0.0,0.0,0.0,0.0,0.0,0.0,0.0,0.0,0.0,0.0,0.0,0.0,0.0,0.0,0.0,0.0,0.0,0.0,0.0,0.0,0.0,0.0,0.0,0.0,0.0,0.0,0.0,0.0,0.0,0.0,0.0,0.0,0.0,0.0,0.0,0.0,0.0,0.0,0.0,0.0,0.0,0.0,0.0,0.0,0.0,0.0,0.0,0.0,0.0,0.0,0.0
1925,0.0,0.0,0.0,0.0,0.0,0.0,0.0,0.0,0.0,0.0,0.0,0.0,0.0,0.0,0.0,0.0,0.0,0.0,0.0,0.0,0.0,0.0,0.0,0.0,0.0,0.0,0.0,0.0,0.0,0.0,0.0,0.0,0.0,0.0,0.0,0.0,0.0,0.0,0.0,0.0,0.0,0.0,0.0,0.0,0.0,0.0,0.0,0.0,0.0,0.0,0.0,0.0,0.0,0.0,0.0,0.0,0.0,0.0,0.0,0.0,0.0,0.0,0.0,0.0
1926,0.0,0.0,0.0,0.0,0.0,0.0,0.0,0.0,0.0,0.0,0.0,0.0,0.0,0.0,0.0,0.0,0.0,0.0,0.0,0.0,0.0,0.0,0.0,0.0,0.0,0.0,0.0,0.0,0.0,0.0,0.0,0.0,0.0,0.0,0.0,0.0,0.0,0.0,0.0,0.0,0.0,0.0,0.0,0.0,0.0,0.0,0.0,0.0,0.0,0.0,0.0,0.0,0.0,0.0,0.0,0.0,0.0,0.0,0.0,0.0,0.0,0.0,0.0,0.0
1927,0.0,0.0,0.0,0.0,0.0,0.0,0.0,0.0,0.0,0.0,0.0,0.0,0.0,0.0,0.0,0.0,0.0,0.0,0.0,0.0,0.0,0.0,0.0,0.0,0.0,0.0,0.0,0.0,0.0,0.0,0.0,0.0,0.0,0.0,0.0,0.0,0.0,0.0,0.0,0.0,0.0,0.0,0.0,0.0,0.0,0.0,0.0,0.0,0.0,0.0,0.0,0.0,0.0,0.0,0.0,0.0,0.0,0.0,0.0,0.0,0.0,0.0,0.0,0.0
1928,0.0,0.0,0.0,0.0,0.0,0.0,0.0,0.0,0.0,0.0,0.0,0.0,0.0,0.0,0.0,0.0,0.0,0.0,0.0,0.0,0.0,0.0,0.0,0.0,0.0,0.0,0.0,0.0,0.0,0.0,0.0,0.0,0.0,0.0,0.0,0.0,0.0,0.0,0.0,0.0,0.0,0.0,0.0,0.0,0.0,0.0,0.0,0.0,0.0,0.0,0.0,0.0,0.0,0.0,0.0,0.0,0.0,0.0,0.0,0.0,0.0,0.0,0.0,0.0
1929,0.0,0.0,0.0,0.0,0.0,0.0,0.0,0.0,0.0,0.0,0.0,0.0,0.0,0.0,0.0,0.0,0.0,0.0,0.0,0.0,0.0,0.0,0.0,0.0,0.0,0.0,0.0,0.0,0.0,0.0,0.0,0.0,0.0,0.0,0.0,0.0,0.0,0.0,0.0,0.0,0.0,0.0,0.0,0.0,0.0,0.0,0.0,0.0,0.0,0.0,0.0,0.0,0.0,0.0,0.0,0.0,0.0,0.0,0.0,0.0,0.0,0.0,0.0,0.0
1930,0.0,0.0,0.0,0.0,0.0,0.0,0.0,0.0,0.02,0.09,0.02,0.01,0.04,0.07,0.07,0.06,0.01,0.08,0.01,0.06,0.0,0.08,0.11,0.0,0.03,0.0,0.0,0.0,0.0,0.0,0.0,0.0,0.0,0.0,0.0,0.0,0.01,0.01,0.0,0.01,0.01,0.0,0.0,0.01,0.01,0.0,0.0,0.0,0.0,0.01,0.0,0.0,0.0,0.0,0.0,0.0,0.0,0.0,0.0,0.0,0.0,0.0,0.0,0.0
1931,0.0,0.49,0.48,0.0,0.0,0.52,0.0,0.0,0.57,0.62,0.56,0.6,0.3,0.6,0.6,0.59,0.58,0.1,0.12,0.58,0.11,0.61,0.65,0.56,0.56,0.48,0.0,0.0,0.49,0.49,0.49,0.0,0.0,0.0,0.0,0.31,0.54,0.56,0.38,0.56,0.55,0.53,0.52,0.55,0.55,0.52,0.52,0.0,0.0,0.52,0.5,0.49,0.38,0.47,0.25,0.27,0.0,0.5,0.5,0.51,0.33,0.5,0.5,0.34
1932,0.0,0.77,0.76,0.0,0.0,0.75,0.0,0.0,0.78,0.84,0.76,0.85,0.8,0.79,0.79,0.74,0.83,0.18,0.87,0.79,0.38,0.8,0.8,0.79,0.76,0.78,0.0,0.0,0.74,0.77,0.77,0.0,0.0,0.0,0.0,0.73,0.78,0.82,0.78,0.83,0.83,0.79,0.79,0.78,0.79,0.79,0.75,0.0,0.0,0.76,0.8,0.81,0.81,0.76,0.65,0.6,0.0,0.78,0.8,0.81,0.78,0.79,0.79,0.8
1933,0.0,0.85,0.85,0.0,0.0,0.82,0.0,0.0,0.84,0.91,0.82,0.91,0.87,0.85,0.86,0.86,0.9,0.91,0.91,0.86,0.7,0.86,0.87,0.86,0.82,0.88,0.0,0.0,0.85,0.86,0.86,0.0,0.0,0.0,0.0,0.85,0.86,0.91,0.87,0.9,0.91,0.87,0.86,0.86,0.87,0.87,0.83,0.0,0.0,0.83,0.89,0.58,0.9,0.88,0.91,0.88,0.0,0.89,0.9,0.89,0.88,0.89,0.9,0.89
1934,0.0,0.86,0.87,0.0,0.0,0.83,0.0,0.0,0.86,0.91,0.86,0.91,0.88,0.87,0.88,0.87,0.91,0.91,0.91,0.87,0.91,0.77,0.9,0.88,0.84,0.9,0.0,0.0,0.89,0.87,0.88,0.0,0.0,0.0,0.0,0.89,0.87,0.91,0.51,0.91,0.91,0.65,0.88,0.88,0.88,0.6,0.84,0.0,0.0,0.84,0.88,0.63,0.91,0.9,0.91,0.9,0.0,0.91,0.91,0.91,0.56,0.91,0.91,0.91
1935,0.0,0.91,0.91,0.0,0.0,0.86,0.0,0.0,0.91,0.79,0.91,0.91,0.91,0.9,0.9,0.9,0.91,0.91,0.91,0.9,0.91,0.91,0.91,0.91,0.87,0.89,0.0,0.0,0.91,0.91,0.91,0.0,0.0,0.0,0.0,0.91,0.91,0.91,0.56,0.91,0.91,0.36,0.91,0.91,0.91,0.42,0.87,0.0,0.0,0.87,0.91,0.88,0.91,0.91,0.44,0.91,0.0,0.91,0.91,0.91,0.43,0.91,0.91,0.91
1936,0.0,0.91,0.91,0.0,0.0,0.89,0.0,0.0,0.91,0.85,0.91,0.91,0.91,0.91,0.77,0.91,0.91,0.91,0.91,0.91,0.91,0.91,0.91,0.91,0.88,0.86,0.0,0.0,0.91,0.91,0.91,0.0,0.0,0.0,0.0,0.91,0.91,0.91,0.73,0.91,0.91,0.74,0.77,0.91,0.91,0.44,0.89,0.0,0.0,0.89,0.91,0.91,0.91,0.91,0.46,0.91,0.0,0.91,0.91,0.91,0.91,0.91,0.82,0.91
1937,0.0,0.91,0.91,0.0,0.0,0.89,0.0,0.0,0.91,0.91,0.91,0.91,0.91,0.91,0.91,0.91,0.91,0.91,0.91,0.91,0.91,0.91,0.91,0.91,0.88,0.91,0.0,0.0,0.91,0.91,0.91,0.0,0.0,0.0,0.0,0.91,0.91,0.91,0.91,0.91,0.91,0.91,0.91,0.91,0.91,0.91,0.9,0.0,0.0,0.89,0.91,0.91,0.91,0.91,0.66,0.91,0.0,0.78,0.91,0.91,0.91,0.91,0.88,0.91
1938,0.0,0.91,0.91,0.0,0.0,0.88,0.0,0.0,0.9,0.91,0.91,0.91,0.91,0.9,0.9,0.9,0.91,0.91,0.91,0.89,0.91,0.9,0.91,0.91,0.87,0.91,0.0,0.0,0.91,0.91,0.91,0.0,0.0,0.0,0.0,0.91,0.91,0.91,0.91,0.91,0.91,0.91,0.9,0.9,0.91,0.91,0.88,0.0,0.0,0.88,0.47,0.91,0.91,0.89,0.66,0.91,0.0,0.76,0.88,0.91,0.91,0.43,0.91,0.91
1939,0.0,0.89,0.88,0.0,0.0,0.84,0.0,0.0,0.84,0.87,0.83,0.91,0.86,0.85,0.84,0.84,0.9,0.88,0.89,0.83,0.37,0.86,0.86,0.88,0.82,0.91,0.0,0.0,0.9,0.91,0.91,0.0,0.0,0.0,0.0,0.88,0.88,0.88,0.9,0.75,0.89,0.9,0.87,0.86,0.88,0.9,0.84,0.0,0.0,0.84,0.9,0.9,0.75,0.39,0.6,0.91,0.0,0.71,0.57,0.47,0.89,0.91,0.91,0.9
1940,0.0,0.84,0.84,0.0,0.0,0.73,0.0,0.0,0.76,0.78,0.78,0.81,0.74,0.76,0.76,0.75,0.81,0.77,0.34,0.75,0.34,0.76,0.75,0.78,0.75,0.84,0.0,0.0,0.81,0.84,0.83,0.0,0.0,0.0,0.0,0.81,0.79,0.8,0.82,0.82,0.48,0.81,0.8,0.78,0.79,0.82,0.76,0.0,0.0,0.74,0.84,0.81,0.35,0.38,0.31,0.84,0.0,0.36,0.83,0.32,0.82,0.84,0.84,0.81
1941,0.0,0.49,0.48,0.0,0.0,0.42,0.0,0.0,0.37,0.36,0.39,0.22,0.3,0.34,0.34,0.35,0.4,0.33,0.34,0.36,0.14,0.34,0.3,0.4,0.38,0.49,0.0,0.0,0.48,0.49,0.48,0.0,0.0,0.0,0.0,0.45,0.41,0.43,0.46,0.42,0.26,0.45,0.43,0.4,0.4,0.46,0.42,0.0,0.0,0.41,0.27,0.48,0.08,0.18,0.08,0.48,0.0,0.12,0.48,0.09,0.49,0.19,0.48,0.49
1942,0.0,0.0,0.0,0.0,0.0,0.0,0.0,0.0,0.0,0.0,0.0,0.0,0.0,0.0,0.0,0.0,0.0,0.0,0.0,0.0,0.0,0.0,0.0,0.0,0.0,0.0,0.0,0.0,0.0,0.0,0.0,0.0,0.0,0.0,0.0,0.0,0.0,0.0,0.0,0.0,0.0,0.0,0.0,0.0,0.0,0.0,0.0,0.0,0.0,0.0,0.0,0.0,0.0,0.0,0.0,0.0,0.0,0.0,0.0,0.0,0.0,0.0,0.0,0.0
1943,0.0,0.0,0.0,0.0,0.0,0.0,0.0,0.0,0.0,0.0,0.0,0.0,0.0,0.0,0.0,0.0,0.0,0.0,0.0,0.0,0.0,0.0,0.0,0.0,0.0,0.0,0.0,0.0,0.0,0.0,0.0,0.0,0.0,0.0,0.0,0.0,0.0,0.0,0.0,0.0,0.0,0.0,0.0,0.0,0.0,0.0,0.0,0.0,0.0,0.0,0.0,0.0,0.0,0.0,0.0,0.0,0.0,0.0,0.0,0.0,0.0,0.0,0.0,0.0
1944,0.0,0.0,0.0,0.0,0.0,0.0,0.0,0.0,0.0,0.0,0.0,0.0,0.0,0.0,0.0,0.0,0.0,0.0,0.0,0.0,0.0,0.0,0.0,0.0,0.0,0.0,0.0,0.0,0.0,0.0,0.0,0.0,0.0,0.0,0.0,0.0,0.0,0.0,0.0,0.0,0.0,0.0,0.0,0.0,0.0,0.0,0.0,0.0,0.0,0.0,0.0,0.0,0.0,0.0,0.0,0.0,0.0,0.0,0.0,0.0,0.0,0.0,0.0,0.0
1945,0.0,0.0,0.0,0.0,0.0,0.0,0.0,0.0,0.0,0.0,0.0,0.0,0.0,0.0,0.0,0.0,0.0,0.0,0.0,0.0,0.0,0.0,0.0,0.0,0.0,0.0,0.0,0.0,0.0,0.0,0.0,0.0,0.0,0.0,0.0,0.0,0.0,0.0,0.0,0.0,0.0,0.0,0.0,0.0,0.0,0.0,0.0,0.0,0.0,0.0,0.0,0.0,0.0,0.0,0.0,0.0,0.0,0.0,0.0,0.0,0.0,0.0,0.0,0.0
1946,0.0,0.0,0.0,0.0,0.0,0.0,0.0,0.0,0.0,0.0,0.0,0.0,0.0,0.0,0.0,0.0,0.0,0.0,0.0,0.0,0.0,0.0,0.0,0.0,0.0,0.0,0.0,0.0,0.0,0.0,0.0,0.0,0.0,0.0,0.0,0.0,0.0,0.0,0.0,0.0,0.0,0.0,0.0,0.0,0.0,0.0,0.0,0.0,0.0,0.0,0.0,0.0,0.0,0.0,0.0,0.0,0.0,0.0,0.0,0.0,0.0,0.0,0.0,0.0
1947,0.0,0.0,0.0,0.0,0.0,0.0,0.0,0.0,0.0,0.0,0.0,0.0,0.0,0.0,0.0,0.0,0.0,0.0,0.0,0.0,0.0,0.0,0.0,0.0,0.0,0.0,0.0,0.0,0.0,0.0,0.0,0.0,0.0,0.0,0.0,0.0,0.0,0.0,0.0,0.0,0.0,0.0,0.0,0.0,0.0,0.0,0.0,0.0,0.0,0.0,0.0,0.0,0.0,0.0,0.0,0.0,0.0,0.0,0.0,0.0,0.0,0.0,0.0,0.0
1948,0.0,0.0,0.0,0.0,0.0,0.0,0.0,0.0,0.0,0.0,0.0,0.0,0.0,0.0,0.0,0.0,0.0,0.0,0.0,0.0,0.0,0.0,0.0,0.0,0.0,0.0,0.0,0.0,0.0,0.0,0.0,0.0,0.0,0.0,0.0,0.0,0.0,0.0,0.0,0.0,0.0,0.0,0.0,0.0,0.0,0.0,0.0,0.0,0.0,0.0,0.0,0.0,0.0,0.0,0.0,0.0,0.0,0.0,0.0,0.0,0.0,0.0,0.0,0.0
1949,0.0,0.0,0.0,0.0,0.0,0.0,0.0,0.0,0.0,0.0,0.0,0.0,0.0,0.0,0.0,0.0,0.0,0.0,0.0,0.0,0.0,0.0,0.0,0.0,0.0,0.0,0.0,0.0,0.0,0.0,0.0,0.0,0.0,0.0,0.0,0.0,0.0,0.0,0.0,0.0,0.0,0.0,0.0,0.0,0.0,0.0,0.0,0.0,0.0,0.0,0.0,0.0,0.0,0.0,0.0,0.0,0.0,0.0,0.0,0.0,0.0,0.0,0.0,0.0
1950,0.0,0.0,0.0,0.0,0.0,0.0,0.0,0.0,0.0,0.0,0.0,0.0,0.0,0.0,0.0,0.0,0.0,0.0,0.0,0.0,0.0,0.0,0.0,0.0,0.0,0.0,0.0,0.0,0.0,0.0,0.0,0.0,0.0,0.0,0.0,0.0,0.0,0.0,0.0,0.0,0.0,0.0,0.0,0.0,0.0,0.0,0.0,0.0,0.0,0.0,0.0,0.0,0.0,0.0,0.0,0.0,0.0,0.0,0.0,0.0,0.0,0.0,0.0,0.0
1951,0.0,0.0,0.0,0.0,0.0,0.0,0.0,0.0,0.0,0.0,0.0,0.0,0.0,0.0,0.0,0.0,0.0,0.0,0.0,0.0,0.0,0.0,0.0,0.0,0.0,0.0,0.0,0.0,0.0,0.0,0.0,0.0,0.0,0.0,0.0,0.0,0.0,0.0,0.0,0.0,0.0,0.0,0.0,0.0,0.0,0.0,0.0,0.0,0.0,0.0,0.0,0.0,0.0,0.0,0.0,0.0,0.0,0.0,0.0,0.0,0.0,0.0,0.0,0.0
1952,0.0,0.0,0.0,0.0,0.0,0.0,0.0,0.0,0.0,0.0,0.0,0.0,0.0,0.0,0.0,0.0,0.0,0.0,0.0,0.0,0.0,0.0,0.0,0.0,0.0,0.0,0.0,0.0,0.0,0.0,0.0,0.0,0.0,0.0,0.0,0.0,0.0,0.0,0.0,0.0,0.0,0.0,0.0,0.0,0.0,0.0,0.0,0.0,0.0,0.0,0.0,0.0,0.0,0.0,0.0,0.0,0.0,0.0,0.0,0.0,0.0,0.0,0.0,0.0
1953,0.0,0.0,0.0,0.0,0.0,0.0,0.0,0.0,0.0,0.0,0.0,0.0,0.0,0.0,0.0,0.0,0.0,0.0,0.0,0.0,0.0,0.0,0.0,0.0,0.0,0.0,0.0,0.0,0.0,0.0,0.0,0.0,0.0,0.0,0.0,0.0,0.0,0.0,0.0,0.0,0.0,0.0,0.0,0.0,0.0,0.0,0.0,0.0,0.0,0.0,0.0,0.0,0.0,0.0,0.0,0.0,0.0,0.0,0.0,0.0,0.0,0.0,0.0,0.0
1954,0.0,0.0,0.0,0.0,0.0,0.0,0.0,0.0,0.01,0.05,0.01,0.02,0.11,0.05,0.06,0.05,0.01,0.09,0.08,0.03,0.05,0.07,0.11,0.0,0.01,0.0,0.0,0.0,0.0,0.0,0.0,0.0,0.0,0.0,0.0,0.0,0.0,0.0,0.0,0.0,0.0,0.0,0.0,0.0,0.0,0.0,0.0,0.0,0.0,0.0,0.0,0.0,0.0,0.0,0.0,0.0,0.0,0.0,0.0,0.0,0.0,0.0,0.0,0.0
1955,0.0,0.47,0.47,0.0,0.0,0.5,0.0,0.0,0.55,0.61,0.54,0.59,0.63,0.59,0.6,0.58,0.56,0.65,0.65,0.57,0.62,0.6,0.64,0.53,0.53,0.48,0.0,0.0,0.47,0.47,0.48,0.0,0.0,0.0,0.0,0.5,0.52,0.55,0.51,0.55,0.54,0.51,0.52,0.53,0.53,0.51,0.5,0.0,0.0,0.51,0.48,0.47,0.51,0.47,0.52,0.47,0.0,0.48,0.49,0.5,0.48,0.48,0.48,0.48
1956,0.0,0.78,0.79,0.0,0.0,0.79,0.0,0.0,0.8,0.84,0.78,0.87,0.83,0.81,0.82,0.82,0.86,0.87,0.88,0.82,0.86,0.82,0.83,0.78,0.78,0.78,0.0,0.0,0.78,0.78,0.78,0.0,0.0,0.0,0.0,0.81,0.8,0.85,0.82,0.85,0.84,0.82,0.83,0.8,0.79,0.82,0.79,0.0,0.0,0.79,0.81,0.79,0.81,0.78,0.81,0.79,0.0,0.79,0.81,0.81,0.8,0.8,0.81,0.81
1957,0.0,0.86,0.88,0.0,0.0,0.86,0.0,0.0,0.86,0.91,0.86,0.91,0.9,0.89,0.9,0.89,0.91,0.91,0.91,0.88,0.91,0.9,0.9,0.84,0.84,0.87,0.0,0.0,0.83,0.84,0.87,0.0,0.0,0.0,0.0,0.89,0.87,0.91,0.9,0.91,0.91,0.9,0.91,0.88,0.84,0.91,0.87,0.0,0.0,0.86,0.9,0.88,0.9,0.87,0.9,0.85,0.0,0.88,0.9,0.9,0.89,0.9,0.89,0.89
1958,0.0,0.88,0.86,0.0,0.0,0.87,0.0,0.0,0.85,0.91,0.87,0.91,0.9,0.9,0.9,0.89,0.91,0.91,0.91,0.89,0.91,0.9,0.91,0.86,0.85,0.88,0.0,0.0,0.86,0.88,0.88,0.0,0.0,0.0,0.0,0.87,0.88,0.91,0.91,0.91,0.91,0.9,0.91,0.85,0.84,0.91,0.87,0.0,0.0,0.87,0.9,0.87,0.91,0.89,0.91,0.86,0.0,0.89,0.9,0.9,0.89,0.9,0.88,0.89
1959,0.0,0.85,0.86,0.0,0.0,0.85,0.0,0.0,0.83,0.91,0.88,0.91,0.91,0.91,0.91,0.9,0.91,0.91,0.91,0.9,0.91,0.91,0.91,0.89,0.87,0.91,0.0,0.0,0.85,0.88,0.89,0.0,0.0,0.0,0.0,0.89,0.88,0.87,0.91,0.91,0.89,0.91,0.91,0.84,0.88,0.91,0.85,0.0,0.0,0.87,0.9,0.86,0.91,0.9,0.91,0.88,0.0,0.9,0.89,0.9,0.88,0.9,0.88,0.88
1960,0.0,0.83,0.85,0.0,0.0,0.84,0.0,0.0,0.84,0.91,0.88,0.91,0.91,0.91,0.91,0.9,0.91,0.91,0.91,0.9,0.91,0.91,0.91,0.91,0.87,0.89,0.0,0.0,0.85,0.83,0.87,0.0,0.0,0.0,0.0,0.88,0.89,0.91,0.91,0.91,0.86,0.9,0.91,0.86,0.9,0.91,0.8,0.0,0.0,0.8,0.86,0.9,0.91,0.89,0.91,0.88,0.0,0.91,0.86,0.9,0.86,0.87,0.89,0.84
1961,0.0,0.87,0.87,0.0,0.0,0.72,0.0,0.0,0.84,0.91,0.86,0.91,0.9,0.91,0.91,0.89,0.91,0.91,0.91,0.88,0.91,0.91,0.91,0.87,0.84,0.88,0.0,0.0,0.84,0.88,0.83,0.0,0.0,0.0,0.0,0.86,0.86,0.91,0.88,0.9,0.86,0.88,0.88,0.82,0.86,0.9,0.72,0.0,0.0,0.72,0.91,0.84,0.89,0.88,0.91,0.88,0.0,0.87,0.88,0.88,0.88,0.87,0.84,0.89
1962,0.0,0.77,0.8,0.0,0.0,0.8,0.0,0.0,0.83,0.9,0.82,0.89,0.87,0.89,0.88,0.86,0.91,0.91,0.91,0.85,0.89,0.89,0.88,0.84,0.8,0.83,0.0,0.0,0.84,0.78,0.8,0.0,0.0,0.0,0.0,0.87,0.82,0.89,0.85,0.86,0.85,0.85,0.84,0.8,0.83,0.85,0.8,0.0,0.0,0.8,0.87,0.84,0.89,0.87,0.9,0.9,0.0,0.86,0.85,0.86,0.85,0.87,0.85,0.86
1963,0.0,0.7,0.64,0.0,0.0,0.68,0.0,0.0,0.78,0.84,0.81,0.85,0.81,0.83,0.83,0.81,0.86,0.85,0.87,0.79,0.83,0.84,0.82,0.83,0.75,0.64,0.0,0.0,0.65,0.72,0.58,0.0,0.0,0.0,0.0,0.75,0.81,0.86,0.79,0.82,0.86,0.79,0.8,0.8,0.82,0.8,0.66,0.0,0.0,0.66,0.84,0.77,0.84,0.81,0.84,0.87,0.0,0.81,0.83,0.83,0.8,0.83,0.79,0.81
1964,0.0,0.41,0.47,0.0,0.0,0.55,0.0,0.0,0.72,0.73,0.74,0.78,0.72,0.75,0.74,0.73,0.75,0.75,0.76,0.72,0.76,0.75,0.73,0.75,0.55,0.42,0.0,0.0,0.42,0.39,0.39,0.0,0.0,0.0,0.0,0.49,0.71,0.76,0.67,0.76,0.77,0.71,0.6,0.66,0.75,0.68,0.54,0.0,0.0,0.55,0.75,0.6,0.73,0.77,0.78,0.79,0.0,0.76,0.76,0.79,0.67,0.77,0.53,0.72
1965,0.0,0.18,0.04,0.0,0.0,0.18,0.0,0.0,0.33,0.3,0.3,0.37,0.29,0.34,0.33,0.34,0.38,0.32,0.33,0.34,0.36,0.33,0.29,0.21,0.17,0.14,0.0,0.0,0.15,0.16,0.13,0.0,0.0,0.0,0.0,0.18,0.21,0.28,0.18,0.3,0.28,0.18,0.19,0.18,0.22,0.19,0.17,0.0,0.0,0.17,0.3,0.18,0.31,0.29,0.38,0.38,0.0,0.32,0.3,0.28,0.25,0.32,0.18,0.27
1966,0.0,0.0,0.0,0.0,0.0,0.0,0.0,0.0,0.0,0.0,0.0,0.0,0.0,0.0,0.0,0.0,0.0,0.0,0.0,0.0,0.0,0.0,0.0,0.0,0.0,0.0,0.0,0.0,0.0,0.0,0.0,0.0,0.0,0.0,0.0,0.0,0.0,0.0,0.0,0.0,0.0,0.0,0.0,0.0,0.0,0.0,0.0,0.0,0.0,0.0,0.0,0.0,0.0,0.0,0.0,0.0,0.0,0.0,0.0,0.0,0.0,0.0,0.0,0.0
1967,0.0,0.0,0.0,0.0,0.0,0.0,0.0,0.0,0.0,0.0,0.0,0.0,0.0,0.0,0.0,0.0,0.0,0.0,0.0,0.0,0.0,0.0,0.0,0.0,0.0,0.0,0.0,0.0,0.0,0.0,0.0,0.0,0.0,0.0,0.0,0.0,0.0,0.0,0.0,0.0,0.0,0.0,0.0,0.0,0.0,0.0,0.0,0.0,0.0,0.0,0.0,0.0,0.0,0.0,0.0,0.0,0.0,0.0,0.0,0.0,0.0,0.0,0.0,0.0
1968,0.0,0.0,0.0,0.0,0.0,0.0,0.0,0.0,0.0,0.0,0.0,0.0,0.0,0.0,0.0,0.0,0.0,0.0,0.0,0.0,0.0,0.0,0.0,0.0,0.0,0.0,0.0,0.0,0.0,0.0,0.0,0.0,0.0,0.0,0.0,0.0,0.0,0.0,0.0,0.0,0.0,0.0,0.0,0.0,0.0,0.0,0.0,0.0,0.0,0.0,0.0,0.0,0.0,0.0,0.0,0.0,0.0,0.0,0.0,0.0,0.0,0.0,0.0,0.0
1969,0.0,0.0,0.0,0.0,0.0,0.0,0.0,0.0,0.0,0.0,0.0,0.0,0.0,0.0,0.0,0.0,0.0,0.0,0.0,0.0,0.0,0.0,0.0,0.0,0.0,0.0,0.0,0.0,0.0,0.0,0.0,0.0,0.0,0.0,0.0,0.0,0.0,0.0,0.0,0.0,0.0,0.0,0.0,0.0,0.0,0.0,0.0,0.0,0.0,0.0,0.0,0.0,0.0,0.0,0.0,0.0,0.0,0.0,0.0,0.0,0.0,0.0,0.0,0.0
1970,0.0,0.0,0.0,0.0,0.0,0.0,0.0,0.0,0.0,0.0,0.0,0.0,0.0,0.0,0.0,0.0,0.0,0.0,0.0,0.0,0.0,0.0,0.0,0.0,0.0,0.0,0.0,0.0,0.0,0.0,0.0,0.0,0.0,0.0,0.0,0.0,0.0,0.0,0.0,0.0,0.0,0.0,0.0,0.0,0.0,0.0,0.0,0.0,0.0,0.0,0.0,0.0,0.0,0.0,0.0,0.0,0.0,0.0,0.0,0.0,0.0,0.0,0.0,0.0
1971,0.0,0.0,0.0,0.0,0.0,0.0,0.0,0.0,0.0,0.0,0.0,0.0,0.0,0.0,0.0,0.0,0.0,0.0,0.0,0.0,0.0,0.0,0.0,0.0,0.0,0.0,0.0,0.0,0.0,0.0,0.0,0.0,0.0,0.0,0.0,0.0,0.0,0.0,0.0,0.0,0.0,0.0,0.0,0.0,0.0,0.0,0.0,0.0,0.0,0.0,0.0,0.0,0.0,0.0,0.0,0.0,0.0,0.0,0.0,0.0,0.0,0.0,0.0,0.0
1972,0.0,0.0,0.0,0.0,0.0,0.0,0.0,0.0,0.0,0.0,0.0,0.0,0.0,0.0,0.0,0.0,0.0,0.0,0.0,0.0,0.0,0.0,0.0,0.0,0.0,0.0,0.0,0.0,0.0,0.0,0.0,0.0,0.0,0.0,0.0,0.0,0.0,0.0,0.0,0.0,0.0,0.0,0.0,0.0,0.0,0.0,0.0,0.0,0.0,0.0,0.0,0.0,0.0,0.0,0.0,0.0,0.0,0.0,0.0,0.0,0.0,0.0,0.0,0.0
1973,0.0,0.0,0.0,0.0,0.0,0.0,0.0,0.0,0.0,0.0,0.0,0.0,0.0,0.0,0.0,0.0,0.0,0.0,0.0,0.0,0.0,0.0,0.0,0.0,0.0,0.0,0.0,0.0,0.0,0.0,0.0,0.0,0.0,0.0,0.0,0.0,0.0,0.0,0.0,0.0,0.0,0.0,0.0,0.0,0.0,0.0,0.0,0.0,0.0,0.0,0.0,0.0,0.0,0.0,0.0,0.0,0.0,0.0,0.0,0.0,0.0,0.0,0.0,0.0
1974,0.0,0.0,0.0,0.0,0.0,0.0,0.0,0.0,0.0,0.0,0.0,0.0,0.0,0.0,0.0,0.0,0.0,0.0,0.0,0.0,0.0,0.0,0.0,0.0,0.0,0.0,0.0,0.0,0.0,0.0,0.0,0.0,0.0,0.0,0.0,0.0,0.0,0.0,0.0,0.0,0.0,0.0,0.0,0.0,0.0,0.0,0.0,0.0,0.0,0.0,0.0,0.0,0.0,0.0,0.0,0.0,0.0,0.0,0.0,0.0,0.0,0.0,0.0,0.0
1975,0.0,0.0,0.0,0.0,0.0,0.0,0.0,0.0,0.0,0.0,0.0,0.0,0.0,0.0,0.0,0.0,0.0,0.0,0.0,0.0,0.0,0.0,0.0,0.0,0.0,0.0,0.0,0.0,0.0,0.0,0.0,0.0,0.0,0.0,0.0,0.0,0.0,0.0,0.0,0.0,0.0,0.0,0.0,0.0,0.0,0.0,0.0,0.0,0.0,0.0,0.0,0.0,0.0,0.0,0.0,0.0,0.0,0.0,0.0,0.0,0.0,0.0,0.0,0.0
1976,0.0,0.0,0.0,0.0,0.0,0.0,0.0,0.0,0.0,0.0,0.0,0.0,0.0,0.0,0.0,0.0,0.0,0.0,0.0,0.0,0.0,0.0,0.0,0.0,0.0,0.0,0.0,0.0,0.0,0.0,0.0,0.0,0.0,0.0,0.0,0.0,0.0,0.0,0.0,0.0,0.0,0.0,0.0,0.0,0.0,0.0,0.0,0.0,0.0,0.0,0.0,0.0,0.0,0.0,0.0,0.0,0.0,0.0,0.0,0.0,0.0,0.0,0.0,0.0
1977,0.0,0.0,0.0,0.0,0.0,0.0,0.0,0.0,0.0,0.0,0.0,0.0,0.0,0.0,0.0,0.0,0.0,0.0,0.0,0.0,0.0,0.0,0.0,0.0,0.0,0.0,0.0,0.0,0.0,0.0,0.0,0.0,0.0,0.0,0.0,0.0,0.0,0.0,0.0,0.0,0.0,0.0,0.0,0.0,0.0,0.0,0.0,0.0,0.0,0.0,0.0,0.0,0.0,0.0,0.0,0.0,0.0,0.0,0.0,0.0,0.0,0.0,0.0,0.0
1978,0.0,0.0,0.0,0.0,0.0,0.0,0.0,0.0,0.0,0.05,0.0,0.0,0.03,0.01,0.01,0.01,0.0,0.09,0.08,0.01,0.05,0.01,0.05,0.0,0.0,0.0,0.0,0.0,0.0,0.0,0.0,0.0,0.0,0.0,0.0,0.0,0.0,0.0,0.0,0.0,0.0,0.0,0.0,0.0,0.0,0.0,0.0,0.0,0.0,0.0,0.0,0.0,0.0,0.0,0.0,0.0,0.0,0.0,0.0,0.0,0.0,0.0,0.0,0.0
1979,0.0,0.01,0.01,0.0,0.0,0.0,0.0,0.0,0.17,0.58,0.15,0.25,0.35,0.3,0.21,0.12,0.19,0.63,0.64,0.1,0.6,0.29,0.47,0.06,0.01,0.01,0.0,0.0,0.01,0.01,0.0,0.0,0.0,0.0,0.0,0.02,0.09,0.24,0.02,0.25,0.16,0.02,0.04,0.1,0.07,0.02,0.01,0.0,0.0,0.01,0.04,0.03,0.2,0.22,0.29,0.19,0.0,0.21,0.04,0.28,0.2,0.03,0.02,0.14
1980,0.0,0.01,0.01,0.0,0.0,0.01,0.0,0.0,0.54,0.77,0.27,0.63,0.51,0.5,0.21,0.22,0.27,0.81,0.84,0.36,0.82,0.49,0.7,0.2,0.03,0.02,0.0,0.0,0.03,0.01,0.02,0.0,0.0,0.0,0.0,0.06,0.27,0.28,0.09,0.51,0.25,0.15,0.25,0.1,0.21,0.12,0.02,0.0,0.0,0.01,0.03,0.15,0.35,0.24,0.11,0.06,0.0,0.56,0.02,0.36,0.04,0.04,0.07,0.03
1981,0.0,0.02,0.02,0.0,0.0,0.02,0.0,0.0,0.52,0.86,0.49,0.79,0.73,0.28,0.25,0.39,0.38,0.89,0.91,0.45,0.89,0.45,0.82,0.4,0.03,0.04,0.0,0.0,0.05,0.03,0.03,0.0,0.0,0.0,0.0,0.08,0.37,0.27,0.24,0.45,0.08,0.19,0.33,0.29,0.38,0.33,0.03,0.0,0.0,0.04,0.12,0.07,0.61,0.79,0.24,0.47,0.0,0.82,0.1,0.84,0.04,0.22,0.14,0.08
1982,0.0,0.04,0.03,0.0,0.0,0.02,0.0,0.0,0.66,0.9,0.5,0.88,0.82,0.3,0.28,0.44,0.57,0.9,0.91,0.33,0.91,0.47,0.89,0.26,0.03,0.09,0.0,0.0,0.05,0.05,0.07,0.0,0.0,0.0,0.0,0.12,0.25,0.59,0.3,0.81,0.8,0.24,0.26,0.27,0.26,0.31,0.03,0.0,0.0,0.03,0.56,0.07,0.88,0.89,0.43,0.6,0.0,0.86,0.34,0.87,0.19,0.63,0.1,0.24
1983,0.0,0.06,0.07,0.0,0.0,0.03,0.0,0.0,0.48,0.91,0.43,0.76,0.84,0.79,0.42,0.27,0.58,0.91,0.91,0.32,0.91,0.52,0.89,0.44,0.02,0.17,0.0,0.0,0.06,0.06,0.12,0.0,0.0,0.0,0.0,0.09,0.2,0.46,0.14,0.6,0.7,0.11,0.17,0.22,0.16,0.19,0.03,0.0,0.0,0.03,0.59,0.14,0.77,0.62,0.5,0.82,0.0,0.83,0.32,0.88,0.48,0.56,0.07,0.31
1984,0.0,0.06,0.06,0.0,0.0,0.03,0.0,0.0,0.15,0.91,0.16,0.77,0.88,0.44,0.42,0.26,0.26,0.91,0.91,0.17,0.91,0.4,0.89,0.19,0.03,0.12,0.0,0.0,0.08,0.08,0.09,0.0,0.0,0.0,0.0,0.18,0.14,0.2,0.11,0.28,0.37,0.1,0.11,0.2,0.14,0.14,0.02,0.0,0.0,0.02,0.43,0.17,0.69,0.43,0.72,0.75,0.0,0.56,0.21,0.89,0.53,0.45,0.08,0.27
1985,0.0,0.03,0.04,0.0,0.0,0.02,0.0,0.0,0.19,0.91,0.26,0.47,0.86,0.17,0.15,0.1,0.36,0.58,0.82,0.14,0.91,0.25,0.87,0.09,0.03,0.07,0.0,0.0,0.08,0.03,0.06,0.0,0.0,0.0,0.0,0.18,0.07,0.16,0.1,0.2,0.26,0.08,0.06,0.07,0.09,0.09,0.02,0.0,0.0,0.02,0.39,0.16,0.36,0.26,0.91,0.73,0.0,0.31,0.18,0.79,0.45,0.31,0.12,0.25
1986,0.0,0.02,0.04,0.0,0.0,0.02,0.0,0.0,0.45,0.88,0.45,0.37,0.24,0.23,0.48,0.79,0.36,0.88,0.82,0.52,0.87,0.36,0.84,0.5,0.03,0.08,0.0,0.0,0.1,0.02,0.06,0.0,0.0,0.0,0.0,0.11,0.51,0.22,0.17,0.29,0.4,0.15,0.15,0.11,0.66,0.18,0.02,0.0,0.0,0.02,0.42,0.14,0.46,0.33,0.89,0.79,0.0,0.33,0.19,0.88,0.33,0.35,0.2,0.2
1987,0.0,0.02,0.03,0.0,0.0,0.01,0.0,0.0,0.17,0.86,0.22,0.38,0.17,0.31,0.59,0.14,0.26,0.84,0.86,0.14,0.83,0.82,0.8,0.24,0.02,0.07,0.0,0.0,0.06,0.02,0.04,0.0,0.0,0.0,0.0,0.07,0.2,0.18,0.38,0.21,0.4,0.2,0.1,0.18,0.28,0.29,0.01,0.0,0.0,0.02,0.77,0.26,0.3,0.4,0.86,0.86,0.0,0.27,0.26,0.83,0.27,0.71,0.1,0.26
1988,0.0,0.01,0.03,0.0,0.0,0.0,0.0,0.0,0.06,0.73,0.08,0.29,0.16,0.7,0.17,0.17,0.13,0.73,0.74,0.05,0.74,0.69,0.69,0.14,0.0,0.06,0.0,0.0,0.03,0.01,0.03,0.0,0.0,0.0,0.0,0.04,0.23,0.06,0.09,0.11,0.27,0.06,0.04,0.04,0.13,0.09,0.0,0.0,0.0,0.0,0.36,0.15,0.34,0.41,0.77,0.75,0.0,0.26,0.15,0.66,0.43,0.32,0.05,0.18
1989,0.0,0.01,0.01,0.0,0.0,0.0,0.0,0.0,0.02,0.33,0.03,0.1,0.26,0.06,0.04,0.1,0.06,0.3,0.31,0.04,0.34,0.03,0.26,0.04,0.0,0.02,0.0,0.0,0.02,0.01,0.01,0.0,0.0,0.0,0.0,0.03,0.02,0.02,0.07,0.03,0.07,0.02,0.02,0.07,0.04,0.07,0.0,0.0,0.0,0.0,0.15,0.07,0.09,0.12,0.41,0.37,0.0,0.15,0.05,0.21,0.15,0.14,0.02,0.07
1990,0.0,0.0,0.0,0.0,0.0,0.0,0.0,0.0,0.0,0.0,0.0,0.0,0.0,0.0,0.0,0.0,0.0,0.0,0.0,0.0,0.0,0.0,0.0,0.0,0.0,0.0,0.0,0.0,0.0,0.0,0.0,0.0,0.0,0.0,0.0,0.0,0.0,0.0,0.0,0.0,0.0,0.0,0.0,0.0,0.0,0.0,0.0,0.0,0.0,0.0,0.0,0.0,0.0,0.0,0.0,0.0,0.0,0.0,0.0,0.0,0.0,0.0,0.0,0.0
1991,0.0,0.0,0.0,0.0,0.0,0.0,0.0,0.0,0.0,0.0,0.0,0.0,0.0,0.0,0.0,0.0,0.0,0.0,0.0,0.0,0.0,0.0,0.0,0.0,0.0,0.0,0.0,0.0,0.0,0.0,0.0,0.0,0.0,0.0,0.0,0.0,0.0,0.0,0.0,0.0,0.0,0.0,0.0,0.0,0.0,0.0,0.0,0.0,0.0,0.0,0.0,0.0,0.0,0.0,0.0,0.0,0.0,0.0,0.0,0.0,0.0,0.0,0.0,0.0
1992,0.0,0.0,0.0,0.0,0.0,0.0,0.0,0.0,0.0,0.0,0.0,0.0,0.0,0.0,0.0,0.0,0.0,0.0,0.0,0.0,0.0,0.0,0.0,0.0,0.0,0.0,0.0,0.0,0.0,0.0,0.0,0.0,0.0,0.0,0.0,0.0,0.0,0.0,0.0,0.0,0.0,0.0,0.0,0.0,0.0,0.0,0.0,0.0,0.0,0.0,0.0,0.0,0.0,0.0,0.0,0.0,0.0,0.0,0.0,0.0,0.0,0.0,0.0,0.0
1993,0.0,0.0,0.0,0.0,0.0,0.0,0.0,0.0,0.0,0.0,0.0,0.0,0.0,0.0,0.0,0.0,0.0,0.0,0.0,0.0,0.0,0.0,0.0,0.0,0.0,0.0,0.0,0.0,0.0,0.0,0.0,0.0,0.0,0.0,0.0,0.0,0.0,0.0,0.0,0.0,0.0,0.0,0.0,0.0,0.0,0.0,0.0,0.0,0.0,0.0,0.0,0.0,0.0,0.0,0.0,0.0,0.0,0.0,0.0,0.0,0.0,0.0,0.0,0.0
1994,0.0,0.0,0.0,0.0,0.0,0.0,0.0,0.0,0.0,0.0,0.0,0.0,0.0,0.0,0.0,0.0,0.0,0.0,0.0,0.0,0.0,0.0,0.0,0.0,0.0,0.0,0.0,0.0,0.0,0.0,0.0,0.0,0.0,0.0,0.0,0.0,0.0,0.0,0.0,0.0,0.0,0.0,0.0,0.0,0.0,0.0,0.0,0.0,0.0,0.0,0.0,0.0,0.0,0.0,0.0,0.0,0.0,0.0,0.0,0.0,0.0,0.0,0.0,0.0
1995,0.0,0.0,0.0,0.0,0.0,0.0,0.0,0.0,0.0,0.0,0.0,0.0,0.0,0.0,0.0,0.0,0.0,0.0,0.0,0.0,0.0,0.0,0.0,0.0,0.0,0.0,0.0,0.0,0.0,0.0,0.0,0.0,0.0,0.0,0.0,0.0,0.0,0.0,0.0,0.0,0.0,0.0,0.0,0.0,0.0,0.0,0.0,0.0,0.0,0.0,0.0,0.0,0.0,0.0,0.0,0.0,0.0,0.0,0.0,0.0,0.0,0.0,0.0,0.0
1996,0.0,0.0,0.0,0.0,0.0,0.0,0.0,0.0,0.0,0.0,0.0,0.0,0.0,0.0,0.0,0.0,0.0,0.0,0.0,0.0,0.0,0.0,0.0,0.0,0.0,0.0,0.0,0.0,0.0,0.0,0.0,0.0,0.0,0.0,0.0,0.0,0.0,0.0,0.0,0.0,0.0,0.0,0.0,0.0,0.0,0.0,0.0,0.0,0.0,0.0,0.0,0.0,0.0,0.0,0.0,0.0,0.0,0.0,0.0,0.0,0.0,0.0,0.0,0.0
1997,0.0,0.0,0.0,0.0,0.0,0.0,0.0,0.0,0.0,0.0,0.0,0.0,0.0,0.0,0.0,0.0,0.0,0.0,0.0,0.0,0.0,0.0,0.0,0.0,0.0,0.0,0.0,0.0,0.0,0.0,0.0,0.0,0.0,0.0,0.0,0.0,0.0,0.0,0.0,0.0,0.0,0.0,0.0,0.0,0.0,0.0,0.0,0.0,0.0,0.0,0.0,0.0,0.0,0.0,0.0,0.0,0.0,0.0,0.0,0.0,0.0,0.0,0.0,0.0
1998,0.0,0.0,0.0,0.0,0.0,0.0,0.0,0.0,0.0,0.0,0.0,0.0,0.0,0.0,0.0,0.0,0.0,0.0,0.0,0.0,0.0,0.0,0.0,0.0,0.0,0.0,0.0,0.0,0.0,0.0,0.0,0.0,0.0,0.0,0.0,0.0,0.0,0.0,0.0,0.0,0.0,0.0,0.0,0.0,0.0,0.0,0.0,0.0,0.0,0.0,0.0,0.0,0.0,0.0,0.0,0.0,0.0,0.0,0.0,0.0,0.0,0.0,0.0,0.0
1999,0.0,0.0,0.0,0.0,0.0,0.0,0.0,0.0,0.0,0.0,0.0,0.0,0.0,0.0,0.0,0.0,0.0,0.0,0.0,0.0,0.0,0.0,0.0,0.0,0.0,0.0,0.0,0.0,0.0,0.0,0.0,0.0,0.0,0.0,0.0,0.0,0.0,0.0,0.0,0.0,0.0,0.0,0.0,0.0,0.0,0.0,0.0,0.0,0.0,0.0,0.0,0.0,0.0,0.0,0.0,0.0,0.0,0.0,0.0,0.0,0.0,0.0,0.0,0.0
2000,0.0,0.0,0.0,0.0,0.0,0.0,0.0,0.0,0.0,0.0,0.0,0.0,0.0,0.0,0.0,0.0,0.0,0.0,0.0,0.0,0.0,0.0,0.0,0.0,0.0,0.0,0.0,0.0,0.0,0.0,0.0,0.0,0.0,0.0,0.0,0.0,0.0,0.0,0.0,0.0,0.0,0.0,0.0,0.0,0.0,0.0,0.0,0.0,0.0,0.0,0.0,0.0,0.0,0.0,0.0,0.0,0.0,0.0,0.0,0.0,0.0,0.0,0.0,0.0
2001,0.0,0.0,0.0,0.0,0.0,0.0,0.0,0.0,0.0,0.0,0.0,0.0,0.0,0.0,0.0,0.0,0.0,0.0,0.0,0.0,0.0,0.0,0.0,0.0,0.0,0.0,0.0,0.0,0.0,0.0,0.0,0.0,0.0,0.0,0.0,0.0,0.0,0.0,0.0,0.0,0.0,0.0,0.0,0.0,0.0,0.0,0.0,0.0,0.0,0.0,0.0,0.0,0.0,0.0,0.0,0.0,0.0,0.0,0.0,0.0,0.0,0.0,0.0,0.0
2002,0.0,0.0,0.0,0.0,0.0,0.0,0.0,0.0,0.0,0.04,0.0,0.03,0.02,0.01,0.0,0.0,0.01,0.12,0.12,0.0,0.03,0.01,0.07,0.0,0.0,0.0,0.0,0.0,0.0,0.0,0.0,0.0,0.0,0.0,0.0,0.0,0.0,0.06,0.0,0.06,0.0,0.0,0.0,0.0,0.0,0.0,0.0,0.0,0.0,0.0,0.0,0.0,0.0,0.0,0.01,0.0,0.0,0.0,0.0,0.0,0.0,0.0,0.0,0.0
2003,0.0,0.01,0.01,0.0,0.0,0.0,0.0,0.0,0.03,0.37,0.03,0.57,0.07,0.06,0.05,0.03,0.36,0.63,0.63,0.04,0.38,0.06,0.52,0.0,0.04,0.01,0.0,0.0,0.01,0.01,0.01,0.0,0.0,0.0,0.0,0.01,0.0,0.54,0.01,0.54,0.03,0.01,0.01,0.0,0.0,0.01,0.0,0.0,0.0,0.0,0.04,0.03,0.37,0.13,0.53,0.48,0.0,0.36,0.05,0.51,0.04,0.04,0.01,0.04
2004,0.0,0.02,0.03,0.0,0.0,0.01,0.0,0.0,0.04,0.76,0.04,0.73,0.12,0.15,0.11,0.04,0.74,0.76,0.78,0.05,0.76,0.15,0.49,0.01,0.05,0.03,0.0,0.0,0.02,0.02,0.02,0.0,0.0,0.0,0.0,0.02,0.01,0.16,0.02,0.74,0.05,0.02,0.02,0.01,0.01,0.02,0.01,0.0,0.0,0.01,0.09,0.05,0.71,0.24,0.74,0.7,0.0,0.68,0.1,0.72,0.07,0.12,0.03,0.09
2005,0.0,0.04,0.04,0.0,0.0,0.03,0.0,0.0,0.05,0.83,0.04,0.82,0.22,0.22,0.08,0.08,0.82,0.84,0.86,0.06,0.84,0.27,0.8,0.02,0.07,0.06,0.0,0.0,0.04,0.03,0.04,0.0,0.0,0.0,0.0,0.03,0.02,0.13,0.03,0.35,0.06,0.03,0.03,0.02,0.02,0.03,0.02,0.0,0.0,0.04,0.23,0.08,0.8,0.79,0.83,0.77,0.0,0.77,0.18,0.82,0.09,0.39,0.06,0.12
2006,0.0,0.06,0.07,0.0,0.0,0.04,0.0,0.0,0.07,0.88,0.06,0.85,0.37,0.39,0.12,0.12,0.85,0.88,0.9,0.09,0.88,0.49,0.71,0.04,0.13,0.08,0.0,0.0,0.06,0.05,0.06,0.0,0.0,0.0,0.0,0.06,0.04,0.15,0.04,0.18,0.12,0.04,0.04,0.04,0.04,0.04,0.06,0.0,0.0,0.07,0.28,0.14,0.84,0.8,0.86,0.85,0.0,0.81,0.27,0.86,0.15,0.45,0.1,0.24
2007,0.0,0.08,0.1,0.0,0.0,0.06,0.0,0.0,0.08,0.9,0.07,0.87,0.54,0.48,0.18,0.09,0.59,0.89,0.9,0.11,0.89,0.74,0.42,0.05,0.74,0.11,0.0,0.0,0.09,0.07,0.08,0.0,0.0,0.0,0.0,0.07,0.05,0.18,0.07,0.3,0.15,0.05,0.04,0.05,0.05,0.07,0.09,0.0,0.0,0.07,0.27,0.21,0.79,0.55,0.87,0.85,0.0,0.82,0.31,0.88,0.2,0.31,0.14,0.28
2008,0.0,0.11,0.14,0.0,0.0,0.05,0.0,0.0,0.06,0.9,0.06,0.88,0.4,0.78,0.09,0.08,0.47,0.88,0.9,0.07,0.88,0.59,0.34,0.05,0.27,0.11,0.0,0.0,0.1,0.12,0.09,0.0,0.0,0.0,0.0,0.07,0.05,0.15,0.08,0.22,0.13,0.07,0.06,0.05,0.05,0.07,0.06,0.0,0.0,0.08,0.22,0.28,0.35,0.36,0.85,0.89,0.0,0.84,0.2,0.87,0.2,0.27,0.14,0.19
2009,0.0,0.08,0.09,0.0,0.0,0.11,0.0,0.0,0.06,0.9,0.08,0.88,0.31,0.49,0.08,0.09,0.38,0.88,0.89,0.07,0.88,0.38,0.33,0.05,0.44,0.1,0.0,0.0,0.09,0.08,0.09,0.0,0.0,0.0,0.0,0.05,0.06,0.12,0.08,0.15,0.09,0.07,0.06,0.05,0.05,0.07,0.06,0.0,0.0,0.07,0.21,0.26,0.31,0.33,0.84,0.87,0.0,0.41,0.28,0.88,0.18,0.22,0.13,0.22
2010,0.0,0.07,0.07,0.0,0.0,0.12,0.0,0.0,0.1,0.88,0.09,0.87,0.27,0.46,0.17,0.17,0.46,0.87,0.88,0.11,0.86,0.41,0.28,0.06,0.11,0.11,0.0,0.0,0.08,0.07,0.07,0.0,0.0,0.0,0.0,0.1,0.07,0.15,0.09,0.22,0.15,0.1,0.08,0.06,0.06,0.11,0.14,0.0,0.0,0.11,0.25,0.28,0.39,0.34,0.84,0.85,0.0,0.49,0.28,0.87,0.2,0.29,0.14,0.23
2011,0.0,0.04,0.06,0.0,0.0,0.13,0.0,0.0,0.14,0.86,0.08,0.85,0.23,0.58,0.4,0.32,0.47,0.85,0.85,0.44,0.83,0.46,0.29,0.07,0.09,0.06,0.0,0.0,0.07,0.03,0.04,0.0,0.0,0.0,0.0,0.05,0.05,0.11,0.11,0.19,0.09,0.06,0.06,0.08,0.07,0.07,0.09,0.0,0.0,0.44,0.26,0.25,0.31,0.31,0.56,0.82,0.0,0.84,0.19,0.85,0.1,0.22,0.08,0.14
2012,0.0,0.02,0.02,0.0,0.0,0.51,0.0,0.0,0.1,0.75,0.04,0.75,0.22,0.7,0.1,0.08,0.34,0.74,0.74,0.14,0.73,0.71,0.7,0.05,0.09,0.03,0.0,0.0,0.03,0.03,0.03,0.0,0.0,0.0,0.0,0.04,0.03,0.05,0.04,0.08,0.05,0.04,0.03,0.2,0.04,0.04,0.28,0.0,0.0,0.23,0.21,0.1,0.2,0.29,0.56,0.74,0.0,0.26,0.06,0.76,0.07,0.27,0.03,0.05
2013,0.0,0.0,0.0,0.0,0.0,0.07,0.0,0.0,0.01,0.35,0.01,0.37,0.08,0.04,0.02,0.01,0.12,0.32,0.33,0.02,0.35,0.32,0.29,0.04,0.01,0.01,0.0,0.0,0.01,0.0,0.01,0.0,0.0,0.0,0.0,0.02,0.01,0.02,0.01,0.03,0.01,0.01,0.01,0.07,0.02,0.02,0.08,0.0,0.0,0.07,0.1,0.02,0.07,0.44,0.41,0.44,0.0,0.14,0.02,0.43,0.04,0.13,0.01,0.02
2014,0.0,0.0,0.0,0.0,0.0,0.0,0.0,0.0,0.0,0.0,0.0,0.0,0.0,0.0,0.0,0.0,0.0,0.0,0.0,0.0,0.0,0.0,0.0,0.0,0.0,0.0,0.0,0.0,0.0,0.0,0.0,0.0,0.0,0.0,0.0,0.0,0.0,0.0,0.0,0.0,0.0,0.0,0.0,0.0,0.0,0.0,0.0,0.0,0.0,0.0,0.0,0.0,0.0,0.0,0.0,0.0,0.0,0.0,0.0,0.0,0.0,0.0,0.0,0.0
2015,0.0,0.0,0.0,0.0,0.0,0.0,0.0,0.0,0.0,0.0,0.0,0.0,0.0,0.0,0.0,0.0,0.0,0.0,0.0,0.0,0.0,0.0,0.0,0.0,0.0,0.0,0.0,0.0,0.0,0.0,0.0,0.0,0.0,0.0,0.0,0.0,0.0,0.0,0.0,0.0,0.0,0.0,0.0,0.0,0.0,0.0,0.0,0.0,0.0,0.0,0.0,0.0,0.0,0.0,0.0,0.0,0.0,0.0,0.0,0.0,0.0,0.0,0.0,0.0
2016,0.0,0.0,0.0,0.0,0.0,0.0,0.0,0.0,0.0,0.0,0.0,0.0,0.0,0.0,0.0,0.0,0.0,0.0,0.0,0.0,0.0,0.0,0.0,0.0,0.0,0.0,0.0,0.0,0.0,0.0,0.0,0.0,0.0,0.0,0.0,0.0,0.0,0.0,0.0,0.0,0.0,0.0,0.0,0.0,0.0,0.0,0.0,0.0,0.0,0.0,0.0,0.0,0.0,0.0,0.0,0.0,0.0,0.0,0.0,0.0,0.0,0.0,0.0,0.0
2017,0.0,0.0,0.0,0.0,0.0,0.0,0.0,0.0,0.0,0.0,0.0,0.0,0.0,0.0,0.0,0.0,0.0,0.0,0.0,0.0,0.0,0.0,0.0,0.0,0.0,0.0,0.0,0.0,0.0,0.0,0.0,0.0,0.0,0.0,0.0,0.0,0.0,0.0,0.0,0.0,0.0,0.0,0.0,0.0,0.0,0.0,0.0,0.0,0.0,0.0,0.0,0.0,0.0,0.0,0.0,0.0,0.0,0.0,0.0,0.0,0.0,0.0,0.0,0.0
2018,0.0,0.0,0.0,0.0,0.0,0.0,0.0,0.0,0.0,0.0,0.0,0.0,0.0,0.0,0.0,0.0,0.0,0.0,0.0,0.0,0.0,0.0,0.0,0.0,0.0,0.0,0.0,0.0,0.0,0.0,0.0,0.0,0.0,0.0,0.0,0.0,0.0,0.0,0.0,0.0,0.0,0.0,0.0,0.0,0.0,0.0,0.0,0.0,0.0,0.0,0.0,0.0,0.0,0.0,0.0,0.0,0.0,0.0,0.0,0.0,0.0,0.0,0.0,0.0
2019,0.0,0.0,0.0,0.0,0.0,0.0,0.0,0.0,0.0,0.0,0.0,0.0,0.0,0.0,0.0,0.0,0.0,0.0,0.0,0.0,0.0,0.0,0.0,0.0,0.0,0.0,0.0,0.0,0.0,0.0,0.0,0.0,0.0,0.0,0.0,0.0,0.0,0.0,0.0,0.0,0.0,0.0,0.0,0.0,0.0,0.0,0.0,0.0,0.0,0.0,0.0,0.0,0.0,0.0,0.0,0.0,0.0,0.0,0.0,0.0,0.0,0.0,0.0,0.0
2020,0.0,0.0,0.0,0.0,0.0,0.0,0.0,0.0,0.0,0.0,0.0,0.0,0.0,0.0,0.0,0.0,0.0,0.0,0.0,0.0,0.0,0.0,0.0,0.0,0.0,0.0,0.0,0.0,0.0,0.0,0.0,0.0,0.0,0.0,0.0,0.0,0.0,0.0,0.0,0.0,0.0,0.0,0.0,0.0,0.0,0.0,0.0,0.0,0.0,0.0,0.0,0.0,0.0,0.0,0.0,0.0,0.0,0.0,0.0,0.0,0.0,0.0,0.0,0.0
2021,0.0,0.0,0.0,0.0,0.0,0.0,0.0,0.0,0.0,0.0,0.0,0.0,0.0,0.0,0.0,0.0,0.0,0.0,0.0,0.0,0.0,0.0,0.0,0.0,0.0,0.0,0.0,0.0,0.0,0.0,0.0,0.0,0.0,0.0,0.0,0.0,0.0,0.0,0.0,0.0,0.0,0.0,0.0,0.0,0.0,0.0,0.0,0.0,0.0,0.0,0.0,0.0,0.0,0.0,0.0,0.0,0.0,0.0,0.0,0.0,0.0,0.0,0.0,0.0
2022,0.0,0.0,0.0,0.0,0.0,0.0,0.0,0.0,0.0,0.0,0.0,0.0,0.0,0.0,0.0,0.0,0.0,0.0,0.0,0.0,0.0,0.0,0.0,0.0,0.0,0.0,0.0,0.0,0.0,0.0,0.0,0.0,0.0,0.0,0.0,0.0,0.0,0.0,0.0,0.0,0.0,0.0,0.0,0.0,0.0,0.0,0.0,0.0,0.0,0.0,0.0,0.0,0.0,0.0,0.0,0.0,0.0,0.0,0.0,0.0,0.0,0.0,0.0,0.0
2023,0.0,0.0,0.0,0.0,0.0,0.0,0.0,0.0,0.0,0.0,0.0,0.0,0.0,0.0,0.0,0.0,0.0,0.0,0.0,0.0,0.0,0.0,0.0,0.0,0.0,0.0,0.0,0.0,0.0,0.0,0.0,0.0,0.0,0.0,0.0,0.0,0.0,0.0,0.0,0.0,0.0,0.0,0.0,0.0,0.0,0.0,0.0,0.0,0.0,0.0,0.0,0.0,0.0,0.0,0.0,0.0,0.0,0.0,0.0,0.0,0.0,0.0,0.0,0.0
2024,0.0,0.0,0.0,0.0,0.0,0.0,0.0,0.0,0.0,0.0,0.0,0.0,0.0,0.0,0.0,0.0,0.0,0.0,0.0,0.0,0.0,0.0,0.0,0.0,0.0,0.0,0.0,0.0,0.0,0.0,0.0,0.0,0.0,0.0,0.0,0.0,0.0,0.0,0.0,0.0,0.0,0.0,0.0,0.0,0.0,0.0,0.0,0.0,0.0,0.0,0.0,0.0,0.0,0.0,0.0,0.0,0.0,0.0,0.0,0.0,0.0,0.0,0.0,0.0
2025,0.0,0.0,0.0,0.0,0.0,0.0,0.0,0.0,0.0,0.0,0.0,0.0,0.0,0.0,0.0,0.0,0.0,0.0,0.0,0.0,0.0,0.0,0.0,0.0,0.0,0.0,0.0,0.0,0.0,0.0,0.0,0.0,0.0,0.0,0.0,0.0,0.0,0.0,0.0,0.0,0.0,0.0,0.0,0.0,0.0,0.0,0.0,0.0,0.0,0.0,0.0,0.0,0.0,0.0,0.0,0.0,0.0,0.0,0.0,0.0,0.0,0.0,0.0,0.0
2026,0.0,0.0,0.0,0.0,0.0,0.0,0.0,0.0,0.08,0.11,0.08,0.09,0.05,0.04,0.04,0.04,0.08,0.13,0.12,0.1,0.1,0.06,0.08,0.02,0.0,0.0,0.0,0.0,0.0,0.0,0.0,0.0,0.0,0.0,0.0,0.0,0.02,0.07,0.0,0.07,0.06,0.0,0.0,0.01,0.02,0.0,0.0,0.0,0.0,0.0,0.01,0.0,0.02,0.01,0.05,0.01,0.0,0.01,0.01,0.02,0.01,0.01,0.0,0.01
2027,0.0,0.01,0.1,0.0,0.0,0.03,0.0,0.0,0.55,0.61,0.54,0.6,0.37,0.57,0.35,0.39,0.57,0.65,0.64,0.58,0.61,0.58,0.64,0.15,0.04,0.06,0.0,0.0,0.13,0.02,0.19,0.0,0.0,0.0,0.0,0.02,0.1,0.57,0.17,0.57,0.55,0.04,0.12,0.3,0.16,0.52,0.05,0.0,0.0,0.06,0.5,0.08,0.52,0.48,0.53,0.49,0.0,0.49,0.5,0.51,0.49,0.5,0.21,0.5
2028,0.0,0.03,0.08,0.0,0.0,0.06,0.0,0.0,0.69,0.74,0.69,0.76,0.71,0.67,0.69,0.7,0.74,0.78,0.77,0.69,0.76,0.68,0.72,0.17,0.08,0.18,0.0,0.0,0.16,0.04,0.11,0.0,0.0,0.0,0.0,0.06,0.17,0.74,0.31,0.74,0.73,0.32,0.2,0.43,0.18,0.7,0.06,0.0,0.0,0.11,0.7,0.2,0.72,0.68,0.72,0.7,0.0,0.68,0.7,0.72,0.69,0.7,0.59,0.7
2029,0.0,0.07,0.1,0.0,0.0,0.08,0.0,0.0,0.8,0.86,0.8,0.89,0.81,0.78,0.77,0.8,0.88,0.89,0.89,0.8,0.87,0.78,0.82,0.27,0.26,0.33,0.0,0.0,0.35,0.11,0.23,0.0,0.0,0.0,0.0,0.16,0.71,0.88,0.84,0.87,0.86,0.83,0.84,0.27,0.34,0.84,0.07,0.0,0.0,0.13,0.82,0.82,0.84,0.81,0.83,0.83,0.0,0.8,0.83,0.84,0.81,0.8,0.84,0.81
2030,0.0,0.17,0.3,0.0,0.0,0.11,0.0,0.0,0.8,0.86,0.8,0.89,0.82,0.79,0.78,0.79,0.88,0.89,0.89,0.8,0.87,0.79,0.81,0.55,0.3,0.68,0.0,0.0,0.65,0.39,0.54,0.0,0.0,0.0,0.0,0.5,0.8,0.88,0.84,0.87,0.86,0.83,0.83,0.33,0.8,0.84,0.1,0.0,0.0,0.25,0.83,0.81,0.84,0.82,0.83,0.83,0.0,0.8,0.83,0.84,0.8,0.82,0.84,0.81
2031,0.0,0.65,0.41,0.0,0.0,0.37,0.0,0.0,0.81,0.87,0.82,0.91,0.83,0.81,0.8,0.8,0.9,0.9,0.91,0.82,0.89,0.81,0.84,0.8,0.49,0.65,0.0,0.0,0.85,0.84,0.85,0.0,0.0,0.0,0.0,0.79,0.82,0.9,0.86,0.89,0.87,0.84,0.84,0.83,0.8,0.85,0.42,0.0,0.0,0.77,0.85,0.81,0.86,0.84,0.86,0.86,0.0,0.83,0.85,0.86,0.82,0.86,0.86,0.84
2032,0.0,0.34,0.3,0.0,0.0,0.23,0.0,0.0,0.82,0.88,0.83,0.91,0.83,0.81,0.81,0.81,0.9,0.9,0.91,0.82,0.89,0.82,0.85,0.8,0.83,0.86,0.0,0.0,0.85,0.29,0.84,0.0,0.0,0.0,0.0,0.82,0.82,0.91,0.85,0.9,0.88,0.84,0.86,0.82,0.79,0.85,0.3,0.0,0.0,0.48,0.86,0.82,0.86,0.85,0.87,0.86,0.0,0.84,0.86,0.87,0.84,0.86,0.86,0.85
2033,0.0,0.34,0.31,0.0,0.0,0.18,0.0,0.0,0.82,0.88,0.83,0.9,0.82,0.8,0.81,0.8,0.9,0.9,0.91,0.81,0.89,0.82,0.84,0.78,0.82,0.85,0.0,0.0,0.84,0.29,0.83,0.0,0.0,0.0,0.0,0.8,0.8,0.91,0.79,0.9,0.87,0.83,0.85,0.8,0.77,0.85,0.19,0.0,0.0,0.45,0.86,0.81,0.85,0.85,0.86,0.86,0.0,0.84,0.86,0.88,0.84,0.86,0.86,0.85
2034,0.0,0.6,0.84,0.0,0.0,0.11,0.0,0.0,0.81,0.86,0.81,0.88,0.8,0.79,0.78,0.78,0.87,0.88,0.88,0.78,0.87,0.8,0.81,0.76,0.78,0.81,0.0,0.0,0.81,0.43,0.8,0.0,0.0,0.0,0.0,0.73,0.78,0.89,0.7,0.88,0.86,0.81,0.83,0.78,0.77,0.83,0.09,0.0,0.0,0.17,0.85,0.81,0.84,0.83,0.85,0.85,0.0,0.82,0.84,0.85,0.83,0.84,0.84,0.84
2035,0.0,0.79,0.67,0.0,0.0,0.07,0.0,0.0,0.77,0.81,0.77,0.83,0.75,0.75,0.73,0.73,0.83,0.84,0.83,0.73,0.83,0.75,0.76,0.72,0.74,0.78,0.0,0.0,0.78,0.55,0.75,0.0,0.0,0.0,0.0,0.6,0.76,0.85,0.57,0.85,0.83,0.79,0.8,0.76,0.72,0.8,0.06,0.0,0.0,0.09,0.81,0.79,0.81,0.79,0.8,0.81,0.0,0.79,0.81,0.69,0.8,0.8,0.81,0.8
2036,0.0,0.08,0.14,0.0,0.0,0.06,0.0,0.0,0.66,0.69,0.67,0.72,0.63,0.65,0.62,0.63,0.73,0.47,0.71,0.64,0.71,0.64,0.63,0.62,0.61,0.72,0.0,0.0,0.7,0.7,0.69,0.0,0.0,0.0,0.0,0.39,0.68,0.74,0.4,0.74,0.73,0.7,0.7,0.67,0.65,0.71,0.04,0.0,0.0,0.05,0.71,0.44,0.71,0.68,0.71,0.73,0.0,0.61,0.72,0.63,0.69,0.71,0.73,0.71
2037,0.0,0.04,0.21,0.0,0.0,0.04,0.0,0.0,0.37,0.35,0.38,0.38,0.28,0.33,0.32,0.33,0.4,0.22,0.33,0.34,0.36,0.32,0.28,0.37,0.35,0.47,0.0,0.0,0.46,0.45,0.46,0.0,0.0,0.0,0.0,0.21,0.23,0.41,0.25,0.41,0.42,0.43,0.42,0.22,0.24,0.43,0.02,0.0,0.0,0.02,0.46,0.21,0.43,0.44,0.42,0.46,0.0,0.45,0.46,0.44,0.44,0.45,0.28,0.46
2038,0.0,0.0,0.0,0.0,0.0,0.0,0.0,0.0,0.0,0.0,0.0,0.0,0.0,0.0,0.0,0.0,0.0,0.0,0.0,0.0,0.0,0.0,0.0,0.0,0.0,0.0,0.0,0.0,0.0,0.0,0.0,0.0,0.0,0.0,0.0,0.0,0.0,0.0,0.0,0.0,0.0,0.0,0.0,0.0,0.0,0.0,0.0,0.0,0.0,0.0,0.0,0.0,0.0,0.0,0.0,0.0,0.0,0.0,0.0,0.0,0.0,0.0,0.0,0.0
2039,0.0,0.0,0.0,0.0,0.0,0.0,0.0,0.0,0.0,0.0,0.0,0.0,0.0,0.0,0.0,0.0,0.0,0.0,0.0,0.0,0.0,0.0,0.0,0.0,0.0,0.0,0.0,0.0,0.0,0.0,0.0,0.0,0.0,0.0,0.0,0.0,0.0,0.0,0.0,0.0,0.0,0.0,0.0,0.0,0.0,0.0,0.0,0.0,0.0,0.0,0.0,0.0,0.0,0.0,0.0,0.0,0.0,0.0,0.0,0.0,0.0,0.0,0.0,0.0
2040,0.0,0.0,0.0,0.0,0.0,0.0,0.0,0.0,0.0,0.0,0.0,0.0,0.0,0.0,0.0,0.0,0.0,0.0,0.0,0.0,0.0,0.0,0.0,0.0,0.0,0.0,0.0,0.0,0.0,0.0,0.0,0.0,0.0,0.0,0.0,0.0,0.0,0.0,0.0,0.0,0.0,0.0,0.0,0.0,0.0,0.0,0.0,0.0,0.0,0.0,0.0,0.0,0.0,0.0,0.0,0.0,0.0,0.0,0.0,0.0,0.0,0.0,0.0,0.0
2041,0.0,0.0,0.0,0.0,0.0,0.0,0.0,0.0,0.0,0.0,0.0,0.0,0.0,0.0,0.0,0.0,0.0,0.0,0.0,0.0,0.0,0.0,0.0,0.0,0.0,0.0,0.0,0.0,0.0,0.0,0.0,0.0,0.0,0.0,0.0,0.0,0.0,0.0,0.0,0.0,0.0,0.0,0.0,0.0,0.0,0.0,0.0,0.0,0.0,0.0,0.0,0.0,0.0,0.0,0.0,0.0,0.0,0.0,0.0,0.0,0.0,0.0,0.0,0.0
2042,0.0,0.0,0.0,0.0,0.0,0.0,0.0,0.0,0.0,0.0,0.0,0.0,0.0,0.0,0.0,0.0,0.0,0.0,0.0,0.0,0.0,0.0,0.0,0.0,0.0,0.0,0.0,0.0,0.0,0.0,0.0,0.0,0.0,0.0,0.0,0.0,0.0,0.0,0.0,0.0,0.0,0.0,0.0,0.0,0.0,0.0,0.0,0.0,0.0,0.0,0.0,0.0,0.0,0.0,0.0,0.0,0.0,0.0,0.0,0.0,0.0,0.0,0.0,0.0
2043,0.0,0.0,0.0,0.0,0.0,0.0,0.0,0.0,0.0,0.0,0.0,0.0,0.0,0.0,0.0,0.0,0.0,0.0,0.0,0.0,0.0,0.0,0.0,0.0,0.0,0.0,0.0,0.0,0.0,0.0,0.0,0.0,0.0,0.0,0.0,0.0,0.0,0.0,0.0,0.0,0.0,0.0,0.0,0.0,0.0,0.0,0.0,0.0,0.0,0.0,0.0,0.0,0.0,0.0,0.0,0.0,0.0,0.0,0.0,0.0,0.0,0.0,0.0,0.0
2044,0.0,0.0,0.0,0.0,0.0,0.0,0.0,0.0,0.0,0.0,0.0,0.0,0.0,0.0,0.0,0.0,0.0,0.0,0.0,0.0,0.0,0.0,0.0,0.0,0.0,0.0,0.0,0.0,0.0,0.0,0.0,0.0,0.0,0.0,0.0,0.0,0.0,0.0,0.0,0.0,0.0,0.0,0.0,0.0,0.0,0.0,0.0,0.0,0.0,0.0,0.0,0.0,0.0,0.0,0.0,0.0,0.0,0.0,0.0,0.0,0.0,0.0,0.0,0.0
2045,0.0,0.0,0.0,0.0,0.0,0.0,0.0,0.0,0.0,0.0,0.0,0.0,0.0,0.0,0.0,0.0,0.0,0.0,0.0,0.0,0.0,0.0,0.0,0.0,0.0,0.0,0.0,0.0,0.0,0.0,0.0,0.0,0.0,0.0,0.0,0.0,0.0,0.0,0.0,0.0,0.0,0.0,0.0,0.0,0.0,0.0,0.0,0.0,0.0,0.0,0.0,0.0,0.0,0.0,0.0,0.0,0.0,0.0,0.0,0.0,0.0,0.0,0.0,0.0
2046,0.0,0.0,0.0,0.0,0.0,0.0,0.0,0.0,0.0,0.0,0.0,0.0,0.0,0.0,0.0,0.0,0.0,0.0,0.0,0.0,0.0,0.0,0.0,0.0,0.0,0.0,0.0,0.0,0.0,0.0,0.0,0.0,0.0,0.0,0.0,0.0,0.0,0.0,0.0,0.0,0.0,0.0,0.0,0.0,0.0,0.0,0.0,0.0,0.0,0.0,0.0,0.0,0.0,0.0,0.0,0.0,0.0,0.0,0.0,0.0,0.0,0.0,0.0,0.0
2047,0.0,0.0,0.0,0.0,0.0,0.0,0.0,0.0,0.0,0.0,0.0,0.0,0.0,0.0,0.0,0.0,0.0,0.0,0.0,0.0,0.0,0.0,0.0,0.0,0.0,0.0,0.0,0.0,0.0,0.0,0.0,0.0,0.0,0.0,0.0,0.0,0.0,0.0,0.0,0.0,0.0,0.0,0.0,0.0,0.0,0.0,0.0,0.0,0.0,0.0,0.0,0.0,0.0,0.0,0.0,0.0,0.0,0.0,0.0,0.0,0.0,0.0,0.0,0.0
2048,0.0,0.0,0.0,0.0,0.0,0.0,0.0,0.0,0.0,0.0,0.0,0.0,0.0,0.0,0.0,0.0,0.0,0.0,0.0,0.0,0.0,0.0,0.0,0.0,0.0,0.0,0.0,0.0,0.0,0.0,0.0,0.0,0.0,0.0,0.0,0.0,0.0,0.0,0.0,0.0,0.0,0.0,0.0,0.0,0.0,0.0,0.0,0.0,0.0,0.0,0.0,0.0,0.0,0.0,0.0,0.0,0.0,0.0,0.0,0.0,0.0,0.0,0.0,0.0
2049,0.0,0.0,0.0,0.0,0.0,0.0,0.0,0.0,0.0,0.0,0.0,0.0,0.0,0.0,0.0,0.0,0.0,0.0,0.0,0.0,0.0,0.0,0.0,0.0,0.0,0.0,0.0,0.0,0.0,0.0,0.0,0.0,0.0,0.0,0.0,0.0,0.0,0.0,0.0,0.0,0.0,0.0,0.0,0.0,0.0,0.0,0.0,0.0,0.0,0.0,0.0,0.0,0.0,0.0,0.0,0.0,0.0,0.0,0.0,0.0,0.0,0.0,0.0,0.0
2050,0.0,0.02,0.02,0.0,0.0,0.04,0.0,0.0,0.1,0.12,0.09,0.1,0.16,0.12,0.12,0.06,0.09,0.15,0.14,0.11,0.12,0.13,0.16,0.09,0.01,0.02,0.0,0.0,0.03,0.02,0.03,0.0,0.0,0.0,0.0,0.06,0.08,0.08,0.06,0.08,0.06,0.06,0.06,0.08,0.08,0.06,0.06,0.0,0.0,0.04,0.03,0.02,0.06,0.03,0.06,0.02,0.0,0.03,0.03,0.05,0.03,0.03,0.03,0.03
2051,0.0,0.43,0.43,0.0,0.0,0.23,0.0,0.0,0.51,0.55,0.49,0.52,0.58,0.54,0.54,0.42,0.52,0.58,0.58,0.52,0.55,0.54,0.58,0.49,0.11,0.44,0.0,0.0,0.44,0.43,0.44,0.0,0.0,0.0,0.0,0.46,0.48,0.51,0.46,0.51,0.49,0.46,0.47,0.48,0.49,0.46,0.45,0.0,0.0,0.45,0.44,0.42,0.45,0.43,0.47,0.42,0.0,0.44,0.44,0.46,0.43,0.43,0.44,0.44
2052,0.0,0.72,0.72,0.0,0.0,0.69,0.0,0.0,0.74,0.75,0.7,0.76,0.73,0.71,0.72,0.71,0.78,0.8,0.79,0.73,0.78,0.72,0.74,0.73,0.54,0.72,0.0,0.0,0.73,0.71,0.72,0.0,0.0,0.0,0.0,0.75,0.73,0.77,0.75,0.76,0.75,0.75,0.75,0.73,0.73,0.75,0.68,0.0,0.0,0.68,0.73,0.71,0.7,0.72,0.73,0.73,0.0,0.71,0.73,0.75,0.71,0.72,0.73,0.72
2053,0.0,0.78,0.79,0.0,0.0,0.73,0.0,0.0,0.8,0.84,0.77,0.82,0.79,0.76,0.76,0.76,0.85,0.86,0.85,0.8,0.84,0.77,0.77,0.75,0.77,0.78,0.0,0.0,0.78,0.78,0.77,0.0,0.0,0.0,0.0,0.8,0.77,0.84,0.82,0.83,0.82,0.8,0.81,0.77,0.75,0.81,0.74,0.0,0.0,0.75,0.8,0.79,0.8,0.76,0.81,0.82,0.0,0.78,0.78,0.82,0.78,0.79,0.79,0.77
2054,0.0,0.8,0.79,0.0,0.0,0.75,0.0,0.0,0.82,0.88,0.81,0.84,0.79,0.78,0.78,0.78,0.87,0.86,0.86,0.81,0.86,0.77,0.8,0.8,0.76,0.82,0.0,0.0,0.8,0.8,0.79,0.0,0.0,0.0,0.0,0.81,0.78,0.87,0.8,0.87,0.83,0.8,0.82,0.8,0.8,0.8,0.77,0.0,0.0,0.78,0.84,0.81,0.82,0.81,0.84,0.84,0.0,0.79,0.8,0.86,0.81,0.83,0.82,0.79
2055,0.0,0.8,0.79,0.0,0.0,0.77,0.0,0.0,0.8,0.87,0.8,0.85,0.8,0.78,0.77,0.78,0.85,0.84,0.86,0.77,0.85,0.77,0.81,0.79,0.8,0.83,0.0,0.0,0.77,0.8,0.8,0.0,0.0,0.0,0.0,0.8,0.78,0.86,0.8,0.86,0.82,0.8,0.8,0.78,0.8,0.8,0.78,0.0,0.0,0.77,0.83,0.79,0.81,0.79,0.84,0.82,0.0,0.81,0.81,0.86,0.78,0.82,0.8,0.8
2056,0.0,0.82,0.82,0.0,0.0,0.8,0.0,0.0,0.77,0.91,0.79,0.86,0.82,0.79,0.8,0.81,0.85,0.86,0.87,0.79,0.87,0.79,0.82,0.8,0.8,0.84,0.0,0.0,0.81,0.82,0.82,0.0,0.0,0.0,0.0,0.83,0.8,0.85,0.81,0.86,0.8,0.8,0.8,0.78,0.81,0.81,0.8,0.0,0.0,0.8,0.83,0.79,0.84,0.83,0.84,0.83,0.0,0.83,0.81,0.87,0.79,0.83,0.8,0.79
2057,0.0,0.82,0.82,0.0,0.0,0.8,0.0,0.0,0.8,0.91,0.79,0.86,0.81,0.82,0.81,0.81,0.84,0.85,0.87,0.8,0.88,0.81,0.82,0.79,0.8,0.84,0.0,0.0,0.82,0.82,0.83,0.0,0.0,0.0,0.0,0.82,0.78,0.85,0.79,0.86,0.79,0.78,0.78,0.78,0.8,0.78,0.79,0.0,0.0,0.8,0.84,0.8,0.84,0.83,0.84,0.82,0.0,0.83,0.79,0.87,0.8,0.84,0.81,0.8
2058,0.0,0.81,0.81,0.0,0.0,0.79,0.0,0.0,0.79,0.88,0.8,0.83,0.79,0.81,0.8,0.8,0.83,0.86,0.86,0.8,0.86,0.8,0.8,0.77,0.78,0.82,0.0,0.0,0.8,0.81,0.81,0.0,0.0,0.0,0.0,0.79,0.76,0.84,0.78,0.85,0.77,0.79,0.77,0.77,0.78,0.78,0.78,0.0,0.0,0.79,0.84,0.79,0.8,0.78,0.81,0.84,0.0,0.79,0.79,0.78,0.8,0.83,0.78,0.8
2059,0.0,0.78,0.77,0.0,0.0,0.76,0.0,0.0,0.76,0.85,0.76,0.8,0.75,0.77,0.76,0.76,0.8,0.84,0.83,0.76,0.83,0.76,0.76,0.76,0.76,0.8,0.0,0.0,0.77,0.79,0.78,0.0,0.0,0.0,0.0,0.75,0.76,0.81,0.76,0.82,0.76,0.75,0.76,0.75,0.76,0.75,0.76,0.0,0.0,0.76,0.78,0.76,0.78,0.76,0.78,0.81,0.0,0.77,0.76,0.57,0.76,0.78,0.76,0.77
2060,0.0,0.68,0.64,0.0,0.0,0.66,0.0,0.0,0.66,0.73,0.67,0.71,0.64,0.65,0.66,0.65,0.71,0.72,0.71,0.65,0.72,0.66,0.65,0.67,0.67,0.71,0.0,0.0,0.68,0.7,0.7,0.0,0.0,0.0,0.0,0.49,0.68,0.72,0.68,0.72,0.68,0.68,0.67,0.66,0.68,0.49,0.66,0.0,0.0,0.67,0.71,0.68,0.69,0.69,0.7,0.7,0.0,0.46,0.5,0.4,0.68,0.72,0.71,0.7
2061,0.0,0.37,0.39,0.0,0.0,0.32,0.0,0.0,0.31,0.31,0.32,0.34,0.24,0.28,0.28,0.28,0.34,0.28,0.28,0.29,0.32,0.28,0.24,0.33,0.32,0.4,0.0,0.0,0.4,0.38,0.39,0.0,0.0,0.0,0.0,0.14,0.35,0.36,0.38,0.36,0.36,0.37,0.25,0.34,0.34,0.16,0.32,0.0,0.0,0.33,0.4,0.41,0.38,0.4,0.37,0.41,0.0,0.12,0.4,0.18,0.4,0.4,0.21,0.4
2062,0.0,0.0,0.0,0.0,0.0,0.0,0.0,0.0,0.0,0.0,0.0,0.0,0.0,0.0,0.0,0.0,0.0,0.0,0.0,0.0,0.0,0.0,0.0,0.0,0.0,0.0,0.0,0.0,0.0,0.0,0.0,0.0,0.0,0.0,0.0,0.0,0.0,0.0,0.0,0.0,0.0,0.0,0.0,0.0,0.0,0.0,0.0,0.0,0.0,0.0,0.0,0.0,0.0,0.0,0.0,0.0,0.0,0.0,0.0,0.0,0.0,0.0,0.0,0.0
2063,0.0,0.0,0.0,0.0,0.0,0.0,0.0,0.0,0.0,0.0,0.0,0.0,0.0,0.0,0.0,0.0,0.0,0.0,0.0,0.0,0.0,0.0,0.0,0.0,0.0,0.0,0.0,0.0,0.0,0.0,0.0,0.0,0.0,0.0,0.0,0.0,0.0,0.0,0.0,0.0,0.0,0.0,0.0,0.0,0.0,0.0,0.0,0.0,0.0,0.0,0.0,0.0,0.0,0.0,0.0,0.0,0.0,0.0,0.0,0.0,0.0,0.0,0.0,0.0
2064,0.0,0.0,0.0,0.0,0.0,0.0,0.0,0.0,0.0,0.0,0.0,0.0,0.0,0.0,0.0,0.0,0.0,0.0,0.0,0.0,0.0,0.0,0.0,0.0,0.0,0.0,0.0,0.0,0.0,0.0,0.0,0.0,0.0,0.0,0.0,0.0,0.0,0.0,0.0,0.0,0.0,0.0,0.0,0.0,0.0,0.0,0.0,0.0,0.0,0.0,0.0,0.0,0.0,0.0,0.0,0.0,0.0,0.0,0.0,0.0,0.0,0.0,0.0,0.0
2065,0.0,0.0,0.0,0.0,0.0,0.0,0.0,0.0,0.0,0.0,0.0,0.0,0.0,0.0,0.0,0.0,0.0,0.0,0.0,0.0,0.0,0.0,0.0,0.0,0.0,0.0,0.0,0.0,0.0,0.0,0.0,0.0,0.0,0.0,0.0,0.0,0.0,0.0,0.0,0.0,0.0,0.0,0.0,0.0,0.0,0.0,0.0,0.0,0.0,0.0,0.0,0.0,0.0,0.0,0.0,0.0,0.0,0.0,0.0,0.0,0.0,0.0,0.0,0.0
2066,0.0,0.0,0.0,0.0,0.0,0.0,0.0,0.0,0.0,0.0,0.0,0.0,0.0,0.0,0.0,0.0,0.0,0.0,0.0,0.0,0.0,0.0,0.0,0.0,0.0,0.0,0.0,0.0,0.0,0.0,0.0,0.0,0.0,0.0,0.0,0.0,0.0,0.0,0.0,0.0,0.0,0.0,0.0,0.0,0.0,0.0,0.0,0.0,0.0,0.0,0.0,0.0,0.0,0.0,0.0,0.0,0.0,0.0,0.0,0.0,0.0,0.0,0.0,0.0
2067,0.0,0.0,0.0,0.0,0.0,0.0,0.0,0.0,0.0,0.0,0.0,0.0,0.0,0.0,0.0,0.0,0.0,0.0,0.0,0.0,0.0,0.0,0.0,0.0,0.0,0.0,0.0,0.0,0.0,0.0,0.0,0.0,0.0,0.0,0.0,0.0,0.0,0.0,0.0,0.0,0.0,0.0,0.0,0.0,0.0,0.0,0.0,0.0,0.0,0.0,0.0,0.0,0.0,0.0,0.0,0.0,0.0,0.0,0.0,0.0,0.0,0.0,0.0,0.0
2068,0.0,0.0,0.0,0.0,0.0,0.0,0.0,0.0,0.0,0.0,0.0,0.0,0.0,0.0,0.0,0.0,0.0,0.0,0.0,0.0,0.0,0.0,0.0,0.0,0.0,0.0,0.0,0.0,0.0,0.0,0.0,0.0,0.0,0.0,0.0,0.0,0.0,0.0,0.0,0.0,0.0,0.0,0.0,0.0,0.0,0.0,0.0,0.0,0.0,0.0,0.0,0.0,0.0,0.0,0.0,0.0,0.0,0.0,0.0,0.0,0.0,0.0,0.0,0.0
2069,0.0,0.0,0.0,0.0,0.0,0.0,0.0,0.0,0.0,0.0,0.0,0.0,0.0,0.0,0.0,0.0,0.0,0.0,0.0,0.0,0.0,0.0,0.0,0.0,0.0,0.0,0.0,0.0,0.0,0.0,0.0,0.0,0.0,0.0,0.0,0.0,0.0,0.0,0.0,0.0,0.0,0.0,0.0,0.0,0.0,0.0,0.0,0.0,0.0,0.0,0.0,0.0,0.0,0.0,0.0,0.0,0.0,0.0,0.0,0.0,0.0,0.0,0.0,0.0
2070,0.0,0.0,0.0,0.0,0.0,0.0,0.0,0.0,0.0,0.0,0.0,0.0,0.0,0.0,0.0,0.0,0.0,0.0,0.0,0.0,0.0,0.0,0.0,0.0,0.0,0.0,0.0,0.0,0.0,0.0,0.0,0.0,0.0,0.0,0.0,0.0,0.0,0.0,0.0,0.0,0.0,0.0,0.0,0.0,0.0,0.0,0.0,0.0,0.0,0.0,0.0,0.0,0.0,0.0,0.0,0.0,0.0,0.0,0.0,0.0,0.0,0.0,0.0,0.0
2071,0.0,0.0,0.0,0.0,0.0,0.0,0.0,0.0,0.0,0.0,0.0,0.0,0.0,0.0,0.0,0.0,0.0,0.0,0.0,0.0,0.0,0.0,0.0,0.0,0.0,0.0,0.0,0.0,0.0,0.0,0.0,0.0,0.0,0.0,0.0,0.0,0.0,0.0,0.0,0.0,0.0,0.0,0.0,0.0,0.0,0.0,0.0,0.0,0.0,0.0,0.0,0.0,0.0,0.0,0.0,0.0,0.0,0.0,0.0,0.0,0.0,0.0,0.0,0.0
2072,0.0,0.0,0.0,0.0,0.0,0.0,0.0,0.0,0.0,0.0,0.0,0.0,0.0,0.0,0.0,0.0,0.0,0.0,0.0,0.0,0.0,0.0,0.0,0.0,0.0,0.0,0.0,0.0,0.0,0.0,0.0,0.0,0.0,0.0,0.0,0.0,0.0,0.0,0.0,0.0,0.0,0.0,0.0,0.0,0.0,0.0,0.0,0.0,0.0,0.0,0.0,0.0,0.0,0.0,0.0,0.0,0.0,0.0,0.0,0.0,0.0,0.0,0.0,0.0
2073,0.0,0.0,0.0,0.0,0.0,0.0,0.0,0.0,0.0,0.0,0.0,0.0,0.0,0.0,0.0,0.0,0.0,0.0,0.0,0.0,0.0,0.0,0.0,0.0,0.0,0.0,0.0,0.0,0.0,0.0,0.0,0.0,0.0,0.0,0.0,0.0,0.0,0.0,0.0,0.0,0.0,0.0,0.0,0.0,0.0,0.0,0.0,0.0,0.0,0.0,0.0,0.0,0.0,0.0,0.0,0.0,0.0,0.0,0.0,0.0,0.0,0.0,0.0,0.0
2074,0.0,0.0,0.0,0.0,0.0,0.0,0.0,0.0,0.02,0.06,0.01,0.04,0.11,0.01,0.01,0.01,0.02,0.09,0.09,0.01,0.06,0.01,0.11,0.0,0.0,0.0,0.0,0.0,0.0,0.0,0.0,0.0,0.0,0.0,0.0,0.0,0.0,0.01,0.0,0.01,0.0,0.0,0.0,0.0,0.0,0.0,0.0,0.0,0.0,0.0,0.0,0.0,0.0,0.0,0.0,0.0,0.0,0.0,0.0,0.0,0.0,0.0,0.0,0.0
2075,0.0,0.01,0.01,0.0,0.0,0.01,0.0,0.0,0.42,0.55,0.35,0.52,0.57,0.27,0.22,0.1,0.48,0.58,0.56,0.26,0.54,0.37,0.59,0.1,0.01,0.16,0.0,0.0,0.33,0.01,0.2,0.0,0.0,0.0,0.0,0.12,0.11,0.35,0.4,0.39,0.41,0.23,0.12,0.08,0.13,0.17,0.0,0.0,0.0,0.02,0.42,0.15,0.39,0.31,0.46,0.4,0.0,0.2,0.44,0.42,0.16,0.31,0.28,0.3
2076,0.0,0.04,0.04,0.0,0.0,0.01,0.0,0.0,0.65,0.78,0.66,0.74,0.73,0.71,0.69,0.3,0.69,0.78,0.76,0.51,0.75,0.72,0.75,0.2,0.06,0.07,0.0,0.0,0.56,0.04,0.06,0.0,0.0,0.0,0.0,0.33,0.38,0.67,0.66,0.68,0.44,0.32,0.66,0.33,0.28,0.72,0.02,0.0,0.0,0.01,0.56,0.66,0.61,0.61,0.72,0.68,0.0,0.56,0.48,0.68,0.42,0.71,0.66,0.39
2077,0.0,0.02,0.11,0.0,0.0,0.03,0.0,0.0,0.73,0.86,0.67,0.8,0.77,0.76,0.74,0.74,0.75,0.84,0.83,0.74,0.82,0.78,0.77,0.76,0.24,0.06,0.0,0.0,0.34,0.02,0.05,0.0,0.0,0.0,0.0,0.59,0.7,0.7,0.76,0.79,0.71,0.75,0.76,0.6,0.66,0.77,0.01,0.0,0.0,0.02,0.8,0.78,0.71,0.79,0.79,0.75,0.0,0.7,0.78,0.75,0.65,0.74,0.72,0.78
2078,0.0,0.23,0.2,0.0,0.0,0.04,0.0,0.0,0.74,0.89,0.76,0.81,0.78,0.79,0.76,0.75,0.81,0.85,0.86,0.76,0.85,0.8,0.79,0.52,0.44,0.06,0.0,0.0,0.19,0.25,0.06,0.0,0.0,0.0,0.0,0.15,0.73,0.7,0.77,0.76,0.76,0.76,0.77,0.78,0.5,0.79,0.07,0.0,0.0,0.03,0.74,0.77,0.83,0.69,0.8,0.77,0.0,0.8,0.66,0.79,0.74,0.84,0.17,0.56
2079,0.0,0.36,0.36,0.0,0.0,0.07,0.0,0.0,0.76,0.89,0.76,0.82,0.77,0.77,0.75,0.74,0.77,0.84,0.86,0.72,0.84,0.78,0.82,0.79,0.15,0.17,0.0,0.0,0.12,0.34,0.15,0.0,0.0,0.0,0.0,0.09,0.77,0.78,0.76,0.76,0.62,0.47,0.76,0.78,0.79,0.78,0.07,0.0,0.0,0.09,0.74,0.32,0.78,0.81,0.81,0.82,0.0,0.73,0.72,0.78,0.82,0.69,0.36,0.8
2080,0.0,0.12,0.11,0.0,0.0,0.06,0.0,0.0,0.75,0.9,0.73,0.8,0.78,0.74,0.69,0.77,0.71,0.84,0.84,0.76,0.83,0.78,0.81,0.75,0.06,0.75,0.0,0.0,0.26,0.46,0.77,0.0,0.0,0.0,0.0,0.11,0.73,0.7,0.25,0.81,0.78,0.58,0.48,0.62,0.71,0.41,0.09,0.0,0.0,0.12,0.83,0.33,0.84,0.8,0.78,0.77,0.0,0.82,0.79,0.66,0.61,0.81,0.26,0.74
2081,0.0,0.09,0.14,0.0,0.0,0.03,0.0,0.0,0.72,0.9,0.69,0.79,0.8,0.64,0.76,0.72,0.77,0.84,0.82,0.76,0.83,0.68,0.8,0.77,0.15,0.67,0.0,0.0,0.81,0.09,0.56,0.0,0.0,0.0,0.0,0.15,0.76,0.69,0.2,0.78,0.61,0.2,0.59,0.73,0.76,0.42,0.06,0.0,0.0,0.03,0.69,0.44,0.76,0.78,0.7,0.81,0.0,0.79,0.55,0.72,0.79,0.69,0.79,0.64
2082,0.0,0.02,0.04,0.0,0.0,0.03,0.0,0.0,0.35,0.88,0.46,0.62,0.73,0.71,0.7,0.37,0.79,0.83,0.83,0.73,0.83,0.62,0.78,0.72,0.04,0.44,0.0,0.0,0.56,0.06,0.51,0.0,0.0,0.0,0.0,0.07,0.37,0.45,0.07,0.52,0.48,0.08,0.22,0.4,0.77,0.12,0.03,0.0,0.0,0.04,0.8,0.23,0.76,0.42,0.82,0.83,0.0,0.75,0.79,0.64,0.63,0.8,0.79,0.77
2083,0.0,0.02,0.04,0.0,0.0,0.05,0.0,0.0,0.68,0.82,0.62,0.43,0.72,0.46,0.46,0.25,0.26,0.78,0.79,0.58,0.8,0.42,0.73,0.08,0.06,0.07,0.0,0.0,0.63,0.02,0.02,0.0,0.0,0.0,0.0,0.02,0.09,0.33,0.06,0.22,0.46,0.03,0.03,0.06,0.14,0.04,0.04,0.0,0.0,0.05,0.74,0.05,0.73,0.74,0.7,0.61,0.0,0.49,0.5,0.47,0.7,0.76,0.49,0.49
2084,0.0,0.01,0.0,0.0,0.0,0.02,0.0,0.0,0.52,0.72,0.47,0.22,0.26,0.09,0.35,0.52,0.13,0.65,0.66,0.53,0.67,0.07,0.58,0.04,0.0,0.0,0.0,0.0,0.03,0.01,0.0,0.0,0.0,0.0,0.0,0.01,0.02,0.43,0.04,0.34,0.08,0.02,0.02,0.01,0.03,0.03,0.02,0.0,0.0,0.02,0.68,0.03,0.66,0.61,0.2,0.66,0.0,0.62,0.67,0.42,0.63,0.7,0.14,0.65
2085,0.0,0.0,0.0,0.0,0.0,0.0,0.0,0.0,0.09,0.28,0.21,0.08,0.09,0.11,0.14,0.16,0.07,0.18,0.24,0.19,0.22,0.13,0.13,0.01,0.0,0.0,0.0,0.0,0.0,0.0,0.0,0.0,0.0,0.0,0.0,0.0,0.02,0.08,0.04,0.22,0.01,0.02,0.0,0.0,0.01,0.02,0.0,0.0,0.0,0.0,0.27,0.08,0.28,0.32,0.28,0.2,0.0,0.26,0.33,0.14,0.33,0.26,0.02,0.33
2086,0.0,0.0,0.0,0.0,0.0,0.0,0.0,0.0,0.0,0.0,0.0,0.0,0.0,0.0,0.0,0.0,0.0,0.0,0.0,0.0,0.0,0.0,0.0,0.0,0.0,0.0,0.0,0.0,0.0,0.0,0.0,0.0,0.0,0.0,0.0,0.0,0.0,0.0,0.0,0.0,0.0,0.0,0.0,0.0,0.0,0.0,0.0,0.0,0.0,0.0,0.0,0.0,0.0,0.0,0.0,0.0,0.0,0.0,0.0,0.0,0.0,0.0,0.0,0.0
2087,0.0,0.0,0.0,0.0,0.0,0.0,0.0,0.0,0.0,0.0,0.0,0.0,0.0,0.0,0.0,0.0,0.0,0.0,0.0,0.0,0.0,0.0,0.0,0.0,0.0,0.0,0.0,0.0,0.0,0.0,0.0,0.0,0.0,0.0,0.0,0.0,0.0,0.0,0.0,0.0,0.0,0.0,0.0,0.0,0.0,0.0,0.0,0.0,0.0,0.0,0.0,0.0,0.0,0.0,0.0,0.0,0.0,0.0,0.0,0.0,0.0,0.0,0.0,0.0
2088,0.0,0.0,0.0,0.0,0.0,0.0,0.0,0.0,0.0,0.0,0.0,0.0,0.0,0.0,0.0,0.0,0.0,0.0,0.0,0.0,0.0,0.0,0.0,0.0,0.0,0.0,0.0,0.0,0.0,0.0,0.0,0.0,0.0,0.0,0.0,0.0,0.0,0.0,0.0,0.0,0.0,0.0,0.0,0.0,0.0,0.0,0.0,0.0,0.0,0.0,0.0,0.0,0.0,0.0,0.0,0.0,0.0,0.0,0.0,0.0,0.0,0.0,0.0,0.0
2089,0.0,0.0,0.0,0.0,0.0,0.0,0.0,0.0,0.0,0.0,0.0,0.0,0.0,0.0,0.0,0.0,0.0,0.0,0.0,0.0,0.0,0.0,0.0,0.0,0.0,0.0,0.0,0.0,0.0,0.0,0.0,0.0,0.0,0.0,0.0,0.0,0.0,0.0,0.0,0.0,0.0,0.0,0.0,0.0,0.0,0.0,0.0,0.0,0.0,0.0,0.0,0.0,0.0,0.0,0.0,0.0,0.0,0.0,0.0,0.0,0.0,0.0,0.0,0.0
2090,0.0,0.0,0.0,0.0,0.0,0.0,0.0,0.0,0.0,0.0,0.0,0.0,0.0,0.0,0.0,0.0,0.0,0.0,0.0,0.0,0.0,0.0,0.0,0.0,0.0,0.0,0.0,0.0,0.0,0.0,0.0,0.0,0.0,0.0,0.0,0.0,0.0,0.0,0.0,0.0,0.0,0.0,0.0,0.0,0.0,0.0,0.0,0.0,0.0,0.0,0.0,0.0,0.0,0.0,0.0,0.0,0.0,0.0,0.0,0.0,0.0,0.0,0.0,0.0
2091,0.0,0.0,0.0,0.0,0.0,0.0,0.0,0.0,0.0,0.0,0.0,0.0,0.0,0.0,0.0,0.0,0.0,0.0,0.0,0.0,0.0,0.0,0.0,0.0,0.0,0.0,0.0,0.0,0.0,0.0,0.0,0.0,0.0,0.0,0.0,0.0,0.0,0.0,0.0,0.0,0.0,0.0,0.0,0.0,0.0,0.0,0.0,0.0,0.0,0.0,0.0,0.0,0.0,0.0,0.0,0.0,0.0,0.0,0.0,0.0,0.0,0.0,0.0,0.0
2092,0.0,0.0,0.0,0.0,0.0,0.0,0.0,0.0,0.0,0.0,0.0,0.0,0.0,0.0,0.0,0.0,0.0,0.0,0.0,0.0,0.0,0.0,0.0,0.0,0.0,0.0,0.0,0.0,0.0,0.0,0.0,0.0,0.0,0.0,0.0,0.0,0.0,0.0,0.0,0.0,0.0,0.0,0.0,0.0,0.0,0.0,0.0,0.0,0.0,0.0,0.0,0.0,0.0,0.0,0.0,0.0,0.0,0.0,0.0,0.0,0.0,0.0,0.0,0.0
2093,0.0,0.0,0.0,0.0,0.0,0.0,0.0,0.0,0.0,0.0,0.0,0.0,0.0,0.0,0.0,0.0,0.0,0.0,0.0,0.0,0.0,0.0,0.0,0.0,0.0,0.0,0.0,0.0,0.0,0.0,0.0,0.0,0.0,0.0,0.0,0.0,0.0,0.0,0.0,0.0,0.0,0.0,0.0,0.0,0.0,0.0,0.0,0.0,0.0,0.0,0.0,0.0,0.0,0.0,0.0,0.0,0.0,0.0,0.0,0.0,0.0,0.0,0.0,0.0
2094,0.0,0.0,0.0,0.0,0.0,0.0,0.0,0.0,0.0,0.0,0.0,0.0,0.0,0.0,0.0,0.0,0.0,0.0,0.0,0.0,0.0,0.0,0.0,0.0,0.0,0.0,0.0,0.0,0.0,0.0,0.0,0.0,0.0,0.0,0.0,0.0,0.0,0.0,0.0,0.0,0.0,0.0,0.0,0.0,0.0,0.0,0.0,0.0,0.0,0.0,0.0,0.0,0.0,0.0,0.0,0.0,0.0,0.0,0.0,0.0,0.0,0.0,0.0,0.0
2095,0.0,0.0,0.0,0.0,0.0,0.0,0.0,0.0,0.0,0.0,0.0,0.0,0.0,0.0,0.0,0.0,0.0,0.0,0.0,0.0,0.0,0.0,0.0,0.0,0.0,0.0,0.0,0.0,0.0,0.0,0.0,0.0,0.0,0.0,0.0,0.0,0.0,0.0,0.0,0.0,0.0,0.0,0.0,0.0,0.0,0.0,0.0,0.0,0.0,0.0,0.0,0.0,0.0,0.0,0.0,0.0,0.0,0.0,0.0,0.0,0.0,0.0,0.0,0.0
2096,0.0,0.0,0.0,0.0,0.0,0.0,0.0,0.0,0.0,0.0,0.0,0.0,0.0,0.0,0.0,0.0,0.0,0.0,0.0,0.0,0.0,0.0,0.0,0.0,0.0,0.0,0.0,0.0,0.0,0.0,0.0,0.0,0.0,0.0,0.0,0.0,0.0,0.0,0.0,0.0,0.0,0.0,0.0,0.0,0.0,0.0,0.0,0.0,0.0,0.0,0.0,0.0,0.0,0.0,0.0,0.0,0.0,0.0,0.0,0.0,0.0,0.0,0.0,0.0
2097,0.0,0.0,0.0,0.0,0.0,0.0,0.0,0.0,0.0,0.0,0.0,0.0,0.0,0.0,0.0,0.0,0.0,0.0,0.0,0.0,0.0,0.0,0.0,0.0,0.0,0.0,0.0,0.0,0.0,0.0,0.0,0.0,0.0,0.0,0.0,0.0,0.0,0.0,0.0,0.0,0.0,0.0,0.0,0.0,0.0,0.0,0.0,0.0,0.0,0.0,0.0,0.0,0.0,0.0,0.0,0.0,0.0,0.0,0.0,0.0,0.0,0.0,0.0,0.0
2098,0.0,0.0,0.0,0.0,0.0,0.0,0.0,0.0,0.0,0.07,0.0,0.02,0.01,0.01,0.01,0.01,0.0,0.05,0.05,0.01,0.01,0.01,0.02,0.0,0.0,0.0,0.0,0.0,0.0,0.0,0.0,0.0,0.0,0.0,0.0,0.0,0.0,0.0,0.0,0.0,0.0,0.0,0.0,0.0,0.0,0.0,0.0,0.0,0.0,0.0,0.0,0.0,0.0,0.0,0.01,0.0,0.0,0.0,0.0,0.01,0.0,0.0,0.0,0.0
2099,0.0,0.0,0.01,0.0,0.0,0.02,0.0,0.0,0.07,0.53,0.1,0.19,0.07,0.08,0.13,0.07,0.07,0.28,0.3,0.06,0.1,0.07,0.21,0.06,0.01,0.01,0.0,0.0,0.01,0.0,0.02,0.0,0.0,0.0,0.0,0.04,0.06,0.07,0.0,0.05,0.15,0.01,0.03,0.01,0.05,0.02,0.03,0.0,0.0,0.02,0.1,0.01,0.12,0.05,0.18,0.1,0.0,0.17,0.09,0.21,0.03,0.14,0.05,0.04
2100,0.0,0.01,0.01,0.0,0.0,0.07,0.0,0.0,0.21,0.8,0.3,0.43,0.23,0.17,0.41,0.27,0.15,0.69,0.58,0.19,0.17,0.17,0.68,0.06,0.03,0.05,0.0,0.0,0.06,0.03,0.05,0.0,0.0,0.0,0.0,0.01,0.15,0.27,0.06,0.17,0.32,0.03,0.04,0.01,0.08,0.07,0.06,0.0,0.0,0.06,0.14,0.07,0.37,0.18,0.72,0.31,0.0,0.54,0.09,0.71,0.25,0.25,0.08,0.1
2101,0.0,0.04,0.03,0.0,0.0,0.23,0.0,0.0,0.2,0.87,0.32,0.73,0.74,0.38,0.78,0.78,0.23,0.66,0.68,0.3,0.14,0.37,0.76,0.02,0.06,0.1,0.0,0.0,0.03,0.02,0.1,0.0,0.0,0.0,0.0,0.01,0.05,0.35,0.03,0.24,0.57,0.02,0.02,0.02,0.03,0.02,0.14,0.0,0.0,0.1,0.44,0.12,0.64,0.76,0.76,0.56,0.0,0.58,0.56,0.79,0.48,0.54,0.09,0.33
2102,0.0,0.05,0.06,0.0,0.0,0.13,0.0,0.0,0.45,0.87,0.75,0.8,0.72,0.77,0.8,0.81,0.25,0.82,0.81,0.65,0.66,0.75,0.78,0.03,0.08,0.08,0.0,0.0,0.04,0.05,0.02,0.0,0.0,0.0,0.0,0.11,0.02,0.43,0.09,0.24,0.72,0.09,0.09,0.01,0.03,0.11,0.13,0.0,0.0,0.11,0.77,0.13,0.8,0.62,0.78,0.77,0.0,0.71,0.75,0.79,0.62,0.77,0.04,0.73
2103,0.0,0.02,0.1,0.0,0.0,0.17,0.0,0.0,0.55,0.89,0.71,0.66,0.81,0.82,0.78,0.45,0.81,0.86,0.87,0.5,0.7,0.81,0.77,0.06,0.07,0.01,0.0,0.0,0.08,0.02,0.02,0.0,0.0,0.0,0.0,0.17,0.02,0.7,0.27,0.57,0.18,0.06,0.03,0.15,0.03,0.1,0.21,0.0,0.0,0.23,0.35,0.06,0.76,0.7,0.81,0.84,0.0,0.73,0.34,0.8,0.12,0.47,0.03,0.21
2104,0.0,0.06,0.01,0.0,0.0,0.1,0.0,0.0,0.5,0.89,0.34,0.8,0.81,0.81,0.47,0.25,0.7,0.86,0.88,0.42,0.85,0.8,0.7,0.07,0.06,0.05,0.0,0.0,0.02,0.05,0.05,0.0,0.0,0.0,0.0,0.26,0.18,0.47,0.21,0.66,0.08,0.09,0.12,0.11,0.11,0.13,0.13,0.0,0.0,0.13,0.31,0.1,0.65,0.4,0.79,0.8,0.0,0.56,0.29,0.68,0.2,0.3,0.06,0.27
2105,0.0,0.1,0.07,0.0,0.0,0.16,0.0,0.0,0.18,0.86,0.24,0.76,0.8,0.31,0.54,0.74,0.81,0.78,0.83,0.44,0.85,0.38,0.62,0.06,0.05,0.04,0.0,0.0,0.02,0.08,0.03,0.0,0.0,0.0,0.0,0.18,0.06,0.56,0.07,0.67,0.08,0.04,0.05,0.09,0.07,0.08,0.11,0.0,0.0,0.11,0.13,0.17,0.47,0.32,0.81,0.43,0.0,0.42,0.12,0.52,0.06,0.2,0.03,0.08
2106,0.0,0.03,0.04,0.0,0.0,0.11,0.0,0.0,0.74,0.86,0.18,0.81,0.82,0.64,0.72,0.48,0.48,0.65,0.84,0.72,0.84,0.61,0.84,0.09,0.06,0.02,0.0,0.0,0.02,0.03,0.01,0.0,0.0,0.0,0.0,0.18,0.07,0.24,0.05,0.38,0.08,0.03,0.03,0.14,0.05,0.05,0.09,0.0,0.0,0.08,0.1,0.13,0.4,0.3,0.56,0.28,0.0,0.29,0.12,0.72,0.06,0.12,0.03,0.12
2107,0.0,0.04,0.03,0.0,0.0,0.1,0.0,0.0,0.6,0.87,0.44,0.35,0.52,0.17,0.72,0.6,0.72,0.18,0.71,0.34,0.17,0.18,0.65,0.09,0.04,0.01,0.0,0.0,0.05,0.03,0.01,0.0,0.0,0.0,0.0,0.34,0.09,0.11,0.11,0.42,0.08,0.03,0.02,0.05,0.1,0.06,0.08,0.0,0.0,0.07,0.07,0.03,0.34,0.21,0.49,0.77,0.0,0.2,0.04,0.56,0.1,0.18,0.02,0.03
2108,0.0,0.04,0.02,0.0,0.0,0.05,0.0,0.0,0.57,0.75,0.18,0.41,0.43,0.42,0.34,0.31,0.08,0.08,0.23,0.28,0.09,0.42,0.59,0.03,0.02,0.02,0.0,0.0,0.03,0.03,0.01,0.0,0.0,0.0,0.0,0.28,0.02,0.07,0.02,0.08,0.24,0.01,0.02,0.0,0.02,0.04,0.05,0.0,0.0,0.04,0.15,0.03,0.38,0.34,0.6,0.36,0.0,0.35,0.05,0.32,0.16,0.14,0.02,0.07
2109,0.0,0.02,0.02,0.0,0.0,0.01,0.0,0.0,0.02,0.11,0.01,0.27,0.11,0.1,0.07,0.03,0.02,0.04,0.04,0.02,0.02,0.1,0.12,0.0,0.0,0.01,0.0,0.0,0.0,0.01,0.0,0.0,0.0,0.0,0.0,0.0,0.0,0.01,0.01,0.01,0.01,0.0,0.0,0.0,0.0,0.0,0.01,0.0,0.0,0.01,0.04,0.0,0.09,0.14,0.18,0.14,0.0,0.1,0.02,0.17,0.05,0.06,0.0,0.02
2110,0.0,0.0,0.0,0.0,0.0,0.0,0.0,0.0,0.0,0.0,0.0,0.0,0.0,0.0,0.0,0.0,0.0,0.0,0.0,0.0,0.0,0.0,0.0,0.0,0.0,0.0,0.0,0.0,0.0,0.0,0.0,0.0,0.0,0.0,0.0,0.0,0.0,0.0,0.0,0.0,0.0,0.0,0.0,0.0,0.0,0.0,0.0,0.0,0.0,0.0,0.0,0.0,0.0,0.0,0.0,0.0,0.0,0.0,0.0,0.0,0.0,0.0,0.0,0.0
2111,0.0,0.0,0.0,0.0,0.0,0.0,0.0,0.0,0.0,0.0,0.0,0.0,0.0,0.0,0.0,0.0,0.0,0.0,0.0,0.0,0.0,0.0,0.0,0.0,0.0,0.0,0.0,0.0,0.0,0.0,0.0,0.0,0.0,0.0,0.0,0.0,0.0,0.0,0.0,0.0,0.0,0.0,0.0,0.0,0.0,0.0,0.0,0.0,0.0,0.0,0.0,0.0,0.0,0.0,0.0,0.0,0.0,0.0,0.0,0.0,0.0,0.0,0.0,0.0
2112,0.0,0.0,0.0,0.0,0.0,0.0,0.0,0.0,0.0,0.0,0.0,0.0,0.0,0.0,0.0,0.0,0.0,0.0,0.0,0.0,0.0,0.0,0.0,0.0,0.0,0.0,0.0,0.0,0.0,0.0,0.0,0.0,0.0,0.0,0.0,0.0,0.0,0.0,0.0,0.0,0.0,0.0,0.0,0.0,0.0,0.0,0.0,0.0,0.0,0.0,0.0,0.0,0.0,0.0,0.0,0.0,0.0,0.0,0.0,0.0,0.0,0.0,0.0,0.0
2113,0.0,0.0,0.0,0.0,0.0,0.0,0.0,0.0,0.0,0.0,0.0,0.0,0.0,0.0,0.0,0.0,0.0,0.0,0.0,0.0,0.0,0.0,0.0,0.0,0.0,0.0,0.0,0.0,0.0,0.0,0.0,0.0,0.0,0.0,0.0,0.0,0.0,0.0,0.0,0.0,0.0,0.0,0.0,0.0,0.0,0.0,0.0,0.0,0.0,0.0,0.0,0.0,0.0,0.0,0.0,0.0,0.0,0.0,0.0,0.0,0.0,0.0,0.0,0.0
2114,0.0,0.0,0.0,0.0,0.0,0.0,0.0,0.0,0.0,0.0,0.0,0.0,0.0,0.0,0.0,0.0,0.0,0.0,0.0,0.0,0.0,0.0,0.0,0.0,0.0,0.0,0.0,0.0,0.0,0.0,0.0,0.0,0.0,0.0,0.0,0.0,0.0,0.0,0.0,0.0,0.0,0.0,0.0,0.0,0.0,0.0,0.0,0.0,0.0,0.0,0.0,0.0,0.0,0.0,0.0,0.0,0.0,0.0,0.0,0.0,0.0,0.0,0.0,0.0
2115,0.0,0.0,0.0,0.0,0.0,0.0,0.0,0.0,0.0,0.0,0.0,0.0,0.0,0.0,0.0,0.0,0.0,0.0,0.0,0.0,0.0,0.0,0.0,0.0,0.0,0.0,0.0,0.0,0.0,0.0,0.0,0.0,0.0,0.0,0.0,0.0,0.0,0.0,0.0,0.0,0.0,0.0,0.0,0.0,0.0,0.0,0.0,0.0,0.0,0.0,0.0,0.0,0.0,0.0,0.0,0.0,0.0,0.0,0.0,0.0,0.0,0.0,0.0,0.0
2116,0.0,0.0,0.0,0.0,0.0,0.0,0.0,0.0,0.0,0.0,0.0,0.0,0.0,0.0,0.0,0.0,0.0,0.0,0.0,0.0,0.0,0.0,0.0,0.0,0.0,0.0,0.0,0.0,0.0,0.0,0.0,0.0,0.0,0.0,0.0,0.0,0.0,0.0,0.0,0.0,0.0,0.0,0.0,0.0,0.0,0.0,0.0,0.0,0.0,0.0,0.0,0.0,0.0,0.0,0.0,0.0,0.0,0.0,0.0,0.0,0.0,0.0,0.0,0.0
2117,0.0,0.0,0.0,0.0,0.0,0.0,0.0,0.0,0.0,0.0,0.0,0.0,0.0,0.0,0.0,0.0,0.0,0.0,0.0,0.0,0.0,0.0,0.0,0.0,0.0,0.0,0.0,0.0,0.0,0.0,0.0,0.0,0.0,0.0,0.0,0.0,0.0,0.0,0.0,0.0,0.0,0.0,0.0,0.0,0.0,0.0,0.0,0.0,0.0,0.0,0.0,0.0,0.0,0.0,0.0,0.0,0.0,0.0,0.0,0.0,0.0,0.0,0.0,0.0
2118,0.0,0.0,0.0,0.0,0.0,0.0,0.0,0.0,0.0,0.0,0.0,0.0,0.0,0.0,0.0,0.0,0.0,0.0,0.0,0.0,0.0,0.0,0.0,0.0,0.0,0.0,0.0,0.0,0.0,0.0,0.0,0.0,0.0,0.0,0.0,0.0,0.0,0.0,0.0,0.0,0.0,0.0,0.0,0.0,0.0,0.0,0.0,0.0,0.0,0.0,0.0,0.0,0.0,0.0,0.0,0.0,0.0,0.0,0.0,0.0,0.0,0.0,0.0,0.0
2119,0.0,0.0,0.0,0.0,0.0,0.0,0.0,0.0,0.0,0.0,0.0,0.0,0.0,0.0,0.0,0.0,0.0,0.0,0.0,0.0,0.0,0.0,0.0,0.0,0.0,0.0,0.0,0.0,0.0,0.0,0.0,0.0,0.0,0.0,0.0,0.0,0.0,0.0,0.0,0.0,0.0,0.0,0.0,0.0,0.0,0.0,0.0,0.0,0.0,0.0,0.0,0.0,0.0,0.0,0.0,0.0,0.0,0.0,0.0,0.0,0.0,0.0,0.0,0.0
2120,0.0,0.0,0.0,0.0,0.0,0.0,0.0,0.0,0.0,0.0,0.0,0.0,0.0,0.0,0.0,0.0,0.0,0.0,0.0,0.0,0.0,0.0,0.0,0.0,0.0,0.0,0.0,0.0,0.0,0.0,0.0,0.0,0.0,0.0,0.0,0.0,0.0,0.0,0.0,0.0,0.0,0.0,0.0,0.0,0.0,0.0,0.0,0.0,0.0,0.0,0.0,0.0,0.0,0.0,0.0,0.0,0.0,0.0,0.0,0.0,0.0,0.0,0.0,0.0
2121,0.0,0.0,0.0,0.0,0.0,0.0,0.0,0.0,0.0,0.0,0.0,0.0,0.0,0.0,0.0,0.0,0.0,0.0,0.0,0.0,0.0,0.0,0.0,0.0,0.0,0.0,0.0,0.0,0.0,0.0,0.0,0.0,0.0,0.0,0.0,0.0,0.0,0.0,0.0,0.0,0.0,0.0,0.0,0.0,0.0,0.0,0.0,0.0,0.0,0.0,0.0,0.0,0.0,0.0,0.0,0.0,0.0,0.0,0.0,0.0,0.0,0.0,0.0,0.0
2122,0.0,0.0,0.0,0.0,0.0,0.0,0.0,0.0,0.0,0.03,0.01,0.01,0.09,0.04,0.03,0.02,0.01,0.01,0.01,0.02,0.01,0.05,0.13,0.0,0.0,0.0,0.0,0.0,0.0,0.0,0.0,0.0,0.0,0.0,0.0,0.0,0.01,0.0,0.0,0.0,0.0,0.0,0.0,0.0,0.0,0.0,0.0,0.0,0.0,0.0,0.0,0.0,0.0,0.0,0.01,0.0,0.0,0.0,0.0,0.0,0.0,0.0,0.0,0.0
2123,0.0,0.01,0.01,0.0,0.0,0.01,0.0,0.0,0.05,0.06,0.06,0.08,0.55,0.29,0.29,0.28,0.08,0.14,0.28,0.19,0.06,0.32,0.61,0.01,0.01,0.01,0.0,0.0,0.0,0.01,0.01,0.0,0.0,0.0,0.0,0.02,0.02,0.07,0.01,0.03,0.01,0.01,0.0,0.01,0.01,0.01,0.01,0.0,0.0,0.01,0.03,0.01,0.16,0.09,0.15,0.07,0.0,0.22,0.31,0.18,0.01,0.03,0.0,0.05
2124,0.0,0.03,0.02,0.0,0.0,0.04,0.0,0.0,0.3,0.12,0.21,0.15,0.68,0.41,0.58,0.63,0.06,0.2,0.28,0.45,0.13,0.45,0.76,0.02,0.04,0.02,0.0,0.0,0.01,0.02,0.02,0.0,0.0,0.0,0.0,0.02,0.02,0.1,0.03,0.05,0.03,0.02,0.03,0.02,0.04,0.03,0.04,0.0,0.0,0.03,0.51,0.02,0.59,0.4,0.27,0.15,0.0,0.65,0.07,0.55,0.06,0.56,0.01,0.26
2125,0.0,0.04,0.05,0.0,0.0,0.07,0.0,0.0,0.69,0.36,0.29,0.34,0.75,0.58,0.75,0.73,0.11,0.69,0.64,0.7,0.63,0.53,0.81,0.07,0.08,0.02,0.0,0.0,0.02,0.04,0.02,0.0,0.0,0.0,0.0,0.04,0.04,0.14,0.08,0.12,0.06,0.09,0.1,0.05,0.06,0.16,0.08,0.0,0.0,0.09,0.73,0.06,0.78,0.77,0.48,0.36,0.0,0.76,0.27,0.73,0.2,0.78,0.03,0.78
2126,0.0,0.07,0.07,0.0,0.0,0.09,0.0,0.0,0.31,0.79,0.27,0.79,0.77,0.74,0.79,0.51,0.33,0.77,0.74,0.75,0.83,0.69,0.73,0.15,0.12,0.03,0.0,0.0,0.04,0.05,0.02,0.0,0.0,0.0,0.0,0.06,0.06,0.31,0.2,0.39,0.16,0.24,0.28,0.13,0.16,0.25,0.08,0.0,0.0,0.1,0.81,0.23,0.78,0.75,0.74,0.72,0.0,0.74,0.81,0.75,0.79,0.81,0.1,0.8
2127,0.0,0.08,0.1,0.0,0.0,0.12,0.0,0.0,0.42,0.67,0.83,0.8,0.77,0.84,0.81,0.81,0.82,0.84,0.84,0.82,0.79,0.81,0.28,0.28,0.1,0.06,0.0,0.0,0.16,0.06,0.03,0.0,0.0,0.0,0.0,0.12,0.08,0.29,0.14,0.85,0.19,0.54,0.19,0.21,0.17,0.13,0.18,0.0,0.0,0.19,0.84,0.09,0.82,0.76,0.81,0.8,0.0,0.74,0.81,0.75,0.48,0.83,0.12,0.69
2128,0.0,0.09,0.09,0.0,0.0,0.18,0.0,0.0,0.35,0.88,0.83,0.85,0.69,0.85,0.83,0.83,0.82,0.84,0.85,0.84,0.82,0.83,0.7,0.22,0.12,0.12,0.0,0.0,0.18,0.06,0.13,0.0,0.0,0.0,0.0,0.36,0.12,0.55,0.12,0.6,0.14,0.2,0.2,0.17,0.21,0.15,0.2,0.0,0.0,0.2,0.85,0.28,0.84,0.8,0.78,0.8,0.0,0.78,0.83,0.8,0.29,0.84,0.12,0.5
2129,0.0,0.36,0.08,0.0,0.0,0.17,0.0,0.0,0.31,0.88,0.82,0.85,0.82,0.84,0.83,0.82,0.82,0.83,0.86,0.83,0.76,0.84,0.82,0.17,0.13,0.17,0.0,0.0,0.82,0.27,0.14,0.0,0.0,0.0,0.0,0.15,0.12,0.85,0.1,0.84,0.18,0.18,0.12,0.08,0.16,0.1,0.14,0.0,0.0,0.15,0.84,0.18,0.83,0.84,0.8,0.81,0.0,0.83,0.83,0.84,0.83,0.83,0.46,0.83
2130,0.0,0.24,0.11,0.0,0.0,0.12,0.0,0.0,0.81,0.85,0.78,0.83,0.81,0.81,0.81,0.8,0.8,0.84,0.85,0.8,0.76,0.81,0.82,0.32,0.06,0.18,0.0,0.0,0.18,0.19,0.42,0.0,0.0,0.0,0.0,0.22,0.12,0.82,0.08,0.82,0.81,0.08,0.11,0.08,0.35,0.16,0.15,0.0,0.0,0.13,0.79,0.12,0.82,0.81,0.83,0.83,0.0,0.82,0.81,0.83,0.81,0.8,0.82,0.81
2131,0.0,0.15,0.08,0.0,0.0,0.08,0.0,0.0,0.8,0.82,0.79,0.83,0.8,0.81,0.81,0.8,0.8,0.85,0.86,0.8,0.8,0.81,0.82,0.48,0.01,0.15,0.0,0.0,0.77,0.15,0.19,0.0,0.0,0.0,0.0,0.24,0.13,0.82,0.27,0.83,0.82,0.07,0.19,0.18,0.27,0.36,0.05,0.0,0.0,0.06,0.83,0.8,0.83,0.79,0.84,0.83,0.0,0.8,0.82,0.76,0.78,0.83,0.2,0.79
2132,0.0,0.04,0.02,0.0,0.0,0.02,0.0,0.0,0.65,0.7,0.65,0.69,0.63,0.65,0.64,0.64,0.67,0.68,0.69,0.64,0.62,0.65,0.65,0.64,0.0,0.1,0.0,0.0,0.16,0.04,0.66,0.0,0.0,0.0,0.0,0.08,0.64,0.69,0.17,0.68,0.68,0.14,0.63,0.09,0.65,0.65,0.01,0.0,0.0,0.02,0.6,0.7,0.51,0.55,0.61,0.7,0.0,0.6,0.67,0.69,0.68,0.54,0.68,0.68
2133,0.0,0.01,0.01,0.0,0.0,0.0,0.0,0.0,0.27,0.28,0.28,0.26,0.2,0.25,0.24,0.25,0.29,0.25,0.24,0.26,0.26,0.24,0.21,0.29,0.0,0.33,0.0,0.0,0.28,0.02,0.33,0.0,0.0,0.0,0.0,0.25,0.3,0.3,0.32,0.3,0.27,0.32,0.32,0.3,0.3,0.33,0.01,0.0,0.0,0.0,0.19,0.38,0.3,0.34,0.33,0.38,0.0,0.35,0.21,0.3,0.26,0.22,0.35,0.2
2134,0.0,0.0,0.0,0.0,0.0,0.0,0.0,0.0,0.0,0.0,0.0,0.0,0.0,0.0,0.0,0.0,0.0,0.0,0.0,0.0,0.0,0.0,0.0,0.0,0.0,0.01,0.0,0.0,0.01,0.0,0.01,0.0,0.0,0.0,0.0,0.0,0.0,0.0,0.01,0.0,0.0,0.01,0.0,0.0,0.0,0.01,0.0,0.0,0.0,0.0,0.01,0.01,0.01,0.01,0.0,0.01,0.0,0.01,0.01,0.01,0.01,0.01,0.01,0.01
2135,0.0,0.0,0.0,0.0,0.0,0.0,0.0,0.0,0.0,0.0,0.0,0.0,0.0,0.0,0.0,0.0,0.0,0.0,0.0,0.0,0.0,0.0,0.0,0.0,0.0,0.0,0.0,0.0,0.0,0.0,0.0,0.0,0.0,0.0,0.0,0.0,0.0,0.0,0.0,0.0,0.0,0.0,0.0,0.0,0.0,0.0,0.0,0.0,0.0,0.0,0.0,0.0,0.0,0.0,0.0,0.0,0.0,0.0,0.0,0.0,0.0,0.0,0.0,0.0
2136,0.0,0.0,0.0,0.0,0.0,0.0,0.0,0.0,0.0,0.0,0.0,0.0,0.0,0.0,0.0,0.0,0.0,0.0,0.0,0.0,0.0,0.0,0.0,0.0,0.0,0.0,0.0,0.0,0.0,0.0,0.0,0.0,0.0,0.0,0.0,0.0,0.0,0.0,0.0,0.0,0.0,0.0,0.0,0.0,0.0,0.0,0.0,0.0,0.0,0.0,0.0,0.0,0.0,0.0,0.0,0.0,0.0,0.0,0.0,0.0,0.0,0.0,0.0,0.0
2137,0.0,0.0,0.0,0.0,0.0,0.0,0.0,0.0,0.0,0.0,0.0,0.0,0.0,0.0,0.0,0.0,0.0,0.0,0.0,0.0,0.0,0.0,0.0,0.0,0.0,0.0,0.0,0.0,0.0,0.0,0.0,0.0,0.0,0.0,0.0,0.0,0.0,0.0,0.0,0.0,0.0,0.0,0.0,0.0,0.0,0.0,0.0,0.0,0.0,0.0,0.0,0.0,0.0,0.0,0.0,0.0,0.0,0.0,0.0,0.0,0.0,0.0,0.0,0.0
2138,0.0,0.0,0.0,0.0,0.0,0.0,0.0,0.0,0.0,0.0,0.0,0.0,0.0,0.0,0.0,0.0,0.0,0.0,0.0,0.0,0.0,0.0,0.0,0.0,0.0,0.0,0.0,0.0,0.0,0.0,0.0,0.0,0.0,0.0,0.0,0.0,0.0,0.0,0.0,0.0,0.0,0.0,0.0,0.0,0.0,0.0,0.0,0.0,0.0,0.0,0.0,0.0,0.0,0.0,0.0,0.0,0.0,0.0,0.0,0.0,0.0,0.0,0.0,0.0
2139,0.0,0.0,0.0,0.0,0.0,0.0,0.0,0.0,0.0,0.0,0.0,0.0,0.0,0.0,0.0,0.0,0.0,0.0,0.0,0.0,0.0,0.0,0.0,0.0,0.0,0.0,0.0,0.0,0.0,0.0,0.0,0.0,0.0,0.0,0.0,0.0,0.0,0.0,0.0,0.0,0.0,0.0,0.0,0.0,0.0,0.0,0.0,0.0,0.0,0.0,0.0,0.0,0.0,0.0,0.0,0.0,0.0,0.0,0.0,0.0,0.0,0.0,0.0,0.0
2140,0.0,0.0,0.0,0.0,0.0,0.0,0.0,0.0,0.0,0.0,0.0,0.0,0.0,0.0,0.0,0.0,0.0,0.0,0.0,0.0,0.0,0.0,0.0,0.0,0.0,0.0,0.0,0.0,0.0,0.0,0.0,0.0,0.0,0.0,0.0,0.0,0.0,0.0,0.0,0.0,0.0,0.0,0.0,0.0,0.0,0.0,0.0,0.0,0.0,0.0,0.0,0.0,0.0,0.0,0.0,0.0,0.0,0.0,0.0,0.0,0.0,0.0,0.0,0.0
2141,0.0,0.0,0.0,0.0,0.0,0.0,0.0,0.0,0.0,0.0,0.0,0.0,0.0,0.0,0.0,0.0,0.0,0.0,0.0,0.0,0.0,0.0,0.0,0.0,0.0,0.0,0.0,0.0,0.0,0.0,0.0,0.0,0.0,0.0,0.0,0.0,0.0,0.0,0.0,0.0,0.0,0.0,0.0,0.0,0.0,0.0,0.0,0.0,0.0,0.0,0.0,0.0,0.0,0.0,0.0,0.0,0.0,0.0,0.0,0.0,0.0,0.0,0.0,0.0
2142,0.0,0.0,0.0,0.0,0.0,0.0,0.0,0.0,0.0,0.0,0.0,0.0,0.0,0.0,0.0,0.0,0.0,0.0,0.0,0.0,0.0,0.0,0.0,0.0,0.0,0.0,0.0,0.0,0.0,0.0,0.0,0.0,0.0,0.0,0.0,0.0,0.0,0.0,0.0,0.0,0.0,0.0,0.0,0.0,0.0,0.0,0.0,0.0,0.0,0.0,0.0,0.0,0.0,0.0,0.0,0.0,0.0,0.0,0.0,0.0,0.0,0.0,0.0,0.0
2143,0.0,0.0,0.0,0.0,0.0,0.0,0.0,0.0,0.0,0.0,0.0,0.0,0.0,0.0,0.0,0.0,0.0,0.0,0.0,0.0,0.0,0.0,0.0,0.0,0.0,0.0,0.0,0.0,0.0,0.0,0.0,0.0,0.0,0.0,0.0,0.0,0.0,0.0,0.0,0.0,0.0,0.0,0.0,0.0,0.0,0.0,0.0,0.0,0.0,0.0,0.0,0.0,0.0,0.0,0.0,0.0,0.0,0.0,0.0,0.0,0.0,0.0,0.0,0.0
2144,0.0,0.0,0.0,0.0,0.0,0.0,0.0,0.0,0.0,0.0,0.0,0.0,0.0,0.0,0.0,0.0,0.0,0.0,0.0,0.0,0.0,0.0,0.0,0.0,0.0,0.0,0.0,0.0,0.0,0.0,0.0,0.0,0.0,0.0,0.0,0.0,0.0,0.0,0.0,0.0,0.0,0.0,0.0,0.0,0.0,0.0,0.0,0.0,0.0,0.0,0.0,0.0,0.0,0.0,0.0,0.0,0.0,0.0,0.0,0.0,0.0,0.0,0.0,0.0
2145,0.0,0.0,0.0,0.0,0.0,0.0,0.0,0.0,0.0,0.0,0.0,0.0,0.0,0.0,0.0,0.0,0.0,0.0,0.0,0.0,0.0,0.0,0.0,0.0,0.0,0.0,0.0,0.0,0.0,0.0,0.0,0.0,0.0,0.0,0.0,0.0,0.0,0.0,0.0,0.0,0.0,0.0,0.0,0.0,0.0,0.0,0.0,0.0,0.0,0.0,0.0,0.0,0.0,0.0,0.0,0.0,0.0,0.0,0.0,0.0,0.0,0.0,0.0,0.0
2146,0.0,0.06,0.05,0.0,0.0,0.08,0.0,0.0,0.12,0.15,0.11,0.12,0.18,0.14,0.14,0.14,0.11,0.17,0.17,0.13,0.14,0.15,0.19,0.1,0.05,0.06,0.0,0.0,0.06,0.06,0.06,0.0,0.0,0.0,0.0,0.08,0.09,0.1,0.08,0.1,0.09,0.08,0.08,0.1,0.1,0.08,0.08,0.0,0.0,0.09,0.06,0.06,0.05,0.01,0.08,0.01,0.0,0.01,0.06,0.07,0.06,0.06,0.06,0.06
2147,0.0,0.48,0.47,0.0,0.0,0.51,0.0,0.0,0.6,0.68,0.58,0.62,0.7,0.64,0.64,0.62,0.57,0.71,0.71,0.62,0.66,0.65,0.72,0.57,0.57,0.49,0.0,0.0,0.5,0.48,0.49,0.0,0.0,0.0,0.0,0.52,0.52,0.56,0.52,0.56,0.54,0.52,0.53,0.55,0.56,0.52,0.52,0.0,0.0,0.52,0.51,0.5,0.54,0.17,0.54,0.16,0.0,0.15,0.52,0.52,0.5,0.51,0.5,0.51
2148,0.0,0.73,0.71,0.0,0.0,0.74,0.0,0.0,0.81,0.88,0.8,0.83,0.85,0.83,0.83,0.82,0.77,0.87,0.88,0.82,0.85,0.84,0.86,0.79,0.78,0.73,0.0,0.0,0.75,0.72,0.73,0.0,0.0,0.0,0.0,0.74,0.76,0.78,0.75,0.78,0.76,0.75,0.76,0.77,0.79,0.76,0.74,0.0,0.0,0.75,0.78,0.76,0.78,0.78,0.79,0.78,0.0,0.63,0.78,0.78,0.75,0.78,0.76,0.76
2149,0.0,0.79,0.78,0.0,0.0,0.8,0.0,0.0,0.88,0.91,0.86,0.89,0.9,0.9,0.89,0.88,0.82,0.91,0.91,0.88,0.91,0.9,0.91,0.85,0.85,0.8,0.0,0.0,0.82,0.8,0.8,0.0,0.0,0.0,0.0,0.82,0.83,0.85,0.81,0.84,0.82,0.82,0.81,0.83,0.84,0.81,0.81,0.0,0.0,0.81,0.84,0.82,0.86,0.84,0.86,0.86,0.0,0.84,0.82,0.85,0.81,0.84,0.82,0.81
2150,0.0,0.81,0.8,0.0,0.0,0.81,0.0,0.0,0.89,0.91,0.88,0.91,0.91,0.91,0.91,0.9,0.84,0.91,0.91,0.9,0.91,0.91,0.91,0.87,0.88,0.82,0.0,0.0,0.84,0.81,0.82,0.0,0.0,0.0,0.0,0.84,0.85,0.85,0.84,0.85,0.83,0.84,0.83,0.86,0.87,0.84,0.82,0.0,0.0,0.82,0.86,0.84,0.87,0.86,0.89,0.89,0.0,0.86,0.86,0.88,0.84,0.87,0.85,0.84
2151,0.0,0.77,0.79,0.0,0.0,0.81,0.0,0.0,0.88,0.91,0.86,0.89,0.91,0.91,0.9,0.9,0.82,0.91,0.91,0.89,0.91,0.91,0.91,0.86,0.88,0.72,0.0,0.0,0.72,0.7,0.77,0.0,0.0,0.0,0.0,0.83,0.84,0.83,0.83,0.83,0.83,0.73,0.82,0.85,0.86,0.82,0.81,0.0,0.0,0.82,0.85,0.7,0.88,0.86,0.89,0.9,0.0,0.85,0.84,0.88,0.83,0.86,0.7,0.83
2152,0.0,0.72,0.71,0.0,0.0,0.78,0.0,0.0,0.88,0.91,0.86,0.9,0.91,0.91,0.9,0.89,0.84,0.91,0.91,0.89,0.91,0.91,0.91,0.84,0.89,0.67,0.0,0.0,0.7,0.72,0.64,0.0,0.0,0.0,0.0,0.7,0.81,0.84,0.64,0.84,0.81,0.64,0.78,0.69,0.82,0.71,0.78,0.0,0.0,0.79,0.82,0.77,0.87,0.76,0.91,0.9,0.0,0.82,0.82,0.89,0.8,0.84,0.7,0.81
2153,0.0,0.73,0.78,0.0,0.0,0.68,0.0,0.0,0.86,0.91,0.74,0.9,0.91,0.91,0.9,0.89,0.85,0.91,0.91,0.89,0.91,0.91,0.91,0.59,0.74,0.76,0.0,0.0,0.8,0.73,0.76,0.0,0.0,0.0,0.0,0.78,0.6,0.7,0.76,0.72,0.73,0.75,0.66,0.67,0.61,0.65,0.71,0.0,0.0,0.73,0.7,0.79,0.86,0.69,0.91,0.87,0.0,0.75,0.69,0.87,0.74,0.7,0.8,0.7
2154,0.0,0.79,0.79,0.0,0.0,0.74,0.0,0.0,0.64,0.91,0.63,0.87,0.9,0.88,0.84,0.73,0.84,0.87,0.88,0.8,0.86,0.89,0.88,0.64,0.84,0.78,0.0,0.0,0.77,0.79,0.79,0.0,0.0,0.0,0.0,0.79,0.73,0.71,0.72,0.72,0.76,0.69,0.76,0.74,0.65,0.71,0.77,0.0,0.0,0.79,0.85,0.75,0.86,0.86,0.89,0.9,0.0,0.85,0.84,0.88,0.83,0.85,0.74,0.83
2155,0.0,0.77,0.77,0.0,0.0,0.76,0.0,0.0,0.55,0.91,0.68,0.85,0.84,0.84,0.6,0.5,0.82,0.89,0.88,0.58,0.84,0.84,0.86,0.72,0.83,0.74,0.0,0.0,0.77,0.77,0.76,0.0,0.0,0.0,0.0,0.78,0.76,0.79,0.62,0.81,0.8,0.64,0.76,0.78,0.73,0.68,0.78,0.0,0.0,0.79,0.83,0.65,0.85,0.84,0.86,0.87,0.0,0.82,0.81,0.86,0.82,0.84,0.78,0.82
2156,0.0,0.19,0.7,0.0,0.0,0.4,0.0,0.0,0.74,0.8,0.74,0.76,0.75,0.74,0.74,0.7,0.74,0.76,0.79,0.74,0.79,0.75,0.75,0.73,0.66,0.06,0.0,0.0,0.72,0.18,0.09,0.0,0.0,0.0,0.0,0.72,0.69,0.72,0.7,0.73,0.73,0.71,0.62,0.68,0.73,0.33,0.54,0.0,0.0,0.65,0.76,0.61,0.78,0.77,0.78,0.79,0.0,0.76,0.75,0.78,0.76,0.77,0.73,0.74
2157,0.0,0.02,0.04,0.0,0.0,0.3,0.0,0.0,0.36,0.36,0.37,0.37,0.3,0.34,0.33,0.34,0.38,0.33,0.34,0.35,0.37,0.33,0.3,0.38,0.12,0.05,0.0,0.0,0.34,0.13,0.03,0.0,0.0,0.0,0.0,0.35,0.39,0.39,0.4,0.38,0.39,0.4,0.35,0.3,0.38,0.1,0.28,0.0,0.0,0.24,0.44,0.43,0.44,0.45,0.43,0.46,0.0,0.45,0.42,0.44,0.3,0.44,0.43,0.38
2158,0.0,0.0,0.0,0.0,0.0,0.0,0.0,0.0,0.0,0.0,0.0,0.0,0.0,0.0,0.0,0.0,0.0,0.0,0.0,0.0,0.0,0.0,0.0,0.0,0.0,0.01,0.0,0.0,0.0,0.0,0.0,0.0,0.0,0.0,0.0,0.0,0.0,0.0,0.0,0.0,0.0,0.0,0.0,0.0,0.0,0.0,0.0,0.0,0.0,0.0,0.01,0.02,0.01,0.01,0.0,0.02,0.0,0.02,0.01,0.01,0.01,0.01,0.01,0.01
2159,0.0,0.0,0.0,0.0,0.0,0.0,0.0,0.0,0.0,0.0,0.0,0.0,0.0,0.0,0.0,0.0,0.0,0.0,0.0,0.0,0.0,0.0,0.0,0.0,0.0,0.0,0.0,0.0,0.0,0.0,0.0,0.0,0.0,0.0,0.0,0.0,0.0,0.0,0.0,0.0,0.0,0.0,0.0,0.0,0.0,0.0,0.0,0.0,0.0,0.0,0.0,0.0,0.0,0.0,0.0,0.0,0.0,0.0,0.0,0.0,0.0,0.0,0.0,0.0
2160,0.0,0.0,0.0,0.0,0.0,0.0,0.0,0.0,0.0,0.0,0.0,0.0,0.0,0.0,0.0,0.0,0.0,0.0,0.0,0.0,0.0,0.0,0.0,0.0,0.0,0.0,0.0,0.0,0.0,0.0,0.0,0.0,0.0,0.0,0.0,0.0,0.0,0.0,0.0,0.0,0.0,0.0,0.0,0.0,0.0,0.0,0.0,0.0,0.0,0.0,0.0,0.0,0.0,0.0,0.0,0.0,0.0,0.0,0.0,0.0,0.0,0.0,0.0,0.0
2161,0.0,0.0,0.0,0.0,0.0,0.0,0.0,0.0,0.0,0.0,0.0,0.0,0.0,0.0,0.0,0.0,0.0,0.0,0.0,0.0,0.0,0.0,0.0,0.0,0.0,0.0,0.0,0.0,0.0,0.0,0.0,0.0,0.0,0.0,0.0,0.0,0.0,0.0,0.0,0.0,0.0,0.0,0.0,0.0,0.0,0.0,0.0,0.0,0.0,0.0,0.0,0.0,0.0,0.0,0.0,0.0,0.0,0.0,0.0,0.0,0.0,0.0,0.0,0.0
2162,0.0,0.0,0.0,0.0,0.0,0.0,0.0,0.0,0.0,0.0,0.0,0.0,0.0,0.0,0.0,0.0,0.0,0.0,0.0,0.0,0.0,0.0,0.0,0.0,0.0,0.0,0.0,0.0,0.0,0.0,0.0,0.0,0.0,0.0,0.0,0.0,0.0,0.0,0.0,0.0,0.0,0.0,0.0,0.0,0.0,0.0,0.0,0.0,0.0,0.0,0.0,0.0,0.0,0.0,0.0,0.0,0.0,0.0,0.0,0.0,0.0,0.0,0.0,0.0
2163,0.0,0.0,0.0,0.0,0.0,0.0,0.0,0.0,0.0,0.0,0.0,0.0,0.0,0.0,0.0,0.0,0.0,0.0,0.0,0.0,0.0,0.0,0.0,0.0,0.0,0.0,0.0,0.0,0.0,0.0,0.0,0.0,0.0,0.0,0.0,0.0,0.0,0.0,0.0,0.0,0.0,0.0,0.0,0.0,0.0,0.0,0.0,0.0,0.0,0.0,0.0,0.0,0.0,0.0,0.0,0.0,0.0,0.0,0.0,0.0,0.0,0.0,0.0,0.0
2164,0.0,0.0,0.0,0.0,0.0,0.0,0.0,0.0,0.0,0.0,0.0,0.0,0.0,0.0,0.0,0.0,0.0,0.0,0.0,0.0,0.0,0.0,0.0,0.0,0.0,0.0,0.0,0.0,0.0,0.0,0.0,0.0,0.0,0.0,0.0,0.0,0.0,0.0,0.0,0.0,0.0,0.0,0.0,0.0,0.0,0.0,0.0,0.0,0.0,0.0,0.0,0.0,0.0,0.0,0.0,0.0,0.0,0.0,0.0,0.0,0.0,0.0,0.0,0.0
2165,0.0,0.0,0.0,0.0,0.0,0.0,0.0,0.0,0.0,0.0,0.0,0.0,0.0,0.0,0.0,0.0,0.0,0.0,0.0,0.0,0.0,0.0,0.0,0.0,0.0,0.0,0.0,0.0,0.0,0.0,0.0,0.0,0.0,0.0,0.0,0.0,0.0,0.0,0.0,0.0,0.0,0.0,0.0,0.0,0.0,0.0,0.0,0.0,0.0,0.0,0.0,0.0,0.0,0.0,0.0,0.0,0.0,0.0,0.0,0.0,0.0,0.0,0.0,0.0
2166,0.0,0.0,0.0,0.0,0.0,0.0,0.0,0.0,0.0,0.0,0.0,0.0,0.0,0.0,0.0,0.0,0.0,0.0,0.0,0.0,0.0,0.0,0.0,0.0,0.0,0.0,0.0,0.0,0.0,0.0,0.0,0.0,0.0,0.0,0.0,0.0,0.0,0.0,0.0,0.0,0.0,0.0,0.0,0.0,0.0,0.0,0.0,0.0,0.0,0.0,0.0,0.0,0.0,0.0,0.0,0.0,0.0,0.0,0.0,0.0,0.0,0.0,0.0,0.0
2167,0.0,0.0,0.0,0.0,0.0,0.0,0.0,0.0,0.0,0.0,0.0,0.0,0.0,0.0,0.0,0.0,0.0,0.0,0.0,0.0,0.0,0.0,0.0,0.0,0.0,0.0,0.0,0.0,0.0,0.0,0.0,0.0,0.0,0.0,0.0,0.0,0.0,0.0,0.0,0.0,0.0,0.0,0.0,0.0,0.0,0.0,0.0,0.0,0.0,0.0,0.0,0.0,0.0,0.0,0.0,0.0,0.0,0.0,0.0,0.0,0.0,0.0,0.0,0.0
2168,0.0,0.0,0.0,0.0,0.0,0.0,0.0,0.0,0.0,0.0,0.0,0.0,0.0,0.0,0.0,0.0,0.0,0.0,0.0,0.0,0.0,0.0,0.0,0.0,0.0,0.0,0.0,0.0,0.0,0.0,0.0,0.0,0.0,0.0,0.0,0.0,0.0,0.0,0.0,0.0,0.0,0.0,0.0,0.0,0.0,0.0,0.0,0.0,0.0,0.0,0.0,0.0,0.0,0.0,0.0,0.0,0.0,0.0,0.0,0.0,0.0,0.0,0.0,0.0
2169,0.0,0.0,0.0,0.0,0.0,0.0,0.0,0.0,0.0,0.0,0.0,0.0,0.0,0.0,0.0,0.0,0.0,0.0,0.0,0.0,0.0,0.0,0.0,0.0,0.0,0.0,0.0,0.0,0.0,0.0,0.0,0.0,0.0,0.0,0.0,0.0,0.0,0.0,0.0,0.0,0.0,0.0,0.0,0.0,0.0,0.0,0.0,0.0,0.0,0.0,0.0,0.0,0.0,0.0,0.0,0.0,0.0,0.0,0.0,0.0,0.0,0.0,0.0,0.0
2170,0.0,0.0,0.0,0.0,0.0,0.0,0.0,0.0,0.01,0.12,0.0,0.0,0.06,0.01,0.01,0.0,0.02,0.03,0.03,0.01,0.02,0.01,0.05,0.01,0.01,0.0,0.0,0.0,0.0,0.0,0.0,0.0,0.0,0.0,0.0,0.0,0.0,0.01,0.0,0.01,0.01,0.0,0.01,0.01,0.0,0.01,0.0,0.0,0.0,0.0,0.01,0.0,0.01,0.0,0.0,0.0,0.0,0.0,0.01,0.0,0.0,0.0,0.0,0.0
2171,0.0,0.01,0.01,0.0,0.0,0.01,0.0,0.0,0.17,0.59,0.07,0.15,0.33,0.2,0.16,0.15,0.13,0.26,0.24,0.14,0.2,0.24,0.37,0.37,0.36,0.01,0.0,0.0,0.05,0.01,0.01,0.0,0.0,0.0,0.0,0.05,0.29,0.15,0.08,0.11,0.38,0.13,0.14,0.18,0.36,0.13,0.01,0.0,0.0,0.01,0.19,0.02,0.12,0.24,0.05,0.12,0.0,0.16,0.2,0.12,0.04,0.06,0.02,0.05
2172,0.0,0.02,0.01,0.0,0.0,0.02,0.0,0.0,0.09,0.78,0.1,0.42,0.57,0.28,0.34,0.16,0.22,0.44,0.44,0.29,0.41,0.29,0.54,0.21,0.71,0.02,0.0,0.0,0.02,0.02,0.02,0.0,0.0,0.0,0.0,0.05,0.42,0.16,0.05,0.32,0.33,0.05,0.07,0.09,0.17,0.05,0.04,0.0,0.0,0.04,0.11,0.05,0.55,0.43,0.11,0.21,0.0,0.55,0.13,0.19,0.06,0.15,0.02,0.08
2173,0.0,0.01,0.01,0.0,0.0,0.03,0.0,0.0,0.41,0.73,0.29,0.31,0.71,0.59,0.47,0.47,0.62,0.54,0.56,0.42,0.49,0.48,0.58,0.1,0.14,0.02,0.0,0.0,0.02,0.01,0.02,0.0,0.0,0.0,0.0,0.03,0.12,0.53,0.02,0.48,0.77,0.02,0.04,0.06,0.11,0.02,0.04,0.0,0.0,0.04,0.13,0.02,0.27,0.2,0.37,0.29,0.0,0.63,0.18,0.68,0.1,0.2,0.02,0.11
2174,0.0,0.02,0.02,0.0,0.0,0.02,0.0,0.0,0.72,0.72,0.71,0.72,0.59,0.59,0.8,0.25,0.34,0.72,0.72,0.59,0.68,0.56,0.67,0.1,0.04,0.07,0.0,0.0,0.02,0.03,0.05,0.0,0.0,0.0,0.0,0.04,0.08,0.78,0.06,0.75,0.2,0.04,0.04,0.05,0.07,0.08,0.02,0.0,0.0,0.02,0.1,0.17,0.77,0.12,0.24,0.3,0.0,0.44,0.1,0.82,0.07,0.1,0.06,0.07
2175,0.0,0.03,0.05,0.0,0.0,0.03,0.0,0.0,0.23,0.68,0.3,0.62,0.77,0.73,0.66,0.48,0.5,0.78,0.79,0.61,0.79,0.67,0.59,0.08,0.04,0.06,0.0,0.0,0.06,0.02,0.04,0.0,0.0,0.0,0.0,0.03,0.06,0.61,0.06,0.57,0.51,0.04,0.08,0.06,0.06,0.17,0.03,0.0,0.0,0.04,0.09,0.15,0.15,0.08,0.21,0.12,0.0,0.16,0.07,0.22,0.07,0.08,0.06,0.07
2176,0.0,0.4,0.36,0.0,0.0,0.02,0.0,0.0,0.21,0.84,0.32,0.69,0.66,0.7,0.23,0.23,0.4,0.67,0.68,0.23,0.71,0.71,0.77,0.09,0.06,0.16,0.0,0.0,0.07,0.27,0.06,0.0,0.0,0.0,0.0,0.04,0.22,0.5,0.16,0.51,0.19,0.08,0.07,0.13,0.17,0.19,0.04,0.0,0.0,0.06,0.09,0.14,0.17,0.08,0.16,0.11,0.0,0.11,0.04,0.17,0.1,0.06,0.12,0.05
2177,0.0,0.02,0.02,0.0,0.0,0.08,0.0,0.0,0.26,0.86,0.3,0.49,0.56,0.67,0.72,0.28,0.61,0.83,0.84,0.36,0.71,0.51,0.61,0.08,0.05,0.06,0.0,0.0,0.06,0.02,0.05,0.0,0.0,0.0,0.0,0.2,0.13,0.46,0.29,0.34,0.08,0.12,0.08,0.07,0.08,0.26,0.04,0.0,0.0,0.04,0.22,0.18,0.68,0.17,0.14,0.11,0.0,0.13,0.18,0.17,0.08,0.15,0.06,0.11
2178,0.0,0.02,0.02,0.0,0.0,0.01,0.0,0.0,0.14,0.81,0.41,0.48,0.57,0.46,0.5,0.26,0.23,0.8,0.78,0.4,0.74,0.36,0.64,0.07,0.03,0.01,0.0,0.0,0.02,0.01,0.01,0.0,0.0,0.0,0.0,0.03,0.19,0.43,0.32,0.08,0.25,0.16,0.11,0.19,0.09,0.16,0.01,0.0,0.0,0.01,0.49,0.05,0.07,0.15,0.84,0.1,0.0,0.05,0.08,0.51,0.17,0.29,0.05,0.09
2179,0.0,0.01,0.02,0.0,0.0,0.01,0.0,0.0,0.1,0.76,0.07,0.41,0.59,0.4,0.07,0.04,0.07,0.58,0.59,0.05,0.7,0.4,0.48,0.03,0.01,0.01,0.0,0.0,0.01,0.01,0.01,0.0,0.0,0.0,0.0,0.01,0.02,0.09,0.02,0.13,0.13,0.01,0.02,0.02,0.04,0.02,0.01,0.0,0.0,0.01,0.22,0.06,0.07,0.08,0.07,0.07,0.0,0.07,0.08,0.07,0.02,0.09,0.02,0.07
2180,0.0,0.01,0.02,0.0,0.0,0.0,0.0,0.0,0.05,0.6,0.02,0.04,0.36,0.04,0.04,0.04,0.05,0.37,0.14,0.04,0.61,0.07,0.36,0.0,0.03,0.01,0.0,0.0,0.0,0.01,0.0,0.0,0.0,0.0,0.0,0.0,0.0,0.07,0.0,0.14,0.02,0.0,0.0,0.0,0.0,0.0,0.0,0.0,0.0,0.0,0.02,0.02,0.04,0.06,0.03,0.02,0.0,0.06,0.01,0.02,0.02,0.02,0.01,0.01
2181,0.0,0.0,0.0,0.0,0.0,0.0,0.0,0.0,0.0,0.21,0.0,0.04,0.07,0.02,0.0,0.0,0.02,0.14,0.14,0.0,0.17,0.02,0.14,0.0,0.0,0.0,0.0,0.0,0.0,0.0,0.0,0.0,0.0,0.0,0.0,0.0,0.0,0.0,0.0,0.0,0.0,0.0,0.0,0.0,0.0,0.0,0.0,0.0,0.0,0.0,0.0,0.0,0.0,0.0,0.02,0.01,0.0,0.0,0.0,0.02,0.0,0.0,0.0,0.0
2182,0.0,0.0,0.0,0.0,0.0,0.0,0.0,0.0,0.0,0.0,0.0,0.0,0.0,0.0,0.0,0.0,0.0,0.0,0.0,0.0,0.0,0.0,0.0,0.0,0.0,0.0,0.0,0.0,0.0,0.0,0.0,0.0,0.0,0.0,0.0,0.0,0.0,0.0,0.0,0.0,0.0,0.0,0.0,0.0,0.0,0.0,0.0,0.0,0.0,0.0,0.0,0.0,0.0,0.0,0.0,0.0,0.0,0.0,0.0,0.0,0.0,0.0,0.0,0.0
2183,0.0,0.0,0.0,0.0,0.0,0.0,0.0,0.0,0.0,0.0,0.0,0.0,0.0,0.0,0.0,0.0,0.0,0.0,0.0,0.0,0.0,0.0,0.0,0.0,0.0,0.0,0.0,0.0,0.0,0.0,0.0,0.0,0.0,0.0,0.0,0.0,0.0,0.0,0.0,0.0,0.0,0.0,0.0,0.0,0.0,0.0,0.0,0.0,0.0,0.0,0.0,0.0,0.0,0.0,0.0,0.0,0.0,0.0,0.0,0.0,0.0,0.0,0.0,0.0
2184,0.0,0.0,0.0,0.0,0.0,0.0,0.0,0.0,0.0,0.0,0.0,0.0,0.0,0.0,0.0,0.0,0.0,0.0,0.0,0.0,0.0,0.0,0.0,0.0,0.0,0.0,0.0,0.0,0.0,0.0,0.0,0.0,0.0,0.0,0.0,0.0,0.0,0.0,0.0,0.0,0.0,0.0,0.0,0.0,0.0,0.0,0.0,0.0,0.0,0.0,0.0,0.0,0.0,0.0,0.0,0.0,0.0,0.0,0.0,0.0,0.0,0.0,0.0,0.0
2185,0.0,0.0,0.0,0.0,0.0,0.0,0.0,0.0,0.0,0.0,0.0,0.0,0.0,0.0,0.0,0.0,0.0,0.0,0.0,0.0,0.0,0.0,0.0,0.0,0.0,0.0,0.0,0.0,0.0,0.0,0.0,0.0,0.0,0.0,0.0,0.0,0.0,0.0,0.0,0.0,0.0,0.0,0.0,0.0,0.0,0.0,0.0,0.0,0.0,0.0,0.0,0.0,0.0,0.0,0.0,0.0,0.0,0.0,0.0,0.0,0.0,0.0,0.0,0.0
2186,0.0,0.0,0.0,0.0,0.0,0.0,0.0,0.0,0.0,0.0,0.0,0.0,0.0,0.0,0.0,0.0,0.0,0.0,0.0,0.0,0.0,0.0,0.0,0.0,0.0,0.0,0.0,0.0,0.0,0.0,0.0,0.0,0.0,0.0,0.0,0.0,0.0,0.0,0.0,0.0,0.0,0.0,0.0,0.0,0.0,0.0,0.0,0.0,0.0,0.0,0.0,0.0,0.0,0.0,0.0,0.0,0.0,0.0,0.0,0.0,0.0,0.0,0.0,0.0
2187,0.0,0.0,0.0,0.0,0.0,0.0,0.0,0.0,0.0,0.0,0.0,0.0,0.0,0.0,0.0,0.0,0.0,0.0,0.0,0.0,0.0,0.0,0.0,0.0,0.0,0.0,0.0,0.0,0.0,0.0,0.0,0.0,0.0,0.0,0.0,0.0,0.0,0.0,0.0,0.0,0.0,0.0,0.0,0.0,0.0,0.0,0.0,0.0,0.0,0.0,0.0,0.0,0.0,0.0,0.0,0.0,0.0,0.0,0.0,0.0,0.0,0.0,0.0,0.0
2188,0.0,0.0,0.0,0.0,0.0,0.0,0.0,0.0,0.0,0.0,0.0,0.0,0.0,0.0,0.0,0.0,0.0,0.0,0.0,0.0,0.0,0.0,0.0,0.0,0.0,0.0,0.0,0.0,0.0,0.0,0.0,0.0,0.0,0.0,0.0,0.0,0.0,0.0,0.0,0.0,0.0,0.0,0.0,0.0,0.0,0.0,0.0,0.0,0.0,0.0,0.0,0.0,0.0,0.0,0.0,0.0,0.0,0.0,0.0,0.0,0.0,0.0,0.0,0.0
2189,0.0,0.0,0.0,0.0,0.0,0.0,0.0,0.0,0.0,0.0,0.0,0.0,0.0,0.0,0.0,0.0,0.0,0.0,0.0,0.0,0.0,0.0,0.0,0.0,0.0,0.0,0.0,0.0,0.0,0.0,0.0,0.0,0.0,0.0,0.0,0.0,0.0,0.0,0.0,0.0,0.0,0.0,0.0,0.0,0.0,0.0,0.0,0.0,0.0,0.0,0.0,0.0,0.0,0.0,0.0,0.0,0.0,0.0,0.0,0.0,0.0,0.0,0.0,0.0
2190,0.0,0.0,0.0,0.0,0.0,0.0,0.0,0.0,0.0,0.0,0.0,0.0,0.0,0.0,0.0,0.0,0.0,0.0,0.0,0.0,0.0,0.0,0.0,0.0,0.0,0.0,0.0,0.0,0.0,0.0,0.0,0.0,0.0,0.0,0.0,0.0,0.0,0.0,0.0,0.0,0.0,0.0,0.0,0.0,0.0,0.0,0.0,0.0,0.0,0.0,0.0,0.0,0.0,0.0,0.0,0.0,0.0,0.0,0.0,0.0,0.0,0.0,0.0,0.0
2191,0.0,0.0,0.0,0.0,0.0,0.0,0.0,0.0,0.0,0.0,0.0,0.0,0.0,0.0,0.0,0.0,0.0,0.0,0.0,0.0,0.0,0.0,0.0,0.0,0.0,0.0,0.0,0.0,0.0,0.0,0.0,0.0,0.0,0.0,0.0,0.0,0.0,0.0,0.0,0.0,0.0,0.0,0.0,0.0,0.0,0.0,0.0,0.0,0.0,0.0,0.0,0.0,0.0,0.0,0.0,0.0,0.0,0.0,0.0,0.0,0.0,0.0,0.0,0.0
2192,0.0,0.0,0.0,0.0,0.0,0.0,0.0,0.0,0.0,0.0,0.0,0.0,0.0,0.0,0.0,0.0,0.0,0.0,0.0,0.0,0.0,0.0,0.0,0.0,0.0,0.0,0.0,0.0,0.0,0.0,0.0,0.0,0.0,0.0,0.0,0.0,0.0,0.0,0.0,0.0,0.0,0.0,0.0,0.0,0.0,0.0,0.0,0.0,0.0,0.0,0.0,0.0,0.0,0.0,0.0,0.0,0.0,0.0,0.0,0.0,0.0,0.0,0.0,0.0
2193,0.0,0.0,0.0,0.0,0.0,0.0,0.0,0.0,0.0,0.0,0.0,0.0,0.0,0.0,0.0,0.0,0.0,0.0,0.0,0.0,0.0,0.0,0.0,0.0,0.0,0.0,0.0,0.0,0.0,0.0,0.0,0.0,0.0,0.0,0.0,0.0,0.0,0.0,0.0,0.0,0.0,0.0,0.0,0.0,0.0,0.0,0.0,0.0,0.0,0.0,0.0,0.0,0.0,0.0,0.0,0.0,0.0,0.0,0.0,0.0,0.0,0.0,0.0,0.0
2194,0.0,0.0,0.0,0.0,0.0,0.0,0.0,0.0,0.0,0.0,0.0,0.0,0.0,0.0,0.0,0.0,0.0,0.0,0.0,0.0,0.01,0.0,0.0,0.0,0.0,0.0,0.0,0.0,0.0,0.0,0.0,0.0,0.0,0.0,0.0,0.0,0.0,0.0,0.0,0.0,0.0,0.0,0.0,0.0,0.0,0.0,0.0,0.0,0.0,0.0,0.0,0.0,0.0,0.0,0.0,0.0,0.0,0.0,0.0,0.0,0.0,0.0,0.0,0.0
2195,0.0,0.0,0.0,0.0,0.0,0.02,0.0,0.0,0.01,0.03,0.01,0.02,0.01,0.01,0.01,0.01,0.01,0.01,0.01,0.01,0.02,0.01,0.01,0.01,0.01,0.01,0.0,0.0,0.01,0.01,0.0,0.0,0.0,0.0,0.0,0.0,0.01,0.02,0.0,0.02,0.02,0.01,0.01,0.01,0.01,0.0,0.01,0.0,0.0,0.01,0.03,0.02,0.01,0.01,0.03,0.01,0.0,0.01,0.02,0.01,0.1,0.02,0.0,0.04
2196,0.0,0.01,0.02,0.0,0.0,0.05,0.0,0.0,0.02,0.06,0.03,0.04,0.0,0.03,0.03,0.03,0.02,0.02,0.02,0.03,0.02,0.03,0.02,0.03,0.03,0.02,0.0,0.0,0.01,0.01,0.02,0.0,0.0,0.0,0.0,0.04,0.01,0.03,0.01,0.03,0.01,0.01,0.02,0.01,0.02,0.01,0.05,0.0,0.0,0.05,0.09,0.03,0.05,0.04,0.06,0.07,0.0,0.03,0.08,0.04,0.31,0.09,0.03,0.09
2197,0.0,0.04,0.03,0.0,0.0,0.04,0.0,0.0,0.03,0.08,0.02,0.05,0.01,0.05,0.04,0.03,0.03,0.03,0.03,0.04,0.05,0.05,0.03,0.02,0.07,0.03,0.0,0.0,0.04,0.02,0.02,0.0,0.0,0.0,0.0,0.08,0.03,0.03,0.12,0.04,0.02,0.1,0.03,0.03,0.03,0.09,0.03,0.0,0.0,0.05,0.05,0.07,0.12,0.09,0.09,0.08,0.0,0.09,0.04,0.09,0.03,0.06,0.04,0.02
2198,0.0,0.04,0.04,0.0,0.0,0.06,0.0,0.0,0.04,0.15,0.02,0.06,0.05,0.06,0.04,0.05,0.04,0.06,0.06,0.04,0.06,0.05,0.06,0.07,0.09,0.04,0.0,0.0,0.02,0.04,0.03,0.0,0.0,0.0,0.0,0.05,0.08,0.04,0.13,0.05,0.05,0.17,0.04,0.1,0.04,0.08,0.05,0.0,0.0,0.06,0.1,0.07,0.14,0.09,0.14,0.12,0.0,0.09,0.07,0.12,0.12,0.06,0.03,0.07
2199,0.0,0.04,0.06,0.0,0.0,0.1,0.0,0.0,0.04,0.16,0.03,0.07,0.06,0.05,0.06,0.06,0.05,0.07,0.09,0.05,0.08,0.05,0.04,0.1,0.12,0.04,0.0,0.0,0.03,0.04,0.04,0.0,0.0,0.0,0.0,0.1,0.31,0.06,0.17,0.08,0.06,0.15,0.23,0.06,0.09,0.18,0.1,0.0,0.0,0.09,0.1,0.05,0.16,0.09,0.2,0.18,0.0,0.09,0.06,0.09,0.05,0.09,0.06,0.06
2200,0.0,0.06,0.07,0.0,0.0,0.14,0.0,0.0,0.05,0.09,0.08,0.07,0.13,0.06,0.08,0.07,0.07,0.07,0.09,0.07,0.08,0.05,0.14,0.09,0.19,0.05,0.0,0.0,0.04,0.05,0.04,0.0,0.0,0.0,0.0,0.06,0.14,0.06,0.08,0.05,0.14,0.14,0.02,0.06,0.13,0.07,0.16,0.0,0.0,0.16,0.09,0.04,0.12,0.07,0.19,0.12,0.0,0.07,0.06,0.16,0.05,0.08,0.06,0.05
2201,0.0,0.07,0.07,0.0,0.0,0.11,0.0,0.0,0.07,0.09,0.04,0.07,0.05,0.07,0.08,0.07,0.05,0.05,0.03,0.06,0.06,0.05,0.05,0.05,0.2,0.05,0.0,0.0,0.04,0.06,0.05,0.0,0.0,0.0,0.0,0.06,0.02,0.12,0.05,0.1,0.29,0.04,0.06,0.1,0.05,0.05,0.1,0.0,0.0,0.14,0.07,0.04,0.06,0.06,0.1,0.06,0.0,0.06,0.06,0.08,0.06,0.08,0.04,0.06
2202,0.0,0.06,0.06,0.0,0.0,0.08,0.0,0.0,0.05,0.08,0.05,0.02,0.04,0.05,0.05,0.05,0.06,0.04,0.04,0.03,0.07,0.05,0.04,0.07,0.19,0.05,0.0,0.0,0.04,0.06,0.04,0.0,0.0,0.0,0.0,0.05,0.06,0.08,0.04,0.08,0.03,0.04,0.04,0.06,0.07,0.04,0.08,0.0,0.0,0.11,0.03,0.04,0.08,0.04,0.02,0.04,0.0,0.04,0.03,0.05,0.03,0.04,0.05,0.03
2203,0.0,0.04,0.06,0.0,0.0,0.05,0.0,0.0,0.02,0.03,0.03,0.03,0.02,0.02,0.03,0.02,0.07,0.03,0.03,0.02,0.02,0.03,0.01,0.04,0.15,0.04,0.0,0.0,0.03,0.04,0.04,0.0,0.0,0.0,0.0,0.03,0.02,0.02,0.03,0.04,0.04,0.03,0.03,0.04,0.03,0.02,0.05,0.0,0.0,0.06,0.02,0.03,0.04,0.02,0.02,0.02,0.0,0.02,0.02,0.04,0.02,0.03,0.03,0.02
2204,0.0,0.04,0.05,0.0,0.0,0.03,0.0,0.0,0.02,0.02,0.02,0.03,0.02,0.01,0.01,0.01,0.02,0.02,0.03,0.01,0.01,0.02,0.01,0.02,0.06,0.03,0.0,0.0,0.02,0.03,0.02,0.0,0.0,0.0,0.0,0.02,0.02,0.02,0.02,0.15,0.02,0.02,0.02,0.02,0.02,0.02,0.03,0.0,0.0,0.03,0.01,0.02,0.02,0.03,0.02,0.01,0.0,0.02,0.01,0.05,0.02,0.01,0.02,0.02
2205,0.0,0.02,0.02,0.0,0.0,0.01,0.0,0.0,0.0,0.15,0.0,0.0,0.0,0.0,0.0,0.0,0.0,0.0,0.0,0.0,0.01,0.0,0.0,0.0,0.02,0.02,0.0,0.0,0.01,0.02,0.01,0.0,0.0,0.0,0.0,0.01,0.0,0.0,0.01,0.0,0.0,0.01,0.01,0.0,0.0,0.01,0.01,0.0,0.0,0.01,0.0,0.01,0.0,0.01,0.0,0.02,0.0,0.01,0.0,0.02,0.0,0.0,0.01,0.0
2206,0.0,0.0,0.0,0.0,0.0,0.0,0.0,0.0,0.0,0.0,0.0,0.0,0.0,0.0,0.0,0.0,0.0,0.0,0.0,0.0,0.0,0.0,0.0,0.0,0.0,0.0,0.0,0.0,0.0,0.0,0.0,0.0,0.0,0.0,0.0,0.0,0.0,0.0,0.0,0.0,0.0,0.0,0.0,0.0,0.0,0.0,0.0,0.0,0.0,0.0,0.0,0.0,0.0,0.0,0.0,0.0,0.0,0.0,0.0,0.0,0.0,0.0,0.0,0.0
2207,0.0,0.0,0.0,0.0,0.0,0.0,0.0,0.0,0.0,0.0,0.0,0.0,0.0,0.0,0.0,0.0,0.0,0.0,0.0,0.0,0.0,0.0,0.0,0.0,0.0,0.0,0.0,0.0,0.0,0.0,0.0,0.0,0.0,0.0,0.0,0.0,0.0,0.0,0.0,0.0,0.0,0.0,0.0,0.0,0.0,0.0,0.0,0.0,0.0,0.0,0.0,0.0,0.0,0.0,0.0,0.0,0.0,0.0,0.0,0.0,0.0,0.0,0.0,0.0
2208,0.0,0.0,0.0,0.0,0.0,0.0,0.0,0.0,0.0,0.0,0.0,0.0,0.0,0.0,0.0,0.0,0.0,0.0,0.0,0.0,0.0,0.0,0.0,0.0,0.0,0.0,0.0,0.0,0.0,0.0,0.0,0.0,0.0,0.0,0.0,0.0,0.0,0.0,0.0,0.0,0.0,0.0,0.0,0.0,0.0,0.0,0.0,0.0,0.0,0.0,0.0,0.0,0.0,0.0,0.0,0.0,0.0,0.0,0.0,0.0,0.0,0.0,0.0,0.0
2209,0.0,0.0,0.0,0.0,0.0,0.0,0.0,0.0,0.0,0.0,0.0,0.0,0.0,0.0,0.0,0.0,0.0,0.0,0.0,0.0,0.0,0.0,0.0,0.0,0.0,0.0,0.0,0.0,0.0,0.0,0.0,0.0,0.0,0.0,0.0,0.0,0.0,0.0,0.0,0.0,0.0,0.0,0.0,0.0,0.0,0.0,0.0,0.0,0.0,0.0,0.0,0.0,0.0,0.0,0.0,0.0,0.0,0.0,0.0,0.0,0.0,0.0,0.0,0.0
2210,0.0,0.0,0.0,0.0,0.0,0.0,0.0,0.0,0.0,0.0,0.0,0.0,0.0,0.0,0.0,0.0,0.0,0.0,0.0,0.0,0.0,0.0,0.0,0.0,0.0,0.0,0.0,0.0,0.0,0.0,0.0,0.0,0.0,0.0,0.0,0.0,0.0,0.0,0.0,0.0,0.0,0.0,0.0,0.0,0.0,0.0,0.0,0.0,0.0,0.0,0.0,0.0,0.0,0.0,0.0,0.0,0.0,0.0,0.0,0.0,0.0,0.0,0.0,0.0
2211,0.0,0.0,0.0,0.0,0.0,0.0,0.0,0.0,0.0,0.0,0.0,0.0,0.0,0.0,0.0,0.0,0.0,0.0,0.0,0.0,0.0,0.0,0.0,0.0,0.0,0.0,0.0,0.0,0.0,0.0,0.0,0.0,0.0,0.0,0.0,0.0,0.0,0.0,0.0,0.0,0.0,0.0,0.0,0.0,0.0,0.0,0.0,0.0,0.0,0.0,0.0,0.0,0.0,0.0,0.0,0.0,0.0,0.0,0.0,0.0,0.0,0.0,0.0,0.0
2212,0.0,0.0,0.0,0.0,0.0,0.0,0.0,0.0,0.0,0.0,0.0,0.0,0.0,0.0,0.0,0.0,0.0,0.0,0.0,0.0,0.0,0.0,0.0,0.0,0.0,0.0,0.0,0.0,0.0,0.0,0.0,0.0,0.0,0.0,0.0,0.0,0.0,0.0,0.0,0.0,0.0,0.0,0.0,0.0,0.0,0.0,0.0,0.0,0.0,0.0,0.0,0.0,0.0,0.0,0.0,0.0,0.0,0.0,0.0,0.0,0.0,0.0,0.0,0.0
2213,0.0,0.0,0.0,0.0,0.0,0.0,0.0,0.0,0.0,0.0,0.0,0.0,0.0,0.0,0.0,0.0,0.0,0.0,0.0,0.0,0.0,0.0,0.0,0.0,0.0,0.0,0.0,0.0,0.0,0.0,0.0,0.0,0.0,0.0,0.0,0.0,0.0,0.0,0.0,0.0,0.0,0.0,0.0,0.0,0.0,0.0,0.0,0.0,0.0,0.0,0.0,0.0,0.0,0.0,0.0,0.0,0.0,0.0,0.0,0.0,0.0,0.0,0.0,0.0
2214,0.0,0.0,0.0,0.0,0.0,0.0,0.0,0.0,0.0,0.0,0.0,0.0,0.0,0.0,0.0,0.0,0.0,0.0,0.0,0.0,0.0,0.0,0.0,0.0,0.0,0.0,0.0,0.0,0.0,0.0,0.0,0.0,0.0,0.0,0.0,0.0,0.0,0.0,0.0,0.0,0.0,0.0,0.0,0.0,0.0,0.0,0.0,0.0,0.0,0.0,0.0,0.0,0.0,0.0,0.0,0.0,0.0,0.0,0.0,0.0,0.0,0.0,0.0,0.0
2215,0.0,0.0,0.0,0.0,0.0,0.0,0.0,0.0,0.0,0.0,0.0,0.0,0.0,0.0,0.0,0.0,0.0,0.0,0.0,0.0,0.0,0.0,0.0,0.0,0.0,0.0,0.0,0.0,0.0,0.0,0.0,0.0,0.0,0.0,0.0,0.0,0.0,0.0,0.0,0.0,0.0,0.0,0.0,0.0,0.0,0.0,0.0,0.0,0.0,0.0,0.0,0.0,0.0,0.0,0.0,0.0,0.0,0.0,0.0,0.0,0.0,0.0,0.0,0.0
2216,0.0,0.0,0.0,0.0,0.0,0.0,0.0,0.0,0.0,0.0,0.0,0.0,0.0,0.0,0.0,0.0,0.0,0.0,0.0,0.0,0.0,0.0,0.0,0.0,0.0,0.0,0.0,0.0,0.0,0.0,0.0,0.0,0.0,0.0,0.0,0.0,0.0,0.0,0.0,0.0,0.0,0.0,0.0,0.0,0.0,0.0,0.0,0.0,0.0,0.0,0.0,0.0,0.0,0.0,0.0,0.0,0.0,0.0,0.0,0.0,0.0,0.0,0.0,0.0
2217,0.0,0.0,0.0,0.0,0.0,0.0,0.0,0.0,0.0,0.0,0.0,0.0,0.0,0.0,0.0,0.0,0.0,0.0,0.0,0.0,0.0,0.0,0.0,0.0,0.0,0.0,0.0,0.0,0.0,0.0,0.0,0.0,0.0,0.0,0.0,0.0,0.0,0.0,0.0,0.0,0.0,0.0,0.0,0.0,0.0,0.0,0.0,0.0,0.0,0.0,0.0,0.0,0.0,0.0,0.0,0.0,0.0,0.0,0.0,0.0,0.0,0.0,0.0,0.0
2218,0.0,0.0,0.0,0.0,0.0,0.0,0.0,0.0,0.0,0.01,0.0,0.0,0.0,0.0,0.0,0.0,0.0,0.0,0.0,0.0,0.0,0.0,0.0,0.1,0.08,0.0,0.0,0.0,0.0,0.0,0.0,0.0,0.0,0.0,0.0,0.0,0.02,0.03,0.0,0.01,0.01,0.0,0.0,0.09,0.1,0.0,0.0,0.0,0.0,0.0,0.0,0.0,0.01,0.0,0.0,0.0,0.0,0.0,0.0,0.01,0.0,0.0,0.0,0.0
2219,0.0,0.06,0.04,0.0,0.0,0.02,0.0,0.0,0.03,0.05,0.07,0.01,0.01,0.02,0.01,0.01,0.03,0.01,0.02,0.02,0.02,0.01,0.02,0.6,0.4,0.03,0.0,0.0,0.16,0.07,0.03,0.0,0.0,0.0,0.0,0.04,0.58,0.36,0.02,0.14,0.11,0.02,0.03,0.3,0.6,0.02,0.02,0.0,0.0,0.06,0.02,0.06,0.06,0.02,0.04,0.15,0.0,0.03,0.02,0.13,0.06,0.02,0.26,0.03
2220,0.0,0.07,0.04,0.0,0.0,0.03,0.0,0.0,0.08,0.11,0.24,0.02,0.02,0.03,0.03,0.03,0.05,0.03,0.03,0.03,0.04,0.03,0.04,0.43,0.53,0.04,0.0,0.0,0.11,0.09,0.06,0.0,0.0,0.0,0.0,0.04,0.09,0.77,0.03,0.25,0.1,0.03,0.04,0.17,0.3,0.03,0.03,0.0,0.0,0.03,0.03,0.09,0.06,0.04,0.07,0.08,0.0,0.04,0.03,0.11,0.05,0.04,0.35,0.04
2221,0.0,0.12,0.07,0.0,0.0,0.06,0.0,0.0,0.16,0.38,0.42,0.04,0.03,0.04,0.04,0.05,0.11,0.1,0.1,0.06,0.09,0.05,0.1,0.44,0.72,0.07,0.0,0.0,0.27,0.17,0.1,0.0,0.0,0.0,0.0,0.05,0.1,0.84,0.05,0.51,0.12,0.05,0.05,0.15,0.25,0.04,0.06,0.0,0.0,0.06,0.08,0.42,0.13,0.08,0.12,0.14,0.0,0.08,0.07,0.14,0.07,0.1,0.66,0.06
2222,0.0,0.31,0.17,0.0,0.0,0.14,0.0,0.0,0.21,0.89,0.58,0.06,0.05,0.06,0.06,0.07,0.17,0.18,0.16,0.08,0.24,0.07,0.13,0.32,0.75,0.25,0.0,0.0,0.88,0.34,0.49,0.0,0.0,0.0,0.0,0.1,0.27,0.48,0.11,0.66,0.18,0.11,0.15,0.43,0.31,0.15,0.11,0.0,0.0,0.11,0.29,0.36,0.26,0.28,0.17,0.17,0.0,0.17,0.19,0.27,0.21,0.35,0.82,0.2
2223,0.0,0.34,0.39,0.0,0.0,0.2,0.0,0.0,0.28,0.57,0.58,0.07,0.07,0.06,0.07,0.07,0.17,0.26,0.18,0.08,0.45,0.07,0.14,0.23,0.85,0.59,0.0,0.0,0.69,0.35,0.9,0.0,0.0,0.0,0.0,0.31,0.16,0.46,0.48,0.59,0.18,0.68,0.49,0.34,0.26,0.51,0.15,0.0,0.0,0.13,0.34,0.46,0.22,0.3,0.18,0.25,0.0,0.19,0.3,0.31,0.38,0.36,0.5,0.34
2224,0.0,0.52,0.67,0.0,0.0,0.34,0.0,0.0,0.32,0.4,0.57,0.07,0.07,0.06,0.07,0.08,0.14,0.52,0.21,0.08,0.31,0.06,0.16,0.36,0.84,0.4,0.0,0.0,0.37,0.64,0.61,0.0,0.0,0.0,0.0,0.23,0.34,0.32,0.57,0.49,0.12,0.35,0.29,0.37,0.27,0.7,0.38,0.0,0.0,0.34,0.3,0.41,0.2,0.27,0.2,0.24,0.0,0.22,0.25,0.28,0.88,0.4,0.49,0.45
2225,0.0,0.87,0.61,0.0,0.0,0.38,0.0,0.0,0.26,0.41,0.49,0.05,0.05,0.05,0.06,0.07,0.1,0.46,0.34,0.08,0.38,0.06,0.29,0.25,0.86,0.4,0.0,0.0,0.37,0.6,0.58,0.0,0.0,0.0,0.0,0.31,0.14,0.31,0.45,0.38,0.12,0.52,0.38,0.16,0.2,0.31,0.22,0.0,0.0,0.36,0.32,0.35,0.17,0.21,0.16,0.21,0.0,0.14,0.26,0.2,0.23,0.24,0.36,0.21
2226,0.0,0.81,0.36,0.0,0.0,0.32,0.0,0.0,0.13,0.37,0.28,0.03,0.04,0.03,0.04,0.05,0.06,0.4,0.31,0.06,0.12,0.04,0.18,0.13,0.32,0.31,0.0,0.0,0.24,0.59,0.31,0.0,0.0,0.0,0.0,0.21,0.06,0.43,0.16,0.29,0.08,0.17,0.35,0.07,0.1,0.16,0.29,0.0,0.0,0.32,0.11,0.2,0.1,0.09,0.08,0.12,0.0,0.07,0.12,0.1,0.14,0.09,0.3,0.13
2227,0.0,0.45,0.27,0.0,0.0,0.21,0.0,0.0,0.07,0.24,0.12,0.02,0.04,0.02,0.02,0.02,0.04,0.18,0.19,0.03,0.1,0.02,0.08,0.12,0.12,0.27,0.0,0.0,0.23,0.86,0.28,0.0,0.0,0.0,0.0,0.19,0.06,0.26,0.09,0.13,0.07,0.09,0.16,0.05,0.12,0.09,0.15,0.0,0.0,0.19,0.11,0.12,0.08,0.09,0.05,0.1,0.0,0.08,0.12,0.06,0.15,0.09,0.27,0.16
2228,0.0,0.34,0.21,0.0,0.0,0.28,0.0,0.0,0.03,0.14,0.07,0.02,0.03,0.01,0.01,0.01,0.02,0.07,0.1,0.01,0.06,0.01,0.06,0.07,0.08,0.08,0.0,0.0,0.77,0.42,0.17,0.0,0.0,0.0,0.0,0.12,0.04,0.08,0.16,0.05,0.05,0.16,0.12,0.03,0.08,0.33,0.22,0.0,0.0,0.15,0.16,0.15,0.1,0.09,0.04,0.08,0.0,0.07,0.12,0.05,0.38,0.1,0.22,0.32
2229,0.0,0.41,0.07,0.0,0.0,0.05,0.0,0.0,0.01,0.03,0.04,0.01,0.01,0.0,0.0,0.0,0.01,0.03,0.02,0.0,0.01,0.01,0.02,0.04,0.02,0.02,0.0,0.0,0.34,0.15,0.02,0.0,0.0,0.0,0.0,0.39,0.04,0.03,0.39,0.02,0.03,0.14,0.04,0.01,0.03,0.4,0.05,0.0,0.0,0.05,0.14,0.05,0.02,0.04,0.02,0.08,0.0,0.05,0.08,0.02,0.4,0.18,0.04,0.28
2230,0.0,0.0,0.0,0.0,0.0,0.0,0.0,0.0,0.0,0.0,0.0,0.0,0.0,0.0,0.0,0.0,0.0,0.0,0.0,0.0,0.0,0.0,0.0,0.0,0.0,0.0,0.0,0.0,0.0,0.0,0.0,0.0,0.0,0.0,0.0,0.0,0.0,0.0,0.0,0.0,0.0,0.0,0.0,0.0,0.0,0.0,0.0,0.0,0.0,0.0,0.0,0.0,0.0,0.0,0.0,0.0,0.0,0.0,0.0,0.0,0.0,0.0,0.0,0.0
2231,0.0,0.0,0.0,0.0,0.0,0.0,0.0,0.0,0.0,0.0,0.0,0.0,0.0,0.0,0.0,0.0,0.0,0.0,0.0,0.0,0.0,0.0,0.0,0.0,0.0,0.0,0.0,0.0,0.0,0.0,0.0,0.0,0.0,0.0,0.0,0.0,0.0,0.0,0.0,0.0,0.0,0.0,0.0,0.0,0.0,0.0,0.0,0.0,0.0,0.0,0.0,0.0,0.0,0.0,0.0,0.0,0.0,0.0,0.0,0.0,0.0,0.0,0.0,0.0
2232,0.0,0.0,0.0,0.0,0.0,0.0,0.0,0.0,0.0,0.0,0.0,0.0,0.0,0.0,0.0,0.0,0.0,0.0,0.0,0.0,0.0,0.0,0.0,0.0,0.0,0.0,0.0,0.0,0.0,0.0,0.0,0.0,0.0,0.0,0.0,0.0,0.0,0.0,0.0,0.0,0.0,0.0,0.0,0.0,0.0,0.0,0.0,0.0,0.0,0.0,0.0,0.0,0.0,0.0,0.0,0.0,0.0,0.0,0.0,0.0,0.0,0.0,0.0,0.0
2233,0.0,0.0,0.0,0.0,0.0,0.0,0.0,0.0,0.0,0.0,0.0,0.0,0.0,0.0,0.0,0.0,0.0,0.0,0.0,0.0,0.0,0.0,0.0,0.0,0.0,0.0,0.0,0.0,0.0,0.0,0.0,0.0,0.0,0.0,0.0,0.0,0.0,0.0,0.0,0.0,0.0,0.0,0.0,0.0,0.0,0.0,0.0,0.0,0.0,0.0,0.0,0.0,0.0,0.0,0.0,0.0,0.0,0.0,0.0,0.0,0.0,0.0,0.0,0.0
2234,0.0,0.0,0.0,0.0,0.0,0.0,0.0,0.0,0.0,0.0,0.0,0.0,0.0,0.0,0.0,0.0,0.0,0.0,0.0,0.0,0.0,0.0,0.0,0.0,0.0,0.0,0.0,0.0,0.0,0.0,0.0,0.0,0.0,0.0,0.0,0.0,0.0,0.0,0.0,0.0,0.0,0.0,0.0,0.0,0.0,0.0,0.0,0.0,0.0,0.0,0.0,0.0,0.0,0.0,0.0,0.0,0.0,0.0,0.0,0.0,0.0,0.0,0.0,0.0
2235,0.0,0.0,0.0,0.0,0.0,0.0,0.0,0.0,0.0,0.0,0.0,0.0,0.0,0.0,0.0,0.0,0.0,0.0,0.0,0.0,0.0,0.0,0.0,0.0,0.0,0.0,0.0,0.0,0.0,0.0,0.0,0.0,0.0,0.0,0.0,0.0,0.0,0.0,0.0,0.0,0.0,0.0,0.0,0.0,0.0,0.0,0.0,0.0,0.0,0.0,0.0,0.0,0.0,0.0,0.0,0.0,0.0,0.0,0.0,0.0,0.0,0.0,0.0,0.0
2236,0.0,0.0,0.0,0.0,0.0,0.0,0.0,0.0,0.0,0.0,0.0,0.0,0.0,0.0,0.0,0.0,0.0,0.0,0.0,0.0,0.0,0.0,0.0,0.0,0.0,0.0,0.0,0.0,0.0,0.0,0.0,0.0,0.0,0.0,0.0,0.0,0.0,0.0,0.0,0.0,0.0,0.0,0.0,0.0,0.0,0.0,0.0,0.0,0.0,0.0,0.0,0.0,0.0,0.0,0.0,0.0,0.0,0.0,0.0,0.0,0.0,0.0,0.0,0.0
2237,0.0,0.0,0.0,0.0,0.0,0.0,0.0,0.0,0.0,0.0,0.0,0.0,0.0,0.0,0.0,0.0,0.0,0.0,0.0,0.0,0.0,0.0,0.0,0.0,0.0,0.0,0.0,0.0,0.0,0.0,0.0,0.0,0.0,0.0,0.0,0.0,0.0,0.0,0.0,0.0,0.0,0.0,0.0,0.0,0.0,0.0,0.0,0.0,0.0,0.0,0.0,0.0,0.0,0.0,0.0,0.0,0.0,0.0,0.0,0.0,0.0,0.0,0.0,0.0
2238,0.0,0.0,0.0,0.0,0.0,0.0,0.0,0.0,0.0,0.0,0.0,0.0,0.0,0.0,0.0,0.0,0.0,0.0,0.0,0.0,0.0,0.0,0.0,0.0,0.0,0.0,0.0,0.0,0.0,0.0,0.0,0.0,0.0,0.0,0.0,0.0,0.0,0.0,0.0,0.0,0.0,0.0,0.0,0.0,0.0,0.0,0.0,0.0,0.0,0.0,0.0,0.0,0.0,0.0,0.0,0.0,0.0,0.0,0.0,0.0,0.0,0.0,0.0,0.0
2239,0.0,0.0,0.0,0.0,0.0,0.0,0.0,0.0,0.0,0.0,0.0,0.0,0.0,0.0,0.0,0.0,0.0,0.0,0.0,0.0,0.0,0.0,0.0,0.0,0.0,0.0,0.0,0.0,0.0,0.0,0.0,0.0,0.0,0.0,0.0,0.0,0.0,0.0,0.0,0.0,0.0,0.0,0.0,0.0,0.0,0.0,0.0,0.0,0.0,0.0,0.0,0.0,0.0,0.0,0.0,0.0,0.0,0.0,0.0,0.0,0.0,0.0,0.0,0.0
2240,0.0,0.0,0.0,0.0,0.0,0.0,0.0,0.0,0.0,0.0,0.0,0.0,0.0,0.0,0.0,0.0,0.0,0.0,0.0,0.0,0.0,0.0,0.0,0.0,0.0,0.0,0.0,0.0,0.0,0.0,0.0,0.0,0.0,0.0,0.0,0.0,0.0,0.0,0.0,0.0,0.0,0.0,0.0,0.0,0.0,0.0,0.0,0.0,0.0,0.0,0.0,0.0,0.0,0.0,0.0,0.0,0.0,0.0,0.0,0.0,0.0,0.0,0.0,0.0
2241,0.0,0.0,0.0,0.0,0.0,0.0,0.0,0.0,0.0,0.0,0.0,0.0,0.0,0.0,0.0,0.0,0.0,0.0,0.0,0.0,0.0,0.0,0.0,0.0,0.0,0.0,0.0,0.0,0.0,0.0,0.0,0.0,0.0,0.0,0.0,0.0,0.0,0.0,0.0,0.0,0.0,0.0,0.0,0.0,0.0,0.0,0.0,0.0,0.0,0.0,0.0,0.0,0.0,0.0,0.0,0.0,0.0,0.0,0.0,0.0,0.0,0.0,0.0,0.0
2242,0.0,0.02,0.01,0.0,0.0,0.09,0.0,0.0,0.03,0.15,0.05,0.13,0.14,0.15,0.06,0.14,0.05,0.16,0.16,0.14,0.15,0.06,0.16,0.1,0.12,0.01,0.0,0.0,0.08,0.04,0.08,0.0,0.0,0.0,0.0,0.09,0.09,0.11,0.01,0.11,0.09,0.02,0.08,0.1,0.1,0.02,0.09,0.0,0.0,0.1,0.07,0.04,0.04,0.04,0.03,0.02,0.0,0.04,0.07,0.03,0.07,0.07,0.07,0.07
2243,0.0,0.51,0.1,0.0,0.0,0.54,0.0,0.0,0.2,0.65,0.18,0.63,0.63,0.62,0.24,0.61,0.61,0.64,0.65,0.61,0.64,0.64,0.65,0.19,0.58,0.27,0.0,0.0,0.2,0.51,0.5,0.0,0.0,0.0,0.0,0.53,0.5,0.58,0.52,0.6,0.47,0.54,0.55,0.55,0.49,0.53,0.54,0.0,0.0,0.55,0.5,0.34,0.29,0.51,0.2,0.18,0.0,0.37,0.51,0.29,0.47,0.51,0.5,0.51
2244,0.0,0.77,0.24,0.0,0.0,0.78,0.0,0.0,0.6,0.82,0.35,0.83,0.72,0.81,0.81,0.81,0.82,0.81,0.82,0.79,0.82,0.81,0.81,0.75,0.79,0.33,0.0,0.0,0.75,0.77,0.2,0.0,0.0,0.0,0.0,0.35,0.73,0.82,0.79,0.83,0.8,0.78,0.78,0.7,0.75,0.78,0.78,0.0,0.0,0.78,0.8,0.76,0.8,0.77,0.71,0.51,0.0,0.76,0.79,0.78,0.78,0.8,0.23,0.78
2245,0.0,0.83,0.47,0.0,0.0,0.84,0.0,0.0,0.86,0.88,0.85,0.9,0.43,0.87,0.87,0.87,0.89,0.87,0.88,0.87,0.88,0.87,0.6,0.41,0.86,0.36,0.0,0.0,0.73,0.84,0.22,0.0,0.0,0.0,0.0,0.4,0.83,0.9,0.84,0.9,0.89,0.85,0.81,0.79,0.83,0.83,0.83,0.0,0.0,0.84,0.88,0.81,0.88,0.86,0.87,0.79,0.0,0.87,0.88,0.88,0.87,0.87,0.85,0.87
2246,0.0,0.32,0.8,0.0,0.0,0.35,0.0,0.0,0.91,0.91,0.88,0.91,0.46,0.61,0.47,0.9,0.9,0.9,0.91,0.9,0.91,0.47,0.9,0.88,0.88,0.37,0.0,0.0,0.87,0.33,0.36,0.0,0.0,0.0,0.0,0.88,0.87,0.91,0.87,0.91,0.91,0.88,0.88,0.84,0.87,0.88,0.31,0.0,0.0,0.25,0.9,0.85,0.91,0.89,0.9,0.86,0.0,0.9,0.9,0.91,0.9,0.9,0.88,0.9
2247,0.0,0.36,0.38,0.0,0.0,0.27,0.0,0.0,0.91,0.91,0.9,0.91,0.49,0.43,0.34,0.46,0.91,0.91,0.91,0.77,0.91,0.45,0.9,0.89,0.46,0.45,0.0,0.0,0.88,0.39,0.36,0.0,0.0,0.0,0.0,0.87,0.88,0.91,0.91,0.91,0.91,0.91,0.91,0.87,0.88,0.91,0.29,0.0,0.0,0.24,0.91,0.88,0.91,0.9,0.91,0.88,0.0,0.91,0.91,0.91,0.9,0.91,0.88,0.91
2248,0.0,0.24,0.47,0.0,0.0,0.49,0.0,0.0,0.9,0.91,0.89,0.91,0.77,0.28,0.26,0.3,0.91,0.91,0.91,0.36,0.91,0.31,0.9,0.9,0.89,0.35,0.0,0.0,0.88,0.34,0.41,0.0,0.0,0.0,0.0,0.89,0.9,0.91,0.91,0.91,0.91,0.91,0.91,0.88,0.89,0.91,0.48,0.0,0.0,0.67,0.91,0.9,0.91,0.91,0.91,0.9,0.0,0.91,0.91,0.91,0.91,0.91,0.9,0.91
2249,0.0,0.33,0.49,0.0,0.0,0.45,0.0,0.0,0.89,0.91,0.46,0.91,0.88,0.34,0.19,0.16,0.9,0.86,0.89,0.31,0.9,0.48,0.88,0.88,0.88,0.56,0.0,0.0,0.88,0.57,0.58,0.0,0.0,0.0,0.0,0.89,0.88,0.91,0.9,0.91,0.91,0.9,0.9,0.88,0.88,0.9,0.47,0.0,0.0,0.85,0.91,0.89,0.91,0.91,0.91,0.9,0.0,0.91,0.9,0.91,0.9,0.91,0.9,0.9
2250,0.0,0.3,0.27,0.0,0.0,0.19,0.0,0.0,0.87,0.89,0.43,0.88,0.85,0.87,0.28,0.17,0.88,0.83,0.84,0.3,0.87,0.87,0.84,0.87,0.86,0.32,0.0,0.0,0.87,0.47,0.48,0.0,0.0,0.0,0.0,0.86,0.87,0.89,0.88,0.89,0.9,0.88,0.88,0.86,0.87,0.89,0.17,0.0,0.0,0.17,0.9,0.88,0.91,0.89,0.88,0.87,0.0,0.9,0.89,0.89,0.89,0.9,0.89,0.88
2251,0.0,0.37,0.34,0.0,0.0,0.13,0.0,0.0,0.82,0.83,0.81,0.83,0.77,0.8,0.81,0.81,0.83,0.75,0.77,0.81,0.82,0.79,0.78,0.31,0.35,0.28,0.0,0.0,0.83,0.35,0.37,0.0,0.0,0.0,0.0,0.83,0.83,0.84,0.84,0.85,0.86,0.84,0.84,0.66,0.82,0.84,0.34,0.0,0.0,0.19,0.86,0.84,0.86,0.84,0.78,0.82,0.0,0.85,0.84,0.83,0.85,0.86,0.84,0.85
2252,0.0,0.26,0.07,0.0,0.0,0.09,0.0,0.0,0.72,0.73,0.72,0.75,0.64,0.68,0.69,0.69,0.74,0.56,0.66,0.7,0.74,0.68,0.65,0.73,0.06,0.27,0.0,0.0,0.75,0.11,0.31,0.0,0.0,0.0,0.0,0.74,0.74,0.75,0.76,0.76,0.77,0.75,0.76,0.32,0.73,0.76,0.16,0.0,0.0,0.14,0.78,0.76,0.76,0.76,0.72,0.74,0.0,0.77,0.77,0.76,0.77,0.78,0.77,0.77
2253,0.0,0.14,0.09,0.0,0.0,0.1,0.0,0.0,0.33,0.32,0.34,0.35,0.21,0.29,0.28,0.29,0.36,0.22,0.27,0.31,0.33,0.27,0.19,0.35,0.09,0.17,0.0,0.0,0.41,0.41,0.41,0.0,0.0,0.0,0.0,0.37,0.37,0.37,0.39,0.37,0.39,0.39,0.39,0.35,0.35,0.4,0.36,0.0,0.0,0.36,0.44,0.42,0.41,0.43,0.4,0.42,0.0,0.43,0.43,0.42,0.42,0.43,0.42,0.42
2254,0.0,0.0,0.0,0.0,0.0,0.0,0.0,0.0,0.0,0.0,0.0,0.0,0.0,0.0,0.0,0.0,0.0,0.0,0.0,0.0,0.0,0.0,0.0,0.0,0.0,0.01,0.0,0.0,0.0,0.0,0.0,0.0,0.0,0.0,0.0,0.0,0.0,0.0,0.0,0.0,0.0,0.0,0.0,0.0,0.0,0.0,0.0,0.0,0.0,0.0,0.01,0.01,0.0,0.01,0.0,0.01,0.0,0.01,0.01,0.0,0.01,0.01,0.0,0.01
2255,0.0,0.0,0.0,0.0,0.0,0.0,0.0,0.0,0.0,0.0,0.0,0.0,0.0,0.0,0.0,0.0,0.0,0.0,0.0,0.0,0.0,0.0,0.0,0.0,0.0,0.0,0.0,0.0,0.0,0.0,0.0,0.0,0.0,0.0,0.0,0.0,0.0,0.0,0.0,0.0,0.0,0.0,0.0,0.0,0.0,0.0,0.0,0.0,0.0,0.0,0.0,0.0,0.0,0.0,0.0,0.0,0.0,0.0,0.0,0.0,0.0,0.0,0.0,0.0
2256,0.0,0.0,0.0,0.0,0.0,0.0,0.0,0.0,0.0,0.0,0.0,0.0,0.0,0.0,0.0,0.0,0.0,0.0,0.0,0.0,0.0,0.0,0.0,0.0,0.0,0.0,0.0,0.0,0.0,0.0,0.0,0.0,0.0,0.0,0.0,0.0,0.0,0.0,0.0,0.0,0.0,0.0,0.0,0.0,0.0,0.0,0.0,0.0,0.0,0.0,0.0,0.0,0.0,0.0,0.0,0.0,0.0,0.0,0.0,0.0,0.0,0.0,0.0,0.0
2257,0.0,0.0,0.0,0.0,0.0,0.0,0.0,0.0,0.0,0.0,0.0,0.0,0.0,0.0,0.0,0.0,0.0,0.0,0.0,0.0,0.0,0.0,0.0,0.0,0.0,0.0,0.0,0.0,0.0,0.0,0.0,0.0,0.0,0.0,0.0,0.0,0.0,0.0,0.0,0.0,0.0,0.0,0.0,0.0,0.0,0.0,0.0,0.0,0.0,0.0,0.0,0.0,0.0,0.0,0.0,0.0,0.0,0.0,0.0,0.0,0.0,0.0,0.0,0.0
2258,0.0,0.0,0.0,0.0,0.0,0.0,0.0,0.0,0.0,0.0,0.0,0.0,0.0,0.0,0.0,0.0,0.0,0.0,0.0,0.0,0.0,0.0,0.0,0.0,0.0,0.0,0.0,0.0,0.0,0.0,0.0,0.0,0.0,0.0,0.0,0.0,0.0,0.0,0.0,0.0,0.0,0.0,0.0,0.0,0.0,0.0,0.0,0.0,0.0,0.0,0.0,0.0,0.0,0.0,0.0,0.0,0.0,0.0,0.0,0.0,0.0,0.0,0.0,0.0
2259,0.0,0.0,0.0,0.0,0.0,0.0,0.0,0.0,0.0,0.0,0.0,0.0,0.0,0.0,0.0,0.0,0.0,0.0,0.0,0.0,0.0,0.0,0.0,0.0,0.0,0.0,0.0,0.0,0.0,0.0,0.0,0.0,0.0,0.0,0.0,0.0,0.0,0.0,0.0,0.0,0.0,0.0,0.0,0.0,0.0,0.0,0.0,0.0,0.0,0.0,0.0,0.0,0.0,0.0,0.0,0.0,0.0,0.0,0.0,0.0,0.0,0.0,0.0,0.0
2260,0.0,0.0,0.0,0.0,0.0,0.0,0.0,0.0,0.0,0.0,0.0,0.0,0.0,0.0,0.0,0.0,0.0,0.0,0.0,0.0,0.0,0.0,0.0,0.0,0.0,0.0,0.0,0.0,0.0,0.0,0.0,0.0,0.0,0.0,0.0,0.0,0.0,0.0,0.0,0.0,0.0,0.0,0.0,0.0,0.0,0.0,0.0,0.0,0.0,0.0,0.0,0.0,0.0,0.0,0.0,0.0,0.0,0.0,0.0,0.0,0.0,0.0,0.0,0.0
2261,0.0,0.0,0.0,0.0,0.0,0.0,0.0,0.0,0.0,0.0,0.0,0.0,0.0,0.0,0.0,0.0,0.0,0.0,0.0,0.0,0.0,0.0,0.0,0.0,0.0,0.0,0.0,0.0,0.0,0.0,0.0,0.0,0.0,0.0,0.0,0.0,0.0,0.0,0.0,0.0,0.0,0.0,0.0,0.0,0.0,0.0,0.0,0.0,0.0,0.0,0.0,0.0,0.0,0.0,0.0,0.0,0.0,0.0,0.0,0.0,0.0,0.0,0.0,0.0
2262,0.0,0.0,0.0,0.0,0.0,0.0,0.0,0.0,0.0,0.0,0.0,0.0,0.0,0.0,0.0,0.0,0.0,0.0,0.0,0.0,0.0,0.0,0.0,0.0,0.0,0.0,0.0,0.0,0.0,0.0,0.0,0.0,0.0,0.0,0.0,0.0,0.0,0.0,0.0,0.0,0.0,0.0,0.0,0.0,0.0,0.0,0.0,0.0,0.0,0.0,0.0,0.0,0.0,0.0,0.0,0.0,0.0,0.0,0.0,0.0,0.0,0.0,0.0,0.0
2263,0.0,0.0,0.0,0.0,0.0,0.0,0.0,0.0,0.0,0.0,0.0,0.0,0.0,0.0,0.0,0.0,0.0,0.0,0.0,0.0,0.0,0.0,0.0,0.0,0.0,0.0,0.0,0.0,0.0,0.0,0.0,0.0,0.0,0.0,0.0,0.0,0.0,0.0,0.0,0.0,0.0,0.0,0.0,0.0,0.0,0.0,0.0,0.0,0.0,0.0,0.0,0.0,0.0,0.0,0.0,0.0,0.0,0.0,0.0,0.0,0.0,0.0,0.0,0.0
2264,0.0,0.0,0.0,0.0,0.0,0.0,0.0,0.0,0.0,0.0,0.0,0.0,0.0,0.0,0.0,0.0,0.0,0.0,0.0,0.0,0.0,0.0,0.0,0.0,0.0,0.0,0.0,0.0,0.0,0.0,0.0,0.0,0.0,0.0,0.0,0.0,0.0,0.0,0.0,0.0,0.0,0.0,0.0,0.0,0.0,0.0,0.0,0.0,0.0,0.0,0.0,0.0,0.0,0.0,0.0,0.0,0.0,0.0,0.0,0.0,0.0,0.0,0.0,0.0
2265,0.0,0.0,0.0,0.0,0.0,0.0,0.0,0.0,0.0,0.0,0.0,0.0,0.0,0.0,0.0,0.0,0.0,0.0,0.0,0.0,0.0,0.0,0.0,0.0,0.0,0.0,0.0,0.0,0.0,0.0,0.0,0.0,0.0,0.0,0.0,0.0,0.0,0.0,0.0,0.0,0.0,0.0,0.0,0.0,0.0,0.0,0.0,0.0,0.0,0.0,0.0,0.0,0.0,0.0,0.0,0.0,0.0,0.0,0.0,0.0,0.0,0.0,0.0,0.0
2266,0.0,0.07,0.07,0.0,0.0,0.09,0.0,0.0,0.12,0.14,0.11,0.12,0.18,0.14,0.14,0.14,0.11,0.16,0.16,0.13,0.14,0.15,0.18,0.11,0.11,0.07,0.0,0.0,0.08,0.07,0.07,0.0,0.0,0.0,0.0,0.08,0.1,0.11,0.08,0.11,0.1,0.08,0.09,0.1,0.11,0.08,0.09,0.0,0.0,0.09,0.07,0.07,0.02,0.07,0.03,0.01,0.0,0.02,0.08,0.03,0.07,0.07,0.07,0.08
2267,0.0,0.52,0.51,0.0,0.0,0.55,0.0,0.0,0.6,0.64,0.59,0.61,0.67,0.62,0.62,0.63,0.6,0.67,0.67,0.61,0.63,0.63,0.68,0.58,0.57,0.53,0.0,0.0,0.53,0.52,0.53,0.0,0.0,0.0,0.0,0.55,0.57,0.59,0.56,0.59,0.57,0.56,0.56,0.58,0.58,0.56,0.55,0.0,0.0,0.55,0.54,0.52,0.38,0.52,0.56,0.2,0.0,0.45,0.54,0.55,0.53,0.53,0.54,0.53
2268,0.0,0.74,0.74,0.0,0.0,0.74,0.0,0.0,0.76,0.8,0.76,0.77,0.77,0.76,0.74,0.75,0.79,0.81,0.81,0.76,0.77,0.78,0.77,0.73,0.73,0.75,0.0,0.0,0.75,0.74,0.74,0.0,0.0,0.0,0.0,0.75,0.75,0.78,0.77,0.78,0.76,0.76,0.78,0.75,0.73,0.78,0.73,0.0,0.0,0.73,0.77,0.75,0.75,0.75,0.77,0.68,0.0,0.72,0.76,0.76,0.76,0.76,0.77,0.76
2269,0.0,0.82,0.82,0.0,0.0,0.77,0.0,0.0,0.83,0.86,0.83,0.84,0.82,0.84,0.83,0.82,0.86,0.89,0.89,0.81,0.83,0.83,0.84,0.78,0.79,0.83,0.0,0.0,0.83,0.82,0.82,0.0,0.0,0.0,0.0,0.82,0.81,0.84,0.84,0.85,0.83,0.84,0.85,0.8,0.79,0.85,0.77,0.0,0.0,0.78,0.84,0.84,0.84,0.82,0.84,0.8,0.0,0.82,0.84,0.84,0.84,0.84,0.85,0.84
2270,0.0,0.83,0.83,0.0,0.0,0.78,0.0,0.0,0.85,0.88,0.85,0.87,0.85,0.86,0.86,0.85,0.88,0.91,0.91,0.85,0.86,0.86,0.86,0.79,0.8,0.86,0.0,0.0,0.86,0.84,0.85,0.0,0.0,0.0,0.0,0.84,0.82,0.86,0.86,0.88,0.84,0.86,0.87,0.81,0.79,0.87,0.78,0.0,0.0,0.8,0.86,0.86,0.86,0.85,0.88,0.85,0.0,0.85,0.86,0.87,0.86,0.86,0.87,0.85
2271,0.0,0.85,0.85,0.0,0.0,0.79,0.0,0.0,0.86,0.9,0.86,0.89,0.87,0.88,0.86,0.86,0.88,0.91,0.91,0.87,0.88,0.88,0.88,0.81,0.81,0.86,0.0,0.0,0.87,0.85,0.86,0.0,0.0,0.0,0.0,0.85,0.83,0.87,0.88,0.88,0.84,0.88,0.88,0.83,0.81,0.88,0.79,0.0,0.0,0.82,0.87,0.87,0.88,0.87,0.89,0.87,0.0,0.88,0.86,0.89,0.86,0.87,0.88,0.85
2272,0.0,0.84,0.84,0.0,0.0,0.82,0.0,0.0,0.86,0.9,0.85,0.88,0.87,0.88,0.87,0.86,0.88,0.91,0.91,0.87,0.9,0.88,0.88,0.81,0.83,0.86,0.0,0.0,0.86,0.84,0.85,0.0,0.0,0.0,0.0,0.83,0.84,0.86,0.87,0.88,0.84,0.87,0.88,0.85,0.83,0.88,0.79,0.0,0.0,0.82,0.88,0.88,0.88,0.88,0.89,0.86,0.0,0.88,0.86,0.88,0.87,0.88,0.88,0.86
2273,0.0,0.84,0.84,0.0,0.0,0.84,0.0,0.0,0.84,0.9,0.83,0.86,0.86,0.86,0.85,0.85,0.85,0.91,0.91,0.85,0.88,0.87,0.87,0.82,0.83,0.84,0.0,0.0,0.85,0.84,0.84,0.0,0.0,0.0,0.0,0.83,0.84,0.84,0.85,0.87,0.84,0.86,0.86,0.83,0.83,0.86,0.8,0.0,0.0,0.83,0.88,0.86,0.87,0.88,0.87,0.85,0.0,0.87,0.86,0.87,0.87,0.87,0.87,0.86
2274,0.0,0.85,0.85,0.0,0.0,0.86,0.0,0.0,0.83,0.91,0.81,0.86,0.87,0.87,0.86,0.85,0.84,0.91,0.91,0.85,0.88,0.87,0.88,0.83,0.85,0.86,0.0,0.0,0.86,0.85,0.86,0.0,0.0,0.0,0.0,0.84,0.84,0.82,0.86,0.87,0.84,0.86,0.86,0.83,0.81,0.86,0.83,0.0,0.0,0.85,0.88,0.87,0.88,0.88,0.89,0.84,0.0,0.87,0.87,0.87,0.87,0.88,0.87,0.87
2275,0.0,0.84,0.83,0.0,0.0,0.84,0.0,0.0,0.82,0.87,0.77,0.85,0.83,0.85,0.84,0.84,0.84,0.87,0.88,0.84,0.86,0.85,0.84,0.82,0.83,0.86,0.0,0.0,0.85,0.85,0.85,0.0,0.0,0.0,0.0,0.84,0.83,0.84,0.85,0.86,0.83,0.85,0.84,0.83,0.82,0.84,0.83,0.0,0.0,0.83,0.87,0.86,0.86,0.86,0.86,0.81,0.0,0.86,0.86,0.84,0.86,0.87,0.87,0.86
2276,0.0,0.73,0.73,0.0,0.0,0.72,0.0,0.0,0.7,0.72,0.68,0.72,0.66,0.71,0.71,0.7,0.26,0.72,0.73,0.7,0.72,0.71,0.68,0.7,0.69,0.74,0.0,0.0,0.73,0.73,0.73,0.0,0.0,0.0,0.0,0.72,0.71,0.72,0.73,0.73,0.72,0.73,0.72,0.7,0.7,0.73,0.72,0.0,0.0,0.72,0.76,0.74,0.74,0.74,0.72,0.72,0.0,0.74,0.75,0.71,0.75,0.76,0.75,0.75
2277,0.0,0.4,0.41,0.0,0.0,0.36,0.0,0.0,0.32,0.31,0.33,0.32,0.25,0.3,0.29,0.3,0.33,0.28,0.29,0.3,0.31,0.29,0.25,0.34,0.32,0.42,0.0,0.0,0.4,0.4,0.4,0.0,0.0,0.0,0.0,0.38,0.34,0.36,0.38,0.35,0.37,0.38,0.37,0.33,0.34,0.38,0.36,0.0,0.0,0.36,0.43,0.41,0.4,0.42,0.38,0.41,0.0,0.4,0.42,0.39,0.42,0.43,0.41,0.42
2278,0.0,0.03,0.03,0.0,0.0,0.04,0.0,0.0,0.01,0.01,0.01,0.01,0.0,0.0,0.0,0.0,0.01,0.0,0.0,0.01,0.01,0.0,0.0,0.01,0.01,0.03,0.0,0.0,0.03,0.03,0.03,0.0,0.0,0.0,0.0,0.06,0.04,0.01,0.02,0.01,0.04,0.05,0.05,0.01,0.01,0.02,0.04,0.0,0.0,0.04,0.02,0.03,0.02,0.03,0.02,0.03,0.0,0.03,0.03,0.03,0.03,0.03,0.03,0.03
2279,0.0,0.0,0.0,0.0,0.0,0.0,0.0,0.0,0.0,0.0,0.0,0.0,0.0,0.0,0.0,0.0,0.0,0.0,0.0,0.0,0.0,0.0,0.0,0.0,0.0,0.0,0.0,0.0,0.0,0.0,0.0,0.0,0.0,0.0,0.0,0.0,0.0,0.0,0.0,0.0,0.0,0.0,0.0,0.0,0.0,0.0,0.0,0.0,0.0,0.0,0.0,0.0,0.0,0.0,0.0,0.0,0.0,0.0,0.0,0.0,0.0,0.0,0.0,0.0
2280,0.0,0.0,0.0,0.0,0.0,0.0,0.0,0.0,0.0,0.0,0.0,0.0,0.0,0.0,0.0,0.0,0.0,0.0,0.0,0.0,0.0,0.0,0.0,0.0,0.0,0.0,0.0,0.0,0.0,0.0,0.0,0.0,0.0,0.0,0.0,0.0,0.0,0.0,0.0,0.0,0.0,0.0,0.0,0.0,0.0,0.0,0.0,0.0,0.0,0.0,0.0,0.0,0.0,0.0,0.0,0.0,0.0,0.0,0.0,0.0,0.0,0.0,0.0,0.0
2281,0.0,0.0,0.0,0.0,0.0,0.0,0.0,0.0,0.0,0.0,0.0,0.0,0.0,0.0,0.0,0.0,0.0,0.0,0.0,0.0,0.0,0.0,0.0,0.0,0.0,0.0,0.0,0.0,0.0,0.0,0.0,0.0,0.0,0.0,0.0,0.0,0.0,0.0,0.0,0.0,0.0,0.0,0.0,0.0,0.0,0.0,0.0,0.0,0.0,0.0,0.0,0.0,0.0,0.0,0.0,0.0,0.0,0.0,0.0,0.0,0.0,0.0,0.0,0.0
2282,0.0,0.0,0.0,0.0,0.0,0.0,0.0,0.0,0.0,0.0,0.0,0.0,0.0,0.0,0.0,0.0,0.0,0.0,0.0,0.0,0.0,0.0,0.0,0.0,0.0,0.0,0.0,0.0,0.0,0.0,0.0,0.0,0.0,0.0,0.0,0.0,0.0,0.0,0.0,0.0,0.0,0.0,0.0,0.0,0.0,0.0,0.0,0.0,0.0,0.0,0.0,0.0,0.0,0.0,0.0,0.0,0.0,0.0,0.0,0.0,0.0,0.0,0.0,0.0
2283,0.0,0.0,0.0,0.0,0.0,0.0,0.0,0.0,0.0,0.0,0.0,0.0,0.0,0.0,0.0,0.0,0.0,0.0,0.0,0.0,0.0,0.0,0.0,0.0,0.0,0.0,0.0,0.0,0.0,0.0,0.0,0.0,0.0,0.0,0.0,0.0,0.0,0.0,0.0,0.0,0.0,0.0,0.0,0.0,0.0,0.0,0.0,0.0,0.0,0.0,0.0,0.0,0.0,0.0,0.0,0.0,0.0,0.0,0.0,0.0,0.0,0.0,0.0,0.0
2284,0.0,0.0,0.0,0.0,0.0,0.0,0.0,0.0,0.0,0.0,0.0,0.0,0.0,0.0,0.0,0.0,0.0,0.0,0.0,0.0,0.0,0.0,0.0,0.0,0.0,0.0,0.0,0.0,0.0,0.0,0.0,0.0,0.0,0.0,0.0,0.0,0.0,0.0,0.0,0.0,0.0,0.0,0.0,0.0,0.0,0.0,0.0,0.0,0.0,0.0,0.0,0.0,0.0,0.0,0.0,0.0,0.0,0.0,0.0,0.0,0.0,0.0,0.0,0.0
2285,0.0,0.0,0.0,0.0,0.0,0.0,0.0,0.0,0.0,0.0,0.0,0.0,0.0,0.0,0.0,0.0,0.0,0.0,0.0,0.0,0.0,0.0,0.0,0.0,0.0,0.0,0.0,0.0,0.0,0.0,0.0,0.0,0.0,0.0,0.0,0.0,0.0,0.0,0.0,0.0,0.0,0.0,0.0,0.0,0.0,0.0,0.0,0.0,0.0,0.0,0.0,0.0,0.0,0.0,0.0,0.0,0.0,0.0,0.0,0.0,0.0,0.0,0.0,0.0
2286,0.0,0.0,0.0,0.0,0.0,0.0,0.0,0.0,0.0,0.0,0.0,0.0,0.0,0.0,0.0,0.0,0.0,0.0,0.0,0.0,0.0,0.0,0.0,0.0,0.0,0.0,0.0,0.0,0.0,0.0,0.0,0.0,0.0,0.0,0.0,0.0,0.0,0.0,0.0,0.0,0.0,0.0,0.0,0.0,0.0,0.0,0.0,0.0,0.0,0.0,0.0,0.0,0.0,0.0,0.0,0.0,0.0,0.0,0.0,0.0,0.0,0.0,0.0,0.0
2287,0.0,0.0,0.0,0.0,0.0,0.0,0.0,0.0,0.0,0.0,0.0,0.0,0.0,0.0,0.0,0.0,0.0,0.0,0.0,0.0,0.0,0.0,0.0,0.0,0.0,0.0,0.0,0.0,0.0,0.0,0.0,0.0,0.0,0.0,0.0,0.0,0.0,0.0,0.0,0.0,0.0,0.0,0.0,0.0,0.0,0.0,0.0,0.0,0.0,0.0,0.0,0.0,0.0,0.0,0.0,0.0,0.0,0.0,0.0,0.0,0.0,0.0,0.0,0.0
2288,0.0,0.0,0.0,0.0,0.0,0.0,0.0,0.0,0.0,0.0,0.0,0.0,0.0,0.0,0.0,0.0,0.0,0.0,0.0,0.0,0.0,0.0,0.0,0.0,0.0,0.0,0.0,0.0,0.0,0.0,0.0,0.0,0.0,0.0,0.0,0.0,0.0,0.0,0.0,0.0,0.0,0.0,0.0,0.0,0.0,0.0,0.0,0.0,0.0,0.0,0.0,0.0,0.0,0.0,0.0,0.0,0.0,0.0,0.0,0.0,0.0,0.0,0.0,0.0
2289,0.0,0.0,0.0,0.0,0.0,0.0,0.0,0.0,0.0,0.0,0.0,0.0,0.0,0.0,0.0,0.0,0.0,0.0,0.0,0.0,0.0,0.0,0.0,0.0,0.0,0.0,0.0,0.0,0.0,0.0,0.0,0.0,0.0,0.0,0.0,0.0,0.0,0.0,0.0,0.0,0.0,0.0,0.0,0.0,0.0,0.0,0.0,0.0,0.0,0.0,0.0,0.0,0.0,0.0,0.0,0.0,0.0,0.0,0.0,0.0,0.0,0.0,0.0,0.0
2290,0.0,0.07,0.07,0.0,0.0,0.09,0.0,0.0,0.14,0.16,0.13,0.13,0.12,0.13,0.16,0.09,0.12,0.17,0.17,0.12,0.15,0.16,0.2,0.06,0.12,0.08,0.0,0.0,0.08,0.07,0.08,0.0,0.0,0.0,0.0,0.09,0.05,0.11,0.09,0.12,0.11,0.02,0.05,0.07,0.06,0.1,0.1,0.0,0.0,0.1,0.08,0.08,0.09,0.08,0.1,0.08,0.0,0.08,0.08,0.09,0.08,0.08,0.08,0.08
2291,0.0,0.49,0.48,0.0,0.0,0.54,0.0,0.0,0.6,0.63,0.58,0.6,0.68,0.63,0.63,0.63,0.59,0.66,0.65,0.62,0.63,0.64,0.67,0.6,0.6,0.53,0.0,0.0,0.53,0.5,0.53,0.0,0.0,0.0,0.0,0.55,0.59,0.6,0.56,0.59,0.58,0.21,0.56,0.59,0.59,0.56,0.56,0.0,0.0,0.54,0.54,0.53,0.55,0.53,0.58,0.52,0.0,0.53,0.52,0.54,0.54,0.54,0.52,0.53
2292,0.0,0.67,0.68,0.0,0.0,0.68,0.0,0.0,0.79,0.77,0.78,0.76,0.8,0.81,0.81,0.81,0.76,0.8,0.8,0.8,0.79,0.8,0.8,0.81,0.81,0.8,0.0,0.0,0.79,0.67,0.79,0.0,0.0,0.0,0.0,0.81,0.81,0.8,0.82,0.79,0.82,0.82,0.8,0.81,0.8,0.82,0.7,0.0,0.0,0.71,0.81,0.8,0.79,0.8,0.81,0.77,0.0,0.78,0.79,0.77,0.81,0.81,0.79,0.8
2293,0.0,0.79,0.78,0.0,0.0,0.81,0.0,0.0,0.84,0.8,0.82,0.83,0.83,0.84,0.84,0.84,0.84,0.85,0.86,0.85,0.84,0.84,0.84,0.85,0.85,0.85,0.0,0.0,0.85,0.81,0.84,0.0,0.0,0.0,0.0,0.88,0.86,0.85,0.88,0.85,0.87,0.87,0.86,0.86,0.85,0.88,0.81,0.0,0.0,0.81,0.87,0.87,0.84,0.85,0.86,0.81,0.0,0.84,0.85,0.83,0.87,0.86,0.85,0.86
2294,0.0,0.85,0.84,0.0,0.0,0.84,0.0,0.0,0.86,0.83,0.86,0.85,0.85,0.86,0.86,0.86,0.85,0.87,0.88,0.86,0.85,0.86,0.85,0.87,0.87,0.89,0.0,0.0,0.87,0.86,0.88,0.0,0.0,0.0,0.0,0.9,0.87,0.88,0.9,0.88,0.89,0.89,0.88,0.88,0.87,0.9,0.86,0.0,0.0,0.87,0.89,0.89,0.86,0.87,0.86,0.79,0.0,0.86,0.87,0.85,0.88,0.88,0.88,0.88
2295,0.0,0.85,0.85,0.0,0.0,0.83,0.0,0.0,0.87,0.83,0.86,0.85,0.84,0.85,0.86,0.86,0.85,0.87,0.88,0.87,0.86,0.85,0.85,0.88,0.89,0.9,0.0,0.0,0.87,0.87,0.89,0.0,0.0,0.0,0.0,0.89,0.88,0.88,0.9,0.88,0.89,0.89,0.88,0.88,0.88,0.89,0.85,0.0,0.0,0.85,0.88,0.89,0.85,0.86,0.85,0.82,0.0,0.84,0.86,0.86,0.88,0.87,0.89,0.87
2296,0.0,0.88,0.87,0.0,0.0,0.77,0.0,0.0,0.88,0.82,0.87,0.86,0.84,0.86,0.86,0.86,0.87,0.88,0.88,0.88,0.86,0.86,0.85,0.89,0.9,0.91,0.0,0.0,0.88,0.89,0.89,0.0,0.0,0.0,0.0,0.89,0.88,0.89,0.9,0.88,0.89,0.9,0.89,0.89,0.89,0.9,0.82,0.0,0.0,0.82,0.88,0.9,0.85,0.86,0.86,0.85,0.0,0.84,0.86,0.87,0.88,0.87,0.9,0.88
2297,0.0,0.86,0.84,0.0,0.0,0.71,0.0,0.0,0.87,0.82,0.86,0.86,0.84,0.86,0.86,0.86,0.86,0.87,0.88,0.87,0.86,0.86,0.85,0.88,0.88,0.9,0.0,0.0,0.88,0.88,0.89,0.0,0.0,0.0,0.0,0.88,0.88,0.88,0.9,0.87,0.88,0.9,0.89,0.88,0.88,0.9,0.73,0.0,0.0,0.73,0.88,0.89,0.84,0.86,0.86,0.85,0.0,0.84,0.86,0.86,0.88,0.87,0.89,0.87
2298,0.0,0.76,0.71,0.0,0.0,0.76,0.0,0.0,0.85,0.81,0.85,0.84,0.83,0.84,0.84,0.84,0.85,0.85,0.86,0.85,0.83,0.84,0.83,0.86,0.84,0.88,0.0,0.0,0.86,0.82,0.88,0.0,0.0,0.0,0.0,0.86,0.87,0.87,0.88,0.86,0.86,0.88,0.88,0.87,0.87,0.89,0.64,0.0,0.0,0.65,0.86,0.87,0.84,0.84,0.85,0.83,0.0,0.83,0.85,0.84,0.87,0.85,0.88,0.86
2299,0.0,0.6,0.59,0.0,0.0,0.76,0.0,0.0,0.81,0.75,0.81,0.8,0.77,0.79,0.8,0.8,0.81,0.8,0.81,0.8,0.78,0.79,0.79,0.82,0.73,0.81,0.0,0.0,0.83,0.71,0.8,0.0,0.0,0.0,0.0,0.81,0.83,0.84,0.85,0.82,0.84,0.85,0.84,0.83,0.83,0.85,0.65,0.0,0.0,0.64,0.84,0.85,0.81,0.82,0.82,0.81,0.0,0.8,0.82,0.81,0.84,0.82,0.84,0.83
2300,0.0,0.51,0.44,0.0,0.0,0.49,0.0,0.0,0.71,0.69,0.72,0.7,0.67,0.68,0.7,0.71,0.73,0.7,0.7,0.71,0.69,0.69,0.68,0.73,0.54,0.65,0.0,0.0,0.75,0.56,0.65,0.0,0.0,0.0,0.0,0.76,0.75,0.76,0.77,0.75,0.76,0.77,0.76,0.74,0.74,0.77,0.52,0.0,0.0,0.51,0.75,0.76,0.74,0.75,0.74,0.75,0.0,0.74,0.74,0.72,0.77,0.75,0.77,0.76
2301,0.0,0.22,0.22,0.0,0.0,0.19,0.0,0.0,0.33,0.31,0.34,0.33,0.26,0.3,0.3,0.31,0.35,0.28,0.29,0.31,0.32,0.29,0.26,0.35,0.2,0.35,0.0,0.0,0.33,0.24,0.34,0.0,0.0,0.0,0.0,0.33,0.37,0.38,0.4,0.37,0.39,0.4,0.4,0.36,0.36,0.41,0.2,0.0,0.0,0.19,0.43,0.41,0.4,0.41,0.4,0.41,0.0,0.41,0.42,0.4,0.43,0.42,0.44,0.43
2302,0.0,0.01,0.01,0.0,0.0,0.0,0.0,0.0,0.0,0.0,0.0,0.0,0.0,0.0,0.0,0.0,0.0,0.0,0.0,0.0,0.0,0.0,0.0,0.0,0.0,0.01,0.0,0.0,0.01,0.01,0.01,0.0,0.0,0.0,0.0,0.0,0.0,0.0,0.01,0.0,0.0,0.01,0.01,0.0,0.0,0.01,0.0,0.0,0.0,0.0,0.03,0.03,0.02,0.02,0.01,0.02,0.0,0.03,0.03,0.02,0.03,0.03,0.01,0.03
2303,0.0,0.0,0.0,0.0,0.0,0.0,0.0,0.0,0.0,0.0,0.0,0.0,0.0,0.0,0.0,0.0,0.0,0.0,0.0,0.0,0.0,0.0,0.0,0.0,0.0,0.0,0.0,0.0,0.0,0.0,0.0,0.0,0.0,0.0,0.0,0.0,0.0,0.0,0.0,0.0,0.0,0.0,0.0,0.0,0.0,0.0,0.0,0.0,0.0,0.0,0.0,0.0,0.0,0.0,0.0,0.0,0.0,0.0,0.0,0.0,0.0,0.0,0.0,0.0
2304,0.0,0.0,0.0,0.0,0.0,0.0,0.0,0.0,0.0,0.0,0.0,0.0,0.0,0.0,0.0,0.0,0.0,0.0,0.0,0.0,0.0,0.0,0.0,0.0,0.0,0.0,0.0,0.0,0.0,0.0,0.0,0.0,0.0,0.0,0.0,0.0,0.0,0.0,0.0,0.0,0.0,0.0,0.0,0.0,0.0,0.0,0.0,0.0,0.0,0.0,0.0,0.0,0.0,0.0,0.0,0.0,0.0,0.0,0.0,0.0,0.0,0.0,0.0,0.0
2305,0.0,0.0,0.0,0.0,0.0,0.0,0.0,0.0,0.0,0.0,0.0,0.0,0.0,0.0,0.0,0.0,0.0,0.0,0.0,0.0,0.0,0.0,0.0,0.0,0.0,0.0,0.0,0.0,0.0,0.0,0.0,0.0,0.0,0.0,0.0,0.0,0.0,0.0,0.0,0.0,0.0,0.0,0.0,0.0,0.0,0.0,0.0,0.0,0.0,0.0,0.0,0.0,0.0,0.0,0.0,0.0,0.0,0.0,0.0,0.0,0.0,0.0,0.0,0.0
2306,0.0,0.0,0.0,0.0,0.0,0.0,0.0,0.0,0.0,0.0,0.0,0.0,0.0,0.0,0.0,0.0,0.0,0.0,0.0,0.0,0.0,0.0,0.0,0.0,0.0,0.0,0.0,0.0,0.0,0.0,0.0,0.0,0.0,0.0,0.0,0.0,0.0,0.0,0.0,0.0,0.0,0.0,0.0,0.0,0.0,0.0,0.0,0.0,0.0,0.0,0.0,0.0,0.0,0.0,0.0,0.0,0.0,0.0,0.0,0.0,0.0,0.0,0.0,0.0
2307,0.0,0.0,0.0,0.0,0.0,0.0,0.0,0.0,0.0,0.0,0.0,0.0,0.0,0.0,0.0,0.0,0.0,0.0,0.0,0.0,0.0,0.0,0.0,0.0,0.0,0.0,0.0,0.0,0.0,0.0,0.0,0.0,0.0,0.0,0.0,0.0,0.0,0.0,0.0,0.0,0.0,0.0,0.0,0.0,0.0,0.0,0.0,0.0,0.0,0.0,0.0,0.0,0.0,0.0,0.0,0.0,0.0,0.0,0.0,0.0,0.0,0.0,0.0,0.0
2308,0.0,0.0,0.0,0.0,0.0,0.0,0.0,0.0,0.0,0.0,0.0,0.0,0.0,0.0,0.0,0.0,0.0,0.0,0.0,0.0,0.0,0.0,0.0,0.0,0.0,0.0,0.0,0.0,0.0,0.0,0.0,0.0,0.0,0.0,0.0,0.0,0.0,0.0,0.0,0.0,0.0,0.0,0.0,0.0,0.0,0.0,0.0,0.0,0.0,0.0,0.0,0.0,0.0,0.0,0.0,0.0,0.0,0.0,0.0,0.0,0.0,0.0,0.0,0.0
2309,0.0,0.0,0.0,0.0,0.0,0.0,0.0,0.0,0.0,0.0,0.0,0.0,0.0,0.0,0.0,0.0,0.0,0.0,0.0,0.0,0.0,0.0,0.0,0.0,0.0,0.0,0.0,0.0,0.0,0.0,0.0,0.0,0.0,0.0,0.0,0.0,0.0,0.0,0.0,0.0,0.0,0.0,0.0,0.0,0.0,0.0,0.0,0.0,0.0,0.0,0.0,0.0,0.0,0.0,0.0,0.0,0.0,0.0,0.0,0.0,0.0,0.0,0.0,0.0
2310,0.0,0.0,0.0,0.0,0.0,0.0,0.0,0.0,0.0,0.0,0.0,0.0,0.0,0.0,0.0,0.0,0.0,0.0,0.0,0.0,0.0,0.0,0.0,0.0,0.0,0.0,0.0,0.0,0.0,0.0,0.0,0.0,0.0,0.0,0.0,0.0,0.0,0.0,0.0,0.0,0.0,0.0,0.0,0.0,0.0,0.0,0.0,0.0,0.0,0.0,0.0,0.0,0.0,0.0,0.0,0.0,0.0,0.0,0.0,0.0,0.0,0.0,0.0,0.0
2311,0.0,0.0,0.0,0.0,0.0,0.0,0.0,0.0,0.0,0.0,0.0,0.0,0.0,0.0,0.0,0.0,0.0,0.0,0.0,0.0,0.0,0.0,0.0,0.0,0.0,0.0,0.0,0.0,0.0,0.0,0.0,0.0,0.0,0.0,0.0,0.0,0.0,0.0,0.0,0.0,0.0,0.0,0.0,0.0,0.0,0.0,0.0,0.0,0.0,0.0,0.0,0.0,0.0,0.0,0.0,0.0,0.0,0.0,0.0,0.0,0.0,0.0,0.0,0.0
2312,0.0,0.0,0.0,0.0,0.0,0.0,0.0,0.0,0.0,0.0,0.0,0.0,0.0,0.0,0.0,0.0,0.0,0.0,0.0,0.0,0.0,0.0,0.0,0.0,0.0,0.0,0.0,0.0,0.0,0.0,0.0,0.0,0.0,0.0,0.0,0.0,0.0,0.0,0.0,0.0,0.0,0.0,0.0,0.0,0.0,0.0,0.0,0.0,0.0,0.0,0.0,0.0,0.0,0.0,0.0,0.0,0.0,0.0,0.0,0.0,0.0,0.0,0.0,0.0
2313,0.0,0.0,0.0,0.0,0.0,0.0,0.0,0.0,0.0,0.0,0.0,0.0,0.0,0.0,0.0,0.0,0.0,0.0,0.0,0.0,0.0,0.0,0.0,0.0,0.0,0.0,0.0,0.0,0.0,0.0,0.0,0.0,0.0,0.0,0.0,0.0,0.0,0.0,0.0,0.0,0.0,0.0,0.0,0.0,0.0,0.0,0.0,0.0,0.0,0.0,0.0,0.0,0.0,0.0,0.0,0.0,0.0,0.0,0.0,0.0,0.0,0.0,0.0,0.0
2314,0.0,0.07,0.07,0.0,0.0,0.07,0.0,0.0,0.13,0.14,0.11,0.13,0.19,0.15,0.15,0.15,0.1,0.17,0.17,0.14,0.14,0.16,0.19,0.12,0.12,0.07,0.0,0.0,0.08,0.07,0.06,0.0,0.0,0.0,0.0,0.08,0.11,0.12,0.07,0.12,0.11,0.09,0.09,0.11,0.12,0.09,0.07,0.0,0.0,0.07,0.08,0.08,0.09,0.07,0.07,0.04,0.0,0.08,0.08,0.09,0.08,0.08,0.06,0.08
2315,0.0,0.5,0.49,0.0,0.0,0.5,0.0,0.0,0.57,0.57,0.56,0.56,0.65,0.61,0.61,0.61,0.58,0.65,0.64,0.6,0.62,0.62,0.65,0.58,0.6,0.51,0.0,0.0,0.53,0.47,0.47,0.0,0.0,0.0,0.0,0.47,0.56,0.53,0.44,0.52,0.56,0.48,0.54,0.57,0.58,0.52,0.5,0.0,0.0,0.5,0.53,0.48,0.54,0.48,0.56,0.42,0.0,0.52,0.51,0.48,0.44,0.5,0.5,0.49
2316,0.0,0.78,0.78,0.0,0.0,0.78,0.0,0.0,0.76,0.79,0.75,0.76,0.76,0.76,0.77,0.78,0.76,0.78,0.79,0.77,0.78,0.77,0.77,0.77,0.82,0.79,0.0,0.0,0.77,0.77,0.76,0.0,0.0,0.0,0.0,0.73,0.76,0.78,0.75,0.77,0.78,0.73,0.75,0.78,0.76,0.76,0.78,0.0,0.0,0.78,0.74,0.73,0.77,0.73,0.76,0.7,0.0,0.66,0.74,0.76,0.73,0.75,0.78,0.7
2317,0.0,0.86,0.86,0.0,0.0,0.86,0.0,0.0,0.8,0.81,0.82,0.78,0.83,0.79,0.8,0.8,0.81,0.81,0.84,0.8,0.82,0.81,0.83,0.83,0.88,0.87,0.0,0.0,0.84,0.85,0.84,0.0,0.0,0.0,0.0,0.79,0.79,0.83,0.83,0.82,0.83,0.83,0.81,0.82,0.83,0.83,0.86,0.0,0.0,0.85,0.81,0.85,0.77,0.83,0.82,0.82,0.0,0.82,0.82,0.8,0.85,0.82,0.82,0.83
2318,0.0,0.88,0.88,0.0,0.0,0.88,0.0,0.0,0.81,0.86,0.82,0.81,0.84,0.82,0.81,0.82,0.84,0.83,0.86,0.8,0.84,0.83,0.82,0.85,0.91,0.89,0.0,0.0,0.84,0.88,0.87,0.0,0.0,0.0,0.0,0.84,0.82,0.83,0.86,0.81,0.85,0.86,0.83,0.84,0.85,0.85,0.88,0.0,0.0,0.88,0.85,0.82,0.85,0.84,0.84,0.83,0.0,0.84,0.84,0.81,0.86,0.86,0.82,0.84
2319,0.0,0.88,0.88,0.0,0.0,0.88,0.0,0.0,0.78,0.86,0.82,0.82,0.8,0.81,0.81,0.79,0.82,0.84,0.87,0.81,0.86,0.81,0.83,0.85,0.91,0.89,0.0,0.0,0.85,0.88,0.88,0.0,0.0,0.0,0.0,0.86,0.84,0.86,0.87,0.85,0.86,0.87,0.84,0.85,0.85,0.87,0.88,0.0,0.0,0.88,0.84,0.85,0.85,0.85,0.84,0.79,0.0,0.86,0.84,0.83,0.86,0.86,0.84,0.86
2320,0.0,0.88,0.88,0.0,0.0,0.89,0.0,0.0,0.82,0.86,0.82,0.81,0.8,0.81,0.82,0.81,0.83,0.84,0.85,0.78,0.85,0.83,0.83,0.85,0.91,0.88,0.0,0.0,0.84,0.88,0.87,0.0,0.0,0.0,0.0,0.87,0.84,0.86,0.85,0.85,0.85,0.86,0.84,0.84,0.85,0.84,0.88,0.0,0.0,0.88,0.85,0.85,0.86,0.84,0.84,0.8,0.0,0.84,0.84,0.83,0.85,0.84,0.84,0.85
2321,0.0,0.86,0.85,0.0,0.0,0.88,0.0,0.0,0.8,0.81,0.81,0.81,0.82,0.77,0.78,0.78,0.81,0.83,0.83,0.78,0.79,0.81,0.8,0.82,0.91,0.84,0.0,0.0,0.83,0.86,0.85,0.0,0.0,0.0,0.0,0.85,0.82,0.84,0.82,0.83,0.84,0.84,0.8,0.84,0.81,0.82,0.88,0.0,0.0,0.88,0.83,0.84,0.84,0.79,0.83,0.74,0.0,0.82,0.82,0.8,0.84,0.83,0.85,0.83
2322,0.0,0.84,0.81,0.0,0.0,0.88,0.0,0.0,0.8,0.81,0.81,0.8,0.77,0.79,0.8,0.8,0.82,0.82,0.82,0.78,0.8,0.79,0.81,0.81,0.91,0.85,0.0,0.0,0.84,0.85,0.84,0.0,0.0,0.0,0.0,0.85,0.78,0.84,0.81,0.82,0.82,0.81,0.8,0.83,0.81,0.82,0.88,0.0,0.0,0.88,0.75,0.83,0.83,0.7,0.81,0.8,0.0,0.68,0.78,0.74,0.8,0.75,0.85,0.78
2323,0.0,0.74,0.8,0.0,0.0,0.83,0.0,0.0,0.72,0.74,0.72,0.75,0.72,0.73,0.76,0.76,0.73,0.72,0.74,0.74,0.7,0.73,0.74,0.7,0.84,0.7,0.0,0.0,0.73,0.73,0.72,0.0,0.0,0.0,0.0,0.8,0.71,0.77,0.8,0.73,0.77,0.78,0.77,0.71,0.69,0.79,0.83,0.0,0.0,0.83,0.8,0.76,0.76,0.76,0.75,0.76,0.0,0.75,0.77,0.76,0.76,0.79,0.72,0.77
2324,0.0,0.74,0.75,0.0,0.0,0.78,0.0,0.0,0.67,0.65,0.7,0.7,0.67,0.66,0.68,0.69,0.7,0.65,0.66,0.64,0.72,0.67,0.68,0.68,0.79,0.76,0.0,0.0,0.68,0.7,0.66,0.0,0.0,0.0,0.0,0.76,0.69,0.72,0.72,0.71,0.72,0.74,0.72,0.69,0.67,0.7,0.78,0.0,0.0,0.78,0.75,0.76,0.72,0.71,0.71,0.74,0.0,0.72,0.75,0.72,0.75,0.74,0.75,0.75
2325,0.0,0.41,0.42,0.0,0.0,0.37,0.0,0.0,0.29,0.16,0.25,0.23,0.24,0.27,0.24,0.22,0.3,0.23,0.24,0.28,0.17,0.24,0.23,0.3,0.33,0.41,0.0,0.0,0.39,0.41,0.4,0.0,0.0,0.0,0.0,0.22,0.19,0.28,0.37,0.3,0.35,0.24,0.31,0.34,0.3,0.38,0.38,0.0,0.0,0.38,0.4,0.4,0.37,0.38,0.36,0.4,0.0,0.38,0.4,0.38,0.4,0.4,0.4,0.4
2326,0.0,0.02,0.02,0.0,0.0,0.0,0.0,0.0,0.0,0.0,0.0,0.0,0.0,0.0,0.0,0.0,0.0,0.0,0.0,0.0,0.0,0.0,0.0,0.0,0.0,0.01,0.0,0.0,0.01,0.02,0.02,0.0,0.0,0.0,0.0,0.01,0.0,0.0,0.01,0.0,0.0,0.0,0.0,0.0,0.0,0.01,0.0,0.0,0.0,0.0,0.02,0.02,0.01,0.02,0.01,0.04,0.0,0.02,0.02,0.02,0.02,0.02,0.02,0.02
2327,0.0,0.0,0.0,0.0,0.0,0.0,0.0,0.0,0.0,0.0,0.0,0.0,0.0,0.0,0.0,0.0,0.0,0.0,0.0,0.0,0.0,0.0,0.0,0.0,0.0,0.0,0.0,0.0,0.0,0.0,0.0,0.0,0.0,0.0,0.0,0.0,0.0,0.0,0.0,0.0,0.0,0.0,0.0,0.0,0.0,0.0,0.0,0.0,0.0,0.0,0.0,0.0,0.0,0.0,0.0,0.0,0.0,0.0,0.0,0.0,0.0,0.0,0.0,0.0
2328,0.0,0.0,0.0,0.0,0.0,0.0,0.0,0.0,0.0,0.0,0.0,0.0,0.0,0.0,0.0,0.0,0.0,0.0,0.0,0.0,0.0,0.0,0.0,0.0,0.0,0.0,0.0,0.0,0.0,0.0,0.0,0.0,0.0,0.0,0.0,0.0,0.0,0.0,0.0,0.0,0.0,0.0,0.0,0.0,0.0,0.0,0.0,0.0,0.0,0.0,0.0,0.0,0.0,0.0,0.0,0.0,0.0,0.0,0.0,0.0,0.0,0.0,0.0,0.0
2329,0.0,0.0,0.0,0.0,0.0,0.0,0.0,0.0,0.0,0.0,0.0,0.0,0.0,0.0,0.0,0.0,0.0,0.0,0.0,0.0,0.0,0.0,0.0,0.0,0.0,0.0,0.0,0.0,0.0,0.0,0.0,0.0,0.0,0.0,0.0,0.0,0.0,0.0,0.0,0.0,0.0,0.0,0.0,0.0,0.0,0.0,0.0,0.0,0.0,0.0,0.0,0.0,0.0,0.0,0.0,0.0,0.0,0.0,0.0,0.0,0.0,0.0,0.0,0.0
2330,0.0,0.0,0.0,0.0,0.0,0.0,0.0,0.0,0.0,0.0,0.0,0.0,0.0,0.0,0.0,0.0,0.0,0.0,0.0,0.0,0.0,0.0,0.0,0.0,0.0,0.0,0.0,0.0,0.0,0.0,0.0,0.0,0.0,0.0,0.0,0.0,0.0,0.0,0.0,0.0,0.0,0.0,0.0,0.0,0.0,0.0,0.0,0.0,0.0,0.0,0.0,0.0,0.0,0.0,0.0,0.0,0.0,0.0,0.0,0.0,0.0,0.0,0.0,0.0
2331,0.0,0.0,0.0,0.0,0.0,0.0,0.0,0.0,0.0,0.0,0.0,0.0,0.0,0.0,0.0,0.0,0.0,0.0,0.0,0.0,0.0,0.0,0.0,0.0,0.0,0.0,0.0,0.0,0.0,0.0,0.0,0.0,0.0,0.0,0.0,0.0,0.0,0.0,0.0,0.0,0.0,0.0,0.0,0.0,0.0,0.0,0.0,0.0,0.0,0.0,0.0,0.0,0.0,0.0,0.0,0.0,0.0,0.0,0.0,0.0,0.0,0.0,0.0,0.0
2332,0.0,0.0,0.0,0.0,0.0,0.0,0.0,0.0,0.0,0.0,0.0,0.0,0.0,0.0,0.0,0.0,0.0,0.0,0.0,0.0,0.0,0.0,0.0,0.0,0.0,0.0,0.0,0.0,0.0,0.0,0.0,0.0,0.0,0.0,0.0,0.0,0.0,0.0,0.0,0.0,0.0,0.0,0.0,0.0,0.0,0.0,0.0,0.0,0.0,0.0,0.0,0.0,0.0,0.0,0.0,0.0,0.0,0.0,0.0,0.0,0.0,0.0,0.0,0.0
2333,0.0,0.0,0.0,0.0,0.0,0.0,0.0,0.0,0.0,0.0,0.0,0.0,0.0,0.0,0.0,0.0,0.0,0.0,0.0,0.0,0.0,0.0,0.0,0.0,0.0,0.0,0.0,0.0,0.0,0.0,0.0,0.0,0.0,0.0,0.0,0.0,0.0,0.0,0.0,0.0,0.0,0.0,0.0,0.0,0.0,0.0,0.0,0.0,0.0,0.0,0.0,0.0,0.0,0.0,0.0,0.0,0.0,0.0,0.0,0.0,0.0,0.0,0.0,0.0
2334,0.0,0.0,0.0,0.0,0.0,0.0,0.0,0.0,0.0,0.0,0.0,0.0,0.0,0.0,0.0,0.0,0.0,0.0,0.0,0.0,0.0,0.0,0.0,0.0,0.0,0.0,0.0,0.0,0.0,0.0,0.0,0.0,0.0,0.0,0.0,0.0,0.0,0.0,0.0,0.0,0.0,0.0,0.0,0.0,0.0,0.0,0.0,0.0,0.0,0.0,0.0,0.0,0.0,0.0,0.0,0.0,0.0,0.0,0.0,0.0,0.0,0.0,0.0,0.0
2335,0.0,0.0,0.0,0.0,0.0,0.0,0.0,0.0,0.0,0.0,0.0,0.0,0.0,0.0,0.0,0.0,0.0,0.0,0.0,0.0,0.0,0.0,0.0,0.0,0.0,0.0,0.0,0.0,0.0,0.0,0.0,0.0,0.0,0.0,0.0,0.0,0.0,0.0,0.0,0.0,0.0,0.0,0.0,0.0,0.0,0.0,0.0,0.0,0.0,0.0,0.0,0.0,0.0,0.0,0.0,0.0,0.0,0.0,0.0,0.0,0.0,0.0,0.0,0.0
2336,0.0,0.0,0.0,0.0,0.0,0.0,0.0,0.0,0.0,0.0,0.0,0.0,0.0,0.0,0.0,0.0,0.0,0.0,0.0,0.0,0.0,0.0,0.0,0.0,0.0,0.0,0.0,0.0,0.0,0.0,0.0,0.0,0.0,0.0,0.0,0.0,0.0,0.0,0.0,0.0,0.0,0.0,0.0,0.0,0.0,0.0,0.0,0.0,0.0,0.0,0.0,0.0,0.0,0.0,0.0,0.0,0.0,0.0,0.0,0.0,0.0,0.0,0.0,0.0
2337,0.0,0.0,0.0,0.0,0.0,0.0,0.0,0.0,0.0,0.0,0.0,0.0,0.0,0.0,0.0,0.0,0.0,0.0,0.0,0.0,0.0,0.0,0.0,0.0,0.0,0.0,0.0,0.0,0.0,0.0,0.0,0.0,0.0,0.0,0.0,0.0,0.0,0.0,0.0,0.0,0.0,0.0,0.0,0.0,0.0,0.0,0.0,0.0,0.0,0.0,0.0,0.0,0.0,0.0,0.0,0.0,0.0,0.0,0.0,0.0,0.0,0.0,0.0,0.0
2338,0.0,0.07,0.07,0.0,0.0,0.11,0.0,0.0,0.14,0.1,0.13,0.13,0.21,0.16,0.16,0.16,0.12,0.1,0.08,0.16,0.07,0.17,0.2,0.12,0.14,0.07,0.0,0.0,0.08,0.07,0.08,0.0,0.0,0.0,0.0,0.09,0.11,0.12,0.09,0.12,0.11,0.1,0.1,0.12,0.12,0.09,0.11,0.0,0.0,0.11,0.08,0.07,0.09,0.08,0.05,0.08,0.0,0.08,0.08,0.09,0.08,0.08,0.08,0.08
2339,0.0,0.54,0.54,0.0,0.0,0.59,0.0,0.0,0.58,0.47,0.59,0.6,0.6,0.61,0.63,0.62,0.6,0.5,0.49,0.59,0.49,0.64,0.6,0.6,0.63,0.54,0.0,0.0,0.55,0.54,0.54,0.0,0.0,0.0,0.0,0.56,0.58,0.61,0.55,0.59,0.59,0.55,0.55,0.59,0.6,0.54,0.59,0.0,0.0,0.6,0.5,0.54,0.54,0.5,0.11,0.08,0.0,0.5,0.5,0.18,0.52,0.5,0.55,0.5
2340,0.0,0.75,0.76,0.0,0.0,0.79,0.0,0.0,0.72,0.66,0.71,0.74,0.76,0.75,0.75,0.74,0.72,0.7,0.72,0.74,0.7,0.76,0.76,0.72,0.79,0.75,0.0,0.0,0.73,0.74,0.73,0.0,0.0,0.0,0.0,0.74,0.74,0.76,0.73,0.75,0.75,0.74,0.74,0.73,0.74,0.74,0.79,0.0,0.0,0.8,0.76,0.76,0.74,0.75,0.24,0.72,0.0,0.74,0.76,0.76,0.76,0.76,0.74,0.77
2341,0.0,0.8,0.81,0.0,0.0,0.83,0.0,0.0,0.74,0.77,0.74,0.72,0.78,0.76,0.77,0.77,0.77,0.78,0.79,0.59,0.79,0.77,0.77,0.76,0.84,0.81,0.0,0.0,0.78,0.79,0.79,0.0,0.0,0.0,0.0,0.79,0.78,0.78,0.81,0.78,0.8,0.8,0.8,0.76,0.77,0.81,0.83,0.0,0.0,0.84,0.82,0.82,0.78,0.79,0.79,0.77,0.0,0.78,0.82,0.76,0.81,0.81,0.8,0.83
2342,0.0,0.78,0.8,0.0,0.0,0.83,0.0,0.0,0.75,0.8,0.73,0.75,0.81,0.76,0.77,0.27,0.74,0.78,0.78,0.29,0.78,0.74,0.8,0.75,0.83,0.81,0.0,0.0,0.77,0.78,0.78,0.0,0.0,0.0,0.0,0.78,0.76,0.64,0.78,0.53,0.8,0.79,0.78,0.74,0.77,0.79,0.83,0.0,0.0,0.83,0.81,0.81,0.77,0.78,0.76,0.74,0.0,0.75,0.81,0.76,0.82,0.8,0.79,0.82
2343,0.0,0.78,0.81,0.0,0.0,0.84,0.0,0.0,0.56,0.85,0.76,0.75,0.77,0.8,0.8,0.79,0.74,0.8,0.81,0.76,0.79,0.79,0.77,0.77,0.84,0.82,0.0,0.0,0.78,0.79,0.79,0.0,0.0,0.0,0.0,0.78,0.78,0.56,0.8,0.46,0.8,0.8,0.78,0.76,0.77,0.8,0.84,0.0,0.0,0.84,0.81,0.83,0.79,0.78,0.82,0.45,0.0,0.76,0.81,0.79,0.83,0.8,0.81,0.82
2344,0.0,0.8,0.8,0.0,0.0,0.84,0.0,0.0,0.79,0.86,0.77,0.48,0.78,0.76,0.77,0.79,0.8,0.82,0.83,0.78,0.3,0.76,0.81,0.78,0.85,0.81,0.0,0.0,0.78,0.8,0.79,0.0,0.0,0.0,0.0,0.78,0.78,0.49,0.79,0.29,0.8,0.8,0.79,0.76,0.79,0.81,0.82,0.0,0.0,0.83,0.8,0.82,0.77,0.81,0.82,0.75,0.0,0.81,0.81,0.82,0.81,0.8,0.8,0.81
2345,0.0,0.78,0.78,0.0,0.0,0.82,0.0,0.0,0.8,0.86,0.77,0.82,0.82,0.79,0.8,0.82,0.8,0.82,0.83,0.81,0.86,0.78,0.83,0.8,0.86,0.8,0.0,0.0,0.78,0.78,0.78,0.0,0.0,0.0,0.0,0.78,0.8,0.76,0.79,0.77,0.83,0.79,0.77,0.79,0.81,0.8,0.81,0.0,0.0,0.82,0.8,0.82,0.81,0.82,0.82,0.78,0.0,0.81,0.8,0.71,0.82,0.81,0.8,0.81
2346,0.0,0.78,0.77,0.0,0.0,0.79,0.0,0.0,0.76,0.85,0.74,0.82,0.8,0.81,0.81,0.83,0.8,0.82,0.52,0.82,0.84,0.81,0.81,0.77,0.85,0.78,0.0,0.0,0.77,0.78,0.76,0.0,0.0,0.0,0.0,0.77,0.78,0.79,0.78,0.76,0.81,0.78,0.76,0.77,0.79,0.79,0.8,0.0,0.0,0.81,0.79,0.8,0.82,0.8,0.72,0.79,0.0,0.79,0.78,0.8,0.8,0.8,0.78,0.79
2347,0.0,0.76,0.74,0.0,0.0,0.76,0.0,0.0,0.77,0.81,0.73,0.8,0.26,0.78,0.78,0.76,0.78,0.79,0.82,0.31,0.8,0.77,0.2,0.76,0.82,0.75,0.0,0.0,0.74,0.75,0.74,0.0,0.0,0.0,0.0,0.73,0.76,0.75,0.74,0.73,0.78,0.74,0.73,0.73,0.76,0.76,0.77,0.0,0.0,0.78,0.77,0.76,0.79,0.77,0.8,0.76,0.0,0.76,0.76,0.78,0.76,0.77,0.73,0.76
2348,0.0,0.69,0.67,0.0,0.0,0.7,0.0,0.0,0.69,0.7,0.65,0.71,0.68,0.63,0.65,0.7,0.69,0.71,0.7,0.69,0.71,0.66,0.14,0.65,0.71,0.66,0.0,0.0,0.67,0.68,0.66,0.0,0.0,0.0,0.0,0.67,0.65,0.67,0.66,0.66,0.69,0.67,0.66,0.66,0.64,0.67,0.69,0.0,0.0,0.7,0.69,0.68,0.71,0.7,0.72,0.69,0.0,0.7,0.67,0.7,0.68,0.69,0.66,0.67
2349,0.0,0.38,0.38,0.0,0.0,0.37,0.0,0.0,0.3,0.31,0.32,0.33,0.26,0.3,0.3,0.3,0.32,0.28,0.29,0.3,0.32,0.29,0.24,0.33,0.33,0.37,0.0,0.0,0.37,0.38,0.37,0.0,0.0,0.0,0.0,0.37,0.34,0.34,0.36,0.34,0.35,0.36,0.36,0.35,0.34,0.35,0.37,0.0,0.0,0.36,0.39,0.35,0.38,0.39,0.38,0.38,0.0,0.38,0.38,0.38,0.38,0.39,0.36,0.38
2350,0.0,0.01,0.01,0.0,0.0,0.0,0.0,0.0,0.0,0.0,0.0,0.0,0.0,0.0,0.0,0.0,0.0,0.0,0.0,0.0,0.0,0.0,0.0,0.0,0.0,0.01,0.0,0.0,0.0,0.01,0.01,0.0,0.0,0.0,0.0,0.0,0.0,0.0,0.0,0.0,0.0,0.0,0.0,0.0,0.0,0.0,0.0,0.0,0.0,0.0,0.01,0.01,0.01,0.02,0.01,0.02,0.0,0.01,0.01,0.01,0.01,0.01,0.01,0.01
2351,0.0,0.0,0.0,0.0,0.0,0.0,0.0,0.0,0.0,0.0,0.0,0.0,0.0,0.0,0.0,0.0,0.0,0.0,0.0,0.0,0.0,0.0,0.0,0.0,0.0,0.0,0.0,0.0,0.0,0.0,0.0,0.0,0.0,0.0,0.0,0.0,0.0,0.0,0.0,0.0,0.0,0.0,0.0,0.0,0.0,0.0,0.0,0.0,0.0,0.0,0.0,0.0,0.0,0.0,0.0,0.0,0.0,0.0,0.0,0.0,0.0,0.0,0.0,0.0
2352,0.0,0.0,0.0,0.0,0.0,0.0,0.0,0.0,0.0,0.0,0.0,0.0,0.0,0.0,0.0,0.0,0.0,0.0,0.0,0.0,0.0,0.0,0.0,0.0,0.0,0.0,0.0,0.0,0.0,0.0,0.0,0.0,0.0,0.0,0.0,0.0,0.0,0.0,0.0,0.0,0.0,0.0,0.0,0.0,0.0,0.0,0.0,0.0,0.0,0.0,0.0,0.0,0.0,0.0,0.0,0.0,0.0,0.0,0.0,0.0,0.0,0.0,0.0,0.0
2353,0.0,0.0,0.0,0.0,0.0,0.0,0.0,0.0,0.0,0.0,0.0,0.0,0.0,0.0,0.0,0.0,0.0,0.0,0.0,0.0,0.0,0.0,0.0,0.0,0.0,0.0,0.0,0.0,0.0,0.0,0.0,0.0,0.0,0.0,0.0,0.0,0.0,0.0,0.0,0.0,0.0,0.0,0.0,0.0,0.0,0.0,0.0,0.0,0.0,0.0,0.0,0.0,0.0,0.0,0.0,0.0,0.0,0.0,0.0,0.0,0.0,0.0,0.0,0.0
2354,0.0,0.0,0.0,0.0,0.0,0.0,0.0,0.0,0.0,0.0,0.0,0.0,0.0,0.0,0.0,0.0,0.0,0.0,0.0,0.0,0.0,0.0,0.0,0.0,0.0,0.0,0.0,0.0,0.0,0.0,0.0,0.0,0.0,0.0,0.0,0.0,0.0,0.0,0.0,0.0,0.0,0.0,0.0,0.0,0.0,0.0,0.0,0.0,0.0,0.0,0.0,0.0,0.0,0.0,0.0,0.0,0.0,0.0,0.0,0.0,0.0,0.0,0.0,0.0
2355,0.0,0.0,0.0,0.0,0.0,0.0,0.0,0.0,0.0,0.0,0.0,0.0,0.0,0.0,0.0,0.0,0.0,0.0,0.0,0.0,0.0,0.0,0.0,0.0,0.0,0.0,0.0,0.0,0.0,0.0,0.0,0.0,0.0,0.0,0.0,0.0,0.0,0.0,0.0,0.0,0.0,0.0,0.0,0.0,0.0,0.0,0.0,0.0,0.0,0.0,0.0,0.0,0.0,0.0,0.0,0.0,0.0,0.0,0.0,0.0,0.0,0.0,0.0,0.0
2356,0.0,0.0,0.0,0.0,0.0,0.0,0.0,0.0,0.0,0.0,0.0,0.0,0.0,0.0,0.0,0.0,0.0,0.0,0.0,0.0,0.0,0.0,0.0,0.0,0.0,0.0,0.0,0.0,0.0,0.0,0.0,0.0,0.0,0.0,0.0,0.0,0.0,0.0,0.0,0.0,0.0,0.0,0.0,0.0,0.0,0.0,0.0,0.0,0.0,0.0,0.0,0.0,0.0,0.0,0.0,0.0,0.0,0.0,0.0,0.0,0.0,0.0,0.0,0.0
2357,0.0,0.0,0.0,0.0,0.0,0.0,0.0,0.0,0.0,0.0,0.0,0.0,0.0,0.0,0.0,0.0,0.0,0.0,0.0,0.0,0.0,0.0,0.0,0.0,0.0,0.0,0.0,0.0,0.0,0.0,0.0,0.0,0.0,0.0,0.0,0.0,0.0,0.0,0.0,0.0,0.0,0.0,0.0,0.0,0.0,0.0,0.0,0.0,0.0,0.0,0.0,0.0,0.0,0.0,0.0,0.0,0.0,0.0,0.0,0.0,0.0,0.0,0.0,0.0
2358,0.0,0.0,0.0,0.0,0.0,0.0,0.0,0.0,0.0,0.0,0.0,0.0,0.0,0.0,0.0,0.0,0.0,0.0,0.0,0.0,0.0,0.0,0.0,0.0,0.0,0.0,0.0,0.0,0.0,0.0,0.0,0.0,0.0,0.0,0.0,0.0,0.0,0.0,0.0,0.0,0.0,0.0,0.0,0.0,0.0,0.0,0.0,0.0,0.0,0.0,0.0,0.0,0.0,0.0,0.0,0.0,0.0,0.0,0.0,0.0,0.0,0.0,0.0,0.0
2359,0.0,0.0,0.0,0.0,0.0,0.0,0.0,0.0,0.0,0.0,0.0,0.0,0.0,0.0,0.0,0.0,0.0,0.0,0.0,0.0,0.0,0.0,0.0,0.0,0.0,0.0,0.0,0.0,0.0,0.0,0.0,0.0,0.0,0.0,0.0,0.0,0.0,0.0,0.0,0.0,0.0,0.0,0.0,0.0,0.0,0.0,0.0,0.0,0.0,0.0,0.0,0.0,0.0,0.0,0.0,0.0,0.0,0.0,0.0,0.0,0.0,0.0,0.0,0.0
2360,0.0,0.0,0.0,0.0,0.0,0.0,0.0,0.0,0.0,0.0,0.0,0.0,0.0,0.0,0.0,0.0,0.0,0.0,0.0,0.0,0.0,0.0,0.0,0.0,0.0,0.0,0.0,0.0,0.0,0.0,0.0,0.0,0.0,0.0,0.0,0.0,0.0,0.0,0.0,0.0,0.0,0.0,0.0,0.0,0.0,0.0,0.0,0.0,0.0,0.0,0.0,0.0,0.0,0.0,0.0,0.0,0.0,0.0,0.0,0.0,0.0,0.0,0.0,0.0
2361,0.0,0.0,0.0,0.0,0.0,0.0,0.0,0.0,0.0,0.0,0.0,0.0,0.0,0.0,0.0,0.0,0.0,0.0,0.0,0.0,0.0,0.0,0.0,0.0,0.0,0.0,0.0,0.0,0.0,0.0,0.0,0.0,0.0,0.0,0.0,0.0,0.0,0.0,0.0,0.0,0.0,0.0,0.0,0.0,0.0,0.0,0.0,0.0,0.0,0.0,0.0,0.0,0.0,0.0,0.0,0.0,0.0,0.0,0.0,0.0,0.0,0.0,0.0,0.0
2362,0.0,0.03,0.03,0.0,0.0,0.07,0.0,0.0,0.09,0.15,0.06,0.07,0.18,0.09,0.08,0.07,0.08,0.16,0.16,0.09,0.14,0.11,0.16,0.08,0.02,0.06,0.0,0.0,0.06,0.04,0.06,0.0,0.0,0.0,0.0,0.07,0.06,0.06,0.07,0.08,0.05,0.05,0.05,0.06,0.08,0.07,0.09,0.0,0.0,0.09,0.05,0.05,0.05,0.06,0.06,0.03,0.0,0.05,0.05,0.05,0.05,0.05,0.06,0.05
2363,0.0,0.29,0.34,0.0,0.0,0.38,0.0,0.0,0.34,0.59,0.37,0.44,0.64,0.51,0.53,0.48,0.32,0.6,0.61,0.43,0.52,0.46,0.63,0.47,0.07,0.36,0.0,0.0,0.35,0.28,0.36,0.0,0.0,0.0,0.0,0.38,0.42,0.4,0.38,0.33,0.4,0.39,0.41,0.45,0.43,0.38,0.36,0.0,0.0,0.41,0.25,0.33,0.37,0.37,0.34,0.31,0.0,0.37,0.26,0.3,0.21,0.33,0.36,0.21
2364,0.0,0.64,0.67,0.0,0.0,0.67,0.0,0.0,0.47,0.74,0.54,0.57,0.75,0.59,0.57,0.52,0.48,0.72,0.74,0.47,0.74,0.63,0.74,0.66,0.17,0.68,0.0,0.0,0.63,0.62,0.66,0.0,0.0,0.0,0.0,0.56,0.6,0.54,0.51,0.54,0.55,0.49,0.52,0.63,0.65,0.51,0.66,0.0,0.0,0.66,0.62,0.62,0.58,0.55,0.51,0.56,0.0,0.56,0.57,0.6,0.62,0.55,0.63,0.61
2365,0.0,0.78,0.8,0.0,0.0,0.76,0.0,0.0,0.67,0.8,0.67,0.65,0.8,0.65,0.65,0.61,0.7,0.81,0.81,0.62,0.77,0.69,0.79,0.75,0.27,0.8,0.0,0.0,0.76,0.78,0.78,0.0,0.0,0.0,0.0,0.78,0.73,0.66,0.78,0.65,0.74,0.78,0.7,0.74,0.74,0.75,0.76,0.0,0.0,0.76,0.76,0.77,0.75,0.76,0.72,0.75,0.0,0.78,0.76,0.72,0.76,0.77,0.78,0.76
2366,0.0,0.81,0.82,0.0,0.0,0.8,0.0,0.0,0.76,0.8,0.77,0.77,0.76,0.75,0.76,0.74,0.78,0.79,0.8,0.74,0.79,0.74,0.8,0.8,0.44,0.83,0.0,0.0,0.81,0.81,0.81,0.0,0.0,0.0,0.0,0.82,0.81,0.8,0.82,0.81,0.82,0.82,0.81,0.8,0.8,0.83,0.8,0.0,0.0,0.8,0.82,0.82,0.83,0.82,0.82,0.81,0.0,0.83,0.82,0.83,0.83,0.83,0.83,0.82
2367,0.0,0.77,0.8,0.0,0.0,0.82,0.0,0.0,0.81,0.83,0.81,0.82,0.8,0.8,0.8,0.8,0.84,0.8,0.82,0.81,0.83,0.79,0.8,0.82,0.81,0.79,0.0,0.0,0.82,0.74,0.79,0.0,0.0,0.0,0.0,0.83,0.83,0.82,0.84,0.84,0.84,0.84,0.83,0.82,0.83,0.85,0.82,0.0,0.0,0.82,0.84,0.82,0.85,0.82,0.84,0.82,0.0,0.84,0.84,0.84,0.84,0.84,0.83,0.84
2368,0.0,0.7,0.68,0.0,0.0,0.82,0.0,0.0,0.83,0.81,0.82,0.85,0.79,0.83,0.84,0.83,0.84,0.8,0.79,0.83,0.27,0.84,0.81,0.83,0.81,0.66,0.0,0.0,0.65,0.71,0.67,0.0,0.0,0.0,0.0,0.8,0.84,0.84,0.83,0.85,0.85,0.83,0.83,0.83,0.84,0.84,0.8,0.0,0.0,0.81,0.81,0.67,0.84,0.8,0.83,0.8,0.0,0.83,0.81,0.82,0.81,0.81,0.68,0.82
2369,0.0,0.68,0.71,0.0,0.0,0.64,0.0,0.0,0.83,0.8,0.82,0.74,0.76,0.77,0.82,0.84,0.84,0.74,0.73,0.83,0.24,0.82,0.79,0.83,0.81,0.55,0.0,0.0,0.53,0.62,0.54,0.0,0.0,0.0,0.0,0.64,0.82,0.83,0.76,0.84,0.83,0.77,0.8,0.83,0.83,0.8,0.63,0.0,0.0,0.66,0.65,0.54,0.8,0.7,0.66,0.76,0.0,0.77,0.67,0.7,0.65,0.67,0.53,0.65
2370,0.0,0.66,0.66,0.0,0.0,0.51,0.0,0.0,0.81,0.74,0.8,0.62,0.79,0.76,0.77,0.81,0.8,0.67,0.64,0.82,0.55,0.78,0.77,0.81,0.76,0.66,0.0,0.0,0.52,0.69,0.63,0.0,0.0,0.0,0.0,0.45,0.76,0.8,0.52,0.8,0.74,0.5,0.52,0.79,0.81,0.52,0.49,0.0,0.0,0.46,0.53,0.51,0.63,0.62,0.75,0.75,0.0,0.63,0.52,0.66,0.52,0.55,0.53,0.51
2371,0.0,0.61,0.68,0.0,0.0,0.53,0.0,0.0,0.8,0.62,0.76,0.82,0.66,0.8,0.81,0.81,0.8,0.58,0.54,0.81,0.68,0.79,0.63,0.74,0.57,0.71,0.0,0.0,0.51,0.6,0.69,0.0,0.0,0.0,0.0,0.44,0.58,0.67,0.48,0.66,0.64,0.48,0.46,0.58,0.71,0.51,0.51,0.0,0.0,0.51,0.47,0.48,0.5,0.46,0.58,0.67,0.0,0.45,0.45,0.63,0.39,0.45,0.46,0.44
2372,0.0,0.53,0.53,0.0,0.0,0.51,0.0,0.0,0.67,0.18,0.62,0.74,0.45,0.71,0.69,0.69,0.54,0.49,0.48,0.69,0.48,0.72,0.49,0.46,0.38,0.54,0.0,0.0,0.6,0.54,0.54,0.0,0.0,0.0,0.0,0.5,0.28,0.5,0.4,0.47,0.31,0.32,0.29,0.27,0.36,0.32,0.5,0.0,0.0,0.48,0.29,0.55,0.32,0.29,0.41,0.46,0.0,0.38,0.28,0.32,0.3,0.28,0.62,0.3
2373,0.0,0.28,0.31,0.0,0.0,0.22,0.0,0.0,0.23,0.02,0.19,0.26,0.16,0.23,0.25,0.29,0.19,0.19,0.2,0.24,0.03,0.23,0.21,0.13,0.19,0.29,0.0,0.0,0.33,0.24,0.28,0.0,0.0,0.0,0.0,0.25,0.14,0.13,0.26,0.13,0.13,0.25,0.19,0.15,0.13,0.25,0.22,0.0,0.0,0.2,0.16,0.34,0.18,0.14,0.15,0.14,0.0,0.13,0.15,0.14,0.17,0.15,0.34,0.16
2374,0.0,0.05,0.05,0.0,0.0,0.03,0.0,0.0,0.0,0.0,0.0,0.01,0.0,0.0,0.0,0.0,0.0,0.0,0.0,0.0,0.0,0.0,0.0,0.01,0.01,0.05,0.0,0.0,0.05,0.05,0.05,0.0,0.0,0.0,0.0,0.04,0.03,0.01,0.03,0.01,0.01,0.03,0.03,0.02,0.01,0.03,0.03,0.0,0.0,0.03,0.05,0.05,0.03,0.05,0.03,0.05,0.0,0.05,0.05,0.04,0.05,0.05,0.05,0.05
2375,0.0,0.0,0.0,0.0,0.0,0.0,0.0,0.0,0.0,0.0,0.0,0.0,0.0,0.0,0.0,0.0,0.0,0.0,0.0,0.0,0.0,0.0,0.0,0.0,0.0,0.0,0.0,0.0,0.0,0.0,0.0,0.0,0.0,0.0,0.0,0.0,0.0,0.0,0.0,0.0,0.0,0.0,0.0,0.0,0.0,0.0,0.0,0.0,0.0,0.0,0.0,0.0,0.0,0.0,0.0,0.0,0.0,0.0,0.0,0.0,0.0,0.0,0.0,0.0
2376,0.0,0.0,0.0,0.0,0.0,0.0,0.0,0.0,0.0,0.0,0.0,0.0,0.0,0.0,0.0,0.0,0.0,0.0,0.0,0.0,0.0,0.0,0.0,0.0,0.0,0.0,0.0,0.0,0.0,0.0,0.0,0.0,0.0,0.0,0.0,0.0,0.0,0.0,0.0,0.0,0.0,0.0,0.0,0.0,0.0,0.0,0.0,0.0,0.0,0.0,0.0,0.0,0.0,0.0,0.0,0.0,0.0,0.0,0.0,0.0,0.0,0.0,0.0,0.0
2377,0.0,0.0,0.0,0.0,0.0,0.0,0.0,0.0,0.0,0.0,0.0,0.0,0.0,0.0,0.0,0.0,0.0,0.0,0.0,0.0,0.0,0.0,0.0,0.0,0.0,0.0,0.0,0.0,0.0,0.0,0.0,0.0,0.0,0.0,0.0,0.0,0.0,0.0,0.0,0.0,0.0,0.0,0.0,0.0,0.0,0.0,0.0,0.0,0.0,0.0,0.0,0.0,0.0,0.0,0.0,0.0,0.0,0.0,0.0,0.0,0.0,0.0,0.0,0.0
2378,0.0,0.0,0.0,0.0,0.0,0.0,0.0,0.0,0.0,0.0,0.0,0.0,0.0,0.0,0.0,0.0,0.0,0.0,0.0,0.0,0.0,0.0,0.0,0.0,0.0,0.0,0.0,0.0,0.0,0.0,0.0,0.0,0.0,0.0,0.0,0.0,0.0,0.0,0.0,0.0,0.0,0.0,0.0,0.0,0.0,0.0,0.0,0.0,0.0,0.0,0.0,0.0,0.0,0.0,0.0,0.0,0.0,0.0,0.0,0.0,0.0,0.0,0.0,0.0
2379,0.0,0.0,0.0,0.0,0.0,0.0,0.0,0.0,0.0,0.0,0.0,0.0,0.0,0.0,0.0,0.0,0.0,0.0,0.0,0.0,0.0,0.0,0.0,0.0,0.0,0.0,0.0,0.0,0.0,0.0,0.0,0.0,0.0,0.0,0.0,0.0,0.0,0.0,0.0,0.0,0.0,0.0,0.0,0.0,0.0,0.0,0.0,0.0,0.0,0.0,0.0,0.0,0.0,0.0,0.0,0.0,0.0,0.0,0.0,0.0,0.0,0.0,0.0,0.0
2380,0.0,0.0,0.0,0.0,0.0,0.0,0.0,0.0,0.0,0.0,0.0,0.0,0.0,0.0,0.0,0.0,0.0,0.0,0.0,0.0,0.0,0.0,0.0,0.0,0.0,0.0,0.0,0.0,0.0,0.0,0.0,0.0,0.0,0.0,0.0,0.0,0.0,0.0,0.0,0.0,0.0,0.0,0.0,0.0,0.0,0.0,0.0,0.0,0.0,0.0,0.0,0.0,0.0,0.0,0.0,0.0,0.0,0.0,0.0,0.0,0.0,0.0,0.0,0.0
2381,0.0,0.0,0.0,0.0,0.0,0.0,0.0,0.0,0.0,0.0,0.0,0.0,0.0,0.0,0.0,0.0,0.0,0.0,0.0,0.0,0.0,0.0,0.0,0.0,0.0,0.0,0.0,0.0,0.0,0.0,0.0,0.0,0.0,0.0,0.0,0.0,0.0,0.0,0.0,0.0,0.0,0.0,0.0,0.0,0.0,0.0,0.0,0.0,0.0,0.0,0.0,0.0,0.0,0.0,0.0,0.0,0.0,0.0,0.0,0.0,0.0,0.0,0.0,0.0
2382,0.0,0.0,0.0,0.0,0.0,0.0,0.0,0.0,0.0,0.0,0.0,0.0,0.0,0.0,0.0,0.0,0.0,0.0,0.0,0.0,0.0,0.0,0.0,0.0,0.0,0.0,0.0,0.0,0.0,0.0,0.0,0.0,0.0,0.0,0.0,0.0,0.0,0.0,0.0,0.0,0.0,0.0,0.0,0.0,0.0,0.0,0.0,0.0,0.0,0.0,0.0,0.0,0.0,0.0,0.0,0.0,0.0,0.0,0.0,0.0,0.0,0.0,0.0,0.0
2383,0.0,0.0,0.0,0.0,0.0,0.0,0.0,0.0,0.0,0.0,0.0,0.0,0.0,0.0,0.0,0.0,0.0,0.0,0.0,0.0,0.0,0.0,0.0,0.0,0.0,0.0,0.0,0.0,0.0,0.0,0.0,0.0,0.0,0.0,0.0,0.0,0.0,0.0,0.0,0.0,0.0,0.0,0.0,0.0,0.0,0.0,0.0,0.0,0.0,0.0,0.0,0.0,0.0,0.0,0.0,0.0,0.0,0.0,0.0,0.0,0.0,0.0,0.0,0.0
2384,0.0,0.0,0.0,0.0,0.0,0.0,0.0,0.0,0.0,0.0,0.0,0.0,0.0,0.0,0.0,0.0,0.0,0.0,0.0,0.0,0.0,0.0,0.0,0.0,0.0,0.0,0.0,0.0,0.0,0.0,0.0,0.0,0.0,0.0,0.0,0.0,0.0,0.0,0.0,0.0,0.0,0.0,0.0,0.0,0.0,0.0,0.0,0.0,0.0,0.0,0.0,0.0,0.0,0.0,0.0,0.0,0.0,0.0,0.0,0.0,0.0,0.0,0.0,0.0
2385,0.0,0.0,0.0,0.0,0.0,0.0,0.0,0.0,0.0,0.0,0.0,0.0,0.0,0.0,0.0,0.0,0.0,0.0,0.0,0.0,0.0,0.0,0.0,0.0,0.0,0.0,0.0,0.0,0.0,0.0,0.0,0.0,0.0,0.0,0.0,0.0,0.0,0.0,0.0,0.0,0.0,0.0,0.0,0.0,0.0,0.0,0.0,0.0,0.0,0.0,0.0,0.0,0.0,0.0,0.0,0.0,0.0,0.0,0.0,0.0,0.0,0.0,0.0,0.0
2386,0.0,0.0,0.01,0.0,0.0,0.01,0.0,0.0,0.01,0.03,0.01,0.01,0.06,0.03,0.03,0.03,0.03,0.01,0.02,0.02,0.02,0.03,0.09,0.01,0.01,0.01,0.0,0.0,0.01,0.0,0.0,0.0,0.0,0.0,0.0,0.01,0.02,0.03,0.01,0.02,0.06,0.01,0.0,0.01,0.01,0.01,0.01,0.0,0.0,0.0,0.05,0.05,0.04,0.05,0.04,0.02,0.0,0.04,0.01,0.01,0.05,0.05,0.01,0.03
2387,0.0,0.02,0.04,0.0,0.0,0.03,0.0,0.0,0.03,0.14,0.03,0.04,0.25,0.09,0.13,0.13,0.07,0.05,0.08,0.07,0.06,0.09,0.38,0.03,0.04,0.04,0.0,0.0,0.02,0.03,0.02,0.0,0.0,0.0,0.0,0.04,0.04,0.04,0.04,0.03,0.38,0.03,0.02,0.02,0.03,0.04,0.03,0.0,0.0,0.03,0.28,0.27,0.25,0.21,0.24,0.25,0.0,0.27,0.04,0.27,0.27,0.26,0.03,0.06
2388,0.0,0.04,0.05,0.0,0.0,0.05,0.0,0.0,0.07,0.13,0.05,0.08,0.52,0.22,0.25,0.18,0.11,0.1,0.18,0.14,0.13,0.2,0.62,0.04,0.07,0.07,0.0,0.0,0.04,0.04,0.04,0.0,0.0,0.0,0.0,0.09,0.05,0.05,0.07,0.05,0.12,0.06,0.04,0.05,0.05,0.07,0.05,0.0,0.0,0.05,0.45,0.16,0.41,0.34,0.42,0.4,0.0,0.32,0.05,0.38,0.31,0.43,0.04,0.09
2389,0.0,0.06,0.07,0.0,0.0,0.09,0.0,0.0,0.09,0.22,0.07,0.11,0.75,0.3,0.27,0.24,0.17,0.21,0.27,0.12,0.18,0.37,0.79,0.07,0.12,0.09,0.0,0.0,0.06,0.06,0.06,0.0,0.0,0.0,0.0,0.16,0.09,0.07,0.11,0.06,0.16,0.09,0.06,0.07,0.08,0.1,0.08,0.0,0.0,0.07,0.09,0.16,0.64,0.55,0.6,0.64,0.0,0.39,0.09,0.49,0.28,0.09,0.08,0.15
2390,0.0,0.05,0.07,0.0,0.0,0.09,0.0,0.0,0.08,0.48,0.12,0.11,0.84,0.4,0.3,0.19,0.29,0.35,0.36,0.08,0.31,0.45,0.82,0.09,0.27,0.09,0.0,0.0,0.08,0.05,0.06,0.0,0.0,0.0,0.0,0.2,0.12,0.11,0.24,0.1,0.18,0.15,0.09,0.11,0.11,0.2,0.08,0.0,0.0,0.09,0.15,0.27,0.66,0.27,0.73,0.75,0.0,0.48,0.14,0.63,0.47,0.17,0.1,0.25
2391,0.0,0.05,0.06,0.0,0.0,0.39,0.0,0.0,0.17,0.82,0.1,0.08,0.71,0.27,0.3,0.19,0.32,0.86,0.87,0.12,0.37,0.68,0.82,0.14,0.66,0.07,0.0,0.0,0.06,0.05,0.06,0.0,0.0,0.0,0.0,0.2,0.17,0.11,0.23,0.11,0.23,0.16,0.12,0.15,0.14,0.21,0.26,0.0,0.0,0.32,0.34,0.28,0.83,0.86,0.72,0.73,0.0,0.26,0.18,0.8,0.59,0.3,0.08,0.32
2392,0.0,0.05,0.08,0.0,0.0,0.72,0.0,0.0,0.17,0.67,0.09,0.07,0.75,0.32,0.31,0.36,0.18,0.84,0.84,0.18,0.34,0.36,0.82,0.15,0.83,0.04,0.0,0.0,0.05,0.05,0.05,0.0,0.0,0.0,0.0,0.15,0.19,0.13,0.2,0.12,0.23,0.15,0.12,0.15,0.15,0.19,0.46,0.0,0.0,0.64,0.35,0.26,0.86,0.84,0.86,0.31,0.0,0.85,0.16,0.84,0.36,0.31,0.06,0.3
2393,0.0,0.05,0.07,0.0,0.0,0.8,0.0,0.0,0.13,0.84,0.11,0.05,0.76,0.09,0.27,0.2,0.06,0.69,0.78,0.09,0.2,0.12,0.72,0.09,0.67,0.04,0.0,0.0,0.03,0.05,0.04,0.0,0.0,0.0,0.0,0.1,0.17,0.09,0.09,0.09,0.25,0.06,0.06,0.06,0.11,0.09,0.8,0.0,0.0,0.8,0.32,0.09,0.81,0.78,0.8,0.56,0.0,0.65,0.13,0.69,0.36,0.29,0.04,0.22
2394,0.0,0.04,0.04,0.0,0.0,0.8,0.0,0.0,0.08,0.77,0.09,0.04,0.66,0.42,0.31,0.8,0.07,0.68,0.83,0.36,0.1,0.18,0.64,0.04,0.62,0.02,0.0,0.0,0.02,0.03,0.02,0.0,0.0,0.0,0.0,0.13,0.05,0.07,0.05,0.06,0.16,0.04,0.02,0.04,0.05,0.05,0.46,0.0,0.0,0.43,0.18,0.05,0.85,0.82,0.66,0.8,0.0,0.83,0.05,0.79,0.04,0.24,0.03,0.04
2395,0.0,0.01,0.01,0.0,0.0,0.29,0.0,0.0,0.11,0.8,0.04,0.02,0.6,0.19,0.31,0.47,0.05,0.06,0.17,0.74,0.07,0.13,0.73,0.02,0.26,0.02,0.0,0.0,0.02,0.01,0.02,0.0,0.0,0.0,0.0,0.11,0.03,0.03,0.04,0.04,0.03,0.03,0.02,0.02,0.02,0.03,0.23,0.0,0.0,0.25,0.03,0.04,0.81,0.39,0.83,0.2,0.0,0.18,0.02,0.43,0.04,0.03,0.01,0.03
2396,0.0,0.01,0.0,0.0,0.0,0.04,0.0,0.0,0.07,0.56,0.03,0.02,0.06,0.11,0.11,0.1,0.02,0.03,0.03,0.09,0.02,0.06,0.26,0.02,0.14,0.02,0.0,0.0,0.0,0.01,0.01,0.0,0.0,0.0,0.0,0.03,0.03,0.01,0.01,0.01,0.01,0.01,0.01,0.02,0.01,0.01,0.06,0.0,0.0,0.05,0.02,0.02,0.07,0.03,0.74,0.07,0.0,0.02,0.01,0.69,0.02,0.01,0.01,0.01
2397,0.0,0.0,0.0,0.0,0.0,0.0,0.0,0.0,0.01,0.05,0.01,0.0,0.02,0.01,0.01,0.01,0.0,0.02,0.02,0.01,0.01,0.02,0.02,0.0,0.01,0.0,0.0,0.0,0.0,0.0,0.0,0.0,0.0,0.0,0.0,0.01,0.01,0.0,0.0,0.0,0.0,0.0,0.0,0.01,0.01,0.0,0.0,0.0,0.0,0.0,0.0,0.0,0.0,0.01,0.21,0.02,0.0,0.0,0.0,0.0,0.0,0.0,0.0,0.0
2398,0.0,0.0,0.0,0.0,0.0,0.0,0.0,0.0,0.0,0.0,0.0,0.0,0.0,0.0,0.0,0.0,0.0,0.0,0.0,0.0,0.0,0.0,0.0,0.0,0.0,0.0,0.0,0.0,0.0,0.0,0.0,0.0,0.0,0.0,0.0,0.0,0.0,0.0,0.0,0.0,0.0,0.0,0.0,0.0,0.0,0.0,0.0,0.0,0.0,0.0,0.0,0.0,0.0,0.0,0.0,0.01,0.0,0.0,0.0,0.0,0.0,0.0,0.0,0.0
2399,0.0,0.0,0.0,0.0,0.0,0.0,0.0,0.0,0.0,0.0,0.0,0.0,0.0,0.0,0.0,0.0,0.0,0.0,0.0,0.0,0.0,0.0,0.0,0.0,0.0,0.0,0.0,0.0,0.0,0.0,0.0,0.0,0.0,0.0,0.0,0.0,0.0,0.0,0.0,0.0,0.0,0.0,0.0,0.0,0.0,0.0,0.0,0.0,0.0,0.0,0.0,0.0,0.0,0.0,0.0,0.0,0.0,0.0,0.0,0.0,0.0,0.0,0.0,0.0
2400,0.0,0.0,0.0,0.0,0.0,0.0,0.0,0.0,0.0,0.0,0.0,0.0,0.0,0.0,0.0,0.0,0.0,0.0,0.0,0.0,0.0,0.0,0.0,0.0,0.0,0.0,0.0,0.0,0.0,0.0,0.0,0.0,0.0,0.0,0.0,0.0,0.0,0.0,0.0,0.0,0.0,0.0,0.0,0.0,0.0,0.0,0.0,0.0,0.0,0.0,0.0,0.0,0.0,0.0,0.0,0.0,0.0,0.0,0.0,0.0,0.0,0.0,0.0,0.0
2401,0.0,0.0,0.0,0.0,0.0,0.0,0.0,0.0,0.0,0.0,0.0,0.0,0.0,0.0,0.0,0.0,0.0,0.0,0.0,0.0,0.0,0.0,0.0,0.0,0.0,0.0,0.0,0.0,0.0,0.0,0.0,0.0,0.0,0.0,0.0,0.0,0.0,0.0,0.0,0.0,0.0,0.0,0.0,0.0,0.0,0.0,0.0,0.0,0.0,0.0,0.0,0.0,0.0,0.0,0.0,0.0,0.0,0.0,0.0,0.0,0.0,0.0,0.0,0.0
2402,0.0,0.0,0.0,0.0,0.0,0.0,0.0,0.0,0.0,0.0,0.0,0.0,0.0,0.0,0.0,0.0,0.0,0.0,0.0,0.0,0.0,0.0,0.0,0.0,0.0,0.0,0.0,0.0,0.0,0.0,0.0,0.0,0.0,0.0,0.0,0.0,0.0,0.0,0.0,0.0,0.0,0.0,0.0,0.0,0.0,0.0,0.0,0.0,0.0,0.0,0.0,0.0,0.0,0.0,0.0,0.0,0.0,0.0,0.0,0.0,0.0,0.0,0.0,0.0
2403,0.0,0.0,0.0,0.0,0.0,0.0,0.0,0.0,0.0,0.0,0.0,0.0,0.0,0.0,0.0,0.0,0.0,0.0,0.0,0.0,0.0,0.0,0.0,0.0,0.0,0.0,0.0,0.0,0.0,0.0,0.0,0.0,0.0,0.0,0.0,0.0,0.0,0.0,0.0,0.0,0.0,0.0,0.0,0.0,0.0,0.0,0.0,0.0,0.0,0.0,0.0,0.0,0.0,0.0,0.0,0.0,0.0,0.0,0.0,0.0,0.0,0.0,0.0,0.0
2404,0.0,0.0,0.0,0.0,0.0,0.0,0.0,0.0,0.0,0.0,0.0,0.0,0.0,0.0,0.0,0.0,0.0,0.0,0.0,0.0,0.0,0.0,0.0,0.0,0.0,0.0,0.0,0.0,0.0,0.0,0.0,0.0,0.0,0.0,0.0,0.0,0.0,0.0,0.0,0.0,0.0,0.0,0.0,0.0,0.0,0.0,0.0,0.0,0.0,0.0,0.0,0.0,0.0,0.0,0.0,0.0,0.0,0.0,0.0,0.0,0.0,0.0,0.0,0.0
2405,0.0,0.0,0.0,0.0,0.0,0.0,0.0,0.0,0.0,0.0,0.0,0.0,0.0,0.0,0.0,0.0,0.0,0.0,0.0,0.0,0.0,0.0,0.0,0.0,0.0,0.0,0.0,0.0,0.0,0.0,0.0,0.0,0.0,0.0,0.0,0.0,0.0,0.0,0.0,0.0,0.0,0.0,0.0,0.0,0.0,0.0,0.0,0.0,0.0,0.0,0.0,0.0,0.0,0.0,0.0,0.0,0.0,0.0,0.0,0.0,0.0,0.0,0.0,0.0
2406,0.0,0.0,0.0,0.0,0.0,0.0,0.0,0.0,0.0,0.0,0.0,0.0,0.0,0.0,0.0,0.0,0.0,0.0,0.0,0.0,0.0,0.0,0.0,0.0,0.0,0.0,0.0,0.0,0.0,0.0,0.0,0.0,0.0,0.0,0.0,0.0,0.0,0.0,0.0,0.0,0.0,0.0,0.0,0.0,0.0,0.0,0.0,0.0,0.0,0.0,0.0,0.0,0.0,0.0,0.0,0.0,0.0,0.0,0.0,0.0,0.0,0.0,0.0,0.0
2407,0.0,0.0,0.0,0.0,0.0,0.0,0.0,0.0,0.0,0.0,0.0,0.0,0.0,0.0,0.0,0.0,0.0,0.0,0.0,0.0,0.0,0.0,0.0,0.0,0.0,0.0,0.0,0.0,0.0,0.0,0.0,0.0,0.0,0.0,0.0,0.0,0.0,0.0,0.0,0.0,0.0,0.0,0.0,0.0,0.0,0.0,0.0,0.0,0.0,0.0,0.0,0.0,0.0,0.0,0.0,0.0,0.0,0.0,0.0,0.0,0.0,0.0,0.0,0.0
2408,0.0,0.0,0.0,0.0,0.0,0.0,0.0,0.0,0.0,0.0,0.0,0.0,0.0,0.0,0.0,0.0,0.0,0.0,0.0,0.0,0.0,0.0,0.0,0.0,0.0,0.0,0.0,0.0,0.0,0.0,0.0,0.0,0.0,0.0,0.0,0.0,0.0,0.0,0.0,0.0,0.0,0.0,0.0,0.0,0.0,0.0,0.0,0.0,0.0,0.0,0.0,0.0,0.0,0.0,0.0,0.0,0.0,0.0,0.0,0.0,0.0,0.0,0.0,0.0
2409,0.0,0.0,0.0,0.0,0.0,0.0,0.0,0.0,0.0,0.0,0.0,0.0,0.0,0.0,0.0,0.0,0.0,0.0,0.0,0.0,0.0,0.0,0.0,0.0,0.0,0.0,0.0,0.0,0.0,0.0,0.0,0.0,0.0,0.0,0.0,0.0,0.0,0.0,0.0,0.0,0.0,0.0,0.0,0.0,0.0,0.0,0.0,0.0,0.0,0.0,0.0,0.0,0.0,0.0,0.0,0.0,0.0,0.0,0.0,0.0,0.0,0.0,0.0,0.0
2410,0.0,0.0,0.0,0.0,0.0,0.0,0.0,0.0,0.0,0.0,0.0,0.0,0.0,0.0,0.0,0.0,0.0,0.0,0.0,0.0,0.0,0.0,0.0,0.0,0.01,0.0,0.0,0.0,0.0,0.0,0.0,0.0,0.0,0.0,0.0,0.0,0.01,0.0,0.0,0.0,0.0,0.0,0.0,0.01,0.01,0.0,0.0,0.0,0.0,0.01,0.0,0.0,0.0,0.0,0.08,0.02,0.0,0.0,0.0,0.0,0.0,0.0,0.0,0.0
2411,0.0,0.0,0.0,0.0,0.0,0.02,0.0,0.0,0.01,0.02,0.01,0.0,0.0,0.01,0.01,0.02,0.01,0.0,0.0,0.02,0.01,0.0,0.0,0.02,0.01,0.0,0.0,0.0,0.0,0.0,0.0,0.0,0.0,0.0,0.0,0.01,0.03,0.0,0.01,0.01,0.02,0.02,0.01,0.03,0.02,0.01,0.03,0.0,0.0,0.02,0.0,0.0,0.0,0.0,0.3,0.01,0.0,0.0,0.0,0.0,0.0,0.0,0.0,0.0
2412,0.0,0.01,0.01,0.0,0.0,0.02,0.0,0.0,0.02,0.01,0.03,0.02,0.02,0.02,0.03,0.02,0.03,0.01,0.01,0.03,0.02,0.02,0.01,0.04,0.03,0.01,0.0,0.0,0.01,0.01,0.01,0.0,0.0,0.0,0.0,0.02,0.05,0.02,0.02,0.02,0.03,0.03,0.03,0.06,0.04,0.03,0.03,0.0,0.0,0.02,0.0,0.01,0.0,0.01,0.51,0.0,0.0,0.01,0.0,0.01,0.01,0.0,0.0,0.0
2413,0.0,0.02,0.04,0.0,0.0,0.03,0.0,0.0,0.04,0.02,0.06,0.03,0.03,0.02,0.1,0.08,0.07,0.01,0.01,0.04,0.02,0.03,0.05,0.1,0.02,0.05,0.0,0.0,0.03,0.02,0.03,0.0,0.0,0.0,0.0,0.03,0.17,0.04,0.04,0.03,0.05,0.04,0.04,0.2,0.1,0.04,0.03,0.0,0.0,0.04,0.01,0.02,0.01,0.01,0.25,0.01,0.0,0.01,0.01,0.01,0.02,0.01,0.02,0.01
2414,0.0,0.05,0.18,0.0,0.0,0.09,0.0,0.0,0.07,0.08,0.07,0.03,0.05,0.25,0.22,0.16,0.05,0.03,0.03,0.02,0.06,0.29,0.05,0.41,0.02,0.11,0.0,0.0,0.03,0.05,0.04,0.0,0.0,0.0,0.0,0.08,0.5,0.09,0.11,0.08,0.11,0.07,0.06,0.3,0.47,0.09,0.1,0.0,0.0,0.08,0.02,0.03,0.02,0.02,0.02,0.02,0.0,0.02,0.03,0.02,0.04,0.02,0.04,0.03
2415,0.0,0.15,0.21,0.0,0.0,0.09,0.0,0.0,0.08,0.06,0.08,0.04,0.19,0.14,0.06,0.08,0.07,0.02,0.02,0.06,0.03,0.21,0.1,0.27,0.03,0.12,0.0,0.0,0.07,0.12,0.09,0.0,0.0,0.0,0.0,0.18,0.14,0.13,0.13,0.13,0.12,0.13,0.07,0.12,0.17,0.12,0.11,0.0,0.0,0.11,0.04,0.04,0.03,0.03,0.02,0.02,0.0,0.03,0.04,0.03,0.04,0.04,0.09,0.04
2416,0.0,0.86,0.64,0.0,0.0,0.05,0.0,0.0,0.1,0.09,0.11,0.09,0.21,0.09,0.07,0.05,0.07,0.02,0.04,0.1,0.09,0.14,0.12,0.14,0.45,0.15,0.0,0.0,0.4,0.3,0.73,0.0,0.0,0.0,0.0,0.09,0.11,0.15,0.08,0.16,0.1,0.24,0.33,0.16,0.11,0.1,0.08,0.0,0.0,0.07,0.04,0.05,0.04,0.02,0.03,0.03,0.0,0.02,0.04,0.03,0.04,0.03,0.39,0.05
2417,0.0,0.85,0.86,0.0,0.0,0.04,0.0,0.0,0.13,0.05,0.44,0.07,0.14,0.13,0.18,0.09,0.07,0.04,0.04,0.08,0.04,0.39,0.11,0.11,0.53,0.24,0.0,0.0,0.59,0.86,0.48,0.0,0.0,0.0,0.0,0.06,0.08,0.42,0.07,0.36,0.08,0.22,0.32,0.34,0.17,0.08,0.03,0.0,0.0,0.03,0.03,0.05,0.07,0.03,0.04,0.02,0.0,0.03,0.03,0.03,0.03,0.04,0.43,0.03
2418,0.0,0.83,0.84,0.0,0.0,0.02,0.0,0.0,0.07,0.13,0.12,0.03,0.06,0.04,0.03,0.04,0.15,0.02,0.05,0.04,0.09,0.07,0.04,0.07,0.59,0.41,0.0,0.0,0.26,0.83,0.32,0.0,0.0,0.0,0.0,0.12,0.09,0.39,0.07,0.39,0.73,0.16,0.2,0.24,0.41,0.07,0.01,0.0,0.0,0.06,0.03,0.2,0.08,0.03,0.07,0.02,0.0,0.02,0.03,0.02,0.03,0.02,0.2,0.03
2419,0.0,0.79,0.42,0.0,0.0,0.01,0.0,0.0,0.04,0.1,0.06,0.02,0.01,0.04,0.08,0.12,0.04,0.02,0.02,0.03,0.05,0.04,0.02,0.04,0.65,0.17,0.0,0.0,0.8,0.8,0.26,0.0,0.0,0.0,0.0,0.78,0.25,0.47,0.14,0.6,0.76,0.14,0.13,0.06,0.18,0.1,0.04,0.0,0.0,0.02,0.06,0.17,0.05,0.02,0.1,0.01,0.0,0.02,0.03,0.02,0.07,0.04,0.21,0.04
2420,0.0,0.71,0.43,0.0,0.0,0.01,0.0,0.0,0.01,0.04,0.07,0.01,0.0,0.03,0.03,0.04,0.04,0.02,0.01,0.04,0.02,0.02,0.0,0.67,0.01,0.11,0.0,0.0,0.11,0.72,0.15,0.0,0.0,0.0,0.0,0.61,0.07,0.14,0.25,0.03,0.69,0.18,0.15,0.02,0.66,0.22,0.03,0.0,0.0,0.04,0.05,0.12,0.04,0.02,0.05,0.02,0.0,0.01,0.04,0.02,0.05,0.04,0.21,0.04
2421,0.0,0.44,0.31,0.0,0.0,0.05,0.0,0.0,0.02,0.01,0.04,0.02,0.0,0.02,0.02,0.02,0.04,0.0,0.01,0.01,0.0,0.02,0.0,0.32,0.01,0.24,0.0,0.0,0.07,0.44,0.14,0.0,0.0,0.0,0.0,0.02,0.08,0.1,0.04,0.02,0.19,0.03,0.14,0.02,0.2,0.14,0.05,0.0,0.0,0.06,0.02,0.06,0.02,0.01,0.02,0.01,0.0,0.01,0.02,0.01,0.03,0.02,0.14,0.02
2422,0.0,0.05,0.03,0.0,0.0,0.0,0.0,0.0,0.0,0.0,0.0,0.0,0.0,0.0,0.0,0.0,0.0,0.0,0.0,0.0,0.0,0.0,0.0,0.0,0.0,0.04,0.0,0.0,0.01,0.05,0.01,0.0,0.0,0.0,0.0,0.0,0.01,0.0,0.0,0.0,0.01,0.04,0.04,0.0,0.01,0.0,0.0,0.0,0.0,0.0,0.0,0.01,0.0,0.0,0.0,0.0,0.0,0.0,0.0,0.0,0.01,0.0,0.03,0.0
2423,0.0,0.0,0.0,0.0,0.0,0.0,0.0,0.0,0.0,0.0,0.0,0.0,0.0,0.0,0.0,0.0,0.0,0.0,0.0,0.0,0.0,0.0,0.0,0.0,0.0,0.0,0.0,0.0,0.0,0.0,0.0,0.0,0.0,0.0,0.0,0.0,0.0,0.0,0.0,0.0,0.0,0.0,0.0,0.0,0.0,0.0,0.0,0.0,0.0,0.0,0.0,0.0,0.0,0.0,0.0,0.0,0.0,0.0,0.0,0.0,0.0,0.0,0.0,0.0
2424,0.0,0.0,0.0,0.0,0.0,0.0,0.0,0.0,0.0,0.0,0.0,0.0,0.0,0.0,0.0,0.0,0.0,0.0,0.0,0.0,0.0,0.0,0.0,0.0,0.0,0.0,0.0,0.0,0.0,0.0,0.0,0.0,0.0,0.0,0.0,0.0,0.0,0.0,0.0,0.0,0.0,0.0,0.0,0.0,0.0,0.0,0.0,0.0,0.0,0.0,0.0,0.0,0.0,0.0,0.0,0.0,0.0,0.0,0.0,0.0,0.0,0.0,0.0,0.0
2425,0.0,0.0,0.0,0.0,0.0,0.0,0.0,0.0,0.0,0.0,0.0,0.0,0.0,0.0,0.0,0.0,0.0,0.0,0.0,0.0,0.0,0.0,0.0,0.0,0.0,0.0,0.0,0.0,0.0,0.0,0.0,0.0,0.0,0.0,0.0,0.0,0.0,0.0,0.0,0.0,0.0,0.0,0.0,0.0,0.0,0.0,0.0,0.0,0.0,0.0,0.0,0.0,0.0,0.0,0.0,0.0,0.0,0.0,0.0,0.0,0.0,0.0,0.0,0.0
2426,0.0,0.0,0.0,0.0,0.0,0.0,0.0,0.0,0.0,0.0,0.0,0.0,0.0,0.0,0.0,0.0,0.0,0.0,0.0,0.0,0.0,0.0,0.0,0.0,0.0,0.0,0.0,0.0,0.0,0.0,0.0,0.0,0.0,0.0,0.0,0.0,0.0,0.0,0.0,0.0,0.0,0.0,0.0,0.0,0.0,0.0,0.0,0.0,0.0,0.0,0.0,0.0,0.0,0.0,0.0,0.0,0.0,0.0,0.0,0.0,0.0,0.0,0.0,0.0
2427,0.0,0.0,0.0,0.0,0.0,0.0,0.0,0.0,0.0,0.0,0.0,0.0,0.0,0.0,0.0,0.0,0.0,0.0,0.0,0.0,0.0,0.0,0.0,0.0,0.0,0.0,0.0,0.0,0.0,0.0,0.0,0.0,0.0,0.0,0.0,0.0,0.0,0.0,0.0,0.0,0.0,0.0,0.0,0.0,0.0,0.0,0.0,0.0,0.0,0.0,0.0,0.0,0.0,0.0,0.0,0.0,0.0,0.0,0.0,0.0,0.0,0.0,0.0,0.0
2428,0.0,0.0,0.0,0.0,0.0,0.0,0.0,0.0,0.0,0.0,0.0,0.0,0.0,0.0,0.0,0.0,0.0,0.0,0.0,0.0,0.0,0.0,0.0,0.0,0.0,0.0,0.0,0.0,0.0,0.0,0.0,0.0,0.0,0.0,0.0,0.0,0.0,0.0,0.0,0.0,0.0,0.0,0.0,0.0,0.0,0.0,0.0,0.0,0.0,0.0,0.0,0.0,0.0,0.0,0.0,0.0,0.0,0.0,0.0,0.0,0.0,0.0,0.0,0.0
2429,0.0,0.0,0.0,0.0,0.0,0.0,0.0,0.0,0.0,0.0,0.0,0.0,0.0,0.0,0.0,0.0,0.0,0.0,0.0,0.0,0.0,0.0,0.0,0.0,0.0,0.0,0.0,0.0,0.0,0.0,0.0,0.0,0.0,0.0,0.0,0.0,0.0,0.0,0.0,0.0,0.0,0.0,0.0,0.0,0.0,0.0,0.0,0.0,0.0,0.0,0.0,0.0,0.0,0.0,0.0,0.0,0.0,0.0,0.0,0.0,0.0,0.0,0.0,0.0
2430,0.0,0.0,0.0,0.0,0.0,0.0,0.0,0.0,0.0,0.0,0.0,0.0,0.0,0.0,0.0,0.0,0.0,0.0,0.0,0.0,0.0,0.0,0.0,0.0,0.0,0.0,0.0,0.0,0.0,0.0,0.0,0.0,0.0,0.0,0.0,0.0,0.0,0.0,0.0,0.0,0.0,0.0,0.0,0.0,0.0,0.0,0.0,0.0,0.0,0.0,0.0,0.0,0.0,0.0,0.0,0.0,0.0,0.0,0.0,0.0,0.0,0.0,0.0,0.0
2431,0.0,0.0,0.0,0.0,0.0,0.0,0.0,0.0,0.0,0.0,0.0,0.0,0.0,0.0,0.0,0.0,0.0,0.0,0.0,0.0,0.0,0.0,0.0,0.0,0.0,0.0,0.0,0.0,0.0,0.0,0.0,0.0,0.0,0.0,0.0,0.0,0.0,0.0,0.0,0.0,0.0,0.0,0.0,0.0,0.0,0.0,0.0,0.0,0.0,0.0,0.0,0.0,0.0,0.0,0.0,0.0,0.0,0.0,0.0,0.0,0.0,0.0,0.0,0.0
2432,0.0,0.0,0.0,0.0,0.0,0.0,0.0,0.0,0.0,0.0,0.0,0.0,0.0,0.0,0.0,0.0,0.0,0.0,0.0,0.0,0.0,0.0,0.0,0.0,0.0,0.0,0.0,0.0,0.0,0.0,0.0,0.0,0.0,0.0,0.0,0.0,0.0,0.0,0.0,0.0,0.0,0.0,0.0,0.0,0.0,0.0,0.0,0.0,0.0,0.0,0.0,0.0,0.0,0.0,0.0,0.0,0.0,0.0,0.0,0.0,0.0,0.0,0.0,0.0
2433,0.0,0.0,0.0,0.0,0.0,0.0,0.0,0.0,0.0,0.0,0.0,0.0,0.0,0.0,0.0,0.0,0.0,0.0,0.0,0.0,0.0,0.0,0.0,0.0,0.0,0.0,0.0,0.0,0.0,0.0,0.0,0.0,0.0,0.0,0.0,0.0,0.0,0.0,0.0,0.0,0.0,0.0,0.0,0.0,0.0,0.0,0.0,0.0,0.0,0.0,0.0,0.0,0.0,0.0,0.0,0.0,0.0,0.0,0.0,0.0,0.0,0.0,0.0,0.0
2434,0.0,0.04,0.09,0.0,0.0,0.0,0.0,0.0,0.0,0.0,0.0,0.0,0.02,0.0,0.0,0.0,0.0,0.0,0.0,0.0,0.0,0.0,0.03,0.0,0.01,0.0,0.0,0.0,0.01,0.01,0.0,0.0,0.0,0.0,0.0,0.01,0.0,0.0,0.01,0.0,0.0,0.03,0.0,0.0,0.0,0.0,0.0,0.0,0.0,0.0,0.0,0.0,0.0,0.0,0.0,0.0,0.0,0.0,0.0,0.0,0.0,0.0,0.0,0.0
2435,0.0,0.04,0.08,0.0,0.0,0.01,0.0,0.0,0.01,0.01,0.01,0.01,0.16,0.0,0.0,0.0,0.0,0.0,0.0,0.0,0.0,0.0,0.17,0.01,0.04,0.0,0.0,0.0,0.0,0.03,0.0,0.0,0.0,0.0,0.0,0.04,0.0,0.01,0.05,0.01,0.0,0.03,0.01,0.01,0.01,0.03,0.01,0.0,0.0,0.01,0.0,0.0,0.0,0.0,0.01,0.0,0.0,0.0,0.0,0.0,0.0,0.0,0.0,0.0
2436,0.0,0.04,0.06,0.0,0.0,0.03,0.0,0.0,0.01,0.03,0.02,0.01,0.19,0.01,0.0,0.01,0.02,0.03,0.02,0.01,0.01,0.07,0.53,0.02,0.05,0.01,0.0,0.0,0.02,0.01,0.03,0.0,0.0,0.0,0.0,0.03,0.02,0.02,0.03,0.02,0.04,0.02,0.01,0.02,0.03,0.01,0.02,0.0,0.0,0.03,0.02,0.04,0.05,0.01,0.02,0.01,0.0,0.01,0.03,0.01,0.05,0.01,0.12,0.05
2437,0.0,0.02,0.06,0.0,0.0,0.04,0.0,0.0,0.02,0.05,0.02,0.01,0.16,0.01,0.01,0.01,0.02,0.06,0.06,0.01,0.06,0.01,0.62,0.03,0.08,0.03,0.0,0.0,0.05,0.02,0.09,0.0,0.0,0.0,0.0,0.02,0.04,0.03,0.03,0.02,0.09,0.03,0.04,0.04,0.03,0.02,0.04,0.0,0.0,0.04,0.05,0.11,0.04,0.11,0.04,0.02,0.0,0.1,0.04,0.02,0.06,0.06,0.03,0.06
2438,0.0,0.03,0.1,0.0,0.0,0.02,0.0,0.0,0.01,0.19,0.02,0.09,0.42,0.01,0.01,0.02,0.03,0.14,0.2,0.09,0.1,0.05,0.8,0.04,0.06,0.08,0.0,0.0,0.05,0.02,0.05,0.0,0.0,0.0,0.0,0.03,0.05,0.04,0.08,0.03,0.13,0.06,0.07,0.05,0.05,0.07,0.02,0.0,0.0,0.04,0.03,0.09,0.04,0.03,0.07,0.02,0.0,0.04,0.03,0.04,0.03,0.03,0.05,0.02
2439,0.0,0.03,0.08,0.0,0.0,0.08,0.0,0.0,0.04,0.39,0.02,0.16,0.85,0.05,0.05,0.02,0.03,0.34,0.42,0.04,0.07,0.07,0.85,0.05,0.08,0.07,0.0,0.0,0.04,0.05,0.07,0.0,0.0,0.0,0.0,0.12,0.06,0.04,0.11,0.03,0.09,0.09,0.07,0.05,0.05,0.1,0.11,0.0,0.0,0.13,0.13,0.11,0.09,0.05,0.11,0.03,0.0,0.04,0.18,0.05,0.06,0.1,0.06,0.11
2440,0.0,0.15,0.05,0.0,0.0,0.08,0.0,0.0,0.06,0.16,0.15,0.03,0.85,0.08,0.04,0.02,0.14,0.78,0.76,0.02,0.1,0.08,0.86,0.05,0.09,0.06,0.0,0.0,0.03,0.23,0.04,0.0,0.0,0.0,0.0,0.08,0.06,0.21,0.09,0.22,0.12,0.07,0.04,0.05,0.05,0.07,0.06,0.0,0.0,0.06,0.18,0.04,0.1,0.05,0.08,0.05,0.0,0.05,0.18,0.05,0.17,0.11,0.07,0.16
2441,0.0,0.24,0.12,0.0,0.0,0.05,0.0,0.0,0.04,0.09,0.07,0.08,0.84,0.09,0.09,0.03,0.04,0.85,0.81,0.04,0.1,0.08,0.86,0.04,0.11,0.03,0.0,0.0,0.05,0.26,0.02,0.0,0.0,0.0,0.0,0.08,0.04,0.11,0.07,0.1,0.14,0.06,0.04,0.04,0.04,0.06,0.05,0.0,0.0,0.06,0.16,0.06,0.08,0.05,0.04,0.04,0.0,0.06,0.14,0.05,0.13,0.1,0.06,0.12
2442,0.0,0.1,0.16,0.0,0.0,0.02,0.0,0.0,0.04,0.31,0.08,0.06,0.82,0.15,0.29,0.05,0.03,0.84,0.84,0.04,0.19,0.6,0.83,0.03,0.08,0.04,0.0,0.0,0.05,0.02,0.05,0.0,0.0,0.0,0.0,0.05,0.04,0.06,0.04,0.04,0.26,0.03,0.02,0.03,0.04,0.04,0.02,0.0,0.0,0.02,0.1,0.04,0.06,0.03,0.03,0.02,0.0,0.04,0.05,0.03,0.06,0.06,0.05,0.05
2443,0.0,0.01,0.02,0.0,0.0,0.01,0.0,0.0,0.02,0.24,0.02,0.32,0.81,0.73,0.73,0.19,0.04,0.84,0.84,0.06,0.26,0.4,0.82,0.04,0.05,0.03,0.0,0.0,0.03,0.01,0.02,0.0,0.0,0.0,0.0,0.03,0.03,0.08,0.03,0.04,0.26,0.02,0.01,0.01,0.02,0.02,0.02,0.0,0.0,0.03,0.02,0.03,0.16,0.01,0.24,0.01,0.0,0.02,0.02,0.02,0.02,0.02,0.03,0.01
2444,0.0,0.02,0.0,0.0,0.0,0.02,0.0,0.0,0.06,0.36,0.03,0.19,0.7,0.41,0.5,0.11,0.07,0.72,0.73,0.09,0.17,0.38,0.7,0.03,0.02,0.01,0.0,0.0,0.02,0.02,0.02,0.0,0.0,0.0,0.0,0.01,0.03,0.03,0.01,0.02,0.09,0.0,0.01,0.04,0.03,0.01,0.02,0.0,0.0,0.02,0.02,0.01,0.1,0.01,0.03,0.01,0.0,0.02,0.03,0.02,0.03,0.02,0.01,0.02
2445,0.0,0.0,0.0,0.0,0.0,0.0,0.0,0.0,0.02,0.06,0.03,0.13,0.05,0.17,0.13,0.2,0.05,0.29,0.3,0.21,0.08,0.11,0.25,0.01,0.0,0.0,0.0,0.0,0.0,0.0,0.0,0.0,0.0,0.0,0.0,0.0,0.01,0.02,0.02,0.01,0.05,0.02,0.01,0.01,0.01,0.02,0.0,0.0,0.0,0.0,0.01,0.0,0.05,0.0,0.03,0.0,0.0,0.01,0.02,0.0,0.02,0.01,0.0,0.02
2446,0.0,0.0,0.0,0.0,0.0,0.0,0.0,0.0,0.0,0.01,0.0,0.04,0.0,0.02,0.01,0.02,0.01,0.02,0.03,0.02,0.0,0.03,0.01,0.0,0.0,0.0,0.0,0.0,0.0,0.0,0.0,0.0,0.0,0.0,0.0,0.0,0.0,0.01,0.0,0.01,0.02,0.0,0.0,0.0,0.0,0.0,0.0,0.0,0.0,0.0,0.0,0.0,0.01,0.0,0.0,0.0,0.0,0.0,0.0,0.0,0.01,0.0,0.0,0.0
2447,0.0,0.0,0.0,0.0,0.0,0.0,0.0,0.0,0.0,0.0,0.0,0.0,0.0,0.0,0.0,0.0,0.0,0.0,0.0,0.0,0.0,0.0,0.0,0.0,0.0,0.0,0.0,0.0,0.0,0.0,0.0,0.0,0.0,0.0,0.0,0.0,0.0,0.0,0.0,0.0,0.0,0.0,0.0,0.0,0.0,0.0,0.0,0.0,0.0,0.0,0.0,0.0,0.0,0.0,0.0,0.0,0.0,0.0,0.0,0.0,0.0,0.0,0.0,0.0
2448,0.0,0.0,0.0,0.0,0.0,0.0,0.0,0.0,0.0,0.0,0.0,0.0,0.0,0.0,0.0,0.0,0.0,0.0,0.0,0.0,0.0,0.0,0.0,0.0,0.0,0.0,0.0,0.0,0.0,0.0,0.0,0.0,0.0,0.0,0.0,0.0,0.0,0.0,0.0,0.0,0.0,0.0,0.0,0.0,0.0,0.0,0.0,0.0,0.0,0.0,0.0,0.0,0.0,0.0,0.0,0.0,0.0,0.0,0.0,0.0,0.0,0.0,0.0,0.0
2449,0.0,0.0,0.0,0.0,0.0,0.0,0.0,0.0,0.0,0.0,0.0,0.0,0.0,0.0,0.0,0.0,0.0,0.0,0.0,0.0,0.0,0.0,0.0,0.0,0.0,0.0,0.0,0.0,0.0,0.0,0.0,0.0,0.0,0.0,0.0,0.0,0.0,0.0,0.0,0.0,0.0,0.0,0.0,0.0,0.0,0.0,0.0,0.0,0.0,0.0,0.0,0.0,0.0,0.0,0.0,0.0,0.0,0.0,0.0,0.0,0.0,0.0,0.0,0.0
2450,0.0,0.0,0.0,0.0,0.0,0.0,0.0,0.0,0.0,0.0,0.0,0.0,0.0,0.0,0.0,0.0,0.0,0.0,0.0,0.0,0.0,0.0,0.0,0.0,0.0,0.0,0.0,0.0,0.0,0.0,0.0,0.0,0.0,0.0,0.0,0.0,0.0,0.0,0.0,0.0,0.0,0.0,0.0,0.0,0.0,0.0,0.0,0.0,0.0,0.0,0.0,0.0,0.0,0.0,0.0,0.0,0.0,0.0,0.0,0.0,0.0,0.0,0.0,0.0
2451,0.0,0.0,0.0,0.0,0.0,0.0,0.0,0.0,0.0,0.0,0.0,0.0,0.0,0.0,0.0,0.0,0.0,0.0,0.0,0.0,0.0,0.0,0.0,0.0,0.0,0.0,0.0,0.0,0.0,0.0,0.0,0.0,0.0,0.0,0.0,0.0,0.0,0.0,0.0,0.0,0.0,0.0,0.0,0.0,0.0,0.0,0.0,0.0,0.0,0.0,0.0,0.0,0.0,0.0,0.0,0.0,0.0,0.0,0.0,0.0,0.0,0.0,0.0,0.0
2452,0.0,0.0,0.0,0.0,0.0,0.0,0.0,0.0,0.0,0.0,0.0,0.0,0.0,0.0,0.0,0.0,0.0,0.0,0.0,0.0,0.0,0.0,0.0,0.0,0.0,0.0,0.0,0.0,0.0,0.0,0.0,0.0,0.0,0.0,0.0,0.0,0.0,0.0,0.0,0.0,0.0,0.0,0.0,0.0,0.0,0.0,0.0,0.0,0.0,0.0,0.0,0.0,0.0,0.0,0.0,0.0,0.0,0.0,0.0,0.0,0.0,0.0,0.0,0.0
2453,0.0,0.0,0.0,0.0,0.0,0.0,0.0,0.0,0.0,0.0,0.0,0.0,0.0,0.0,0.0,0.0,0.0,0.0,0.0,0.0,0.0,0.0,0.0,0.0,0.0,0.0,0.0,0.0,0.0,0.0,0.0,0.0,0.0,0.0,0.0,0.0,0.0,0.0,0.0,0.0,0.0,0.0,0.0,0.0,0.0,0.0,0.0,0.0,0.0,0.0,0.0,0.0,0.0,0.0,0.0,0.0,0.0,0.0,0.0,0.0,0.0,0.0,0.0,0.0
2454,0.0,0.0,0.0,0.0,0.0,0.0,0.0,0.0,0.0,0.0,0.0,0.0,0.0,0.0,0.0,0.0,0.0,0.0,0.0,0.0,0.0,0.0,0.0,0.0,0.0,0.0,0.0,0.0,0.0,0.0,0.0,0.0,0.0,0.0,0.0,0.0,0.0,0.0,0.0,0.0,0.0,0.0,0.0,0.0,0.0,0.0,0.0,0.0,0.0,0.0,0.0,0.0,0.0,0.0,0.0,0.0,0.0,0.0,0.0,0.0,0.0,0.0,0.0,0.0
2455,0.0,0.0,0.0,0.0,0.0,0.0,0.0,0.0,0.0,0.0,0.0,0.0,0.0,0.0,0.0,0.0,0.0,0.0,0.0,0.0,0.0,0.0,0.0,0.0,0.0,0.0,0.0,0.0,0.0,0.0,0.0,0.0,0.0,0.0,0.0,0.0,0.0,0.0,0.0,0.0,0.0,0.0,0.0,0.0,0.0,0.0,0.0,0.0,0.0,0.0,0.0,0.0,0.0,0.0,0.0,0.0,0.0,0.0,0.0,0.0,0.0,0.0,0.0,0.0
2456,0.0,0.0,0.0,0.0,0.0,0.0,0.0,0.0,0.0,0.0,0.0,0.0,0.0,0.0,0.0,0.0,0.0,0.0,0.0,0.0,0.0,0.0,0.0,0.0,0.0,0.0,0.0,0.0,0.0,0.0,0.0,0.0,0.0,0.0,0.0,0.0,0.0,0.0,0.0,0.0,0.0,0.0,0.0,0.0,0.0,0.0,0.0,0.0,0.0,0.0,0.0,0.0,0.0,0.0,0.0,0.0,0.0,0.0,0.0,0.0,0.0,0.0,0.0,0.0
2457,0.0,0.0,0.0,0.0,0.0,0.0,0.0,0.0,0.0,0.0,0.0,0.0,0.0,0.0,0.0,0.0,0.0,0.0,0.0,0.0,0.0,0.0,0.0,0.0,0.0,0.0,0.0,0.0,0.0,0.0,0.0,0.0,0.0,0.0,0.0,0.0,0.0,0.0,0.0,0.0,0.0,0.0,0.0,0.0,0.0,0.0,0.0,0.0,0.0,0.0,0.0,0.0,0.0,0.0,0.0,0.0,0.0,0.0,0.0,0.0,0.0,0.0,0.0,0.0
2458,0.0,0.0,0.0,0.0,0.0,0.0,0.0,0.0,0.0,0.17,0.0,0.02,0.0,0.0,0.01,0.0,0.01,0.14,0.12,0.0,0.06,0.0,0.14,0.0,0.0,0.0,0.0,0.0,0.0,0.0,0.0,0.0,0.0,0.0,0.0,0.0,0.0,0.0,0.0,0.01,0.12,0.0,0.0,0.0,0.0,0.0,0.01,0.0,0.0,0.01,0.01,0.01,0.02,0.01,0.01,0.01,0.0,0.01,0.02,0.01,0.02,0.01,0.01,0.02
2459,0.0,0.02,0.02,0.0,0.0,0.0,0.0,0.0,0.01,0.67,0.01,0.06,0.02,0.01,0.02,0.01,0.03,0.6,0.58,0.01,0.26,0.02,0.13,0.02,0.01,0.02,0.0,0.0,0.02,0.02,0.02,0.0,0.0,0.0,0.0,0.01,0.01,0.04,0.02,0.03,0.12,0.02,0.01,0.01,0.02,0.02,0.01,0.0,0.0,0.01,0.07,0.06,0.08,0.03,0.05,0.06,0.0,0.04,0.15,0.04,0.19,0.05,0.04,0.21
2460,0.0,0.03,0.03,0.0,0.0,0.2,0.0,0.0,0.02,0.69,0.03,0.37,0.06,0.03,0.02,0.02,0.03,0.68,0.63,0.02,0.51,0.03,0.18,0.03,0.02,0.03,0.0,0.0,0.03,0.02,0.03,0.0,0.0,0.0,0.0,0.05,0.02,0.08,0.03,0.06,0.14,0.03,0.02,0.02,0.03,0.04,0.2,0.0,0.0,0.17,0.13,0.12,0.19,0.06,0.12,0.19,0.0,0.12,0.21,0.1,0.28,0.1,0.75,0.33
2461,0.0,0.04,0.03,0.0,0.0,0.15,0.0,0.0,0.06,0.78,0.06,0.54,0.08,0.14,0.04,0.04,0.08,0.72,0.73,0.04,0.76,0.14,0.13,0.05,0.03,0.05,0.0,0.0,0.22,0.04,0.08,0.0,0.0,0.0,0.0,0.11,0.04,0.09,0.05,0.09,0.1,0.05,0.05,0.03,0.05,0.06,0.18,0.0,0.0,0.14,0.27,0.3,0.42,0.14,0.42,0.82,0.0,0.62,0.38,0.3,0.38,0.23,0.52,0.42
2462,0.0,0.12,0.05,0.0,0.0,0.83,0.0,0.0,0.24,0.86,0.27,0.69,0.27,0.61,0.14,0.08,0.75,0.82,0.83,0.11,0.83,0.75,0.29,0.09,0.1,0.19,0.0,0.0,0.28,0.15,0.18,0.0,0.0,0.0,0.0,0.44,0.07,0.37,0.33,0.3,0.2,0.16,0.12,0.05,0.09,0.24,0.74,0.0,0.0,0.44,0.61,0.84,0.84,0.3,0.8,0.72,0.0,0.85,0.6,0.87,0.58,0.54,0.45,0.66
2463,0.0,0.85,0.56,0.0,0.0,0.35,0.0,0.0,0.8,0.87,0.72,0.81,0.55,0.72,0.23,0.18,0.78,0.88,0.88,0.69,0.78,0.5,0.84,0.12,0.18,0.34,0.0,0.0,0.38,0.38,0.24,0.0,0.0,0.0,0.0,0.23,0.1,0.81,0.34,0.79,0.36,0.28,0.18,0.1,0.1,0.45,0.29,0.0,0.0,0.27,0.74,0.75,0.87,0.3,0.86,0.83,0.0,0.83,0.82,0.86,0.78,0.79,0.43,0.83
2464,0.0,0.85,0.85,0.0,0.0,0.21,0.0,0.0,0.8,0.89,0.77,0.83,0.5,0.82,0.37,0.34,0.82,0.88,0.88,0.83,0.74,0.83,0.85,0.41,0.29,0.83,0.0,0.0,0.23,0.5,0.27,0.0,0.0,0.0,0.0,0.18,0.28,0.84,0.17,0.84,0.81,0.24,0.16,0.24,0.38,0.16,0.22,0.0,0.0,0.3,0.61,0.79,0.85,0.47,0.86,0.81,0.0,0.8,0.72,0.86,0.73,0.61,0.41,0.73
2465,0.0,0.37,0.84,0.0,0.0,0.18,0.0,0.0,0.8,0.9,0.79,0.81,0.82,0.82,0.83,0.82,0.83,0.86,0.87,0.83,0.78,0.81,0.82,0.56,0.49,0.48,0.0,0.0,0.22,0.33,0.26,0.0,0.0,0.0,0.0,0.36,0.84,0.84,0.18,0.83,0.82,0.14,0.14,0.31,0.63,0.16,0.17,0.0,0.0,0.18,0.87,0.37,0.85,0.85,0.86,0.76,0.0,0.79,0.79,0.83,0.78,0.87,0.42,0.8
2466,0.0,0.34,0.82,0.0,0.0,0.14,0.0,0.0,0.74,0.88,0.78,0.79,0.8,0.78,0.79,0.79,0.8,0.85,0.85,0.52,0.83,0.77,0.82,0.82,0.76,0.26,0.0,0.0,0.22,0.25,0.24,0.0,0.0,0.0,0.0,0.26,0.81,0.82,0.18,0.81,0.79,0.16,0.15,0.18,0.82,0.26,0.15,0.0,0.0,0.16,0.84,0.39,0.84,0.82,0.84,0.42,0.0,0.79,0.84,0.81,0.5,0.79,0.18,0.82
2467,0.0,0.79,0.27,0.0,0.0,0.34,0.0,0.0,0.7,0.84,0.73,0.76,0.79,0.68,0.31,0.75,0.73,0.8,0.8,0.24,0.8,0.68,0.79,0.78,0.81,0.17,0.0,0.0,0.12,0.54,0.3,0.0,0.0,0.0,0.0,0.19,0.77,0.76,0.11,0.74,0.74,0.1,0.1,0.78,0.78,0.09,0.34,0.0,0.0,0.3,0.72,0.68,0.8,0.63,0.81,0.38,0.0,0.78,0.72,0.77,0.47,0.5,0.14,0.75
2468,0.0,0.13,0.11,0.0,0.0,0.2,0.0,0.0,0.67,0.77,0.67,0.7,0.72,0.65,0.65,0.13,0.69,0.74,0.73,0.37,0.75,0.66,0.73,0.72,0.07,0.07,0.0,0.0,0.17,0.12,0.19,0.0,0.0,0.0,0.0,0.12,0.72,0.71,0.09,0.7,0.7,0.14,0.72,0.72,0.72,0.25,0.16,0.0,0.0,0.23,0.78,0.74,0.72,0.61,0.76,0.65,0.0,0.7,0.74,0.61,0.75,0.77,0.73,0.76
2469,0.0,0.04,0.04,0.0,0.0,0.03,0.0,0.0,0.29,0.34,0.32,0.3,0.26,0.3,0.24,0.28,0.35,0.29,0.28,0.3,0.33,0.3,0.27,0.34,0.02,0.04,0.0,0.0,0.4,0.04,0.04,0.0,0.0,0.0,0.0,0.39,0.24,0.36,0.4,0.37,0.31,0.39,0.05,0.31,0.36,0.4,0.02,0.0,0.0,0.02,0.43,0.43,0.37,0.44,0.39,0.36,0.0,0.3,0.43,0.25,0.42,0.44,0.42,0.43
2470,0.0,0.0,0.01,0.0,0.0,0.0,0.0,0.0,0.01,0.04,0.02,0.03,0.0,0.0,0.0,0.0,0.03,0.0,0.0,0.01,0.03,0.0,0.0,0.0,0.0,0.06,0.0,0.0,0.06,0.0,0.06,0.0,0.0,0.0,0.0,0.05,0.02,0.02,0.05,0.02,0.04,0.05,0.03,0.02,0.02,0.05,0.01,0.0,0.0,0.0,0.04,0.06,0.03,0.05,0.05,0.03,0.0,0.06,0.04,0.04,0.04,0.04,0.06,0.04
2471,0.0,0.0,0.0,0.0,0.0,0.0,0.0,0.0,0.0,0.0,0.0,0.0,0.0,0.0,0.0,0.0,0.0,0.0,0.0,0.0,0.0,0.0,0.0,0.0,0.0,0.0,0.0,0.0,0.0,0.0,0.0,0.0,0.0,0.0,0.0,0.0,0.0,0.0,0.0,0.0,0.0,0.0,0.0,0.0,0.0,0.0,0.0,0.0,0.0,0.0,0.0,0.0,0.0,0.0,0.0,0.0,0.0,0.0,0.0,0.0,0.0,0.0,0.0,0.0
2472,0.0,0.0,0.0,0.0,0.0,0.0,0.0,0.0,0.0,0.0,0.0,0.0,0.0,0.0,0.0,0.0,0.0,0.0,0.0,0.0,0.0,0.0,0.0,0.0,0.0,0.0,0.0,0.0,0.0,0.0,0.0,0.0,0.0,0.0,0.0,0.0,0.0,0.0,0.0,0.0,0.0,0.0,0.0,0.0,0.0,0.0,0.0,0.0,0.0,0.0,0.0,0.0,0.0,0.0,0.0,0.0,0.0,0.0,0.0,0.0,0.0,0.0,0.0,0.0
2473,0.0,0.0,0.0,0.0,0.0,0.0,0.0,0.0,0.0,0.0,0.0,0.0,0.0,0.0,0.0,0.0,0.0,0.0,0.0,0.0,0.0,0.0,0.0,0.0,0.0,0.0,0.0,0.0,0.0,0.0,0.0,0.0,0.0,0.0,0.0,0.0,0.0,0.0,0.0,0.0,0.0,0.0,0.0,0.0,0.0,0.0,0.0,0.0,0.0,0.0,0.0,0.0,0.0,0.0,0.0,0.0,0.0,0.0,0.0,0.0,0.0,0.0,0.0,0.0
2474,0.0,0.0,0.0,0.0,0.0,0.0,0.0,0.0,0.0,0.0,0.0,0.0,0.0,0.0,0.0,0.0,0.0,0.0,0.0,0.0,0.0,0.0,0.0,0.0,0.0,0.0,0.0,0.0,0.0,0.0,0.0,0.0,0.0,0.0,0.0,0.0,0.0,0.0,0.0,0.0,0.0,0.0,0.0,0.0,0.0,0.0,0.0,0.0,0.0,0.0,0.0,0.0,0.0,0.0,0.0,0.0,0.0,0.0,0.0,0.0,0.0,0.0,0.0,0.0
2475,0.0,0.0,0.0,0.0,0.0,0.0,0.0,0.0,0.0,0.0,0.0,0.0,0.0,0.0,0.0,0.0,0.0,0.0,0.0,0.0,0.0,0.0,0.0,0.0,0.0,0.0,0.0,0.0,0.0,0.0,0.0,0.0,0.0,0.0,0.0,0.0,0.0,0.0,0.0,0.0,0.0,0.0,0.0,0.0,0.0,0.0,0.0,0.0,0.0,0.0,0.0,0.0,0.0,0.0,0.0,0.0,0.0,0.0,0.0,0.0,0.0,0.0,0.0,0.0
2476,0.0,0.0,0.0,0.0,0.0,0.0,0.0,0.0,0.0,0.0,0.0,0.0,0.0,0.0,0.0,0.0,0.0,0.0,0.0,0.0,0.0,0.0,0.0,0.0,0.0,0.0,0.0,0.0,0.0,0.0,0.0,0.0,0.0,0.0,0.0,0.0,0.0,0.0,0.0,0.0,0.0,0.0,0.0,0.0,0.0,0.0,0.0,0.0,0.0,0.0,0.0,0.0,0.0,0.0,0.0,0.0,0.0,0.0,0.0,0.0,0.0,0.0,0.0,0.0
2477,0.0,0.0,0.0,0.0,0.0,0.0,0.0,0.0,0.0,0.0,0.0,0.0,0.0,0.0,0.0,0.0,0.0,0.0,0.0,0.0,0.0,0.0,0.0,0.0,0.0,0.0,0.0,0.0,0.0,0.0,0.0,0.0,0.0,0.0,0.0,0.0,0.0,0.0,0.0,0.0,0.0,0.0,0.0,0.0,0.0,0.0,0.0,0.0,0.0,0.0,0.0,0.0,0.0,0.0,0.0,0.0,0.0,0.0,0.0,0.0,0.0,0.0,0.0,0.0
2478,0.0,0.0,0.0,0.0,0.0,0.0,0.0,0.0,0.0,0.0,0.0,0.0,0.0,0.0,0.0,0.0,0.0,0.0,0.0,0.0,0.0,0.0,0.0,0.0,0.0,0.0,0.0,0.0,0.0,0.0,0.0,0.0,0.0,0.0,0.0,0.0,0.0,0.0,0.0,0.0,0.0,0.0,0.0,0.0,0.0,0.0,0.0,0.0,0.0,0.0,0.0,0.0,0.0,0.0,0.0,0.0,0.0,0.0,0.0,0.0,0.0,0.0,0.0,0.0
2479,0.0,0.0,0.0,0.0,0.0,0.0,0.0,0.0,0.0,0.0,0.0,0.0,0.0,0.0,0.0,0.0,0.0,0.0,0.0,0.0,0.0,0.0,0.0,0.0,0.0,0.0,0.0,0.0,0.0,0.0,0.0,0.0,0.0,0.0,0.0,0.0,0.0,0.0,0.0,0.0,0.0,0.0,0.0,0.0,0.0,0.0,0.0,0.0,0.0,0.0,0.0,0.0,0.0,0.0,0.0,0.0,0.0,0.0,0.0,0.0,0.0,0.0,0.0,0.0
2480,0.0,0.0,0.0,0.0,0.0,0.0,0.0,0.0,0.0,0.0,0.0,0.0,0.0,0.0,0.0,0.0,0.0,0.0,0.0,0.0,0.0,0.0,0.0,0.0,0.0,0.0,0.0,0.0,0.0,0.0,0.0,0.0,0.0,0.0,0.0,0.0,0.0,0.0,0.0,0.0,0.0,0.0,0.0,0.0,0.0,0.0,0.0,0.0,0.0,0.0,0.0,0.0,0.0,0.0,0.0,0.0,0.0,0.0,0.0,0.0,0.0,0.0,0.0,0.0
2481,0.0,0.0,0.0,0.0,0.0,0.0,0.0,0.0,0.0,0.0,0.0,0.0,0.0,0.0,0.0,0.0,0.0,0.0,0.0,0.0,0.0,0.0,0.0,0.0,0.0,0.0,0.0,0.0,0.0,0.0,0.0,0.0,0.0,0.0,0.0,0.0,0.0,0.0,0.0,0.0,0.0,0.0,0.0,0.0,0.0,0.0,0.0,0.0,0.0,0.0,0.0,0.0,0.0,0.0,0.0,0.0,0.0,0.0,0.0,0.0,0.0,0.0,0.0,0.0
2482,0.0,0.09,0.09,0.0,0.0,0.12,0.0,0.0,0.17,0.19,0.16,0.08,0.22,0.19,0.2,0.2,0.16,0.03,0.2,0.19,0.17,0.19,0.22,0.16,0.12,0.09,0.0,0.0,0.1,0.09,0.07,0.0,0.0,0.0,0.0,0.12,0.14,0.15,0.12,0.15,0.14,0.12,0.12,0.14,0.15,0.12,0.12,0.0,0.0,0.13,0.1,0.09,0.12,0.09,0.13,0.09,0.0,0.1,0.1,0.11,0.1,0.1,0.1,0.1
2483,0.0,0.5,0.49,0.0,0.0,0.52,0.0,0.0,0.58,0.62,0.58,0.59,0.34,0.61,0.62,0.61,0.57,0.09,0.07,0.6,0.59,0.58,0.34,0.55,0.56,0.51,0.0,0.0,0.51,0.5,0.15,0.0,0.0,0.0,0.0,0.51,0.54,0.56,0.52,0.57,0.54,0.52,0.53,0.55,0.55,0.53,0.52,0.0,0.0,0.53,0.52,0.5,0.53,0.5,0.53,0.48,0.0,0.51,0.52,0.52,0.52,0.52,0.52,0.52
2484,0.0,0.78,0.76,0.0,0.0,0.76,0.0,0.0,0.79,0.8,0.79,0.8,0.36,0.81,0.81,0.8,0.77,0.83,0.31,0.79,0.78,0.79,0.38,0.76,0.78,0.79,0.0,0.0,0.79,0.78,0.79,0.0,0.0,0.0,0.0,0.76,0.78,0.8,0.78,0.79,0.75,0.77,0.77,0.77,0.76,0.79,0.76,0.0,0.0,0.77,0.8,0.79,0.79,0.78,0.77,0.28,0.0,0.79,0.8,0.36,0.79,0.8,0.8,0.8
2485,0.0,0.82,0.82,0.0,0.0,0.79,0.0,0.0,0.82,0.83,0.81,0.84,0.42,0.85,0.85,0.83,0.8,0.86,0.87,0.83,0.84,0.85,0.41,0.8,0.83,0.83,0.0,0.0,0.83,0.81,0.83,0.0,0.0,0.0,0.0,0.8,0.82,0.82,0.84,0.82,0.8,0.83,0.83,0.81,0.8,0.84,0.79,0.0,0.0,0.8,0.85,0.84,0.46,0.84,0.26,0.5,0.0,0.84,0.85,0.43,0.84,0.85,0.84,0.84
2486,0.0,0.79,0.79,0.0,0.0,0.8,0.0,0.0,0.83,0.84,0.8,0.86,0.48,0.86,0.86,0.84,0.81,0.84,0.83,0.84,0.86,0.87,0.45,0.81,0.84,0.83,0.0,0.0,0.84,0.81,0.83,0.0,0.0,0.0,0.0,0.82,0.8,0.82,0.85,0.84,0.85,0.84,0.84,0.81,0.8,0.86,0.79,0.0,0.0,0.8,0.84,0.85,0.18,0.86,0.54,0.84,0.0,0.85,0.83,0.46,0.84,0.84,0.84,0.84
2487,0.0,0.79,0.8,0.0,0.0,0.78,0.0,0.0,0.83,0.81,0.81,0.86,0.59,0.86,0.86,0.85,0.84,0.72,0.79,0.84,0.86,0.87,0.36,0.81,0.85,0.8,0.0,0.0,0.83,0.81,0.82,0.0,0.0,0.0,0.0,0.82,0.82,0.84,0.86,0.86,0.87,0.85,0.86,0.8,0.81,0.87,0.78,0.0,0.0,0.8,0.86,0.84,0.18,0.86,0.87,0.84,0.0,0.86,0.85,0.57,0.84,0.86,0.83,0.84
2488,0.0,0.78,0.8,0.0,0.0,0.83,0.0,0.0,0.82,0.83,0.81,0.86,0.47,0.86,0.86,0.85,0.84,0.78,0.83,0.84,0.85,0.87,0.34,0.81,0.85,0.8,0.0,0.0,0.81,0.78,0.8,0.0,0.0,0.0,0.0,0.82,0.82,0.49,0.85,0.46,0.87,0.85,0.85,0.81,0.82,0.85,0.82,0.0,0.0,0.82,0.85,0.83,0.32,0.85,0.86,0.84,0.0,0.85,0.84,0.84,0.84,0.85,0.82,0.84
2489,0.0,0.8,0.82,0.0,0.0,0.86,0.0,0.0,0.81,0.82,0.79,0.86,0.37,0.86,0.85,0.84,0.84,0.82,0.86,0.84,0.86,0.86,0.21,0.82,0.85,0.82,0.0,0.0,0.45,0.8,0.8,0.0,0.0,0.0,0.0,0.82,0.82,0.7,0.83,0.86,0.87,0.84,0.84,0.81,0.82,0.84,0.82,0.0,0.0,0.84,0.85,0.83,0.86,0.85,0.86,0.83,0.0,0.84,0.84,0.85,0.84,0.85,0.56,0.84
2490,0.0,0.8,0.81,0.0,0.0,0.84,0.0,0.0,0.78,0.77,0.76,0.84,0.27,0.83,0.83,0.82,0.83,0.79,0.77,0.81,0.84,0.84,0.17,0.79,0.83,0.48,0.0,0.0,0.78,0.44,0.79,0.0,0.0,0.0,0.0,0.81,0.81,0.84,0.82,0.85,0.86,0.82,0.82,0.79,0.79,0.83,0.84,0.0,0.0,0.84,0.83,0.82,0.84,0.83,0.84,0.82,0.0,0.82,0.82,0.83,0.83,0.83,0.81,0.82
2491,0.0,0.77,0.78,0.0,0.0,0.81,0.0,0.0,0.74,0.84,0.18,0.81,0.24,0.78,0.78,0.77,0.81,0.82,0.82,0.77,0.81,0.8,0.39,0.77,0.78,0.78,0.0,0.0,0.74,0.78,0.76,0.0,0.0,0.0,0.0,0.77,0.79,0.8,0.79,0.81,0.82,0.79,0.79,0.74,0.77,0.8,0.81,0.0,0.0,0.81,0.8,0.79,0.81,0.8,0.81,0.79,0.0,0.78,0.79,0.8,0.8,0.8,0.77,0.79
2492,0.0,0.69,0.7,0.0,0.0,0.73,0.0,0.0,0.16,0.74,0.68,0.72,0.14,0.69,0.68,0.65,0.72,0.73,0.72,0.67,0.72,0.7,0.26,0.72,0.7,0.71,0.0,0.0,0.68,0.7,0.69,0.0,0.0,0.0,0.0,0.7,0.72,0.72,0.7,0.72,0.73,0.7,0.71,0.68,0.65,0.71,0.73,0.0,0.0,0.72,0.72,0.71,0.73,0.71,0.73,0.71,0.0,0.71,0.71,0.72,0.72,0.72,0.69,0.71
2493,0.0,0.38,0.4,0.0,0.0,0.36,0.0,0.0,0.31,0.32,0.31,0.33,0.26,0.29,0.28,0.29,0.33,0.28,0.29,0.29,0.31,0.29,0.06,0.33,0.32,0.39,0.0,0.0,0.38,0.38,0.38,0.0,0.0,0.0,0.0,0.36,0.35,0.34,0.36,0.34,0.36,0.36,0.36,0.33,0.33,0.37,0.36,0.0,0.0,0.35,0.34,0.4,0.38,0.35,0.37,0.39,0.0,0.38,0.29,0.38,0.39,0.3,0.39,0.36
2494,0.0,0.06,0.06,0.0,0.0,0.04,0.0,0.0,0.02,0.03,0.03,0.03,0.0,0.01,0.01,0.01,0.03,0.01,0.01,0.01,0.03,0.01,0.0,0.03,0.01,0.06,0.0,0.0,0.06,0.06,0.06,0.0,0.0,0.0,0.0,0.05,0.05,0.05,0.03,0.05,0.05,0.04,0.05,0.03,0.03,0.04,0.04,0.0,0.0,0.04,0.02,0.04,0.06,0.04,0.05,0.06,0.0,0.06,0.02,0.06,0.03,0.03,0.04,0.02
2495,0.0,0.0,0.0,0.0,0.0,0.0,0.0,0.0,0.0,0.0,0.0,0.0,0.0,0.0,0.0,0.0,0.0,0.0,0.0,0.0,0.0,0.0,0.0,0.0,0.0,0.0,0.0,0.0,0.0,0.0,0.0,0.0,0.0,0.0,0.0,0.0,0.0,0.0,0.0,0.0,0.0,0.0,0.0,0.0,0.0,0.0,0.0,0.0,0.0,0.0,0.0,0.0,0.0,0.0,0.0,0.0,0.0,0.0,0.0,0.0,0.0,0.0,0.0,0.0
2496,0.0,0.0,0.0,0.0,0.0,0.0,0.0,0.0,0.0,0.0,0.0,0.0,0.0,0.0,0.0,0.0,0.0,0.0,0.0,0.0,0.0,0.0,0.0,0.0,0.0,0.0,0.0,0.0,0.0,0.0,0.0,0.0,0.0,0.0,0.0,0.0,0.0,0.0,0.0,0.0,0.0,0.0,0.0,0.0,0.0,0.0,0.0,0.0,0.0,0.0,0.0,0.0,0.0,0.0,0.0,0.0,0.0,0.0,0.0,0.0,0.0,0.0,0.0,0.0
2497,0.0,0.0,0.0,0.0,0.0,0.0,0.0,0.0,0.0,0.0,0.0,0.0,0.0,0.0,0.0,0.0,0.0,0.0,0.0,0.0,0.0,0.0,0.0,0.0,0.0,0.0,0.0,0.0,0.0,0.0,0.0,0.0,0.0,0.0,0.0,0.0,0.0,0.0,0.0,0.0,0.0,0.0,0.0,0.0,0.0,0.0,0.0,0.0,0.0,0.0,0.0,0.0,0.0,0.0,0.0,0.0,0.0,0.0,0.0,0.0,0.0,0.0,0.0,0.0
2498,0.0,0.0,0.0,0.0,0.0,0.0,0.0,0.0,0.0,0.0,0.0,0.0,0.0,0.0,0.0,0.0,0.0,0.0,0.0,0.0,0.0,0.0,0.0,0.0,0.0,0.0,0.0,0.0,0.0,0.0,0.0,0.0,0.0,0.0,0.0,0.0,0.0,0.0,0.0,0.0,0.0,0.0,0.0,0.0,0.0,0.0,0.0,0.0,0.0,0.0,0.0,0.0,0.0,0.0,0.0,0.0,0.0,0.0,0.0,0.0,0.0,0.0,0.0,0.0
2499,0.0,0.0,0.0,0.0,0.0,0.0,0.0,0.0,0.0,0.0,0.0,0.0,0.0,0.0,0.0,0.0,0.0,0.0,0.0,0.0,0.0,0.0,0.0,0.0,0.0,0.0,0.0,0.0,0.0,0.0,0.0,0.0,0.0,0.0,0.0,0.0,0.0,0.0,0.0,0.0,0.0,0.0,0.0,0.0,0.0,0.0,0.0,0.0,0.0,0.0,0.0,0.0,0.0,0.0,0.0,0.0,0.0,0.0,0.0,0.0,0.0,0.0,0.0,0.0
2500,0.0,0.0,0.0,0.0,0.0,0.0,0.0,0.0,0.0,0.0,0.0,0.0,0.0,0.0,0.0,0.0,0.0,0.0,0.0,0.0,0.0,0.0,0.0,0.0,0.0,0.0,0.0,0.0,0.0,0.0,0.0,0.0,0.0,0.0,0.0,0.0,0.0,0.0,0.0,0.0,0.0,0.0,0.0,0.0,0.0,0.0,0.0,0.0,0.0,0.0,0.0,0.0,0.0,0.0,0.0,0.0,0.0,0.0,0.0,0.0,0.0,0.0,0.0,0.0
2501,0.0,0.0,0.0,0.0,0.0,0.0,0.0,0.0,0.0,0.0,0.0,0.0,0.0,0.0,0.0,0.0,0.0,0.0,0.0,0.0,0.0,0.0,0.0,0.0,0.0,0.0,0.0,0.0,0.0,0.0,0.0,0.0,0.0,0.0,0.0,0.0,0.0,0.0,0.0,0.0,0.0,0.0,0.0,0.0,0.0,0.0,0.0,0.0,0.0,0.0,0.0,0.0,0.0,0.0,0.0,0.0,0.0,0.0,0.0,0.0,0.0,0.0,0.0,0.0
2502,0.0,0.0,0.0,0.0,0.0,0.0,0.0,0.0,0.0,0.0,0.0,0.0,0.0,0.0,0.0,0.0,0.0,0.0,0.0,0.0,0.0,0.0,0.0,0.0,0.0,0.0,0.0,0.0,0.0,0.0,0.0,0.0,0.0,0.0,0.0,0.0,0.0,0.0,0.0,0.0,0.0,0.0,0.0,0.0,0.0,0.0,0.0,0.0,0.0,0.0,0.0,0.0,0.0,0.0,0.0,0.0,0.0,0.0,0.0,0.0,0.0,0.0,0.0,0.0
2503,0.0,0.0,0.0,0.0,0.0,0.0,0.0,0.0,0.0,0.0,0.0,0.0,0.0,0.0,0.0,0.0,0.0,0.0,0.0,0.0,0.0,0.0,0.0,0.0,0.0,0.0,0.0,0.0,0.0,0.0,0.0,0.0,0.0,0.0,0.0,0.0,0.0,0.0,0.0,0.0,0.0,0.0,0.0,0.0,0.0,0.0,0.0,0.0,0.0,0.0,0.0,0.0,0.0,0.0,0.0,0.0,0.0,0.0,0.0,0.0,0.0,0.0,0.0,0.0
2504,0.0,0.0,0.0,0.0,0.0,0.0,0.0,0.0,0.0,0.0,0.0,0.0,0.0,0.0,0.0,0.0,0.0,0.0,0.0,0.0,0.0,0.0,0.0,0.0,0.0,0.0,0.0,0.0,0.0,0.0,0.0,0.0,0.0,0.0,0.0,0.0,0.0,0.0,0.0,0.0,0.0,0.0,0.0,0.0,0.0,0.0,0.0,0.0,0.0,0.0,0.0,0.0,0.0,0.0,0.0,0.0,0.0,0.0,0.0,0.0,0.0,0.0,0.0,0.0
2505,0.0,0.0,0.0,0.0,0.0,0.0,0.0,0.0,0.0,0.0,0.0,0.0,0.0,0.0,0.0,0.0,0.0,0.0,0.0,0.0,0.0,0.0,0.0,0.0,0.0,0.0,0.0,0.0,0.0,0.0,0.0,0.0,0.0,0.0,0.0,0.0,0.0,0.0,0.0,0.0,0.0,0.0,0.0,0.0,0.0,0.0,0.0,0.0,0.0,0.0,0.0,0.0,0.0,0.0,0.0,0.0,0.0,0.0,0.0,0.0,0.0,0.0,0.0,0.0
2506,0.0,0.0,0.0,0.0,0.0,0.11,0.0,0.0,0.1,0.09,0.07,0.1,0.16,0.14,0.12,0.15,0.07,0.12,0.12,0.15,0.08,0.11,0.18,0.02,0.07,0.01,0.0,0.0,0.1,0.01,0.01,0.0,0.0,0.0,0.0,0.11,0.03,0.12,0.11,0.09,0.12,0.11,0.08,0.04,0.03,0.11,0.11,0.0,0.0,0.12,0.1,0.09,0.11,0.09,0.12,0.07,0.0,0.09,0.1,0.1,0.1,0.1,0.1,0.1
2507,0.0,0.04,0.02,0.0,0.0,0.05,0.0,0.0,0.59,0.41,0.52,0.57,0.48,0.48,0.46,0.54,0.29,0.43,0.38,0.59,0.49,0.43,0.44,0.09,0.56,0.47,0.0,0.0,0.02,0.02,0.48,0.0,0.0,0.0,0.0,0.06,0.14,0.56,0.53,0.57,0.54,0.54,0.29,0.15,0.1,0.54,0.04,0.0,0.0,0.05,0.5,0.48,0.46,0.43,0.46,0.38,0.0,0.46,0.5,0.44,0.5,0.47,0.47,0.51
2508,0.0,0.69,0.68,0.0,0.0,0.69,0.0,0.0,0.74,0.72,0.74,0.74,0.73,0.7,0.72,0.75,0.74,0.64,0.6,0.73,0.65,0.68,0.69,0.4,0.71,0.06,0.0,0.0,0.66,0.68,0.06,0.0,0.0,0.0,0.0,0.13,0.46,0.72,0.72,0.73,0.72,0.72,0.73,0.53,0.32,0.72,0.56,0.0,0.0,0.18,0.72,0.16,0.7,0.71,0.7,0.67,0.0,0.66,0.72,0.67,0.71,0.73,0.67,0.72
2509,0.0,0.17,0.21,0.0,0.0,0.42,0.0,0.0,0.8,0.79,0.79,0.81,0.76,0.77,0.78,0.79,0.81,0.79,0.81,0.8,0.78,0.77,0.76,0.8,0.53,0.76,0.0,0.0,0.14,0.21,0.75,0.0,0.0,0.0,0.0,0.05,0.79,0.79,0.07,0.8,0.8,0.13,0.78,0.79,0.8,0.16,0.74,0.0,0.0,0.76,0.11,0.1,0.76,0.73,0.77,0.75,0.0,0.75,0.17,0.76,0.09,0.36,0.06,0.11
2510,0.0,0.28,0.3,0.0,0.0,0.2,0.0,0.0,0.81,0.82,0.81,0.83,0.81,0.81,0.82,0.83,0.82,0.8,0.83,0.82,0.81,0.8,0.81,0.82,0.18,0.8,0.0,0.0,0.79,0.25,0.78,0.0,0.0,0.0,0.0,0.8,0.81,0.82,0.09,0.82,0.8,0.14,0.16,0.81,0.82,0.08,0.28,0.0,0.0,0.35,0.12,0.76,0.61,0.07,0.78,0.1,0.0,0.08,0.07,0.47,0.18,0.07,0.81,0.1
2511,0.0,0.29,0.21,0.0,0.0,0.1,0.0,0.0,0.82,0.83,0.82,0.83,0.79,0.81,0.82,0.84,0.83,0.81,0.83,0.83,0.8,0.8,0.8,0.84,0.6,0.5,0.0,0.0,0.81,0.32,0.34,0.0,0.0,0.0,0.0,0.81,0.14,0.55,0.6,0.84,0.19,0.51,0.37,0.44,0.4,0.43,0.11,0.0,0.0,0.14,0.1,0.83,0.22,0.07,0.76,0.08,0.0,0.13,0.08,0.09,0.22,0.07,0.83,0.12
2512,0.0,0.2,0.17,0.0,0.0,0.1,0.0,0.0,0.83,0.81,0.65,0.83,0.79,0.82,0.83,0.84,0.81,0.82,0.81,0.84,0.79,0.81,0.8,0.19,0.81,0.33,0.0,0.0,0.28,0.23,0.27,0.0,0.0,0.0,0.0,0.23,0.29,0.13,0.51,0.12,0.17,0.46,0.22,0.32,0.17,0.28,0.12,0.0,0.0,0.12,0.51,0.83,0.12,0.26,0.08,0.23,0.0,0.83,0.38,0.12,0.34,0.5,0.43,0.32
2513,0.0,0.12,0.15,0.0,0.0,0.08,0.0,0.0,0.22,0.79,0.12,0.8,0.78,0.8,0.83,0.84,0.12,0.79,0.77,0.83,0.79,0.78,0.78,0.51,0.15,0.16,0.0,0.0,0.21,0.12,0.22,0.0,0.0,0.0,0.0,0.43,0.23,0.27,0.18,0.45,0.2,0.28,0.51,0.21,0.2,0.31,0.1,0.0,0.0,0.08,0.82,0.69,0.69,0.28,0.1,0.17,0.0,0.29,0.82,0.36,0.82,0.59,0.58,0.82
2514,0.0,0.08,0.14,0.0,0.0,0.09,0.0,0.0,0.12,0.77,0.3,0.68,0.75,0.8,0.81,0.81,0.8,0.79,0.76,0.5,0.77,0.78,0.72,0.82,0.08,0.11,0.0,0.0,0.1,0.08,0.13,0.0,0.0,0.0,0.0,0.34,0.83,0.82,0.78,0.82,0.82,0.81,0.79,0.83,0.84,0.42,0.09,0.0,0.0,0.1,0.83,0.07,0.78,0.3,0.29,0.7,0.0,0.38,0.82,0.72,0.82,0.53,0.09,0.82
2515,0.0,0.07,0.08,0.0,0.0,0.06,0.0,0.0,0.81,0.73,0.79,0.8,0.76,0.8,0.79,0.78,0.82,0.78,0.75,0.79,0.08,0.79,0.77,0.82,0.05,0.1,0.0,0.0,0.1,0.06,0.07,0.0,0.0,0.0,0.0,0.08,0.29,0.82,0.1,0.81,0.19,0.09,0.81,0.48,0.82,0.15,0.05,0.0,0.0,0.06,0.82,0.3,0.18,0.77,0.78,0.09,0.0,0.21,0.81,0.28,0.41,0.81,0.22,0.82
2516,0.0,0.05,0.06,0.0,0.0,0.07,0.0,0.0,0.72,0.65,0.73,0.72,0.64,0.72,0.72,0.71,0.74,0.67,0.64,0.71,0.69,0.71,0.66,0.19,0.08,0.03,0.0,0.0,0.03,0.05,0.02,0.0,0.0,0.0,0.0,0.09,0.33,0.11,0.15,0.1,0.26,0.19,0.27,0.1,0.18,0.14,0.06,0.0,0.0,0.05,0.76,0.09,0.74,0.75,0.14,0.05,0.0,0.75,0.76,0.45,0.07,0.76,0.09,0.1
2517,0.0,0.02,0.03,0.0,0.0,0.02,0.0,0.0,0.34,0.29,0.35,0.32,0.26,0.31,0.31,0.32,0.34,0.08,0.28,0.32,0.09,0.31,0.26,0.04,0.01,0.01,0.0,0.0,0.01,0.02,0.02,0.0,0.0,0.0,0.0,0.02,0.09,0.37,0.04,0.37,0.06,0.04,0.04,0.29,0.04,0.05,0.02,0.0,0.0,0.02,0.04,0.02,0.1,0.42,0.11,0.07,0.0,0.22,0.04,0.15,0.03,0.09,0.02,0.03
2518,0.0,0.0,0.01,0.0,0.0,0.0,0.0,0.0,0.04,0.04,0.0,0.04,0.01,0.04,0.04,0.04,0.05,0.03,0.04,0.04,0.0,0.04,0.0,0.0,0.0,0.0,0.0,0.0,0.0,0.0,0.0,0.0,0.0,0.0,0.0,0.0,0.0,0.0,0.0,0.0,0.0,0.0,0.0,0.0,0.0,0.0,0.0,0.0,0.0,0.0,0.0,0.02,0.0,0.01,0.0,0.01,0.0,0.0,0.0,0.02,0.0,0.0,0.0,0.0
2519,0.0,0.0,0.0,0.0,0.0,0.0,0.0,0.0,0.0,0.0,0.0,0.0,0.0,0.0,0.0,0.0,0.0,0.0,0.0,0.0,0.0,0.0,0.0,0.0,0.0,0.0,0.0,0.0,0.0,0.0,0.0,0.0,0.0,0.0,0.0,0.0,0.0,0.0,0.0,0.0,0.0,0.0,0.0,0.0,0.0,0.0,0.0,0.0,0.0,0.0,0.0,0.0,0.0,0.0,0.0,0.0,0.0,0.0,0.0,0.0,0.0,0.0,0.0,0.0
2520,0.0,0.0,0.0,0.0,0.0,0.0,0.0,0.0,0.0,0.0,0.0,0.0,0.0,0.0,0.0,0.0,0.0,0.0,0.0,0.0,0.0,0.0,0.0,0.0,0.0,0.0,0.0,0.0,0.0,0.0,0.0,0.0,0.0,0.0,0.0,0.0,0.0,0.0,0.0,0.0,0.0,0.0,0.0,0.0,0.0,0.0,0.0,0.0,0.0,0.0,0.0,0.0,0.0,0.0,0.0,0.0,0.0,0.0,0.0,0.0,0.0,0.0,0.0,0.0
2521,0.0,0.0,0.0,0.0,0.0,0.0,0.0,0.0,0.0,0.0,0.0,0.0,0.0,0.0,0.0,0.0,0.0,0.0,0.0,0.0,0.0,0.0,0.0,0.0,0.0,0.0,0.0,0.0,0.0,0.0,0.0,0.0,0.0,0.0,0.0,0.0,0.0,0.0,0.0,0.0,0.0,0.0,0.0,0.0,0.0,0.0,0.0,0.0,0.0,0.0,0.0,0.0,0.0,0.0,0.0,0.0,0.0,0.0,0.0,0.0,0.0,0.0,0.0,0.0
2522,0.0,0.0,0.0,0.0,0.0,0.0,0.0,0.0,0.0,0.0,0.0,0.0,0.0,0.0,0.0,0.0,0.0,0.0,0.0,0.0,0.0,0.0,0.0,0.0,0.0,0.0,0.0,0.0,0.0,0.0,0.0,0.0,0.0,0.0,0.0,0.0,0.0,0.0,0.0,0.0,0.0,0.0,0.0,0.0,0.0,0.0,0.0,0.0,0.0,0.0,0.0,0.0,0.0,0.0,0.0,0.0,0.0,0.0,0.0,0.0,0.0,0.0,0.0,0.0
2523,0.0,0.0,0.0,0.0,0.0,0.0,0.0,0.0,0.0,0.0,0.0,0.0,0.0,0.0,0.0,0.0,0.0,0.0,0.0,0.0,0.0,0.0,0.0,0.0,0.0,0.0,0.0,0.0,0.0,0.0,0.0,0.0,0.0,0.0,0.0,0.0,0.0,0.0,0.0,0.0,0.0,0.0,0.0,0.0,0.0,0.0,0.0,0.0,0.0,0.0,0.0,0.0,0.0,0.0,0.0,0.0,0.0,0.0,0.0,0.0,0.0,0.0,0.0,0.0
2524,0.0,0.0,0.0,0.0,0.0,0.0,0.0,0.0,0.0,0.0,0.0,0.0,0.0,0.0,0.0,0.0,0.0,0.0,0.0,0.0,0.0,0.0,0.0,0.0,0.0,0.0,0.0,0.0,0.0,0.0,0.0,0.0,0.0,0.0,0.0,0.0,0.0,0.0,0.0,0.0,0.0,0.0,0.0,0.0,0.0,0.0,0.0,0.0,0.0,0.0,0.0,0.0,0.0,0.0,0.0,0.0,0.0,0.0,0.0,0.0,0.0,0.0,0.0,0.0
2525,0.0,0.0,0.0,0.0,0.0,0.0,0.0,0.0,0.0,0.0,0.0,0.0,0.0,0.0,0.0,0.0,0.0,0.0,0.0,0.0,0.0,0.0,0.0,0.0,0.0,0.0,0.0,0.0,0.0,0.0,0.0,0.0,0.0,0.0,0.0,0.0,0.0,0.0,0.0,0.0,0.0,0.0,0.0,0.0,0.0,0.0,0.0,0.0,0.0,0.0,0.0,0.0,0.0,0.0,0.0,0.0,0.0,0.0,0.0,0.0,0.0,0.0,0.0,0.0
2526,0.0,0.0,0.0,0.0,0.0,0.0,0.0,0.0,0.0,0.0,0.0,0.0,0.0,0.0,0.0,0.0,0.0,0.0,0.0,0.0,0.0,0.0,0.0,0.0,0.0,0.0,0.0,0.0,0.0,0.0,0.0,0.0,0.0,0.0,0.0,0.0,0.0,0.0,0.0,0.0,0.0,0.0,0.0,0.0,0.0,0.0,0.0,0.0,0.0,0.0,0.0,0.0,0.0,0.0,0.0,0.0,0.0,0.0,0.0,0.0,0.0,0.0,0.0,0.0
2527,0.0,0.0,0.0,0.0,0.0,0.0,0.0,0.0,0.0,0.0,0.0,0.0,0.0,0.0,0.0,0.0,0.0,0.0,0.0,0.0,0.0,0.0,0.0,0.0,0.0,0.0,0.0,0.0,0.0,0.0,0.0,0.0,0.0,0.0,0.0,0.0,0.0,0.0,0.0,0.0,0.0,0.0,0.0,0.0,0.0,0.0,0.0,0.0,0.0,0.0,0.0,0.0,0.0,0.0,0.0,0.0,0.0,0.0,0.0,0.0,0.0,0.0,0.0,0.0
2528,0.0,0.0,0.0,0.0,0.0,0.0,0.0,0.0,0.0,0.0,0.0,0.0,0.0,0.0,0.0,0.0,0.0,0.0,0.0,0.0,0.0,0.0,0.0,0.0,0.0,0.0,0.0,0.0,0.0,0.0,0.0,0.0,0.0,0.0,0.0,0.0,0.0,0.0,0.0,0.0,0.0,0.0,0.0,0.0,0.0,0.0,0.0,0.0,0.0,0.0,0.0,0.0,0.0,0.0,0.0,0.0,0.0,0.0,0.0,0.0,0.0,0.0,0.0,0.0
2529,0.0,0.0,0.0,0.0,0.0,0.0,0.0,0.0,0.0,0.0,0.0,0.0,0.0,0.0,0.0,0.0,0.0,0.0,0.0,0.0,0.0,0.0,0.0,0.0,0.0,0.0,0.0,0.0,0.0,0.0,0.0,0.0,0.0,0.0,0.0,0.0,0.0,0.0,0.0,0.0,0.0,0.0,0.0,0.0,0.0,0.0,0.0,0.0,0.0,0.0,0.0,0.0,0.0,0.0,0.0,0.0,0.0,0.0,0.0,0.0,0.0,0.0,0.0,0.0
2530,0.0,0.0,0.01,0.0,0.0,0.02,0.0,0.0,0.0,0.01,0.0,0.01,0.03,0.01,0.01,0.0,0.05,0.2,0.18,0.0,0.17,0.01,0.03,0.01,0.14,0.01,0.0,0.0,0.0,0.01,0.0,0.0,0.0,0.0,0.0,0.01,0.01,0.0,0.0,0.0,0.0,0.0,0.0,0.01,0.01,0.0,0.02,0.0,0.0,0.02,0.01,0.01,0.01,0.02,0.03,0.06,0.0,0.01,0.0,0.02,0.01,0.01,0.01,0.01
2531,0.0,0.02,0.03,0.0,0.0,0.06,0.0,0.0,0.02,0.03,0.02,0.03,0.04,0.02,0.02,0.02,0.07,0.63,0.65,0.02,0.64,0.02,0.11,0.03,0.53,0.03,0.0,0.0,0.02,0.03,0.02,0.0,0.0,0.0,0.0,0.03,0.03,0.02,0.02,0.02,0.03,0.02,0.02,0.03,0.03,0.02,0.06,0.0,0.0,0.07,0.03,0.04,0.04,0.11,0.09,0.12,0.0,0.04,0.02,0.06,0.04,0.03,0.03,0.03
2532,0.0,0.05,0.05,0.0,0.0,0.12,0.0,0.0,0.04,0.06,0.05,0.06,0.05,0.04,0.04,0.05,0.12,0.77,0.77,0.04,0.14,0.04,0.05,0.07,0.7,0.06,0.0,0.0,0.04,0.06,0.06,0.0,0.0,0.0,0.0,0.06,0.05,0.05,0.04,0.07,0.05,0.04,0.03,0.05,0.06,0.04,0.1,0.0,0.0,0.12,0.04,0.16,0.08,0.12,0.48,0.69,0.0,0.06,0.04,0.12,0.06,0.05,0.06,0.05
2533,0.0,0.07,0.06,0.0,0.0,0.29,0.0,0.0,0.08,0.13,0.08,0.09,0.06,0.07,0.1,0.15,0.21,0.36,0.79,0.13,0.15,0.07,0.16,0.1,0.77,0.1,0.0,0.0,0.07,0.07,0.09,0.0,0.0,0.0,0.0,0.17,0.09,0.07,0.1,0.1,0.05,0.1,0.06,0.08,0.09,0.09,0.28,0.0,0.0,0.23,0.12,0.77,0.1,0.47,0.76,0.11,0.0,0.11,0.06,0.11,0.13,0.11,0.1,0.1
2534,0.0,0.12,0.09,0.0,0.0,0.32,0.0,0.0,0.19,0.2,0.15,0.15,0.14,0.21,0.21,0.17,0.28,0.29,0.73,0.16,0.24,0.24,0.13,0.14,0.79,0.13,0.0,0.0,0.1,0.11,0.11,0.0,0.0,0.0,0.0,0.69,0.12,0.1,0.25,0.14,0.12,0.42,0.1,0.12,0.12,0.2,0.34,0.0,0.0,0.33,0.32,0.48,0.31,0.75,0.52,0.63,0.0,0.28,0.12,0.66,0.39,0.2,0.15,0.18
2535,0.0,0.43,0.3,0.0,0.0,0.43,0.0,0.0,0.2,0.35,0.16,0.21,0.15,0.3,0.36,0.58,0.3,0.28,0.32,0.33,0.28,0.3,0.15,0.16,0.81,0.17,0.0,0.0,0.12,0.35,0.11,0.0,0.0,0.0,0.0,0.7,0.17,0.13,0.49,0.14,0.19,0.65,0.66,0.16,0.14,0.66,0.39,0.0,0.0,0.5,0.69,0.35,0.72,0.67,0.71,0.7,0.0,0.3,0.11,0.71,0.28,0.56,0.16,0.23
2536,0.0,0.83,0.16,0.0,0.0,0.62,0.0,0.0,0.22,0.58,0.16,0.21,0.29,0.32,0.65,0.61,0.3,0.35,0.6,0.31,0.37,0.44,0.18,0.18,0.74,0.29,0.0,0.0,0.1,0.82,0.45,0.0,0.0,0.0,0.0,0.67,0.16,0.14,0.65,0.17,0.2,0.67,0.48,0.31,0.16,0.7,0.61,0.0,0.0,0.83,0.78,0.22,0.79,0.27,0.75,0.66,0.0,0.8,0.12,0.79,0.3,0.79,0.17,0.17
2537,0.0,0.8,0.66,0.0,0.0,0.82,0.0,0.0,0.17,0.85,0.16,0.15,0.6,0.26,0.36,0.36,0.26,0.35,0.87,0.18,0.53,0.4,0.33,0.33,0.82,0.82,0.0,0.0,0.14,0.81,0.8,0.0,0.0,0.0,0.0,0.8,0.74,0.13,0.72,0.09,0.08,0.72,0.71,0.69,0.3,0.72,0.83,0.0,0.0,0.82,0.76,0.45,0.45,0.78,0.68,0.74,0.0,0.73,0.76,0.45,0.74,0.75,0.1,0.76
2538,0.0,0.66,0.66,0.0,0.0,0.8,0.0,0.0,0.33,0.81,0.25,0.08,0.49,0.15,0.14,0.16,0.27,0.23,0.57,0.1,0.42,0.18,0.55,0.74,0.81,0.8,0.0,0.0,0.81,0.73,0.8,0.0,0.0,0.0,0.0,0.8,0.76,0.1,0.81,0.08,0.17,0.81,0.74,0.76,0.73,0.81,0.8,0.0,0.0,0.8,0.78,0.81,0.51,0.68,0.58,0.76,0.0,0.61,0.79,0.74,0.79,0.76,0.82,0.81
2539,0.0,0.69,0.68,0.0,0.0,0.67,0.0,0.0,0.34,0.68,0.11,0.09,0.14,0.06,0.11,0.15,0.23,0.32,0.79,0.14,0.31,0.07,0.13,0.74,0.78,0.29,0.0,0.0,0.69,0.44,0.32,0.0,0.0,0.0,0.0,0.71,0.76,0.1,0.76,0.07,0.39,0.76,0.78,0.77,0.74,0.77,0.72,0.0,0.0,0.72,0.79,0.6,0.74,0.77,0.35,0.76,0.0,0.73,0.78,0.6,0.77,0.79,0.64,0.77
2540,0.0,0.67,0.72,0.0,0.0,0.54,0.0,0.0,0.14,0.34,0.07,0.06,0.08,0.06,0.14,0.35,0.04,0.09,0.48,0.07,0.35,0.09,0.1,0.21,0.52,0.27,0.0,0.0,0.6,0.66,0.17,0.0,0.0,0.0,0.0,0.66,0.51,0.05,0.59,0.03,0.7,0.59,0.54,0.54,0.18,0.55,0.52,0.0,0.0,0.48,0.71,0.71,0.66,0.69,0.35,0.67,0.0,0.7,0.69,0.61,0.7,0.7,0.68,0.7
2541,0.0,0.38,0.07,0.0,0.0,0.27,0.0,0.0,0.05,0.12,0.12,0.0,0.04,0.03,0.09,0.15,0.05,0.02,0.11,0.04,0.1,0.03,0.04,0.08,0.23,0.17,0.0,0.0,0.38,0.39,0.12,0.0,0.0,0.0,0.0,0.34,0.3,0.02,0.29,0.02,0.27,0.28,0.24,0.26,0.29,0.26,0.26,0.0,0.0,0.14,0.38,0.21,0.36,0.38,0.36,0.37,0.0,0.37,0.38,0.36,0.38,0.38,0.14,0.38
2542,0.0,0.0,0.0,0.0,0.0,0.0,0.0,0.0,0.0,0.0,0.0,0.0,0.0,0.0,0.0,0.0,0.0,0.0,0.0,0.0,0.0,0.0,0.0,0.02,0.0,0.0,0.0,0.0,0.0,0.0,0.0,0.0,0.0,0.0,0.0,0.06,0.04,0.0,0.06,0.0,0.04,0.06,0.05,0.04,0.03,0.06,0.0,0.0,0.0,0.0,0.01,0.05,0.06,0.02,0.06,0.0,0.0,0.02,0.02,0.04,0.02,0.01,0.01,0.02
2543,0.0,0.0,0.0,0.0,0.0,0.0,0.0,0.0,0.0,0.0,0.0,0.0,0.0,0.0,0.0,0.0,0.0,0.0,0.0,0.0,0.0,0.0,0.0,0.0,0.0,0.0,0.0,0.0,0.0,0.0,0.0,0.0,0.0,0.0,0.0,0.0,0.0,0.0,0.0,0.0,0.0,0.0,0.0,0.0,0.0,0.0,0.0,0.0,0.0,0.0,0.0,0.0,0.0,0.0,0.0,0.0,0.0,0.0,0.0,0.0,0.0,0.0,0.0,0.0
2544,0.0,0.0,0.0,0.0,0.0,0.0,0.0,0.0,0.0,0.0,0.0,0.0,0.0,0.0,0.0,0.0,0.0,0.0,0.0,0.0,0.0,0.0,0.0,0.0,0.0,0.0,0.0,0.0,0.0,0.0,0.0,0.0,0.0,0.0,0.0,0.0,0.0,0.0,0.0,0.0,0.0,0.0,0.0,0.0,0.0,0.0,0.0,0.0,0.0,0.0,0.0,0.0,0.0,0.0,0.0,0.0,0.0,0.0,0.0,0.0,0.0,0.0,0.0,0.0
2545,0.0,0.0,0.0,0.0,0.0,0.0,0.0,0.0,0.0,0.0,0.0,0.0,0.0,0.0,0.0,0.0,0.0,0.0,0.0,0.0,0.0,0.0,0.0,0.0,0.0,0.0,0.0,0.0,0.0,0.0,0.0,0.0,0.0,0.0,0.0,0.0,0.0,0.0,0.0,0.0,0.0,0.0,0.0,0.0,0.0,0.0,0.0,0.0,0.0,0.0,0.0,0.0,0.0,0.0,0.0,0.0,0.0,0.0,0.0,0.0,0.0,0.0,0.0,0.0
2546,0.0,0.0,0.0,0.0,0.0,0.0,0.0,0.0,0.0,0.0,0.0,0.0,0.0,0.0,0.0,0.0,0.0,0.0,0.0,0.0,0.0,0.0,0.0,0.0,0.0,0.0,0.0,0.0,0.0,0.0,0.0,0.0,0.0,0.0,0.0,0.0,0.0,0.0,0.0,0.0,0.0,0.0,0.0,0.0,0.0,0.0,0.0,0.0,0.0,0.0,0.0,0.0,0.0,0.0,0.0,0.0,0.0,0.0,0.0,0.0,0.0,0.0,0.0,0.0
2547,0.0,0.0,0.0,0.0,0.0,0.0,0.0,0.0,0.0,0.0,0.0,0.0,0.0,0.0,0.0,0.0,0.0,0.0,0.0,0.0,0.0,0.0,0.0,0.0,0.0,0.0,0.0,0.0,0.0,0.0,0.0,0.0,0.0,0.0,0.0,0.0,0.0,0.0,0.0,0.0,0.0,0.0,0.0,0.0,0.0,0.0,0.0,0.0,0.0,0.0,0.0,0.0,0.0,0.0,0.0,0.0,0.0,0.0,0.0,0.0,0.0,0.0,0.0,0.0
2548,0.0,0.0,0.0,0.0,0.0,0.0,0.0,0.0,0.0,0.0,0.0,0.0,0.0,0.0,0.0,0.0,0.0,0.0,0.0,0.0,0.0,0.0,0.0,0.0,0.0,0.0,0.0,0.0,0.0,0.0,0.0,0.0,0.0,0.0,0.0,0.0,0.0,0.0,0.0,0.0,0.0,0.0,0.0,0.0,0.0,0.0,0.0,0.0,0.0,0.0,0.0,0.0,0.0,0.0,0.0,0.0,0.0,0.0,0.0,0.0,0.0,0.0,0.0,0.0
2549,0.0,0.0,0.0,0.0,0.0,0.0,0.0,0.0,0.0,0.0,0.0,0.0,0.0,0.0,0.0,0.0,0.0,0.0,0.0,0.0,0.0,0.0,0.0,0.0,0.0,0.0,0.0,0.0,0.0,0.0,0.0,0.0,0.0,0.0,0.0,0.0,0.0,0.0,0.0,0.0,0.0,0.0,0.0,0.0,0.0,0.0,0.0,0.0,0.0,0.0,0.0,0.0,0.0,0.0,0.0,0.0,0.0,0.0,0.0,0.0,0.0,0.0,0.0,0.0
2550,0.0,0.0,0.0,0.0,0.0,0.0,0.0,0.0,0.0,0.0,0.0,0.0,0.0,0.0,0.0,0.0,0.0,0.0,0.0,0.0,0.0,0.0,0.0,0.0,0.0,0.0,0.0,0.0,0.0,0.0,0.0,0.0,0.0,0.0,0.0,0.0,0.0,0.0,0.0,0.0,0.0,0.0,0.0,0.0,0.0,0.0,0.0,0.0,0.0,0.0,0.0,0.0,0.0,0.0,0.0,0.0,0.0,0.0,0.0,0.0,0.0,0.0,0.0,0.0
2551,0.0,0.0,0.0,0.0,0.0,0.0,0.0,0.0,0.0,0.0,0.0,0.0,0.0,0.0,0.0,0.0,0.0,0.0,0.0,0.0,0.0,0.0,0.0,0.0,0.0,0.0,0.0,0.0,0.0,0.0,0.0,0.0,0.0,0.0,0.0,0.0,0.0,0.0,0.0,0.0,0.0,0.0,0.0,0.0,0.0,0.0,0.0,0.0,0.0,0.0,0.0,0.0,0.0,0.0,0.0,0.0,0.0,0.0,0.0,0.0,0.0,0.0,0.0,0.0
2552,0.0,0.0,0.0,0.0,0.0,0.0,0.0,0.0,0.0,0.0,0.0,0.0,0.0,0.0,0.0,0.0,0.0,0.0,0.0,0.0,0.0,0.0,0.0,0.0,0.0,0.0,0.0,0.0,0.0,0.0,0.0,0.0,0.0,0.0,0.0,0.0,0.0,0.0,0.0,0.0,0.0,0.0,0.0,0.0,0.0,0.0,0.0,0.0,0.0,0.0,0.0,0.0,0.0,0.0,0.0,0.0,0.0,0.0,0.0,0.0,0.0,0.0,0.0,0.0
2553,0.0,0.0,0.0,0.0,0.0,0.0,0.0,0.0,0.0,0.0,0.0,0.0,0.0,0.0,0.0,0.0,0.0,0.0,0.0,0.0,0.0,0.0,0.0,0.0,0.0,0.0,0.0,0.0,0.0,0.0,0.0,0.0,0.0,0.0,0.0,0.0,0.0,0.0,0.0,0.0,0.0,0.0,0.0,0.0,0.0,0.0,0.0,0.0,0.0,0.0,0.0,0.0,0.0,0.0,0.0,0.0,0.0,0.0,0.0,0.0,0.0,0.0,0.0,0.0
2554,0.0,0.0,0.0,0.0,0.0,0.0,0.0,0.0,0.0,0.0,0.0,0.0,0.1,0.0,0.0,0.0,0.0,0.0,0.0,0.0,0.0,0.0,0.04,0.0,0.06,0.0,0.0,0.0,0.0,0.0,0.0,0.0,0.0,0.0,0.0,0.01,0.0,0.0,0.0,0.0,0.0,0.0,0.0,0.0,0.0,0.0,0.0,0.0,0.0,0.0,0.0,0.0,0.01,0.01,0.03,0.0,0.0,0.0,0.0,0.0,0.0,0.0,0.0,0.0
2555,0.0,0.0,0.0,0.0,0.0,0.0,0.0,0.0,0.01,0.02,0.01,0.0,0.3,0.01,0.01,0.03,0.0,0.0,0.0,0.02,0.02,0.01,0.18,0.02,0.06,0.0,0.0,0.0,0.0,0.0,0.0,0.0,0.0,0.0,0.0,0.0,0.01,0.01,0.01,0.0,0.0,0.04,0.01,0.01,0.02,0.0,0.0,0.0,0.0,0.01,0.01,0.0,0.02,0.02,0.01,0.05,0.0,0.04,0.0,0.12,0.0,0.01,0.0,0.01
2556,0.0,0.01,0.01,0.0,0.0,0.02,0.0,0.0,0.01,0.03,0.02,0.01,0.54,0.07,0.04,0.05,0.01,0.01,0.01,0.03,0.02,0.05,0.48,0.11,0.13,0.03,0.0,0.0,0.0,0.02,0.01,0.0,0.0,0.0,0.0,0.01,0.01,0.01,0.0,0.01,0.02,0.0,0.0,0.01,0.18,0.0,0.02,0.0,0.0,0.01,0.0,0.01,0.01,0.0,0.2,0.0,0.0,0.02,0.0,0.06,0.02,0.0,0.0,0.02
2557,0.0,0.04,0.06,0.0,0.0,0.05,0.0,0.0,0.08,0.06,0.01,0.02,0.49,0.04,0.04,0.08,0.05,0.02,0.02,0.04,0.01,0.04,0.72,0.01,0.03,0.04,0.0,0.0,0.02,0.03,0.02,0.0,0.0,0.0,0.0,0.05,0.14,0.01,0.02,0.01,0.0,0.05,0.09,0.1,0.01,0.05,0.09,0.0,0.0,0.02,0.0,0.02,0.02,0.1,0.24,0.2,0.0,0.04,0.02,0.02,0.02,0.01,0.03,0.02
2558,0.0,0.08,0.09,0.0,0.0,0.02,0.0,0.0,0.07,0.03,0.07,0.04,0.17,0.06,0.04,0.1,0.17,0.03,0.02,0.1,0.02,0.06,0.32,0.1,0.03,0.07,0.0,0.0,0.04,0.08,0.04,0.0,0.0,0.0,0.0,0.02,0.1,0.02,0.05,0.02,0.02,0.04,0.1,0.02,0.1,0.14,0.02,0.0,0.0,0.03,0.01,0.03,0.03,0.04,0.02,0.04,0.0,0.05,0.02,0.04,0.02,0.02,0.08,0.03
2559,0.0,0.18,0.24,0.0,0.0,0.06,0.0,0.0,0.23,0.04,0.01,0.17,0.13,0.28,0.3,0.22,0.03,0.03,0.03,0.1,0.04,0.2,0.13,0.03,0.04,0.09,0.0,0.0,0.05,0.16,0.09,0.0,0.0,0.0,0.0,0.05,0.01,0.01,0.04,0.02,0.03,0.04,0.03,0.01,0.03,0.04,0.06,0.0,0.0,0.05,0.04,0.07,0.12,0.03,0.36,0.04,0.0,0.02,0.02,0.02,0.03,0.05,0.06,0.02
2560,0.0,0.84,0.85,0.0,0.0,0.08,0.0,0.0,0.15,0.04,0.03,0.04,0.09,0.7,0.39,0.56,0.04,0.02,0.02,0.43,0.11,0.65,0.08,0.01,0.05,0.17,0.0,0.0,0.09,0.66,0.15,0.0,0.0,0.0,0.0,0.06,0.04,0.02,0.06,0.02,0.03,0.06,0.06,0.03,0.02,0.06,0.08,0.0,0.0,0.08,0.04,0.04,0.04,0.05,0.07,0.06,0.0,0.04,0.03,0.08,0.04,0.05,0.07,0.04
2561,0.0,0.84,0.74,0.0,0.0,0.35,0.0,0.0,0.04,0.09,0.03,0.02,0.13,0.35,0.04,0.18,0.01,0.04,0.05,0.15,0.06,0.71,0.05,0.04,0.04,0.85,0.0,0.0,0.11,0.84,0.84,0.0,0.0,0.0,0.0,0.12,0.04,0.02,0.08,0.02,0.03,0.11,0.07,0.05,0.03,0.09,0.14,0.0,0.0,0.11,0.05,0.06,0.06,0.04,0.06,0.02,0.0,0.04,0.03,0.03,0.04,0.03,0.08,0.04
2562,0.0,0.17,0.14,0.0,0.0,0.59,0.0,0.0,0.02,0.02,0.02,0.02,0.42,0.04,0.01,0.02,0.01,0.02,0.02,0.03,0.1,0.05,0.09,0.04,0.01,0.04,0.0,0.0,0.03,0.09,0.07,0.0,0.0,0.0,0.0,0.33,0.03,0.02,0.15,0.02,0.02,0.26,0.16,0.02,0.02,0.15,0.56,0.0,0.0,0.63,0.01,0.04,0.04,0.01,0.03,0.03,0.0,0.04,0.06,0.04,0.04,0.02,0.08,0.05
2563,0.0,0.49,0.68,0.0,0.0,0.79,0.0,0.0,0.01,0.04,0.01,0.01,0.1,0.02,0.01,0.01,0.01,0.03,0.04,0.02,0.06,0.01,0.32,0.02,0.08,0.1,0.0,0.0,0.35,0.43,0.48,0.0,0.0,0.0,0.0,0.08,0.15,0.01,0.03,0.02,0.03,0.09,0.12,0.14,0.04,0.03,0.8,0.0,0.0,0.8,0.05,0.03,0.03,0.03,0.03,0.03,0.0,0.0,0.12,0.01,0.02,0.05,0.07,0.05
2564,0.0,0.76,0.76,0.0,0.0,0.7,0.0,0.0,0.01,0.01,0.02,0.0,0.04,0.02,0.0,0.03,0.01,0.01,0.02,0.0,0.08,0.0,0.05,0.04,0.52,0.78,0.0,0.0,0.78,0.77,0.78,0.0,0.0,0.0,0.0,0.05,0.05,0.02,0.05,0.03,0.03,0.05,0.09,0.08,0.05,0.05,0.71,0.0,0.0,0.71,0.0,0.04,0.01,0.02,0.02,0.04,0.0,0.02,0.01,0.02,0.06,0.0,0.79,0.06
2565,0.0,0.42,0.42,0.0,0.0,0.14,0.0,0.0,0.02,0.13,0.02,0.01,0.02,0.0,0.0,0.02,0.01,0.0,0.01,0.0,0.02,0.0,0.01,0.02,0.03,0.42,0.0,0.0,0.41,0.42,0.42,0.0,0.0,0.0,0.0,0.39,0.04,0.02,0.39,0.01,0.02,0.38,0.38,0.06,0.01,0.39,0.07,0.0,0.0,0.16,0.01,0.42,0.0,0.01,0.0,0.0,0.0,0.0,0.02,0.03,0.01,0.03,0.42,0.01
2566,0.0,0.06,0.06,0.0,0.0,0.05,0.0,0.0,0.0,0.0,0.0,0.0,0.0,0.0,0.0,0.0,0.0,0.0,0.0,0.0,0.0,0.0,0.0,0.0,0.0,0.06,0.0,0.0,0.06,0.06,0.06,0.0,0.0,0.0,0.0,0.06,0.0,0.05,0.06,0.01,0.0,0.06,0.06,0.0,0.04,0.06,0.05,0.0,0.0,0.05,0.06,0.06,0.0,0.02,0.0,0.0,0.0,0.0,0.02,0.0,0.06,0.02,0.06,0.06
2567,0.0,0.0,0.0,0.0,0.0,0.0,0.0,0.0,0.0,0.0,0.0,0.0,0.0,0.0,0.0,0.0,0.0,0.0,0.0,0.0,0.0,0.0,0.0,0.0,0.0,0.0,0.0,0.0,0.0,0.0,0.0,0.0,0.0,0.0,0.0,0.0,0.0,0.0,0.0,0.0,0.0,0.0,0.0,0.0,0.0,0.0,0.0,0.0,0.0,0.0,0.0,0.0,0.0,0.0,0.0,0.0,0.0,0.0,0.0,0.0,0.0,0.0,0.0,0.0
2568,0.0,0.0,0.0,0.0,0.0,0.0,0.0,0.0,0.0,0.0,0.0,0.0,0.0,0.0,0.0,0.0,0.0,0.0,0.0,0.0,0.0,0.0,0.0,0.0,0.0,0.0,0.0,0.0,0.0,0.0,0.0,0.0,0.0,0.0,0.0,0.0,0.0,0.0,0.0,0.0,0.0,0.0,0.0,0.0,0.0,0.0,0.0,0.0,0.0,0.0,0.0,0.0,0.0,0.0,0.0,0.0,0.0,0.0,0.0,0.0,0.0,0.0,0.0,0.0
2569,0.0,0.0,0.0,0.0,0.0,0.0,0.0,0.0,0.0,0.0,0.0,0.0,0.0,0.0,0.0,0.0,0.0,0.0,0.0,0.0,0.0,0.0,0.0,0.0,0.0,0.0,0.0,0.0,0.0,0.0,0.0,0.0,0.0,0.0,0.0,0.0,0.0,0.0,0.0,0.0,0.0,0.0,0.0,0.0,0.0,0.0,0.0,0.0,0.0,0.0,0.0,0.0,0.0,0.0,0.0,0.0,0.0,0.0,0.0,0.0,0.0,0.0,0.0,0.0
2570,0.0,0.0,0.0,0.0,0.0,0.0,0.0,0.0,0.0,0.0,0.0,0.0,0.0,0.0,0.0,0.0,0.0,0.0,0.0,0.0,0.0,0.0,0.0,0.0,0.0,0.0,0.0,0.0,0.0,0.0,0.0,0.0,0.0,0.0,0.0,0.0,0.0,0.0,0.0,0.0,0.0,0.0,0.0,0.0,0.0,0.0,0.0,0.0,0.0,0.0,0.0,0.0,0.0,0.0,0.0,0.0,0.0,0.0,0.0,0.0,0.0,0.0,0.0,0.0
2571,0.0,0.0,0.0,0.0,0.0,0.0,0.0,0.0,0.0,0.0,0.0,0.0,0.0,0.0,0.0,0.0,0.0,0.0,0.0,0.0,0.0,0.0,0.0,0.0,0.0,0.0,0.0,0.0,0.0,0.0,0.0,0.0,0.0,0.0,0.0,0.0,0.0,0.0,0.0,0.0,0.0,0.0,0.0,0.0,0.0,0.0,0.0,0.0,0.0,0.0,0.0,0.0,0.0,0.0,0.0,0.0,0.0,0.0,0.0,0.0,0.0,0.0,0.0,0.0
2572,0.0,0.0,0.0,0.0,0.0,0.0,0.0,0.0,0.0,0.0,0.0,0.0,0.0,0.0,0.0,0.0,0.0,0.0,0.0,0.0,0.0,0.0,0.0,0.0,0.0,0.0,0.0,0.0,0.0,0.0,0.0,0.0,0.0,0.0,0.0,0.0,0.0,0.0,0.0,0.0,0.0,0.0,0.0,0.0,0.0,0.0,0.0,0.0,0.0,0.0,0.0,0.0,0.0,0.0,0.0,0.0,0.0,0.0,0.0,0.0,0.0,0.0,0.0,0.0
2573,0.0,0.0,0.0,0.0,0.0,0.0,0.0,0.0,0.0,0.0,0.0,0.0,0.0,0.0,0.0,0.0,0.0,0.0,0.0,0.0,0.0,0.0,0.0,0.0,0.0,0.0,0.0,0.0,0.0,0.0,0.0,0.0,0.0,0.0,0.0,0.0,0.0,0.0,0.0,0.0,0.0,0.0,0.0,0.0,0.0,0.0,0.0,0.0,0.0,0.0,0.0,0.0,0.0,0.0,0.0,0.0,0.0,0.0,0.0,0.0,0.0,0.0,0.0,0.0
2574,0.0,0.0,0.0,0.0,0.0,0.0,0.0,0.0,0.0,0.0,0.0,0.0,0.0,0.0,0.0,0.0,0.0,0.0,0.0,0.0,0.0,0.0,0.0,0.0,0.0,0.0,0.0,0.0,0.0,0.0,0.0,0.0,0.0,0.0,0.0,0.0,0.0,0.0,0.0,0.0,0.0,0.0,0.0,0.0,0.0,0.0,0.0,0.0,0.0,0.0,0.0,0.0,0.0,0.0,0.0,0.0,0.0,0.0,0.0,0.0,0.0,0.0,0.0,0.0
2575,0.0,0.0,0.0,0.0,0.0,0.0,0.0,0.0,0.0,0.0,0.0,0.0,0.0,0.0,0.0,0.0,0.0,0.0,0.0,0.0,0.0,0.0,0.0,0.0,0.0,0.0,0.0,0.0,0.0,0.0,0.0,0.0,0.0,0.0,0.0,0.0,0.0,0.0,0.0,0.0,0.0,0.0,0.0,0.0,0.0,0.0,0.0,0.0,0.0,0.0,0.0,0.0,0.0,0.0,0.0,0.0,0.0,0.0,0.0,0.0,0.0,0.0,0.0,0.0
2576,0.0,0.0,0.0,0.0,0.0,0.0,0.0,0.0,0.0,0.0,0.0,0.0,0.0,0.0,0.0,0.0,0.0,0.0,0.0,0.0,0.0,0.0,0.0,0.0,0.0,0.0,0.0,0.0,0.0,0.0,0.0,0.0,0.0,0.0,0.0,0.0,0.0,0.0,0.0,0.0,0.0,0.0,0.0,0.0,0.0,0.0,0.0,0.0,0.0,0.0,0.0,0.0,0.0,0.0,0.0,0.0,0.0,0.0,0.0,0.0,0.0,0.0,0.0,0.0
2577,0.0,0.0,0.0,0.0,0.0,0.0,0.0,0.0,0.0,0.01,0.0,0.0,0.0,0.0,0.0,0.0,0.0,0.0,0.01,0.0,0.0,0.0,0.0,0.0,0.0,0.0,0.0,0.0,0.0,0.0,0.0,0.0,0.0,0.0,0.0,0.0,0.0,0.0,0.0,0.0,0.0,0.0,0.0,0.0,0.0,0.0,0.0,0.0,0.0,0.0,0.0,0.0,0.0,0.0,0.0,0.0,0.0,0.0,0.0,0.0,0.0,0.0,0.0,0.0
2578,0.0,0.08,0.04,0.0,0.0,0.12,0.0,0.0,0.16,0.18,0.15,0.16,0.01,0.01,0.01,0.03,0.15,0.03,0.03,0.04,0.02,0.01,0.01,0.02,0.15,0.03,0.0,0.0,0.01,0.05,0.03,0.0,0.0,0.0,0.0,0.01,0.14,0.14,0.03,0.14,0.03,0.03,0.02,0.02,0.02,0.04,0.13,0.0,0.0,0.13,0.02,0.01,0.11,0.1,0.13,0.01,0.0,0.1,0.02,0.11,0.03,0.06,0.02,0.07
2579,0.0,0.57,0.31,0.0,0.0,0.59,0.0,0.0,0.6,0.66,0.21,0.66,0.05,0.06,0.16,0.64,0.62,0.1,0.09,0.62,0.04,0.05,0.05,0.03,0.63,0.14,0.0,0.0,0.58,0.57,0.58,0.0,0.0,0.0,0.0,0.14,0.02,0.15,0.16,0.61,0.04,0.05,0.02,0.02,0.02,0.06,0.59,0.0,0.0,0.6,0.06,0.03,0.1,0.05,0.07,0.02,0.0,0.11,0.04,0.09,0.05,0.08,0.58,0.07
2580,0.0,0.8,0.8,0.0,0.0,0.79,0.0,0.0,0.1,0.81,0.21,0.07,0.06,0.19,0.78,0.76,0.15,0.08,0.08,0.75,0.06,0.24,0.07,0.04,0.79,0.33,0.0,0.0,0.81,0.81,0.81,0.0,0.0,0.0,0.0,0.8,0.07,0.21,0.73,0.18,0.06,0.8,0.07,0.04,0.04,0.67,0.79,0.0,0.0,0.79,0.05,0.08,0.12,0.05,0.03,0.03,0.0,0.06,0.07,0.03,0.08,0.05,0.82,0.07
2581,0.0,0.87,0.87,0.0,0.0,0.85,0.0,0.0,0.1,0.86,0.36,0.28,0.07,0.19,0.29,0.47,0.27,0.23,0.78,0.34,0.16,0.82,0.09,0.06,0.84,0.24,0.0,0.0,0.88,0.88,0.88,0.0,0.0,0.0,0.0,0.86,0.8,0.18,0.86,0.18,0.52,0.87,0.86,0.84,0.14,0.87,0.85,0.0,0.0,0.85,0.17,0.27,0.18,0.11,0.14,0.2,0.0,0.06,0.3,0.06,0.11,0.17,0.88,0.38
2582,0.0,0.88,0.38,0.0,0.0,0.85,0.0,0.0,0.33,0.87,0.26,0.6,0.19,0.29,0.3,0.43,0.19,0.86,0.72,0.19,0.15,0.21,0.14,0.84,0.84,0.38,0.0,0.0,0.88,0.88,0.89,0.0,0.0,0.0,0.0,0.47,0.68,0.29,0.87,0.26,0.68,0.87,0.87,0.85,0.45,0.67,0.85,0.0,0.0,0.85,0.33,0.27,0.16,0.32,0.19,0.34,0.0,0.48,0.73,0.68,0.29,0.41,0.89,0.43
2583,0.0,0.89,0.48,0.0,0.0,0.86,0.0,0.0,0.17,0.88,0.26,0.33,0.84,0.42,0.25,0.08,0.2,0.54,0.87,0.44,0.15,0.63,0.47,0.63,0.83,0.71,0.0,0.0,0.9,0.87,0.9,0.0,0.0,0.0,0.0,0.72,0.3,0.2,0.25,0.19,0.88,0.41,0.88,0.84,0.62,0.21,0.87,0.0,0.0,0.87,0.75,0.38,0.6,0.46,0.29,0.62,0.0,0.67,0.86,0.68,0.44,0.71,0.9,0.79
2584,0.0,0.62,0.49,0.0,0.0,0.86,0.0,0.0,0.11,0.88,0.21,0.17,0.83,0.23,0.22,0.17,0.18,0.44,0.84,0.1,0.15,0.21,0.84,0.66,0.87,0.91,0.0,0.0,0.89,0.78,0.9,0.0,0.0,0.0,0.0,0.54,0.2,0.72,0.35,0.51,0.61,0.46,0.58,0.87,0.87,0.33,0.87,0.0,0.0,0.87,0.24,0.32,0.53,0.2,0.23,0.35,0.0,0.31,0.6,0.7,0.4,0.37,0.9,0.51
2585,0.0,0.83,0.48,0.0,0.0,0.86,0.0,0.0,0.34,0.53,0.83,0.19,0.41,0.41,0.29,0.12,0.86,0.57,0.48,0.07,0.13,0.31,0.82,0.86,0.86,0.89,0.0,0.0,0.88,0.61,0.88,0.0,0.0,0.0,0.0,0.39,0.33,0.67,0.55,0.87,0.89,0.37,0.52,0.58,0.5,0.46,0.86,0.0,0.0,0.86,0.2,0.78,0.36,0.4,0.3,0.18,0.0,0.26,0.56,0.71,0.29,0.2,0.4,0.36
2586,0.0,0.36,0.52,0.0,0.0,0.87,0.0,0.0,0.52,0.28,0.11,0.2,0.24,0.16,0.08,0.08,0.87,0.49,0.57,0.08,0.18,0.14,0.23,0.87,0.86,0.61,0.0,0.0,0.88,0.41,0.89,0.0,0.0,0.0,0.0,0.51,0.88,0.89,0.88,0.87,0.89,0.46,0.74,0.64,0.56,0.57,0.86,0.0,0.0,0.86,0.18,0.47,0.41,0.29,0.27,0.24,0.0,0.34,0.28,0.55,0.83,0.29,0.41,0.18
2587,0.0,0.86,0.86,0.0,0.0,0.84,0.0,0.0,0.28,0.35,0.22,0.68,0.44,0.1,0.06,0.47,0.84,0.83,0.41,0.08,0.24,0.05,0.3,0.84,0.82,0.87,0.0,0.0,0.85,0.51,0.86,0.0,0.0,0.0,0.0,0.3,0.2,0.84,0.41,0.82,0.85,0.85,0.85,0.84,0.84,0.39,0.84,0.0,0.0,0.84,0.8,0.61,0.5,0.76,0.15,0.14,0.0,0.47,0.8,0.52,0.48,0.81,0.85,0.54
2588,0.0,0.76,0.77,0.0,0.0,0.75,0.0,0.0,0.73,0.74,0.73,0.72,0.02,0.04,0.03,0.05,0.71,0.72,0.25,0.1,0.16,0.03,0.1,0.18,0.73,0.78,0.0,0.0,0.71,0.77,0.77,0.0,0.0,0.0,0.0,0.17,0.09,0.74,0.19,0.72,0.74,0.11,0.74,0.73,0.36,0.76,0.75,0.0,0.0,0.75,0.62,0.54,0.43,0.66,0.22,0.13,0.0,0.38,0.68,0.75,0.59,0.61,0.53,0.38
2589,0.0,0.46,0.47,0.0,0.0,0.42,0.0,0.0,0.37,0.33,0.38,0.37,0.01,0.04,0.02,0.02,0.38,0.32,0.22,0.34,0.1,0.03,0.27,0.1,0.37,0.47,0.0,0.0,0.38,0.46,0.45,0.0,0.0,0.0,0.0,0.43,0.41,0.41,0.44,0.4,0.41,0.43,0.42,0.09,0.07,0.44,0.42,0.0,0.0,0.41,0.41,0.4,0.22,0.45,0.14,0.06,0.0,0.44,0.41,0.42,0.42,0.44,0.37,0.4
2590,0.0,0.06,0.06,0.0,0.0,0.05,0.0,0.0,0.05,0.05,0.05,0.05,0.0,0.0,0.0,0.04,0.05,0.04,0.04,0.04,0.02,0.01,0.02,0.05,0.04,0.06,0.0,0.0,0.06,0.06,0.06,0.0,0.0,0.0,0.0,0.05,0.05,0.05,0.05,0.05,0.05,0.05,0.05,0.05,0.05,0.05,0.05,0.0,0.0,0.05,0.06,0.06,0.06,0.06,0.05,0.06,0.0,0.06,0.06,0.06,0.06,0.06,0.06,0.06
2591,0.0,0.0,0.0,0.0,0.0,0.0,0.0,0.0,0.0,0.0,0.0,0.0,0.0,0.0,0.0,0.0,0.0,0.0,0.0,0.0,0.0,0.0,0.0,0.0,0.0,0.0,0.0,0.0,0.0,0.0,0.0,0.0,0.0,0.0,0.0,0.0,0.0,0.0,0.0,0.0,0.0,0.0,0.0,0.0,0.0,0.0,0.0,0.0,0.0,0.0,0.0,0.0,0.0,0.0,0.0,0.0,0.0,0.0,0.0,0.0,0.0,0.0,0.0,0.0
2592,0.0,0.0,0.0,0.0,0.0,0.0,0.0,0.0,0.0,0.0,0.0,0.0,0.0,0.0,0.0,0.0,0.0,0.0,0.0,0.0,0.0,0.0,0.0,0.0,0.0,0.0,0.0,0.0,0.0,0.0,0.0,0.0,0.0,0.0,0.0,0.0,0.0,0.0,0.0,0.0,0.0,0.0,0.0,0.0,0.0,0.0,0.0,0.0,0.0,0.0,0.0,0.0,0.0,0.0,0.0,0.0,0.0,0.0,0.0,0.0,0.0,0.0,0.0,0.0
2593,0.0,0.0,0.0,0.0,0.0,0.0,0.0,0.0,0.0,0.0,0.0,0.0,0.0,0.0,0.0,0.0,0.0,0.0,0.0,0.0,0.0,0.0,0.0,0.0,0.0,0.0,0.0,0.0,0.0,0.0,0.0,0.0,0.0,0.0,0.0,0.0,0.0,0.0,0.0,0.0,0.0,0.0,0.0,0.0,0.0,0.0,0.0,0.0,0.0,0.0,0.0,0.0,0.0,0.0,0.0,0.0,0.0,0.0,0.0,0.0,0.0,0.0,0.0,0.0
2594,0.0,0.0,0.0,0.0,0.0,0.0,0.0,0.0,0.0,0.0,0.0,0.0,0.0,0.0,0.0,0.0,0.0,0.0,0.0,0.0,0.0,0.0,0.0,0.0,0.0,0.0,0.0,0.0,0.0,0.0,0.0,0.0,0.0,0.0,0.0,0.0,0.0,0.0,0.0,0.0,0.0,0.0,0.0,0.0,0.0,0.0,0.0,0.0,0.0,0.0,0.0,0.0,0.0,0.0,0.0,0.0,0.0,0.0,0.0,0.0,0.0,0.0,0.0,0.0
2595,0.0,0.0,0.0,0.0,0.0,0.0,0.0,0.0,0.0,0.0,0.0,0.0,0.0,0.0,0.0,0.0,0.0,0.0,0.0,0.0,0.0,0.0,0.0,0.0,0.0,0.0,0.0,0.0,0.0,0.0,0.0,0.0,0.0,0.0,0.0,0.0,0.0,0.0,0.0,0.0,0.0,0.0,0.0,0.0,0.0,0.0,0.0,0.0,0.0,0.0,0.0,0.0,0.0,0.0,0.0,0.0,0.0,0.0,0.0,0.0,0.0,0.0,0.0,0.0
2596,0.0,0.0,0.0,0.0,0.0,0.0,0.0,0.0,0.0,0.0,0.0,0.0,0.0,0.0,0.0,0.0,0.0,0.0,0.0,0.0,0.0,0.0,0.0,0.0,0.0,0.0,0.0,0.0,0.0,0.0,0.0,0.0,0.0,0.0,0.0,0.0,0.0,0.0,0.0,0.0,0.0,0.0,0.0,0.0,0.0,0.0,0.0,0.0,0.0,0.0,0.0,0.0,0.0,0.0,0.0,0.0,0.0,0.0,0.0,0.0,0.0,0.0,0.0,0.0
2597,0.0,0.0,0.0,0.0,0.0,0.0,0.0,0.0,0.0,0.0,0.0,0.0,0.0,0.0,0.0,0.0,0.0,0.0,0.0,0.0,0.0,0.0,0.0,0.0,0.0,0.0,0.0,0.0,0.0,0.0,0.0,0.0,0.0,0.0,0.0,0.0,0.0,0.0,0.0,0.0,0.0,0.0,0.0,0.0,0.0,0.0,0.0,0.0,0.0,0.0,0.0,0.0,0.0,0.0,0.0,0.0,0.0,0.0,0.0,0.0,0.0,0.0,0.0,0.0
2598,0.0,0.0,0.0,0.0,0.0,0.0,0.0,0.0,0.0,0.0,0.0,0.0,0.0,0.0,0.0,0.0,0.0,0.0,0.0,0.0,0.0,0.0,0.0,0.0,0.0,0.0,0.0,0.0,0.0,0.0,0.0,0.0,0.0,0.0,0.0,0.0,0.0,0.0,0.0,0.0,0.0,0.0,0.0,0.0,0.0,0.0,0.0,0.0,0.0,0.0,0.0,0.0,0.0,0.0,0.0,0.0,0.0,0.0,0.0,0.0,0.0,0.0,0.0,0.0
2599,0.0,0.0,0.0,0.0,0.0,0.0,0.0,0.0,0.0,0.0,0.0,0.0,0.0,0.0,0.0,0.0,0.0,0.0,0.0,0.0,0.0,0.0,0.0,0.0,0.0,0.0,0.0,0.0,0.0,0.0,0.0,0.0,0.0,0.0,0.0,0.0,0.0,0.0,0.0,0.0,0.0,0.0,0.0,0.0,0.0,0.0,0.0,0.0,0.0,0.0,0.0,0.0,0.0,0.0,0.0,0.0,0.0,0.0,0.0,0.0,0.0,0.0,0.0,0.0
2600,0.0,0.0,0.0,0.0,0.0,0.0,0.0,0.0,0.0,0.0,0.0,0.0,0.0,0.0,0.0,0.0,0.0,0.0,0.0,0.0,0.0,0.0,0.0,0.0,0.0,0.0,0.0,0.0,0.0,0.0,0.0,0.0,0.0,0.0,0.0,0.0,0.0,0.0,0.0,0.0,0.0,0.0,0.0,0.0,0.0,0.0,0.0,0.0,0.0,0.0,0.0,0.0,0.0,0.0,0.0,0.0,0.0,0.0,0.0,0.0,0.0,0.0,0.0,0.0
2601,0.0,0.0,0.0,0.0,0.0,0.0,0.0,0.0,0.0,0.01,0.0,0.0,0.03,0.0,0.0,0.0,0.0,0.02,0.01,0.0,0.01,0.01,0.03,0.0,0.0,0.0,0.0,0.0,0.0,0.0,0.0,0.0,0.0,0.0,0.0,0.0,0.0,0.0,0.0,0.0,0.0,0.0,0.0,0.0,0.0,0.0,0.0,0.0,0.0,0.0,0.0,0.0,0.0,0.0,0.0,0.0,0.0,0.0,0.0,0.0,0.0,0.0,0.0,0.0
2602,0.0,0.1,0.1,0.0,0.0,0.14,0.0,0.0,0.17,0.19,0.16,0.06,0.26,0.22,0.21,0.21,0.16,0.24,0.23,0.19,0.12,0.22,0.26,0.17,0.18,0.1,0.0,0.0,0.11,0.1,0.11,0.0,0.0,0.0,0.0,0.12,0.15,0.15,0.13,0.15,0.14,0.13,0.13,0.16,0.16,0.13,0.14,0.0,0.0,0.14,0.1,0.09,0.12,0.08,0.12,0.01,0.0,0.11,0.1,0.12,0.1,0.11,0.11,0.1
2603,0.0,0.52,0.51,0.0,0.0,0.55,0.0,0.0,0.57,0.49,0.57,0.61,0.65,0.62,0.62,0.62,0.07,0.66,0.66,0.57,0.05,0.63,0.65,0.58,0.58,0.52,0.0,0.0,0.52,0.52,0.52,0.0,0.0,0.0,0.0,0.55,0.56,0.57,0.55,0.56,0.56,0.56,0.56,0.57,0.57,0.53,0.56,0.0,0.0,0.56,0.37,0.44,0.24,0.19,0.1,0.03,0.0,0.19,0.39,0.22,0.41,0.28,0.51,0.4
2604,0.0,0.73,0.73,0.0,0.0,0.74,0.0,0.0,0.77,0.64,0.76,0.76,0.77,0.76,0.76,0.76,0.75,0.77,0.77,0.76,0.13,0.77,0.77,0.76,0.76,0.72,0.0,0.0,0.71,0.74,0.72,0.0,0.0,0.0,0.0,0.75,0.73,0.73,0.72,0.75,0.71,0.73,0.73,0.76,0.76,0.73,0.75,0.0,0.0,0.75,0.63,0.71,0.44,0.62,0.44,0.05,0.0,0.55,0.56,0.47,0.69,0.55,0.73,0.64
2605,0.0,0.8,0.81,0.0,0.0,0.81,0.0,0.0,0.83,0.36,0.82,0.83,0.83,0.83,0.83,0.82,0.79,0.85,0.8,0.82,0.12,0.83,0.83,0.82,0.83,0.81,0.0,0.0,0.79,0.8,0.8,0.0,0.0,0.0,0.0,0.81,0.8,0.8,0.81,0.8,0.74,0.82,0.81,0.81,0.8,0.82,0.81,0.0,0.0,0.81,0.81,0.82,0.07,0.81,0.08,0.05,0.0,0.72,0.8,0.05,0.8,0.81,0.82,0.81
2606,0.0,0.81,0.81,0.0,0.0,0.81,0.0,0.0,0.82,0.24,0.82,0.77,0.83,0.84,0.84,0.83,0.77,0.85,0.58,0.83,0.18,0.82,0.84,0.81,0.84,0.82,0.0,0.0,0.8,0.82,0.81,0.0,0.0,0.0,0.0,0.81,0.79,0.82,0.82,0.8,0.81,0.82,0.81,0.81,0.8,0.82,0.81,0.0,0.0,0.81,0.59,0.82,0.22,0.82,0.09,0.09,0.0,0.32,0.82,0.1,0.82,0.83,0.82,0.82
2607,0.0,0.83,0.83,0.0,0.0,0.83,0.0,0.0,0.84,0.23,0.83,0.83,0.83,0.85,0.86,0.86,0.82,0.82,0.57,0.84,0.14,0.85,0.85,0.83,0.86,0.84,0.0,0.0,0.82,0.83,0.83,0.0,0.0,0.0,0.0,0.84,0.83,0.83,0.84,0.82,0.83,0.84,0.83,0.82,0.83,0.84,0.83,0.0,0.0,0.83,0.85,0.84,0.3,0.83,0.07,0.07,0.0,0.22,0.84,0.07,0.85,0.85,0.83,0.84
2608,0.0,0.83,0.83,0.0,0.0,0.83,0.0,0.0,0.83,0.14,0.82,0.29,0.85,0.85,0.85,0.85,0.16,0.15,0.09,0.84,0.06,0.84,0.82,0.82,0.87,0.84,0.0,0.0,0.82,0.83,0.83,0.0,0.0,0.0,0.0,0.83,0.83,0.84,0.84,0.84,0.19,0.84,0.83,0.82,0.83,0.84,0.83,0.0,0.0,0.83,0.85,0.84,0.06,0.3,0.1,0.03,0.0,0.07,0.84,0.08,0.85,0.85,0.84,0.85
2609,0.0,0.83,0.83,0.0,0.0,0.84,0.0,0.0,0.82,0.08,0.82,0.84,0.84,0.84,0.84,0.84,0.84,0.06,0.05,0.83,0.11,0.54,0.39,0.82,0.87,0.49,0.0,0.0,0.48,0.83,0.41,0.0,0.0,0.0,0.0,0.83,0.83,0.85,0.84,0.84,0.85,0.84,0.83,0.82,0.83,0.84,0.83,0.0,0.0,0.83,0.85,0.85,0.1,0.82,0.05,0.02,0.0,0.83,0.84,0.08,0.84,0.84,0.84,0.84
2610,0.0,0.81,0.81,0.0,0.0,0.81,0.0,0.0,0.8,0.19,0.81,0.04,0.82,0.82,0.82,0.82,0.82,0.09,0.09,0.8,0.09,0.81,0.82,0.8,0.85,0.55,0.0,0.0,0.81,0.43,0.27,0.0,0.0,0.0,0.0,0.51,0.82,0.83,0.82,0.83,0.84,0.82,0.82,0.8,0.81,0.83,0.82,0.0,0.0,0.82,0.82,0.82,0.39,0.15,0.05,0.02,0.0,0.79,0.82,0.57,0.83,0.83,0.82,0.82
2611,0.0,0.77,0.78,0.0,0.0,0.77,0.0,0.0,0.76,0.78,0.76,0.08,0.76,0.76,0.77,0.77,0.25,0.02,0.01,0.76,0.1,0.76,0.78,0.76,0.8,0.78,0.0,0.0,0.77,0.77,0.23,0.0,0.0,0.0,0.0,0.65,0.78,0.79,0.79,0.77,0.79,0.78,0.78,0.77,0.77,0.79,0.78,0.0,0.0,0.78,0.67,0.78,0.77,0.06,0.06,0.01,0.0,0.74,0.71,0.16,0.72,0.72,0.78,0.72
2612,0.0,0.7,0.16,0.0,0.0,0.69,0.0,0.0,0.66,0.07,0.04,0.62,0.67,0.57,0.59,0.65,0.08,0.26,0.11,0.65,0.08,0.59,0.65,0.67,0.71,0.23,0.0,0.0,0.19,0.16,0.17,0.0,0.0,0.0,0.0,0.21,0.69,0.68,0.7,0.66,0.68,0.7,0.67,0.64,0.68,0.69,0.69,0.0,0.0,0.69,0.23,0.7,0.69,0.04,0.01,0.0,0.0,0.28,0.59,0.04,0.56,0.03,0.12,0.56
2613,0.0,0.04,0.03,0.0,0.0,0.38,0.0,0.0,0.17,0.02,0.02,0.27,0.22,0.3,0.28,0.28,0.05,0.05,0.02,0.05,0.05,0.28,0.01,0.06,0.36,0.4,0.0,0.0,0.02,0.04,0.04,0.0,0.0,0.0,0.0,0.06,0.36,0.36,0.39,0.35,0.02,0.38,0.37,0.17,0.35,0.1,0.38,0.0,0.0,0.38,0.0,0.18,0.15,0.01,0.0,0.0,0.0,0.04,0.33,0.21,0.03,0.02,0.05,0.34
2614,0.0,0.01,0.0,0.0,0.0,0.05,0.0,0.0,0.05,0.01,0.05,0.05,0.0,0.0,0.04,0.04,0.0,0.03,0.03,0.04,0.0,0.0,0.0,0.01,0.05,0.05,0.0,0.0,0.02,0.01,0.05,0.0,0.0,0.0,0.0,0.05,0.0,0.05,0.02,0.0,0.0,0.05,0.02,0.01,0.05,0.01,0.05,0.0,0.0,0.05,0.0,0.06,0.04,0.02,0.0,0.0,0.0,0.04,0.04,0.05,0.06,0.01,0.05,0.05
2615,0.0,0.0,0.0,0.0,0.0,0.0,0.0,0.0,0.0,0.0,0.0,0.0,0.0,0.0,0.0,0.0,0.0,0.0,0.0,0.0,0.0,0.0,0.0,0.0,0.0,0.0,0.0,0.0,0.0,0.0,0.0,0.0,0.0,0.0,0.0,0.0,0.0,0.0,0.0,0.0,0.0,0.0,0.0,0.0,0.0,0.0,0.0,0.0,0.0,0.0,0.0,0.0,0.0,0.0,0.0,0.0,0.0,0.0,0.0,0.0,0.0,0.0,0.0,0.0
2616,0.0,0.0,0.0,0.0,0.0,0.0,0.0,0.0,0.0,0.0,0.0,0.0,0.0,0.0,0.0,0.0,0.0,0.0,0.0,0.0,0.0,0.0,0.0,0.0,0.0,0.0,0.0,0.0,0.0,0.0,0.0,0.0,0.0,0.0,0.0,0.0,0.0,0.0,0.0,0.0,0.0,0.0,0.0,0.0,0.0,0.0,0.0,0.0,0.0,0.0,0.0,0.0,0.0,0.0,0.0,0.0,0.0,0.0,0.0,0.0,0.0,0.0,0.0,0.0
2617,0.0,0.0,0.0,0.0,0.0,0.0,0.0,0.0,0.0,0.0,0.0,0.0,0.0,0.0,0.0,0.0,0.0,0.0,0.0,0.0,0.0,0.0,0.0,0.0,0.0,0.0,0.0,0.0,0.0,0.0,0.0,0.0,0.0,0.0,0.0,0.0,0.0,0.0,0.0,0.0,0.0,0.0,0.0,0.0,0.0,0.0,0.0,0.0,0.0,0.0,0.0,0.0,0.0,0.0,0.0,0.0,0.0,0.0,0.0,0.0,0.0,0.0,0.0,0.0
2618,0.0,0.0,0.0,0.0,0.0,0.0,0.0,0.0,0.0,0.0,0.0,0.0,0.0,0.0,0.0,0.0,0.0,0.0,0.0,0.0,0.0,0.0,0.0,0.0,0.0,0.0,0.0,0.0,0.0,0.0,0.0,0.0,0.0,0.0,0.0,0.0,0.0,0.0,0.0,0.0,0.0,0.0,0.0,0.0,0.0,0.0,0.0,0.0,0.0,0.0,0.0,0.0,0.0,0.0,0.0,0.0,0.0,0.0,0.0,0.0,0.0,0.0,0.0,0.0
2619,0.0,0.0,0.0,0.0,0.0,0.0,0.0,0.0,0.0,0.0,0.0,0.0,0.0,0.0,0.0,0.0,0.0,0.0,0.0,0.0,0.0,0.0,0.0,0.0,0.0,0.0,0.0,0.0,0.0,0.0,0.0,0.0,0.0,0.0,0.0,0.0,0.0,0.0,0.0,0.0,0.0,0.0,0.0,0.0,0.0,0.0,0.0,0.0,0.0,0.0,0.0,0.0,0.0,0.0,0.0,0.0,0.0,0.0,0.0,0.0,0.0,0.0,0.0,0.0
2620,0.0,0.0,0.0,0.0,0.0,0.0,0.0,0.0,0.0,0.0,0.0,0.0,0.0,0.0,0.0,0.0,0.0,0.0,0.0,0.0,0.0,0.0,0.0,0.0,0.0,0.0,0.0,0.0,0.0,0.0,0.0,0.0,0.0,0.0,0.0,0.0,0.0,0.0,0.0,0.0,0.0,0.0,0.0,0.0,0.0,0.0,0.0,0.0,0.0,0.0,0.0,0.0,0.0,0.0,0.0,0.0,0.0,0.0,0.0,0.0,0.0,0.0,0.0,0.0
2621,0.0,0.0,0.0,0.0,0.0,0.0,0.0,0.0,0.0,0.0,0.0,0.0,0.0,0.0,0.0,0.0,0.0,0.0,0.0,0.0,0.0,0.0,0.0,0.0,0.0,0.0,0.0,0.0,0.0,0.0,0.0,0.0,0.0,0.0,0.0,0.0,0.0,0.0,0.0,0.0,0.0,0.0,0.0,0.0,0.0,0.0,0.0,0.0,0.0,0.0,0.0,0.0,0.0,0.0,0.0,0.0,0.0,0.0,0.0,0.0,0.0,0.0,0.0,0.0
2622,0.0,0.0,0.0,0.0,0.0,0.0,0.0,0.0,0.0,0.0,0.0,0.0,0.0,0.0,0.0,0.0,0.0,0.0,0.0,0.0,0.0,0.0,0.0,0.0,0.0,0.0,0.0,0.0,0.0,0.0,0.0,0.0,0.0,0.0,0.0,0.0,0.0,0.0,0.0,0.0,0.0,0.0,0.0,0.0,0.0,0.0,0.0,0.0,0.0,0.0,0.0,0.0,0.0,0.0,0.0,0.0,0.0,0.0,0.0,0.0,0.0,0.0,0.0,0.0
2623,0.0,0.0,0.0,0.0,0.0,0.0,0.0,0.0,0.0,0.0,0.0,0.0,0.0,0.0,0.0,0.0,0.0,0.0,0.0,0.0,0.0,0.0,0.0,0.0,0.0,0.0,0.0,0.0,0.0,0.0,0.0,0.0,0.0,0.0,0.0,0.0,0.0,0.0,0.0,0.0,0.0,0.0,0.0,0.0,0.0,0.0,0.0,0.0,0.0,0.0,0.0,0.0,0.0,0.0,0.0,0.0,0.0,0.0,0.0,0.0,0.0,0.0,0.0,0.0
2624,0.0,0.0,0.0,0.0,0.0,0.0,0.0,0.0,0.0,0.0,0.0,0.0,0.0,0.0,0.0,0.0,0.0,0.0,0.0,0.0,0.0,0.0,0.0,0.0,0.0,0.0,0.0,0.0,0.0,0.0,0.0,0.0,0.0,0.0,0.0,0.0,0.0,0.0,0.0,0.0,0.0,0.0,0.0,0.0,0.0,0.0,0.0,0.0,0.0,0.0,0.0,0.0,0.0,0.0,0.0,0.0,0.0,0.0,0.0,0.0,0.0,0.0,0.0,0.0
2625,0.0,0.0,0.0,0.0,0.0,0.0,0.0,0.0,0.0,0.0,0.0,0.0,0.0,0.0,0.0,0.0,0.0,0.0,0.0,0.0,0.0,0.0,0.0,0.0,0.0,0.0,0.0,0.0,0.0,0.0,0.0,0.0,0.0,0.0,0.0,0.0,0.0,0.0,0.0,0.0,0.0,0.0,0.0,0.0,0.0,0.0,0.0,0.0,0.0,0.0,0.0,0.0,0.0,0.0,0.0,0.0,0.0,0.0,0.0,0.0,0.0,0.0,0.0,0.0
2626,0.0,0.02,0.06,0.0,0.0,0.12,0.0,0.0,0.16,0.21,0.14,0.04,0.02,0.19,0.19,0.18,0.14,0.21,0.22,0.17,0.19,0.2,0.24,0.14,0.16,0.1,0.0,0.0,0.01,0.01,0.03,0.0,0.0,0.0,0.0,0.02,0.14,0.06,0.12,0.13,0.12,0.12,0.01,0.14,0.14,0.12,0.12,0.0,0.0,0.13,0.02,0.02,0.01,0.11,0.0,0.0,0.0,0.05,0.01,0.0,0.01,0.01,0.01,0.01
2627,0.0,0.04,0.06,0.0,0.0,0.3,0.0,0.0,0.62,0.71,0.61,0.05,0.1,0.65,0.67,0.64,0.16,0.68,0.68,0.63,0.63,0.66,0.07,0.15,0.59,0.02,0.0,0.0,0.06,0.03,0.02,0.0,0.0,0.0,0.0,0.22,0.16,0.59,0.07,0.07,0.13,0.07,0.02,0.56,0.13,0.05,0.32,0.0,0.0,0.35,0.02,0.09,0.01,0.01,0.01,0.06,0.0,0.02,0.02,0.0,0.02,0.01,0.05,0.02
2628,0.0,0.21,0.69,0.0,0.0,0.72,0.0,0.0,0.71,0.71,0.71,0.2,0.08,0.74,0.74,0.74,0.73,0.76,0.75,0.74,0.73,0.74,0.05,0.72,0.74,0.68,0.0,0.0,0.1,0.29,0.12,0.0,0.0,0.0,0.0,0.37,0.72,0.33,0.11,0.06,0.34,0.14,0.08,0.7,0.72,0.08,0.68,0.0,0.0,0.6,0.69,0.69,0.17,0.19,0.09,0.13,0.0,0.18,0.68,0.23,0.08,0.69,0.62,0.68
2629,0.0,0.76,0.76,0.0,0.0,0.76,0.0,0.0,0.37,0.61,0.79,0.65,0.8,0.79,0.79,0.79,0.07,0.05,0.05,0.79,0.18,0.79,0.08,0.78,0.74,0.67,0.0,0.0,0.76,0.75,0.58,0.0,0.0,0.0,0.0,0.26,0.75,0.79,0.15,0.79,0.8,0.17,0.3,0.21,0.49,0.13,0.76,0.0,0.0,0.77,0.06,0.76,0.76,0.76,0.08,0.04,0.0,0.1,0.06,0.07,0.77,0.09,0.76,0.11
2630,0.0,0.79,0.76,0.0,0.0,0.79,0.0,0.0,0.42,0.74,0.8,0.19,0.81,0.24,0.28,0.81,0.08,0.05,0.04,0.81,0.13,0.29,0.16,0.13,0.83,0.69,0.0,0.0,0.75,0.78,0.68,0.0,0.0,0.0,0.0,0.79,0.13,0.38,0.78,0.08,0.26,0.29,0.17,0.12,0.11,0.37,0.79,0.0,0.0,0.79,0.82,0.78,0.8,0.56,0.52,0.34,0.0,0.81,0.81,0.57,0.7,0.82,0.77,0.78
2631,0.0,0.78,0.81,0.0,0.0,0.81,0.0,0.0,0.15,0.56,0.14,0.12,0.59,0.08,0.13,0.11,0.09,0.06,0.07,0.08,0.07,0.08,0.13,0.1,0.84,0.8,0.0,0.0,0.78,0.8,0.8,0.0,0.0,0.0,0.0,0.78,0.81,0.29,0.73,0.23,0.86,0.79,0.81,0.46,0.14,0.75,0.81,0.0,0.0,0.81,0.79,0.75,0.36,0.21,0.84,0.05,0.0,0.56,0.82,0.22,0.78,0.82,0.76,0.8
2632,0.0,0.64,0.68,0.0,0.0,0.81,0.0,0.0,0.2,0.16,0.82,0.06,0.1,0.16,0.12,0.11,0.42,0.07,0.06,0.1,0.07,0.12,0.13,0.84,0.84,0.32,0.0,0.0,0.4,0.53,0.27,0.0,0.0,0.0,0.0,0.79,0.56,0.3,0.38,0.24,0.14,0.51,0.81,0.83,0.4,0.66,0.81,0.0,0.0,0.81,0.17,0.47,0.26,0.3,0.44,0.12,0.0,0.8,0.49,0.78,0.21,0.23,0.58,0.29
2633,0.0,0.73,0.68,0.0,0.0,0.82,0.0,0.0,0.53,0.09,0.81,0.87,0.07,0.06,0.08,0.08,0.09,0.08,0.05,0.35,0.03,0.06,0.06,0.42,0.85,0.46,0.0,0.0,0.66,0.69,0.71,0.0,0.0,0.0,0.0,0.31,0.53,0.85,0.63,0.28,0.84,0.65,0.74,0.58,0.33,0.67,0.81,0.0,0.0,0.82,0.43,0.69,0.81,0.13,0.84,0.14,0.0,0.55,0.64,0.19,0.43,0.47,0.8,0.67
2634,0.0,0.8,0.8,0.0,0.0,0.8,0.0,0.0,0.81,0.43,0.8,0.17,0.05,0.07,0.1,0.17,0.84,0.05,0.04,0.81,0.03,0.18,0.58,0.66,0.82,0.81,0.0,0.0,0.77,0.78,0.8,0.0,0.0,0.0,0.0,0.63,0.64,0.82,0.6,0.83,0.62,0.69,0.66,0.74,0.62,0.6,0.8,0.0,0.0,0.8,0.3,0.71,0.82,0.42,0.52,0.02,0.0,0.82,0.35,0.51,0.69,0.23,0.68,0.56
2635,0.0,0.78,0.76,0.0,0.0,0.77,0.0,0.0,0.33,0.06,0.31,0.72,0.04,0.78,0.78,0.76,0.33,0.03,0.02,0.61,0.03,0.21,0.1,0.5,0.78,0.74,0.0,0.0,0.73,0.76,0.74,0.0,0.0,0.0,0.0,0.77,0.55,0.38,0.76,0.28,0.46,0.76,0.75,0.43,0.5,0.77,0.77,0.0,0.0,0.77,0.64,0.68,0.35,0.09,0.5,0.06,0.0,0.21,0.72,0.73,0.77,0.51,0.73,0.75
2636,0.0,0.7,0.64,0.0,0.0,0.73,0.0,0.0,0.48,0.02,0.3,0.72,0.02,0.26,0.27,0.4,0.26,0.02,0.02,0.45,0.02,0.47,0.02,0.66,0.72,0.71,0.0,0.0,0.72,0.69,0.71,0.0,0.0,0.0,0.0,0.72,0.7,0.65,0.7,0.28,0.72,0.69,0.68,0.7,0.7,0.68,0.72,0.0,0.0,0.73,0.66,0.72,0.49,0.71,0.28,0.3,0.0,0.7,0.51,0.1,0.72,0.51,0.72,0.7
2637,0.0,0.2,0.25,0.0,0.0,0.37,0.0,0.0,0.02,0.01,0.03,0.03,0.02,0.17,0.22,0.23,0.27,0.01,0.01,0.22,0.03,0.16,0.01,0.28,0.33,0.3,0.0,0.0,0.34,0.2,0.23,0.0,0.0,0.0,0.0,0.37,0.33,0.25,0.38,0.21,0.35,0.37,0.36,0.32,0.29,0.37,0.37,0.0,0.0,0.36,0.4,0.39,0.31,0.38,0.32,0.34,0.0,0.26,0.39,0.23,0.4,0.4,0.39,0.39
2638,0.0,0.04,0.04,0.0,0.0,0.04,0.0,0.0,0.02,0.0,0.03,0.03,0.0,0.01,0.02,0.01,0.04,0.01,0.0,0.03,0.0,0.02,0.01,0.04,0.04,0.03,0.0,0.0,0.05,0.04,0.04,0.0,0.0,0.0,0.0,0.03,0.06,0.04,0.06,0.04,0.06,0.06,0.06,0.05,0.04,0.06,0.04,0.0,0.0,0.04,0.04,0.05,0.06,0.06,0.06,0.0,0.0,0.06,0.05,0.06,0.02,0.05,0.06,0.04
2639,0.0,0.0,0.0,0.0,0.0,0.0,0.0,0.0,0.0,0.0,0.0,0.0,0.0,0.0,0.0,0.0,0.0,0.0,0.0,0.0,0.0,0.0,0.0,0.0,0.0,0.0,0.0,0.0,0.0,0.0,0.0,0.0,0.0,0.0,0.0,0.0,0.0,0.0,0.0,0.0,0.0,0.0,0.0,0.0,0.0,0.0,0.0,0.0,0.0,0.0,0.0,0.0,0.0,0.0,0.0,0.0,0.0,0.0,0.0,0.0,0.0,0.0,0.0,0.0
2640,0.0,0.0,0.0,0.0,0.0,0.0,0.0,0.0,0.0,0.0,0.0,0.0,0.0,0.0,0.0,0.0,0.0,0.0,0.0,0.0,0.0,0.0,0.0,0.0,0.0,0.0,0.0,0.0,0.0,0.0,0.0,0.0,0.0,0.0,0.0,0.0,0.0,0.0,0.0,0.0,0.0,0.0,0.0,0.0,0.0,0.0,0.0,0.0,0.0,0.0,0.0,0.0,0.0,0.0,0.0,0.0,0.0,0.0,0.0,0.0,0.0,0.0,0.0,0.0
2641,0.0,0.0,0.0,0.0,0.0,0.0,0.0,0.0,0.0,0.0,0.0,0.0,0.0,0.0,0.0,0.0,0.0,0.0,0.0,0.0,0.0,0.0,0.0,0.0,0.0,0.0,0.0,0.0,0.0,0.0,0.0,0.0,0.0,0.0,0.0,0.0,0.0,0.0,0.0,0.0,0.0,0.0,0.0,0.0,0.0,0.0,0.0,0.0,0.0,0.0,0.0,0.0,0.0,0.0,0.0,0.0,0.0,0.0,0.0,0.0,0.0,0.0,0.0,0.0
2642,0.0,0.0,0.0,0.0,0.0,0.0,0.0,0.0,0.0,0.0,0.0,0.0,0.0,0.0,0.0,0.0,0.0,0.0,0.0,0.0,0.0,0.0,0.0,0.0,0.0,0.0,0.0,0.0,0.0,0.0,0.0,0.0,0.0,0.0,0.0,0.0,0.0,0.0,0.0,0.0,0.0,0.0,0.0,0.0,0.0,0.0,0.0,0.0,0.0,0.0,0.0,0.0,0.0,0.0,0.0,0.0,0.0,0.0,0.0,0.0,0.0,0.0,0.0,0.0
2643,0.0,0.0,0.0,0.0,0.0,0.0,0.0,0.0,0.0,0.0,0.0,0.0,0.0,0.0,0.0,0.0,0.0,0.0,0.0,0.0,0.0,0.0,0.0,0.0,0.0,0.0,0.0,0.0,0.0,0.0,0.0,0.0,0.0,0.0,0.0,0.0,0.0,0.0,0.0,0.0,0.0,0.0,0.0,0.0,0.0,0.0,0.0,0.0,0.0,0.0,0.0,0.0,0.0,0.0,0.0,0.0,0.0,0.0,0.0,0.0,0.0,0.0,0.0,0.0
2644,0.0,0.0,0.0,0.0,0.0,0.0,0.0,0.0,0.0,0.0,0.0,0.0,0.0,0.0,0.0,0.0,0.0,0.0,0.0,0.0,0.0,0.0,0.0,0.0,0.0,0.0,0.0,0.0,0.0,0.0,0.0,0.0,0.0,0.0,0.0,0.0,0.0,0.0,0.0,0.0,0.0,0.0,0.0,0.0,0.0,0.0,0.0,0.0,0.0,0.0,0.0,0.0,0.0,0.0,0.0,0.0,0.0,0.0,0.0,0.0,0.0,0.0,0.0,0.0
2645,0.0,0.0,0.0,0.0,0.0,0.0,0.0,0.0,0.0,0.0,0.0,0.0,0.0,0.0,0.0,0.0,0.0,0.0,0.0,0.0,0.0,0.0,0.0,0.0,0.0,0.0,0.0,0.0,0.0,0.0,0.0,0.0,0.0,0.0,0.0,0.0,0.0,0.0,0.0,0.0,0.0,0.0,0.0,0.0,0.0,0.0,0.0,0.0,0.0,0.0,0.0,0.0,0.0,0.0,0.0,0.0,0.0,0.0,0.0,0.0,0.0,0.0,0.0,0.0
2646,0.0,0.0,0.0,0.0,0.0,0.0,0.0,0.0,0.0,0.0,0.0,0.0,0.0,0.0,0.0,0.0,0.0,0.0,0.0,0.0,0.0,0.0,0.0,0.0,0.0,0.0,0.0,0.0,0.0,0.0,0.0,0.0,0.0,0.0,0.0,0.0,0.0,0.0,0.0,0.0,0.0,0.0,0.0,0.0,0.0,0.0,0.0,0.0,0.0,0.0,0.0,0.0,0.0,0.0,0.0,0.0,0.0,0.0,0.0,0.0,0.0,0.0,0.0,0.0
2647,0.0,0.0,0.0,0.0,0.0,0.0,0.0,0.0,0.0,0.0,0.0,0.0,0.0,0.0,0.0,0.0,0.0,0.0,0.0,0.0,0.0,0.0,0.0,0.0,0.0,0.0,0.0,0.0,0.0,0.0,0.0,0.0,0.0,0.0,0.0,0.0,0.0,0.0,0.0,0.0,0.0,0.0,0.0,0.0,0.0,0.0,0.0,0.0,0.0,0.0,0.0,0.0,0.0,0.0,0.0,0.0,0.0,0.0,0.0,0.0,0.0,0.0,0.0,0.0
2648,0.0,0.0,0.0,0.0,0.0,0.0,0.0,0.0,0.0,0.0,0.0,0.0,0.0,0.0,0.0,0.0,0.0,0.0,0.0,0.0,0.0,0.0,0.0,0.0,0.0,0.0,0.0,0.0,0.0,0.0,0.0,0.0,0.0,0.0,0.0,0.0,0.0,0.0,0.0,0.0,0.0,0.0,0.0,0.0,0.0,0.0,0.0,0.0,0.0,0.0,0.0,0.0,0.0,0.0,0.0,0.0,0.0,0.0,0.0,0.0,0.0,0.0,0.0,0.0
2649,0.0,0.0,0.0,0.0,0.0,0.0,0.0,0.0,0.0,0.0,0.0,0.0,0.02,0.0,0.0,0.0,0.0,0.02,0.01,0.0,0.0,0.0,0.02,0.0,0.0,0.0,0.0,0.0,0.0,0.0,0.0,0.0,0.0,0.0,0.0,0.0,0.0,0.0,0.0,0.0,0.0,0.0,0.0,0.0,0.0,0.0,0.0,0.0,0.0,0.0,0.0,0.0,0.0,0.0,0.0,0.0,0.0,0.0,0.0,0.0,0.0,0.0,0.0,0.0
2650,0.0,0.08,0.06,0.0,0.0,0.08,0.0,0.0,0.04,0.07,0.09,0.11,0.11,0.06,0.07,0.13,0.13,0.05,0.1,0.05,0.1,0.06,0.07,0.04,0.15,0.07,0.0,0.0,0.02,0.07,0.05,0.0,0.0,0.0,0.0,0.07,0.06,0.14,0.04,0.12,0.08,0.05,0.09,0.06,0.03,0.05,0.08,0.0,0.0,0.08,0.06,0.1,0.03,0.05,0.04,0.0,0.0,0.04,0.04,0.01,0.05,0.06,0.1,0.05
2651,0.0,0.31,0.35,0.0,0.0,0.43,0.0,0.0,0.14,0.28,0.23,0.44,0.48,0.17,0.5,0.56,0.48,0.11,0.38,0.32,0.44,0.2,0.3,0.18,0.58,0.34,0.0,0.0,0.08,0.3,0.21,0.0,0.0,0.0,0.0,0.4,0.45,0.53,0.23,0.52,0.35,0.51,0.5,0.47,0.16,0.37,0.43,0.0,0.0,0.49,0.22,0.37,0.23,0.27,0.22,0.03,0.0,0.17,0.14,0.04,0.22,0.22,0.44,0.21
2652,0.0,0.68,0.7,0.0,0.0,0.67,0.0,0.0,0.72,0.24,0.58,0.57,0.69,0.59,0.6,0.41,0.65,0.19,0.46,0.72,0.48,0.57,0.46,0.69,0.64,0.68,0.0,0.0,0.29,0.67,0.63,0.0,0.0,0.0,0.0,0.63,0.69,0.63,0.68,0.59,0.21,0.68,0.67,0.67,0.7,0.68,0.63,0.0,0.0,0.7,0.59,0.65,0.23,0.54,0.43,0.03,0.0,0.41,0.58,0.07,0.62,0.58,0.63,0.61
2653,0.0,0.73,0.76,0.0,0.0,0.77,0.0,0.0,0.77,0.13,0.77,0.63,0.67,0.62,0.42,0.71,0.64,0.22,0.73,0.75,0.61,0.52,0.65,0.72,0.67,0.76,0.0,0.0,0.74,0.74,0.74,0.0,0.0,0.0,0.0,0.76,0.73,0.63,0.71,0.64,0.24,0.76,0.73,0.71,0.74,0.51,0.77,0.0,0.0,0.77,0.73,0.72,0.72,0.7,0.5,0.08,0.0,0.64,0.7,0.64,0.71,0.73,0.75,0.69
2654,0.0,0.78,0.78,0.0,0.0,0.81,0.0,0.0,0.76,0.11,0.76,0.75,0.47,0.76,0.77,0.78,0.74,0.35,0.83,0.78,0.65,0.73,0.69,0.77,0.8,0.76,0.0,0.0,0.45,0.78,0.78,0.0,0.0,0.0,0.0,0.79,0.66,0.75,0.15,0.54,0.18,0.14,0.48,0.78,0.72,0.4,0.81,0.0,0.0,0.82,0.79,0.77,0.77,0.77,0.75,0.07,0.0,0.76,0.77,0.72,0.78,0.79,0.78,0.78
2655,0.0,0.75,0.79,0.0,0.0,0.81,0.0,0.0,0.77,0.08,0.74,0.72,0.74,0.79,0.82,0.82,0.76,0.56,0.84,0.81,0.21,0.79,0.8,0.78,0.82,0.73,0.0,0.0,0.77,0.75,0.75,0.0,0.0,0.0,0.0,0.77,0.63,0.34,0.81,0.37,0.2,0.63,0.75,0.8,0.72,0.82,0.81,0.0,0.0,0.82,0.58,0.29,0.8,0.3,0.76,0.16,0.0,0.26,0.68,0.18,0.64,0.5,0.78,0.53
2656,0.0,0.81,0.81,0.0,0.0,0.81,0.0,0.0,0.76,0.21,0.68,0.65,0.8,0.83,0.83,0.83,0.75,0.8,0.78,0.82,0.28,0.82,0.79,0.78,0.82,0.81,0.0,0.0,0.8,0.81,0.81,0.0,0.0,0.0,0.0,0.7,0.73,0.72,0.75,0.47,0.78,0.76,0.75,0.79,0.72,0.76,0.81,0.0,0.0,0.82,0.47,0.07,0.64,0.21,0.68,0.05,0.0,0.25,0.38,0.48,0.19,0.51,0.8,0.38
2657,0.0,0.78,0.77,0.0,0.0,0.82,0.0,0.0,0.76,0.09,0.74,0.57,0.81,0.82,0.82,0.82,0.65,0.69,0.64,0.82,0.04,0.82,0.8,0.76,0.81,0.78,0.0,0.0,0.79,0.79,0.79,0.0,0.0,0.0,0.0,0.8,0.67,0.7,0.81,0.69,0.74,0.8,0.8,0.71,0.71,0.81,0.81,0.0,0.0,0.81,0.12,0.06,0.14,0.12,0.42,0.04,0.0,0.13,0.04,0.08,0.02,0.16,0.8,0.03
2658,0.0,0.8,0.8,0.0,0.0,0.82,0.0,0.0,0.74,0.06,0.64,0.5,0.82,0.81,0.83,0.81,0.62,0.28,0.6,0.76,0.04,0.81,0.82,0.73,0.83,0.81,0.0,0.0,0.8,0.8,0.8,0.0,0.0,0.0,0.0,0.8,0.8,0.76,0.8,0.72,0.8,0.81,0.8,0.79,0.75,0.8,0.83,0.0,0.0,0.82,0.05,0.06,0.03,0.05,0.03,0.03,0.0,0.09,0.03,0.11,0.02,0.08,0.08,0.03
2659,0.0,0.76,0.76,0.0,0.0,0.8,0.0,0.0,0.76,0.02,0.76,0.62,0.78,0.78,0.78,0.79,0.76,0.33,0.55,0.75,0.09,0.78,0.76,0.77,0.79,0.78,0.0,0.0,0.13,0.77,0.77,0.0,0.0,0.0,0.0,0.77,0.75,0.77,0.78,0.77,0.77,0.78,0.78,0.77,0.77,0.78,0.8,0.0,0.0,0.79,0.01,0.03,0.03,0.01,0.03,0.02,0.0,0.03,0.08,0.07,0.02,0.03,0.79,0.03
2660,0.0,0.3,0.69,0.0,0.0,0.71,0.0,0.0,0.69,0.0,0.68,0.68,0.68,0.69,0.69,0.69,0.68,0.19,0.1,0.69,0.04,0.69,0.67,0.69,0.7,0.7,0.0,0.0,0.7,0.32,0.69,0.0,0.0,0.0,0.0,0.7,0.69,0.7,0.7,0.69,0.7,0.7,0.7,0.69,0.68,0.7,0.71,0.0,0.0,0.7,0.05,0.07,0.1,0.05,0.09,0.02,0.0,0.01,0.07,0.02,0.05,0.06,0.61,0.06
2661,0.0,0.37,0.38,0.0,0.0,0.36,0.0,0.0,0.31,0.0,0.3,0.06,0.24,0.28,0.28,0.29,0.32,0.09,0.27,0.3,0.0,0.28,0.24,0.32,0.32,0.34,0.0,0.0,0.36,0.15,0.36,0.0,0.0,0.0,0.0,0.36,0.33,0.08,0.36,0.04,0.04,0.35,0.35,0.33,0.33,0.36,0.36,0.0,0.0,0.35,0.16,0.16,0.01,0.02,0.0,0.01,0.0,0.02,0.14,0.0,0.15,0.16,0.33,0.14
2662,0.0,0.06,0.06,0.0,0.0,0.06,0.0,0.0,0.04,0.0,0.04,0.04,0.01,0.03,0.02,0.0,0.0,0.02,0.02,0.04,0.0,0.02,0.01,0.04,0.04,0.06,0.0,0.0,0.06,0.06,0.06,0.0,0.0,0.0,0.0,0.06,0.04,0.01,0.04,0.0,0.01,0.06,0.06,0.04,0.04,0.05,0.06,0.0,0.0,0.06,0.0,0.03,0.01,0.0,0.0,0.0,0.0,0.01,0.02,0.0,0.01,0.0,0.06,0.01
2663,0.0,0.0,0.0,0.0,0.0,0.0,0.0,0.0,0.0,0.0,0.0,0.0,0.0,0.0,0.0,0.0,0.0,0.0,0.0,0.0,0.0,0.0,0.0,0.0,0.0,0.0,0.0,0.0,0.0,0.0,0.0,0.0,0.0,0.0,0.0,0.0,0.0,0.0,0.0,0.0,0.0,0.0,0.0,0.0,0.0,0.0,0.0,0.0,0.0,0.0,0.0,0.0,0.0,0.0,0.0,0.0,0.0,0.0,0.0,0.0,0.0,0.0,0.0,0.0
2664,0.0,0.0,0.0,0.0,0.0,0.0,0.0,0.0,0.0,0.0,0.0,0.0,0.0,0.0,0.0,0.0,0.0,0.0,0.0,0.0,0.0,0.0,0.0,0.0,0.0,0.0,0.0,0.0,0.0,0.0,0.0,0.0,0.0,0.0,0.0,0.0,0.0,0.0,0.0,0.0,0.0,0.0,0.0,0.0,0.0,0.0,0.0,0.0,0.0,0.0,0.0,0.0,0.0,0.0,0.0,0.0,0.0,0.0,0.0,0.0,0.0,0.0,0.0,0.0
2665,0.0,0.0,0.0,0.0,0.0,0.0,0.0,0.0,0.0,0.0,0.0,0.0,0.0,0.0,0.0,0.0,0.0,0.0,0.0,0.0,0.0,0.0,0.0,0.0,0.0,0.0,0.0,0.0,0.0,0.0,0.0,0.0,0.0,0.0,0.0,0.0,0.0,0.0,0.0,0.0,0.0,0.0,0.0,0.0,0.0,0.0,0.0,0.0,0.0,0.0,0.0,0.0,0.0,0.0,0.0,0.0,0.0,0.0,0.0,0.0,0.0,0.0,0.0,0.0
2666,0.0,0.0,0.0,0.0,0.0,0.0,0.0,0.0,0.0,0.0,0.0,0.0,0.0,0.0,0.0,0.0,0.0,0.0,0.0,0.0,0.0,0.0,0.0,0.0,0.0,0.0,0.0,0.0,0.0,0.0,0.0,0.0,0.0,0.0,0.0,0.0,0.0,0.0,0.0,0.0,0.0,0.0,0.0,0.0,0.0,0.0,0.0,0.0,0.0,0.0,0.0,0.0,0.0,0.0,0.0,0.0,0.0,0.0,0.0,0.0,0.0,0.0,0.0,0.0
2667,0.0,0.0,0.0,0.0,0.0,0.0,0.0,0.0,0.0,0.0,0.0,0.0,0.0,0.0,0.0,0.0,0.0,0.0,0.0,0.0,0.0,0.0,0.0,0.0,0.0,0.0,0.0,0.0,0.0,0.0,0.0,0.0,0.0,0.0,0.0,0.0,0.0,0.0,0.0,0.0,0.0,0.0,0.0,0.0,0.0,0.0,0.0,0.0,0.0,0.0,0.0,0.0,0.0,0.0,0.0,0.0,0.0,0.0,0.0,0.0,0.0,0.0,0.0,0.0
2668,0.0,0.0,0.0,0.0,0.0,0.0,0.0,0.0,0.0,0.0,0.0,0.0,0.0,0.0,0.0,0.0,0.0,0.0,0.0,0.0,0.0,0.0,0.0,0.0,0.0,0.0,0.0,0.0,0.0,0.0,0.0,0.0,0.0,0.0,0.0,0.0,0.0,0.0,0.0,0.0,0.0,0.0,0.0,0.0,0.0,0.0,0.0,0.0,0.0,0.0,0.0,0.0,0.0,0.0,0.0,0.0,0.0,0.0,0.0,0.0,0.0,0.0,0.0,0.0
2669,0.0,0.0,0.0,0.0,0.0,0.0,0.0,0.0,0.0,0.0,0.0,0.0,0.0,0.0,0.0,0.0,0.0,0.0,0.0,0.0,0.0,0.0,0.0,0.0,0.0,0.0,0.0,0.0,0.0,0.0,0.0,0.0,0.0,0.0,0.0,0.0,0.0,0.0,0.0,0.0,0.0,0.0,0.0,0.0,0.0,0.0,0.0,0.0,0.0,0.0,0.0,0.0,0.0,0.0,0.0,0.0,0.0,0.0,0.0,0.0,0.0,0.0,0.0,0.0
2670,0.0,0.0,0.0,0.0,0.0,0.0,0.0,0.0,0.0,0.0,0.0,0.0,0.0,0.0,0.0,0.0,0.0,0.0,0.0,0.0,0.0,0.0,0.0,0.0,0.0,0.0,0.0,0.0,0.0,0.0,0.0,0.0,0.0,0.0,0.0,0.0,0.0,0.0,0.0,0.0,0.0,0.0,0.0,0.0,0.0,0.0,0.0,0.0,0.0,0.0,0.0,0.0,0.0,0.0,0.0,0.0,0.0,0.0,0.0,0.0,0.0,0.0,0.0,0.0
2671,0.0,0.0,0.0,0.0,0.0,0.0,0.0,0.0,0.0,0.0,0.0,0.0,0.0,0.0,0.0,0.0,0.0,0.0,0.0,0.0,0.0,0.0,0.0,0.0,0.0,0.0,0.0,0.0,0.0,0.0,0.0,0.0,0.0,0.0,0.0,0.0,0.0,0.0,0.0,0.0,0.0,0.0,0.0,0.0,0.0,0.0,0.0,0.0,0.0,0.0,0.0,0.0,0.0,0.0,0.0,0.0,0.0,0.0,0.0,0.0,0.0,0.0,0.0,0.0
2672,0.0,0.0,0.0,0.0,0.0,0.0,0.0,0.0,0.0,0.0,0.0,0.0,0.0,0.0,0.0,0.0,0.0,0.0,0.0,0.0,0.0,0.0,0.0,0.0,0.0,0.0,0.0,0.0,0.0,0.0,0.0,0.0,0.0,0.0,0.0,0.0,0.0,0.0,0.0,0.0,0.0,0.0,0.0,0.0,0.0,0.0,0.0,0.0,0.0,0.0,0.0,0.0,0.0,0.0,0.0,0.0,0.0,0.0,0.0,0.0,0.0,0.0,0.0,0.0
2673,0.0,0.0,0.0,0.0,0.0,0.0,0.0,0.0,0.0,0.0,0.0,0.0,0.0,0.0,0.0,0.0,0.0,0.03,0.01,0.0,0.0,0.0,0.0,0.0,0.0,0.0,0.0,0.0,0.0,0.0,0.0,0.0,0.0,0.0,0.0,0.0,0.0,0.0,0.0,0.0,0.0,0.0,0.0,0.0,0.0,0.0,0.0,0.0,0.0,0.0,0.0,0.0,0.0,0.0,0.0,0.0,0.0,0.0,0.0,0.0,0.0,0.0,0.0,0.0
2674,0.0,0.03,0.04,0.0,0.0,0.04,0.0,0.0,0.02,0.02,0.02,0.03,0.02,0.02,0.03,0.02,0.01,0.14,0.08,0.02,0.02,0.02,0.02,0.02,0.0,0.02,0.0,0.0,0.02,0.03,0.02,0.0,0.0,0.0,0.0,0.12,0.03,0.01,0.11,0.01,0.14,0.09,0.03,0.03,0.02,0.04,0.04,0.0,0.0,0.04,0.0,0.01,0.02,0.0,0.0,0.0,0.0,0.0,0.0,0.0,0.01,0.0,0.01,0.0
2675,0.0,0.05,0.06,0.0,0.0,0.31,0.0,0.0,0.04,0.06,0.03,0.06,0.04,0.06,0.11,0.07,0.02,0.26,0.18,0.07,0.02,0.06,0.06,0.07,0.01,0.15,0.0,0.0,0.07,0.06,0.09,0.0,0.0,0.0,0.0,0.57,0.08,0.04,0.31,0.03,0.33,0.39,0.1,0.14,0.07,0.16,0.44,0.0,0.0,0.33,0.02,0.06,0.04,0.01,0.03,0.01,0.0,0.01,0.01,0.01,0.02,0.02,0.08,0.01
2676,0.0,0.31,0.6,0.0,0.0,0.71,0.0,0.0,0.07,0.25,0.05,0.07,0.06,0.1,0.13,0.14,0.03,0.38,0.35,0.13,0.03,0.1,0.1,0.14,0.02,0.08,0.0,0.0,0.14,0.31,0.09,0.0,0.0,0.0,0.0,0.7,0.14,0.07,0.57,0.04,0.08,0.21,0.26,0.26,0.14,0.11,0.71,0.0,0.0,0.7,0.03,0.17,0.09,0.01,0.07,0.02,0.0,0.02,0.02,0.04,0.03,0.02,0.1,0.03
2677,0.0,0.66,0.38,0.0,0.0,0.57,0.0,0.0,0.11,0.14,0.09,0.09,0.23,0.18,0.19,0.18,0.06,0.85,0.73,0.13,0.08,0.13,0.26,0.3,0.02,0.11,0.0,0.0,0.3,0.23,0.23,0.0,0.0,0.0,0.0,0.75,0.3,0.07,0.26,0.05,0.22,0.38,0.25,0.48,0.26,0.79,0.64,0.0,0.0,0.58,0.06,0.15,0.06,0.04,0.26,0.02,0.0,0.03,0.05,0.05,0.06,0.05,0.16,0.05
2678,0.0,0.57,0.54,0.0,0.0,0.34,0.0,0.0,0.14,0.09,0.14,0.15,0.55,0.25,0.32,0.36,0.11,0.54,0.88,0.18,0.15,0.29,0.43,0.08,0.03,0.44,0.0,0.0,0.57,0.29,0.6,0.0,0.0,0.0,0.0,0.71,0.37,0.18,0.81,0.1,0.37,0.35,0.42,0.12,0.1,0.82,0.35,0.0,0.0,0.31,0.15,0.74,0.05,0.08,0.1,0.03,0.0,0.06,0.11,0.04,0.1,0.11,0.32,0.1
2679,0.0,0.69,0.77,0.0,0.0,0.76,0.0,0.0,0.16,0.15,0.06,0.39,0.44,0.42,0.14,0.2,0.16,0.3,0.58,0.57,0.19,0.64,0.83,0.05,0.02,0.57,0.0,0.0,0.54,0.58,0.56,0.0,0.0,0.0,0.0,0.75,0.14,0.29,0.29,0.19,0.3,0.29,0.42,0.03,0.06,0.32,0.77,0.0,0.0,0.76,0.2,0.56,0.13,0.17,0.15,0.05,0.0,0.23,0.12,0.09,0.56,0.21,0.69,0.14
2680,0.0,0.48,0.46,0.0,0.0,0.04,0.0,0.0,0.12,0.12,0.13,0.44,0.16,0.09,0.03,0.03,0.14,0.29,0.47,0.05,0.22,0.09,0.78,0.07,0.03,0.09,0.0,0.0,0.8,0.5,0.08,0.0,0.0,0.0,0.0,0.2,0.11,0.15,0.56,0.12,0.32,0.82,0.81,0.02,0.03,0.81,0.21,0.0,0.0,0.79,0.37,0.69,0.09,0.23,0.32,0.09,0.0,0.43,0.62,0.11,0.71,0.33,0.8,0.72
2681,0.0,0.44,0.36,0.0,0.0,0.06,0.0,0.0,0.06,0.15,0.08,0.16,0.01,0.06,0.13,0.06,0.04,0.7,0.54,0.05,0.22,0.1,0.04,0.64,0.04,0.71,0.0,0.0,0.67,0.52,0.73,0.0,0.0,0.0,0.0,0.11,0.23,0.07,0.69,0.26,0.7,0.82,0.09,0.11,0.1,0.59,0.07,0.0,0.0,0.08,0.52,0.65,0.3,0.41,0.28,0.21,0.0,0.7,0.49,0.1,0.82,0.52,0.7,0.82
2682,0.0,0.33,0.3,0.0,0.0,0.69,0.0,0.0,0.01,0.06,0.03,0.26,0.01,0.11,0.07,0.06,0.07,0.11,0.08,0.04,0.09,0.07,0.02,0.08,0.14,0.55,0.0,0.0,0.74,0.42,0.47,0.0,0.0,0.0,0.0,0.72,0.51,0.07,0.13,0.34,0.44,0.05,0.07,0.16,0.57,0.14,0.7,0.0,0.0,0.3,0.64,0.46,0.78,0.12,0.84,0.07,0.0,0.75,0.65,0.08,0.62,0.67,0.75,0.62
2683,0.0,0.53,0.63,0.0,0.0,0.04,0.0,0.0,0.01,0.05,0.14,0.04,0.01,0.02,0.03,0.03,0.8,0.04,0.05,0.02,0.06,0.02,0.04,0.1,0.76,0.33,0.0,0.0,0.59,0.42,0.33,0.0,0.0,0.0,0.0,0.44,0.1,0.81,0.73,0.36,0.4,0.29,0.07,0.06,0.11,0.36,0.05,0.0,0.0,0.05,0.04,0.57,0.54,0.13,0.39,0.09,0.0,0.11,0.71,0.06,0.05,0.08,0.55,0.11
2684,0.0,0.71,0.28,0.0,0.0,0.13,0.0,0.0,0.11,0.02,0.03,0.01,0.0,0.02,0.01,0.08,0.44,0.0,0.01,0.0,0.02,0.03,0.01,0.09,0.08,0.72,0.0,0.0,0.67,0.1,0.71,0.0,0.0,0.0,0.0,0.07,0.06,0.02,0.02,0.02,0.38,0.03,0.04,0.66,0.07,0.03,0.29,0.0,0.0,0.32,0.07,0.5,0.2,0.1,0.11,0.02,0.0,0.02,0.43,0.06,0.04,0.07,0.66,0.06
2685,0.0,0.03,0.05,0.0,0.0,0.34,0.0,0.0,0.01,0.02,0.01,0.01,0.0,0.03,0.02,0.0,0.03,0.01,0.0,0.0,0.0,0.01,0.0,0.04,0.08,0.06,0.0,0.0,0.04,0.02,0.04,0.0,0.0,0.0,0.0,0.05,0.06,0.06,0.12,0.06,0.17,0.09,0.05,0.05,0.04,0.12,0.31,0.0,0.0,0.3,0.02,0.03,0.03,0.06,0.11,0.01,0.0,0.17,0.02,0.01,0.02,0.02,0.02,0.02
2686,0.0,0.0,0.01,0.0,0.0,0.01,0.0,0.0,0.02,0.0,0.0,0.0,0.0,0.0,0.0,0.0,0.01,0.0,0.0,0.0,0.0,0.0,0.0,0.0,0.01,0.06,0.0,0.0,0.0,0.0,0.06,0.0,0.0,0.0,0.0,0.06,0.01,0.0,0.01,0.0,0.02,0.0,0.0,0.01,0.0,0.01,0.01,0.0,0.0,0.01,0.0,0.01,0.04,0.0,0.01,0.0,0.0,0.0,0.0,0.0,0.0,0.0,0.0,0.0
2687,0.0,0.0,0.0,0.0,0.0,0.0,0.0,0.0,0.0,0.0,0.0,0.0,0.0,0.0,0.0,0.0,0.0,0.0,0.0,0.0,0.0,0.0,0.0,0.0,0.0,0.0,0.0,0.0,0.0,0.0,0.0,0.0,0.0,0.0,0.0,0.0,0.0,0.0,0.0,0.0,0.0,0.0,0.0,0.0,0.0,0.0,0.0,0.0,0.0,0.0,0.0,0.0,0.0,0.0,0.0,0.0,0.0,0.0,0.0,0.0,0.0,0.0,0.0,0.0
2688,0.0,0.0,0.0,0.0,0.0,0.0,0.0,0.0,0.0,0.0,0.0,0.0,0.0,0.0,0.0,0.0,0.0,0.0,0.0,0.0,0.0,0.0,0.0,0.0,0.0,0.0,0.0,0.0,0.0,0.0,0.0,0.0,0.0,0.0,0.0,0.0,0.0,0.0,0.0,0.0,0.0,0.0,0.0,0.0,0.0,0.0,0.0,0.0,0.0,0.0,0.0,0.0,0.0,0.0,0.0,0.0,0.0,0.0,0.0,0.0,0.0,0.0,0.0,0.0
2689,0.0,0.0,0.0,0.0,0.0,0.0,0.0,0.0,0.0,0.0,0.0,0.0,0.0,0.0,0.0,0.0,0.0,0.0,0.0,0.0,0.0,0.0,0.0,0.0,0.0,0.0,0.0,0.0,0.0,0.0,0.0,0.0,0.0,0.0,0.0,0.0,0.0,0.0,0.0,0.0,0.0,0.0,0.0,0.0,0.0,0.0,0.0,0.0,0.0,0.0,0.0,0.0,0.0,0.0,0.0,0.0,0.0,0.0,0.0,0.0,0.0,0.0,0.0,0.0
2690,0.0,0.0,0.0,0.0,0.0,0.0,0.0,0.0,0.0,0.0,0.0,0.0,0.0,0.0,0.0,0.0,0.0,0.0,0.0,0.0,0.0,0.0,0.0,0.0,0.0,0.0,0.0,0.0,0.0,0.0,0.0,0.0,0.0,0.0,0.0,0.0,0.0,0.0,0.0,0.0,0.0,0.0,0.0,0.0,0.0,0.0,0.0,0.0,0.0,0.0,0.0,0.0,0.0,0.0,0.0,0.0,0.0,0.0,0.0,0.0,0.0,0.0,0.0,0.0
2691,0.0,0.0,0.0,0.0,0.0,0.0,0.0,0.0,0.0,0.0,0.0,0.0,0.0,0.0,0.0,0.0,0.0,0.0,0.0,0.0,0.0,0.0,0.0,0.0,0.0,0.0,0.0,0.0,0.0,0.0,0.0,0.0,0.0,0.0,0.0,0.0,0.0,0.0,0.0,0.0,0.0,0.0,0.0,0.0,0.0,0.0,0.0,0.0,0.0,0.0,0.0,0.0,0.0,0.0,0.0,0.0,0.0,0.0,0.0,0.0,0.0,0.0,0.0,0.0
2692,0.0,0.0,0.0,0.0,0.0,0.0,0.0,0.0,0.0,0.0,0.0,0.0,0.0,0.0,0.0,0.0,0.0,0.0,0.0,0.0,0.0,0.0,0.0,0.0,0.0,0.0,0.0,0.0,0.0,0.0,0.0,0.0,0.0,0.0,0.0,0.0,0.0,0.0,0.0,0.0,0.0,0.0,0.0,0.0,0.0,0.0,0.0,0.0,0.0,0.0,0.0,0.0,0.0,0.0,0.0,0.0,0.0,0.0,0.0,0.0,0.0,0.0,0.0,0.0
2693,0.0,0.0,0.0,0.0,0.0,0.0,0.0,0.0,0.0,0.0,0.0,0.0,0.0,0.0,0.0,0.0,0.0,0.0,0.0,0.0,0.0,0.0,0.0,0.0,0.0,0.0,0.0,0.0,0.0,0.0,0.0,0.0,0.0,0.0,0.0,0.0,0.0,0.0,0.0,0.0,0.0,0.0,0.0,0.0,0.0,0.0,0.0,0.0,0.0,0.0,0.0,0.0,0.0,0.0,0.0,0.0,0.0,0.0,0.0,0.0,0.0,0.0,0.0,0.0
2694,0.0,0.0,0.0,0.0,0.0,0.0,0.0,0.0,0.0,0.0,0.0,0.0,0.0,0.0,0.0,0.0,0.0,0.0,0.0,0.0,0.0,0.0,0.0,0.0,0.0,0.0,0.0,0.0,0.0,0.0,0.0,0.0,0.0,0.0,0.0,0.0,0.0,0.0,0.0,0.0,0.0,0.0,0.0,0.0,0.0,0.0,0.0,0.0,0.0,0.0,0.0,0.0,0.0,0.0,0.0,0.0,0.0,0.0,0.0,0.0,0.0,0.0,0.0,0.0
2695,0.0,0.0,0.0,0.0,0.0,0.0,0.0,0.0,0.0,0.0,0.0,0.0,0.0,0.0,0.0,0.0,0.0,0.0,0.0,0.0,0.0,0.0,0.0,0.0,0.0,0.0,0.0,0.0,0.0,0.0,0.0,0.0,0.0,0.0,0.0,0.0,0.0,0.0,0.0,0.0,0.0,0.0,0.0,0.0,0.0,0.0,0.0,0.0,0.0,0.0,0.0,0.0,0.0,0.0,0.0,0.0,0.0,0.0,0.0,0.0,0.0,0.0,0.0,0.0
2696,0.0,0.0,0.0,0.0,0.0,0.0,0.0,0.0,0.0,0.0,0.0,0.0,0.0,0.0,0.0,0.0,0.0,0.0,0.0,0.0,0.0,0.0,0.0,0.0,0.0,0.0,0.0,0.0,0.0,0.0,0.0,0.0,0.0,0.0,0.0,0.0,0.0,0.0,0.0,0.0,0.0,0.0,0.0,0.0,0.0,0.0,0.0,0.0,0.0,0.0,0.0,0.0,0.0,0.0,0.0,0.0,0.0,0.0,0.0,0.0,0.0,0.0,0.0,0.0
2697,0.0,0.0,0.0,0.0,0.0,0.0,0.0,0.0,0.0,0.0,0.0,0.0,0.0,0.0,0.0,0.0,0.0,0.0,0.0,0.0,0.0,0.0,0.0,0.0,0.0,0.0,0.0,0.0,0.0,0.0,0.0,0.0,0.0,0.0,0.0,0.0,0.0,0.0,0.0,0.0,0.0,0.0,0.0,0.0,0.0,0.0,0.0,0.0,0.0,0.0,0.0,0.0,0.0,0.0,0.0,0.0,0.0,0.0,0.0,0.0,0.0,0.0,0.0,0.0
2698,0.0,0.11,0.03,0.0,0.0,0.0,0.0,0.0,0.01,0.0,0.01,0.0,0.01,0.02,0.02,0.03,0.0,0.0,0.0,0.01,0.01,0.02,0.0,0.04,0.02,0.0,0.0,0.0,0.0,0.07,0.01,0.0,0.0,0.0,0.0,0.0,0.01,0.0,0.0,0.0,0.05,0.0,0.01,0.04,0.01,0.02,0.0,0.0,0.0,0.02,0.0,0.0,0.08,0.0,0.0,0.0,0.0,0.04,0.0,0.01,0.0,0.0,0.01,0.0
2699,0.0,0.59,0.26,0.0,0.0,0.02,0.0,0.0,0.07,0.0,0.16,0.02,0.02,0.04,0.08,0.1,0.02,0.02,0.03,0.04,0.05,0.03,0.01,0.02,0.03,0.13,0.0,0.0,0.01,0.6,0.48,0.0,0.0,0.0,0.0,0.01,0.02,0.08,0.01,0.05,0.16,0.02,0.01,0.02,0.02,0.01,0.0,0.0,0.0,0.04,0.01,0.02,0.04,0.04,0.03,0.04,0.0,0.06,0.01,0.14,0.01,0.01,0.07,0.01
2700,0.0,0.24,0.12,0.0,0.0,0.04,0.0,0.0,0.06,0.01,0.12,0.02,0.18,0.04,0.02,0.01,0.02,0.01,0.01,0.02,0.04,0.06,0.01,0.01,0.07,0.03,0.0,0.0,0.01,0.38,0.02,0.0,0.0,0.0,0.0,0.01,0.03,0.02,0.02,0.02,0.04,0.02,0.04,0.01,0.02,0.02,0.01,0.0,0.0,0.05,0.02,0.02,0.11,0.08,0.04,0.1,0.0,0.18,0.02,0.22,0.01,0.02,0.03,0.02
2701,0.0,0.26,0.18,0.0,0.0,0.18,0.0,0.0,0.08,0.01,0.18,0.03,0.09,0.02,0.02,0.01,0.04,0.04,0.05,0.04,0.03,0.04,0.25,0.73,0.06,0.03,0.0,0.0,0.05,0.19,0.11,0.0,0.0,0.0,0.0,0.11,0.25,0.11,0.18,0.11,0.36,0.08,0.84,0.02,0.55,0.32,0.04,0.0,0.0,0.04,0.17,0.03,0.09,0.13,0.08,0.13,0.0,0.15,0.14,0.16,0.05,0.11,0.24,0.1
2702,0.0,0.27,0.26,0.0,0.0,0.03,0.0,0.0,0.19,0.04,0.27,0.05,0.06,0.06,0.05,0.05,0.07,0.04,0.03,0.13,0.09,0.06,0.77,0.09,0.16,0.23,0.0,0.0,0.09,0.28,0.51,0.0,0.0,0.0,0.0,0.27,0.31,0.1,0.87,0.12,0.84,0.86,0.87,0.04,0.18,0.88,0.05,0.0,0.0,0.07,0.2,0.23,0.25,0.31,0.05,0.22,0.0,0.51,0.22,0.12,0.19,0.2,0.35,0.2
2703,0.0,0.81,0.7,0.0,0.0,0.05,0.0,0.0,0.1,0.05,0.09,0.05,0.13,0.08,0.04,0.08,0.08,0.05,0.04,0.08,0.06,0.06,0.05,0.06,0.17,0.23,0.0,0.0,0.16,0.78,0.16,0.0,0.0,0.0,0.0,0.34,0.43,0.13,0.89,0.18,0.89,0.51,0.89,0.11,0.17,0.85,0.06,0.0,0.0,0.05,0.42,0.12,0.24,0.28,0.12,0.32,0.0,0.34,0.77,0.22,0.32,0.47,0.49,0.49
2704,0.0,0.38,0.47,0.0,0.0,0.16,0.0,0.0,0.08,0.07,0.18,0.05,0.1,0.06,0.06,0.06,0.1,0.07,0.1,0.05,0.11,0.05,0.06,0.31,0.19,0.3,0.0,0.0,0.24,0.3,0.21,0.0,0.0,0.0,0.0,0.69,0.42,0.4,0.74,0.17,0.89,0.9,0.69,0.86,0.72,0.73,0.08,0.0,0.0,0.08,0.38,0.36,0.16,0.37,0.17,0.22,0.0,0.7,0.81,0.41,0.41,0.43,0.66,0.69
2705,0.0,0.44,0.57,0.0,0.0,0.08,0.0,0.0,0.06,0.08,0.28,0.05,0.13,0.04,0.06,0.05,0.08,0.13,0.11,0.08,0.22,0.06,0.06,0.85,0.3,0.51,0.0,0.0,0.89,0.67,0.88,0.0,0.0,0.0,0.0,0.84,0.88,0.88,0.62,0.68,0.89,0.66,0.59,0.86,0.86,0.59,0.1,0.0,0.0,0.11,0.41,0.23,0.12,0.27,0.15,0.32,0.0,0.37,0.77,0.23,0.45,0.46,0.77,0.73
2706,0.0,0.28,0.41,0.0,0.0,0.26,0.0,0.0,0.13,0.41,0.33,0.05,0.08,0.11,0.07,0.04,0.06,0.16,0.13,0.1,0.3,0.11,0.05,0.86,0.06,0.58,0.0,0.0,0.88,0.31,0.89,0.0,0.0,0.0,0.0,0.56,0.89,0.87,0.36,0.84,0.88,0.53,0.65,0.88,0.87,0.4,0.32,0.0,0.0,0.17,0.31,0.19,0.08,0.17,0.13,0.27,0.0,0.2,0.77,0.16,0.44,0.26,0.75,0.48
2707,0.0,0.36,0.24,0.0,0.0,0.73,0.0,0.0,0.08,0.66,0.29,0.06,0.07,0.36,0.08,0.06,0.08,0.1,0.13,0.04,0.16,0.25,0.04,0.19,0.13,0.36,0.0,0.0,0.12,0.42,0.66,0.0,0.0,0.0,0.0,0.24,0.85,0.84,0.15,0.82,0.84,0.39,0.52,0.86,0.37,0.2,0.79,0.0,0.0,0.13,0.27,0.41,0.26,0.14,0.15,0.16,0.0,0.34,0.66,0.21,0.32,0.26,0.67,0.63
2708,0.0,0.42,0.11,0.0,0.0,0.08,0.0,0.0,0.06,0.08,0.18,0.05,0.03,0.04,0.03,0.03,0.09,0.05,0.06,0.02,0.16,0.06,0.03,0.44,0.39,0.43,0.0,0.0,0.52,0.46,0.52,0.0,0.0,0.0,0.0,0.17,0.33,0.22,0.32,0.32,0.66,0.32,0.57,0.75,0.13,0.29,0.14,0.0,0.0,0.16,0.13,0.2,0.08,0.08,0.06,0.27,0.0,0.2,0.45,0.25,0.24,0.18,0.52,0.43
2709,0.0,0.22,0.23,0.0,0.0,0.12,0.0,0.0,0.04,0.04,0.06,0.26,0.01,0.02,0.01,0.01,0.04,0.02,0.02,0.02,0.06,0.03,0.01,0.06,0.03,0.23,0.0,0.0,0.21,0.22,0.23,0.0,0.0,0.0,0.0,0.3,0.11,0.21,0.21,0.21,0.22,0.3,0.28,0.27,0.16,0.2,0.07,0.0,0.0,0.09,0.05,0.06,0.1,0.04,0.02,0.17,0.0,0.08,0.19,0.17,0.1,0.05,0.24,0.22
2710,0.0,0.04,0.05,0.0,0.0,0.05,0.0,0.0,0.04,0.04,0.04,0.04,0.0,0.0,0.0,0.0,0.05,0.01,0.03,0.01,0.01,0.0,0.0,0.04,0.0,0.04,0.0,0.0,0.04,0.04,0.04,0.0,0.0,0.0,0.0,0.05,0.02,0.05,0.04,0.05,0.02,0.05,0.05,0.06,0.05,0.02,0.05,0.0,0.0,0.05,0.02,0.03,0.02,0.03,0.0,0.05,0.0,0.02,0.05,0.02,0.04,0.02,0.05,0.05
2711,0.0,0.0,0.0,0.0,0.0,0.0,0.0,0.0,0.0,0.0,0.0,0.0,0.0,0.0,0.0,0.0,0.0,0.0,0.0,0.0,0.0,0.0,0.0,0.0,0.0,0.0,0.0,0.0,0.0,0.0,0.0,0.0,0.0,0.0,0.0,0.0,0.0,0.0,0.0,0.0,0.0,0.0,0.0,0.0,0.0,0.0,0.0,0.0,0.0,0.0,0.0,0.0,0.0,0.0,0.0,0.0,0.0,0.0,0.0,0.0,0.0,0.0,0.0,0.0
2712,0.0,0.0,0.0,0.0,0.0,0.0,0.0,0.0,0.0,0.0,0.0,0.0,0.0,0.0,0.0,0.0,0.0,0.0,0.0,0.0,0.0,0.0,0.0,0.0,0.0,0.0,0.0,0.0,0.0,0.0,0.0,0.0,0.0,0.0,0.0,0.0,0.0,0.0,0.0,0.0,0.0,0.0,0.0,0.0,0.0,0.0,0.0,0.0,0.0,0.0,0.0,0.0,0.0,0.0,0.0,0.0,0.0,0.0,0.0,0.0,0.0,0.0,0.0,0.0
2713,0.0,0.0,0.0,0.0,0.0,0.0,0.0,0.0,0.0,0.0,0.0,0.0,0.0,0.0,0.0,0.0,0.0,0.0,0.0,0.0,0.0,0.0,0.0,0.0,0.0,0.0,0.0,0.0,0.0,0.0,0.0,0.0,0.0,0.0,0.0,0.0,0.0,0.0,0.0,0.0,0.0,0.0,0.0,0.0,0.0,0.0,0.0,0.0,0.0,0.0,0.0,0.0,0.0,0.0,0.0,0.0,0.0,0.0,0.0,0.0,0.0,0.0,0.0,0.0
2714,0.0,0.0,0.0,0.0,0.0,0.0,0.0,0.0,0.0,0.0,0.0,0.0,0.0,0.0,0.0,0.0,0.0,0.0,0.0,0.0,0.0,0.0,0.0,0.0,0.0,0.0,0.0,0.0,0.0,0.0,0.0,0.0,0.0,0.0,0.0,0.0,0.0,0.0,0.0,0.0,0.0,0.0,0.0,0.0,0.0,0.0,0.0,0.0,0.0,0.0,0.0,0.0,0.0,0.0,0.0,0.0,0.0,0.0,0.0,0.0,0.0,0.0,0.0,0.0
2715,0.0,0.0,0.0,0.0,0.0,0.0,0.0,0.0,0.0,0.0,0.0,0.0,0.0,0.0,0.0,0.0,0.0,0.0,0.0,0.0,0.0,0.0,0.0,0.0,0.0,0.0,0.0,0.0,0.0,0.0,0.0,0.0,0.0,0.0,0.0,0.0,0.0,0.0,0.0,0.0,0.0,0.0,0.0,0.0,0.0,0.0,0.0,0.0,0.0,0.0,0.0,0.0,0.0,0.0,0.0,0.0,0.0,0.0,0.0,0.0,0.0,0.0,0.0,0.0
2716,0.0,0.0,0.0,0.0,0.0,0.0,0.0,0.0,0.0,0.0,0.0,0.0,0.0,0.0,0.0,0.0,0.0,0.0,0.0,0.0,0.0,0.0,0.0,0.0,0.0,0.0,0.0,0.0,0.0,0.0,0.0,0.0,0.0,0.0,0.0,0.0,0.0,0.0,0.0,0.0,0.0,0.0,0.0,0.0,0.0,0.0,0.0,0.0,0.0,0.0,0.0,0.0,0.0,0.0,0.0,0.0,0.0,0.0,0.0,0.0,0.0,0.0,0.0,0.0
2717,0.0,0.0,0.0,0.0,0.0,0.0,0.0,0.0,0.0,0.0,0.0,0.0,0.0,0.0,0.0,0.0,0.0,0.0,0.0,0.0,0.0,0.0,0.0,0.0,0.0,0.0,0.0,0.0,0.0,0.0,0.0,0.0,0.0,0.0,0.0,0.0,0.0,0.0,0.0,0.0,0.0,0.0,0.0,0.0,0.0,0.0,0.0,0.0,0.0,0.0,0.0,0.0,0.0,0.0,0.0,0.0,0.0,0.0,0.0,0.0,0.0,0.0,0.0,0.0
2718,0.0,0.0,0.0,0.0,0.0,0.0,0.0,0.0,0.0,0.0,0.0,0.0,0.0,0.0,0.0,0.0,0.0,0.0,0.0,0.0,0.0,0.0,0.0,0.0,0.0,0.0,0.0,0.0,0.0,0.0,0.0,0.0,0.0,0.0,0.0,0.0,0.0,0.0,0.0,0.0,0.0,0.0,0.0,0.0,0.0,0.0,0.0,0.0,0.0,0.0,0.0,0.0,0.0,0.0,0.0,0.0,0.0,0.0,0.0,0.0,0.0,0.0,0.0,0.0
2719,0.0,0.0,0.0,0.0,0.0,0.0,0.0,0.0,0.0,0.0,0.0,0.0,0.0,0.0,0.0,0.0,0.0,0.0,0.0,0.0,0.0,0.0,0.0,0.0,0.0,0.0,0.0,0.0,0.0,0.0,0.0,0.0,0.0,0.0,0.0,0.0,0.0,0.0,0.0,0.0,0.0,0.0,0.0,0.0,0.0,0.0,0.0,0.0,0.0,0.0,0.0,0.0,0.0,0.0,0.0,0.0,0.0,0.0,0.0,0.0,0.0,0.0,0.0,0.0
2720,0.0,0.0,0.0,0.0,0.0,0.0,0.0,0.0,0.0,0.0,0.0,0.0,0.0,0.0,0.0,0.0,0.0,0.0,0.0,0.0,0.0,0.0,0.0,0.0,0.0,0.0,0.0,0.0,0.0,0.0,0.0,0.0,0.0,0.0,0.0,0.0,0.0,0.0,0.0,0.0,0.0,0.0,0.0,0.0,0.0,0.0,0.0,0.0,0.0,0.0,0.0,0.0,0.0,0.0,0.0,0.0,0.0,0.0,0.0,0.0,0.0,0.0,0.0,0.0
2721,0.0,0.0,0.0,0.0,0.0,0.0,0.0,0.0,0.0,0.0,0.0,0.0,0.0,0.0,0.0,0.0,0.0,0.0,0.0,0.0,0.0,0.0,0.0,0.0,0.0,0.0,0.0,0.0,0.0,0.0,0.0,0.0,0.0,0.0,0.0,0.0,0.0,0.0,0.0,0.0,0.0,0.0,0.0,0.0,0.0,0.0,0.0,0.0,0.0,0.0,0.0,0.0,0.0,0.0,0.0,0.0,0.0,0.0,0.0,0.0,0.0,0.0,0.0,0.0
2722,0.0,0.1,0.1,0.0,0.0,0.13,0.0,0.0,0.18,0.21,0.17,0.19,0.02,0.21,0.21,0.2,0.17,0.23,0.04,0.2,0.2,0.21,0.06,0.16,0.17,0.1,0.0,0.0,0.11,0.1,0.1,0.0,0.0,0.0,0.0,0.12,0.15,0.16,0.13,0.16,0.15,0.13,0.13,0.16,0.16,0.13,0.13,0.0,0.0,0.14,0.11,0.1,0.13,0.11,0.14,0.1,0.0,0.11,0.11,0.12,0.11,0.11,0.11,0.11
2723,0.0,0.59,0.58,0.0,0.0,0.62,0.0,0.0,0.69,0.73,0.69,0.71,0.07,0.71,0.71,0.7,0.7,0.74,0.75,0.7,0.72,0.72,0.09,0.68,0.67,0.6,0.0,0.0,0.61,0.6,0.6,0.0,0.0,0.0,0.0,0.63,0.66,0.7,0.64,0.7,0.68,0.65,0.65,0.66,0.68,0.65,0.62,0.0,0.0,0.63,0.62,0.61,0.65,0.61,0.66,0.6,0.0,0.63,0.62,0.64,0.62,0.62,0.62,0.62
2724,0.0,0.8,0.81,0.0,0.0,0.81,0.0,0.0,0.84,0.88,0.86,0.88,0.36,0.85,0.85,0.84,0.88,0.87,0.88,0.85,0.88,0.85,0.48,0.86,0.83,0.78,0.0,0.0,0.81,0.78,0.79,0.0,0.0,0.0,0.0,0.84,0.85,0.89,0.85,0.89,0.88,0.86,0.86,0.84,0.86,0.86,0.81,0.0,0.0,0.81,0.85,0.82,0.86,0.83,0.87,0.81,0.0,0.85,0.84,0.86,0.83,0.85,0.84,0.84
2725,0.0,0.84,0.85,0.0,0.0,0.86,0.0,0.0,0.88,0.91,0.9,0.91,0.89,0.9,0.89,0.89,0.91,0.91,0.91,0.89,0.91,0.9,0.89,0.9,0.88,0.86,0.0,0.0,0.84,0.84,0.85,0.0,0.0,0.0,0.0,0.88,0.89,0.91,0.89,0.91,0.91,0.9,0.9,0.88,0.9,0.9,0.86,0.0,0.0,0.86,0.89,0.86,0.9,0.88,0.91,0.85,0.0,0.89,0.89,0.89,0.89,0.89,0.88,0.89
2726,0.0,0.85,0.86,0.0,0.0,0.88,0.0,0.0,0.89,0.91,0.91,0.91,0.91,0.91,0.91,0.9,0.91,0.91,0.91,0.9,0.91,0.91,0.91,0.91,0.89,0.87,0.0,0.0,0.85,0.85,0.86,0.0,0.0,0.0,0.0,0.9,0.91,0.91,0.9,0.91,0.91,0.91,0.91,0.9,0.91,0.91,0.88,0.0,0.0,0.88,0.9,0.87,0.91,0.88,0.91,0.86,0.0,0.9,0.9,0.91,0.9,0.9,0.88,0.9
2727,0.0,0.86,0.86,0.0,0.0,0.87,0.0,0.0,0.88,0.91,0.9,0.91,0.91,0.91,0.9,0.9,0.91,0.91,0.91,0.9,0.91,0.91,0.91,0.91,0.88,0.87,0.0,0.0,0.84,0.86,0.86,0.0,0.0,0.0,0.0,0.89,0.91,0.91,0.89,0.91,0.91,0.9,0.9,0.91,0.91,0.9,0.87,0.0,0.0,0.87,0.9,0.87,0.91,0.87,0.91,0.84,0.0,0.89,0.9,0.9,0.89,0.9,0.87,0.89
2728,0.0,0.86,0.86,0.0,0.0,0.86,0.0,0.0,0.89,0.91,0.9,0.91,0.91,0.91,0.9,0.9,0.91,0.91,0.91,0.9,0.91,0.91,0.91,0.9,0.88,0.87,0.0,0.0,0.85,0.86,0.86,0.0,0.0,0.0,0.0,0.89,0.9,0.91,0.89,0.91,0.91,0.9,0.89,0.9,0.91,0.9,0.87,0.0,0.0,0.87,0.9,0.87,0.91,0.87,0.91,0.83,0.0,0.88,0.89,0.9,0.89,0.89,0.88,0.89
2729,0.0,0.84,0.83,0.0,0.0,0.84,0.0,0.0,0.88,0.91,0.88,0.91,0.9,0.89,0.89,0.88,0.9,0.91,0.91,0.88,0.91,0.9,0.9,0.89,0.86,0.85,0.0,0.0,0.84,0.84,0.84,0.0,0.0,0.0,0.0,0.87,0.88,0.9,0.88,0.9,0.9,0.88,0.88,0.88,0.89,0.88,0.85,0.0,0.0,0.85,0.88,0.85,0.89,0.86,0.9,0.81,0.0,0.86,0.88,0.88,0.87,0.87,0.86,0.87
2730,0.0,0.79,0.8,0.0,0.0,0.82,0.0,0.0,0.86,0.9,0.86,0.89,0.88,0.87,0.87,0.86,0.87,0.9,0.91,0.86,0.9,0.87,0.88,0.86,0.84,0.83,0.0,0.0,0.82,0.79,0.8,0.0,0.0,0.0,0.0,0.84,0.86,0.87,0.84,0.88,0.86,0.85,0.86,0.86,0.86,0.86,0.82,0.0,0.0,0.82,0.85,0.83,0.85,0.82,0.87,0.79,0.0,0.83,0.85,0.84,0.85,0.85,0.83,0.85
2731,0.0,0.77,0.7,0.0,0.0,0.77,0.0,0.0,0.81,0.84,0.8,0.85,0.83,0.83,0.82,0.82,0.82,0.85,0.86,0.81,0.85,0.83,0.83,0.81,0.79,0.79,0.0,0.0,0.77,0.77,0.78,0.0,0.0,0.0,0.0,0.79,0.81,0.82,0.81,0.82,0.81,0.81,0.8,0.81,0.8,0.81,0.77,0.0,0.0,0.77,0.8,0.79,0.79,0.77,0.81,0.75,0.0,0.78,0.8,0.79,0.8,0.79,0.8,0.8
2732,0.0,0.66,0.68,0.0,0.0,0.64,0.0,0.0,0.74,0.76,0.74,0.78,0.75,0.76,0.75,0.75,0.76,0.77,0.79,0.74,0.77,0.76,0.76,0.74,0.73,0.65,0.0,0.0,0.72,0.7,0.71,0.0,0.0,0.0,0.0,0.74,0.74,0.75,0.74,0.76,0.77,0.74,0.74,0.73,0.74,0.74,0.72,0.0,0.0,0.72,0.71,0.69,0.75,0.69,0.75,0.74,0.0,0.73,0.7,0.74,0.74,0.71,0.72,0.72
2733,0.0,0.12,0.1,0.0,0.0,0.33,0.0,0.0,0.34,0.31,0.36,0.28,0.29,0.32,0.32,0.33,0.3,0.32,0.33,0.33,0.34,0.31,0.29,0.36,0.35,0.18,0.0,0.0,0.4,0.2,0.2,0.0,0.0,0.0,0.0,0.39,0.38,0.38,0.34,0.38,0.39,0.35,0.38,0.37,0.37,0.35,0.36,0.0,0.0,0.36,0.34,0.38,0.37,0.34,0.39,0.4,0.0,0.35,0.34,0.4,0.37,0.32,0.38,0.34
2734,0.0,0.04,0.04,0.0,0.0,0.04,0.0,0.0,0.05,0.05,0.05,0.05,0.04,0.05,0.05,0.04,0.05,0.05,0.05,0.04,0.05,0.05,0.04,0.05,0.05,0.03,0.0,0.0,0.05,0.06,0.03,0.0,0.0,0.0,0.0,0.05,0.05,0.06,0.06,0.05,0.05,0.06,0.06,0.05,0.05,0.06,0.02,0.0,0.0,0.01,0.06,0.06,0.06,0.06,0.06,0.06,0.0,0.06,0.06,0.06,0.06,0.06,0.06,0.06
2735,0.0,0.0,0.0,0.0,0.0,0.0,0.0,0.0,0.0,0.0,0.0,0.0,0.0,0.0,0.0,0.0,0.0,0.0,0.0,0.0,0.0,0.0,0.0,0.0,0.0,0.0,0.0,0.0,0.0,0.0,0.0,0.0,0.0,0.0,0.0,0.0,0.0,0.0,0.0,0.0,0.0,0.0,0.0,0.0,0.0,0.0,0.0,0.0,0.0,0.0,0.0,0.0,0.0,0.0,0.0,0.0,0.0,0.0,0.0,0.0,0.0,0.0,0.0,0.0
2736,0.0,0.0,0.0,0.0,0.0,0.0,0.0,0.0,0.0,0.0,0.0,0.0,0.0,0.0,0.0,0.0,0.0,0.0,0.0,0.0,0.0,0.0,0.0,0.0,0.0,0.0,0.0,0.0,0.0,0.0,0.0,0.0,0.0,0.0,0.0,0.0,0.0,0.0,0.0,0.0,0.0,0.0,0.0,0.0,0.0,0.0,0.0,0.0,0.0,0.0,0.0,0.0,0.0,0.0,0.0,0.0,0.0,0.0,0.0,0.0,0.0,0.0,0.0,0.0
2737,0.0,0.0,0.0,0.0,0.0,0.0,0.0,0.0,0.0,0.0,0.0,0.0,0.0,0.0,0.0,0.0,0.0,0.0,0.0,0.0,0.0,0.0,0.0,0.0,0.0,0.0,0.0,0.0,0.0,0.0,0.0,0.0,0.0,0.0,0.0,0.0,0.0,0.0,0.0,0.0,0.0,0.0,0.0,0.0,0.0,0.0,0.0,0.0,0.0,0.0,0.0,0.0,0.0,0.0,0.0,0.0,0.0,0.0,0.0,0.0,0.0,0.0,0.0,0.0
2738,0.0,0.0,0.0,0.0,0.0,0.0,0.0,0.0,0.0,0.0,0.0,0.0,0.0,0.0,0.0,0.0,0.0,0.0,0.0,0.0,0.0,0.0,0.0,0.0,0.0,0.0,0.0,0.0,0.0,0.0,0.0,0.0,0.0,0.0,0.0,0.0,0.0,0.0,0.0,0.0,0.0,0.0,0.0,0.0,0.0,0.0,0.0,0.0,0.0,0.0,0.0,0.0,0.0,0.0,0.0,0.0,0.0,0.0,0.0,0.0,0.0,0.0,0.0,0.0
2739,0.0,0.0,0.0,0.0,0.0,0.0,0.0,0.0,0.0,0.0,0.0,0.0,0.0,0.0,0.0,0.0,0.0,0.0,0.0,0.0,0.0,0.0,0.0,0.0,0.0,0.0,0.0,0.0,0.0,0.0,0.0,0.0,0.0,0.0,0.0,0.0,0.0,0.0,0.0,0.0,0.0,0.0,0.0,0.0,0.0,0.0,0.0,0.0,0.0,0.0,0.0,0.0,0.0,0.0,0.0,0.0,0.0,0.0,0.0,0.0,0.0,0.0,0.0,0.0
2740,0.0,0.0,0.0,0.0,0.0,0.0,0.0,0.0,0.0,0.0,0.0,0.0,0.0,0.0,0.0,0.0,0.0,0.0,0.0,0.0,0.0,0.0,0.0,0.0,0.0,0.0,0.0,0.0,0.0,0.0,0.0,0.0,0.0,0.0,0.0,0.0,0.0,0.0,0.0,0.0,0.0,0.0,0.0,0.0,0.0,0.0,0.0,0.0,0.0,0.0,0.0,0.0,0.0,0.0,0.0,0.0,0.0,0.0,0.0,0.0,0.0,0.0,0.0,0.0
2741,0.0,0.0,0.0,0.0,0.0,0.0,0.0,0.0,0.0,0.0,0.0,0.0,0.0,0.0,0.0,0.0,0.0,0.0,0.0,0.0,0.0,0.0,0.0,0.0,0.0,0.0,0.0,0.0,0.0,0.0,0.0,0.0,0.0,0.0,0.0,0.0,0.0,0.0,0.0,0.0,0.0,0.0,0.0,0.0,0.0,0.0,0.0,0.0,0.0,0.0,0.0,0.0,0.0,0.0,0.0,0.0,0.0,0.0,0.0,0.0,0.0,0.0,0.0,0.0
2742,0.0,0.0,0.0,0.0,0.0,0.0,0.0,0.0,0.0,0.0,0.0,0.0,0.0,0.0,0.0,0.0,0.0,0.0,0.0,0.0,0.0,0.0,0.0,0.0,0.0,0.0,0.0,0.0,0.0,0.0,0.0,0.0,0.0,0.0,0.0,0.0,0.0,0.0,0.0,0.0,0.0,0.0,0.0,0.0,0.0,0.0,0.0,0.0,0.0,0.0,0.0,0.0,0.0,0.0,0.0,0.0,0.0,0.0,0.0,0.0,0.0,0.0,0.0,0.0
2743,0.0,0.0,0.0,0.0,0.0,0.0,0.0,0.0,0.0,0.0,0.0,0.0,0.0,0.0,0.0,0.0,0.0,0.0,0.0,0.0,0.0,0.0,0.0,0.0,0.0,0.0,0.0,0.0,0.0,0.0,0.0,0.0,0.0,0.0,0.0,0.0,0.0,0.0,0.0,0.0,0.0,0.0,0.0,0.0,0.0,0.0,0.0,0.0,0.0,0.0,0.0,0.0,0.0,0.0,0.0,0.0,0.0,0.0,0.0,0.0,0.0,0.0,0.0,0.0
2744,0.0,0.0,0.0,0.0,0.0,0.0,0.0,0.0,0.0,0.0,0.0,0.0,0.0,0.0,0.0,0.0,0.0,0.0,0.0,0.0,0.0,0.0,0.0,0.0,0.0,0.0,0.0,0.0,0.0,0.0,0.0,0.0,0.0,0.0,0.0,0.0,0.0,0.0,0.0,0.0,0.0,0.0,0.0,0.0,0.0,0.0,0.0,0.0,0.0,0.0,0.0,0.0,0.0,0.0,0.0,0.0,0.0,0.0,0.0,0.0,0.0,0.0,0.0,0.0
2745,0.0,0.0,0.0,0.0,0.0,0.0,0.0,0.0,0.0,0.01,0.0,0.01,0.03,0.0,0.0,0.0,0.0,0.04,0.02,0.0,0.02,0.0,0.03,0.0,0.0,0.0,0.0,0.0,0.0,0.0,0.0,0.0,0.0,0.0,0.0,0.0,0.0,0.0,0.0,0.0,0.0,0.0,0.0,0.0,0.0,0.0,0.0,0.0,0.0,0.0,0.0,0.0,0.0,0.0,0.0,0.0,0.0,0.0,0.0,0.0,0.0,0.0,0.0,0.0
2746,0.0,0.11,0.11,0.0,0.0,0.13,0.0,0.0,0.01,0.05,0.03,0.09,0.21,0.03,0.03,0.02,0.04,0.11,0.11,0.02,0.03,0.03,0.19,0.04,0.0,0.11,0.0,0.0,0.09,0.11,0.11,0.0,0.0,0.0,0.0,0.12,0.01,0.0,0.13,0.0,0.0,0.13,0.02,0.01,0.01,0.13,0.13,0.0,0.0,0.13,0.08,0.06,0.02,0.04,0.0,0.09,0.0,0.06,0.08,0.0,0.11,0.06,0.05,0.11
2747,0.0,0.5,0.5,0.0,0.0,0.53,0.0,0.0,0.02,0.15,0.01,0.02,0.11,0.07,0.04,0.04,0.02,0.52,0.54,0.03,0.05,0.09,0.63,0.03,0.07,0.44,0.0,0.0,0.5,0.5,0.45,0.0,0.0,0.0,0.0,0.52,0.02,0.01,0.25,0.0,0.02,0.24,0.07,0.02,0.02,0.25,0.53,0.0,0.0,0.53,0.44,0.4,0.27,0.24,0.03,0.39,0.0,0.24,0.29,0.41,0.46,0.39,0.42,0.4
2748,0.0,0.72,0.71,0.0,0.0,0.72,0.0,0.0,0.03,0.45,0.04,0.09,0.5,0.03,0.04,0.03,0.68,0.4,0.67,0.02,0.03,0.03,0.6,0.18,0.73,0.71,0.0,0.0,0.67,0.72,0.72,0.0,0.0,0.0,0.0,0.71,0.44,0.16,0.67,0.05,0.48,0.67,0.64,0.36,0.1,0.66,0.72,0.0,0.0,0.72,0.63,0.65,0.74,0.49,0.73,0.48,0.0,0.37,0.58,0.64,0.64,0.57,0.6,0.59
2749,0.0,0.76,0.78,0.0,0.0,0.78,0.0,0.0,0.42,0.05,0.76,0.8,0.22,0.04,0.04,0.11,0.8,0.53,0.49,0.09,0.24,0.03,0.08,0.78,0.79,0.75,0.0,0.0,0.76,0.76,0.76,0.0,0.0,0.0,0.0,0.77,0.79,0.8,0.7,0.81,0.8,0.72,0.74,0.78,0.79,0.69,0.78,0.0,0.0,0.78,0.65,0.74,0.77,0.7,0.75,0.76,0.0,0.76,0.64,0.72,0.76,0.64,0.76,0.7
2750,0.0,0.8,0.8,0.0,0.0,0.81,0.0,0.0,0.81,0.06,0.8,0.85,0.25,0.13,0.08,0.21,0.83,0.71,0.73,0.82,0.85,0.13,0.12,0.81,0.81,0.68,0.0,0.0,0.62,0.8,0.72,0.0,0.0,0.0,0.0,0.8,0.8,0.82,0.81,0.82,0.8,0.8,0.77,0.8,0.79,0.8,0.8,0.0,0.0,0.81,0.81,0.45,0.8,0.81,0.83,0.81,0.0,0.78,0.72,0.82,0.81,0.81,0.48,0.79
2751,0.0,0.81,0.81,0.0,0.0,0.82,0.0,0.0,0.78,0.61,0.79,0.82,0.2,0.83,0.83,0.83,0.85,0.84,0.87,0.82,0.81,0.84,0.15,0.78,0.83,0.8,0.0,0.0,0.8,0.81,0.78,0.0,0.0,0.0,0.0,0.81,0.77,0.81,0.66,0.75,0.84,0.69,0.71,0.78,0.77,0.59,0.82,0.0,0.0,0.82,0.71,0.82,0.8,0.72,0.82,0.46,0.0,0.6,0.66,0.81,0.78,0.7,0.82,0.71
2752,0.0,0.81,0.81,0.0,0.0,0.81,0.0,0.0,0.55,0.2,0.81,0.84,0.83,0.83,0.84,0.83,0.82,0.82,0.82,0.83,0.86,0.83,0.81,0.81,0.83,0.82,0.0,0.0,0.81,0.81,0.81,0.0,0.0,0.0,0.0,0.82,0.8,0.75,0.82,0.76,0.78,0.83,0.81,0.8,0.8,0.82,0.81,0.0,0.0,0.82,0.8,0.82,0.68,0.68,0.51,0.1,0.0,0.6,0.79,0.4,0.8,0.79,0.82,0.79
2753,0.0,0.8,0.8,0.0,0.0,0.81,0.0,0.0,0.71,0.25,0.76,0.54,0.83,0.82,0.83,0.8,0.58,0.84,0.85,0.81,0.64,0.82,0.83,0.8,0.83,0.8,0.0,0.0,0.78,0.8,0.8,0.0,0.0,0.0,0.0,0.8,0.79,0.68,0.82,0.69,0.78,0.82,0.79,0.8,0.8,0.82,0.81,0.0,0.0,0.81,0.66,0.67,0.79,0.69,0.23,0.64,0.0,0.63,0.67,0.74,0.66,0.68,0.78,0.65
2754,0.0,0.78,0.77,0.0,0.0,0.78,0.0,0.0,0.66,0.13,0.77,0.22,0.66,0.57,0.67,0.7,0.78,0.79,0.77,0.75,0.41,0.58,0.54,0.78,0.81,0.78,0.0,0.0,0.78,0.78,0.78,0.0,0.0,0.0,0.0,0.75,0.75,0.76,0.77,0.77,0.7,0.73,0.72,0.78,0.78,0.76,0.78,0.0,0.0,0.79,0.42,0.62,0.76,0.37,0.76,0.31,0.0,0.4,0.45,0.76,0.49,0.43,0.76,0.49
2755,0.0,0.74,0.75,0.0,0.0,0.74,0.0,0.0,0.71,0.1,0.72,0.59,0.57,0.7,0.73,0.76,0.73,0.53,0.24,0.66,0.05,0.7,0.57,0.66,0.78,0.72,0.0,0.0,0.76,0.75,0.73,0.0,0.0,0.0,0.0,0.76,0.6,0.65,0.77,0.65,0.48,0.75,0.68,0.69,0.67,0.74,0.74,0.0,0.0,0.74,0.36,0.78,0.37,0.76,0.5,0.31,0.0,0.28,0.23,0.48,0.39,0.41,0.76,0.32
2756,0.0,0.48,0.44,0.0,0.0,0.68,0.0,0.0,0.45,0.61,0.34,0.47,0.37,0.51,0.51,0.55,0.51,0.68,0.68,0.4,0.1,0.65,0.26,0.59,0.66,0.52,0.0,0.0,0.39,0.58,0.51,0.0,0.0,0.0,0.0,0.66,0.67,0.21,0.31,0.21,0.28,0.51,0.62,0.66,0.62,0.32,0.68,0.0,0.0,0.67,0.69,0.69,0.65,0.68,0.55,0.63,0.0,0.68,0.67,0.65,0.7,0.68,0.42,0.69
2757,0.0,0.37,0.37,0.0,0.0,0.32,0.0,0.0,0.09,0.0,0.14,0.25,0.09,0.14,0.17,0.14,0.28,0.23,0.24,0.12,0.01,0.21,0.22,0.19,0.29,0.37,0.0,0.0,0.36,0.37,0.36,0.0,0.0,0.0,0.0,0.34,0.1,0.19,0.27,0.26,0.19,0.21,0.21,0.13,0.11,0.28,0.31,0.0,0.0,0.32,0.36,0.34,0.33,0.36,0.34,0.23,0.0,0.35,0.34,0.33,0.36,0.36,0.34,0.34
2758,0.0,0.04,0.04,0.0,0.0,0.04,0.0,0.0,0.05,0.0,0.05,0.05,0.02,0.05,0.04,0.05,0.05,0.05,0.05,0.04,0.05,0.04,0.04,0.05,0.05,0.04,0.0,0.0,0.04,0.04,0.04,0.0,0.0,0.0,0.0,0.04,0.05,0.05,0.05,0.05,0.05,0.05,0.05,0.06,0.04,0.05,0.04,0.0,0.0,0.05,0.06,0.05,0.04,0.06,0.04,0.0,0.0,0.04,0.06,0.06,0.06,0.06,0.05,0.06
2759,0.0,0.0,0.0,0.0,0.0,0.0,0.0,0.0,0.0,0.0,0.0,0.0,0.0,0.0,0.0,0.0,0.0,0.0,0.0,0.0,0.0,0.0,0.0,0.0,0.0,0.0,0.0,0.0,0.0,0.0,0.0,0.0,0.0,0.0,0.0,0.0,0.0,0.0,0.0,0.0,0.0,0.0,0.0,0.0,0.0,0.0,0.0,0.0,0.0,0.0,0.0,0.0,0.0,0.0,0.0,0.0,0.0,0.0,0.0,0.0,0.0,0.0,0.0,0.0
2760,0.0,0.0,0.0,0.0,0.0,0.0,0.0,0.0,0.0,0.0,0.0,0.0,0.0,0.0,0.0,0.0,0.0,0.0,0.0,0.0,0.0,0.0,0.0,0.0,0.0,0.0,0.0,0.0,0.0,0.0,0.0,0.0,0.0,0.0,0.0,0.0,0.0,0.0,0.0,0.0,0.0,0.0,0.0,0.0,0.0,0.0,0.0,0.0,0.0,0.0,0.0,0.0,0.0,0.0,0.0,0.0,0.0,0.0,0.0,0.0,0.0,0.0,0.0,0.0
2761,0.0,0.0,0.0,0.0,0.0,0.0,0.0,0.0,0.0,0.0,0.0,0.0,0.0,0.0,0.0,0.0,0.0,0.0,0.0,0.0,0.0,0.0,0.0,0.0,0.0,0.0,0.0,0.0,0.0,0.0,0.0,0.0,0.0,0.0,0.0,0.0,0.0,0.0,0.0,0.0,0.0,0.0,0.0,0.0,0.0,0.0,0.0,0.0,0.0,0.0,0.0,0.0,0.0,0.0,0.0,0.0,0.0,0.0,0.0,0.0,0.0,0.0,0.0,0.0
2762,0.0,0.0,0.0,0.0,0.0,0.0,0.0,0.0,0.0,0.0,0.0,0.0,0.0,0.0,0.0,0.0,0.0,0.0,0.0,0.0,0.0,0.0,0.0,0.0,0.0,0.0,0.0,0.0,0.0,0.0,0.0,0.0,0.0,0.0,0.0,0.0,0.0,0.0,0.0,0.0,0.0,0.0,0.0,0.0,0.0,0.0,0.0,0.0,0.0,0.0,0.0,0.0,0.0,0.0,0.0,0.0,0.0,0.0,0.0,0.0,0.0,0.0,0.0,0.0
2763,0.0,0.0,0.0,0.0,0.0,0.0,0.0,0.0,0.0,0.0,0.0,0.0,0.0,0.0,0.0,0.0,0.0,0.0,0.0,0.0,0.0,0.0,0.0,0.0,0.0,0.0,0.0,0.0,0.0,0.0,0.0,0.0,0.0,0.0,0.0,0.0,0.0,0.0,0.0,0.0,0.0,0.0,0.0,0.0,0.0,0.0,0.0,0.0,0.0,0.0,0.0,0.0,0.0,0.0,0.0,0.0,0.0,0.0,0.0,0.0,0.0,0.0,0.0,0.0
2764,0.0,0.0,0.0,0.0,0.0,0.0,0.0,0.0,0.0,0.0,0.0,0.0,0.0,0.0,0.0,0.0,0.0,0.0,0.0,0.0,0.0,0.0,0.0,0.0,0.0,0.0,0.0,0.0,0.0,0.0,0.0,0.0,0.0,0.0,0.0,0.0,0.0,0.0,0.0,0.0,0.0,0.0,0.0,0.0,0.0,0.0,0.0,0.0,0.0,0.0,0.0,0.0,0.0,0.0,0.0,0.0,0.0,0.0,0.0,0.0,0.0,0.0,0.0,0.0
2765,0.0,0.0,0.0,0.0,0.0,0.0,0.0,0.0,0.0,0.0,0.0,0.0,0.0,0.0,0.0,0.0,0.0,0.0,0.0,0.0,0.0,0.0,0.0,0.0,0.0,0.0,0.0,0.0,0.0,0.0,0.0,0.0,0.0,0.0,0.0,0.0,0.0,0.0,0.0,0.0,0.0,0.0,0.0,0.0,0.0,0.0,0.0,0.0,0.0,0.0,0.0,0.0,0.0,0.0,0.0,0.0,0.0,0.0,0.0,0.0,0.0,0.0,0.0,0.0
2766,0.0,0.0,0.0,0.0,0.0,0.0,0.0,0.0,0.0,0.0,0.0,0.0,0.0,0.0,0.0,0.0,0.0,0.0,0.0,0.0,0.0,0.0,0.0,0.0,0.0,0.0,0.0,0.0,0.0,0.0,0.0,0.0,0.0,0.0,0.0,0.0,0.0,0.0,0.0,0.0,0.0,0.0,0.0,0.0,0.0,0.0,0.0,0.0,0.0,0.0,0.0,0.0,0.0,0.0,0.0,0.0,0.0,0.0,0.0,0.0,0.0,0.0,0.0,0.0
2767,0.0,0.0,0.0,0.0,0.0,0.0,0.0,0.0,0.0,0.0,0.0,0.0,0.0,0.0,0.0,0.0,0.0,0.0,0.0,0.0,0.0,0.0,0.0,0.0,0.0,0.0,0.0,0.0,0.0,0.0,0.0,0.0,0.0,0.0,0.0,0.0,0.0,0.0,0.0,0.0,0.0,0.0,0.0,0.0,0.0,0.0,0.0,0.0,0.0,0.0,0.0,0.0,0.0,0.0,0.0,0.0,0.0,0.0,0.0,0.0,0.0,0.0,0.0,0.0
2768,0.0,0.0,0.0,0.0,0.0,0.0,0.0,0.0,0.0,0.0,0.0,0.0,0.0,0.0,0.0,0.0,0.0,0.0,0.0,0.0,0.0,0.0,0.0,0.0,0.0,0.0,0.0,0.0,0.0,0.0,0.0,0.0,0.0,0.0,0.0,0.0,0.0,0.0,0.0,0.0,0.0,0.0,0.0,0.0,0.0,0.0,0.0,0.0,0.0,0.0,0.0,0.0,0.0,0.0,0.0,0.0,0.0,0.0,0.0,0.0,0.0,0.0,0.0,0.0
2769,0.0,0.0,0.0,0.0,0.0,0.0,0.0,0.0,0.0,0.0,0.0,0.0,0.0,0.0,0.0,0.0,0.0,0.0,0.0,0.0,0.0,0.0,0.0,0.0,0.0,0.0,0.0,0.0,0.0,0.0,0.0,0.0,0.0,0.0,0.0,0.0,0.0,0.0,0.0,0.0,0.0,0.0,0.0,0.0,0.0,0.0,0.0,0.0,0.0,0.0,0.0,0.0,0.0,0.0,0.0,0.0,0.0,0.0,0.0,0.0,0.0,0.0,0.0,0.0
2770,0.0,0.01,0.01,0.0,0.0,0.1,0.0,0.0,0.06,0.07,0.04,0.03,0.04,0.02,0.05,0.05,0.01,0.02,0.01,0.05,0.05,0.01,0.01,0.12,0.11,0.02,0.0,0.0,0.06,0.02,0.06,0.0,0.0,0.0,0.0,0.02,0.13,0.03,0.02,0.06,0.01,0.04,0.04,0.11,0.13,0.02,0.03,0.0,0.0,0.04,0.02,0.0,0.02,0.01,0.02,0.01,0.0,0.01,0.01,0.02,0.01,0.02,0.0,0.02
2771,0.0,0.09,0.14,0.0,0.0,0.46,0.0,0.0,0.36,0.72,0.54,0.03,0.01,0.05,0.3,0.26,0.03,0.16,0.07,0.12,0.11,0.06,0.07,0.51,0.5,0.02,0.0,0.0,0.05,0.07,0.04,0.0,0.0,0.0,0.0,0.08,0.23,0.02,0.01,0.02,0.03,0.01,0.05,0.49,0.48,0.02,0.46,0.0,0.0,0.41,0.04,0.0,0.06,0.04,0.06,0.18,0.0,0.09,0.02,0.08,0.02,0.03,0.01,0.02
2772,0.0,0.03,0.02,0.0,0.0,0.67,0.0,0.0,0.05,0.83,0.03,0.23,0.04,0.09,0.08,0.13,0.03,0.26,0.28,0.2,0.19,0.13,0.03,0.07,0.69,0.02,0.0,0.0,0.01,0.02,0.02,0.0,0.0,0.0,0.0,0.02,0.09,0.02,0.01,0.04,0.02,0.01,0.01,0.08,0.06,0.01,0.69,0.0,0.0,0.68,0.09,0.02,0.11,0.08,0.21,0.44,0.0,0.18,0.06,0.3,0.02,0.09,0.01,0.04
2773,0.0,0.05,0.04,0.0,0.0,0.71,0.0,0.0,0.03,0.91,0.01,0.1,0.02,0.02,0.04,0.06,0.05,0.16,0.25,0.02,0.6,0.02,0.06,0.03,0.78,0.02,0.0,0.0,0.02,0.08,0.02,0.0,0.0,0.0,0.0,0.02,0.01,0.05,0.02,0.03,0.02,0.02,0.01,0.03,0.02,0.02,0.71,0.0,0.0,0.72,0.62,0.01,0.17,0.32,0.3,0.66,0.0,0.29,0.08,0.09,0.04,0.45,0.02,0.06
2774,0.0,0.1,0.07,0.0,0.0,0.78,0.0,0.0,0.02,0.75,0.02,0.37,0.02,0.03,0.05,0.04,0.44,0.2,0.26,0.03,0.55,0.03,0.04,0.02,0.79,0.03,0.0,0.0,0.03,0.07,0.03,0.0,0.0,0.0,0.0,0.05,0.02,0.07,0.02,0.05,0.03,0.02,0.02,0.04,0.02,0.02,0.78,0.0,0.0,0.78,0.18,0.03,0.48,0.28,0.61,0.36,0.0,0.3,0.3,0.28,0.14,0.27,0.04,0.17
2775,0.0,0.04,0.08,0.0,0.0,0.8,0.0,0.0,0.02,0.84,0.02,0.15,0.02,0.03,0.05,0.05,0.22,0.83,0.8,0.03,0.63,0.02,0.03,0.02,0.81,0.03,0.0,0.0,0.04,0.03,0.05,0.0,0.0,0.0,0.0,0.06,0.02,0.87,0.03,0.86,0.08,0.04,0.03,0.02,0.02,0.03,0.8,0.0,0.0,0.8,0.1,0.04,0.38,0.34,0.52,0.38,0.0,0.6,0.07,0.58,0.04,0.13,0.04,0.04
2776,0.0,0.07,0.05,0.0,0.0,0.8,0.0,0.0,0.03,0.7,0.04,0.14,0.03,0.02,0.03,0.03,0.06,0.56,0.82,0.02,0.66,0.02,0.04,0.03,0.82,0.05,0.0,0.0,0.05,0.07,0.04,0.0,0.0,0.0,0.0,0.05,0.04,0.08,0.04,0.08,0.06,0.03,0.04,0.03,0.03,0.04,0.79,0.0,0.0,0.8,0.08,0.05,0.16,0.33,0.86,0.61,0.0,0.22,0.06,0.83,0.05,0.13,0.06,0.05
2777,0.0,0.06,0.06,0.0,0.0,0.78,0.0,0.0,0.05,0.62,0.05,0.15,0.05,0.04,0.02,0.02,0.07,0.85,0.5,0.04,0.82,0.04,0.04,0.04,0.82,0.08,0.0,0.0,0.09,0.07,0.08,0.0,0.0,0.0,0.0,0.07,0.04,0.08,0.06,0.08,0.07,0.05,0.05,0.03,0.04,0.06,0.34,0.0,0.0,0.78,0.09,0.07,0.14,0.32,0.52,0.63,0.0,0.33,0.05,0.56,0.06,0.11,0.1,0.06
2778,0.0,0.06,0.08,0.0,0.0,0.06,0.0,0.0,0.04,0.81,0.04,0.13,0.02,0.03,0.02,0.02,0.14,0.07,0.08,0.03,0.53,0.03,0.04,0.04,0.78,0.07,0.0,0.0,0.06,0.07,0.07,0.0,0.0,0.0,0.0,0.06,0.06,0.13,0.06,0.14,0.07,0.06,0.06,0.05,0.04,0.06,0.06,0.0,0.0,0.06,0.24,0.05,0.15,0.6,0.48,0.8,0.0,0.35,0.13,0.82,0.07,0.25,0.06,0.1
2779,0.0,0.08,0.06,0.0,0.0,0.04,0.0,0.0,0.04,0.76,0.04,0.06,0.02,0.05,0.02,0.03,0.06,0.12,0.17,0.04,0.35,0.03,0.03,0.04,0.09,0.05,0.0,0.0,0.04,0.1,0.05,0.0,0.0,0.0,0.0,0.06,0.04,0.06,0.04,0.06,0.08,0.04,0.06,0.04,0.05,0.05,0.03,0.0,0.0,0.04,0.15,0.05,0.15,0.21,0.31,0.49,0.0,0.21,0.12,0.29,0.11,0.16,0.04,0.1
2780,0.0,0.04,0.03,0.0,0.0,0.17,0.0,0.0,0.02,0.66,0.02,0.16,0.02,0.02,0.02,0.02,0.08,0.15,0.15,0.02,0.34,0.02,0.02,0.02,0.05,0.03,0.0,0.0,0.02,0.05,0.04,0.0,0.0,0.0,0.0,0.05,0.04,0.04,0.03,0.04,0.06,0.03,0.04,0.03,0.02,0.03,0.08,0.0,0.0,0.26,0.09,0.04,0.13,0.17,0.16,0.27,0.0,0.19,0.07,0.28,0.04,0.11,0.02,0.06
2781,0.0,0.01,0.0,0.0,0.0,0.06,0.0,0.0,0.01,0.23,0.01,0.09,0.01,0.01,0.01,0.01,0.04,0.06,0.06,0.01,0.08,0.01,0.01,0.01,0.18,0.0,0.0,0.0,0.01,0.01,0.01,0.0,0.0,0.0,0.0,0.02,0.01,0.02,0.02,0.03,0.01,0.02,0.02,0.01,0.01,0.01,0.02,0.0,0.0,0.04,0.13,0.02,0.06,0.08,0.07,0.13,0.0,0.07,0.06,0.07,0.09,0.1,0.01,0.1
2782,0.0,0.0,0.0,0.0,0.0,0.01,0.0,0.0,0.0,0.05,0.0,0.0,0.0,0.0,0.0,0.0,0.0,0.01,0.01,0.0,0.02,0.0,0.0,0.0,0.04,0.0,0.0,0.0,0.0,0.0,0.0,0.0,0.0,0.0,0.0,0.0,0.0,0.0,0.0,0.0,0.0,0.0,0.0,0.0,0.0,0.0,0.01,0.0,0.0,0.01,0.01,0.01,0.02,0.01,0.02,0.03,0.0,0.01,0.01,0.02,0.01,0.01,0.0,0.01
2783,0.0,0.0,0.0,0.0,0.0,0.0,0.0,0.0,0.0,0.0,0.0,0.0,0.0,0.0,0.0,0.0,0.0,0.0,0.0,0.0,0.0,0.0,0.0,0.0,0.0,0.0,0.0,0.0,0.0,0.0,0.0,0.0,0.0,0.0,0.0,0.0,0.0,0.0,0.0,0.0,0.0,0.0,0.0,0.0,0.0,0.0,0.0,0.0,0.0,0.0,0.0,0.0,0.0,0.0,0.0,0.0,0.0,0.0,0.0,0.0,0.0,0.0,0.0,0.0
2784,0.0,0.0,0.0,0.0,0.0,0.0,0.0,0.0,0.0,0.0,0.0,0.0,0.0,0.0,0.0,0.0,0.0,0.0,0.0,0.0,0.0,0.0,0.0,0.0,0.0,0.0,0.0,0.0,0.0,0.0,0.0,0.0,0.0,0.0,0.0,0.0,0.0,0.0,0.0,0.0,0.0,0.0,0.0,0.0,0.0,0.0,0.0,0.0,0.0,0.0,0.0,0.0,0.0,0.0,0.0,0.0,0.0,0.0,0.0,0.0,0.0,0.0,0.0,0.0
2785,0.0,0.0,0.0,0.0,0.0,0.0,0.0,0.0,0.0,0.0,0.0,0.0,0.0,0.0,0.0,0.0,0.0,0.0,0.0,0.0,0.0,0.0,0.0,0.0,0.0,0.0,0.0,0.0,0.0,0.0,0.0,0.0,0.0,0.0,0.0,0.0,0.0,0.0,0.0,0.0,0.0,0.0,0.0,0.0,0.0,0.0,0.0,0.0,0.0,0.0,0.0,0.0,0.0,0.0,0.0,0.0,0.0,0.0,0.0,0.0,0.0,0.0,0.0,0.0
2786,0.0,0.0,0.0,0.0,0.0,0.0,0.0,0.0,0.0,0.0,0.0,0.0,0.0,0.0,0.0,0.0,0.0,0.0,0.0,0.0,0.0,0.0,0.0,0.0,0.0,0.0,0.0,0.0,0.0,0.0,0.0,0.0,0.0,0.0,0.0,0.0,0.0,0.0,0.0,0.0,0.0,0.0,0.0,0.0,0.0,0.0,0.0,0.0,0.0,0.0,0.0,0.0,0.0,0.0,0.0,0.0,0.0,0.0,0.0,0.0,0.0,0.0,0.0,0.0
2787,0.0,0.0,0.0,0.0,0.0,0.0,0.0,0.0,0.0,0.0,0.0,0.0,0.0,0.0,0.0,0.0,0.0,0.0,0.0,0.0,0.0,0.0,0.0,0.0,0.0,0.0,0.0,0.0,0.0,0.0,0.0,0.0,0.0,0.0,0.0,0.0,0.0,0.0,0.0,0.0,0.0,0.0,0.0,0.0,0.0,0.0,0.0,0.0,0.0,0.0,0.0,0.0,0.0,0.0,0.0,0.0,0.0,0.0,0.0,0.0,0.0,0.0,0.0,0.0
2788,0.0,0.0,0.0,0.0,0.0,0.0,0.0,0.0,0.0,0.0,0.0,0.0,0.0,0.0,0.0,0.0,0.0,0.0,0.0,0.0,0.0,0.0,0.0,0.0,0.0,0.0,0.0,0.0,0.0,0.0,0.0,0.0,0.0,0.0,0.0,0.0,0.0,0.0,0.0,0.0,0.0,0.0,0.0,0.0,0.0,0.0,0.0,0.0,0.0,0.0,0.0,0.0,0.0,0.0,0.0,0.0,0.0,0.0,0.0,0.0,0.0,0.0,0.0,0.0
2789,0.0,0.0,0.0,0.0,0.0,0.0,0.0,0.0,0.0,0.0,0.0,0.0,0.0,0.0,0.0,0.0,0.0,0.0,0.0,0.0,0.0,0.0,0.0,0.0,0.0,0.0,0.0,0.0,0.0,0.0,0.0,0.0,0.0,0.0,0.0,0.0,0.0,0.0,0.0,0.0,0.0,0.0,0.0,0.0,0.0,0.0,0.0,0.0,0.0,0.0,0.0,0.0,0.0,0.0,0.0,0.0,0.0,0.0,0.0,0.0,0.0,0.0,0.0,0.0
2790,0.0,0.0,0.0,0.0,0.0,0.0,0.0,0.0,0.0,0.0,0.0,0.0,0.0,0.0,0.0,0.0,0.0,0.0,0.0,0.0,0.0,0.0,0.0,0.0,0.0,0.0,0.0,0.0,0.0,0.0,0.0,0.0,0.0,0.0,0.0,0.0,0.0,0.0,0.0,0.0,0.0,0.0,0.0,0.0,0.0,0.0,0.0,0.0,0.0,0.0,0.0,0.0,0.0,0.0,0.0,0.0,0.0,0.0,0.0,0.0,0.0,0.0,0.0,0.0
2791,0.0,0.0,0.0,0.0,0.0,0.0,0.0,0.0,0.0,0.0,0.0,0.0,0.0,0.0,0.0,0.0,0.0,0.0,0.0,0.0,0.0,0.0,0.0,0.0,0.0,0.0,0.0,0.0,0.0,0.0,0.0,0.0,0.0,0.0,0.0,0.0,0.0,0.0,0.0,0.0,0.0,0.0,0.0,0.0,0.0,0.0,0.0,0.0,0.0,0.0,0.0,0.0,0.0,0.0,0.0,0.0,0.0,0.0,0.0,0.0,0.0,0.0,0.0,0.0
2792,0.0,0.0,0.0,0.0,0.0,0.0,0.0,0.0,0.0,0.0,0.0,0.0,0.0,0.0,0.0,0.0,0.0,0.0,0.0,0.0,0.0,0.0,0.0,0.0,0.0,0.0,0.0,0.0,0.0,0.0,0.0,0.0,0.0,0.0,0.0,0.0,0.0,0.0,0.0,0.0,0.0,0.0,0.0,0.0,0.0,0.0,0.0,0.0,0.0,0.0,0.0,0.0,0.0,0.0,0.0,0.0,0.0,0.0,0.0,0.0,0.0,0.0,0.0,0.0
2793,0.0,0.0,0.0,0.0,0.0,0.0,0.0,0.0,0.02,0.04,0.01,0.02,0.0,0.02,0.03,0.01,0.01,0.04,0.02,0.0,0.03,0.01,0.01,0.01,0.0,0.0,0.0,0.0,0.0,0.0,0.0,0.0,0.0,0.0,0.0,0.0,0.0,0.01,0.0,0.01,0.01,0.0,0.0,0.0,0.01,0.0,0.0,0.0,0.0,0.0,0.0,0.0,0.0,0.0,0.01,0.0,0.0,0.0,0.0,0.0,0.0,0.0,0.0,0.0
2794,0.0,0.11,0.11,0.0,0.0,0.1,0.0,0.0,0.15,0.24,0.17,0.16,0.05,0.06,0.04,0.05,0.2,0.09,0.12,0.1,0.24,0.05,0.06,0.18,0.0,0.12,0.0,0.0,0.14,0.04,0.12,0.0,0.0,0.0,0.0,0.07,0.18,0.2,0.15,0.2,0.18,0.14,0.16,0.16,0.17,0.16,0.1,0.0,0.0,0.07,0.12,0.11,0.14,0.11,0.14,0.14,0.0,0.12,0.12,0.12,0.12,0.12,0.14,0.12
2795,0.0,0.59,0.58,0.0,0.0,0.03,0.0,0.0,0.57,0.72,0.58,0.69,0.2,0.15,0.12,0.11,0.68,0.42,0.49,0.24,0.67,0.11,0.08,0.46,0.0,0.57,0.0,0.0,0.6,0.6,0.58,0.0,0.0,0.0,0.0,0.62,0.62,0.66,0.62,0.67,0.67,0.63,0.62,0.46,0.51,0.63,0.03,0.0,0.0,0.04,0.62,0.59,0.58,0.6,0.62,0.58,0.0,0.61,0.59,0.62,0.57,0.62,0.62,0.58
2796,0.0,0.84,0.83,0.0,0.0,0.57,0.0,0.0,0.77,0.88,0.84,0.87,0.37,0.46,0.38,0.44,0.86,0.82,0.87,0.72,0.87,0.36,0.32,0.8,0.03,0.82,0.0,0.0,0.84,0.84,0.83,0.0,0.0,0.0,0.0,0.85,0.85,0.87,0.84,0.87,0.87,0.85,0.84,0.79,0.83,0.84,0.2,0.0,0.0,0.07,0.86,0.84,0.85,0.83,0.85,0.82,0.0,0.84,0.84,0.84,0.75,0.86,0.85,0.81
2797,0.0,0.87,0.87,0.0,0.0,0.83,0.0,0.0,0.78,0.89,0.86,0.89,0.65,0.46,0.33,0.41,0.88,0.8,0.88,0.5,0.88,0.41,0.47,0.88,0.08,0.86,0.0,0.0,0.88,0.88,0.85,0.0,0.0,0.0,0.0,0.89,0.9,0.9,0.88,0.89,0.89,0.89,0.87,0.87,0.89,0.88,0.66,0.0,0.0,0.42,0.88,0.86,0.87,0.85,0.87,0.84,0.0,0.86,0.88,0.86,0.88,0.88,0.9,0.88
2798,0.0,0.9,0.88,0.0,0.0,0.45,0.0,0.0,0.9,0.9,0.9,0.91,0.51,0.6,0.44,0.62,0.9,0.83,0.9,0.81,0.9,0.54,0.42,0.91,0.05,0.9,0.0,0.0,0.9,0.9,0.89,0.0,0.0,0.0,0.0,0.91,0.91,0.91,0.9,0.91,0.91,0.91,0.89,0.91,0.91,0.91,0.44,0.0,0.0,0.38,0.91,0.9,0.89,0.88,0.9,0.87,0.0,0.88,0.9,0.88,0.91,0.9,0.91,0.9
2799,0.0,0.89,0.85,0.0,0.0,0.42,0.0,0.0,0.91,0.9,0.91,0.91,0.73,0.88,0.87,0.8,0.91,0.9,0.91,0.88,0.91,0.88,0.48,0.91,0.11,0.87,0.0,0.0,0.9,0.88,0.86,0.0,0.0,0.0,0.0,0.91,0.91,0.91,0.91,0.91,0.91,0.91,0.91,0.91,0.91,0.91,0.39,0.0,0.0,0.26,0.91,0.91,0.9,0.89,0.9,0.87,0.0,0.89,0.9,0.89,0.91,0.91,0.91,0.9
2800,0.0,0.88,0.86,0.0,0.0,0.36,0.0,0.0,0.91,0.89,0.91,0.91,0.81,0.87,0.8,0.78,0.9,0.91,0.91,0.91,0.9,0.86,0.81,0.91,0.18,0.89,0.0,0.0,0.9,0.88,0.88,0.0,0.0,0.0,0.0,0.91,0.91,0.91,0.91,0.91,0.9,0.91,0.91,0.91,0.91,0.91,0.33,0.0,0.0,0.32,0.9,0.91,0.89,0.88,0.9,0.87,0.0,0.88,0.89,0.89,0.9,0.9,0.91,0.89
2801,0.0,0.89,0.88,0.0,0.0,0.64,0.0,0.0,0.91,0.88,0.9,0.91,0.69,0.91,0.91,0.91,0.89,0.9,0.91,0.91,0.89,0.89,0.84,0.91,0.15,0.91,0.0,0.0,0.9,0.89,0.89,0.0,0.0,0.0,0.0,0.91,0.91,0.9,0.91,0.9,0.89,0.91,0.9,0.91,0.91,0.91,0.91,0.0,0.0,0.29,0.9,0.9,0.89,0.88,0.89,0.86,0.0,0.88,0.89,0.88,0.89,0.89,0.91,0.89
2802,0.0,0.89,0.88,0.0,0.0,0.89,0.0,0.0,0.9,0.86,0.89,0.89,0.74,0.9,0.91,0.91,0.87,0.89,0.9,0.9,0.87,0.9,0.82,0.91,0.13,0.89,0.0,0.0,0.88,0.89,0.89,0.0,0.0,0.0,0.0,0.91,0.9,0.88,0.89,0.88,0.87,0.9,0.88,0.91,0.91,0.89,0.89,0.0,0.0,0.42,0.88,0.87,0.87,0.86,0.87,0.84,0.0,0.86,0.87,0.86,0.88,0.88,0.9,0.87
2803,0.0,0.86,0.86,0.0,0.0,0.86,0.0,0.0,0.87,0.83,0.86,0.87,0.65,0.87,0.87,0.87,0.85,0.86,0.87,0.87,0.84,0.87,0.83,0.89,0.1,0.87,0.0,0.0,0.86,0.87,0.86,0.0,0.0,0.0,0.0,0.89,0.87,0.86,0.86,0.86,0.84,0.88,0.86,0.89,0.88,0.87,0.87,0.0,0.0,0.87,0.85,0.85,0.84,0.83,0.84,0.81,0.0,0.83,0.84,0.83,0.85,0.85,0.88,0.84
2804,0.0,0.78,0.78,0.0,0.0,0.78,0.0,0.0,0.76,0.73,0.76,0.76,0.65,0.72,0.64,0.66,0.75,0.75,0.76,0.76,0.74,0.71,0.73,0.78,0.06,0.79,0.0,0.0,0.78,0.78,0.78,0.0,0.0,0.0,0.0,0.79,0.77,0.76,0.77,0.76,0.75,0.78,0.76,0.78,0.78,0.77,0.78,0.0,0.0,0.78,0.77,0.77,0.76,0.76,0.76,0.74,0.0,0.75,0.76,0.75,0.76,0.77,0.78,0.76
2805,0.0,0.42,0.42,0.0,0.0,0.38,0.0,0.0,0.34,0.31,0.34,0.34,0.15,0.31,0.29,0.3,0.34,0.29,0.3,0.32,0.32,0.3,0.2,0.36,0.04,0.42,0.0,0.0,0.41,0.41,0.41,0.0,0.0,0.0,0.0,0.39,0.37,0.36,0.39,0.36,0.37,0.39,0.38,0.37,0.36,0.39,0.38,0.0,0.0,0.38,0.41,0.41,0.39,0.4,0.38,0.4,0.0,0.4,0.4,0.39,0.41,0.41,0.41,0.41
2806,0.0,0.06,0.06,0.0,0.0,0.06,0.0,0.0,0.05,0.05,0.06,0.05,0.05,0.05,0.05,0.05,0.06,0.05,0.05,0.05,0.05,0.05,0.05,0.06,0.01,0.06,0.0,0.0,0.06,0.06,0.06,0.0,0.0,0.0,0.0,0.06,0.06,0.06,0.06,0.06,0.06,0.06,0.06,0.06,0.06,0.06,0.06,0.0,0.0,0.06,0.06,0.06,0.06,0.06,0.06,0.06,0.0,0.06,0.06,0.06,0.06,0.06,0.06,0.06
2807,0.0,0.0,0.0,0.0,0.0,0.0,0.0,0.0,0.0,0.0,0.0,0.0,0.0,0.0,0.0,0.0,0.0,0.0,0.0,0.0,0.0,0.0,0.0,0.0,0.0,0.0,0.0,0.0,0.0,0.0,0.0,0.0,0.0,0.0,0.0,0.0,0.0,0.0,0.0,0.0,0.0,0.0,0.0,0.0,0.0,0.0,0.0,0.0,0.0,0.0,0.0,0.0,0.0,0.0,0.0,0.0,0.0,0.0,0.0,0.0,0.0,0.0,0.0,0.0
2808,0.0,0.0,0.0,0.0,0.0,0.0,0.0,0.0,0.0,0.0,0.0,0.0,0.0,0.0,0.0,0.0,0.0,0.0,0.0,0.0,0.0,0.0,0.0,0.0,0.0,0.0,0.0,0.0,0.0,0.0,0.0,0.0,0.0,0.0,0.0,0.0,0.0,0.0,0.0,0.0,0.0,0.0,0.0,0.0,0.0,0.0,0.0,0.0,0.0,0.0,0.0,0.0,0.0,0.0,0.0,0.0,0.0,0.0,0.0,0.0,0.0,0.0,0.0,0.0
2809,0.0,0.0,0.0,0.0,0.0,0.0,0.0,0.0,0.0,0.0,0.0,0.0,0.0,0.0,0.0,0.0,0.0,0.0,0.0,0.0,0.0,0.0,0.0,0.0,0.0,0.0,0.0,0.0,0.0,0.0,0.0,0.0,0.0,0.0,0.0,0.0,0.0,0.0,0.0,0.0,0.0,0.0,0.0,0.0,0.0,0.0,0.0,0.0,0.0,0.0,0.0,0.0,0.0,0.0,0.0,0.0,0.0,0.0,0.0,0.0,0.0,0.0,0.0,0.0
2810,0.0,0.0,0.0,0.0,0.0,0.0,0.0,0.0,0.0,0.0,0.0,0.0,0.0,0.0,0.0,0.0,0.0,0.0,0.0,0.0,0.0,0.0,0.0,0.0,0.0,0.0,0.0,0.0,0.0,0.0,0.0,0.0,0.0,0.0,0.0,0.0,0.0,0.0,0.0,0.0,0.0,0.0,0.0,0.0,0.0,0.0,0.0,0.0,0.0,0.0,0.0,0.0,0.0,0.0,0.0,0.0,0.0,0.0,0.0,0.0,0.0,0.0,0.0,0.0
2811,0.0,0.0,0.0,0.0,0.0,0.0,0.0,0.0,0.0,0.0,0.0,0.0,0.0,0.0,0.0,0.0,0.0,0.0,0.0,0.0,0.0,0.0,0.0,0.0,0.0,0.0,0.0,0.0,0.0,0.0,0.0,0.0,0.0,0.0,0.0,0.0,0.0,0.0,0.0,0.0,0.0,0.0,0.0,0.0,0.0,0.0,0.0,0.0,0.0,0.0,0.0,0.0,0.0,0.0,0.0,0.0,0.0,0.0,0.0,0.0,0.0,0.0,0.0,0.0
2812,0.0,0.0,0.0,0.0,0.0,0.0,0.0,0.0,0.0,0.0,0.0,0.0,0.0,0.0,0.0,0.0,0.0,0.0,0.0,0.0,0.0,0.0,0.0,0.0,0.0,0.0,0.0,0.0,0.0,0.0,0.0,0.0,0.0,0.0,0.0,0.0,0.0,0.0,0.0,0.0,0.0,0.0,0.0,0.0,0.0,0.0,0.0,0.0,0.0,0.0,0.0,0.0,0.0,0.0,0.0,0.0,0.0,0.0,0.0,0.0,0.0,0.0,0.0,0.0
2813,0.0,0.0,0.0,0.0,0.0,0.0,0.0,0.0,0.0,0.0,0.0,0.0,0.0,0.0,0.0,0.0,0.0,0.0,0.0,0.0,0.0,0.0,0.0,0.0,0.0,0.0,0.0,0.0,0.0,0.0,0.0,0.0,0.0,0.0,0.0,0.0,0.0,0.0,0.0,0.0,0.0,0.0,0.0,0.0,0.0,0.0,0.0,0.0,0.0,0.0,0.0,0.0,0.0,0.0,0.0,0.0,0.0,0.0,0.0,0.0,0.0,0.0,0.0,0.0
2814,0.0,0.0,0.0,0.0,0.0,0.0,0.0,0.0,0.0,0.0,0.0,0.0,0.0,0.0,0.0,0.0,0.0,0.0,0.0,0.0,0.0,0.0,0.0,0.0,0.0,0.0,0.0,0.0,0.0,0.0,0.0,0.0,0.0,0.0,0.0,0.0,0.0,0.0,0.0,0.0,0.0,0.0,0.0,0.0,0.0,0.0,0.0,0.0,0.0,0.0,0.0,0.0,0.0,0.0,0.0,0.0,0.0,0.0,0.0,0.0,0.0,0.0,0.0,0.0
2815,0.0,0.0,0.0,0.0,0.0,0.0,0.0,0.0,0.0,0.0,0.0,0.0,0.0,0.0,0.0,0.0,0.0,0.0,0.0,0.0,0.0,0.0,0.0,0.0,0.0,0.0,0.0,0.0,0.0,0.0,0.0,0.0,0.0,0.0,0.0,0.0,0.0,0.0,0.0,0.0,0.0,0.0,0.0,0.0,0.0,0.0,0.0,0.0,0.0,0.0,0.0,0.0,0.0,0.0,0.0,0.0,0.0,0.0,0.0,0.0,0.0,0.0,0.0,0.0
2816,0.0,0.0,0.0,0.0,0.0,0.0,0.0,0.0,0.0,0.0,0.0,0.0,0.0,0.0,0.0,0.0,0.0,0.0,0.0,0.0,0.0,0.0,0.0,0.0,0.0,0.0,0.0,0.0,0.0,0.0,0.0,0.0,0.0,0.0,0.0,0.0,0.0,0.0,0.0,0.0,0.0,0.0,0.0,0.0,0.0,0.0,0.0,0.0,0.0,0.0,0.0,0.0,0.0,0.0,0.0,0.0,0.0,0.0,0.0,0.0,0.0,0.0,0.0,0.0
2817,0.0,0.0,0.0,0.0,0.0,0.0,0.0,0.0,0.02,0.04,0.01,0.02,0.05,0.04,0.04,0.03,0.01,0.04,0.04,0.03,0.04,0.04,0.05,0.0,0.0,0.0,0.0,0.0,0.0,0.0,0.0,0.0,0.0,0.0,0.0,0.0,0.0,0.0,0.0,0.0,0.0,0.0,0.0,0.0,0.0,0.0,0.0,0.0,0.0,0.0,0.0,0.0,0.0,0.0,0.0,0.0,0.0,0.0,0.0,0.0,0.0,0.0,0.0,0.0
2818,0.0,0.11,0.1,0.0,0.0,0.14,0.0,0.0,0.19,0.21,0.18,0.19,0.27,0.22,0.23,0.22,0.18,0.24,0.24,0.21,0.21,0.23,0.27,0.18,0.18,0.11,0.0,0.0,0.12,0.11,0.11,0.0,0.0,0.0,0.0,0.13,0.16,0.17,0.14,0.17,0.16,0.14,0.14,0.17,0.17,0.14,0.15,0.0,0.0,0.15,0.11,0.11,0.13,0.11,0.14,0.11,0.0,0.12,0.12,0.13,0.12,0.11,0.12,0.12
2819,0.0,0.58,0.58,0.0,0.0,0.63,0.0,0.0,0.67,0.69,0.65,0.67,0.73,0.71,0.71,0.7,0.65,0.7,0.71,0.7,0.69,0.72,0.72,0.66,0.68,0.58,0.0,0.0,0.59,0.58,0.59,0.0,0.0,0.0,0.0,0.61,0.64,0.64,0.62,0.64,0.64,0.62,0.62,0.65,0.66,0.62,0.63,0.0,0.0,0.64,0.58,0.58,0.61,0.57,0.62,0.56,0.0,0.59,0.59,0.59,0.58,0.58,0.58,0.58
2820,0.0,0.79,0.79,0.0,0.0,0.81,0.0,0.0,0.81,0.8,0.8,0.8,0.82,0.81,0.82,0.82,0.79,0.8,0.8,0.82,0.81,0.82,0.81,0.82,0.83,0.79,0.0,0.0,0.78,0.79,0.78,0.0,0.0,0.0,0.0,0.8,0.81,0.8,0.81,0.8,0.81,0.8,0.79,0.81,0.81,0.81,0.82,0.0,0.0,0.82,0.78,0.79,0.78,0.76,0.78,0.75,0.0,0.78,0.79,0.77,0.78,0.78,0.78,0.78
2821,0.0,0.85,0.85,0.0,0.0,0.87,0.0,0.0,0.85,0.84,0.84,0.85,0.86,0.86,0.86,0.86,0.85,0.83,0.84,0.86,0.85,0.86,0.85,0.87,0.89,0.86,0.0,0.0,0.84,0.85,0.85,0.0,0.0,0.0,0.0,0.86,0.86,0.85,0.86,0.85,0.86,0.86,0.85,0.86,0.86,0.87,0.87,0.0,0.0,0.88,0.84,0.85,0.84,0.82,0.84,0.81,0.0,0.84,0.85,0.83,0.84,0.85,0.85,0.84
2822,0.0,0.85,0.85,0.0,0.0,0.87,0.0,0.0,0.85,0.84,0.84,0.85,0.85,0.85,0.86,0.85,0.85,0.83,0.84,0.85,0.85,0.85,0.84,0.86,0.9,0.85,0.0,0.0,0.84,0.85,0.85,0.0,0.0,0.0,0.0,0.86,0.85,0.84,0.87,0.85,0.85,0.86,0.85,0.86,0.86,0.87,0.87,0.0,0.0,0.88,0.85,0.86,0.84,0.82,0.84,0.8,0.0,0.84,0.85,0.83,0.85,0.85,0.85,0.85
2823,0.0,0.86,0.86,0.0,0.0,0.88,0.0,0.0,0.85,0.85,0.85,0.86,0.86,0.86,0.86,0.86,0.87,0.84,0.84,0.86,0.85,0.86,0.84,0.87,0.91,0.86,0.0,0.0,0.85,0.86,0.86,0.0,0.0,0.0,0.0,0.87,0.87,0.86,0.88,0.86,0.87,0.88,0.87,0.87,0.87,0.88,0.88,0.0,0.0,0.89,0.85,0.86,0.85,0.83,0.84,0.81,0.0,0.84,0.86,0.83,0.86,0.85,0.86,0.85
2824,0.0,0.86,0.85,0.0,0.0,0.88,0.0,0.0,0.85,0.85,0.85,0.86,0.86,0.86,0.86,0.85,0.85,0.84,0.84,0.86,0.85,0.86,0.85,0.87,0.91,0.85,0.0,0.0,0.85,0.86,0.85,0.0,0.0,0.0,0.0,0.87,0.87,0.85,0.87,0.85,0.86,0.87,0.86,0.87,0.87,0.87,0.88,0.0,0.0,0.89,0.86,0.86,0.85,0.83,0.85,0.82,0.0,0.85,0.86,0.84,0.85,0.86,0.86,0.85
2825,0.0,0.85,0.85,0.0,0.0,0.88,0.0,0.0,0.84,0.84,0.84,0.85,0.85,0.85,0.85,0.84,0.85,0.83,0.83,0.84,0.84,0.85,0.84,0.85,0.91,0.85,0.0,0.0,0.84,0.85,0.85,0.0,0.0,0.0,0.0,0.86,0.86,0.85,0.86,0.85,0.86,0.87,0.86,0.86,0.86,0.87,0.88,0.0,0.0,0.88,0.85,0.85,0.84,0.83,0.85,0.82,0.0,0.85,0.86,0.84,0.85,0.85,0.85,0.85
2826,0.0,0.84,0.83,0.0,0.0,0.86,0.0,0.0,0.82,0.82,0.82,0.84,0.83,0.83,0.82,0.81,0.83,0.82,0.82,0.82,0.82,0.83,0.82,0.84,0.89,0.83,0.0,0.0,0.83,0.84,0.83,0.0,0.0,0.0,0.0,0.85,0.84,0.83,0.85,0.84,0.84,0.85,0.84,0.84,0.84,0.85,0.86,0.0,0.0,0.87,0.84,0.84,0.83,0.82,0.82,0.8,0.0,0.83,0.84,0.82,0.84,0.84,0.84,0.84
2827,0.0,0.8,0.8,0.0,0.0,0.82,0.0,0.0,0.78,0.79,0.78,0.8,0.79,0.79,0.78,0.78,0.79,0.78,0.78,0.78,0.78,0.79,0.78,0.79,0.85,0.8,0.0,0.0,0.8,0.8,0.8,0.0,0.0,0.0,0.0,0.81,0.8,0.8,0.81,0.8,0.8,0.81,0.8,0.8,0.8,0.82,0.83,0.0,0.0,0.83,0.81,0.8,0.8,0.79,0.78,0.76,0.0,0.8,0.81,0.79,0.8,0.81,0.81,0.8
2828,0.0,0.73,0.72,0.0,0.0,0.75,0.0,0.0,0.7,0.7,0.71,0.71,0.7,0.7,0.7,0.7,0.71,0.69,0.69,0.7,0.7,0.7,0.69,0.71,0.76,0.72,0.0,0.0,0.72,0.73,0.72,0.0,0.0,0.0,0.0,0.73,0.71,0.72,0.73,0.72,0.72,0.73,0.72,0.72,0.71,0.73,0.75,0.0,0.0,0.75,0.71,0.73,0.72,0.65,0.7,0.57,0.0,0.66,0.71,0.66,0.72,0.65,0.73,0.72
2829,0.0,0.44,0.45,0.0,0.0,0.42,0.0,0.0,0.36,0.32,0.37,0.37,0.29,0.33,0.33,0.33,0.38,0.31,0.32,0.34,0.34,0.32,0.29,0.38,0.38,0.44,0.0,0.0,0.43,0.44,0.44,0.0,0.0,0.0,0.0,0.42,0.39,0.39,0.42,0.39,0.4,0.42,0.41,0.39,0.38,0.42,0.42,0.0,0.0,0.41,0.44,0.45,0.38,0.42,0.34,0.38,0.0,0.41,0.44,0.22,0.44,0.44,0.44,0.43
2830,0.0,0.05,0.05,0.0,0.0,0.04,0.0,0.0,0.04,0.05,0.04,0.04,0.04,0.04,0.04,0.04,0.04,0.04,0.04,0.04,0.04,0.04,0.04,0.04,0.04,0.05,0.0,0.0,0.05,0.05,0.05,0.0,0.0,0.0,0.0,0.05,0.04,0.04,0.04,0.04,0.04,0.04,0.04,0.04,0.04,0.05,0.04,0.0,0.0,0.04,0.05,0.05,0.04,0.06,0.05,0.04,0.0,0.06,0.04,0.04,0.04,0.05,0.05,0.04
2831,0.0,0.0,0.0,0.0,0.0,0.0,0.0,0.0,0.0,0.0,0.0,0.0,0.0,0.0,0.0,0.0,0.0,0.0,0.0,0.0,0.0,0.0,0.0,0.0,0.0,0.0,0.0,0.0,0.0,0.0,0.0,0.0,0.0,0.0,0.0,0.0,0.0,0.0,0.0,0.0,0.0,0.0,0.0,0.0,0.0,0.0,0.0,0.0,0.0,0.0,0.0,0.0,0.0,0.0,0.0,0.0,0.0,0.0,0.0,0.0,0.0,0.0,0.0,0.0
2832,0.0,0.0,0.0,0.0,0.0,0.0,0.0,0.0,0.0,0.0,0.0,0.0,0.0,0.0,0.0,0.0,0.0,0.0,0.0,0.0,0.0,0.0,0.0,0.0,0.0,0.0,0.0,0.0,0.0,0.0,0.0,0.0,0.0,0.0,0.0,0.0,0.0,0.0,0.0,0.0,0.0,0.0,0.0,0.0,0.0,0.0,0.0,0.0,0.0,0.0,0.0,0.0,0.0,0.0,0.0,0.0,0.0,0.0,0.0,0.0,0.0,0.0,0.0,0.0
2833,0.0,0.0,0.0,0.0,0.0,0.0,0.0,0.0,0.0,0.0,0.0,0.0,0.0,0.0,0.0,0.0,0.0,0.0,0.0,0.0,0.0,0.0,0.0,0.0,0.0,0.0,0.0,0.0,0.0,0.0,0.0,0.0,0.0,0.0,0.0,0.0,0.0,0.0,0.0,0.0,0.0,0.0,0.0,0.0,0.0,0.0,0.0,0.0,0.0,0.0,0.0,0.0,0.0,0.0,0.0,0.0,0.0,0.0,0.0,0.0,0.0,0.0,0.0,0.0
2834,0.0,0.0,0.0,0.0,0.0,0.0,0.0,0.0,0.0,0.0,0.0,0.0,0.0,0.0,0.0,0.0,0.0,0.0,0.0,0.0,0.0,0.0,0.0,0.0,0.0,0.0,0.0,0.0,0.0,0.0,0.0,0.0,0.0,0.0,0.0,0.0,0.0,0.0,0.0,0.0,0.0,0.0,0.0,0.0,0.0,0.0,0.0,0.0,0.0,0.0,0.0,0.0,0.0,0.0,0.0,0.0,0.0,0.0,0.0,0.0,0.0,0.0,0.0,0.0
2835,0.0,0.0,0.0,0.0,0.0,0.0,0.0,0.0,0.0,0.0,0.0,0.0,0.0,0.0,0.0,0.0,0.0,0.0,0.0,0.0,0.0,0.0,0.0,0.0,0.0,0.0,0.0,0.0,0.0,0.0,0.0,0.0,0.0,0.0,0.0,0.0,0.0,0.0,0.0,0.0,0.0,0.0,0.0,0.0,0.0,0.0,0.0,0.0,0.0,0.0,0.0,0.0,0.0,0.0,0.0,0.0,0.0,0.0,0.0,0.0,0.0,0.0,0.0,0.0
2836,0.0,0.0,0.0,0.0,0.0,0.0,0.0,0.0,0.0,0.0,0.0,0.0,0.0,0.0,0.0,0.0,0.0,0.0,0.0,0.0,0.0,0.0,0.0,0.0,0.0,0.0,0.0,0.0,0.0,0.0,0.0,0.0,0.0,0.0,0.0,0.0,0.0,0.0,0.0,0.0,0.0,0.0,0.0,0.0,0.0,0.0,0.0,0.0,0.0,0.0,0.0,0.0,0.0,0.0,0.0,0.0,0.0,0.0,0.0,0.0,0.0,0.0,0.0,0.0
2837,0.0,0.0,0.0,0.0,0.0,0.0,0.0,0.0,0.0,0.0,0.0,0.0,0.0,0.0,0.0,0.0,0.0,0.0,0.0,0.0,0.0,0.0,0.0,0.0,0.0,0.0,0.0,0.0,0.0,0.0,0.0,0.0,0.0,0.0,0.0,0.0,0.0,0.0,0.0,0.0,0.0,0.0,0.0,0.0,0.0,0.0,0.0,0.0,0.0,0.0,0.0,0.0,0.0,0.0,0.0,0.0,0.0,0.0,0.0,0.0,0.0,0.0,0.0,0.0
2838,0.0,0.0,0.0,0.0,0.0,0.0,0.0,0.0,0.0,0.0,0.0,0.0,0.0,0.0,0.0,0.0,0.0,0.0,0.0,0.0,0.0,0.0,0.0,0.0,0.0,0.0,0.0,0.0,0.0,0.0,0.0,0.0,0.0,0.0,0.0,0.0,0.0,0.0,0.0,0.0,0.0,0.0,0.0,0.0,0.0,0.0,0.0,0.0,0.0,0.0,0.0,0.0,0.0,0.0,0.0,0.0,0.0,0.0,0.0,0.0,0.0,0.0,0.0,0.0
2839,0.0,0.0,0.0,0.0,0.0,0.0,0.0,0.0,0.0,0.0,0.0,0.0,0.0,0.0,0.0,0.0,0.0,0.0,0.0,0.0,0.0,0.0,0.0,0.0,0.0,0.0,0.0,0.0,0.0,0.0,0.0,0.0,0.0,0.0,0.0,0.0,0.0,0.0,0.0,0.0,0.0,0.0,0.0,0.0,0.0,0.0,0.0,0.0,0.0,0.0,0.0,0.0,0.0,0.0,0.0,0.0,0.0,0.0,0.0,0.0,0.0,0.0,0.0,0.0
2840,0.0,0.0,0.0,0.0,0.0,0.0,0.0,0.0,0.0,0.0,0.0,0.0,0.0,0.0,0.0,0.0,0.0,0.0,0.0,0.0,0.0,0.0,0.0,0.0,0.0,0.0,0.0,0.0,0.0,0.0,0.0,0.0,0.0,0.0,0.0,0.0,0.0,0.0,0.0,0.0,0.0,0.0,0.0,0.0,0.0,0.0,0.0,0.0,0.0,0.0,0.0,0.0,0.0,0.0,0.0,0.0,0.0,0.0,0.0,0.0,0.0,0.0,0.0,0.0
2841,0.0,0.0,0.0,0.0,0.0,0.0,0.0,0.0,0.02,0.01,0.02,0.03,0.05,0.04,0.04,0.04,0.02,0.04,0.03,0.03,0.04,0.04,0.05,0.01,0.0,0.0,0.0,0.0,0.0,0.0,0.0,0.0,0.0,0.0,0.0,0.0,0.0,0.01,0.0,0.01,0.0,0.0,0.0,0.0,0.0,0.0,0.0,0.0,0.0,0.0,0.0,0.0,0.0,0.0,0.0,0.0,0.0,0.0,0.0,0.0,0.0,0.0,0.0,0.0
2842,0.0,0.11,0.1,0.0,0.0,0.14,0.0,0.0,0.19,0.21,0.18,0.19,0.26,0.22,0.22,0.21,0.17,0.23,0.23,0.2,0.21,0.23,0.26,0.17,0.18,0.11,0.0,0.0,0.11,0.11,0.11,0.0,0.0,0.0,0.0,0.13,0.16,0.16,0.13,0.16,0.15,0.14,0.14,0.16,0.17,0.13,0.14,0.0,0.0,0.15,0.12,0.11,0.14,0.11,0.14,0.11,0.0,0.12,0.12,0.13,0.12,0.12,0.11,0.12
2843,0.0,0.57,0.56,0.0,0.0,0.62,0.0,0.0,0.67,0.69,0.64,0.66,0.71,0.7,0.7,0.69,0.64,0.7,0.7,0.69,0.68,0.71,0.71,0.65,0.66,0.57,0.0,0.0,0.57,0.57,0.57,0.0,0.0,0.0,0.0,0.6,0.63,0.62,0.61,0.62,0.62,0.61,0.6,0.63,0.64,0.61,0.62,0.0,0.0,0.63,0.56,0.56,0.59,0.56,0.61,0.56,0.0,0.58,0.57,0.59,0.57,0.57,0.56,0.56
2844,0.0,0.76,0.76,0.0,0.0,0.79,0.0,0.0,0.8,0.8,0.78,0.78,0.8,0.8,0.8,0.79,0.77,0.79,0.8,0.8,0.8,0.8,0.81,0.79,0.81,0.76,0.0,0.0,0.75,0.77,0.76,0.0,0.0,0.0,0.0,0.77,0.78,0.76,0.78,0.76,0.77,0.78,0.76,0.78,0.79,0.78,0.79,0.0,0.0,0.8,0.75,0.75,0.76,0.75,0.77,0.76,0.0,0.76,0.75,0.77,0.75,0.75,0.74,0.74
2845,0.0,0.81,0.8,0.0,0.0,0.83,0.0,0.0,0.83,0.84,0.83,0.82,0.83,0.83,0.83,0.82,0.81,0.83,0.83,0.83,0.83,0.83,0.83,0.84,0.86,0.8,0.0,0.0,0.8,0.81,0.8,0.0,0.0,0.0,0.0,0.82,0.82,0.81,0.82,0.81,0.81,0.82,0.81,0.83,0.83,0.82,0.83,0.0,0.0,0.84,0.79,0.79,0.8,0.79,0.8,0.8,0.0,0.8,0.8,0.8,0.78,0.8,0.79,0.79
2846,0.0,0.8,0.78,0.0,0.0,0.82,0.0,0.0,0.82,0.83,0.82,0.82,0.82,0.81,0.82,0.81,0.81,0.82,0.83,0.82,0.83,0.82,0.81,0.83,0.86,0.78,0.0,0.0,0.79,0.8,0.79,0.0,0.0,0.0,0.0,0.82,0.82,0.82,0.82,0.81,0.81,0.82,0.81,0.82,0.83,0.82,0.83,0.0,0.0,0.83,0.78,0.78,0.8,0.78,0.79,0.78,0.0,0.79,0.79,0.79,0.77,0.78,0.79,0.78
2847,0.0,0.8,0.79,0.0,0.0,0.83,0.0,0.0,0.83,0.84,0.83,0.82,0.83,0.82,0.82,0.82,0.82,0.83,0.83,0.83,0.83,0.82,0.82,0.83,0.88,0.79,0.0,0.0,0.79,0.8,0.8,0.0,0.0,0.0,0.0,0.82,0.83,0.82,0.82,0.82,0.82,0.83,0.82,0.83,0.83,0.82,0.83,0.0,0.0,0.84,0.78,0.78,0.8,0.78,0.79,0.78,0.0,0.79,0.79,0.79,0.77,0.78,0.79,0.78
2848,0.0,0.81,0.79,0.0,0.0,0.83,0.0,0.0,0.82,0.84,0.82,0.82,0.83,0.82,0.83,0.82,0.81,0.82,0.82,0.83,0.82,0.83,0.82,0.83,0.88,0.8,0.0,0.0,0.8,0.81,0.8,0.0,0.0,0.0,0.0,0.81,0.82,0.81,0.82,0.81,0.81,0.82,0.81,0.82,0.83,0.82,0.83,0.0,0.0,0.84,0.79,0.79,0.8,0.77,0.79,0.77,0.0,0.79,0.8,0.79,0.78,0.79,0.8,0.79
2849,0.0,0.8,0.79,0.0,0.0,0.83,0.0,0.0,0.81,0.83,0.81,0.81,0.82,0.82,0.82,0.81,0.8,0.82,0.81,0.82,0.79,0.82,0.82,0.82,0.88,0.8,0.0,0.0,0.8,0.8,0.8,0.0,0.0,0.0,0.0,0.82,0.82,0.81,0.82,0.81,0.8,0.82,0.81,0.82,0.82,0.81,0.83,0.0,0.0,0.84,0.78,0.79,0.8,0.75,0.78,0.74,0.0,0.79,0.8,0.79,0.78,0.77,0.8,0.79
2850,0.0,0.79,0.78,0.0,0.0,0.82,0.0,0.0,0.8,0.81,0.8,0.79,0.81,0.8,0.8,0.79,0.79,0.79,0.78,0.8,0.79,0.8,0.8,0.81,0.87,0.78,0.0,0.0,0.78,0.79,0.79,0.0,0.0,0.0,0.0,0.8,0.8,0.8,0.8,0.8,0.78,0.8,0.79,0.81,0.81,0.8,0.82,0.0,0.0,0.82,0.75,0.76,0.78,0.71,0.75,0.72,0.0,0.74,0.77,0.72,0.76,0.73,0.78,0.77
2851,0.0,0.75,0.74,0.0,0.0,0.78,0.0,0.0,0.77,0.77,0.77,0.75,0.77,0.76,0.76,0.76,0.75,0.77,0.76,0.76,0.75,0.76,0.76,0.77,0.83,0.73,0.0,0.0,0.74,0.75,0.74,0.0,0.0,0.0,0.0,0.77,0.78,0.77,0.76,0.76,0.74,0.77,0.76,0.77,0.78,0.76,0.79,0.0,0.0,0.79,0.73,0.73,0.68,0.66,0.68,0.68,0.0,0.66,0.75,0.69,0.74,0.72,0.74,0.74
2852,0.0,0.69,0.68,0.0,0.0,0.7,0.0,0.0,0.68,0.68,0.68,0.67,0.68,0.67,0.68,0.68,0.68,0.68,0.68,0.67,0.64,0.68,0.68,0.69,0.73,0.68,0.0,0.0,0.67,0.69,0.68,0.0,0.0,0.0,0.0,0.61,0.68,0.69,0.61,0.68,0.67,0.57,0.54,0.68,0.69,0.6,0.7,0.0,0.0,0.71,0.61,0.66,0.55,0.62,0.62,0.49,0.0,0.51,0.65,0.52,0.57,0.64,0.68,0.62
2853,0.0,0.38,0.37,0.0,0.0,0.35,0.0,0.0,0.31,0.22,0.32,0.31,0.25,0.28,0.28,0.28,0.3,0.26,0.27,0.29,0.29,0.28,0.24,0.29,0.33,0.38,0.0,0.0,0.37,0.38,0.38,0.0,0.0,0.0,0.0,0.36,0.22,0.34,0.35,0.33,0.24,0.33,0.28,0.25,0.26,0.35,0.35,0.0,0.0,0.35,0.34,0.38,0.32,0.21,0.22,0.33,0.0,0.28,0.28,0.25,0.35,0.24,0.38,0.33
2854,0.0,0.06,0.06,0.0,0.0,0.06,0.0,0.0,0.04,0.05,0.04,0.05,0.05,0.05,0.05,0.05,0.06,0.05,0.05,0.05,0.05,0.05,0.05,0.05,0.06,0.06,0.0,0.0,0.06,0.06,0.06,0.0,0.0,0.0,0.0,0.06,0.05,0.04,0.06,0.04,0.05,0.06,0.06,0.05,0.05,0.06,0.06,0.0,0.0,0.06,0.06,0.06,0.05,0.06,0.05,0.06,0.0,0.05,0.06,0.04,0.06,0.06,0.06,0.06
2855,0.0,0.0,0.0,0.0,0.0,0.0,0.0,0.0,0.0,0.0,0.0,0.0,0.0,0.0,0.0,0.0,0.0,0.0,0.0,0.0,0.0,0.0,0.0,0.0,0.0,0.0,0.0,0.0,0.0,0.0,0.0,0.0,0.0,0.0,0.0,0.0,0.0,0.0,0.0,0.0,0.0,0.0,0.0,0.0,0.0,0.0,0.0,0.0,0.0,0.0,0.0,0.0,0.0,0.0,0.0,0.0,0.0,0.0,0.0,0.0,0.0,0.0,0.0,0.0
2856,0.0,0.0,0.0,0.0,0.0,0.0,0.0,0.0,0.0,0.0,0.0,0.0,0.0,0.0,0.0,0.0,0.0,0.0,0.0,0.0,0.0,0.0,0.0,0.0,0.0,0.0,0.0,0.0,0.0,0.0,0.0,0.0,0.0,0.0,0.0,0.0,0.0,0.0,0.0,0.0,0.0,0.0,0.0,0.0,0.0,0.0,0.0,0.0,0.0,0.0,0.0,0.0,0.0,0.0,0.0,0.0,0.0,0.0,0.0,0.0,0.0,0.0,0.0,0.0
2857,0.0,0.0,0.0,0.0,0.0,0.0,0.0,0.0,0.0,0.0,0.0,0.0,0.0,0.0,0.0,0.0,0.0,0.0,0.0,0.0,0.0,0.0,0.0,0.0,0.0,0.0,0.0,0.0,0.0,0.0,0.0,0.0,0.0,0.0,0.0,0.0,0.0,0.0,0.0,0.0,0.0,0.0,0.0,0.0,0.0,0.0,0.0,0.0,0.0,0.0,0.0,0.0,0.0,0.0,0.0,0.0,0.0,0.0,0.0,0.0,0.0,0.0,0.0,0.0
2858,0.0,0.0,0.0,0.0,0.0,0.0,0.0,0.0,0.0,0.0,0.0,0.0,0.0,0.0,0.0,0.0,0.0,0.0,0.0,0.0,0.0,0.0,0.0,0.0,0.0,0.0,0.0,0.0,0.0,0.0,0.0,0.0,0.0,0.0,0.0,0.0,0.0,0.0,0.0,0.0,0.0,0.0,0.0,0.0,0.0,0.0,0.0,0.0,0.0,0.0,0.0,0.0,0.0,0.0,0.0,0.0,0.0,0.0,0.0,0.0,0.0,0.0,0.0,0.0
2859,0.0,0.0,0.0,0.0,0.0,0.0,0.0,0.0,0.0,0.0,0.0,0.0,0.0,0.0,0.0,0.0,0.0,0.0,0.0,0.0,0.0,0.0,0.0,0.0,0.0,0.0,0.0,0.0,0.0,0.0,0.0,0.0,0.0,0.0,0.0,0.0,0.0,0.0,0.0,0.0,0.0,0.0,0.0,0.0,0.0,0.0,0.0,0.0,0.0,0.0,0.0,0.0,0.0,0.0,0.0,0.0,0.0,0.0,0.0,0.0,0.0,0.0,0.0,0.0
2860,0.0,0.0,0.0,0.0,0.0,0.0,0.0,0.0,0.0,0.0,0.0,0.0,0.0,0.0,0.0,0.0,0.0,0.0,0.0,0.0,0.0,0.0,0.0,0.0,0.0,0.0,0.0,0.0,0.0,0.0,0.0,0.0,0.0,0.0,0.0,0.0,0.0,0.0,0.0,0.0,0.0,0.0,0.0,0.0,0.0,0.0,0.0,0.0,0.0,0.0,0.0,0.0,0.0,0.0,0.0,0.0,0.0,0.0,0.0,0.0,0.0,0.0,0.0,0.0
2861,0.0,0.0,0.0,0.0,0.0,0.0,0.0,0.0,0.0,0.0,0.0,0.0,0.0,0.0,0.0,0.0,0.0,0.0,0.0,0.0,0.0,0.0,0.0,0.0,0.0,0.0,0.0,0.0,0.0,0.0,0.0,0.0,0.0,0.0,0.0,0.0,0.0,0.0,0.0,0.0,0.0,0.0,0.0,0.0,0.0,0.0,0.0,0.0,0.0,0.0,0.0,0.0,0.0,0.0,0.0,0.0,0.0,0.0,0.0,0.0,0.0,0.0,0.0,0.0
2862,0.0,0.0,0.0,0.0,0.0,0.0,0.0,0.0,0.0,0.0,0.0,0.0,0.0,0.0,0.0,0.0,0.0,0.0,0.0,0.0,0.0,0.0,0.0,0.0,0.0,0.0,0.0,0.0,0.0,0.0,0.0,0.0,0.0,0.0,0.0,0.0,0.0,0.0,0.0,0.0,0.0,0.0,0.0,0.0,0.0,0.0,0.0,0.0,0.0,0.0,0.0,0.0,0.0,0.0,0.0,0.0,0.0,0.0,0.0,0.0,0.0,0.0,0.0,0.0
2863,0.0,0.0,0.0,0.0,0.0,0.0,0.0,0.0,0.0,0.0,0.0,0.0,0.0,0.0,0.0,0.0,0.0,0.0,0.0,0.0,0.0,0.0,0.0,0.0,0.0,0.0,0.0,0.0,0.0,0.0,0.0,0.0,0.0,0.0,0.0,0.0,0.0,0.0,0.0,0.0,0.0,0.0,0.0,0.0,0.0,0.0,0.0,0.0,0.0,0.0,0.0,0.0,0.0,0.0,0.0,0.0,0.0,0.0,0.0,0.0,0.0,0.0,0.0,0.0
2864,0.0,0.0,0.0,0.0,0.0,0.0,0.0,0.0,0.0,0.0,0.0,0.0,0.0,0.0,0.0,0.0,0.0,0.0,0.0,0.0,0.0,0.0,0.0,0.0,0.0,0.0,0.0,0.0,0.0,0.0,0.0,0.0,0.0,0.0,0.0,0.0,0.0,0.0,0.0,0.0,0.0,0.0,0.0,0.0,0.0,0.0,0.0,0.0,0.0,0.0,0.0,0.0,0.0,0.0,0.0,0.0,0.0,0.0,0.0,0.0,0.0,0.0,0.0,0.0
2865,0.0,0.0,0.0,0.0,0.0,0.01,0.0,0.0,0.0,0.03,0.0,0.03,0.04,0.01,0.0,0.0,0.01,0.03,0.03,0.0,0.03,0.01,0.03,0.02,0.0,0.0,0.0,0.0,0.01,0.0,0.0,0.0,0.0,0.0,0.0,0.01,0.03,0.02,0.01,0.02,0.03,0.01,0.02,0.03,0.02,0.01,0.01,0.0,0.0,0.01,0.01,0.01,0.03,0.01,0.02,0.01,0.0,0.01,0.01,0.03,0.01,0.01,0.01,0.01
2866,0.0,0.11,0.11,0.0,0.0,0.14,0.0,0.0,0.11,0.22,0.05,0.17,0.28,0.05,0.03,0.03,0.05,0.25,0.24,0.04,0.21,0.06,0.28,0.05,0.01,0.11,0.0,0.0,0.12,0.11,0.11,0.0,0.0,0.0,0.0,0.14,0.16,0.17,0.14,0.17,0.16,0.09,0.11,0.11,0.05,0.14,0.15,0.0,0.0,0.15,0.11,0.11,0.14,0.11,0.14,0.11,0.0,0.12,0.12,0.13,0.11,0.11,0.13,0.11
2867,0.0,0.57,0.56,0.0,0.0,0.18,0.0,0.0,0.11,0.68,0.42,0.66,0.72,0.11,0.07,0.07,0.1,0.71,0.71,0.07,0.66,0.1,0.73,0.26,0.04,0.55,0.0,0.0,0.53,0.57,0.56,0.0,0.0,0.0,0.0,0.31,0.11,0.64,0.61,0.63,0.63,0.13,0.17,0.22,0.16,0.33,0.11,0.0,0.0,0.05,0.56,0.54,0.57,0.54,0.6,0.53,0.0,0.54,0.57,0.56,0.56,0.56,0.54,0.56
2868,0.0,0.75,0.74,0.0,0.0,0.1,0.0,0.0,0.15,0.77,0.38,0.64,0.81,0.12,0.09,0.09,0.15,0.79,0.8,0.12,0.77,0.13,0.81,0.26,0.07,0.73,0.0,0.0,0.73,0.74,0.73,0.0,0.0,0.0,0.0,0.42,0.19,0.62,0.47,0.35,0.77,0.19,0.23,0.18,0.26,0.44,0.09,0.0,0.0,0.09,0.71,0.68,0.7,0.62,0.74,0.55,0.0,0.62,0.72,0.65,0.72,0.69,0.72,0.72
2869,0.0,0.8,0.79,0.0,0.0,0.17,0.0,0.0,0.16,0.79,0.32,0.74,0.84,0.27,0.23,0.12,0.16,0.82,0.82,0.14,0.81,0.43,0.84,0.22,0.15,0.78,0.0,0.0,0.76,0.78,0.78,0.0,0.0,0.0,0.0,0.79,0.23,0.67,0.62,0.56,0.78,0.27,0.22,0.15,0.19,0.7,0.15,0.0,0.0,0.13,0.72,0.78,0.69,0.69,0.71,0.65,0.0,0.62,0.73,0.58,0.74,0.71,0.79,0.72
2870,0.0,0.77,0.75,0.0,0.0,0.33,0.0,0.0,0.14,0.78,0.34,0.79,0.83,0.55,0.41,0.26,0.26,0.82,0.82,0.15,0.8,0.63,0.83,0.16,0.22,0.71,0.0,0.0,0.71,0.76,0.74,0.0,0.0,0.0,0.0,0.48,0.25,0.65,0.79,0.53,0.79,0.28,0.26,0.16,0.19,0.75,0.3,0.0,0.0,0.28,0.66,0.77,0.74,0.55,0.66,0.59,0.0,0.6,0.72,0.55,0.72,0.64,0.76,0.73
2871,0.0,0.8,0.8,0.0,0.0,0.59,0.0,0.0,0.19,0.8,0.44,0.8,0.83,0.63,0.58,0.33,0.55,0.82,0.83,0.36,0.81,0.69,0.83,0.24,0.44,0.8,0.0,0.0,0.76,0.8,0.78,0.0,0.0,0.0,0.0,0.54,0.3,0.8,0.7,0.81,0.8,0.38,0.38,0.22,0.28,0.64,0.52,0.0,0.0,0.45,0.69,0.72,0.66,0.65,0.62,0.63,0.0,0.59,0.68,0.61,0.66,0.71,0.78,0.66
2872,0.0,0.8,0.77,0.0,0.0,0.81,0.0,0.0,0.23,0.8,0.8,0.8,0.82,0.78,0.68,0.46,0.8,0.78,0.77,0.6,0.79,0.77,0.83,0.5,0.31,0.78,0.0,0.0,0.79,0.8,0.8,0.0,0.0,0.0,0.0,0.66,0.55,0.58,0.8,0.78,0.74,0.63,0.57,0.5,0.68,0.78,0.82,0.0,0.0,0.69,0.64,0.73,0.69,0.71,0.69,0.66,0.0,0.73,0.63,0.67,0.66,0.67,0.77,0.64
2873,0.0,0.73,0.73,0.0,0.0,0.8,0.0,0.0,0.78,0.76,0.61,0.73,0.8,0.8,0.79,0.57,0.74,0.82,0.81,0.8,0.71,0.79,0.8,0.36,0.21,0.71,0.0,0.0,0.7,0.73,0.73,0.0,0.0,0.0,0.0,0.8,0.78,0.78,0.78,0.79,0.78,0.8,0.74,0.53,0.74,0.78,0.81,0.0,0.0,0.81,0.74,0.74,0.74,0.64,0.65,0.21,0.0,0.63,0.74,0.66,0.77,0.72,0.72,0.76
2874,0.0,0.77,0.75,0.0,0.0,0.8,0.0,0.0,0.76,0.76,0.76,0.74,0.75,0.78,0.69,0.57,0.75,0.71,0.62,0.76,0.68,0.78,0.79,0.42,0.15,0.76,0.0,0.0,0.73,0.78,0.76,0.0,0.0,0.0,0.0,0.72,0.77,0.74,0.7,0.73,0.71,0.71,0.7,0.79,0.77,0.72,0.8,0.0,0.0,0.69,0.47,0.67,0.63,0.44,0.61,0.1,0.0,0.63,0.56,0.54,0.68,0.46,0.72,0.62
2875,0.0,0.52,0.6,0.0,0.0,0.76,0.0,0.0,0.73,0.59,0.69,0.71,0.74,0.7,0.74,0.37,0.68,0.75,0.76,0.72,0.47,0.7,0.78,0.73,0.09,0.56,0.0,0.0,0.49,0.53,0.52,0.0,0.0,0.0,0.0,0.75,0.7,0.7,0.72,0.7,0.76,0.73,0.68,0.71,0.71,0.71,0.56,0.0,0.0,0.38,0.32,0.56,0.33,0.14,0.65,0.06,0.0,0.14,0.44,0.25,0.67,0.25,0.48,0.53
2876,0.0,0.42,0.4,0.0,0.0,0.3,0.0,0.0,0.47,0.34,0.57,0.66,0.53,0.58,0.47,0.54,0.67,0.68,0.68,0.56,0.37,0.47,0.66,0.51,0.05,0.43,0.0,0.0,0.38,0.42,0.43,0.0,0.0,0.0,0.0,0.48,0.67,0.68,0.42,0.68,0.66,0.5,0.44,0.64,0.63,0.41,0.33,0.0,0.0,0.26,0.31,0.3,0.2,0.31,0.12,0.06,0.0,0.1,0.29,0.09,0.28,0.39,0.42,0.28
2877,0.0,0.22,0.24,0.0,0.0,0.15,0.0,0.0,0.24,0.18,0.34,0.33,0.25,0.26,0.27,0.29,0.34,0.28,0.29,0.22,0.22,0.27,0.24,0.35,0.04,0.23,0.0,0.0,0.23,0.23,0.22,0.0,0.0,0.0,0.0,0.28,0.32,0.35,0.24,0.35,0.17,0.26,0.26,0.36,0.35,0.26,0.1,0.0,0.0,0.08,0.35,0.16,0.28,0.31,0.07,0.32,0.0,0.28,0.34,0.16,0.28,0.35,0.22,0.32
2878,0.0,0.06,0.06,0.0,0.0,0.02,0.0,0.0,0.04,0.05,0.05,0.04,0.01,0.05,0.05,0.05,0.05,0.04,0.04,0.04,0.03,0.05,0.03,0.05,0.01,0.06,0.0,0.0,0.04,0.06,0.06,0.0,0.0,0.0,0.0,0.06,0.06,0.05,0.05,0.05,0.04,0.05,0.05,0.06,0.06,0.05,0.02,0.0,0.0,0.01,0.06,0.06,0.06,0.06,0.06,0.0,0.0,0.05,0.06,0.04,0.06,0.06,0.04,0.06
2879,0.0,0.0,0.0,0.0,0.0,0.0,0.0,0.0,0.0,0.0,0.0,0.0,0.0,0.0,0.0,0.0,0.0,0.0,0.0,0.0,0.0,0.0,0.0,0.0,0.0,0.0,0.0,0.0,0.0,0.0,0.0,0.0,0.0,0.0,0.0,0.0,0.0,0.0,0.0,0.0,0.0,0.0,0.0,0.0,0.0,0.0,0.0,0.0,0.0,0.0,0.0,0.0,0.0,0.0,0.0,0.0,0.0,0.0,0.0,0.0,0.0,0.0,0.0,0.0
2880,0.0,0.0,0.0,0.0,0.0,0.0,0.0,0.0,0.0,0.0,0.0,0.0,0.0,0.0,0.0,0.0,0.0,0.0,0.0,0.0,0.0,0.0,0.0,0.0,0.0,0.0,0.0,0.0,0.0,0.0,0.0,0.0,0.0,0.0,0.0,0.0,0.0,0.0,0.0,0.0,0.0,0.0,0.0,0.0,0.0,0.0,0.0,0.0,0.0,0.0,0.0,0.0,0.0,0.0,0.0,0.0,0.0,0.0,0.0,0.0,0.0,0.0,0.0,0.0
2881,0.0,0.0,0.0,0.0,0.0,0.0,0.0,0.0,0.0,0.0,0.0,0.0,0.0,0.0,0.0,0.0,0.0,0.0,0.0,0.0,0.0,0.0,0.0,0.0,0.0,0.0,0.0,0.0,0.0,0.0,0.0,0.0,0.0,0.0,0.0,0.0,0.0,0.0,0.0,0.0,0.0,0.0,0.0,0.0,0.0,0.0,0.0,0.0,0.0,0.0,0.0,0.0,0.0,0.0,0.0,0.0,0.0,0.0,0.0,0.0,0.0,0.0,0.0,0.0
2882,0.0,0.0,0.0,0.0,0.0,0.0,0.0,0.0,0.0,0.0,0.0,0.0,0.0,0.0,0.0,0.0,0.0,0.0,0.0,0.0,0.0,0.0,0.0,0.0,0.0,0.0,0.0,0.0,0.0,0.0,0.0,0.0,0.0,0.0,0.0,0.0,0.0,0.0,0.0,0.0,0.0,0.0,0.0,0.0,0.0,0.0,0.0,0.0,0.0,0.0,0.0,0.0,0.0,0.0,0.0,0.0,0.0,0.0,0.0,0.0,0.0,0.0,0.0,0.0
2883,0.0,0.0,0.0,0.0,0.0,0.0,0.0,0.0,0.0,0.0,0.0,0.0,0.0,0.0,0.0,0.0,0.0,0.0,0.0,0.0,0.0,0.0,0.0,0.0,0.0,0.0,0.0,0.0,0.0,0.0,0.0,0.0,0.0,0.0,0.0,0.0,0.0,0.0,0.0,0.0,0.0,0.0,0.0,0.0,0.0,0.0,0.0,0.0,0.0,0.0,0.0,0.0,0.0,0.0,0.0,0.0,0.0,0.0,0.0,0.0,0.0,0.0,0.0,0.0
2884,0.0,0.0,0.0,0.0,0.0,0.0,0.0,0.0,0.0,0.0,0.0,0.0,0.0,0.0,0.0,0.0,0.0,0.0,0.0,0.0,0.0,0.0,0.0,0.0,0.0,0.0,0.0,0.0,0.0,0.0,0.0,0.0,0.0,0.0,0.0,0.0,0.0,0.0,0.0,0.0,0.0,0.0,0.0,0.0,0.0,0.0,0.0,0.0,0.0,0.0,0.0,0.0,0.0,0.0,0.0,0.0,0.0,0.0,0.0,0.0,0.0,0.0,0.0,0.0
2885,0.0,0.0,0.0,0.0,0.0,0.0,0.0,0.0,0.0,0.0,0.0,0.0,0.0,0.0,0.0,0.0,0.0,0.0,0.0,0.0,0.0,0.0,0.0,0.0,0.0,0.0,0.0,0.0,0.0,0.0,0.0,0.0,0.0,0.0,0.0,0.0,0.0,0.0,0.0,0.0,0.0,0.0,0.0,0.0,0.0,0.0,0.0,0.0,0.0,0.0,0.0,0.0,0.0,0.0,0.0,0.0,0.0,0.0,0.0,0.0,0.0,0.0,0.0,0.0
2886,0.0,0.0,0.0,0.0,0.0,0.0,0.0,0.0,0.0,0.0,0.0,0.0,0.0,0.0,0.0,0.0,0.0,0.0,0.0,0.0,0.0,0.0,0.0,0.0,0.0,0.0,0.0,0.0,0.0,0.0,0.0,0.0,0.0,0.0,0.0,0.0,0.0,0.0,0.0,0.0,0.0,0.0,0.0,0.0,0.0,0.0,0.0,0.0,0.0,0.0,0.0,0.0,0.0,0.0,0.0,0.0,0.0,0.0,0.0,0.0,0.0,0.0,0.0,0.0
2887,0.0,0.0,0.0,0.0,0.0,0.0,0.0,0.0,0.0,0.0,0.0,0.0,0.0,0.0,0.0,0.0,0.0,0.0,0.0,0.0,0.0,0.0,0.0,0.0,0.0,0.0,0.0,0.0,0.0,0.0,0.0,0.0,0.0,0.0,0.0,0.0,0.0,0.0,0.0,0.0,0.0,0.0,0.0,0.0,0.0,0.0,0.0,0.0,0.0,0.0,0.0,0.0,0.0,0.0,0.0,0.0,0.0,0.0,0.0,0.0,0.0,0.0,0.0,0.0
2888,0.0,0.0,0.0,0.0,0.0,0.0,0.0,0.0,0.0,0.0,0.0,0.0,0.0,0.0,0.0,0.0,0.0,0.0,0.0,0.0,0.0,0.0,0.0,0.0,0.0,0.0,0.0,0.0,0.0,0.0,0.0,0.0,0.0,0.0,0.0,0.0,0.0,0.0,0.0,0.0,0.0,0.0,0.0,0.0,0.0,0.0,0.0,0.0,0.0,0.0,0.0,0.0,0.0,0.0,0.0,0.0,0.0,0.0,0.0,0.0,0.0,0.0,0.0,0.0
2889,0.0,0.0,0.0,0.0,0.0,0.0,0.0,0.0,0.0,0.0,0.0,0.0,0.0,0.0,0.0,0.0,0.0,0.0,0.01,0.0,0.0,0.0,0.0,0.0,0.02,0.0,0.0,0.0,0.0,0.0,0.0,0.0,0.0,0.0,0.0,0.0,0.0,0.0,0.0,0.0,0.0,0.0,0.0,0.0,0.0,0.0,0.0,0.0,0.0,0.0,0.0,0.0,0.01,0.0,0.0,0.01,0.0,0.01,0.0,0.01,0.0,0.0,0.0,0.0
2890,0.0,0.11,0.11,0.0,0.0,0.15,0.0,0.0,0.03,0.03,0.06,0.1,0.04,0.02,0.03,0.04,0.05,0.03,0.08,0.03,0.04,0.03,0.04,0.05,0.12,0.1,0.0,0.0,0.12,0.11,0.11,0.0,0.0,0.0,0.0,0.13,0.04,0.1,0.14,0.1,0.09,0.13,0.06,0.04,0.05,0.13,0.15,0.0,0.0,0.15,0.12,0.11,0.14,0.12,0.14,0.12,0.0,0.12,0.12,0.13,0.12,0.12,0.12,0.12
2891,0.0,0.55,0.55,0.0,0.0,0.6,0.0,0.0,0.1,0.08,0.17,0.27,0.06,0.06,0.07,0.07,0.26,0.1,0.31,0.06,0.08,0.07,0.08,0.18,0.16,0.55,0.0,0.0,0.55,0.55,0.55,0.0,0.0,0.0,0.0,0.58,0.16,0.61,0.59,0.61,0.6,0.59,0.18,0.16,0.24,0.59,0.6,0.0,0.0,0.61,0.56,0.56,0.58,0.56,0.59,0.55,0.0,0.56,0.54,0.57,0.56,0.56,0.56,0.55
2892,0.0,0.68,0.66,0.0,0.0,0.7,0.0,0.0,0.21,0.02,0.62,0.16,0.1,0.09,0.1,0.1,0.7,0.32,0.73,0.11,0.6,0.1,0.11,0.43,0.33,0.67,0.0,0.0,0.67,0.68,0.67,0.0,0.0,0.0,0.0,0.68,0.44,0.69,0.68,0.69,0.71,0.69,0.36,0.46,0.63,0.68,0.7,0.0,0.0,0.71,0.7,0.69,0.7,0.71,0.71,0.69,0.0,0.7,0.68,0.71,0.68,0.71,0.68,0.68
2893,0.0,0.7,0.71,0.0,0.0,0.74,0.0,0.0,0.76,0.12,0.74,0.76,0.25,0.31,0.32,0.38,0.75,0.3,0.29,0.35,0.37,0.28,0.18,0.75,0.5,0.74,0.0,0.0,0.73,0.69,0.72,0.0,0.0,0.0,0.0,0.7,0.74,0.73,0.72,0.74,0.76,0.72,0.74,0.75,0.74,0.73,0.75,0.0,0.0,0.76,0.78,0.75,0.77,0.77,0.78,0.75,0.0,0.77,0.75,0.77,0.75,0.78,0.74,0.75
2894,0.0,0.73,0.75,0.0,0.0,0.76,0.0,0.0,0.75,0.28,0.73,0.42,0.34,0.76,0.55,0.61,0.76,0.3,0.31,0.78,0.11,0.72,0.54,0.73,0.56,0.76,0.0,0.0,0.71,0.73,0.72,0.0,0.0,0.0,0.0,0.74,0.76,0.74,0.76,0.76,0.77,0.75,0.76,0.75,0.74,0.77,0.76,0.0,0.0,0.77,0.8,0.77,0.79,0.79,0.8,0.77,0.0,0.78,0.79,0.78,0.78,0.8,0.77,0.78
2895,0.0,0.74,0.76,0.0,0.0,0.77,0.0,0.0,0.73,0.82,0.73,0.79,0.5,0.76,0.78,0.77,0.77,0.44,0.47,0.76,0.8,0.76,0.77,0.74,0.69,0.78,0.0,0.0,0.74,0.75,0.74,0.0,0.0,0.0,0.0,0.76,0.77,0.72,0.78,0.78,0.79,0.77,0.77,0.76,0.75,0.79,0.76,0.0,0.0,0.78,0.8,0.78,0.79,0.79,0.8,0.78,0.0,0.79,0.79,0.79,0.79,0.8,0.77,0.79
2896,0.0,0.76,0.78,0.0,0.0,0.75,0.0,0.0,0.73,0.8,0.74,0.79,0.77,0.76,0.75,0.73,0.78,0.78,0.38,0.74,0.81,0.75,0.73,0.73,0.76,0.79,0.0,0.0,0.75,0.76,0.76,0.0,0.0,0.0,0.0,0.76,0.76,0.75,0.78,0.79,0.8,0.78,0.78,0.76,0.75,0.79,0.76,0.0,0.0,0.76,0.8,0.78,0.8,0.79,0.8,0.78,0.0,0.79,0.79,0.79,0.79,0.8,0.78,0.79
2897,0.0,0.76,0.78,0.0,0.0,0.73,0.0,0.0,0.73,0.81,0.72,0.8,0.76,0.75,0.74,0.72,0.79,0.77,0.8,0.73,0.81,0.75,0.75,0.72,0.83,0.78,0.0,0.0,0.74,0.76,0.76,0.0,0.0,0.0,0.0,0.77,0.76,0.78,0.78,0.79,0.81,0.78,0.79,0.75,0.74,0.79,0.75,0.0,0.0,0.75,0.8,0.79,0.81,0.79,0.8,0.8,0.0,0.8,0.79,0.79,0.79,0.8,0.78,0.79
2898,0.0,0.77,0.77,0.0,0.0,0.73,0.0,0.0,0.73,0.81,0.72,0.79,0.74,0.74,0.73,0.72,0.79,0.76,0.78,0.7,0.81,0.74,0.75,0.72,0.82,0.78,0.0,0.0,0.43,0.77,0.77,0.0,0.0,0.0,0.0,0.76,0.76,0.78,0.77,0.79,0.8,0.78,0.78,0.74,0.74,0.78,0.74,0.0,0.0,0.74,0.79,0.78,0.79,0.79,0.8,0.79,0.0,0.77,0.78,0.8,0.78,0.79,0.78,0.78
2899,0.0,0.75,0.75,0.0,0.0,0.73,0.0,0.0,0.71,0.78,0.7,0.76,0.71,0.7,0.69,0.73,0.76,0.74,0.76,0.68,0.78,0.7,0.71,0.7,0.78,0.76,0.0,0.0,0.75,0.76,0.75,0.0,0.0,0.0,0.0,0.74,0.75,0.77,0.75,0.77,0.78,0.75,0.76,0.72,0.71,0.76,0.7,0.0,0.0,0.68,0.77,0.75,0.77,0.76,0.78,0.77,0.0,0.77,0.77,0.77,0.76,0.77,0.77,0.76
2900,0.0,0.7,0.7,0.0,0.0,0.68,0.0,0.0,0.64,0.69,0.66,0.69,0.64,0.62,0.64,0.67,0.68,0.67,0.69,0.64,0.69,0.62,0.63,0.62,0.7,0.7,0.0,0.0,0.69,0.7,0.68,0.0,0.0,0.0,0.0,0.67,0.68,0.7,0.69,0.7,0.71,0.69,0.69,0.63,0.64,0.69,0.65,0.0,0.0,0.66,0.71,0.7,0.71,0.7,0.72,0.71,0.0,0.7,0.7,0.71,0.7,0.71,0.69,0.7
2901,0.0,0.39,0.39,0.0,0.0,0.35,0.0,0.0,0.3,0.3,0.32,0.32,0.24,0.27,0.28,0.29,0.33,0.27,0.28,0.29,0.3,0.26,0.24,0.32,0.32,0.39,0.0,0.0,0.37,0.39,0.38,0.0,0.0,0.0,0.0,0.36,0.34,0.34,0.36,0.34,0.36,0.36,0.36,0.32,0.32,0.36,0.35,0.0,0.0,0.34,0.39,0.39,0.38,0.39,0.37,0.4,0.0,0.39,0.39,0.38,0.39,0.39,0.38,0.39
2902,0.0,0.04,0.04,0.0,0.0,0.05,0.0,0.0,0.05,0.05,0.05,0.05,0.05,0.05,0.05,0.05,0.05,0.05,0.05,0.05,0.05,0.05,0.04,0.05,0.05,0.04,0.0,0.0,0.05,0.05,0.05,0.0,0.0,0.0,0.0,0.05,0.05,0.05,0.05,0.05,0.05,0.05,0.05,0.05,0.05,0.05,0.05,0.0,0.0,0.05,0.04,0.04,0.04,0.05,0.04,0.04,0.0,0.05,0.04,0.04,0.04,0.04,0.04,0.04
2903,0.0,0.0,0.0,0.0,0.0,0.0,0.0,0.0,0.0,0.0,0.0,0.0,0.0,0.0,0.0,0.0,0.0,0.0,0.0,0.0,0.0,0.0,0.0,0.0,0.0,0.0,0.0,0.0,0.0,0.0,0.0,0.0,0.0,0.0,0.0,0.0,0.0,0.0,0.0,0.0,0.0,0.0,0.0,0.0,0.0,0.0,0.0,0.0,0.0,0.0,0.0,0.0,0.0,0.0,0.0,0.0,0.0,0.0,0.0,0.0,0.0,0.0,0.0,0.0
2904,0.0,0.0,0.0,0.0,0.0,0.0,0.0,0.0,0.0,0.0,0.0,0.0,0.0,0.0,0.0,0.0,0.0,0.0,0.0,0.0,0.0,0.0,0.0,0.0,0.0,0.0,0.0,0.0,0.0,0.0,0.0,0.0,0.0,0.0,0.0,0.0,0.0,0.0,0.0,0.0,0.0,0.0,0.0,0.0,0.0,0.0,0.0,0.0,0.0,0.0,0.0,0.0,0.0,0.0,0.0,0.0,0.0,0.0,0.0,0.0,0.0,0.0,0.0,0.0
2905,0.0,0.0,0.0,0.0,0.0,0.0,0.0,0.0,0.0,0.0,0.0,0.0,0.0,0.0,0.0,0.0,0.0,0.0,0.0,0.0,0.0,0.0,0.0,0.0,0.0,0.0,0.0,0.0,0.0,0.0,0.0,0.0,0.0,0.0,0.0,0.0,0.0,0.0,0.0,0.0,0.0,0.0,0.0,0.0,0.0,0.0,0.0,0.0,0.0,0.0,0.0,0.0,0.0,0.0,0.0,0.0,0.0,0.0,0.0,0.0,0.0,0.0,0.0,0.0
2906,0.0,0.0,0.0,0.0,0.0,0.0,0.0,0.0,0.0,0.0,0.0,0.0,0.0,0.0,0.0,0.0,0.0,0.0,0.0,0.0,0.0,0.0,0.0,0.0,0.0,0.0,0.0,0.0,0.0,0.0,0.0,0.0,0.0,0.0,0.0,0.0,0.0,0.0,0.0,0.0,0.0,0.0,0.0,0.0,0.0,0.0,0.0,0.0,0.0,0.0,0.0,0.0,0.0,0.0,0.0,0.0,0.0,0.0,0.0,0.0,0.0,0.0,0.0,0.0
2907,0.0,0.0,0.0,0.0,0.0,0.0,0.0,0.0,0.0,0.0,0.0,0.0,0.0,0.0,0.0,0.0,0.0,0.0,0.0,0.0,0.0,0.0,0.0,0.0,0.0,0.0,0.0,0.0,0.0,0.0,0.0,0.0,0.0,0.0,0.0,0.0,0.0,0.0,0.0,0.0,0.0,0.0,0.0,0.0,0.0,0.0,0.0,0.0,0.0,0.0,0.0,0.0,0.0,0.0,0.0,0.0,0.0,0.0,0.0,0.0,0.0,0.0,0.0,0.0
2908,0.0,0.0,0.0,0.0,0.0,0.0,0.0,0.0,0.0,0.0,0.0,0.0,0.0,0.0,0.0,0.0,0.0,0.0,0.0,0.0,0.0,0.0,0.0,0.0,0.0,0.0,0.0,0.0,0.0,0.0,0.0,0.0,0.0,0.0,0.0,0.0,0.0,0.0,0.0,0.0,0.0,0.0,0.0,0.0,0.0,0.0,0.0,0.0,0.0,0.0,0.0,0.0,0.0,0.0,0.0,0.0,0.0,0.0,0.0,0.0,0.0,0.0,0.0,0.0
2909,0.0,0.0,0.0,0.0,0.0,0.0,0.0,0.0,0.0,0.0,0.0,0.0,0.0,0.0,0.0,0.0,0.0,0.0,0.0,0.0,0.0,0.0,0.0,0.0,0.0,0.0,0.0,0.0,0.0,0.0,0.0,0.0,0.0,0.0,0.0,0.0,0.0,0.0,0.0,0.0,0.0,0.0,0.0,0.0,0.0,0.0,0.0,0.0,0.0,0.0,0.0,0.0,0.0,0.0,0.0,0.0,0.0,0.0,0.0,0.0,0.0,0.0,0.0,0.0
2910,0.0,0.0,0.0,0.0,0.0,0.0,0.0,0.0,0.0,0.0,0.0,0.0,0.0,0.0,0.0,0.0,0.0,0.0,0.0,0.0,0.0,0.0,0.0,0.0,0.0,0.0,0.0,0.0,0.0,0.0,0.0,0.0,0.0,0.0,0.0,0.0,0.0,0.0,0.0,0.0,0.0,0.0,0.0,0.0,0.0,0.0,0.0,0.0,0.0,0.0,0.0,0.0,0.0,0.0,0.0,0.0,0.0,0.0,0.0,0.0,0.0,0.0,0.0,0.0
2911,0.0,0.0,0.0,0.0,0.0,0.0,0.0,0.0,0.0,0.0,0.0,0.0,0.0,0.0,0.0,0.0,0.0,0.0,0.0,0.0,0.0,0.0,0.0,0.0,0.0,0.0,0.0,0.0,0.0,0.0,0.0,0.0,0.0,0.0,0.0,0.0,0.0,0.0,0.0,0.0,0.0,0.0,0.0,0.0,0.0,0.0,0.0,0.0,0.0,0.0,0.0,0.0,0.0,0.0,0.0,0.0,0.0,0.0,0.0,0.0,0.0,0.0,0.0,0.0
2912,0.0,0.0,0.0,0.0,0.0,0.0,0.0,0.0,0.0,0.0,0.0,0.0,0.0,0.0,0.0,0.0,0.0,0.0,0.0,0.0,0.0,0.0,0.0,0.0,0.0,0.0,0.0,0.0,0.0,0.0,0.0,0.0,0.0,0.0,0.0,0.0,0.0,0.0,0.0,0.0,0.0,0.0,0.0,0.0,0.0,0.0,0.0,0.0,0.0,0.0,0.0,0.0,0.0,0.0,0.0,0.0,0.0,0.0,0.0,0.0,0.0,0.0,0.0,0.0
2913,0.0,0.0,0.0,0.0,0.0,0.0,0.0,0.0,0.04,0.01,0.04,0.04,0.05,0.04,0.04,0.04,0.04,0.05,0.05,0.04,0.01,0.05,0.05,0.03,0.02,0.0,0.0,0.0,0.0,0.0,0.0,0.0,0.0,0.0,0.0,0.0,0.02,0.03,0.0,0.03,0.03,0.01,0.01,0.02,0.03,0.01,0.0,0.0,0.0,0.0,0.0,0.0,0.02,0.0,0.02,0.0,0.0,0.01,0.0,0.01,0.0,0.0,0.0,0.0
2914,0.0,0.11,0.1,0.0,0.0,0.14,0.0,0.0,0.19,0.05,0.18,0.2,0.26,0.22,0.22,0.22,0.18,0.24,0.23,0.21,0.21,0.23,0.26,0.18,0.18,0.11,0.0,0.0,0.12,0.11,0.12,0.0,0.0,0.0,0.0,0.13,0.16,0.18,0.14,0.18,0.16,0.14,0.14,0.16,0.17,0.14,0.14,0.0,0.0,0.15,0.12,0.11,0.14,0.12,0.15,0.12,0.0,0.12,0.12,0.13,0.12,0.12,0.12,0.12
2915,0.0,0.56,0.55,0.0,0.0,0.58,0.0,0.0,0.66,0.25,0.65,0.68,0.7,0.69,0.69,0.68,0.66,0.72,0.72,0.67,0.67,0.7,0.71,0.64,0.63,0.58,0.0,0.0,0.59,0.56,0.58,0.0,0.0,0.0,0.0,0.59,0.62,0.66,0.61,0.66,0.64,0.61,0.62,0.61,0.63,0.62,0.58,0.0,0.0,0.59,0.6,0.58,0.61,0.58,0.56,0.56,0.0,0.58,0.6,0.58,0.6,0.6,0.59,0.6
2916,0.0,0.75,0.74,0.0,0.0,0.74,0.0,0.0,0.78,0.47,0.78,0.78,0.79,0.79,0.79,0.79,0.79,0.79,0.8,0.79,0.8,0.79,0.8,0.78,0.77,0.76,0.0,0.0,0.78,0.75,0.77,0.0,0.0,0.0,0.0,0.76,0.76,0.81,0.79,0.82,0.78,0.78,0.78,0.75,0.76,0.79,0.75,0.0,0.0,0.75,0.78,0.77,0.78,0.76,0.75,0.72,0.0,0.76,0.78,0.75,0.79,0.78,0.78,0.78
2917,0.0,0.8,0.78,0.0,0.0,0.79,0.0,0.0,0.82,0.55,0.82,0.8,0.84,0.84,0.83,0.83,0.83,0.85,0.86,0.83,0.85,0.84,0.84,0.82,0.82,0.81,0.0,0.0,0.82,0.8,0.81,0.0,0.0,0.0,0.0,0.81,0.8,0.85,0.83,0.86,0.82,0.83,0.83,0.8,0.81,0.84,0.79,0.0,0.0,0.8,0.82,0.82,0.84,0.82,0.8,0.78,0.0,0.81,0.82,0.8,0.82,0.83,0.83,0.82
2918,0.0,0.8,0.79,0.0,0.0,0.8,0.0,0.0,0.83,0.88,0.82,0.82,0.84,0.84,0.84,0.84,0.82,0.86,0.87,0.83,0.86,0.84,0.84,0.82,0.84,0.81,0.0,0.0,0.82,0.81,0.82,0.0,0.0,0.0,0.0,0.81,0.79,0.84,0.83,0.86,0.83,0.83,0.83,0.8,0.81,0.84,0.8,0.0,0.0,0.8,0.83,0.82,0.84,0.83,0.8,0.8,0.0,0.82,0.83,0.8,0.83,0.83,0.83,0.82
2919,0.0,0.8,0.79,0.0,0.0,0.79,0.0,0.0,0.82,0.88,0.81,0.83,0.83,0.84,0.84,0.84,0.83,0.87,0.87,0.83,0.86,0.84,0.85,0.82,0.84,0.81,0.0,0.0,0.82,0.81,0.81,0.0,0.0,0.0,0.0,0.81,0.79,0.84,0.82,0.84,0.82,0.82,0.82,0.8,0.81,0.83,0.79,0.0,0.0,0.8,0.83,0.81,0.84,0.82,0.82,0.82,0.0,0.82,0.83,0.82,0.83,0.83,0.82,0.83
2920,0.0,0.79,0.77,0.0,0.0,0.78,0.0,0.0,0.82,0.88,0.81,0.83,0.84,0.83,0.83,0.83,0.82,0.87,0.87,0.83,0.86,0.82,0.84,0.81,0.84,0.8,0.0,0.0,0.81,0.8,0.81,0.0,0.0,0.0,0.0,0.8,0.79,0.83,0.82,0.83,0.81,0.81,0.81,0.8,0.8,0.82,0.78,0.0,0.0,0.79,0.82,0.81,0.84,0.81,0.83,0.81,0.0,0.81,0.82,0.82,0.82,0.82,0.82,0.82
2921,0.0,0.78,0.76,0.0,0.0,0.78,0.0,0.0,0.82,0.87,0.81,0.83,0.83,0.82,0.82,0.82,0.81,0.87,0.87,0.82,0.86,0.81,0.84,0.8,0.84,0.79,0.0,0.0,0.8,0.79,0.8,0.0,0.0,0.0,0.0,0.79,0.79,0.82,0.81,0.82,0.81,0.81,0.8,0.79,0.8,0.81,0.78,0.0,0.0,0.79,0.81,0.8,0.82,0.8,0.84,0.81,0.0,0.79,0.82,0.82,0.81,0.82,0.81,0.81
2922,0.0,0.77,0.74,0.0,0.0,0.77,0.0,0.0,0.8,0.86,0.78,0.84,0.82,0.81,0.81,0.81,0.78,0.86,0.86,0.81,0.85,0.8,0.83,0.79,0.84,0.78,0.0,0.0,0.8,0.77,0.79,0.0,0.0,0.0,0.0,0.78,0.78,0.77,0.8,0.76,0.8,0.8,0.78,0.78,0.79,0.8,0.77,0.0,0.0,0.78,0.81,0.79,0.8,0.79,0.83,0.8,0.0,0.81,0.8,0.82,0.81,0.81,0.8,0.81
2923,0.0,0.76,0.72,0.0,0.0,0.76,0.0,0.0,0.75,0.84,0.74,0.82,0.74,0.76,0.75,0.75,0.76,0.84,0.84,0.75,0.84,0.77,0.8,0.77,0.8,0.77,0.0,0.0,0.78,0.76,0.78,0.0,0.0,0.0,0.0,0.76,0.77,0.72,0.78,0.74,0.78,0.78,0.77,0.77,0.77,0.78,0.76,0.0,0.0,0.77,0.8,0.78,0.78,0.76,0.81,0.78,0.0,0.79,0.79,0.79,0.8,0.8,0.79,0.79
2924,0.0,0.72,0.7,0.0,0.0,0.7,0.0,0.0,0.67,0.75,0.67,0.75,0.66,0.72,0.64,0.67,0.72,0.74,0.75,0.67,0.75,0.72,0.72,0.71,0.72,0.73,0.0,0.0,0.72,0.72,0.72,0.0,0.0,0.0,0.0,0.71,0.71,0.72,0.72,0.72,0.73,0.72,0.71,0.71,0.71,0.72,0.71,0.0,0.0,0.71,0.74,0.73,0.67,0.73,0.74,0.69,0.0,0.65,0.73,0.71,0.74,0.74,0.74,0.74
2925,0.0,0.41,0.41,0.0,0.0,0.37,0.0,0.0,0.31,0.34,0.32,0.35,0.27,0.32,0.29,0.29,0.35,0.31,0.32,0.31,0.34,0.31,0.27,0.33,0.35,0.42,0.0,0.0,0.4,0.41,0.4,0.0,0.0,0.0,0.0,0.38,0.36,0.35,0.39,0.35,0.36,0.38,0.38,0.35,0.34,0.39,0.37,0.0,0.0,0.37,0.42,0.42,0.35,0.41,0.38,0.41,0.0,0.4,0.41,0.35,0.42,0.42,0.42,0.41
2926,0.0,0.04,0.04,0.0,0.0,0.05,0.0,0.0,0.05,0.05,0.05,0.04,0.04,0.04,0.05,0.05,0.05,0.04,0.04,0.05,0.04,0.04,0.04,0.06,0.04,0.04,0.0,0.0,0.04,0.04,0.04,0.0,0.0,0.0,0.0,0.04,0.05,0.06,0.04,0.06,0.04,0.04,0.04,0.05,0.06,0.04,0.05,0.0,0.0,0.05,0.04,0.04,0.04,0.04,0.06,0.04,0.0,0.04,0.04,0.04,0.04,0.04,0.04,0.04
2927,0.0,0.0,0.0,0.0,0.0,0.0,0.0,0.0,0.0,0.0,0.0,0.0,0.0,0.0,0.0,0.0,0.0,0.0,0.0,0.0,0.0,0.0,0.0,0.0,0.0,0.0,0.0,0.0,0.0,0.0,0.0,0.0,0.0,0.0,0.0,0.0,0.0,0.0,0.0,0.0,0.0,0.0,0.0,0.0,0.0,0.0,0.0,0.0,0.0,0.0,0.0,0.0,0.0,0.0,0.0,0.0,0.0,0.0,0.0,0.0,0.0,0.0,0.0,0.0
2928,0.0,0.0,0.0,0.0,0.0,0.0,0.0,0.0,0.0,0.0,0.0,0.0,0.0,0.0,0.0,0.0,0.0,0.0,0.0,0.0,0.0,0.0,0.0,0.0,0.0,0.0,0.0,0.0,0.0,0.0,0.0,0.0,0.0,0.0,0.0,0.0,0.0,0.0,0.0,0.0,0.0,0.0,0.0,0.0,0.0,0.0,0.0,0.0,0.0,0.0,0.0,0.0,0.0,0.0,0.0,0.0,0.0,0.0,0.0,0.0,0.0,0.0,0.0,0.0
2929,0.0,0.0,0.0,0.0,0.0,0.0,0.0,0.0,0.0,0.0,0.0,0.0,0.0,0.0,0.0,0.0,0.0,0.0,0.0,0.0,0.0,0.0,0.0,0.0,0.0,0.0,0.0,0.0,0.0,0.0,0.0,0.0,0.0,0.0,0.0,0.0,0.0,0.0,0.0,0.0,0.0,0.0,0.0,0.0,0.0,0.0,0.0,0.0,0.0,0.0,0.0,0.0,0.0,0.0,0.0,0.0,0.0,0.0,0.0,0.0,0.0,0.0,0.0,0.0
2930,0.0,0.0,0.0,0.0,0.0,0.0,0.0,0.0,0.0,0.0,0.0,0.0,0.0,0.0,0.0,0.0,0.0,0.0,0.0,0.0,0.0,0.0,0.0,0.0,0.0,0.0,0.0,0.0,0.0,0.0,0.0,0.0,0.0,0.0,0.0,0.0,0.0,0.0,0.0,0.0,0.0,0.0,0.0,0.0,0.0,0.0,0.0,0.0,0.0,0.0,0.0,0.0,0.0,0.0,0.0,0.0,0.0,0.0,0.0,0.0,0.0,0.0,0.0,0.0
2931,0.0,0.0,0.0,0.0,0.0,0.0,0.0,0.0,0.0,0.0,0.0,0.0,0.0,0.0,0.0,0.0,0.0,0.0,0.0,0.0,0.0,0.0,0.0,0.0,0.0,0.0,0.0,0.0,0.0,0.0,0.0,0.0,0.0,0.0,0.0,0.0,0.0,0.0,0.0,0.0,0.0,0.0,0.0,0.0,0.0,0.0,0.0,0.0,0.0,0.0,0.0,0.0,0.0,0.0,0.0,0.0,0.0,0.0,0.0,0.0,0.0,0.0,0.0,0.0
2932,0.0,0.0,0.0,0.0,0.0,0.0,0.0,0.0,0.0,0.0,0.0,0.0,0.0,0.0,0.0,0.0,0.0,0.0,0.0,0.0,0.0,0.0,0.0,0.0,0.0,0.0,0.0,0.0,0.0,0.0,0.0,0.0,0.0,0.0,0.0,0.0,0.0,0.0,0.0,0.0,0.0,0.0,0.0,0.0,0.0,0.0,0.0,0.0,0.0,0.0,0.0,0.0,0.0,0.0,0.0,0.0,0.0,0.0,0.0,0.0,0.0,0.0,0.0,0.0
2933,0.0,0.0,0.0,0.0,0.0,0.0,0.0,0.0,0.0,0.0,0.0,0.0,0.0,0.0,0.0,0.0,0.0,0.0,0.0,0.0,0.0,0.0,0.0,0.0,0.0,0.0,0.0,0.0,0.0,0.0,0.0,0.0,0.0,0.0,0.0,0.0,0.0,0.0,0.0,0.0,0.0,0.0,0.0,0.0,0.0,0.0,0.0,0.0,0.0,0.0,0.0,0.0,0.0,0.0,0.0,0.0,0.0,0.0,0.0,0.0,0.0,0.0,0.0,0.0
2934,0.0,0.0,0.0,0.0,0.0,0.0,0.0,0.0,0.0,0.0,0.0,0.0,0.0,0.0,0.0,0.0,0.0,0.0,0.0,0.0,0.0,0.0,0.0,0.0,0.0,0.0,0.0,0.0,0.0,0.0,0.0,0.0,0.0,0.0,0.0,0.0,0.0,0.0,0.0,0.0,0.0,0.0,0.0,0.0,0.0,0.0,0.0,0.0,0.0,0.0,0.0,0.0,0.0,0.0,0.0,0.0,0.0,0.0,0.0,0.0,0.0,0.0,0.0,0.0
2935,0.0,0.0,0.0,0.0,0.0,0.0,0.0,0.0,0.0,0.0,0.0,0.0,0.0,0.0,0.0,0.0,0.0,0.0,0.0,0.0,0.0,0.0,0.0,0.0,0.0,0.0,0.0,0.0,0.0,0.0,0.0,0.0,0.0,0.0,0.0,0.0,0.0,0.0,0.0,0.0,0.0,0.0,0.0,0.0,0.0,0.0,0.0,0.0,0.0,0.0,0.0,0.0,0.0,0.0,0.0,0.0,0.0,0.0,0.0,0.0,0.0,0.0,0.0,0.0
2936,0.0,0.0,0.0,0.0,0.0,0.0,0.0,0.0,0.0,0.0,0.0,0.0,0.0,0.0,0.0,0.0,0.0,0.0,0.0,0.0,0.0,0.0,0.0,0.0,0.0,0.0,0.0,0.0,0.0,0.0,0.0,0.0,0.0,0.0,0.0,0.0,0.0,0.0,0.0,0.0,0.0,0.0,0.0,0.0,0.0,0.0,0.0,0.0,0.0,0.0,0.0,0.0,0.0,0.0,0.0,0.0,0.0,0.0,0.0,0.0,0.0,0.0,0.0,0.0
2937,0.0,0.0,0.0,0.0,0.0,0.01,0.0,0.0,0.0,0.04,0.0,0.02,0.05,0.05,0.05,0.04,0.0,0.05,0.05,0.03,0.05,0.05,0.04,0.02,0.03,0.0,0.0,0.0,0.0,0.0,0.0,0.0,0.0,0.0,0.0,0.01,0.0,0.0,0.01,0.01,0.02,0.0,0.0,0.0,0.01,0.01,0.01,0.0,0.0,0.01,0.01,0.0,0.03,0.01,0.03,0.02,0.0,0.02,0.01,0.03,0.01,0.01,0.0,0.01
2938,0.0,0.11,0.11,0.0,0.0,0.15,0.0,0.0,0.02,0.21,0.03,0.19,0.26,0.21,0.2,0.2,0.12,0.23,0.24,0.2,0.2,0.22,0.27,0.17,0.16,0.11,0.0,0.0,0.12,0.11,0.12,0.0,0.0,0.0,0.0,0.14,0.16,0.1,0.14,0.15,0.16,0.03,0.02,0.16,0.17,0.09,0.15,0.0,0.0,0.15,0.12,0.11,0.14,0.11,0.15,0.11,0.0,0.12,0.05,0.13,0.12,0.12,0.12,0.12
2939,0.0,0.57,0.56,0.0,0.0,0.6,0.0,0.0,0.59,0.7,0.16,0.59,0.71,0.55,0.61,0.59,0.64,0.69,0.69,0.56,0.67,0.6,0.7,0.08,0.32,0.57,0.0,0.0,0.57,0.57,0.57,0.0,0.0,0.0,0.0,0.61,0.62,0.17,0.22,0.64,0.63,0.07,0.04,0.63,0.64,0.17,0.61,0.0,0.0,0.61,0.59,0.58,0.61,0.58,0.63,0.57,0.0,0.59,0.07,0.6,0.59,0.59,0.58,0.18
2940,0.0,0.72,0.72,0.0,0.0,0.72,0.0,0.0,0.72,0.79,0.72,0.76,0.76,0.67,0.67,0.68,0.73,0.76,0.77,0.71,0.78,0.69,0.77,0.23,0.69,0.73,0.0,0.0,0.72,0.72,0.72,0.0,0.0,0.0,0.0,0.75,0.74,0.74,0.26,0.75,0.76,0.12,0.18,0.74,0.74,0.26,0.73,0.0,0.0,0.73,0.75,0.74,0.75,0.74,0.76,0.72,0.0,0.74,0.1,0.74,0.75,0.75,0.73,0.3
2941,0.0,0.77,0.77,0.0,0.0,0.78,0.0,0.0,0.78,0.83,0.77,0.82,0.81,0.8,0.78,0.8,0.82,0.82,0.83,0.79,0.83,0.79,0.8,0.8,0.63,0.78,0.0,0.0,0.76,0.77,0.77,0.0,0.0,0.0,0.0,0.79,0.8,0.8,0.81,0.81,0.81,0.8,0.8,0.79,0.8,0.82,0.78,0.0,0.0,0.78,0.81,0.78,0.8,0.8,0.81,0.78,0.0,0.8,0.26,0.79,0.8,0.81,0.78,0.55
2942,0.0,0.79,0.8,0.0,0.0,0.81,0.0,0.0,0.73,0.85,0.81,0.85,0.83,0.83,0.83,0.83,0.84,0.84,0.86,0.82,0.85,0.84,0.81,0.82,0.8,0.81,0.0,0.0,0.8,0.8,0.8,0.0,0.0,0.0,0.0,0.82,0.82,0.83,0.83,0.84,0.84,0.82,0.82,0.82,0.82,0.83,0.81,0.0,0.0,0.81,0.82,0.81,0.83,0.81,0.82,0.8,0.0,0.82,0.82,0.82,0.82,0.82,0.81,0.82
2943,0.0,0.8,0.8,0.0,0.0,0.82,0.0,0.0,0.84,0.84,0.83,0.86,0.81,0.85,0.85,0.84,0.84,0.86,0.86,0.84,0.86,0.86,0.83,0.83,0.82,0.81,0.0,0.0,0.8,0.8,0.8,0.0,0.0,0.0,0.0,0.83,0.83,0.84,0.84,0.85,0.84,0.84,0.83,0.83,0.83,0.84,0.81,0.0,0.0,0.81,0.83,0.82,0.84,0.82,0.83,0.81,0.0,0.83,0.83,0.83,0.83,0.83,0.82,0.82
2944,0.0,0.8,0.8,0.0,0.0,0.82,0.0,0.0,0.84,0.85,0.84,0.86,0.83,0.85,0.86,0.85,0.84,0.85,0.86,0.84,0.85,0.86,0.85,0.83,0.83,0.81,0.0,0.0,0.8,0.8,0.8,0.0,0.0,0.0,0.0,0.82,0.83,0.84,0.84,0.85,0.84,0.83,0.83,0.83,0.84,0.84,0.81,0.0,0.0,0.81,0.83,0.82,0.84,0.82,0.83,0.8,0.0,0.82,0.82,0.83,0.82,0.83,0.82,0.82
2945,0.0,0.8,0.8,0.0,0.0,0.82,0.0,0.0,0.83,0.82,0.83,0.84,0.84,0.84,0.86,0.85,0.84,0.84,0.85,0.84,0.84,0.86,0.84,0.83,0.82,0.81,0.0,0.0,0.8,0.8,0.8,0.0,0.0,0.0,0.0,0.82,0.83,0.84,0.83,0.84,0.84,0.83,0.82,0.83,0.83,0.83,0.8,0.0,0.0,0.8,0.81,0.81,0.83,0.8,0.82,0.79,0.0,0.81,0.81,0.82,0.81,0.82,0.81,0.81
2946,0.0,0.78,0.78,0.0,0.0,0.8,0.0,0.0,0.82,0.74,0.81,0.83,0.83,0.84,0.84,0.84,0.83,0.82,0.83,0.83,0.8,0.85,0.82,0.82,0.8,0.79,0.0,0.0,0.78,0.78,0.78,0.0,0.0,0.0,0.0,0.81,0.81,0.82,0.82,0.83,0.82,0.82,0.81,0.82,0.82,0.82,0.79,0.0,0.0,0.79,0.8,0.79,0.81,0.78,0.8,0.77,0.0,0.79,0.8,0.8,0.79,0.8,0.8,0.8
2947,0.0,0.76,0.76,0.0,0.0,0.77,0.0,0.0,0.79,0.78,0.78,0.8,0.8,0.8,0.8,0.8,0.8,0.77,0.78,0.79,0.7,0.81,0.79,0.78,0.67,0.77,0.0,0.0,0.76,0.76,0.76,0.0,0.0,0.0,0.0,0.78,0.78,0.8,0.79,0.8,0.79,0.79,0.78,0.79,0.78,0.79,0.77,0.0,0.0,0.53,0.77,0.76,0.78,0.76,0.78,0.75,0.0,0.77,0.77,0.77,0.77,0.77,0.77,0.77
2948,0.0,0.69,0.7,0.0,0.0,0.51,0.0,0.0,0.7,0.63,0.7,0.68,0.71,0.72,0.72,0.72,0.72,0.57,0.59,0.71,0.58,0.72,0.7,0.7,0.13,0.7,0.0,0.0,0.69,0.69,0.69,0.0,0.0,0.0,0.0,0.71,0.71,0.72,0.71,0.72,0.72,0.71,0.71,0.7,0.7,0.72,0.27,0.0,0.0,0.22,0.7,0.7,0.71,0.69,0.7,0.68,0.0,0.7,0.7,0.7,0.7,0.7,0.7,0.7
2949,0.0,0.38,0.38,0.0,0.0,0.06,0.0,0.0,0.32,0.29,0.32,0.28,0.25,0.29,0.29,0.3,0.33,0.25,0.23,0.3,0.3,0.29,0.22,0.33,0.03,0.38,0.0,0.0,0.37,0.18,0.37,0.0,0.0,0.0,0.0,0.36,0.34,0.34,0.37,0.34,0.35,0.36,0.36,0.33,0.34,0.37,0.07,0.0,0.0,0.08,0.38,0.38,0.36,0.37,0.35,0.36,0.0,0.37,0.38,0.36,0.38,0.38,0.38,0.38
2950,0.0,0.06,0.06,0.0,0.0,0.02,0.0,0.0,0.05,0.04,0.05,0.05,0.05,0.05,0.05,0.05,0.06,0.05,0.05,0.05,0.04,0.05,0.04,0.05,0.01,0.05,0.0,0.0,0.05,0.06,0.05,0.0,0.0,0.0,0.0,0.06,0.06,0.06,0.06,0.06,0.06,0.06,0.06,0.05,0.05,0.06,0.03,0.0,0.0,0.01,0.05,0.05,0.05,0.05,0.05,0.05,0.0,0.05,0.05,0.05,0.05,0.05,0.05,0.05
2951,0.0,0.0,0.0,0.0,0.0,0.0,0.0,0.0,0.0,0.0,0.0,0.0,0.0,0.0,0.0,0.0,0.0,0.0,0.0,0.0,0.0,0.0,0.0,0.0,0.0,0.0,0.0,0.0,0.0,0.0,0.0,0.0,0.0,0.0,0.0,0.0,0.0,0.0,0.0,0.0,0.0,0.0,0.0,0.0,0.0,0.0,0.0,0.0,0.0,0.0,0.0,0.0,0.0,0.0,0.0,0.0,0.0,0.0,0.0,0.0,0.0,0.0,0.0,0.0
2952,0.0,0.0,0.0,0.0,0.0,0.0,0.0,0.0,0.0,0.0,0.0,0.0,0.0,0.0,0.0,0.0,0.0,0.0,0.0,0.0,0.0,0.0,0.0,0.0,0.0,0.0,0.0,0.0,0.0,0.0,0.0,0.0,0.0,0.0,0.0,0.0,0.0,0.0,0.0,0.0,0.0,0.0,0.0,0.0,0.0,0.0,0.0,0.0,0.0,0.0,0.0,0.0,0.0,0.0,0.0,0.0,0.0,0.0,0.0,0.0,0.0,0.0,0.0,0.0
2953,0.0,0.0,0.0,0.0,0.0,0.0,0.0,0.0,0.0,0.0,0.0,0.0,0.0,0.0,0.0,0.0,0.0,0.0,0.0,0.0,0.0,0.0,0.0,0.0,0.0,0.0,0.0,0.0,0.0,0.0,0.0,0.0,0.0,0.0,0.0,0.0,0.0,0.0,0.0,0.0,0.0,0.0,0.0,0.0,0.0,0.0,0.0,0.0,0.0,0.0,0.0,0.0,0.0,0.0,0.0,0.0,0.0,0.0,0.0,0.0,0.0,0.0,0.0,0.0
2954,0.0,0.0,0.0,0.0,0.0,0.0,0.0,0.0,0.0,0.0,0.0,0.0,0.0,0.0,0.0,0.0,0.0,0.0,0.0,0.0,0.0,0.0,0.0,0.0,0.0,0.0,0.0,0.0,0.0,0.0,0.0,0.0,0.0,0.0,0.0,0.0,0.0,0.0,0.0,0.0,0.0,0.0,0.0,0.0,0.0,0.0,0.0,0.0,0.0,0.0,0.0,0.0,0.0,0.0,0.0,0.0,0.0,0.0,0.0,0.0,0.0,0.0,0.0,0.0
2955,0.0,0.0,0.0,0.0,0.0,0.0,0.0,0.0,0.0,0.0,0.0,0.0,0.0,0.0,0.0,0.0,0.0,0.0,0.0,0.0,0.0,0.0,0.0,0.0,0.0,0.0,0.0,0.0,0.0,0.0,0.0,0.0,0.0,0.0,0.0,0.0,0.0,0.0,0.0,0.0,0.0,0.0,0.0,0.0,0.0,0.0,0.0,0.0,0.0,0.0,0.0,0.0,0.0,0.0,0.0,0.0,0.0,0.0,0.0,0.0,0.0,0.0,0.0,0.0
2956,0.0,0.0,0.0,0.0,0.0,0.0,0.0,0.0,0.0,0.0,0.0,0.0,0.0,0.0,0.0,0.0,0.0,0.0,0.0,0.0,0.0,0.0,0.0,0.0,0.0,0.0,0.0,0.0,0.0,0.0,0.0,0.0,0.0,0.0,0.0,0.0,0.0,0.0,0.0,0.0,0.0,0.0,0.0,0.0,0.0,0.0,0.0,0.0,0.0,0.0,0.0,0.0,0.0,0.0,0.0,0.0,0.0,0.0,0.0,0.0,0.0,0.0,0.0,0.0
2957,0.0,0.0,0.0,0.0,0.0,0.0,0.0,0.0,0.0,0.0,0.0,0.0,0.0,0.0,0.0,0.0,0.0,0.0,0.0,0.0,0.0,0.0,0.0,0.0,0.0,0.0,0.0,0.0,0.0,0.0,0.0,0.0,0.0,0.0,0.0,0.0,0.0,0.0,0.0,0.0,0.0,0.0,0.0,0.0,0.0,0.0,0.0,0.0,0.0,0.0,0.0,0.0,0.0,0.0,0.0,0.0,0.0,0.0,0.0,0.0,0.0,0.0,0.0,0.0
2958,0.0,0.0,0.0,0.0,0.0,0.0,0.0,0.0,0.0,0.0,0.0,0.0,0.0,0.0,0.0,0.0,0.0,0.0,0.0,0.0,0.0,0.0,0.0,0.0,0.0,0.0,0.0,0.0,0.0,0.0,0.0,0.0,0.0,0.0,0.0,0.0,0.0,0.0,0.0,0.0,0.0,0.0,0.0,0.0,0.0,0.0,0.0,0.0,0.0,0.0,0.0,0.0,0.0,0.0,0.0,0.0,0.0,0.0,0.0,0.0,0.0,0.0,0.0,0.0
2959,0.0,0.0,0.0,0.0,0.0,0.0,0.0,0.0,0.0,0.0,0.0,0.0,0.0,0.0,0.0,0.0,0.0,0.0,0.0,0.0,0.0,0.0,0.0,0.0,0.0,0.0,0.0,0.0,0.0,0.0,0.0,0.0,0.0,0.0,0.0,0.0,0.0,0.0,0.0,0.0,0.0,0.0,0.0,0.0,0.0,0.0,0.0,0.0,0.0,0.0,0.0,0.0,0.0,0.0,0.0,0.0,0.0,0.0,0.0,0.0,0.0,0.0,0.0,0.0
2960,0.0,0.0,0.0,0.0,0.0,0.0,0.0,0.0,0.0,0.0,0.0,0.0,0.0,0.0,0.0,0.0,0.0,0.0,0.0,0.0,0.0,0.0,0.0,0.0,0.0,0.0,0.0,0.0,0.0,0.0,0.0,0.0,0.0,0.0,0.0,0.0,0.0,0.0,0.0,0.0,0.0,0.0,0.0,0.0,0.0,0.0,0.0,0.0,0.0,0.0,0.0,0.0,0.0,0.0,0.0,0.0,0.0,0.0,0.0,0.0,0.0,0.0,0.0,0.0
2961,0.0,0.0,0.0,0.0,0.0,0.0,0.0,0.0,0.0,0.0,0.01,0.04,0.01,0.01,0.01,0.0,0.03,0.05,0.05,0.0,0.05,0.01,0.01,0.0,0.0,0.0,0.0,0.0,0.0,0.0,0.0,0.0,0.0,0.0,0.0,0.0,0.0,0.03,0.0,0.03,0.02,0.0,0.0,0.0,0.0,0.0,0.0,0.0,0.0,0.0,0.0,0.0,0.0,0.0,0.01,0.0,0.0,0.0,0.0,0.01,0.0,0.0,0.0,0.0
2962,0.0,0.02,0.03,0.0,0.0,0.02,0.0,0.0,0.08,0.01,0.18,0.19,0.05,0.03,0.04,0.03,0.17,0.24,0.23,0.04,0.21,0.04,0.04,0.02,0.03,0.04,0.0,0.0,0.02,0.02,0.02,0.0,0.0,0.0,0.0,0.04,0.03,0.17,0.03,0.16,0.14,0.04,0.03,0.03,0.04,0.03,0.03,0.0,0.0,0.03,0.12,0.12,0.07,0.12,0.15,0.12,0.0,0.13,0.12,0.13,0.12,0.12,0.04,0.13
2963,0.0,0.06,0.08,0.0,0.0,0.04,0.0,0.0,0.12,0.04,0.63,0.64,0.12,0.08,0.1,0.06,0.61,0.68,0.68,0.06,0.64,0.08,0.11,0.06,0.1,0.14,0.0,0.0,0.08,0.07,0.07,0.0,0.0,0.0,0.0,0.08,0.08,0.62,0.08,0.62,0.2,0.07,0.08,0.05,0.06,0.07,0.05,0.0,0.0,0.06,0.34,0.45,0.34,0.42,0.59,0.48,0.0,0.51,0.38,0.56,0.4,0.39,0.1,0.34
2964,0.0,0.13,0.18,0.0,0.0,0.09,0.0,0.0,0.21,0.69,0.77,0.74,0.14,0.13,0.15,0.12,0.74,0.76,0.76,0.1,0.73,0.12,0.2,0.09,0.55,0.35,0.0,0.0,0.22,0.15,0.16,0.0,0.0,0.0,0.0,0.17,0.13,0.76,0.2,0.75,0.22,0.15,0.15,0.09,0.13,0.3,0.1,0.0,0.0,0.1,0.58,0.66,0.73,0.58,0.75,0.69,0.0,0.63,0.58,0.71,0.6,0.59,0.48,0.57
2965,0.0,0.24,0.32,0.0,0.0,0.16,0.0,0.0,0.44,0.74,0.77,0.75,0.22,0.14,0.14,0.19,0.74,0.77,0.76,0.15,0.74,0.24,0.31,0.13,0.75,0.72,0.0,0.0,0.35,0.29,0.3,0.0,0.0,0.0,0.0,0.31,0.24,0.76,0.32,0.75,0.55,0.6,0.25,0.12,0.19,0.76,0.16,0.0,0.0,0.17,0.54,0.71,0.72,0.59,0.76,0.64,0.0,0.61,0.58,0.72,0.63,0.54,0.76,0.6
2966,0.0,0.57,0.76,0.0,0.0,0.32,0.0,0.0,0.53,0.75,0.79,0.76,0.48,0.22,0.24,0.29,0.74,0.79,0.78,0.26,0.77,0.27,0.69,0.35,0.77,0.73,0.0,0.0,0.76,0.51,0.57,0.0,0.0,0.0,0.0,0.74,0.46,0.75,0.78,0.75,0.7,0.77,0.78,0.39,0.36,0.73,0.37,0.0,0.0,0.37,0.7,0.72,0.7,0.57,0.76,0.66,0.0,0.6,0.7,0.69,0.75,0.65,0.74,0.73
2967,0.0,0.78,0.77,0.0,0.0,0.69,0.0,0.0,0.75,0.33,0.76,0.73,0.72,0.8,0.3,0.35,0.74,0.79,0.79,0.39,0.69,0.63,0.82,0.79,0.79,0.79,0.0,0.0,0.74,0.78,0.79,0.0,0.0,0.0,0.0,0.75,0.79,0.77,0.78,0.7,0.79,0.78,0.77,0.57,0.79,0.78,0.77,0.0,0.0,0.64,0.68,0.73,0.68,0.69,0.72,0.65,0.0,0.66,0.7,0.66,0.74,0.68,0.72,0.71
2968,0.0,0.74,0.71,0.0,0.0,0.75,0.0,0.0,0.79,0.18,0.78,0.71,0.8,0.8,0.29,0.29,0.72,0.8,0.78,0.76,0.78,0.8,0.8,0.78,0.79,0.77,0.0,0.0,0.78,0.75,0.78,0.0,0.0,0.0,0.0,0.74,0.76,0.78,0.73,0.79,0.77,0.75,0.75,0.78,0.78,0.75,0.75,0.0,0.0,0.76,0.74,0.78,0.67,0.72,0.65,0.66,0.0,0.72,0.74,0.58,0.74,0.72,0.78,0.75
2969,0.0,0.77,0.78,0.0,0.0,0.76,0.0,0.0,0.78,0.14,0.75,0.66,0.79,0.75,0.21,0.25,0.76,0.77,0.76,0.79,0.74,0.72,0.78,0.77,0.78,0.75,0.0,0.0,0.68,0.78,0.69,0.0,0.0,0.0,0.0,0.76,0.74,0.76,0.77,0.76,0.73,0.78,0.77,0.74,0.76,0.78,0.78,0.0,0.0,0.78,0.73,0.71,0.72,0.66,0.66,0.72,0.0,0.66,0.7,0.67,0.74,0.7,0.7,0.73
2970,0.0,0.74,0.72,0.0,0.0,0.72,0.0,0.0,0.75,0.35,0.71,0.64,0.78,0.78,0.3,0.44,0.67,0.72,0.7,0.78,0.6,0.78,0.73,0.47,0.75,0.72,0.0,0.0,0.76,0.74,0.75,0.0,0.0,0.0,0.0,0.66,0.77,0.72,0.68,0.69,0.77,0.72,0.74,0.76,0.76,0.7,0.73,0.0,0.0,0.74,0.74,0.62,0.6,0.72,0.68,0.65,0.0,0.62,0.7,0.67,0.69,0.74,0.77,0.69
2971,0.0,0.52,0.61,0.0,0.0,0.73,0.0,0.0,0.74,0.5,0.74,0.65,0.7,0.71,0.46,0.7,0.72,0.69,0.68,0.67,0.45,0.71,0.67,0.74,0.71,0.52,0.0,0.0,0.56,0.55,0.57,0.0,0.0,0.0,0.0,0.72,0.68,0.72,0.72,0.73,0.61,0.73,0.72,0.7,0.73,0.73,0.73,0.0,0.0,0.73,0.71,0.61,0.69,0.68,0.63,0.64,0.0,0.71,0.7,0.72,0.71,0.7,0.55,0.71
2972,0.0,0.61,0.62,0.0,0.0,0.68,0.0,0.0,0.7,0.3,0.65,0.65,0.67,0.62,0.59,0.65,0.56,0.6,0.59,0.71,0.36,0.59,0.56,0.66,0.67,0.57,0.0,0.0,0.46,0.61,0.56,0.0,0.0,0.0,0.0,0.62,0.68,0.51,0.59,0.5,0.69,0.64,0.63,0.67,0.64,0.57,0.69,0.0,0.0,0.7,0.6,0.5,0.66,0.51,0.69,0.5,0.0,0.57,0.62,0.64,0.58,0.59,0.5,0.61
2973,0.0,0.33,0.29,0.0,0.0,0.23,0.0,0.0,0.29,0.13,0.33,0.24,0.2,0.29,0.29,0.28,0.25,0.16,0.17,0.27,0.14,0.29,0.16,0.34,0.3,0.3,0.0,0.0,0.28,0.34,0.33,0.0,0.0,0.0,0.0,0.26,0.32,0.26,0.22,0.26,0.24,0.22,0.21,0.3,0.33,0.22,0.22,0.0,0.0,0.22,0.29,0.29,0.26,0.27,0.33,0.22,0.0,0.26,0.28,0.22,0.28,0.28,0.3,0.27
2974,0.0,0.06,0.06,0.0,0.0,0.06,0.0,0.0,0.05,0.04,0.06,0.04,0.04,0.05,0.05,0.05,0.06,0.04,0.04,0.04,0.05,0.05,0.05,0.06,0.05,0.07,0.0,0.0,0.06,0.06,0.06,0.0,0.0,0.0,0.0,0.06,0.06,0.05,0.06,0.05,0.05,0.06,0.06,0.06,0.06,0.06,0.06,0.0,0.0,0.06,0.06,0.07,0.06,0.06,0.06,0.06,0.0,0.06,0.06,0.06,0.06,0.06,0.07,0.06
2975,0.0,0.0,0.0,0.0,0.0,0.0,0.0,0.0,0.0,0.0,0.0,0.0,0.0,0.0,0.0,0.0,0.0,0.0,0.0,0.0,0.0,0.0,0.0,0.0,0.0,0.0,0.0,0.0,0.0,0.0,0.0,0.0,0.0,0.0,0.0,0.0,0.0,0.0,0.0,0.0,0.0,0.0,0.0,0.0,0.0,0.0,0.0,0.0,0.0,0.0,0.0,0.0,0.0,0.0,0.0,0.0,0.0,0.0,0.0,0.0,0.0,0.0,0.0,0.0
2976,0.0,0.0,0.0,0.0,0.0,0.0,0.0,0.0,0.0,0.0,0.0,0.0,0.0,0.0,0.0,0.0,0.0,0.0,0.0,0.0,0.0,0.0,0.0,0.0,0.0,0.0,0.0,0.0,0.0,0.0,0.0,0.0,0.0,0.0,0.0,0.0,0.0,0.0,0.0,0.0,0.0,0.0,0.0,0.0,0.0,0.0,0.0,0.0,0.0,0.0,0.0,0.0,0.0,0.0,0.0,0.0,0.0,0.0,0.0,0.0,0.0,0.0,0.0,0.0
2977,0.0,0.0,0.0,0.0,0.0,0.0,0.0,0.0,0.0,0.0,0.0,0.0,0.0,0.0,0.0,0.0,0.0,0.0,0.0,0.0,0.0,0.0,0.0,0.0,0.0,0.0,0.0,0.0,0.0,0.0,0.0,0.0,0.0,0.0,0.0,0.0,0.0,0.0,0.0,0.0,0.0,0.0,0.0,0.0,0.0,0.0,0.0,0.0,0.0,0.0,0.0,0.0,0.0,0.0,0.0,0.0,0.0,0.0,0.0,0.0,0.0,0.0,0.0,0.0
2978,0.0,0.0,0.0,0.0,0.0,0.0,0.0,0.0,0.0,0.0,0.0,0.0,0.0,0.0,0.0,0.0,0.0,0.0,0.0,0.0,0.0,0.0,0.0,0.0,0.0,0.0,0.0,0.0,0.0,0.0,0.0,0.0,0.0,0.0,0.0,0.0,0.0,0.0,0.0,0.0,0.0,0.0,0.0,0.0,0.0,0.0,0.0,0.0,0.0,0.0,0.0,0.0,0.0,0.0,0.0,0.0,0.0,0.0,0.0,0.0,0.0,0.0,0.0,0.0
2979,0.0,0.0,0.0,0.0,0.0,0.0,0.0,0.0,0.0,0.0,0.0,0.0,0.0,0.0,0.0,0.0,0.0,0.0,0.0,0.0,0.0,0.0,0.0,0.0,0.0,0.0,0.0,0.0,0.0,0.0,0.0,0.0,0.0,0.0,0.0,0.0,0.0,0.0,0.0,0.0,0.0,0.0,0.0,0.0,0.0,0.0,0.0,0.0,0.0,0.0,0.0,0.0,0.0,0.0,0.0,0.0,0.0,0.0,0.0,0.0,0.0,0.0,0.0,0.0
2980,0.0,0.0,0.0,0.0,0.0,0.0,0.0,0.0,0.0,0.0,0.0,0.0,0.0,0.0,0.0,0.0,0.0,0.0,0.0,0.0,0.0,0.0,0.0,0.0,0.0,0.0,0.0,0.0,0.0,0.0,0.0,0.0,0.0,0.0,0.0,0.0,0.0,0.0,0.0,0.0,0.0,0.0,0.0,0.0,0.0,0.0,0.0,0.0,0.0,0.0,0.0,0.0,0.0,0.0,0.0,0.0,0.0,0.0,0.0,0.0,0.0,0.0,0.0,0.0
2981,0.0,0.0,0.0,0.0,0.0,0.0,0.0,0.0,0.0,0.0,0.0,0.0,0.0,0.0,0.0,0.0,0.0,0.0,0.0,0.0,0.0,0.0,0.0,0.0,0.0,0.0,0.0,0.0,0.0,0.0,0.0,0.0,0.0,0.0,0.0,0.0,0.0,0.0,0.0,0.0,0.0,0.0,0.0,0.0,0.0,0.0,0.0,0.0,0.0,0.0,0.0,0.0,0.0,0.0,0.0,0.0,0.0,0.0,0.0,0.0,0.0,0.0,0.0,0.0
2982,0.0,0.0,0.0,0.0,0.0,0.0,0.0,0.0,0.0,0.0,0.0,0.0,0.0,0.0,0.0,0.0,0.0,0.0,0.0,0.0,0.0,0.0,0.0,0.0,0.0,0.0,0.0,0.0,0.0,0.0,0.0,0.0,0.0,0.0,0.0,0.0,0.0,0.0,0.0,0.0,0.0,0.0,0.0,0.0,0.0,0.0,0.0,0.0,0.0,0.0,0.0,0.0,0.0,0.0,0.0,0.0,0.0,0.0,0.0,0.0,0.0,0.0,0.0,0.0
2983,0.0,0.0,0.0,0.0,0.0,0.0,0.0,0.0,0.0,0.0,0.0,0.0,0.0,0.0,0.0,0.0,0.0,0.0,0.0,0.0,0.0,0.0,0.0,0.0,0.0,0.0,0.0,0.0,0.0,0.0,0.0,0.0,0.0,0.0,0.0,0.0,0.0,0.0,0.0,0.0,0.0,0.0,0.0,0.0,0.0,0.0,0.0,0.0,0.0,0.0,0.0,0.0,0.0,0.0,0.0,0.0,0.0,0.0,0.0,0.0,0.0,0.0,0.0,0.0
2984,0.0,0.0,0.0,0.0,0.0,0.0,0.0,0.0,0.0,0.0,0.0,0.0,0.0,0.0,0.0,0.0,0.0,0.0,0.0,0.0,0.0,0.0,0.0,0.0,0.0,0.0,0.0,0.0,0.0,0.0,0.0,0.0,0.0,0.0,0.0,0.0,0.0,0.0,0.0,0.0,0.0,0.0,0.0,0.0,0.0,0.0,0.0,0.0,0.0,0.0,0.0,0.0,0.0,0.0,0.0,0.0,0.0,0.0,0.0,0.0,0.0,0.0,0.0,0.0
2985,0.0,0.0,0.0,0.0,0.0,0.0,0.0,0.0,0.01,0.02,0.01,0.04,0.02,0.01,0.01,0.01,0.03,0.02,0.02,0.01,0.03,0.01,0.02,0.0,0.01,0.0,0.0,0.0,0.0,0.0,0.0,0.0,0.0,0.0,0.0,0.0,0.0,0.03,0.0,0.03,0.0,0.0,0.0,0.0,0.0,0.0,0.0,0.0,0.0,0.0,0.0,0.0,0.0,0.0,0.02,0.0,0.0,0.01,0.0,0.01,0.0,0.0,0.0,0.0
2986,0.0,0.06,0.07,0.0,0.0,0.07,0.0,0.0,0.13,0.06,0.18,0.18,0.13,0.09,0.11,0.08,0.17,0.13,0.12,0.08,0.19,0.09,0.04,0.04,0.17,0.05,0.0,0.0,0.03,0.05,0.03,0.0,0.0,0.0,0.0,0.04,0.03,0.16,0.04,0.16,0.03,0.04,0.03,0.04,0.03,0.05,0.07,0.0,0.0,0.07,0.06,0.12,0.04,0.12,0.15,0.12,0.0,0.13,0.06,0.13,0.12,0.05,0.09,0.12
2987,0.0,0.5,0.49,0.0,0.0,0.52,0.0,0.0,0.1,0.17,0.34,0.59,0.48,0.61,0.58,0.53,0.57,0.61,0.62,0.39,0.12,0.56,0.11,0.14,0.56,0.5,0.0,0.0,0.1,0.5,0.17,0.0,0.0,0.0,0.0,0.18,0.23,0.57,0.26,0.57,0.22,0.54,0.21,0.18,0.1,0.42,0.52,0.0,0.0,0.52,0.52,0.39,0.1,0.52,0.56,0.46,0.0,0.52,0.27,0.54,0.51,0.52,0.52,0.51
2988,0.0,0.68,0.69,0.0,0.0,0.68,0.0,0.0,0.56,0.14,0.71,0.71,0.7,0.71,0.7,0.7,0.7,0.71,0.72,0.7,0.36,0.72,0.39,0.7,0.69,0.7,0.0,0.0,0.42,0.69,0.64,0.0,0.0,0.0,0.0,0.69,0.69,0.71,0.71,0.71,0.7,0.7,0.69,0.56,0.58,0.71,0.68,0.0,0.0,0.68,0.71,0.64,0.35,0.71,0.73,0.7,0.0,0.7,0.7,0.71,0.7,0.71,0.66,0.7
2989,0.0,0.7,0.75,0.0,0.0,0.73,0.0,0.0,0.76,0.1,0.74,0.75,0.76,0.76,0.74,0.74,0.74,0.75,0.75,0.75,0.32,0.76,0.77,0.74,0.74,0.75,0.0,0.0,0.7,0.74,0.74,0.0,0.0,0.0,0.0,0.75,0.73,0.76,0.75,0.76,0.75,0.75,0.74,0.74,0.74,0.76,0.73,0.0,0.0,0.72,0.76,0.48,0.76,0.76,0.77,0.74,0.0,0.42,0.74,0.76,0.75,0.76,0.48,0.75
2990,0.0,0.77,0.73,0.0,0.0,0.76,0.0,0.0,0.76,0.14,0.75,0.77,0.78,0.77,0.76,0.76,0.77,0.76,0.77,0.76,0.71,0.77,0.78,0.75,0.76,0.75,0.0,0.0,0.73,0.77,0.74,0.0,0.0,0.0,0.0,0.76,0.76,0.78,0.78,0.77,0.77,0.78,0.76,0.75,0.75,0.78,0.76,0.0,0.0,0.76,0.1,0.77,0.57,0.62,0.78,0.76,0.0,0.32,0.13,0.77,0.78,0.11,0.59,0.28
2991,0.0,0.78,0.78,0.0,0.0,0.77,0.0,0.0,0.77,0.74,0.77,0.78,0.78,0.78,0.78,0.78,0.77,0.78,0.78,0.77,0.72,0.78,0.78,0.77,0.78,0.78,0.0,0.0,0.76,0.78,0.76,0.0,0.0,0.0,0.0,0.79,0.76,0.78,0.79,0.78,0.79,0.79,0.78,0.77,0.77,0.79,0.77,0.0,0.0,0.77,0.03,0.1,0.1,0.05,0.76,0.03,0.0,0.04,0.09,0.42,0.08,0.03,0.33,0.11
2992,0.0,0.78,0.78,0.0,0.0,0.78,0.0,0.0,0.77,0.34,0.77,0.78,0.78,0.79,0.78,0.79,0.11,0.79,0.79,0.78,0.24,0.79,0.78,0.77,0.78,0.78,0.0,0.0,0.76,0.78,0.78,0.0,0.0,0.0,0.0,0.78,0.76,0.79,0.79,0.78,0.78,0.79,0.78,0.76,0.77,0.79,0.78,0.0,0.0,0.78,0.04,0.14,0.03,0.12,0.23,0.03,0.0,0.02,0.02,0.04,0.02,0.04,0.14,0.03
2993,0.0,0.76,0.66,0.0,0.0,0.78,0.0,0.0,0.77,0.5,0.77,0.08,0.78,0.78,0.78,0.78,0.05,0.78,0.78,0.78,0.77,0.77,0.78,0.77,0.79,0.76,0.0,0.0,0.77,0.77,0.77,0.0,0.0,0.0,0.0,0.78,0.54,0.37,0.78,0.24,0.17,0.78,0.77,0.76,0.77,0.78,0.78,0.0,0.0,0.78,0.02,0.79,0.08,0.22,0.03,0.16,0.0,0.3,0.19,0.08,0.79,0.12,0.17,0.15
2994,0.0,0.28,0.31,0.0,0.0,0.76,0.0,0.0,0.75,0.75,0.75,0.1,0.77,0.76,0.77,0.77,0.04,0.76,0.76,0.77,0.75,0.76,0.76,0.76,0.77,0.19,0.0,0.0,0.68,0.27,0.5,0.0,0.0,0.0,0.0,0.76,0.76,0.19,0.76,0.1,0.01,0.76,0.09,0.75,0.76,0.76,0.76,0.0,0.0,0.76,0.33,0.54,0.76,0.26,0.23,0.06,0.0,0.15,0.46,0.36,0.38,0.42,0.53,0.39
2995,0.0,0.11,0.12,0.0,0.0,0.74,0.0,0.0,0.73,0.7,0.31,0.01,0.73,0.74,0.74,0.74,0.01,0.08,0.05,0.74,0.06,0.73,0.72,0.72,0.74,0.03,0.0,0.0,0.08,0.12,0.12,0.0,0.0,0.0,0.0,0.28,0.72,0.02,0.68,0.01,0.04,0.68,0.36,0.72,0.72,0.67,0.74,0.0,0.0,0.74,0.15,0.17,0.16,0.2,0.57,0.08,0.0,0.36,0.12,0.29,0.55,0.23,0.11,0.39
2996,0.0,0.09,0.04,0.0,0.0,0.68,0.0,0.0,0.66,0.46,0.03,0.17,0.65,0.66,0.66,0.66,0.02,0.07,0.03,0.66,0.02,0.66,0.03,0.65,0.68,0.13,0.0,0.0,0.02,0.16,0.14,0.0,0.0,0.0,0.0,0.3,0.61,0.04,0.15,0.08,0.06,0.31,0.46,0.65,0.65,0.12,0.68,0.0,0.0,0.68,0.23,0.62,0.04,0.22,0.04,0.68,0.0,0.27,0.29,0.59,0.34,0.2,0.31,0.31
2997,0.0,0.04,0.03,0.0,0.0,0.34,0.0,0.0,0.06,0.04,0.02,0.02,0.24,0.28,0.28,0.28,0.03,0.01,0.01,0.29,0.08,0.27,0.08,0.14,0.31,0.03,0.0,0.0,0.02,0.04,0.05,0.0,0.0,0.0,0.0,0.08,0.15,0.2,0.07,0.15,0.2,0.05,0.02,0.15,0.14,0.04,0.34,0.0,0.0,0.34,0.33,0.01,0.1,0.1,0.03,0.12,0.0,0.13,0.29,0.1,0.27,0.21,0.07,0.16
2998,0.0,0.02,0.01,0.0,0.0,0.02,0.0,0.0,0.01,0.02,0.05,0.02,0.05,0.05,0.05,0.05,0.02,0.04,0.05,0.05,0.04,0.05,0.0,0.06,0.05,0.02,0.0,0.0,0.05,0.01,0.02,0.0,0.0,0.0,0.0,0.01,0.01,0.06,0.0,0.06,0.0,0.02,0.01,0.05,0.06,0.0,0.01,0.0,0.0,0.03,0.01,0.02,0.03,0.04,0.02,0.03,0.0,0.05,0.02,0.06,0.0,0.02,0.0,0.02
2999,0.0,0.0,0.0,0.0,0.0,0.0,0.0,0.0,0.0,0.0,0.0,0.0,0.0,0.0,0.0,0.0,0.0,0.0,0.0,0.0,0.0,0.0,0.0,0.0,0.0,0.0,0.0,0.0,0.0,0.0,0.0,0.0,0.0,0.0,0.0,0.0,0.0,0.0,0.0,0.0,0.0,0.0,0.0,0.0,0.0,0.0,0.0,0.0,0.0,0.0,0.0,0.0,0.0,0.0,0.0,0.0,0.0,0.0,0.0,0.0,0.0,0.0,0.0,0.0
3000,0.0,0.0,0.0,0.0,0.0,0.0,0.0,0.0,0.0,0.0,0.0,0.0,0.0,0.0,0.0,0.0,0.0,0.0,0.0,0.0,0.0,0.0,0.0,0.0,0.0,0.0,0.0,0.0,0.0,0.0,0.0,0.0,0.0,0.0,0.0,0.0,0.0,0.0,0.0,0.0,0.0,0.0,0.0,0.0,0.0,0.0,0.0,0.0,0.0,0.0,0.0,0.0,0.0,0.0,0.0,0.0,0.0,0.0,0.0,0.0,0.0,0.0,0.0,0.0
3001,0.0,0.0,0.0,0.0,0.0,0.0,0.0,0.0,0.0,0.0,0.0,0.0,0.0,0.0,0.0,0.0,0.0,0.0,0.0,0.0,0.0,0.0,0.0,0.0,0.0,0.0,0.0,0.0,0.0,0.0,0.0,0.0,0.0,0.0,0.0,0.0,0.0,0.0,0.0,0.0,0.0,0.0,0.0,0.0,0.0,0.0,0.0,0.0,0.0,0.0,0.0,0.0,0.0,0.0,0.0,0.0,0.0,0.0,0.0,0.0,0.0,0.0,0.0,0.0
3002,0.0,0.0,0.0,0.0,0.0,0.0,0.0,0.0,0.0,0.0,0.0,0.0,0.0,0.0,0.0,0.0,0.0,0.0,0.0,0.0,0.0,0.0,0.0,0.0,0.0,0.0,0.0,0.0,0.0,0.0,0.0,0.0,0.0,0.0,0.0,0.0,0.0,0.0,0.0,0.0,0.0,0.0,0.0,0.0,0.0,0.0,0.0,0.0,0.0,0.0,0.0,0.0,0.0,0.0,0.0,0.0,0.0,0.0,0.0,0.0,0.0,0.0,0.0,0.0
3003,0.0,0.0,0.0,0.0,0.0,0.0,0.0,0.0,0.0,0.0,0.0,0.0,0.0,0.0,0.0,0.0,0.0,0.0,0.0,0.0,0.0,0.0,0.0,0.0,0.0,0.0,0.0,0.0,0.0,0.0,0.0,0.0,0.0,0.0,0.0,0.0,0.0,0.0,0.0,0.0,0.0,0.0,0.0,0.0,0.0,0.0,0.0,0.0,0.0,0.0,0.0,0.0,0.0,0.0,0.0,0.0,0.0,0.0,0.0,0.0,0.0,0.0,0.0,0.0
3004,0.0,0.0,0.0,0.0,0.0,0.0,0.0,0.0,0.0,0.0,0.0,0.0,0.0,0.0,0.0,0.0,0.0,0.0,0.0,0.0,0.0,0.0,0.0,0.0,0.0,0.0,0.0,0.0,0.0,0.0,0.0,0.0,0.0,0.0,0.0,0.0,0.0,0.0,0.0,0.0,0.0,0.0,0.0,0.0,0.0,0.0,0.0,0.0,0.0,0.0,0.0,0.0,0.0,0.0,0.0,0.0,0.0,0.0,0.0,0.0,0.0,0.0,0.0,0.0
3005,0.0,0.0,0.0,0.0,0.0,0.0,0.0,0.0,0.0,0.0,0.0,0.0,0.0,0.0,0.0,0.0,0.0,0.0,0.0,0.0,0.0,0.0,0.0,0.0,0.0,0.0,0.0,0.0,0.0,0.0,0.0,0.0,0.0,0.0,0.0,0.0,0.0,0.0,0.0,0.0,0.0,0.0,0.0,0.0,0.0,0.0,0.0,0.0,0.0,0.0,0.0,0.0,0.0,0.0,0.0,0.0,0.0,0.0,0.0,0.0,0.0,0.0,0.0,0.0
3006,0.0,0.0,0.0,0.0,0.0,0.0,0.0,0.0,0.0,0.0,0.0,0.0,0.0,0.0,0.0,0.0,0.0,0.0,0.0,0.0,0.0,0.0,0.0,0.0,0.0,0.0,0.0,0.0,0.0,0.0,0.0,0.0,0.0,0.0,0.0,0.0,0.0,0.0,0.0,0.0,0.0,0.0,0.0,0.0,0.0,0.0,0.0,0.0,0.0,0.0,0.0,0.0,0.0,0.0,0.0,0.0,0.0,0.0,0.0,0.0,0.0,0.0,0.0,0.0
3007,0.0,0.0,0.0,0.0,0.0,0.0,0.0,0.0,0.0,0.0,0.0,0.0,0.0,0.0,0.0,0.0,0.0,0.0,0.0,0.0,0.0,0.0,0.0,0.0,0.0,0.0,0.0,0.0,0.0,0.0,0.0,0.0,0.0,0.0,0.0,0.0,0.0,0.0,0.0,0.0,0.0,0.0,0.0,0.0,0.0,0.0,0.0,0.0,0.0,0.0,0.0,0.0,0.0,0.0,0.0,0.0,0.0,0.0,0.0,0.0,0.0,0.0,0.0,0.0
3008,0.0,0.0,0.0,0.0,0.0,0.0,0.0,0.0,0.0,0.0,0.0,0.0,0.0,0.0,0.0,0.0,0.0,0.0,0.0,0.0,0.0,0.0,0.0,0.0,0.0,0.0,0.0,0.0,0.0,0.0,0.0,0.0,0.0,0.0,0.0,0.0,0.0,0.0,0.0,0.0,0.0,0.0,0.0,0.0,0.0,0.0,0.0,0.0,0.0,0.0,0.0,0.0,0.0,0.0,0.0,0.0,0.0,0.0,0.0,0.0,0.0,0.0,0.0,0.0
3009,0.0,0.0,0.0,0.0,0.0,0.0,0.0,0.0,0.01,0.01,0.01,0.0,0.0,0.0,0.0,0.0,0.01,0.0,0.0,0.0,0.0,0.0,0.0,0.0,0.0,0.0,0.0,0.0,0.0,0.0,0.0,0.0,0.0,0.0,0.0,0.0,0.0,0.0,0.0,0.03,0.0,0.0,0.01,0.0,0.0,0.0,0.0,0.0,0.0,0.0,0.0,0.0,0.0,0.0,0.0,0.0,0.0,0.0,0.0,0.0,0.0,0.0,0.0,0.0
3010,0.0,0.06,0.03,0.0,0.0,0.04,0.0,0.0,0.04,0.02,0.06,0.03,0.01,0.02,0.02,0.02,0.17,0.03,0.02,0.02,0.0,0.02,0.02,0.01,0.0,0.02,0.0,0.0,0.12,0.06,0.07,0.0,0.0,0.0,0.0,0.02,0.03,0.08,0.05,0.16,0.02,0.03,0.14,0.02,0.02,0.05,0.05,0.0,0.0,0.06,0.0,0.01,0.02,0.01,0.0,0.03,0.0,0.02,0.04,0.0,0.01,0.0,0.01,0.02
3011,0.0,0.26,0.11,0.0,0.0,0.08,0.0,0.0,0.08,0.04,0.57,0.05,0.06,0.03,0.04,0.09,0.2,0.15,0.06,0.06,0.0,0.05,0.03,0.04,0.06,0.02,0.0,0.0,0.06,0.31,0.11,0.0,0.0,0.0,0.0,0.24,0.03,0.06,0.15,0.05,0.06,0.13,0.55,0.18,0.02,0.16,0.09,0.0,0.0,0.09,0.04,0.05,0.04,0.02,0.02,0.06,0.0,0.1,0.43,0.03,0.03,0.03,0.08,0.04
3012,0.0,0.7,0.34,0.0,0.0,0.2,0.0,0.0,0.71,0.1,0.7,0.03,0.1,0.07,0.08,0.23,0.02,0.08,0.04,0.19,0.04,0.08,0.04,0.43,0.04,0.06,0.0,0.0,0.7,0.23,0.19,0.0,0.0,0.0,0.0,0.7,0.15,0.02,0.71,0.01,0.25,0.71,0.71,0.7,0.54,0.72,0.23,0.0,0.0,0.2,0.03,0.07,0.27,0.04,0.06,0.39,0.0,0.1,0.04,0.09,0.03,0.03,0.29,0.04
3013,0.0,0.75,0.75,0.0,0.0,0.75,0.0,0.0,0.74,0.25,0.74,0.13,0.14,0.25,0.28,0.74,0.26,0.02,0.01,0.75,0.04,0.28,0.02,0.76,0.25,0.12,0.0,0.0,0.76,0.42,0.37,0.0,0.0,0.0,0.0,0.75,0.15,0.75,0.47,0.76,0.49,0.76,0.76,0.74,0.75,0.48,0.75,0.0,0.0,0.75,0.13,0.04,0.75,0.53,0.18,0.74,0.0,0.59,0.18,0.42,0.07,0.15,0.22,0.09
3014,0.0,0.41,0.32,0.0,0.0,0.75,0.0,0.0,0.77,0.52,0.76,0.21,0.31,0.69,0.5,0.76,0.55,0.34,0.16,0.75,0.33,0.76,0.1,0.77,0.7,0.8,0.0,0.0,0.78,0.55,0.79,0.0,0.0,0.0,0.0,0.42,0.39,0.8,0.11,0.8,0.79,0.52,0.54,0.68,0.78,0.11,0.76,0.0,0.0,0.76,0.63,0.04,0.62,0.68,0.58,0.78,0.0,0.47,0.8,0.8,0.79,0.62,0.14,0.8
3015,0.0,0.77,0.58,0.0,0.0,0.75,0.0,0.0,0.77,0.63,0.78,0.32,0.14,0.38,0.7,0.77,0.81,0.07,0.08,0.78,0.63,0.44,0.79,0.78,0.77,0.58,0.0,0.0,0.34,0.78,0.78,0.0,0.0,0.0,0.0,0.31,0.79,0.81,0.31,0.82,0.81,0.78,0.79,0.46,0.78,0.8,0.76,0.0,0.0,0.76,0.63,0.81,0.6,0.73,0.82,0.78,0.0,0.8,0.81,0.8,0.81,0.58,0.5,0.81
3016,0.0,0.79,0.68,0.0,0.0,0.76,0.0,0.0,0.77,0.54,0.78,0.83,0.13,0.8,0.8,0.79,0.82,0.59,0.49,0.78,0.62,0.32,0.1,0.78,0.78,0.81,0.0,0.0,0.79,0.78,0.79,0.0,0.0,0.0,0.0,0.12,0.68,0.82,0.8,0.82,0.82,0.79,0.8,0.77,0.78,0.8,0.76,0.0,0.0,0.76,0.82,0.8,0.81,0.8,0.82,0.78,0.0,0.8,0.81,0.8,0.81,0.82,0.81,0.81
3017,0.0,0.78,0.52,0.0,0.0,0.76,0.0,0.0,0.77,0.72,0.78,0.82,0.56,0.78,0.78,0.77,0.81,0.52,0.44,0.77,0.75,0.79,0.05,0.76,0.79,0.8,0.0,0.0,0.78,0.78,0.78,0.0,0.0,0.0,0.0,0.76,0.79,0.82,0.8,0.82,0.82,0.79,0.8,0.75,0.78,0.8,0.76,0.0,0.0,0.74,0.81,0.8,0.81,0.79,0.81,0.78,0.0,0.8,0.81,0.8,0.81,0.81,0.8,0.81
3018,0.0,0.77,0.78,0.0,0.0,0.74,0.0,0.0,0.76,0.79,0.77,0.8,0.11,0.76,0.76,0.75,0.79,0.79,0.8,0.75,0.79,0.76,0.77,0.73,0.77,0.78,0.0,0.0,0.76,0.78,0.77,0.0,0.0,0.0,0.0,0.77,0.78,0.8,0.79,0.8,0.81,0.79,0.79,0.72,0.77,0.79,0.75,0.0,0.0,0.74,0.79,0.78,0.79,0.78,0.79,0.77,0.0,0.78,0.79,0.78,0.79,0.79,0.78,0.79
3019,0.0,0.75,0.76,0.0,0.0,0.72,0.0,0.0,0.74,0.76,0.75,0.77,0.74,0.73,0.72,0.72,0.77,0.75,0.45,0.72,0.76,0.74,0.31,0.74,0.74,0.76,0.0,0.0,0.74,0.75,0.75,0.0,0.0,0.0,0.0,0.75,0.76,0.77,0.76,0.78,0.78,0.76,0.76,0.75,0.75,0.77,0.72,0.0,0.0,0.72,0.76,0.76,0.76,0.76,0.76,0.74,0.0,0.76,0.76,0.75,0.76,0.76,0.76,0.76
3020,0.0,0.69,0.7,0.0,0.0,0.66,0.0,0.0,0.66,0.68,0.67,0.69,0.66,0.65,0.65,0.65,0.69,0.67,0.41,0.65,0.67,0.65,0.65,0.67,0.66,0.7,0.0,0.0,0.68,0.69,0.69,0.0,0.0,0.0,0.0,0.68,0.68,0.69,0.69,0.69,0.7,0.69,0.69,0.67,0.68,0.69,0.66,0.0,0.0,0.65,0.7,0.69,0.69,0.14,0.68,0.09,0.0,0.69,0.69,0.68,0.69,0.55,0.69,0.69
3021,0.0,0.37,0.38,0.0,0.0,0.32,0.0,0.0,0.29,0.28,0.3,0.3,0.23,0.09,0.26,0.27,0.31,0.26,0.27,0.09,0.28,0.26,0.23,0.31,0.29,0.37,0.0,0.0,0.36,0.37,0.37,0.0,0.0,0.0,0.0,0.35,0.32,0.32,0.35,0.32,0.34,0.35,0.34,0.32,0.32,0.35,0.1,0.0,0.0,0.32,0.17,0.37,0.17,0.36,0.28,0.02,0.0,0.36,0.14,0.04,0.1,0.1,0.37,0.1
3022,0.0,0.06,0.06,0.0,0.0,0.06,0.0,0.0,0.05,0.05,0.06,0.06,0.05,0.05,0.05,0.05,0.06,0.05,0.05,0.05,0.06,0.05,0.05,0.06,0.06,0.06,0.0,0.0,0.06,0.06,0.06,0.0,0.0,0.0,0.0,0.06,0.06,0.06,0.06,0.06,0.06,0.06,0.06,0.06,0.06,0.06,0.06,0.0,0.0,0.06,0.02,0.02,0.06,0.06,0.05,0.01,0.0,0.07,0.02,0.01,0.02,0.02,0.04,0.02
3023,0.0,0.0,0.0,0.0,0.0,0.0,0.0,0.0,0.0,0.0,0.0,0.0,0.0,0.0,0.0,0.0,0.0,0.0,0.0,0.0,0.0,0.0,0.0,0.0,0.0,0.0,0.0,0.0,0.0,0.0,0.0,0.0,0.0,0.0,0.0,0.0,0.0,0.0,0.0,0.0,0.0,0.0,0.0,0.0,0.0,0.0,0.0,0.0,0.0,0.0,0.0,0.0,0.0,0.0,0.0,0.0,0.0,0.0,0.0,0.0,0.0,0.0,0.0,0.0
3024,0.0,0.0,0.0,0.0,0.0,0.0,0.0,0.0,0.0,0.0,0.0,0.0,0.0,0.0,0.0,0.0,0.0,0.0,0.0,0.0,0.0,0.0,0.0,0.0,0.0,0.0,0.0,0.0,0.0,0.0,0.0,0.0,0.0,0.0,0.0,0.0,0.0,0.0,0.0,0.0,0.0,0.0,0.0,0.0,0.0,0.0,0.0,0.0,0.0,0.0,0.0,0.0,0.0,0.0,0.0,0.0,0.0,0.0,0.0,0.0,0.0,0.0,0.0,0.0
3025,0.0,0.0,0.0,0.0,0.0,0.0,0.0,0.0,0.0,0.0,0.0,0.0,0.0,0.0,0.0,0.0,0.0,0.0,0.0,0.0,0.0,0.0,0.0,0.0,0.0,0.0,0.0,0.0,0.0,0.0,0.0,0.0,0.0,0.0,0.0,0.0,0.0,0.0,0.0,0.0,0.0,0.0,0.0,0.0,0.0,0.0,0.0,0.0,0.0,0.0,0.0,0.0,0.0,0.0,0.0,0.0,0.0,0.0,0.0,0.0,0.0,0.0,0.0,0.0
3026,0.0,0.0,0.0,0.0,0.0,0.0,0.0,0.0,0.0,0.0,0.0,0.0,0.0,0.0,0.0,0.0,0.0,0.0,0.0,0.0,0.0,0.0,0.0,0.0,0.0,0.0,0.0,0.0,0.0,0.0,0.0,0.0,0.0,0.0,0.0,0.0,0.0,0.0,0.0,0.0,0.0,0.0,0.0,0.0,0.0,0.0,0.0,0.0,0.0,0.0,0.0,0.0,0.0,0.0,0.0,0.0,0.0,0.0,0.0,0.0,0.0,0.0,0.0,0.0
3027,0.0,0.0,0.0,0.0,0.0,0.0,0.0,0.0,0.0,0.0,0.0,0.0,0.0,0.0,0.0,0.0,0.0,0.0,0.0,0.0,0.0,0.0,0.0,0.0,0.0,0.0,0.0,0.0,0.0,0.0,0.0,0.0,0.0,0.0,0.0,0.0,0.0,0.0,0.0,0.0,0.0,0.0,0.0,0.0,0.0,0.0,0.0,0.0,0.0,0.0,0.0,0.0,0.0,0.0,0.0,0.0,0.0,0.0,0.0,0.0,0.0,0.0,0.0,0.0
3028,0.0,0.0,0.0,0.0,0.0,0.0,0.0,0.0,0.0,0.0,0.0,0.0,0.0,0.0,0.0,0.0,0.0,0.0,0.0,0.0,0.0,0.0,0.0,0.0,0.0,0.0,0.0,0.0,0.0,0.0,0.0,0.0,0.0,0.0,0.0,0.0,0.0,0.0,0.0,0.0,0.0,0.0,0.0,0.0,0.0,0.0,0.0,0.0,0.0,0.0,0.0,0.0,0.0,0.0,0.0,0.0,0.0,0.0,0.0,0.0,0.0,0.0,0.0,0.0
3029,0.0,0.0,0.0,0.0,0.0,0.0,0.0,0.0,0.0,0.0,0.0,0.0,0.0,0.0,0.0,0.0,0.0,0.0,0.0,0.0,0.0,0.0,0.0,0.0,0.0,0.0,0.0,0.0,0.0,0.0,0.0,0.0,0.0,0.0,0.0,0.0,0.0,0.0,0.0,0.0,0.0,0.0,0.0,0.0,0.0,0.0,0.0,0.0,0.0,0.0,0.0,0.0,0.0,0.0,0.0,0.0,0.0,0.0,0.0,0.0,0.0,0.0,0.0,0.0
3030,0.0,0.0,0.0,0.0,0.0,0.0,0.0,0.0,0.0,0.0,0.0,0.0,0.0,0.0,0.0,0.0,0.0,0.0,0.0,0.0,0.0,0.0,0.0,0.0,0.0,0.0,0.0,0.0,0.0,0.0,0.0,0.0,0.0,0.0,0.0,0.0,0.0,0.0,0.0,0.0,0.0,0.0,0.0,0.0,0.0,0.0,0.0,0.0,0.0,0.0,0.0,0.0,0.0,0.0,0.0,0.0,0.0,0.0,0.0,0.0,0.0,0.0,0.0,0.0
3031,0.0,0.0,0.0,0.0,0.0,0.0,0.0,0.0,0.0,0.0,0.0,0.0,0.0,0.0,0.0,0.0,0.0,0.0,0.0,0.0,0.0,0.0,0.0,0.0,0.0,0.0,0.0,0.0,0.0,0.0,0.0,0.0,0.0,0.0,0.0,0.0,0.0,0.0,0.0,0.0,0.0,0.0,0.0,0.0,0.0,0.0,0.0,0.0,0.0,0.0,0.0,0.0,0.0,0.0,0.0,0.0,0.0,0.0,0.0,0.0,0.0,0.0,0.0,0.0
3032,0.0,0.0,0.0,0.0,0.0,0.0,0.0,0.0,0.0,0.0,0.0,0.0,0.0,0.0,0.0,0.0,0.0,0.0,0.0,0.0,0.0,0.0,0.0,0.0,0.0,0.0,0.0,0.0,0.0,0.0,0.0,0.0,0.0,0.0,0.0,0.0,0.0,0.0,0.0,0.0,0.0,0.0,0.0,0.0,0.0,0.0,0.0,0.0,0.0,0.0,0.0,0.0,0.0,0.0,0.0,0.0,0.0,0.0,0.0,0.0,0.0,0.0,0.0,0.0
3033,0.0,0.0,0.0,0.0,0.0,0.0,0.0,0.0,0.04,0.05,0.04,0.01,0.01,0.04,0.04,0.0,0.04,0.0,0.03,0.04,0.05,0.04,0.0,0.02,0.01,0.0,0.0,0.0,0.0,0.0,0.0,0.0,0.0,0.0,0.0,0.0,0.02,0.03,0.01,0.03,0.02,0.01,0.01,0.02,0.02,0.01,0.0,0.0,0.0,0.0,0.0,0.0,0.0,0.0,0.0,0.01,0.0,0.0,0.0,0.0,0.0,0.0,0.0,0.0
3034,0.0,0.12,0.05,0.0,0.0,0.14,0.0,0.0,0.19,0.22,0.18,0.02,0.12,0.17,0.21,0.21,0.18,0.07,0.24,0.2,0.05,0.2,0.05,0.17,0.18,0.12,0.0,0.0,0.12,0.12,0.12,0.0,0.0,0.0,0.0,0.14,0.16,0.17,0.14,0.17,0.16,0.15,0.15,0.17,0.17,0.14,0.15,0.0,0.0,0.15,0.07,0.11,0.02,0.04,0.02,0.12,0.0,0.04,0.07,0.02,0.05,0.04,0.12,0.07
3035,0.0,0.56,0.57,0.0,0.0,0.58,0.0,0.0,0.63,0.55,0.63,0.17,0.63,0.14,0.58,0.64,0.64,0.69,0.69,0.53,0.18,0.18,0.17,0.61,0.61,0.58,0.0,0.0,0.58,0.56,0.57,0.0,0.0,0.0,0.0,0.6,0.62,0.64,0.62,0.65,0.64,0.61,0.62,0.61,0.61,0.62,0.58,0.0,0.0,0.59,0.18,0.59,0.06,0.09,0.14,0.56,0.0,0.13,0.34,0.08,0.25,0.1,0.59,0.32
3036,0.0,0.76,0.77,0.0,0.0,0.75,0.0,0.0,0.76,0.74,0.76,0.78,0.24,0.1,0.74,0.74,0.24,0.38,0.79,0.75,0.79,0.09,0.15,0.75,0.75,0.78,0.0,0.0,0.77,0.76,0.77,0.0,0.0,0.0,0.0,0.78,0.76,0.79,0.79,0.79,0.79,0.79,0.79,0.75,0.74,0.8,0.75,0.0,0.0,0.74,0.44,0.78,0.13,0.25,0.1,0.49,0.0,0.24,0.78,0.76,0.63,0.22,0.79,0.6
3037,0.0,0.81,0.82,0.0,0.0,0.78,0.0,0.0,0.79,0.86,0.41,0.81,0.3,0.11,0.76,0.77,0.5,0.82,0.82,0.17,0.82,0.08,0.05,0.79,0.81,0.81,0.0,0.0,0.81,0.81,0.8,0.0,0.0,0.0,0.0,0.82,0.79,0.82,0.83,0.83,0.83,0.83,0.82,0.78,0.78,0.83,0.78,0.0,0.0,0.78,0.83,0.83,0.18,0.82,0.1,0.51,0.0,0.81,0.82,0.37,0.78,0.83,0.82,0.82
3038,0.0,0.81,0.83,0.0,0.0,0.79,0.0,0.0,0.78,0.86,0.41,0.72,0.29,0.08,0.79,0.79,0.81,0.82,0.82,0.28,0.84,0.07,0.08,0.79,0.81,0.82,0.0,0.0,0.82,0.81,0.81,0.0,0.0,0.0,0.0,0.82,0.79,0.83,0.84,0.49,0.83,0.84,0.83,0.78,0.79,0.84,0.79,0.0,0.0,0.79,0.84,0.83,0.27,0.82,0.15,0.31,0.0,0.31,0.83,0.31,0.83,0.84,0.83,0.83
3039,0.0,0.8,0.82,0.0,0.0,0.78,0.0,0.0,0.41,0.85,0.44,0.82,0.34,0.12,0.8,0.79,0.81,0.8,0.83,0.32,0.84,0.1,0.8,0.78,0.8,0.82,0.0,0.0,0.81,0.8,0.8,0.0,0.0,0.0,0.0,0.81,0.78,0.82,0.83,0.82,0.82,0.82,0.82,0.78,0.79,0.83,0.78,0.0,0.0,0.78,0.82,0.82,0.44,0.82,0.48,0.76,0.0,0.38,0.82,0.21,0.82,0.82,0.82,0.82
3040,0.0,0.8,0.82,0.0,0.0,0.78,0.0,0.0,0.8,0.85,0.33,0.82,0.8,0.43,0.8,0.81,0.8,0.84,0.85,0.37,0.84,0.14,0.78,0.79,0.81,0.82,0.0,0.0,0.81,0.8,0.81,0.0,0.0,0.0,0.0,0.81,0.78,0.81,0.82,0.82,0.82,0.82,0.81,0.78,0.79,0.83,0.78,0.0,0.0,0.78,0.82,0.82,0.82,0.82,0.82,0.74,0.0,0.8,0.82,0.79,0.82,0.82,0.82,0.82
3041,0.0,0.79,0.81,0.0,0.0,0.77,0.0,0.0,0.78,0.85,0.41,0.82,0.77,0.79,0.19,0.22,0.8,0.84,0.84,0.27,0.84,0.79,0.74,0.78,0.81,0.8,0.0,0.0,0.81,0.79,0.8,0.0,0.0,0.0,0.0,0.8,0.77,0.8,0.81,0.8,0.8,0.81,0.8,0.77,0.79,0.81,0.77,0.0,0.0,0.77,0.81,0.81,0.78,0.78,0.82,0.75,0.0,0.77,0.8,0.79,0.81,0.8,0.82,0.8
3042,0.0,0.77,0.78,0.0,0.0,0.75,0.0,0.0,0.76,0.83,0.76,0.8,0.67,0.76,0.47,0.12,0.78,0.82,0.82,0.76,0.82,0.76,0.78,0.76,0.78,0.44,0.0,0.0,0.79,0.78,0.78,0.0,0.0,0.0,0.0,0.78,0.76,0.78,0.79,0.79,0.77,0.78,0.78,0.76,0.77,0.79,0.75,0.0,0.0,0.75,0.72,0.79,0.8,0.76,0.81,0.79,0.0,0.79,0.71,0.79,0.75,0.69,0.8,0.75
3043,0.0,0.74,0.76,0.0,0.0,0.71,0.0,0.0,0.46,0.79,0.73,0.77,0.72,0.73,0.72,0.72,0.75,0.78,0.78,0.72,0.79,0.72,0.75,0.73,0.76,0.76,0.0,0.0,0.71,0.75,0.75,0.0,0.0,0.0,0.0,0.75,0.73,0.76,0.75,0.76,0.75,0.75,0.71,0.71,0.73,0.75,0.72,0.0,0.0,0.72,0.78,0.68,0.78,0.76,0.78,0.76,0.0,0.76,0.77,0.76,0.77,0.78,0.65,0.77
3044,0.0,0.63,0.66,0.0,0.0,0.63,0.0,0.0,0.66,0.69,0.65,0.69,0.64,0.12,0.64,0.63,0.68,0.69,0.69,0.64,0.7,0.12,0.66,0.65,0.68,0.43,0.0,0.0,0.47,0.59,0.48,0.0,0.0,0.0,0.0,0.54,0.66,0.68,0.68,0.68,0.68,0.63,0.68,0.65,0.66,0.69,0.65,0.0,0.0,0.65,0.7,0.69,0.7,0.69,0.7,0.7,0.0,0.69,0.7,0.69,0.7,0.7,0.7,0.7
3045,0.0,0.3,0.33,0.0,0.0,0.35,0.0,0.0,0.33,0.33,0.33,0.34,0.26,0.09,0.3,0.3,0.35,0.31,0.31,0.31,0.34,0.3,0.27,0.34,0.34,0.37,0.0,0.0,0.4,0.27,0.35,0.0,0.0,0.0,0.0,0.38,0.36,0.36,0.39,0.36,0.37,0.38,0.38,0.35,0.08,0.39,0.35,0.0,0.0,0.35,0.42,0.42,0.4,0.42,0.39,0.42,0.0,0.41,0.41,0.4,0.42,0.42,0.41,0.41
3046,0.0,0.05,0.03,0.0,0.0,0.06,0.0,0.0,0.04,0.04,0.04,0.04,0.03,0.04,0.04,0.02,0.04,0.04,0.04,0.04,0.05,0.04,0.03,0.04,0.04,0.05,0.0,0.0,0.05,0.05,0.05,0.0,0.0,0.0,0.0,0.04,0.04,0.04,0.04,0.04,0.04,0.04,0.04,0.04,0.04,0.04,0.06,0.0,0.0,0.06,0.05,0.05,0.05,0.05,0.05,0.06,0.0,0.05,0.05,0.05,0.05,0.05,0.05,0.05
3047,0.0,0.0,0.0,0.0,0.0,0.0,0.0,0.0,0.0,0.0,0.0,0.0,0.0,0.0,0.0,0.0,0.0,0.0,0.0,0.0,0.0,0.0,0.0,0.0,0.0,0.0,0.0,0.0,0.0,0.0,0.0,0.0,0.0,0.0,0.0,0.0,0.0,0.0,0.0,0.0,0.0,0.0,0.0,0.0,0.0,0.0,0.0,0.0,0.0,0.0,0.0,0.0,0.0,0.0,0.0,0.0,0.0,0.0,0.0,0.0,0.0,0.0,0.0,0.0
3048,0.0,0.0,0.0,0.0,0.0,0.0,0.0,0.0,0.0,0.0,0.0,0.0,0.0,0.0,0.0,0.0,0.0,0.0,0.0,0.0,0.0,0.0,0.0,0.0,0.0,0.0,0.0,0.0,0.0,0.0,0.0,0.0,0.0,0.0,0.0,0.0,0.0,0.0,0.0,0.0,0.0,0.0,0.0,0.0,0.0,0.0,0.0,0.0,0.0,0.0,0.0,0.0,0.0,0.0,0.0,0.0,0.0,0.0,0.0,0.0,0.0,0.0,0.0,0.0
3049,0.0,0.0,0.0,0.0,0.0,0.0,0.0,0.0,0.0,0.0,0.0,0.0,0.0,0.0,0.0,0.0,0.0,0.0,0.0,0.0,0.0,0.0,0.0,0.0,0.0,0.0,0.0,0.0,0.0,0.0,0.0,0.0,0.0,0.0,0.0,0.0,0.0,0.0,0.0,0.0,0.0,0.0,0.0,0.0,0.0,0.0,0.0,0.0,0.0,0.0,0.0,0.0,0.0,0.0,0.0,0.0,0.0,0.0,0.0,0.0,0.0,0.0,0.0,0.0
3050,0.0,0.0,0.0,0.0,0.0,0.0,0.0,0.0,0.0,0.0,0.0,0.0,0.0,0.0,0.0,0.0,0.0,0.0,0.0,0.0,0.0,0.0,0.0,0.0,0.0,0.0,0.0,0.0,0.0,0.0,0.0,0.0,0.0,0.0,0.0,0.0,0.0,0.0,0.0,0.0,0.0,0.0,0.0,0.0,0.0,0.0,0.0,0.0,0.0,0.0,0.0,0.0,0.0,0.0,0.0,0.0,0.0,0.0,0.0,0.0,0.0,0.0,0.0,0.0
3051,0.0,0.0,0.0,0.0,0.0,0.0,0.0,0.0,0.0,0.0,0.0,0.0,0.0,0.0,0.0,0.0,0.0,0.0,0.0,0.0,0.0,0.0,0.0,0.0,0.0,0.0,0.0,0.0,0.0,0.0,0.0,0.0,0.0,0.0,0.0,0.0,0.0,0.0,0.0,0.0,0.0,0.0,0.0,0.0,0.0,0.0,0.0,0.0,0.0,0.0,0.0,0.0,0.0,0.0,0.0,0.0,0.0,0.0,0.0,0.0,0.0,0.0,0.0,0.0
3052,0.0,0.0,0.0,0.0,0.0,0.0,0.0,0.0,0.0,0.0,0.0,0.0,0.0,0.0,0.0,0.0,0.0,0.0,0.0,0.0,0.0,0.0,0.0,0.0,0.0,0.0,0.0,0.0,0.0,0.0,0.0,0.0,0.0,0.0,0.0,0.0,0.0,0.0,0.0,0.0,0.0,0.0,0.0,0.0,0.0,0.0,0.0,0.0,0.0,0.0,0.0,0.0,0.0,0.0,0.0,0.0,0.0,0.0,0.0,0.0,0.0,0.0,0.0,0.0
3053,0.0,0.0,0.0,0.0,0.0,0.0,0.0,0.0,0.0,0.0,0.0,0.0,0.0,0.0,0.0,0.0,0.0,0.0,0.0,0.0,0.0,0.0,0.0,0.0,0.0,0.0,0.0,0.0,0.0,0.0,0.0,0.0,0.0,0.0,0.0,0.0,0.0,0.0,0.0,0.0,0.0,0.0,0.0,0.0,0.0,0.0,0.0,0.0,0.0,0.0,0.0,0.0,0.0,0.0,0.0,0.0,0.0,0.0,0.0,0.0,0.0,0.0,0.0,0.0
3054,0.0,0.0,0.0,0.0,0.0,0.0,0.0,0.0,0.0,0.0,0.0,0.0,0.0,0.0,0.0,0.0,0.0,0.0,0.0,0.0,0.0,0.0,0.0,0.0,0.0,0.0,0.0,0.0,0.0,0.0,0.0,0.0,0.0,0.0,0.0,0.0,0.0,0.0,0.0,0.0,0.0,0.0,0.0,0.0,0.0,0.0,0.0,0.0,0.0,0.0,0.0,0.0,0.0,0.0,0.0,0.0,0.0,0.0,0.0,0.0,0.0,0.0,0.0,0.0
3055,0.0,0.0,0.0,0.0,0.0,0.0,0.0,0.0,0.0,0.0,0.0,0.0,0.0,0.0,0.0,0.0,0.0,0.0,0.0,0.0,0.0,0.0,0.0,0.0,0.0,0.0,0.0,0.0,0.0,0.0,0.0,0.0,0.0,0.0,0.0,0.0,0.0,0.0,0.0,0.0,0.0,0.0,0.0,0.0,0.0,0.0,0.0,0.0,0.0,0.0,0.0,0.0,0.0,0.0,0.0,0.0,0.0,0.0,0.0,0.0,0.0,0.0,0.0,0.0
3056,0.0,0.0,0.0,0.0,0.0,0.0,0.0,0.0,0.0,0.0,0.0,0.0,0.0,0.0,0.0,0.0,0.0,0.0,0.0,0.0,0.0,0.0,0.0,0.0,0.0,0.0,0.0,0.0,0.0,0.0,0.0,0.0,0.0,0.0,0.0,0.0,0.0,0.0,0.0,0.0,0.0,0.0,0.0,0.0,0.0,0.0,0.0,0.0,0.0,0.0,0.0,0.0,0.0,0.0,0.0,0.0,0.0,0.0,0.0,0.0,0.0,0.0,0.0,0.0
3057,0.0,0.0,0.0,0.0,0.0,0.0,0.0,0.0,0.05,0.04,0.04,0.04,0.05,0.05,0.05,0.05,0.04,0.05,0.05,0.05,0.04,0.05,0.05,0.03,0.0,0.0,0.0,0.0,0.0,0.0,0.0,0.0,0.0,0.0,0.0,0.01,0.03,0.04,0.01,0.04,0.03,0.01,0.02,0.03,0.03,0.01,0.0,0.0,0.0,0.0,0.01,0.01,0.03,0.01,0.04,0.02,0.0,0.02,0.02,0.03,0.01,0.02,0.01,0.01
3058,0.0,0.12,0.11,0.0,0.0,0.07,0.0,0.0,0.19,0.21,0.18,0.19,0.26,0.22,0.22,0.21,0.18,0.24,0.23,0.2,0.21,0.22,0.26,0.17,0.05,0.12,0.0,0.0,0.12,0.12,0.12,0.0,0.0,0.0,0.0,0.14,0.16,0.17,0.14,0.17,0.16,0.14,0.15,0.17,0.17,0.14,0.12,0.0,0.0,0.14,0.12,0.11,0.14,0.12,0.15,0.12,0.0,0.12,0.12,0.13,0.12,0.12,0.12,0.12
3059,0.0,0.54,0.53,0.0,0.0,0.57,0.0,0.0,0.62,0.67,0.61,0.64,0.66,0.65,0.65,0.64,0.62,0.68,0.68,0.63,0.66,0.65,0.67,0.6,0.25,0.54,0.0,0.0,0.55,0.54,0.54,0.0,0.0,0.0,0.0,0.56,0.59,0.6,0.56,0.62,0.59,0.56,0.57,0.58,0.6,0.57,0.57,0.0,0.0,0.57,0.55,0.54,0.58,0.56,0.6,0.55,0.0,0.56,0.55,0.57,0.54,0.55,0.55,0.55
3060,0.0,0.71,0.71,0.0,0.0,0.72,0.0,0.0,0.73,0.77,0.72,0.76,0.75,0.74,0.74,0.73,0.74,0.76,0.76,0.73,0.77,0.75,0.76,0.72,0.71,0.71,0.0,0.0,0.7,0.7,0.7,0.0,0.0,0.0,0.0,0.69,0.72,0.72,0.7,0.74,0.74,0.7,0.7,0.7,0.73,0.71,0.72,0.0,0.0,0.72,0.72,0.7,0.74,0.73,0.75,0.72,0.0,0.73,0.7,0.74,0.72,0.72,0.69,0.71
3061,0.0,0.74,0.73,0.0,0.0,0.75,0.0,0.0,0.77,0.81,0.76,0.8,0.78,0.78,0.77,0.77,0.78,0.8,0.81,0.77,0.81,0.78,0.79,0.77,0.73,0.75,0.0,0.0,0.74,0.74,0.74,0.0,0.0,0.0,0.0,0.75,0.77,0.76,0.77,0.78,0.8,0.77,0.76,0.75,0.78,0.78,0.74,0.0,0.0,0.75,0.79,0.77,0.79,0.78,0.8,0.76,0.0,0.78,0.77,0.79,0.79,0.79,0.75,0.78
3062,0.0,0.75,0.75,0.0,0.0,0.73,0.0,0.0,0.78,0.82,0.78,0.81,0.8,0.79,0.78,0.78,0.8,0.81,0.82,0.78,0.82,0.8,0.8,0.78,0.73,0.77,0.0,0.0,0.76,0.75,0.76,0.0,0.0,0.0,0.0,0.77,0.79,0.77,0.79,0.8,0.81,0.79,0.78,0.77,0.79,0.8,0.73,0.0,0.0,0.74,0.82,0.8,0.8,0.8,0.82,0.78,0.0,0.8,0.8,0.81,0.81,0.81,0.78,0.81
3063,0.0,0.76,0.77,0.0,0.0,0.74,0.0,0.0,0.78,0.82,0.77,0.82,0.8,0.79,0.79,0.79,0.81,0.81,0.82,0.79,0.83,0.79,0.8,0.79,0.75,0.78,0.0,0.0,0.77,0.76,0.76,0.0,0.0,0.0,0.0,0.78,0.79,0.79,0.79,0.81,0.82,0.79,0.79,0.78,0.79,0.8,0.72,0.0,0.0,0.74,0.81,0.81,0.81,0.8,0.82,0.79,0.0,0.8,0.81,0.81,0.81,0.81,0.79,0.81
3064,0.0,0.76,0.77,0.0,0.0,0.76,0.0,0.0,0.78,0.81,0.76,0.82,0.8,0.79,0.79,0.78,0.8,0.81,0.82,0.79,0.83,0.79,0.8,0.78,0.75,0.79,0.0,0.0,0.78,0.77,0.77,0.0,0.0,0.0,0.0,0.77,0.8,0.82,0.78,0.82,0.82,0.79,0.79,0.78,0.79,0.79,0.72,0.0,0.0,0.74,0.8,0.8,0.81,0.79,0.82,0.8,0.0,0.8,0.8,0.81,0.81,0.81,0.8,0.8
3065,0.0,0.77,0.77,0.0,0.0,0.8,0.0,0.0,0.77,0.8,0.77,0.82,0.8,0.8,0.8,0.79,0.81,0.81,0.82,0.79,0.83,0.8,0.8,0.79,0.76,0.79,0.0,0.0,0.79,0.78,0.78,0.0,0.0,0.0,0.0,0.77,0.8,0.82,0.78,0.81,0.82,0.78,0.78,0.78,0.8,0.79,0.76,0.0,0.0,0.77,0.8,0.8,0.81,0.79,0.83,0.81,0.0,0.8,0.8,0.81,0.8,0.81,0.8,0.8
3066,0.0,0.77,0.77,0.0,0.0,0.79,0.0,0.0,0.77,0.81,0.78,0.81,0.79,0.78,0.78,0.78,0.8,0.8,0.8,0.78,0.81,0.78,0.77,0.79,0.75,0.79,0.0,0.0,0.78,0.77,0.78,0.0,0.0,0.0,0.0,0.76,0.78,0.81,0.79,0.81,0.81,0.78,0.78,0.78,0.79,0.79,0.77,0.0,0.0,0.78,0.8,0.79,0.8,0.78,0.82,0.8,0.0,0.79,0.79,0.81,0.78,0.8,0.79,0.79
3067,0.0,0.76,0.76,0.0,0.0,0.76,0.0,0.0,0.75,0.78,0.75,0.78,0.72,0.76,0.75,0.77,0.78,0.75,0.76,0.75,0.77,0.76,0.7,0.76,0.75,0.77,0.0,0.0,0.77,0.76,0.76,0.0,0.0,0.0,0.0,0.75,0.76,0.79,0.77,0.78,0.79,0.77,0.77,0.75,0.77,0.78,0.77,0.0,0.0,0.77,0.78,0.77,0.79,0.76,0.8,0.78,0.0,0.77,0.78,0.79,0.77,0.78,0.78,0.77
3068,0.0,0.69,0.69,0.0,0.0,0.69,0.0,0.0,0.67,0.6,0.68,0.7,0.56,0.65,0.66,0.68,0.71,0.65,0.64,0.66,0.65,0.65,0.64,0.69,0.69,0.72,0.0,0.0,0.71,0.71,0.71,0.0,0.0,0.0,0.0,0.69,0.71,0.72,0.71,0.72,0.73,0.71,0.7,0.68,0.7,0.71,0.69,0.0,0.0,0.69,0.71,0.7,0.72,0.7,0.74,0.72,0.0,0.7,0.71,0.73,0.7,0.71,0.71,0.7
3069,0.0,0.39,0.39,0.0,0.0,0.36,0.0,0.0,0.31,0.23,0.32,0.32,0.19,0.26,0.26,0.29,0.34,0.27,0.27,0.29,0.3,0.26,0.22,0.33,0.32,0.4,0.0,0.0,0.39,0.39,0.39,0.0,0.0,0.0,0.0,0.37,0.35,0.35,0.37,0.35,0.36,0.37,0.36,0.34,0.34,0.37,0.36,0.0,0.0,0.35,0.4,0.4,0.38,0.39,0.38,0.4,0.0,0.39,0.39,0.39,0.39,0.4,0.39,0.39
3070,0.0,0.04,0.04,0.0,0.0,0.05,0.0,0.0,0.04,0.05,0.04,0.05,0.05,0.05,0.05,0.05,0.04,0.05,0.05,0.05,0.06,0.05,0.05,0.04,0.05,0.04,0.0,0.0,0.04,0.04,0.04,0.0,0.0,0.0,0.0,0.04,0.04,0.04,0.04,0.04,0.04,0.04,0.04,0.04,0.04,0.04,0.05,0.0,0.0,0.05,0.04,0.04,0.04,0.04,0.04,0.04,0.0,0.04,0.04,0.04,0.04,0.04,0.04,0.04
3071,0.0,0.0,0.0,0.0,0.0,0.0,0.0,0.0,0.0,0.0,0.0,0.0,0.0,0.0,0.0,0.0,0.0,0.0,0.0,0.0,0.0,0.0,0.0,0.0,0.0,0.0,0.0,0.0,0.0,0.0,0.0,0.0,0.0,0.0,0.0,0.0,0.0,0.0,0.0,0.0,0.0,0.0,0.0,0.0,0.0,0.0,0.0,0.0,0.0,0.0,0.0,0.0,0.0,0.0,0.0,0.0,0.0,0.0,0.0,0.0,0.0,0.0,0.0,0.0
3072,0.0,0.0,0.0,0.0,0.0,0.0,0.0,0.0,0.0,0.0,0.0,0.0,0.0,0.0,0.0,0.0,0.0,0.0,0.0,0.0,0.0,0.0,0.0,0.0,0.0,0.0,0.0,0.0,0.0,0.0,0.0,0.0,0.0,0.0,0.0,0.0,0.0,0.0,0.0,0.0,0.0,0.0,0.0,0.0,0.0,0.0,0.0,0.0,0.0,0.0,0.0,0.0,0.0,0.0,0.0,0.0,0.0,0.0,0.0,0.0,0.0,0.0,0.0,0.0
3073,0.0,0.0,0.0,0.0,0.0,0.0,0.0,0.0,0.0,0.0,0.0,0.0,0.0,0.0,0.0,0.0,0.0,0.0,0.0,0.0,0.0,0.0,0.0,0.0,0.0,0.0,0.0,0.0,0.0,0.0,0.0,0.0,0.0,0.0,0.0,0.0,0.0,0.0,0.0,0.0,0.0,0.0,0.0,0.0,0.0,0.0,0.0,0.0,0.0,0.0,0.0,0.0,0.0,0.0,0.0,0.0,0.0,0.0,0.0,0.0,0.0,0.0,0.0,0.0
3074,0.0,0.0,0.0,0.0,0.0,0.0,0.0,0.0,0.0,0.0,0.0,0.0,0.0,0.0,0.0,0.0,0.0,0.0,0.0,0.0,0.0,0.0,0.0,0.0,0.0,0.0,0.0,0.0,0.0,0.0,0.0,0.0,0.0,0.0,0.0,0.0,0.0,0.0,0.0,0.0,0.0,0.0,0.0,0.0,0.0,0.0,0.0,0.0,0.0,0.0,0.0,0.0,0.0,0.0,0.0,0.0,0.0,0.0,0.0,0.0,0.0,0.0,0.0,0.0
3075,0.0,0.0,0.0,0.0,0.0,0.0,0.0,0.0,0.0,0.0,0.0,0.0,0.0,0.0,0.0,0.0,0.0,0.0,0.0,0.0,0.0,0.0,0.0,0.0,0.0,0.0,0.0,0.0,0.0,0.0,0.0,0.0,0.0,0.0,0.0,0.0,0.0,0.0,0.0,0.0,0.0,0.0,0.0,0.0,0.0,0.0,0.0,0.0,0.0,0.0,0.0,0.0,0.0,0.0,0.0,0.0,0.0,0.0,0.0,0.0,0.0,0.0,0.0,0.0
3076,0.0,0.0,0.0,0.0,0.0,0.0,0.0,0.0,0.0,0.0,0.0,0.0,0.0,0.0,0.0,0.0,0.0,0.0,0.0,0.0,0.0,0.0,0.0,0.0,0.0,0.0,0.0,0.0,0.0,0.0,0.0,0.0,0.0,0.0,0.0,0.0,0.0,0.0,0.0,0.0,0.0,0.0,0.0,0.0,0.0,0.0,0.0,0.0,0.0,0.0,0.0,0.0,0.0,0.0,0.0,0.0,0.0,0.0,0.0,0.0,0.0,0.0,0.0,0.0
3077,0.0,0.0,0.0,0.0,0.0,0.0,0.0,0.0,0.0,0.0,0.0,0.0,0.0,0.0,0.0,0.0,0.0,0.0,0.0,0.0,0.0,0.0,0.0,0.0,0.0,0.0,0.0,0.0,0.0,0.0,0.0,0.0,0.0,0.0,0.0,0.0,0.0,0.0,0.0,0.0,0.0,0.0,0.0,0.0,0.0,0.0,0.0,0.0,0.0,0.0,0.0,0.0,0.0,0.0,0.0,0.0,0.0,0.0,0.0,0.0,0.0,0.0,0.0,0.0
3078,0.0,0.0,0.0,0.0,0.0,0.0,0.0,0.0,0.0,0.0,0.0,0.0,0.0,0.0,0.0,0.0,0.0,0.0,0.0,0.0,0.0,0.0,0.0,0.0,0.0,0.0,0.0,0.0,0.0,0.0,0.0,0.0,0.0,0.0,0.0,0.0,0.0,0.0,0.0,0.0,0.0,0.0,0.0,0.0,0.0,0.0,0.0,0.0,0.0,0.0,0.0,0.0,0.0,0.0,0.0,0.0,0.0,0.0,0.0,0.0,0.0,0.0,0.0,0.0
3079,0.0,0.0,0.0,0.0,0.0,0.0,0.0,0.0,0.0,0.0,0.0,0.0,0.0,0.0,0.0,0.0,0.0,0.0,0.0,0.0,0.0,0.0,0.0,0.0,0.0,0.0,0.0,0.0,0.0,0.0,0.0,0.0,0.0,0.0,0.0,0.0,0.0,0.0,0.0,0.0,0.0,0.0,0.0,0.0,0.0,0.0,0.0,0.0,0.0,0.0,0.0,0.0,0.0,0.0,0.0,0.0,0.0,0.0,0.0,0.0,0.0,0.0,0.0,0.0
3080,0.0,0.0,0.0,0.0,0.0,0.0,0.0,0.0,0.0,0.0,0.0,0.0,0.0,0.0,0.0,0.0,0.0,0.0,0.0,0.0,0.0,0.0,0.0,0.0,0.0,0.0,0.0,0.0,0.0,0.0,0.0,0.0,0.0,0.0,0.0,0.0,0.0,0.0,0.0,0.0,0.0,0.0,0.0,0.0,0.0,0.0,0.0,0.0,0.0,0.0,0.0,0.0,0.0,0.0,0.0,0.0,0.0,0.0,0.0,0.0,0.0,0.0,0.0,0.0
3081,0.0,0.01,0.01,0.0,0.0,0.02,0.0,0.0,0.04,0.05,0.04,0.04,0.05,0.05,0.05,0.04,0.04,0.05,0.05,0.04,0.05,0.05,0.05,0.04,0.04,0.02,0.0,0.0,0.02,0.02,0.02,0.0,0.0,0.0,0.0,0.03,0.04,0.04,0.03,0.04,0.04,0.03,0.03,0.04,0.04,0.03,0.03,0.0,0.0,0.03,0.03,0.03,0.04,0.03,0.04,0.03,0.0,0.03,0.03,0.04,0.03,0.03,0.03,0.03
3082,0.0,0.11,0.11,0.0,0.0,0.15,0.0,0.0,0.18,0.22,0.18,0.19,0.25,0.22,0.22,0.21,0.17,0.23,0.23,0.2,0.21,0.22,0.25,0.17,0.18,0.11,0.0,0.0,0.12,0.11,0.12,0.0,0.0,0.0,0.0,0.13,0.16,0.16,0.14,0.16,0.15,0.14,0.14,0.16,0.17,0.14,0.15,0.0,0.0,0.15,0.12,0.11,0.14,0.11,0.14,0.12,0.0,0.12,0.12,0.13,0.12,0.12,0.12,0.12
3083,0.0,0.52,0.52,0.0,0.0,0.55,0.0,0.0,0.6,0.65,0.59,0.62,0.63,0.62,0.62,0.62,0.61,0.63,0.62,0.61,0.62,0.62,0.63,0.59,0.6,0.55,0.0,0.0,0.53,0.53,0.54,0.0,0.0,0.0,0.0,0.55,0.57,0.6,0.56,0.6,0.58,0.56,0.57,0.58,0.59,0.56,0.56,0.0,0.0,0.56,0.54,0.54,0.56,0.54,0.57,0.52,0.0,0.54,0.54,0.55,0.54,0.54,0.54,0.54
3084,0.0,0.7,0.7,0.0,0.0,0.69,0.0,0.0,0.7,0.75,0.71,0.73,0.72,0.7,0.71,0.7,0.73,0.74,0.74,0.7,0.72,0.7,0.72,0.7,0.72,0.72,0.0,0.0,0.69,0.7,0.71,0.0,0.0,0.0,0.0,0.7,0.7,0.73,0.71,0.73,0.73,0.71,0.71,0.71,0.71,0.72,0.69,0.0,0.0,0.69,0.72,0.71,0.72,0.71,0.73,0.68,0.0,0.71,0.71,0.72,0.71,0.72,0.71,0.71
3085,0.0,0.75,0.75,0.0,0.0,0.71,0.0,0.0,0.73,0.78,0.74,0.75,0.75,0.72,0.73,0.73,0.76,0.78,0.78,0.72,0.76,0.73,0.76,0.73,0.74,0.76,0.0,0.0,0.73,0.75,0.74,0.0,0.0,0.0,0.0,0.74,0.74,0.77,0.75,0.77,0.76,0.74,0.74,0.74,0.74,0.75,0.72,0.0,0.0,0.71,0.75,0.74,0.76,0.74,0.76,0.72,0.0,0.74,0.75,0.76,0.75,0.75,0.75,0.75
3086,0.0,0.77,0.77,0.0,0.0,0.73,0.0,0.0,0.74,0.8,0.76,0.76,0.76,0.73,0.74,0.74,0.76,0.79,0.8,0.74,0.78,0.74,0.78,0.74,0.75,0.76,0.0,0.0,0.74,0.76,0.75,0.0,0.0,0.0,0.0,0.76,0.75,0.77,0.76,0.78,0.78,0.76,0.76,0.75,0.75,0.77,0.74,0.0,0.0,0.73,0.76,0.76,0.77,0.75,0.77,0.74,0.0,0.76,0.76,0.77,0.76,0.76,0.76,0.76
3087,0.0,0.76,0.78,0.0,0.0,0.74,0.0,0.0,0.74,0.81,0.76,0.77,0.78,0.74,0.74,0.74,0.76,0.81,0.81,0.74,0.79,0.76,0.79,0.75,0.76,0.76,0.0,0.0,0.76,0.76,0.75,0.0,0.0,0.0,0.0,0.76,0.76,0.77,0.78,0.78,0.78,0.77,0.77,0.75,0.76,0.78,0.74,0.0,0.0,0.74,0.78,0.77,0.78,0.76,0.77,0.76,0.0,0.77,0.77,0.78,0.77,0.78,0.77,0.77
3088,0.0,0.76,0.78,0.0,0.0,0.74,0.0,0.0,0.73,0.83,0.75,0.77,0.78,0.75,0.74,0.73,0.76,0.8,0.81,0.73,0.79,0.76,0.79,0.75,0.77,0.76,0.0,0.0,0.75,0.76,0.75,0.0,0.0,0.0,0.0,0.76,0.76,0.77,0.77,0.78,0.78,0.77,0.77,0.75,0.76,0.77,0.74,0.0,0.0,0.73,0.78,0.77,0.78,0.76,0.77,0.76,0.0,0.77,0.77,0.77,0.77,0.78,0.77,0.77
3089,0.0,0.75,0.77,0.0,0.0,0.73,0.0,0.0,0.73,0.83,0.74,0.76,0.77,0.74,0.73,0.71,0.76,0.8,0.8,0.71,0.78,0.75,0.79,0.74,0.76,0.75,0.0,0.0,0.74,0.74,0.74,0.0,0.0,0.0,0.0,0.75,0.76,0.77,0.76,0.77,0.77,0.76,0.76,0.74,0.74,0.76,0.73,0.0,0.0,0.71,0.78,0.77,0.77,0.76,0.77,0.75,0.0,0.77,0.77,0.76,0.77,0.77,0.76,0.77
3090,0.0,0.73,0.75,0.0,0.0,0.72,0.0,0.0,0.72,0.81,0.72,0.73,0.74,0.74,0.72,0.71,0.75,0.79,0.79,0.64,0.76,0.75,0.78,0.72,0.74,0.74,0.0,0.0,0.72,0.73,0.72,0.0,0.0,0.0,0.0,0.74,0.74,0.74,0.74,0.76,0.76,0.74,0.74,0.73,0.72,0.74,0.71,0.0,0.0,0.7,0.76,0.75,0.75,0.75,0.75,0.72,0.0,0.75,0.75,0.74,0.76,0.76,0.75,0.75
3091,0.0,0.74,0.76,0.0,0.0,0.72,0.0,0.0,0.15,0.82,0.73,0.73,0.75,0.73,0.73,0.71,0.75,0.8,0.79,0.72,0.78,0.73,0.78,0.72,0.75,0.75,0.0,0.0,0.74,0.74,0.73,0.0,0.0,0.0,0.0,0.74,0.74,0.75,0.75,0.76,0.76,0.74,0.75,0.73,0.73,0.75,0.72,0.0,0.0,0.71,0.77,0.76,0.76,0.75,0.76,0.71,0.0,0.76,0.76,0.74,0.76,0.76,0.76,0.76
3092,0.0,0.64,0.66,0.0,0.0,0.62,0.0,0.0,0.62,0.69,0.63,0.6,0.65,0.61,0.62,0.61,0.64,0.67,0.68,0.61,0.67,0.62,0.66,0.62,0.65,0.66,0.0,0.0,0.65,0.64,0.64,0.0,0.0,0.0,0.0,0.64,0.64,0.65,0.66,0.65,0.66,0.65,0.65,0.63,0.63,0.66,0.62,0.0,0.0,0.62,0.66,0.66,0.66,0.66,0.66,0.62,0.0,0.66,0.66,0.64,0.67,0.67,0.66,0.66
3093,0.0,0.35,0.36,0.0,0.0,0.32,0.0,0.0,0.27,0.26,0.28,0.29,0.23,0.26,0.26,0.27,0.29,0.24,0.25,0.27,0.28,0.25,0.23,0.29,0.29,0.36,0.0,0.0,0.35,0.35,0.35,0.0,0.0,0.0,0.0,0.33,0.31,0.31,0.34,0.31,0.32,0.33,0.33,0.3,0.3,0.34,0.31,0.0,0.0,0.31,0.36,0.36,0.34,0.35,0.33,0.34,0.0,0.34,0.35,0.34,0.36,0.36,0.36,0.36
3094,0.0,0.06,0.06,0.0,0.0,0.06,0.0,0.0,0.06,0.05,0.06,0.06,0.04,0.06,0.06,0.06,0.06,0.05,0.05,0.06,0.06,0.06,0.04,0.05,0.05,0.06,0.0,0.0,0.06,0.06,0.06,0.0,0.0,0.0,0.0,0.06,0.06,0.06,0.06,0.06,0.06,0.06,0.06,0.06,0.05,0.06,0.06,0.0,0.0,0.06,0.06,0.06,0.06,0.06,0.06,0.06,0.0,0.06,0.06,0.06,0.06,0.06,0.06,0.06
3095,0.0,0.0,0.0,0.0,0.0,0.0,0.0,0.0,0.0,0.0,0.0,0.0,0.0,0.0,0.0,0.0,0.0,0.0,0.0,0.0,0.0,0.0,0.0,0.0,0.0,0.0,0.0,0.0,0.0,0.0,0.0,0.0,0.0,0.0,0.0,0.0,0.0,0.0,0.0,0.0,0.0,0.0,0.0,0.0,0.0,0.0,0.0,0.0,0.0,0.0,0.0,0.0,0.0,0.0,0.0,0.0,0.0,0.0,0.0,0.0,0.0,0.0,0.0,0.0
3096,0.0,0.0,0.0,0.0,0.0,0.0,0.0,0.0,0.0,0.0,0.0,0.0,0.0,0.0,0.0,0.0,0.0,0.0,0.0,0.0,0.0,0.0,0.0,0.0,0.0,0.0,0.0,0.0,0.0,0.0,0.0,0.0,0.0,0.0,0.0,0.0,0.0,0.0,0.0,0.0,0.0,0.0,0.0,0.0,0.0,0.0,0.0,0.0,0.0,0.0,0.0,0.0,0.0,0.0,0.0,0.0,0.0,0.0,0.0,0.0,0.0,0.0,0.0,0.0
3097,0.0,0.0,0.0,0.0,0.0,0.0,0.0,0.0,0.0,0.0,0.0,0.0,0.0,0.0,0.0,0.0,0.0,0.0,0.0,0.0,0.0,0.0,0.0,0.0,0.0,0.0,0.0,0.0,0.0,0.0,0.0,0.0,0.0,0.0,0.0,0.0,0.0,0.0,0.0,0.0,0.0,0.0,0.0,0.0,0.0,0.0,0.0,0.0,0.0,0.0,0.0,0.0,0.0,0.0,0.0,0.0,0.0,0.0,0.0,0.0,0.0,0.0,0.0,0.0
3098,0.0,0.0,0.0,0.0,0.0,0.0,0.0,0.0,0.0,0.0,0.0,0.0,0.0,0.0,0.0,0.0,0.0,0.0,0.0,0.0,0.0,0.0,0.0,0.0,0.0,0.0,0.0,0.0,0.0,0.0,0.0,0.0,0.0,0.0,0.0,0.0,0.0,0.0,0.0,0.0,0.0,0.0,0.0,0.0,0.0,0.0,0.0,0.0,0.0,0.0,0.0,0.0,0.0,0.0,0.0,0.0,0.0,0.0,0.0,0.0,0.0,0.0,0.0,0.0
3099,0.0,0.0,0.0,0.0,0.0,0.0,0.0,0.0,0.0,0.0,0.0,0.0,0.0,0.0,0.0,0.0,0.0,0.0,0.0,0.0,0.0,0.0,0.0,0.0,0.0,0.0,0.0,0.0,0.0,0.0,0.0,0.0,0.0,0.0,0.0,0.0,0.0,0.0,0.0,0.0,0.0,0.0,0.0,0.0,0.0,0.0,0.0,0.0,0.0,0.0,0.0,0.0,0.0,0.0,0.0,0.0,0.0,0.0,0.0,0.0,0.0,0.0,0.0,0.0
3100,0.0,0.0,0.0,0.0,0.0,0.0,0.0,0.0,0.0,0.0,0.0,0.0,0.0,0.0,0.0,0.0,0.0,0.0,0.0,0.0,0.0,0.0,0.0,0.0,0.0,0.0,0.0,0.0,0.0,0.0,0.0,0.0,0.0,0.0,0.0,0.0,0.0,0.0,0.0,0.0,0.0,0.0,0.0,0.0,0.0,0.0,0.0,0.0,0.0,0.0,0.0,0.0,0.0,0.0,0.0,0.0,0.0,0.0,0.0,0.0,0.0,0.0,0.0,0.0
3101,0.0,0.0,0.0,0.0,0.0,0.0,0.0,0.0,0.0,0.0,0.0,0.0,0.0,0.0,0.0,0.0,0.0,0.0,0.0,0.0,0.0,0.0,0.0,0.0,0.0,0.0,0.0,0.0,0.0,0.0,0.0,0.0,0.0,0.0,0.0,0.0,0.0,0.0,0.0,0.0,0.0,0.0,0.0,0.0,0.0,0.0,0.0,0.0,0.0,0.0,0.0,0.0,0.0,0.0,0.0,0.0,0.0,0.0,0.0,0.0,0.0,0.0,0.0,0.0
3102,0.0,0.0,0.0,0.0,0.0,0.0,0.0,0.0,0.0,0.0,0.0,0.0,0.0,0.0,0.0,0.0,0.0,0.0,0.0,0.0,0.0,0.0,0.0,0.0,0.0,0.0,0.0,0.0,0.0,0.0,0.0,0.0,0.0,0.0,0.0,0.0,0.0,0.0,0.0,0.0,0.0,0.0,0.0,0.0,0.0,0.0,0.0,0.0,0.0,0.0,0.0,0.0,0.0,0.0,0.0,0.0,0.0,0.0,0.0,0.0,0.0,0.0,0.0,0.0
3103,0.0,0.0,0.0,0.0,0.0,0.0,0.0,0.0,0.0,0.0,0.0,0.0,0.0,0.0,0.0,0.0,0.0,0.0,0.0,0.0,0.0,0.0,0.0,0.0,0.0,0.0,0.0,0.0,0.0,0.0,0.0,0.0,0.0,0.0,0.0,0.0,0.0,0.0,0.0,0.0,0.0,0.0,0.0,0.0,0.0,0.0,0.0,0.0,0.0,0.0,0.0,0.0,0.0,0.0,0.0,0.0,0.0,0.0,0.0,0.0,0.0,0.0,0.0,0.0
3104,0.0,0.0,0.0,0.0,0.0,0.0,0.0,0.0,0.0,0.0,0.0,0.0,0.0,0.0,0.0,0.0,0.0,0.0,0.0,0.0,0.0,0.0,0.0,0.0,0.0,0.0,0.0,0.0,0.0,0.0,0.0,0.0,0.0,0.0,0.0,0.0,0.0,0.0,0.0,0.0,0.0,0.0,0.0,0.0,0.0,0.0,0.0,0.0,0.0,0.0,0.0,0.0,0.0,0.0,0.0,0.0,0.0,0.0,0.0,0.0,0.0,0.0,0.0,0.0
3105,0.0,0.02,0.02,0.0,0.0,0.02,0.0,0.0,0.03,0.04,0.03,0.03,0.04,0.03,0.03,0.02,0.03,0.04,0.04,0.02,0.03,0.03,0.04,0.03,0.03,0.02,0.0,0.0,0.03,0.02,0.02,0.0,0.0,0.0,0.0,0.02,0.04,0.04,0.03,0.03,0.04,0.02,0.03,0.03,0.03,0.03,0.02,0.0,0.0,0.02,0.02,0.03,0.0,0.0,0.01,0.0,0.0,0.0,0.03,0.02,0.03,0.01,0.03,0.03
3106,0.0,0.12,0.11,0.0,0.0,0.15,0.0,0.0,0.2,0.23,0.18,0.22,0.29,0.24,0.24,0.24,0.08,0.27,0.27,0.23,0.24,0.25,0.3,0.18,0.19,0.12,0.0,0.0,0.13,0.12,0.12,0.0,0.0,0.0,0.0,0.14,0.16,0.07,0.14,0.1,0.03,0.15,0.15,0.16,0.18,0.14,0.16,0.0,0.0,0.16,0.12,0.12,0.06,0.07,0.01,0.04,0.0,0.02,0.12,0.01,0.12,0.12,0.12,0.12
3107,0.0,0.54,0.54,0.0,0.0,0.58,0.0,0.0,0.14,0.7,0.12,0.65,0.66,0.67,0.67,0.66,0.08,0.61,0.65,0.66,0.68,0.67,0.71,0.1,0.63,0.52,0.0,0.0,0.5,0.53,0.48,0.0,0.0,0.0,0.0,0.56,0.61,0.07,0.49,0.05,0.6,0.53,0.5,0.62,0.09,0.48,0.58,0.0,0.0,0.59,0.54,0.55,0.02,0.09,0.02,0.03,0.0,0.04,0.55,0.03,0.55,0.55,0.49,0.55
3108,0.0,0.71,0.71,0.0,0.0,0.71,0.0,0.0,0.08,0.78,0.46,0.75,0.73,0.73,0.72,0.72,0.04,0.72,0.74,0.73,0.76,0.74,0.78,0.74,0.74,0.71,0.0,0.0,0.68,0.71,0.71,0.0,0.0,0.0,0.0,0.67,0.73,0.05,0.71,0.04,0.18,0.72,0.72,0.74,0.73,0.72,0.72,0.0,0.0,0.74,0.7,0.57,0.08,0.08,0.16,0.21,0.0,0.04,0.7,0.1,0.59,0.3,0.68,0.65
3109,0.0,0.75,0.75,0.0,0.0,0.73,0.0,0.0,0.04,0.8,0.05,0.79,0.75,0.76,0.76,0.77,0.04,0.76,0.8,0.18,0.78,0.77,0.79,0.22,0.78,0.73,0.0,0.0,0.64,0.74,0.71,0.0,0.0,0.0,0.0,0.74,0.23,0.05,0.75,0.07,0.06,0.51,0.19,0.74,0.18,0.27,0.74,0.0,0.0,0.74,0.26,0.58,0.09,0.07,0.1,0.23,0.0,0.1,0.17,0.11,0.74,0.12,0.59,0.29
3110,0.0,0.74,0.75,0.0,0.0,0.77,0.0,0.0,0.1,0.8,0.78,0.31,0.79,0.77,0.78,0.34,0.04,0.82,0.82,0.26,0.77,0.76,0.81,0.07,0.79,0.73,0.0,0.0,0.72,0.74,0.71,0.0,0.0,0.0,0.0,0.72,0.08,0.05,0.77,0.05,0.08,0.55,0.77,0.09,0.08,0.78,0.77,0.0,0.0,0.77,0.07,0.72,0.06,0.05,0.05,0.14,0.0,0.24,0.05,0.05,0.09,0.05,0.75,0.06
3111,0.0,0.74,0.75,0.0,0.0,0.76,0.0,0.0,0.06,0.77,0.08,0.17,0.79,0.65,0.74,0.3,0.06,0.82,0.8,0.22,0.78,0.69,0.78,0.1,0.77,0.76,0.0,0.0,0.76,0.75,0.76,0.0,0.0,0.0,0.0,0.76,0.19,0.08,0.3,0.07,0.11,0.13,0.1,0.11,0.1,0.12,0.76,0.0,0.0,0.76,0.14,0.14,0.07,0.1,0.04,0.6,0.0,0.18,0.14,0.05,0.11,0.12,0.76,0.12
3112,0.0,0.73,0.74,0.0,0.0,0.76,0.0,0.0,0.07,0.75,0.1,0.37,0.77,0.63,0.71,0.24,0.05,0.8,0.77,0.34,0.75,0.65,0.78,0.07,0.78,0.74,0.0,0.0,0.3,0.73,0.74,0.0,0.0,0.0,0.0,0.58,0.08,0.07,0.17,0.06,0.06,0.38,0.18,0.09,0.07,0.13,0.76,0.0,0.0,0.77,0.08,0.13,0.07,0.1,0.06,0.74,0.0,0.47,0.09,0.26,0.06,0.1,0.26,0.06
3113,0.0,0.7,0.7,0.0,0.0,0.76,0.0,0.0,0.08,0.75,0.07,0.26,0.74,0.79,0.75,0.31,0.1,0.76,0.75,0.32,0.73,0.76,0.75,0.11,0.14,0.16,0.0,0.0,0.16,0.7,0.14,0.0,0.0,0.0,0.0,0.1,0.07,0.06,0.07,0.06,0.05,0.08,0.05,0.06,0.1,0.06,0.75,0.0,0.0,0.76,0.76,0.04,0.56,0.67,0.05,0.34,0.0,0.35,0.51,0.1,0.76,0.77,0.27,0.5
3114,0.0,0.15,0.19,0.0,0.0,0.77,0.0,0.0,0.14,0.77,0.15,0.13,0.74,0.8,0.8,0.4,0.11,0.78,0.75,0.11,0.75,0.8,0.76,0.06,0.08,0.37,0.0,0.0,0.13,0.1,0.74,0.0,0.0,0.0,0.0,0.06,0.05,0.07,0.03,0.09,0.06,0.05,0.04,0.03,0.06,0.03,0.76,0.0,0.0,0.76,0.73,0.09,0.29,0.25,0.06,0.72,0.0,0.77,0.77,0.77,0.74,0.73,0.04,0.75
3115,0.0,0.35,0.12,0.0,0.0,0.07,0.0,0.0,0.04,0.74,0.07,0.12,0.75,0.79,0.79,0.13,0.03,0.76,0.74,0.04,0.72,0.78,0.75,0.04,0.16,0.04,0.0,0.0,0.04,0.16,0.04,0.0,0.0,0.0,0.0,0.04,0.06,0.08,0.76,0.07,0.03,0.61,0.3,0.03,0.05,0.77,0.05,0.0,0.0,0.06,0.71,0.26,0.22,0.71,0.78,0.71,0.0,0.57,0.74,0.75,0.15,0.71,0.14,0.32
3116,0.0,0.03,0.03,0.0,0.0,0.02,0.0,0.0,0.02,0.67,0.04,0.7,0.71,0.71,0.7,0.04,0.04,0.68,0.67,0.03,0.64,0.7,0.66,0.02,0.03,0.05,0.0,0.0,0.2,0.03,0.09,0.0,0.0,0.0,0.0,0.68,0.22,0.4,0.7,0.19,0.7,0.69,0.38,0.01,0.02,0.7,0.02,0.0,0.0,0.02,0.59,0.66,0.69,0.65,0.68,0.65,0.0,0.67,0.66,0.68,0.18,0.64,0.16,0.64
3117,0.0,0.38,0.04,0.0,0.0,0.02,0.0,0.0,0.02,0.3,0.06,0.32,0.26,0.29,0.29,0.05,0.07,0.28,0.28,0.04,0.29,0.28,0.24,0.34,0.01,0.03,0.0,0.0,0.09,0.29,0.06,0.0,0.0,0.0,0.0,0.36,0.35,0.34,0.36,0.34,0.26,0.36,0.24,0.07,0.34,0.37,0.32,0.0,0.0,0.2,0.36,0.34,0.37,0.37,0.36,0.37,0.0,0.37,0.37,0.35,0.37,0.36,0.25,0.37
3118,0.0,0.02,0.01,0.0,0.0,0.06,0.0,0.0,0.01,0.02,0.03,0.05,0.05,0.05,0.05,0.05,0.05,0.05,0.05,0.05,0.05,0.05,0.05,0.06,0.0,0.06,0.0,0.0,0.06,0.06,0.06,0.0,0.0,0.0,0.0,0.06,0.06,0.06,0.06,0.06,0.06,0.06,0.06,0.06,0.06,0.06,0.06,0.0,0.0,0.06,0.06,0.06,0.06,0.06,0.06,0.06,0.0,0.06,0.06,0.06,0.06,0.06,0.06,0.06
3119,0.0,0.0,0.0,0.0,0.0,0.0,0.0,0.0,0.0,0.0,0.0,0.0,0.0,0.0,0.0,0.0,0.0,0.0,0.0,0.0,0.0,0.0,0.0,0.0,0.0,0.0,0.0,0.0,0.0,0.0,0.0,0.0,0.0,0.0,0.0,0.0,0.0,0.0,0.0,0.0,0.0,0.0,0.0,0.0,0.0,0.0,0.0,0.0,0.0,0.0,0.0,0.0,0.0,0.0,0.0,0.0,0.0,0.0,0.0,0.0,0.0,0.0,0.0,0.0
3120,0.0,0.0,0.0,0.0,0.0,0.0,0.0,0.0,0.0,0.0,0.0,0.0,0.0,0.0,0.0,0.0,0.0,0.0,0.0,0.0,0.0,0.0,0.0,0.0,0.0,0.0,0.0,0.0,0.0,0.0,0.0,0.0,0.0,0.0,0.0,0.0,0.0,0.0,0.0,0.0,0.0,0.0,0.0,0.0,0.0,0.0,0.0,0.0,0.0,0.0,0.0,0.0,0.0,0.0,0.0,0.0,0.0,0.0,0.0,0.0,0.0,0.0,0.0,0.0
3121,0.0,0.0,0.0,0.0,0.0,0.0,0.0,0.0,0.0,0.0,0.0,0.0,0.0,0.0,0.0,0.0,0.0,0.0,0.0,0.0,0.0,0.0,0.0,0.0,0.0,0.0,0.0,0.0,0.0,0.0,0.0,0.0,0.0,0.0,0.0,0.0,0.0,0.0,0.0,0.0,0.0,0.0,0.0,0.0,0.0,0.0,0.0,0.0,0.0,0.0,0.0,0.0,0.0,0.0,0.0,0.0,0.0,0.0,0.0,0.0,0.0,0.0,0.0,0.0
3122,0.0,0.0,0.0,0.0,0.0,0.0,0.0,0.0,0.0,0.0,0.0,0.0,0.0,0.0,0.0,0.0,0.0,0.0,0.0,0.0,0.0,0.0,0.0,0.0,0.0,0.0,0.0,0.0,0.0,0.0,0.0,0.0,0.0,0.0,0.0,0.0,0.0,0.0,0.0,0.0,0.0,0.0,0.0,0.0,0.0,0.0,0.0,0.0,0.0,0.0,0.0,0.0,0.0,0.0,0.0,0.0,0.0,0.0,0.0,0.0,0.0,0.0,0.0,0.0
3123,0.0,0.0,0.0,0.0,0.0,0.0,0.0,0.0,0.0,0.0,0.0,0.0,0.0,0.0,0.0,0.0,0.0,0.0,0.0,0.0,0.0,0.0,0.0,0.0,0.0,0.0,0.0,0.0,0.0,0.0,0.0,0.0,0.0,0.0,0.0,0.0,0.0,0.0,0.0,0.0,0.0,0.0,0.0,0.0,0.0,0.0,0.0,0.0,0.0,0.0,0.0,0.0,0.0,0.0,0.0,0.0,0.0,0.0,0.0,0.0,0.0,0.0,0.0,0.0
3124,0.0,0.0,0.0,0.0,0.0,0.0,0.0,0.0,0.0,0.0,0.0,0.0,0.0,0.0,0.0,0.0,0.0,0.0,0.0,0.0,0.0,0.0,0.0,0.0,0.0,0.0,0.0,0.0,0.0,0.0,0.0,0.0,0.0,0.0,0.0,0.0,0.0,0.0,0.0,0.0,0.0,0.0,0.0,0.0,0.0,0.0,0.0,0.0,0.0,0.0,0.0,0.0,0.0,0.0,0.0,0.0,0.0,0.0,0.0,0.0,0.0,0.0,0.0,0.0
3125,0.0,0.0,0.0,0.0,0.0,0.0,0.0,0.0,0.0,0.0,0.0,0.0,0.0,0.0,0.0,0.0,0.0,0.0,0.0,0.0,0.0,0.0,0.0,0.0,0.0,0.0,0.0,0.0,0.0,0.0,0.0,0.0,0.0,0.0,0.0,0.0,0.0,0.0,0.0,0.0,0.0,0.0,0.0,0.0,0.0,0.0,0.0,0.0,0.0,0.0,0.0,0.0,0.0,0.0,0.0,0.0,0.0,0.0,0.0,0.0,0.0,0.0,0.0,0.0
3126,0.0,0.0,0.0,0.0,0.0,0.0,0.0,0.0,0.0,0.0,0.0,0.0,0.0,0.0,0.0,0.0,0.0,0.0,0.0,0.0,0.0,0.0,0.0,0.0,0.0,0.0,0.0,0.0,0.0,0.0,0.0,0.0,0.0,0.0,0.0,0.0,0.0,0.0,0.0,0.0,0.0,0.0,0.0,0.0,0.0,0.0,0.0,0.0,0.0,0.0,0.0,0.0,0.0,0.0,0.0,0.0,0.0,0.0,0.0,0.0,0.0,0.0,0.0,0.0
3127,0.0,0.0,0.0,0.0,0.0,0.0,0.0,0.0,0.0,0.0,0.0,0.0,0.0,0.0,0.0,0.0,0.0,0.0,0.0,0.0,0.0,0.0,0.0,0.0,0.0,0.0,0.0,0.0,0.0,0.0,0.0,0.0,0.0,0.0,0.0,0.0,0.0,0.0,0.0,0.0,0.0,0.0,0.0,0.0,0.0,0.0,0.0,0.0,0.0,0.0,0.0,0.0,0.0,0.0,0.0,0.0,0.0,0.0,0.0,0.0,0.0,0.0,0.0,0.0
3128,0.0,0.0,0.0,0.0,0.0,0.0,0.0,0.0,0.0,0.0,0.0,0.0,0.0,0.0,0.0,0.0,0.0,0.0,0.0,0.0,0.0,0.0,0.0,0.0,0.0,0.0,0.0,0.0,0.0,0.0,0.0,0.0,0.0,0.0,0.0,0.0,0.0,0.0,0.0,0.0,0.0,0.0,0.0,0.0,0.0,0.0,0.0,0.0,0.0,0.0,0.0,0.0,0.0,0.0,0.0,0.0,0.0,0.0,0.0,0.0,0.0,0.0,0.0,0.0
3129,0.0,0.02,0.02,0.0,0.0,0.0,0.0,0.0,0.04,0.02,0.04,0.04,0.0,0.03,0.03,0.05,0.02,0.0,0.0,0.03,0.01,0.04,0.0,0.04,0.02,0.03,0.0,0.0,0.03,0.02,0.03,0.0,0.0,0.0,0.0,0.01,0.04,0.04,0.04,0.03,0.04,0.04,0.04,0.04,0.04,0.04,0.0,0.0,0.0,0.01,0.03,0.03,0.04,0.03,0.04,0.04,0.0,0.04,0.03,0.04,0.03,0.03,0.03,0.03
3130,0.0,0.11,0.11,0.0,0.0,0.1,0.0,0.0,0.19,0.22,0.18,0.18,0.02,0.09,0.19,0.2,0.18,0.07,0.07,0.21,0.13,0.06,0.01,0.17,0.11,0.11,0.0,0.0,0.12,0.11,0.12,0.0,0.0,0.0,0.0,0.14,0.16,0.16,0.14,0.16,0.15,0.14,0.14,0.17,0.17,0.14,0.12,0.0,0.0,0.12,0.12,0.11,0.13,0.11,0.14,0.12,0.0,0.12,0.12,0.13,0.12,0.12,0.12,0.12
3131,0.0,0.53,0.52,0.0,0.0,0.57,0.0,0.0,0.6,0.42,0.44,0.43,0.08,0.07,0.16,0.07,0.59,0.66,0.65,0.52,0.32,0.07,0.12,0.6,0.46,0.54,0.0,0.0,0.54,0.54,0.54,0.0,0.0,0.0,0.0,0.56,0.58,0.18,0.56,0.52,0.59,0.57,0.57,0.58,0.6,0.56,0.57,0.0,0.0,0.58,0.54,0.54,0.56,0.53,0.56,0.51,0.0,0.54,0.55,0.52,0.54,0.54,0.55,0.55
3132,0.0,0.7,0.7,0.0,0.0,0.71,0.0,0.0,0.61,0.5,0.24,0.13,0.29,0.19,0.13,0.19,0.7,0.23,0.15,0.56,0.31,0.22,0.76,0.71,0.75,0.71,0.0,0.0,0.71,0.71,0.71,0.0,0.0,0.0,0.0,0.7,0.7,0.21,0.7,0.38,0.72,0.72,0.71,0.7,0.72,0.71,0.7,0.0,0.0,0.71,0.7,0.71,0.72,0.7,0.68,0.67,0.0,0.71,0.71,0.71,0.71,0.7,0.72,0.71
3133,0.0,0.73,0.73,0.0,0.0,0.73,0.0,0.0,0.43,0.74,0.64,0.14,0.78,0.24,0.26,0.42,0.54,0.27,0.27,0.53,0.46,0.27,0.58,0.74,0.78,0.75,0.0,0.0,0.75,0.74,0.75,0.0,0.0,0.0,0.0,0.74,0.72,0.75,0.74,0.75,0.75,0.74,0.74,0.72,0.74,0.74,0.73,0.0,0.0,0.74,0.73,0.75,0.75,0.73,0.74,0.7,0.0,0.74,0.74,0.74,0.74,0.74,0.76,0.74
3134,0.0,0.75,0.75,0.0,0.0,0.74,0.0,0.0,0.75,0.28,0.75,0.35,0.5,0.29,0.29,0.58,0.76,0.78,0.78,0.69,0.2,0.3,0.57,0.74,0.79,0.76,0.0,0.0,0.76,0.75,0.76,0.0,0.0,0.0,0.0,0.75,0.74,0.74,0.75,0.76,0.77,0.76,0.75,0.73,0.75,0.76,0.74,0.0,0.0,0.75,0.76,0.76,0.75,0.75,0.24,0.68,0.0,0.76,0.76,0.73,0.76,0.76,0.77,0.77
3135,0.0,0.75,0.75,0.0,0.0,0.75,0.0,0.0,0.74,0.58,0.72,0.17,0.66,0.37,0.76,0.75,0.44,0.23,0.18,0.74,0.18,0.35,0.54,0.75,0.79,0.77,0.0,0.0,0.76,0.75,0.76,0.0,0.0,0.0,0.0,0.76,0.74,0.73,0.76,0.76,0.73,0.76,0.76,0.74,0.75,0.76,0.75,0.0,0.0,0.75,0.76,0.76,0.73,0.61,0.18,0.16,0.0,0.52,0.75,0.38,0.76,0.76,0.77,0.75
3136,0.0,0.76,0.76,0.0,0.0,0.76,0.0,0.0,0.7,0.19,0.69,0.15,0.16,0.23,0.46,0.76,0.32,0.2,0.16,0.74,0.1,0.2,0.16,0.73,0.79,0.77,0.0,0.0,0.76,0.76,0.77,0.0,0.0,0.0,0.0,0.76,0.72,0.75,0.77,0.58,0.62,0.77,0.76,0.73,0.72,0.77,0.75,0.0,0.0,0.76,0.77,0.77,0.54,0.74,0.3,0.15,0.0,0.35,0.76,0.21,0.77,0.75,0.78,0.77
3137,0.0,0.75,0.75,0.0,0.0,0.75,0.0,0.0,0.47,0.32,0.67,0.17,0.16,0.18,0.15,0.31,0.35,0.18,0.04,0.3,0.78,0.08,0.08,0.62,0.79,0.76,0.0,0.0,0.76,0.76,0.76,0.0,0.0,0.0,0.0,0.76,0.72,0.37,0.76,0.71,0.33,0.76,0.76,0.74,0.61,0.77,0.75,0.0,0.0,0.75,0.52,0.76,0.27,0.31,0.19,0.18,0.0,0.21,0.46,0.19,0.76,0.37,0.77,0.68
3138,0.0,0.74,0.74,0.0,0.0,0.74,0.0,0.0,0.13,0.79,0.59,0.16,0.16,0.09,0.16,0.34,0.13,0.16,0.16,0.24,0.79,0.11,0.16,0.38,0.77,0.75,0.0,0.0,0.74,0.74,0.75,0.0,0.0,0.0,0.0,0.74,0.73,0.15,0.74,0.16,0.32,0.74,0.74,0.41,0.24,0.74,0.73,0.0,0.0,0.73,0.57,0.74,0.16,0.2,0.14,0.62,0.0,0.15,0.32,0.2,0.74,0.28,0.75,0.56
3139,0.0,0.67,0.71,0.0,0.0,0.7,0.0,0.0,0.09,0.71,0.0,0.14,0.09,0.13,0.1,0.1,0.16,0.71,0.75,0.1,0.75,0.12,0.09,0.15,0.73,0.71,0.0,0.0,0.7,0.5,0.7,0.0,0.0,0.0,0.0,0.71,0.38,0.11,0.72,0.11,0.24,0.72,0.71,0.42,0.15,0.71,0.7,0.0,0.0,0.7,0.11,0.7,0.34,0.14,0.73,0.64,0.0,0.62,0.19,0.67,0.69,0.15,0.72,0.64
3140,0.0,0.62,0.62,0.0,0.0,0.62,0.0,0.0,0.1,0.67,0.29,0.66,0.05,0.23,0.15,0.09,0.6,0.24,0.31,0.13,0.62,0.19,0.03,0.26,0.64,0.65,0.0,0.0,0.13,0.63,0.64,0.0,0.0,0.0,0.0,0.09,0.32,0.49,0.2,0.6,0.61,0.2,0.27,0.32,0.32,0.3,0.28,0.0,0.0,0.32,0.07,0.03,0.45,0.11,0.39,0.33,0.0,0.29,0.05,0.33,0.06,0.08,0.08,0.05
3141,0.0,0.39,0.39,0.0,0.0,0.34,0.0,0.0,0.25,0.31,0.14,0.26,0.02,0.11,0.09,0.11,0.31,0.24,0.14,0.22,0.31,0.07,0.02,0.06,0.32,0.16,0.0,0.0,0.05,0.38,0.12,0.0,0.0,0.0,0.0,0.16,0.04,0.06,0.03,0.12,0.12,0.03,0.03,0.04,0.06,0.03,0.27,0.0,0.0,0.32,0.05,0.03,0.12,0.07,0.27,0.38,0.0,0.12,0.04,0.28,0.04,0.06,0.03,0.04
3142,0.0,0.04,0.04,0.0,0.0,0.04,0.0,0.0,0.04,0.04,0.03,0.05,0.01,0.06,0.05,0.03,0.05,0.04,0.05,0.03,0.04,0.06,0.01,0.02,0.03,0.05,0.0,0.0,0.02,0.04,0.06,0.0,0.0,0.0,0.0,0.04,0.02,0.02,0.01,0.02,0.02,0.01,0.01,0.01,0.02,0.01,0.05,0.0,0.0,0.04,0.04,0.06,0.06,0.06,0.05,0.05,0.0,0.04,0.05,0.04,0.04,0.05,0.04,0.06
3143,0.0,0.0,0.0,0.0,0.0,0.0,0.0,0.0,0.0,0.0,0.0,0.0,0.0,0.0,0.0,0.0,0.0,0.0,0.0,0.0,0.0,0.0,0.0,0.0,0.0,0.0,0.0,0.0,0.0,0.0,0.0,0.0,0.0,0.0,0.0,0.0,0.0,0.0,0.0,0.0,0.0,0.0,0.0,0.0,0.0,0.0,0.0,0.0,0.0,0.0,0.0,0.0,0.0,0.0,0.0,0.0,0.0,0.0,0.0,0.0,0.0,0.0,0.0,0.0
3144,0.0,0.0,0.0,0.0,0.0,0.0,0.0,0.0,0.0,0.0,0.0,0.0,0.0,0.0,0.0,0.0,0.0,0.0,0.0,0.0,0.0,0.0,0.0,0.0,0.0,0.0,0.0,0.0,0.0,0.0,0.0,0.0,0.0,0.0,0.0,0.0,0.0,0.0,0.0,0.0,0.0,0.0,0.0,0.0,0.0,0.0,0.0,0.0,0.0,0.0,0.0,0.0,0.0,0.0,0.0,0.0,0.0,0.0,0.0,0.0,0.0,0.0,0.0,0.0
3145,0.0,0.0,0.0,0.0,0.0,0.0,0.0,0.0,0.0,0.0,0.0,0.0,0.0,0.0,0.0,0.0,0.0,0.0,0.0,0.0,0.0,0.0,0.0,0.0,0.0,0.0,0.0,0.0,0.0,0.0,0.0,0.0,0.0,0.0,0.0,0.0,0.0,0.0,0.0,0.0,0.0,0.0,0.0,0.0,0.0,0.0,0.0,0.0,0.0,0.0,0.0,0.0,0.0,0.0,0.0,0.0,0.0,0.0,0.0,0.0,0.0,0.0,0.0,0.0
3146,0.0,0.0,0.0,0.0,0.0,0.0,0.0,0.0,0.0,0.0,0.0,0.0,0.0,0.0,0.0,0.0,0.0,0.0,0.0,0.0,0.0,0.0,0.0,0.0,0.0,0.0,0.0,0.0,0.0,0.0,0.0,0.0,0.0,0.0,0.0,0.0,0.0,0.0,0.0,0.0,0.0,0.0,0.0,0.0,0.0,0.0,0.0,0.0,0.0,0.0,0.0,0.0,0.0,0.0,0.0,0.0,0.0,0.0,0.0,0.0,0.0,0.0,0.0,0.0
3147,0.0,0.0,0.0,0.0,0.0,0.0,0.0,0.0,0.0,0.0,0.0,0.0,0.0,0.0,0.0,0.0,0.0,0.0,0.0,0.0,0.0,0.0,0.0,0.0,0.0,0.0,0.0,0.0,0.0,0.0,0.0,0.0,0.0,0.0,0.0,0.0,0.0,0.0,0.0,0.0,0.0,0.0,0.0,0.0,0.0,0.0,0.0,0.0,0.0,0.0,0.0,0.0,0.0,0.0,0.0,0.0,0.0,0.0,0.0,0.0,0.0,0.0,0.0,0.0
3148,0.0,0.0,0.0,0.0,0.0,0.0,0.0,0.0,0.0,0.0,0.0,0.0,0.0,0.0,0.0,0.0,0.0,0.0,0.0,0.0,0.0,0.0,0.0,0.0,0.0,0.0,0.0,0.0,0.0,0.0,0.0,0.0,0.0,0.0,0.0,0.0,0.0,0.0,0.0,0.0,0.0,0.0,0.0,0.0,0.0,0.0,0.0,0.0,0.0,0.0,0.0,0.0,0.0,0.0,0.0,0.0,0.0,0.0,0.0,0.0,0.0,0.0,0.0,0.0
3149,0.0,0.0,0.0,0.0,0.0,0.0,0.0,0.0,0.0,0.0,0.0,0.0,0.0,0.0,0.0,0.0,0.0,0.0,0.0,0.0,0.0,0.0,0.0,0.0,0.0,0.0,0.0,0.0,0.0,0.0,0.0,0.0,0.0,0.0,0.0,0.0,0.0,0.0,0.0,0.0,0.0,0.0,0.0,0.0,0.0,0.0,0.0,0.0,0.0,0.0,0.0,0.0,0.0,0.0,0.0,0.0,0.0,0.0,0.0,0.0,0.0,0.0,0.0,0.0
3150,0.0,0.0,0.0,0.0,0.0,0.0,0.0,0.0,0.0,0.0,0.0,0.0,0.0,0.0,0.0,0.0,0.0,0.0,0.0,0.0,0.0,0.0,0.0,0.0,0.0,0.0,0.0,0.0,0.0,0.0,0.0,0.0,0.0,0.0,0.0,0.0,0.0,0.0,0.0,0.0,0.0,0.0,0.0,0.0,0.0,0.0,0.0,0.0,0.0,0.0,0.0,0.0,0.0,0.0,0.0,0.0,0.0,0.0,0.0,0.0,0.0,0.0,0.0,0.0
3151,0.0,0.0,0.0,0.0,0.0,0.0,0.0,0.0,0.0,0.0,0.0,0.0,0.0,0.0,0.0,0.0,0.0,0.0,0.0,0.0,0.0,0.0,0.0,0.0,0.0,0.0,0.0,0.0,0.0,0.0,0.0,0.0,0.0,0.0,0.0,0.0,0.0,0.0,0.0,0.0,0.0,0.0,0.0,0.0,0.0,0.0,0.0,0.0,0.0,0.0,0.0,0.0,0.0,0.0,0.0,0.0,0.0,0.0,0.0,0.0,0.0,0.0,0.0,0.0
3152,0.0,0.0,0.0,0.0,0.0,0.0,0.0,0.0,0.0,0.0,0.0,0.0,0.0,0.0,0.0,0.0,0.0,0.0,0.0,0.0,0.0,0.0,0.0,0.0,0.0,0.0,0.0,0.0,0.0,0.0,0.0,0.0,0.0,0.0,0.0,0.0,0.0,0.0,0.0,0.0,0.0,0.0,0.0,0.0,0.0,0.0,0.0,0.0,0.0,0.0,0.0,0.0,0.0,0.0,0.0,0.0,0.0,0.0,0.0,0.0,0.0,0.0,0.0,0.0
3153,0.0,0.01,0.0,0.0,0.0,0.03,0.0,0.0,0.0,0.0,0.0,0.02,0.0,0.0,0.0,0.01,0.04,0.0,0.0,0.01,0.0,0.0,0.02,0.04,0.01,0.0,0.0,0.0,0.03,0.02,0.02,0.0,0.0,0.0,0.0,0.03,0.04,0.04,0.03,0.04,0.04,0.04,0.04,0.04,0.04,0.04,0.03,0.0,0.0,0.03,0.04,0.02,0.04,0.04,0.04,0.04,0.0,0.04,0.04,0.04,0.03,0.04,0.03,0.03
3154,0.0,0.12,0.11,0.0,0.0,0.15,0.0,0.0,0.02,0.01,0.03,0.08,0.04,0.02,0.02,0.08,0.14,0.02,0.04,0.08,0.03,0.02,0.04,0.17,0.18,0.12,0.0,0.0,0.12,0.12,0.12,0.0,0.0,0.0,0.0,0.14,0.16,0.17,0.13,0.17,0.15,0.14,0.14,0.16,0.16,0.14,0.15,0.0,0.0,0.15,0.12,0.11,0.14,0.12,0.14,0.12,0.0,0.12,0.12,0.13,0.12,0.12,0.12,0.12
3155,0.0,0.56,0.55,0.0,0.0,0.56,0.0,0.0,0.06,0.04,0.08,0.08,0.1,0.03,0.04,0.19,0.16,0.13,0.03,0.08,0.18,0.03,0.07,0.6,0.59,0.56,0.0,0.0,0.56,0.56,0.56,0.0,0.0,0.0,0.0,0.56,0.58,0.61,0.58,0.62,0.59,0.58,0.59,0.59,0.6,0.58,0.55,0.0,0.0,0.56,0.57,0.56,0.57,0.56,0.56,0.52,0.0,0.56,0.57,0.55,0.57,0.57,0.57,0.57
3156,0.0,0.73,0.72,0.0,0.0,0.66,0.0,0.0,0.12,0.69,0.19,0.19,0.76,0.06,0.06,0.09,0.25,0.03,0.04,0.1,0.07,0.06,0.04,0.71,0.71,0.73,0.0,0.0,0.73,0.73,0.73,0.0,0.0,0.0,0.0,0.71,0.7,0.74,0.72,0.74,0.73,0.72,0.73,0.7,0.72,0.73,0.66,0.0,0.0,0.67,0.74,0.73,0.72,0.72,0.71,0.71,0.0,0.72,0.73,0.72,0.74,0.73,0.74,0.74
3157,0.0,0.76,0.75,0.0,0.0,0.7,0.0,0.0,0.31,0.27,0.75,0.29,0.51,0.09,0.08,0.08,0.79,0.08,0.07,0.11,0.17,0.1,0.11,0.76,0.76,0.77,0.0,0.0,0.77,0.76,0.77,0.0,0.0,0.0,0.0,0.75,0.75,0.77,0.76,0.78,0.76,0.76,0.76,0.75,0.76,0.76,0.71,0.0,0.0,0.71,0.79,0.79,0.77,0.76,0.7,0.68,0.0,0.78,0.79,0.72,0.79,0.79,0.78,0.79
3158,0.0,0.76,0.76,0.0,0.0,0.73,0.0,0.0,0.71,0.21,0.79,0.26,0.13,0.12,0.11,0.11,0.71,0.06,0.05,0.14,0.19,0.13,0.22,0.76,0.77,0.78,0.0,0.0,0.78,0.77,0.78,0.0,0.0,0.0,0.0,0.76,0.76,0.78,0.77,0.79,0.77,0.77,0.77,0.76,0.76,0.78,0.74,0.0,0.0,0.74,0.8,0.8,0.79,0.77,0.76,0.76,0.0,0.78,0.79,0.77,0.8,0.79,0.8,0.8
3159,0.0,0.76,0.76,0.0,0.0,0.74,0.0,0.0,0.81,0.15,0.79,0.23,0.4,0.16,0.16,0.15,0.79,0.06,0.06,0.2,0.26,0.15,0.09,0.77,0.78,0.77,0.0,0.0,0.78,0.77,0.77,0.0,0.0,0.0,0.0,0.76,0.77,0.79,0.77,0.78,0.77,0.77,0.77,0.75,0.77,0.78,0.74,0.0,0.0,0.75,0.79,0.79,0.76,0.78,0.79,0.78,0.0,0.78,0.78,0.79,0.79,0.79,0.79,0.79
3160,0.0,0.76,0.76,0.0,0.0,0.76,0.0,0.0,0.46,0.82,0.78,0.52,0.14,0.22,0.17,0.23,0.77,0.1,0.11,0.21,0.38,0.18,0.1,0.78,0.77,0.77,0.0,0.0,0.78,0.76,0.76,0.0,0.0,0.0,0.0,0.76,0.76,0.75,0.78,0.76,0.78,0.78,0.78,0.77,0.74,0.79,0.74,0.0,0.0,0.76,0.78,0.8,0.8,0.77,0.8,0.78,0.0,0.78,0.78,0.79,0.79,0.78,0.79,0.78
3161,0.0,0.75,0.75,0.0,0.0,0.77,0.0,0.0,0.45,0.81,0.68,0.2,0.09,0.11,0.13,0.19,0.77,0.11,0.15,0.18,0.39,0.1,0.08,0.76,0.78,0.76,0.0,0.0,0.77,0.76,0.75,0.0,0.0,0.0,0.0,0.76,0.75,0.76,0.78,0.77,0.78,0.77,0.77,0.75,0.76,0.78,0.75,0.0,0.0,0.76,0.77,0.79,0.78,0.76,0.77,0.77,0.0,0.77,0.76,0.78,0.78,0.77,0.78,0.77
3162,0.0,0.73,0.74,0.0,0.0,0.75,0.0,0.0,0.43,0.77,0.77,0.09,0.13,0.09,0.09,0.14,0.42,0.1,0.14,0.16,0.44,0.08,0.08,0.76,0.76,0.76,0.0,0.0,0.75,0.74,0.75,0.0,0.0,0.0,0.0,0.75,0.73,0.75,0.75,0.75,0.76,0.75,0.74,0.72,0.76,0.75,0.75,0.0,0.0,0.74,0.75,0.77,0.76,0.74,0.76,0.74,0.0,0.74,0.74,0.76,0.76,0.74,0.76,0.75
3163,0.0,0.71,0.72,0.0,0.0,0.72,0.0,0.0,0.25,0.73,0.72,0.06,0.07,0.07,0.09,0.1,0.17,0.07,0.07,0.11,0.29,0.09,0.04,0.74,0.74,0.73,0.0,0.0,0.72,0.72,0.72,0.0,0.0,0.0,0.0,0.72,0.7,0.68,0.73,0.69,0.7,0.73,0.72,0.7,0.73,0.73,0.72,0.0,0.0,0.72,0.71,0.74,0.73,0.69,0.73,0.71,0.0,0.71,0.71,0.73,0.72,0.7,0.74,0.72
3164,0.0,0.69,0.68,0.0,0.0,0.68,0.0,0.0,0.1,0.69,0.53,0.05,0.04,0.05,0.11,0.07,0.06,0.05,0.05,0.07,0.18,0.06,0.02,0.69,0.69,0.7,0.0,0.0,0.68,0.69,0.69,0.0,0.0,0.0,0.0,0.12,0.64,0.65,0.7,0.33,0.63,0.69,0.68,0.64,0.69,0.69,0.68,0.0,0.0,0.68,0.69,0.7,0.67,0.64,0.69,0.68,0.0,0.58,0.68,0.68,0.68,0.68,0.7,0.69
3165,0.0,0.18,0.16,0.0,0.0,0.36,0.0,0.0,0.04,0.31,0.08,0.03,0.02,0.03,0.19,0.05,0.02,0.07,0.04,0.04,0.07,0.04,0.01,0.33,0.32,0.36,0.0,0.0,0.33,0.23,0.36,0.0,0.0,0.0,0.0,0.35,0.15,0.1,0.37,0.04,0.32,0.36,0.36,0.32,0.32,0.37,0.35,0.0,0.0,0.35,0.38,0.39,0.06,0.36,0.36,0.38,0.0,0.36,0.37,0.11,0.38,0.38,0.37,0.38
3166,0.0,0.04,0.06,0.0,0.0,0.06,0.0,0.0,0.01,0.04,0.02,0.01,0.0,0.02,0.02,0.04,0.01,0.04,0.04,0.01,0.01,0.03,0.0,0.04,0.06,0.07,0.0,0.0,0.06,0.04,0.06,0.0,0.0,0.0,0.0,0.06,0.04,0.01,0.04,0.01,0.04,0.04,0.04,0.04,0.04,0.04,0.06,0.0,0.0,0.05,0.05,0.04,0.02,0.06,0.05,0.04,0.0,0.05,0.04,0.06,0.04,0.05,0.05,0.04
3167,0.0,0.0,0.0,0.0,0.0,0.0,0.0,0.0,0.0,0.0,0.0,0.0,0.0,0.0,0.0,0.0,0.0,0.0,0.0,0.0,0.0,0.0,0.0,0.0,0.0,0.0,0.0,0.0,0.0,0.0,0.0,0.0,0.0,0.0,0.0,0.0,0.0,0.0,0.0,0.0,0.0,0.0,0.0,0.0,0.0,0.0,0.0,0.0,0.0,0.0,0.0,0.0,0.0,0.0,0.0,0.0,0.0,0.0,0.0,0.0,0.0,0.0,0.0,0.0
3168,0.0,0.0,0.0,0.0,0.0,0.0,0.0,0.0,0.0,0.0,0.0,0.0,0.0,0.0,0.0,0.0,0.0,0.0,0.0,0.0,0.0,0.0,0.0,0.0,0.0,0.0,0.0,0.0,0.0,0.0,0.0,0.0,0.0,0.0,0.0,0.0,0.0,0.0,0.0,0.0,0.0,0.0,0.0,0.0,0.0,0.0,0.0,0.0,0.0,0.0,0.0,0.0,0.0,0.0,0.0,0.0,0.0,0.0,0.0,0.0,0.0,0.0,0.0,0.0
3169,0.0,0.0,0.0,0.0,0.0,0.0,0.0,0.0,0.0,0.0,0.0,0.0,0.0,0.0,0.0,0.0,0.0,0.0,0.0,0.0,0.0,0.0,0.0,0.0,0.0,0.0,0.0,0.0,0.0,0.0,0.0,0.0,0.0,0.0,0.0,0.0,0.0,0.0,0.0,0.0,0.0,0.0,0.0,0.0,0.0,0.0,0.0,0.0,0.0,0.0,0.0,0.0,0.0,0.0,0.0,0.0,0.0,0.0,0.0,0.0,0.0,0.0,0.0,0.0
3170,0.0,0.0,0.0,0.0,0.0,0.0,0.0,0.0,0.0,0.0,0.0,0.0,0.0,0.0,0.0,0.0,0.0,0.0,0.0,0.0,0.0,0.0,0.0,0.0,0.0,0.0,0.0,0.0,0.0,0.0,0.0,0.0,0.0,0.0,0.0,0.0,0.0,0.0,0.0,0.0,0.0,0.0,0.0,0.0,0.0,0.0,0.0,0.0,0.0,0.0,0.0,0.0,0.0,0.0,0.0,0.0,0.0,0.0,0.0,0.0,0.0,0.0,0.0,0.0
3171,0.0,0.0,0.0,0.0,0.0,0.0,0.0,0.0,0.0,0.0,0.0,0.0,0.0,0.0,0.0,0.0,0.0,0.0,0.0,0.0,0.0,0.0,0.0,0.0,0.0,0.0,0.0,0.0,0.0,0.0,0.0,0.0,0.0,0.0,0.0,0.0,0.0,0.0,0.0,0.0,0.0,0.0,0.0,0.0,0.0,0.0,0.0,0.0,0.0,0.0,0.0,0.0,0.0,0.0,0.0,0.0,0.0,0.0,0.0,0.0,0.0,0.0,0.0,0.0
3172,0.0,0.0,0.0,0.0,0.0,0.0,0.0,0.0,0.0,0.0,0.0,0.0,0.0,0.0,0.0,0.0,0.0,0.0,0.0,0.0,0.0,0.0,0.0,0.0,0.0,0.0,0.0,0.0,0.0,0.0,0.0,0.0,0.0,0.0,0.0,0.0,0.0,0.0,0.0,0.0,0.0,0.0,0.0,0.0,0.0,0.0,0.0,0.0,0.0,0.0,0.0,0.0,0.0,0.0,0.0,0.0,0.0,0.0,0.0,0.0,0.0,0.0,0.0,0.0
3173,0.0,0.0,0.0,0.0,0.0,0.0,0.0,0.0,0.0,0.0,0.0,0.0,0.0,0.0,0.0,0.0,0.0,0.0,0.0,0.0,0.0,0.0,0.0,0.0,0.0,0.0,0.0,0.0,0.0,0.0,0.0,0.0,0.0,0.0,0.0,0.0,0.0,0.0,0.0,0.0,0.0,0.0,0.0,0.0,0.0,0.0,0.0,0.0,0.0,0.0,0.0,0.0,0.0,0.0,0.0,0.0,0.0,0.0,0.0,0.0,0.0,0.0,0.0,0.0
3174,0.0,0.0,0.0,0.0,0.0,0.0,0.0,0.0,0.0,0.0,0.0,0.0,0.0,0.0,0.0,0.0,0.0,0.0,0.0,0.0,0.0,0.0,0.0,0.0,0.0,0.0,0.0,0.0,0.0,0.0,0.0,0.0,0.0,0.0,0.0,0.0,0.0,0.0,0.0,0.0,0.0,0.0,0.0,0.0,0.0,0.0,0.0,0.0,0.0,0.0,0.0,0.0,0.0,0.0,0.0,0.0,0.0,0.0,0.0,0.0,0.0,0.0,0.0,0.0
3175,0.0,0.0,0.0,0.0,0.0,0.0,0.0,0.0,0.0,0.0,0.0,0.0,0.0,0.0,0.0,0.0,0.0,0.0,0.0,0.0,0.0,0.0,0.0,0.0,0.0,0.0,0.0,0.0,0.0,0.0,0.0,0.0,0.0,0.0,0.0,0.0,0.0,0.0,0.0,0.0,0.0,0.0,0.0,0.0,0.0,0.0,0.0,0.0,0.0,0.0,0.0,0.0,0.0,0.0,0.0,0.0,0.0,0.0,0.0,0.0,0.0,0.0,0.0,0.0
3176,0.0,0.0,0.0,0.0,0.0,0.0,0.0,0.0,0.0,0.0,0.0,0.0,0.0,0.0,0.0,0.0,0.0,0.0,0.0,0.0,0.0,0.0,0.0,0.0,0.0,0.0,0.0,0.0,0.0,0.0,0.0,0.0,0.0,0.0,0.0,0.0,0.0,0.0,0.0,0.0,0.0,0.0,0.0,0.0,0.0,0.0,0.0,0.0,0.0,0.0,0.0,0.0,0.0,0.0,0.0,0.0,0.0,0.0,0.0,0.0,0.0,0.0,0.0,0.0
3177,0.0,0.02,0.03,0.0,0.0,0.02,0.0,0.0,0.01,0.0,0.0,0.01,0.0,0.0,0.0,0.0,0.01,0.0,0.0,0.01,0.0,0.0,0.03,0.01,0.0,0.02,0.0,0.0,0.02,0.03,0.02,0.0,0.0,0.0,0.0,0.01,0.0,0.03,0.04,0.04,0.04,0.04,0.04,0.01,0.0,0.04,0.02,0.0,0.0,0.03,0.0,0.02,0.0,0.0,0.0,0.0,0.0,0.0,0.0,0.0,0.0,0.0,0.03,0.0
3178,0.0,0.12,0.12,0.0,0.0,0.15,0.0,0.0,0.01,0.0,0.02,0.02,0.08,0.0,0.03,0.06,0.02,0.0,0.0,0.01,0.0,0.01,0.06,0.02,0.18,0.12,0.0,0.0,0.13,0.12,0.12,0.0,0.0,0.0,0.0,0.14,0.13,0.17,0.1,0.13,0.11,0.12,0.12,0.08,0.02,0.12,0.15,0.0,0.0,0.15,0.01,0.04,0.01,0.0,0.03,0.01,0.0,0.01,0.01,0.0,0.01,0.0,0.1,0.01
3179,0.0,0.55,0.55,0.0,0.0,0.56,0.0,0.0,0.06,0.01,0.06,0.02,0.09,0.02,0.02,0.02,0.03,0.02,0.02,0.02,0.01,0.03,0.1,0.23,0.58,0.34,0.0,0.0,0.16,0.56,0.57,0.0,0.0,0.0,0.0,0.58,0.34,0.09,0.53,0.06,0.07,0.54,0.49,0.29,0.28,0.51,0.56,0.0,0.0,0.57,0.04,0.04,0.02,0.03,0.03,0.02,0.0,0.02,0.06,0.01,0.05,0.04,0.08,0.07
3180,0.0,0.67,0.56,0.0,0.0,0.72,0.0,0.0,0.04,0.03,0.05,0.02,0.06,0.02,0.02,0.03,0.02,0.03,0.03,0.03,0.01,0.02,0.06,0.72,0.7,0.38,0.0,0.0,0.22,0.74,0.72,0.0,0.0,0.0,0.0,0.75,0.75,0.06,0.74,0.06,0.05,0.75,0.75,0.74,0.45,0.74,0.72,0.0,0.0,0.72,0.05,0.18,0.02,0.04,0.01,0.02,0.0,0.04,0.1,0.02,0.11,0.05,0.06,0.1
3181,0.0,0.44,0.64,0.0,0.0,0.75,0.0,0.0,0.06,0.11,0.39,0.14,0.04,0.02,0.04,0.04,0.09,0.06,0.04,0.04,0.03,0.02,0.04,0.78,0.74,0.81,0.0,0.0,0.17,0.49,0.78,0.0,0.0,0.0,0.0,0.48,0.6,0.03,0.78,0.04,0.06,0.78,0.79,0.78,0.79,0.79,0.76,0.0,0.0,0.76,0.07,0.24,0.05,0.05,0.04,0.12,0.0,0.05,0.08,0.05,0.15,0.06,0.43,0.12
3182,0.0,0.7,0.68,0.0,0.0,0.33,0.0,0.0,0.1,0.11,0.12,0.07,0.02,0.02,0.03,0.04,0.09,0.07,0.05,0.04,0.13,0.02,0.05,0.67,0.75,0.76,0.0,0.0,0.81,0.69,0.75,0.0,0.0,0.0,0.0,0.78,0.2,0.09,0.71,0.13,0.08,0.7,0.74,0.82,0.36,0.64,0.18,0.0,0.0,0.17,0.1,0.27,0.1,0.16,0.09,0.82,0.0,0.2,0.11,0.29,0.17,0.1,0.63,0.11
3183,0.0,0.73,0.75,0.0,0.0,0.17,0.0,0.0,0.69,0.55,0.44,0.16,0.02,0.04,0.03,0.05,0.12,0.08,0.09,0.11,0.13,0.03,0.05,0.48,0.19,0.76,0.0,0.0,0.81,0.74,0.74,0.0,0.0,0.0,0.0,0.77,0.37,0.37,0.64,0.29,0.27,0.61,0.61,0.8,0.24,0.63,0.13,0.0,0.0,0.18,0.57,0.31,0.68,0.66,0.86,0.51,0.0,0.6,0.32,0.72,0.28,0.44,0.65,0.2
3184,0.0,0.78,0.8,0.0,0.0,0.15,0.0,0.0,0.71,0.41,0.83,0.19,0.02,0.08,0.04,0.24,0.18,0.15,0.12,0.32,0.35,0.05,0.19,0.1,0.77,0.81,0.0,0.0,0.82,0.54,0.78,0.0,0.0,0.0,0.0,0.76,0.83,0.86,0.68,0.53,0.39,0.66,0.69,0.82,0.29,0.54,0.16,0.0,0.0,0.14,0.54,0.34,0.52,0.84,0.75,0.33,0.0,0.68,0.41,0.84,0.41,0.56,0.61,0.35
3185,0.0,0.74,0.77,0.0,0.0,0.1,0.0,0.0,0.8,0.56,0.82,0.42,0.04,0.36,0.46,0.79,0.84,0.2,0.26,0.46,0.19,0.09,0.14,0.49,0.08,0.8,0.0,0.0,0.81,0.7,0.74,0.0,0.0,0.0,0.0,0.81,0.82,0.85,0.83,0.86,0.85,0.84,0.84,0.82,0.68,0.84,0.09,0.0,0.0,0.12,0.84,0.46,0.42,0.63,0.49,0.84,0.0,0.29,0.55,0.77,0.61,0.5,0.6,0.66
3186,0.0,0.76,0.76,0.0,0.0,0.08,0.0,0.0,0.62,0.24,0.79,0.55,0.06,0.3,0.52,0.12,0.82,0.44,0.16,0.78,0.15,0.62,0.13,0.81,0.05,0.79,0.0,0.0,0.79,0.77,0.78,0.0,0.0,0.0,0.0,0.76,0.81,0.83,0.81,0.84,0.8,0.81,0.79,0.81,0.81,0.8,0.09,0.0,0.0,0.06,0.5,0.48,0.26,0.72,0.62,0.83,0.0,0.32,0.33,0.82,0.82,0.47,0.64,0.82
3187,0.0,0.62,0.41,0.0,0.0,0.05,0.0,0.0,0.7,0.11,0.73,0.43,0.03,0.76,0.07,0.7,0.79,0.2,0.13,0.65,0.08,0.23,0.32,0.77,0.03,0.75,0.0,0.0,0.74,0.75,0.74,0.0,0.0,0.0,0.0,0.77,0.77,0.79,0.77,0.8,0.8,0.78,0.74,0.76,0.78,0.75,0.04,0.0,0.0,0.03,0.8,0.62,0.45,0.25,0.16,0.8,0.0,0.28,0.79,0.8,0.8,0.61,0.77,0.79
3188,0.0,0.35,0.34,0.0,0.0,0.07,0.0,0.0,0.69,0.04,0.7,0.21,0.02,0.65,0.62,0.63,0.71,0.38,0.13,0.6,0.1,0.66,0.06,0.68,0.06,0.68,0.0,0.0,0.5,0.34,0.66,0.0,0.0,0.0,0.0,0.5,0.7,0.72,0.66,0.72,0.72,0.65,0.69,0.67,0.68,0.69,0.09,0.0,0.0,0.06,0.73,0.3,0.73,0.08,0.28,0.74,0.0,0.73,0.72,0.73,0.72,0.73,0.35,0.72
3189,0.0,0.13,0.12,0.0,0.0,0.13,0.0,0.0,0.31,0.04,0.32,0.16,0.04,0.28,0.28,0.28,0.16,0.27,0.07,0.29,0.3,0.18,0.17,0.31,0.2,0.38,0.0,0.0,0.32,0.17,0.37,0.0,0.0,0.0,0.0,0.17,0.32,0.35,0.28,0.13,0.36,0.28,0.32,0.24,0.32,0.32,0.11,0.0,0.0,0.15,0.4,0.23,0.38,0.04,0.38,0.41,0.0,0.23,0.39,0.39,0.39,0.4,0.16,0.39
3190,0.0,0.03,0.03,0.0,0.0,0.02,0.0,0.0,0.06,0.01,0.06,0.06,0.05,0.06,0.06,0.06,0.06,0.05,0.06,0.06,0.06,0.06,0.05,0.06,0.01,0.07,0.0,0.0,0.06,0.03,0.06,0.0,0.0,0.0,0.0,0.02,0.06,0.06,0.07,0.06,0.06,0.07,0.06,0.06,0.06,0.07,0.03,0.0,0.0,0.02,0.06,0.07,0.06,0.06,0.06,0.06,0.0,0.06,0.06,0.06,0.06,0.06,0.02,0.06
3191,0.0,0.0,0.0,0.0,0.0,0.0,0.0,0.0,0.0,0.0,0.0,0.0,0.0,0.0,0.0,0.0,0.0,0.0,0.0,0.0,0.0,0.0,0.0,0.0,0.0,0.0,0.0,0.0,0.0,0.0,0.0,0.0,0.0,0.0,0.0,0.0,0.0,0.0,0.0,0.0,0.0,0.0,0.0,0.0,0.0,0.0,0.0,0.0,0.0,0.0,0.0,0.0,0.0,0.0,0.0,0.0,0.0,0.0,0.0,0.0,0.0,0.0,0.0,0.0
3192,0.0,0.0,0.0,0.0,0.0,0.0,0.0,0.0,0.0,0.0,0.0,0.0,0.0,0.0,0.0,0.0,0.0,0.0,0.0,0.0,0.0,0.0,0.0,0.0,0.0,0.0,0.0,0.0,0.0,0.0,0.0,0.0,0.0,0.0,0.0,0.0,0.0,0.0,0.0,0.0,0.0,0.0,0.0,0.0,0.0,0.0,0.0,0.0,0.0,0.0,0.0,0.0,0.0,0.0,0.0,0.0,0.0,0.0,0.0,0.0,0.0,0.0,0.0,0.0
3193,0.0,0.0,0.0,0.0,0.0,0.0,0.0,0.0,0.0,0.0,0.0,0.0,0.0,0.0,0.0,0.0,0.0,0.0,0.0,0.0,0.0,0.0,0.0,0.0,0.0,0.0,0.0,0.0,0.0,0.0,0.0,0.0,0.0,0.0,0.0,0.0,0.0,0.0,0.0,0.0,0.0,0.0,0.0,0.0,0.0,0.0,0.0,0.0,0.0,0.0,0.0,0.0,0.0,0.0,0.0,0.0,0.0,0.0,0.0,0.0,0.0,0.0,0.0,0.0
3194,0.0,0.0,0.0,0.0,0.0,0.0,0.0,0.0,0.0,0.0,0.0,0.0,0.0,0.0,0.0,0.0,0.0,0.0,0.0,0.0,0.0,0.0,0.0,0.0,0.0,0.0,0.0,0.0,0.0,0.0,0.0,0.0,0.0,0.0,0.0,0.0,0.0,0.0,0.0,0.0,0.0,0.0,0.0,0.0,0.0,0.0,0.0,0.0,0.0,0.0,0.0,0.0,0.0,0.0,0.0,0.0,0.0,0.0,0.0,0.0,0.0,0.0,0.0,0.0
3195,0.0,0.0,0.0,0.0,0.0,0.0,0.0,0.0,0.0,0.0,0.0,0.0,0.0,0.0,0.0,0.0,0.0,0.0,0.0,0.0,0.0,0.0,0.0,0.0,0.0,0.0,0.0,0.0,0.0,0.0,0.0,0.0,0.0,0.0,0.0,0.0,0.0,0.0,0.0,0.0,0.0,0.0,0.0,0.0,0.0,0.0,0.0,0.0,0.0,0.0,0.0,0.0,0.0,0.0,0.0,0.0,0.0,0.0,0.0,0.0,0.0,0.0,0.0,0.0
3196,0.0,0.0,0.0,0.0,0.0,0.0,0.0,0.0,0.0,0.0,0.0,0.0,0.0,0.0,0.0,0.0,0.0,0.0,0.0,0.0,0.0,0.0,0.0,0.0,0.0,0.0,0.0,0.0,0.0,0.0,0.0,0.0,0.0,0.0,0.0,0.0,0.0,0.0,0.0,0.0,0.0,0.0,0.0,0.0,0.0,0.0,0.0,0.0,0.0,0.0,0.0,0.0,0.0,0.0,0.0,0.0,0.0,0.0,0.0,0.0,0.0,0.0,0.0,0.0
3197,0.0,0.0,0.0,0.0,0.0,0.0,0.0,0.0,0.0,0.0,0.0,0.0,0.0,0.0,0.0,0.0,0.0,0.0,0.0,0.0,0.0,0.0,0.0,0.0,0.0,0.0,0.0,0.0,0.0,0.0,0.0,0.0,0.0,0.0,0.0,0.0,0.0,0.0,0.0,0.0,0.0,0.0,0.0,0.0,0.0,0.0,0.0,0.0,0.0,0.0,0.0,0.0,0.0,0.0,0.0,0.0,0.0,0.0,0.0,0.0,0.0,0.0,0.0,0.0
3198,0.0,0.0,0.0,0.0,0.0,0.0,0.0,0.0,0.0,0.0,0.0,0.0,0.0,0.0,0.0,0.0,0.0,0.0,0.0,0.0,0.0,0.0,0.0,0.0,0.0,0.0,0.0,0.0,0.0,0.0,0.0,0.0,0.0,0.0,0.0,0.0,0.0,0.0,0.0,0.0,0.0,0.0,0.0,0.0,0.0,0.0,0.0,0.0,0.0,0.0,0.0,0.0,0.0,0.0,0.0,0.0,0.0,0.0,0.0,0.0,0.0,0.0,0.0,0.0
3199,0.0,0.0,0.0,0.0,0.0,0.0,0.0,0.0,0.0,0.0,0.0,0.0,0.0,0.0,0.0,0.0,0.0,0.0,0.0,0.0,0.0,0.0,0.0,0.0,0.0,0.0,0.0,0.0,0.0,0.0,0.0,0.0,0.0,0.0,0.0,0.0,0.0,0.0,0.0,0.0,0.0,0.0,0.0,0.0,0.0,0.0,0.0,0.0,0.0,0.0,0.0,0.0,0.0,0.0,0.0,0.0,0.0,0.0,0.0,0.0,0.0,0.0,0.0,0.0
3200,0.0,0.0,0.0,0.0,0.0,0.0,0.0,0.0,0.0,0.0,0.0,0.0,0.0,0.0,0.0,0.0,0.0,0.0,0.0,0.0,0.0,0.0,0.0,0.0,0.0,0.0,0.0,0.0,0.0,0.0,0.0,0.0,0.0,0.0,0.0,0.0,0.0,0.0,0.0,0.0,0.0,0.0,0.0,0.0,0.0,0.0,0.0,0.0,0.0,0.0,0.0,0.0,0.0,0.0,0.0,0.0,0.0,0.0,0.0,0.0,0.0,0.0,0.0,0.0
3201,0.0,0.01,0.0,0.0,0.0,0.0,0.0,0.0,0.05,0.05,0.05,0.05,0.04,0.05,0.05,0.05,0.04,0.05,0.05,0.05,0.05,0.05,0.05,0.0,0.02,0.0,0.0,0.0,0.03,0.01,0.0,0.0,0.0,0.0,0.0,0.0,0.04,0.04,0.04,0.04,0.04,0.04,0.04,0.0,0.01,0.04,0.0,0.0,0.0,0.0,0.04,0.04,0.04,0.04,0.04,0.04,0.0,0.04,0.04,0.04,0.04,0.04,0.03,0.04
3202,0.0,0.12,0.11,0.0,0.0,0.03,0.0,0.0,0.2,0.23,0.19,0.21,0.26,0.23,0.23,0.22,0.2,0.25,0.25,0.22,0.22,0.23,0.28,0.04,0.14,0.12,0.0,0.0,0.04,0.12,0.12,0.0,0.0,0.0,0.0,0.03,0.17,0.19,0.15,0.19,0.17,0.15,0.15,0.03,0.05,0.15,0.03,0.0,0.0,0.03,0.13,0.12,0.15,0.13,0.16,0.12,0.0,0.14,0.13,0.14,0.13,0.13,0.13,0.13
3203,0.0,0.11,0.1,0.0,0.0,0.23,0.0,0.0,0.65,0.69,0.63,0.67,0.68,0.67,0.68,0.67,0.66,0.68,0.7,0.67,0.67,0.67,0.68,0.09,0.43,0.59,0.0,0.0,0.18,0.18,0.3,0.0,0.0,0.0,0.0,0.15,0.62,0.65,0.61,0.66,0.64,0.2,0.61,0.08,0.17,0.61,0.11,0.0,0.0,0.14,0.59,0.59,0.59,0.57,0.62,0.58,0.0,0.57,0.59,0.58,0.6,0.59,0.59,0.6
3204,0.0,0.18,0.16,0.0,0.0,0.32,0.0,0.0,0.75,0.78,0.74,0.77,0.75,0.74,0.75,0.75,0.75,0.74,0.77,0.76,0.77,0.74,0.74,0.25,0.72,0.49,0.0,0.0,0.24,0.21,0.18,0.0,0.0,0.0,0.0,0.21,0.73,0.76,0.56,0.76,0.75,0.45,0.75,0.27,0.36,0.54,0.28,0.0,0.0,0.38,0.75,0.75,0.75,0.74,0.77,0.73,0.0,0.74,0.75,0.74,0.76,0.76,0.76,0.76
3205,0.0,0.24,0.24,0.0,0.0,0.36,0.0,0.0,0.76,0.78,0.75,0.75,0.73,0.75,0.74,0.75,0.74,0.73,0.77,0.77,0.77,0.73,0.75,0.76,0.76,0.29,0.0,0.0,0.3,0.27,0.22,0.0,0.0,0.0,0.0,0.32,0.72,0.78,0.56,0.77,0.74,0.55,0.76,0.76,0.74,0.49,0.26,0.0,0.0,0.33,0.75,0.74,0.75,0.75,0.78,0.73,0.0,0.74,0.77,0.76,0.77,0.76,0.77,0.77
3206,0.0,0.35,0.48,0.0,0.0,0.53,0.0,0.0,0.77,0.67,0.77,0.75,0.75,0.74,0.74,0.74,0.76,0.75,0.78,0.77,0.79,0.74,0.77,0.76,0.77,0.41,0.0,0.0,0.62,0.32,0.29,0.0,0.0,0.0,0.0,0.74,0.74,0.79,0.77,0.79,0.79,0.77,0.76,0.76,0.75,0.77,0.56,0.0,0.0,0.75,0.75,0.76,0.75,0.75,0.78,0.74,0.0,0.76,0.78,0.76,0.76,0.76,0.77,0.78
3207,0.0,0.8,0.79,0.0,0.0,0.72,0.0,0.0,0.77,0.32,0.78,0.78,0.77,0.77,0.75,0.74,0.78,0.78,0.79,0.75,0.79,0.77,0.77,0.77,0.78,0.79,0.0,0.0,0.78,0.8,0.37,0.0,0.0,0.0,0.0,0.76,0.77,0.8,0.76,0.57,0.81,0.76,0.77,0.77,0.77,0.78,0.74,0.0,0.0,0.74,0.78,0.77,0.77,0.74,0.79,0.74,0.0,0.76,0.79,0.76,0.78,0.77,0.78,0.78
3208,0.0,0.78,0.78,0.0,0.0,0.78,0.0,0.0,0.76,0.3,0.78,0.8,0.78,0.78,0.77,0.79,0.8,0.8,0.81,0.76,0.8,0.78,0.78,0.78,0.71,0.78,0.0,0.0,0.78,0.79,0.78,0.0,0.0,0.0,0.0,0.75,0.78,0.8,0.77,0.55,0.81,0.77,0.76,0.78,0.78,0.78,0.79,0.0,0.0,0.79,0.8,0.79,0.8,0.77,0.77,0.77,0.0,0.78,0.79,0.78,0.8,0.79,0.37,0.78
3209,0.0,0.77,0.77,0.0,0.0,0.77,0.0,0.0,0.76,0.45,0.77,0.8,0.78,0.78,0.79,0.82,0.8,0.8,0.8,0.77,0.79,0.78,0.78,0.79,0.81,0.76,0.0,0.0,0.77,0.77,0.77,0.0,0.0,0.0,0.0,0.75,0.78,0.8,0.78,0.8,0.8,0.77,0.76,0.79,0.78,0.77,0.78,0.0,0.0,0.78,0.8,0.79,0.8,0.78,0.79,0.78,0.0,0.79,0.78,0.78,0.8,0.79,0.78,0.79
3210,0.0,0.76,0.75,0.0,0.0,0.49,0.0,0.0,0.74,0.22,0.75,0.78,0.76,0.77,0.8,0.8,0.78,0.79,0.79,0.78,0.78,0.76,0.77,0.79,0.8,0.75,0.0,0.0,0.74,0.76,0.76,0.0,0.0,0.0,0.0,0.75,0.77,0.8,0.77,0.79,0.79,0.77,0.76,0.78,0.77,0.77,0.26,0.0,0.0,0.17,0.8,0.78,0.78,0.78,0.78,0.78,0.0,0.77,0.77,0.78,0.79,0.79,0.77,0.79
3211,0.0,0.73,0.72,0.0,0.0,0.08,0.0,0.0,0.71,0.25,0.72,0.74,0.72,0.74,0.76,0.77,0.74,0.75,0.74,0.76,0.74,0.72,0.73,0.77,0.76,0.73,0.0,0.0,0.72,0.73,0.74,0.0,0.0,0.0,0.0,0.74,0.74,0.77,0.75,0.76,0.76,0.75,0.74,0.76,0.76,0.75,0.74,0.0,0.0,0.11,0.77,0.76,0.74,0.76,0.76,0.74,0.0,0.73,0.75,0.76,0.76,0.77,0.75,0.76
3212,0.0,0.66,0.66,0.0,0.0,0.11,0.0,0.0,0.67,0.69,0.66,0.67,0.63,0.66,0.68,0.69,0.68,0.66,0.66,0.68,0.67,0.65,0.65,0.69,0.69,0.68,0.0,0.0,0.67,0.67,0.68,0.0,0.0,0.0,0.0,0.67,0.66,0.7,0.68,0.69,0.69,0.68,0.68,0.69,0.7,0.69,0.67,0.0,0.0,0.68,0.7,0.7,0.67,0.68,0.68,0.48,0.0,0.66,0.7,0.68,0.7,0.7,0.68,0.7
3213,0.0,0.38,0.38,0.0,0.0,0.08,0.0,0.0,0.32,0.12,0.33,0.32,0.25,0.29,0.29,0.3,0.33,0.27,0.28,0.3,0.3,0.28,0.24,0.34,0.32,0.06,0.0,0.0,0.37,0.38,0.14,0.0,0.0,0.0,0.0,0.36,0.15,0.34,0.36,0.34,0.35,0.36,0.36,0.34,0.34,0.36,0.02,0.0,0.0,0.05,0.39,0.4,0.37,0.39,0.33,0.38,0.0,0.37,0.39,0.36,0.39,0.39,0.38,0.39
3214,0.0,0.06,0.06,0.0,0.0,0.01,0.0,0.0,0.05,0.05,0.05,0.05,0.05,0.05,0.05,0.05,0.05,0.01,0.01,0.05,0.05,0.05,0.05,0.06,0.06,0.01,0.0,0.0,0.04,0.02,0.01,0.0,0.0,0.0,0.0,0.06,0.06,0.05,0.06,0.05,0.05,0.06,0.06,0.06,0.06,0.06,0.01,0.0,0.0,0.02,0.05,0.06,0.05,0.05,0.05,0.05,0.0,0.06,0.05,0.05,0.05,0.05,0.06,0.06
3215,0.0,0.0,0.0,0.0,0.0,0.0,0.0,0.0,0.0,0.0,0.0,0.0,0.0,0.0,0.0,0.0,0.0,0.0,0.0,0.0,0.0,0.0,0.0,0.0,0.0,0.0,0.0,0.0,0.0,0.0,0.0,0.0,0.0,0.0,0.0,0.0,0.0,0.0,0.0,0.0,0.0,0.0,0.0,0.0,0.0,0.0,0.0,0.0,0.0,0.0,0.0,0.0,0.0,0.0,0.0,0.0,0.0,0.0,0.0,0.0,0.0,0.0,0.0,0.0
3216,0.0,0.0,0.0,0.0,0.0,0.0,0.0,0.0,0.0,0.0,0.0,0.0,0.0,0.0,0.0,0.0,0.0,0.0,0.0,0.0,0.0,0.0,0.0,0.0,0.0,0.0,0.0,0.0,0.0,0.0,0.0,0.0,0.0,0.0,0.0,0.0,0.0,0.0,0.0,0.0,0.0,0.0,0.0,0.0,0.0,0.0,0.0,0.0,0.0,0.0,0.0,0.0,0.0,0.0,0.0,0.0,0.0,0.0,0.0,0.0,0.0,0.0,0.0,0.0
3217,0.0,0.0,0.0,0.0,0.0,0.0,0.0,0.0,0.0,0.0,0.0,0.0,0.0,0.0,0.0,0.0,0.0,0.0,0.0,0.0,0.0,0.0,0.0,0.0,0.0,0.0,0.0,0.0,0.0,0.0,0.0,0.0,0.0,0.0,0.0,0.0,0.0,0.0,0.0,0.0,0.0,0.0,0.0,0.0,0.0,0.0,0.0,0.0,0.0,0.0,0.0,0.0,0.0,0.0,0.0,0.0,0.0,0.0,0.0,0.0,0.0,0.0,0.0,0.0
3218,0.0,0.0,0.0,0.0,0.0,0.0,0.0,0.0,0.0,0.0,0.0,0.0,0.0,0.0,0.0,0.0,0.0,0.0,0.0,0.0,0.0,0.0,0.0,0.0,0.0,0.0,0.0,0.0,0.0,0.0,0.0,0.0,0.0,0.0,0.0,0.0,0.0,0.0,0.0,0.0,0.0,0.0,0.0,0.0,0.0,0.0,0.0,0.0,0.0,0.0,0.0,0.0,0.0,0.0,0.0,0.0,0.0,0.0,0.0,0.0,0.0,0.0,0.0,0.0
3219,0.0,0.0,0.0,0.0,0.0,0.0,0.0,0.0,0.0,0.0,0.0,0.0,0.0,0.0,0.0,0.0,0.0,0.0,0.0,0.0,0.0,0.0,0.0,0.0,0.0,0.0,0.0,0.0,0.0,0.0,0.0,0.0,0.0,0.0,0.0,0.0,0.0,0.0,0.0,0.0,0.0,0.0,0.0,0.0,0.0,0.0,0.0,0.0,0.0,0.0,0.0,0.0,0.0,0.0,0.0,0.0,0.0,0.0,0.0,0.0,0.0,0.0,0.0,0.0
3220,0.0,0.0,0.0,0.0,0.0,0.0,0.0,0.0,0.0,0.0,0.0,0.0,0.0,0.0,0.0,0.0,0.0,0.0,0.0,0.0,0.0,0.0,0.0,0.0,0.0,0.0,0.0,0.0,0.0,0.0,0.0,0.0,0.0,0.0,0.0,0.0,0.0,0.0,0.0,0.0,0.0,0.0,0.0,0.0,0.0,0.0,0.0,0.0,0.0,0.0,0.0,0.0,0.0,0.0,0.0,0.0,0.0,0.0,0.0,0.0,0.0,0.0,0.0,0.0
3221,0.0,0.0,0.0,0.0,0.0,0.0,0.0,0.0,0.0,0.0,0.0,0.0,0.0,0.0,0.0,0.0,0.0,0.0,0.0,0.0,0.0,0.0,0.0,0.0,0.0,0.0,0.0,0.0,0.0,0.0,0.0,0.0,0.0,0.0,0.0,0.0,0.0,0.0,0.0,0.0,0.0,0.0,0.0,0.0,0.0,0.0,0.0,0.0,0.0,0.0,0.0,0.0,0.0,0.0,0.0,0.0,0.0,0.0,0.0,0.0,0.0,0.0,0.0,0.0
3222,0.0,0.0,0.0,0.0,0.0,0.0,0.0,0.0,0.0,0.0,0.0,0.0,0.0,0.0,0.0,0.0,0.0,0.0,0.0,0.0,0.0,0.0,0.0,0.0,0.0,0.0,0.0,0.0,0.0,0.0,0.0,0.0,0.0,0.0,0.0,0.0,0.0,0.0,0.0,0.0,0.0,0.0,0.0,0.0,0.0,0.0,0.0,0.0,0.0,0.0,0.0,0.0,0.0,0.0,0.0,0.0,0.0,0.0,0.0,0.0,0.0,0.0,0.0,0.0
3223,0.0,0.0,0.0,0.0,0.0,0.0,0.0,0.0,0.0,0.0,0.0,0.0,0.0,0.0,0.0,0.0,0.0,0.0,0.0,0.0,0.0,0.0,0.0,0.0,0.0,0.0,0.0,0.0,0.0,0.0,0.0,0.0,0.0,0.0,0.0,0.0,0.0,0.0,0.0,0.0,0.0,0.0,0.0,0.0,0.0,0.0,0.0,0.0,0.0,0.0,0.0,0.0,0.0,0.0,0.0,0.0,0.0,0.0,0.0,0.0,0.0,0.0,0.0,0.0
3224,0.0,0.0,0.0,0.0,0.0,0.0,0.0,0.0,0.0,0.0,0.0,0.0,0.0,0.0,0.0,0.0,0.0,0.0,0.0,0.0,0.0,0.0,0.0,0.0,0.0,0.0,0.0,0.0,0.0,0.0,0.0,0.0,0.0,0.0,0.0,0.0,0.0,0.0,0.0,0.0,0.0,0.0,0.0,0.0,0.0,0.0,0.0,0.0,0.0,0.0,0.0,0.0,0.0,0.0,0.0,0.0,0.0,0.0,0.0,0.0,0.0,0.0,0.0,0.0
3225,0.0,0.02,0.03,0.0,0.0,0.03,0.0,0.0,0.02,0.05,0.02,0.03,0.04,0.02,0.02,0.02,0.02,0.05,0.05,0.02,0.05,0.03,0.04,0.02,0.04,0.02,0.0,0.0,0.02,0.03,0.02,0.0,0.0,0.0,0.0,0.02,0.02,0.02,0.03,0.02,0.02,0.04,0.04,0.02,0.02,0.02,0.03,0.0,0.0,0.02,0.02,0.02,0.02,0.02,0.03,0.01,0.0,0.0,0.02,0.02,0.02,0.02,0.02,0.02
3226,0.0,0.11,0.12,0.0,0.0,0.15,0.0,0.0,0.19,0.22,0.18,0.19,0.26,0.22,0.22,0.21,0.18,0.24,0.24,0.2,0.21,0.22,0.26,0.18,0.19,0.12,0.0,0.0,0.13,0.12,0.12,0.0,0.0,0.0,0.0,0.08,0.16,0.17,0.12,0.17,0.13,0.15,0.15,0.17,0.17,0.14,0.15,0.0,0.0,0.15,0.12,0.12,0.14,0.12,0.15,0.01,0.0,0.13,0.13,0.14,0.12,0.12,0.12,0.13
3227,0.0,0.56,0.56,0.0,0.0,0.57,0.0,0.0,0.63,0.69,0.61,0.66,0.7,0.68,0.67,0.66,0.63,0.68,0.7,0.65,0.69,0.68,0.7,0.62,0.62,0.57,0.0,0.0,0.56,0.56,0.56,0.0,0.0,0.0,0.0,0.58,0.6,0.62,0.59,0.62,0.17,0.59,0.58,0.61,0.61,0.6,0.58,0.0,0.0,0.58,0.57,0.57,0.6,0.13,0.14,0.03,0.0,0.2,0.57,0.06,0.57,0.57,0.57,0.57
3228,0.0,0.71,0.72,0.0,0.0,0.7,0.0,0.0,0.72,0.75,0.71,0.76,0.75,0.74,0.73,0.72,0.74,0.76,0.77,0.72,0.68,0.74,0.76,0.72,0.68,0.72,0.0,0.0,0.7,0.71,0.71,0.0,0.0,0.0,0.0,0.72,0.72,0.72,0.72,0.73,0.24,0.33,0.26,0.71,0.72,0.5,0.7,0.0,0.0,0.7,0.72,0.72,0.72,0.23,0.73,0.04,0.0,0.05,0.71,0.15,0.72,0.71,0.72,0.72
3229,0.0,0.77,0.77,0.0,0.0,0.75,0.0,0.0,0.77,0.81,0.77,0.8,0.79,0.78,0.77,0.76,0.79,0.8,0.82,0.76,0.75,0.78,0.79,0.77,0.72,0.78,0.0,0.0,0.76,0.77,0.76,0.0,0.0,0.0,0.0,0.78,0.25,0.41,0.78,0.45,0.25,0.78,0.77,0.76,0.77,0.78,0.75,0.0,0.0,0.75,0.36,0.77,0.09,0.22,0.38,0.1,0.0,0.22,0.47,0.11,0.77,0.27,0.78,0.65
3230,0.0,0.76,0.77,0.0,0.0,0.76,0.0,0.0,0.76,0.8,0.76,0.81,0.79,0.76,0.77,0.76,0.79,0.8,0.81,0.76,0.8,0.77,0.79,0.77,0.74,0.78,0.0,0.0,0.76,0.77,0.77,0.0,0.0,0.0,0.0,0.77,0.77,0.79,0.77,0.8,0.78,0.77,0.77,0.76,0.77,0.77,0.76,0.0,0.0,0.76,0.44,0.68,0.41,0.29,0.1,0.14,0.0,0.13,0.36,0.11,0.27,0.54,0.78,0.4
3231,0.0,0.78,0.78,0.0,0.0,0.79,0.0,0.0,0.78,0.79,0.78,0.81,0.79,0.78,0.79,0.78,0.79,0.81,0.81,0.78,0.81,0.78,0.79,0.77,0.76,0.76,0.0,0.0,0.2,0.78,0.77,0.0,0.0,0.0,0.0,0.79,0.79,0.8,0.79,0.8,0.31,0.79,0.78,0.77,0.79,0.79,0.79,0.0,0.0,0.78,0.24,0.33,0.22,0.1,0.09,0.08,0.0,0.06,0.51,0.22,0.55,0.19,0.11,0.62
3232,0.0,0.76,0.77,0.0,0.0,0.79,0.0,0.0,0.78,0.58,0.77,0.43,0.79,0.79,0.8,0.79,0.76,0.8,0.81,0.78,0.16,0.8,0.79,0.78,0.78,0.72,0.0,0.0,0.68,0.76,0.54,0.0,0.0,0.0,0.0,0.78,0.78,0.23,0.1,0.24,0.2,0.16,0.12,0.78,0.78,0.1,0.79,0.0,0.0,0.79,0.71,0.76,0.09,0.78,0.17,0.04,0.0,0.59,0.65,0.07,0.67,0.73,0.54,0.66
3233,0.0,0.78,0.79,0.0,0.0,0.8,0.0,0.0,0.76,0.12,0.16,0.24,0.78,0.79,0.79,0.79,0.05,0.8,0.8,0.79,0.1,0.8,0.78,0.15,0.79,0.78,0.0,0.0,0.76,0.78,0.78,0.0,0.0,0.0,0.0,0.32,0.09,0.06,0.72,0.04,0.2,0.74,0.12,0.07,0.1,0.42,0.79,0.0,0.0,0.79,0.04,0.35,0.12,0.22,0.04,0.78,0.0,0.63,0.08,0.14,0.73,0.04,0.78,0.29
3234,0.0,0.34,0.77,0.0,0.0,0.78,0.0,0.0,0.06,0.25,0.66,0.03,0.76,0.77,0.77,0.77,0.08,0.15,0.14,0.77,0.34,0.77,0.76,0.07,0.77,0.77,0.0,0.0,0.43,0.77,0.76,0.0,0.0,0.0,0.0,0.42,0.34,0.08,0.77,0.17,0.1,0.76,0.08,0.07,0.07,0.77,0.77,0.0,0.0,0.77,0.13,0.72,0.09,0.78,0.08,0.76,0.0,0.78,0.08,0.4,0.54,0.1,0.16,0.25
3235,0.0,0.26,0.75,0.0,0.0,0.75,0.0,0.0,0.33,0.24,0.12,0.03,0.72,0.73,0.73,0.73,0.1,0.05,0.09,0.48,0.04,0.74,0.72,0.75,0.74,0.74,0.0,0.0,0.43,0.75,0.7,0.0,0.0,0.0,0.0,0.35,0.04,0.07,0.47,0.06,0.08,0.15,0.2,0.08,0.75,0.28,0.75,0.0,0.0,0.75,0.34,0.37,0.74,0.75,0.75,0.73,0.0,0.74,0.38,0.73,0.65,0.67,0.27,0.27
3236,0.0,0.68,0.68,0.0,0.0,0.68,0.0,0.0,0.67,0.02,0.67,0.69,0.64,0.65,0.64,0.66,0.02,0.06,0.02,0.67,0.02,0.63,0.5,0.68,0.68,0.41,0.0,0.0,0.19,0.62,0.63,0.0,0.0,0.0,0.0,0.52,0.66,0.67,0.66,0.07,0.67,0.67,0.64,0.26,0.68,0.67,0.68,0.0,0.0,0.68,0.69,0.68,0.57,0.64,0.68,0.66,0.0,0.66,0.68,0.67,0.69,0.68,0.39,0.69
3237,0.0,0.41,0.2,0.0,0.0,0.37,0.0,0.0,0.33,0.01,0.34,0.01,0.24,0.3,0.3,0.28,0.03,0.01,0.01,0.24,0.0,0.3,0.17,0.1,0.34,0.4,0.0,0.0,0.35,0.29,0.24,0.0,0.0,0.0,0.0,0.33,0.35,0.35,0.19,0.35,0.18,0.26,0.15,0.35,0.22,0.26,0.37,0.0,0.0,0.37,0.17,0.25,0.18,0.22,0.38,0.39,0.0,0.39,0.2,0.38,0.14,0.33,0.21,0.14
3238,0.0,0.05,0.05,0.0,0.0,0.04,0.0,0.0,0.04,0.0,0.04,0.0,0.04,0.04,0.04,0.04,0.04,0.0,0.0,0.04,0.03,0.04,0.05,0.06,0.04,0.05,0.0,0.0,0.04,0.05,0.04,0.0,0.0,0.0,0.0,0.04,0.04,0.06,0.06,0.06,0.04,0.06,0.06,0.06,0.06,0.05,0.04,0.0,0.0,0.04,0.03,0.04,0.01,0.05,0.04,0.04,0.0,0.04,0.03,0.04,0.02,0.03,0.04,0.02
3239,0.0,0.0,0.0,0.0,0.0,0.0,0.0,0.0,0.0,0.0,0.0,0.0,0.0,0.0,0.0,0.0,0.0,0.0,0.0,0.0,0.0,0.0,0.0,0.0,0.0,0.0,0.0,0.0,0.0,0.0,0.0,0.0,0.0,0.0,0.0,0.0,0.0,0.0,0.0,0.0,0.0,0.0,0.0,0.0,0.0,0.0,0.0,0.0,0.0,0.0,0.0,0.0,0.0,0.0,0.0,0.0,0.0,0.0,0.0,0.0,0.0,0.0,0.0,0.0
3240,0.0,0.0,0.0,0.0,0.0,0.0,0.0,0.0,0.0,0.0,0.0,0.0,0.0,0.0,0.0,0.0,0.0,0.0,0.0,0.0,0.0,0.0,0.0,0.0,0.0,0.0,0.0,0.0,0.0,0.0,0.0,0.0,0.0,0.0,0.0,0.0,0.0,0.0,0.0,0.0,0.0,0.0,0.0,0.0,0.0,0.0,0.0,0.0,0.0,0.0,0.0,0.0,0.0,0.0,0.0,0.0,0.0,0.0,0.0,0.0,0.0,0.0,0.0,0.0
3241,0.0,0.0,0.0,0.0,0.0,0.0,0.0,0.0,0.0,0.0,0.0,0.0,0.0,0.0,0.0,0.0,0.0,0.0,0.0,0.0,0.0,0.0,0.0,0.0,0.0,0.0,0.0,0.0,0.0,0.0,0.0,0.0,0.0,0.0,0.0,0.0,0.0,0.0,0.0,0.0,0.0,0.0,0.0,0.0,0.0,0.0,0.0,0.0,0.0,0.0,0.0,0.0,0.0,0.0,0.0,0.0,0.0,0.0,0.0,0.0,0.0,0.0,0.0,0.0
3242,0.0,0.0,0.0,0.0,0.0,0.0,0.0,0.0,0.0,0.0,0.0,0.0,0.0,0.0,0.0,0.0,0.0,0.0,0.0,0.0,0.0,0.0,0.0,0.0,0.0,0.0,0.0,0.0,0.0,0.0,0.0,0.0,0.0,0.0,0.0,0.0,0.0,0.0,0.0,0.0,0.0,0.0,0.0,0.0,0.0,0.0,0.0,0.0,0.0,0.0,0.0,0.0,0.0,0.0,0.0,0.0,0.0,0.0,0.0,0.0,0.0,0.0,0.0,0.0
3243,0.0,0.0,0.0,0.0,0.0,0.0,0.0,0.0,0.0,0.0,0.0,0.0,0.0,0.0,0.0,0.0,0.0,0.0,0.0,0.0,0.0,0.0,0.0,0.0,0.0,0.0,0.0,0.0,0.0,0.0,0.0,0.0,0.0,0.0,0.0,0.0,0.0,0.0,0.0,0.0,0.0,0.0,0.0,0.0,0.0,0.0,0.0,0.0,0.0,0.0,0.0,0.0,0.0,0.0,0.0,0.0,0.0,0.0,0.0,0.0,0.0,0.0,0.0,0.0
3244,0.0,0.0,0.0,0.0,0.0,0.0,0.0,0.0,0.0,0.0,0.0,0.0,0.0,0.0,0.0,0.0,0.0,0.0,0.0,0.0,0.0,0.0,0.0,0.0,0.0,0.0,0.0,0.0,0.0,0.0,0.0,0.0,0.0,0.0,0.0,0.0,0.0,0.0,0.0,0.0,0.0,0.0,0.0,0.0,0.0,0.0,0.0,0.0,0.0,0.0,0.0,0.0,0.0,0.0,0.0,0.0,0.0,0.0,0.0,0.0,0.0,0.0,0.0,0.0
3245,0.0,0.0,0.0,0.0,0.0,0.0,0.0,0.0,0.0,0.0,0.0,0.0,0.0,0.0,0.0,0.0,0.0,0.0,0.0,0.0,0.0,0.0,0.0,0.0,0.0,0.0,0.0,0.0,0.0,0.0,0.0,0.0,0.0,0.0,0.0,0.0,0.0,0.0,0.0,0.0,0.0,0.0,0.0,0.0,0.0,0.0,0.0,0.0,0.0,0.0,0.0,0.0,0.0,0.0,0.0,0.0,0.0,0.0,0.0,0.0,0.0,0.0,0.0,0.0
3246,0.0,0.0,0.0,0.0,0.0,0.0,0.0,0.0,0.0,0.0,0.0,0.0,0.0,0.0,0.0,0.0,0.0,0.0,0.0,0.0,0.0,0.0,0.0,0.0,0.0,0.0,0.0,0.0,0.0,0.0,0.0,0.0,0.0,0.0,0.0,0.0,0.0,0.0,0.0,0.0,0.0,0.0,0.0,0.0,0.0,0.0,0.0,0.0,0.0,0.0,0.0,0.0,0.0,0.0,0.0,0.0,0.0,0.0,0.0,0.0,0.0,0.0,0.0,0.0
3247,0.0,0.0,0.0,0.0,0.0,0.0,0.0,0.0,0.0,0.0,0.0,0.0,0.0,0.0,0.0,0.0,0.0,0.0,0.0,0.0,0.0,0.0,0.0,0.0,0.0,0.0,0.0,0.0,0.0,0.0,0.0,0.0,0.0,0.0,0.0,0.0,0.0,0.0,0.0,0.0,0.0,0.0,0.0,0.0,0.0,0.0,0.0,0.0,0.0,0.0,0.0,0.0,0.0,0.0,0.0,0.0,0.0,0.0,0.0,0.0,0.0,0.0,0.0,0.0
3248,0.0,0.0,0.0,0.0,0.0,0.0,0.0,0.0,0.0,0.0,0.0,0.0,0.0,0.0,0.0,0.0,0.0,0.0,0.0,0.0,0.0,0.0,0.0,0.0,0.0,0.0,0.0,0.0,0.0,0.0,0.0,0.0,0.0,0.0,0.0,0.0,0.0,0.0,0.0,0.0,0.0,0.0,0.0,0.0,0.0,0.0,0.0,0.0,0.0,0.0,0.0,0.0,0.0,0.0,0.0,0.0,0.0,0.0,0.0,0.0,0.0,0.0,0.0,0.0
3249,0.0,0.03,0.03,0.0,0.0,0.04,0.0,0.0,0.05,0.01,0.04,0.03,0.01,0.03,0.03,0.04,0.02,0.03,0.03,0.04,0.0,0.03,0.03,0.03,0.05,0.01,0.0,0.0,0.04,0.03,0.03,0.0,0.0,0.0,0.0,0.03,0.03,0.02,0.01,0.03,0.0,0.04,0.04,0.04,0.04,0.01,0.04,0.0,0.0,0.04,0.01,0.03,0.01,0.01,0.01,0.03,0.0,0.02,0.01,0.03,0.0,0.01,0.03,0.0
3250,0.0,0.11,0.11,0.0,0.0,0.15,0.0,0.0,0.12,0.01,0.16,0.09,0.25,0.21,0.18,0.09,0.09,0.17,0.23,0.09,0.05,0.22,0.25,0.17,0.18,0.12,0.0,0.0,0.13,0.09,0.09,0.0,0.0,0.0,0.0,0.08,0.16,0.12,0.08,0.16,0.03,0.14,0.15,0.09,0.17,0.1,0.15,0.0,0.0,0.15,0.1,0.1,0.04,0.08,0.06,0.12,0.0,0.08,0.11,0.14,0.08,0.08,0.13,0.11
3251,0.0,0.52,0.5,0.0,0.0,0.55,0.0,0.0,0.59,0.08,0.58,0.53,0.65,0.48,0.49,0.54,0.53,0.35,0.67,0.57,0.24,0.54,0.64,0.58,0.55,0.56,0.0,0.0,0.56,0.52,0.56,0.0,0.0,0.0,0.0,0.35,0.58,0.54,0.58,0.56,0.12,0.58,0.58,0.32,0.6,0.58,0.56,0.0,0.0,0.56,0.55,0.54,0.18,0.4,0.09,0.54,0.0,0.48,0.49,0.5,0.35,0.51,0.57,0.44
3252,0.0,0.7,0.72,0.0,0.0,0.59,0.0,0.0,0.72,0.04,0.72,0.69,0.4,0.68,0.53,0.27,0.68,0.74,0.73,0.48,0.1,0.66,0.7,0.56,0.67,0.56,0.0,0.0,0.51,0.68,0.47,0.0,0.0,0.0,0.0,0.48,0.54,0.71,0.68,0.71,0.6,0.7,0.63,0.41,0.56,0.72,0.63,0.0,0.0,0.63,0.46,0.74,0.69,0.21,0.73,0.76,0.0,0.62,0.48,0.73,0.67,0.5,0.75,0.53
3253,0.0,0.57,0.52,0.0,0.0,0.64,0.0,0.0,0.72,0.06,0.74,0.61,0.49,0.6,0.32,0.52,0.37,0.64,0.64,0.5,0.78,0.6,0.41,0.19,0.7,0.75,0.0,0.0,0.71,0.56,0.52,0.0,0.0,0.0,0.0,0.43,0.59,0.75,0.68,0.73,0.77,0.52,0.65,0.48,0.25,0.74,0.66,0.0,0.0,0.64,0.48,0.78,0.54,0.15,0.74,0.78,0.0,0.65,0.51,0.73,0.66,0.48,0.78,0.6
3254,0.0,0.62,0.62,0.0,0.0,0.74,0.0,0.0,0.77,0.83,0.78,0.54,0.52,0.77,0.58,0.4,0.68,0.25,0.22,0.69,0.83,0.74,0.65,0.71,0.72,0.8,0.0,0.0,0.8,0.66,0.79,0.0,0.0,0.0,0.0,0.7,0.8,0.78,0.81,0.77,0.81,0.81,0.81,0.63,0.79,0.82,0.73,0.0,0.0,0.74,0.22,0.8,0.81,0.8,0.82,0.81,0.0,0.82,0.74,0.82,0.74,0.26,0.81,0.73
3255,0.0,0.74,0.77,0.0,0.0,0.75,0.0,0.0,0.77,0.84,0.78,0.65,0.59,0.7,0.76,0.75,0.71,0.66,0.67,0.76,0.84,0.69,0.66,0.79,0.76,0.81,0.0,0.0,0.8,0.76,0.79,0.0,0.0,0.0,0.0,0.78,0.8,0.78,0.81,0.76,0.8,0.81,0.8,0.8,0.8,0.81,0.75,0.0,0.0,0.75,0.82,0.79,0.82,0.8,0.83,0.83,0.0,0.82,0.79,0.82,0.75,0.82,0.81,0.78
3256,0.0,0.78,0.78,0.0,0.0,0.75,0.0,0.0,0.76,0.84,0.77,0.35,0.75,0.72,0.73,0.72,0.75,0.65,0.69,0.76,0.84,0.7,0.42,0.8,0.75,0.8,0.0,0.0,0.79,0.79,0.79,0.0,0.0,0.0,0.0,0.8,0.8,0.76,0.81,0.76,0.79,0.8,0.8,0.79,0.8,0.81,0.75,0.0,0.0,0.76,0.74,0.77,0.79,0.82,0.82,0.83,0.0,0.82,0.7,0.83,0.72,0.77,0.81,0.71
3257,0.0,0.77,0.77,0.0,0.0,0.74,0.0,0.0,0.76,0.84,0.76,0.68,0.74,0.75,0.75,0.74,0.65,0.75,0.79,0.76,0.84,0.76,0.77,0.79,0.47,0.79,0.0,0.0,0.78,0.77,0.78,0.0,0.0,0.0,0.0,0.79,0.79,0.74,0.78,0.69,0.75,0.79,0.79,0.79,0.79,0.8,0.75,0.0,0.0,0.75,0.82,0.81,0.83,0.81,0.84,0.83,0.0,0.82,0.81,0.83,0.81,0.82,0.78,0.81
3258,0.0,0.75,0.76,0.0,0.0,0.73,0.0,0.0,0.7,0.83,0.71,0.8,0.74,0.5,0.74,0.76,0.79,0.75,0.77,0.73,0.83,0.64,0.76,0.76,0.76,0.77,0.0,0.0,0.77,0.76,0.76,0.0,0.0,0.0,0.0,0.77,0.76,0.78,0.78,0.78,0.79,0.78,0.77,0.76,0.76,0.78,0.73,0.0,0.0,0.73,0.76,0.78,0.8,0.75,0.8,0.8,0.0,0.69,0.74,0.67,0.73,0.79,0.79,0.71
3259,0.0,0.73,0.73,0.0,0.0,0.72,0.0,0.0,0.7,0.8,0.68,0.77,0.65,0.69,0.7,0.72,0.71,0.76,0.77,0.69,0.73,0.67,0.56,0.73,0.73,0.74,0.0,0.0,0.28,0.74,0.74,0.0,0.0,0.0,0.0,0.75,0.29,0.68,0.76,0.68,0.72,0.76,0.74,0.73,0.74,0.76,0.71,0.0,0.0,0.72,0.52,0.38,0.6,0.5,0.63,0.73,0.0,0.47,0.53,0.63,0.53,0.52,0.69,0.52
3260,0.0,0.55,0.53,0.0,0.0,0.64,0.0,0.0,0.59,0.7,0.49,0.52,0.58,0.59,0.57,0.62,0.4,0.67,0.64,0.6,0.37,0.59,0.07,0.65,0.66,0.68,0.0,0.0,0.17,0.56,0.66,0.0,0.0,0.0,0.0,0.66,0.59,0.39,0.66,0.39,0.42,0.65,0.64,0.65,0.64,0.67,0.64,0.0,0.0,0.64,0.65,0.2,0.69,0.61,0.69,0.4,0.0,0.6,0.66,0.65,0.28,0.63,0.08,0.68
3261,0.0,0.38,0.38,0.0,0.0,0.35,0.0,0.0,0.26,0.33,0.24,0.21,0.01,0.25,0.28,0.29,0.24,0.24,0.24,0.27,0.27,0.26,0.25,0.34,0.33,0.19,0.0,0.0,0.39,0.18,0.39,0.0,0.0,0.0,0.0,0.37,0.34,0.28,0.03,0.29,0.33,0.17,0.06,0.35,0.34,0.04,0.35,0.0,0.0,0.35,0.07,0.04,0.3,0.08,0.33,0.42,0.0,0.38,0.08,0.4,0.11,0.11,0.11,0.07
3262,0.0,0.06,0.06,0.0,0.0,0.06,0.0,0.0,0.06,0.04,0.06,0.04,0.05,0.04,0.04,0.04,0.05,0.05,0.05,0.05,0.06,0.05,0.05,0.04,0.04,0.05,0.0,0.0,0.07,0.06,0.06,0.0,0.0,0.0,0.0,0.05,0.06,0.07,0.03,0.06,0.07,0.05,0.04,0.04,0.05,0.04,0.06,0.0,0.0,0.06,0.06,0.06,0.02,0.05,0.04,0.05,0.0,0.05,0.02,0.05,0.01,0.07,0.06,0.02
3263,0.0,0.0,0.0,0.0,0.0,0.0,0.0,0.0,0.0,0.0,0.0,0.0,0.0,0.0,0.0,0.0,0.0,0.0,0.0,0.0,0.0,0.0,0.0,0.0,0.0,0.0,0.0,0.0,0.0,0.0,0.0,0.0,0.0,0.0,0.0,0.0,0.0,0.0,0.0,0.0,0.0,0.0,0.0,0.0,0.0,0.0,0.0,0.0,0.0,0.0,0.0,0.0,0.0,0.0,0.0,0.0,0.0,0.0,0.0,0.0,0.0,0.0,0.0,0.0
3264,0.0,0.0,0.0,0.0,0.0,0.0,0.0,0.0,0.0,0.0,0.0,0.0,0.0,0.0,0.0,0.0,0.0,0.0,0.0,0.0,0.0,0.0,0.0,0.0,0.0,0.0,0.0,0.0,0.0,0.0,0.0,0.0,0.0,0.0,0.0,0.0,0.0,0.0,0.0,0.0,0.0,0.0,0.0,0.0,0.0,0.0,0.0,0.0,0.0,0.0,0.0,0.0,0.0,0.0,0.0,0.0,0.0,0.0,0.0,0.0,0.0,0.0,0.0,0.0
3265,0.0,0.0,0.0,0.0,0.0,0.0,0.0,0.0,0.0,0.0,0.0,0.0,0.0,0.0,0.0,0.0,0.0,0.0,0.0,0.0,0.0,0.0,0.0,0.0,0.0,0.0,0.0,0.0,0.0,0.0,0.0,0.0,0.0,0.0,0.0,0.0,0.0,0.0,0.0,0.0,0.0,0.0,0.0,0.0,0.0,0.0,0.0,0.0,0.0,0.0,0.0,0.0,0.0,0.0,0.0,0.0,0.0,0.0,0.0,0.0,0.0,0.0,0.0,0.0
3266,0.0,0.0,0.0,0.0,0.0,0.0,0.0,0.0,0.0,0.0,0.0,0.0,0.0,0.0,0.0,0.0,0.0,0.0,0.0,0.0,0.0,0.0,0.0,0.0,0.0,0.0,0.0,0.0,0.0,0.0,0.0,0.0,0.0,0.0,0.0,0.0,0.0,0.0,0.0,0.0,0.0,0.0,0.0,0.0,0.0,0.0,0.0,0.0,0.0,0.0,0.0,0.0,0.0,0.0,0.0,0.0,0.0,0.0,0.0,0.0,0.0,0.0,0.0,0.0
3267,0.0,0.0,0.0,0.0,0.0,0.0,0.0,0.0,0.0,0.0,0.0,0.0,0.0,0.0,0.0,0.0,0.0,0.0,0.0,0.0,0.0,0.0,0.0,0.0,0.0,0.0,0.0,0.0,0.0,0.0,0.0,0.0,0.0,0.0,0.0,0.0,0.0,0.0,0.0,0.0,0.0,0.0,0.0,0.0,0.0,0.0,0.0,0.0,0.0,0.0,0.0,0.0,0.0,0.0,0.0,0.0,0.0,0.0,0.0,0.0,0.0,0.0,0.0,0.0
3268,0.0,0.0,0.0,0.0,0.0,0.0,0.0,0.0,0.0,0.0,0.0,0.0,0.0,0.0,0.0,0.0,0.0,0.0,0.0,0.0,0.0,0.0,0.0,0.0,0.0,0.0,0.0,0.0,0.0,0.0,0.0,0.0,0.0,0.0,0.0,0.0,0.0,0.0,0.0,0.0,0.0,0.0,0.0,0.0,0.0,0.0,0.0,0.0,0.0,0.0,0.0,0.0,0.0,0.0,0.0,0.0,0.0,0.0,0.0,0.0,0.0,0.0,0.0,0.0
3269,0.0,0.0,0.0,0.0,0.0,0.0,0.0,0.0,0.0,0.0,0.0,0.0,0.0,0.0,0.0,0.0,0.0,0.0,0.0,0.0,0.0,0.0,0.0,0.0,0.0,0.0,0.0,0.0,0.0,0.0,0.0,0.0,0.0,0.0,0.0,0.0,0.0,0.0,0.0,0.0,0.0,0.0,0.0,0.0,0.0,0.0,0.0,0.0,0.0,0.0,0.0,0.0,0.0,0.0,0.0,0.0,0.0,0.0,0.0,0.0,0.0,0.0,0.0,0.0
3270,0.0,0.0,0.0,0.0,0.0,0.0,0.0,0.0,0.0,0.0,0.0,0.0,0.0,0.0,0.0,0.0,0.0,0.0,0.0,0.0,0.0,0.0,0.0,0.0,0.0,0.0,0.0,0.0,0.0,0.0,0.0,0.0,0.0,0.0,0.0,0.0,0.0,0.0,0.0,0.0,0.0,0.0,0.0,0.0,0.0,0.0,0.0,0.0,0.0,0.0,0.0,0.0,0.0,0.0,0.0,0.0,0.0,0.0,0.0,0.0,0.0,0.0,0.0,0.0
3271,0.0,0.0,0.0,0.0,0.0,0.0,0.0,0.0,0.0,0.0,0.0,0.0,0.0,0.0,0.0,0.0,0.0,0.0,0.0,0.0,0.0,0.0,0.0,0.0,0.0,0.0,0.0,0.0,0.0,0.0,0.0,0.0,0.0,0.0,0.0,0.0,0.0,0.0,0.0,0.0,0.0,0.0,0.0,0.0,0.0,0.0,0.0,0.0,0.0,0.0,0.0,0.0,0.0,0.0,0.0,0.0,0.0,0.0,0.0,0.0,0.0,0.0,0.0,0.0
3272,0.0,0.0,0.0,0.0,0.0,0.0,0.0,0.0,0.0,0.0,0.0,0.0,0.0,0.0,0.0,0.0,0.0,0.0,0.0,0.0,0.0,0.0,0.0,0.0,0.0,0.0,0.0,0.0,0.0,0.0,0.0,0.0,0.0,0.0,0.0,0.0,0.0,0.0,0.0,0.0,0.0,0.0,0.0,0.0,0.0,0.0,0.0,0.0,0.0,0.0,0.0,0.0,0.0,0.0,0.0,0.0,0.0,0.0,0.0,0.0,0.0,0.0,0.0,0.0
3273,0.0,0.03,0.03,0.0,0.0,0.04,0.0,0.0,0.03,0.02,0.03,0.03,0.05,0.01,0.0,0.01,0.03,0.0,0.01,0.01,0.03,0.0,0.05,0.04,0.0,0.03,0.0,0.0,0.03,0.03,0.03,0.0,0.0,0.0,0.0,0.04,0.03,0.03,0.03,0.03,0.03,0.03,0.03,0.03,0.03,0.03,0.04,0.0,0.0,0.04,0.03,0.03,0.03,0.03,0.03,0.03,0.0,0.03,0.03,0.03,0.03,0.03,0.03,0.03
3274,0.0,0.13,0.13,0.0,0.0,0.15,0.0,0.0,0.21,0.23,0.2,0.22,0.1,0.03,0.05,0.05,0.2,0.03,0.03,0.21,0.23,0.03,0.09,0.19,0.18,0.14,0.0,0.0,0.14,0.14,0.14,0.0,0.0,0.0,0.0,0.16,0.18,0.19,0.16,0.2,0.18,0.16,0.17,0.18,0.19,0.16,0.1,0.0,0.0,0.15,0.14,0.14,0.16,0.14,0.17,0.13,0.0,0.14,0.14,0.15,0.14,0.14,0.1,0.14
3275,0.0,0.56,0.56,0.0,0.0,0.56,0.0,0.0,0.62,0.65,0.6,0.65,0.04,0.1,0.09,0.12,0.63,0.12,0.08,0.18,0.65,0.08,0.03,0.61,0.57,0.57,0.0,0.0,0.57,0.56,0.57,0.0,0.0,0.0,0.0,0.58,0.6,0.63,0.59,0.63,0.62,0.59,0.59,0.61,0.61,0.59,0.56,0.0,0.0,0.56,0.57,0.57,0.59,0.57,0.6,0.56,0.0,0.57,0.58,0.58,0.57,0.57,0.57,0.57
3276,0.0,0.77,0.77,0.0,0.0,0.73,0.0,0.0,0.75,0.74,0.74,0.79,0.06,0.23,0.13,0.21,0.78,0.14,0.39,0.75,0.76,0.16,0.08,0.76,0.71,0.78,0.0,0.0,0.77,0.77,0.78,0.0,0.0,0.0,0.0,0.76,0.76,0.78,0.77,0.78,0.79,0.77,0.76,0.76,0.76,0.77,0.73,0.0,0.0,0.73,0.78,0.78,0.78,0.78,0.79,0.77,0.0,0.78,0.78,0.78,0.77,0.78,0.78,0.77
3277,0.0,0.82,0.83,0.0,0.0,0.78,0.0,0.0,0.8,0.8,0.78,0.83,0.23,0.8,0.79,0.79,0.82,0.37,0.79,0.8,0.81,0.8,0.28,0.8,0.17,0.83,0.0,0.0,0.82,0.82,0.83,0.0,0.0,0.0,0.0,0.8,0.81,0.82,0.82,0.82,0.83,0.81,0.8,0.81,0.8,0.82,0.78,0.0,0.0,0.77,0.84,0.83,0.83,0.82,0.84,0.82,0.0,0.82,0.83,0.83,0.82,0.84,0.83,0.83
3278,0.0,0.83,0.84,0.0,0.0,0.78,0.0,0.0,0.81,0.81,0.81,0.84,0.81,0.81,0.8,0.81,0.84,0.8,0.81,0.81,0.83,0.81,0.8,0.82,0.78,0.84,0.0,0.0,0.83,0.83,0.83,0.0,0.0,0.0,0.0,0.82,0.82,0.84,0.83,0.84,0.85,0.82,0.81,0.82,0.82,0.83,0.79,0.0,0.0,0.78,0.85,0.84,0.85,0.84,0.86,0.83,0.0,0.84,0.84,0.85,0.84,0.85,0.84,0.84
3279,0.0,0.82,0.83,0.0,0.0,0.77,0.0,0.0,0.81,0.82,0.81,0.84,0.8,0.81,0.81,0.81,0.84,0.82,0.82,0.81,0.5,0.81,0.8,0.81,0.76,0.82,0.0,0.0,0.82,0.82,0.82,0.0,0.0,0.0,0.0,0.82,0.82,0.84,0.82,0.84,0.85,0.81,0.81,0.81,0.81,0.82,0.78,0.0,0.0,0.78,0.84,0.83,0.85,0.84,0.86,0.83,0.0,0.84,0.84,0.84,0.84,0.84,0.83,0.84
3280,0.0,0.82,0.83,0.0,0.0,0.78,0.0,0.0,0.82,0.84,0.82,0.85,0.81,0.82,0.81,0.81,0.84,0.83,0.84,0.82,0.7,0.81,0.81,0.81,0.76,0.82,0.0,0.0,0.82,0.82,0.82,0.0,0.0,0.0,0.0,0.81,0.82,0.85,0.82,0.85,0.85,0.82,0.81,0.81,0.81,0.83,0.78,0.0,0.0,0.78,0.85,0.83,0.85,0.84,0.86,0.83,0.0,0.85,0.84,0.85,0.84,0.85,0.82,0.84
3281,0.0,0.82,0.82,0.0,0.0,0.78,0.0,0.0,0.81,0.84,0.82,0.85,0.81,0.81,0.81,0.81,0.84,0.83,0.84,0.81,0.46,0.81,0.81,0.81,0.64,0.83,0.0,0.0,0.81,0.82,0.81,0.0,0.0,0.0,0.0,0.81,0.82,0.85,0.82,0.84,0.84,0.82,0.82,0.81,0.81,0.83,0.78,0.0,0.0,0.78,0.84,0.83,0.85,0.84,0.86,0.83,0.0,0.84,0.84,0.84,0.84,0.83,0.82,0.84
3282,0.0,0.8,0.79,0.0,0.0,0.78,0.0,0.0,0.8,0.83,0.81,0.84,0.8,0.8,0.8,0.79,0.83,0.82,0.83,0.8,0.52,0.8,0.8,0.8,0.76,0.82,0.0,0.0,0.8,0.8,0.8,0.0,0.0,0.0,0.0,0.79,0.8,0.83,0.81,0.83,0.83,0.81,0.8,0.79,0.8,0.81,0.77,0.0,0.0,0.76,0.83,0.82,0.83,0.83,0.84,0.82,0.0,0.83,0.83,0.81,0.83,0.83,0.81,0.83
3283,0.0,0.76,0.76,0.0,0.0,0.75,0.0,0.0,0.76,0.75,0.76,0.8,0.33,0.77,0.76,0.76,0.79,0.78,0.77,0.76,0.78,0.77,0.76,0.77,0.72,0.78,0.0,0.0,0.77,0.77,0.78,0.0,0.0,0.0,0.0,0.76,0.77,0.79,0.78,0.79,0.78,0.77,0.77,0.76,0.77,0.78,0.74,0.0,0.0,0.74,0.78,0.79,0.8,0.8,0.79,0.79,0.0,0.8,0.78,0.79,0.8,0.79,0.79,0.78
3284,0.0,0.72,0.71,0.0,0.0,0.7,0.0,0.0,0.71,0.72,0.7,0.71,0.56,0.71,0.71,0.7,0.72,0.69,0.7,0.71,0.69,0.71,0.7,0.72,0.69,0.74,0.0,0.0,0.73,0.72,0.73,0.0,0.0,0.0,0.0,0.72,0.72,0.74,0.73,0.73,0.74,0.73,0.72,0.71,0.72,0.74,0.7,0.0,0.0,0.71,0.74,0.75,0.76,0.73,0.74,0.74,0.0,0.75,0.73,0.73,0.74,0.74,0.75,0.75
3285,0.0,0.4,0.4,0.0,0.0,0.36,0.0,0.0,0.33,0.3,0.33,0.32,0.26,0.3,0.3,0.3,0.35,0.29,0.27,0.31,0.31,0.29,0.26,0.34,0.32,0.41,0.0,0.0,0.4,0.4,0.4,0.0,0.0,0.0,0.0,0.38,0.36,0.36,0.39,0.36,0.37,0.38,0.38,0.35,0.35,0.39,0.36,0.0,0.0,0.36,0.4,0.42,0.39,0.4,0.38,0.41,0.0,0.4,0.41,0.4,0.41,0.39,0.41,0.41
3286,0.0,0.05,0.05,0.0,0.0,0.05,0.0,0.0,0.04,0.05,0.04,0.04,0.04,0.05,0.05,0.05,0.05,0.05,0.05,0.05,0.04,0.05,0.04,0.04,0.05,0.05,0.0,0.0,0.04,0.05,0.05,0.0,0.0,0.0,0.0,0.04,0.04,0.04,0.04,0.04,0.04,0.04,0.04,0.04,0.04,0.04,0.04,0.0,0.0,0.04,0.06,0.05,0.05,0.06,0.04,0.06,0.0,0.06,0.05,0.05,0.05,0.06,0.05,0.05
3287,0.0,0.0,0.0,0.0,0.0,0.0,0.0,0.0,0.0,0.0,0.0,0.0,0.0,0.0,0.0,0.0,0.0,0.0,0.0,0.0,0.0,0.0,0.0,0.0,0.0,0.0,0.0,0.0,0.0,0.0,0.0,0.0,0.0,0.0,0.0,0.0,0.0,0.0,0.0,0.0,0.0,0.0,0.0,0.0,0.0,0.0,0.0,0.0,0.0,0.0,0.0,0.0,0.0,0.0,0.0,0.0,0.0,0.0,0.0,0.0,0.0,0.0,0.0,0.0
3288,0.0,0.0,0.0,0.0,0.0,0.0,0.0,0.0,0.0,0.0,0.0,0.0,0.0,0.0,0.0,0.0,0.0,0.0,0.0,0.0,0.0,0.0,0.0,0.0,0.0,0.0,0.0,0.0,0.0,0.0,0.0,0.0,0.0,0.0,0.0,0.0,0.0,0.0,0.0,0.0,0.0,0.0,0.0,0.0,0.0,0.0,0.0,0.0,0.0,0.0,0.0,0.0,0.0,0.0,0.0,0.0,0.0,0.0,0.0,0.0,0.0,0.0,0.0,0.0
3289,0.0,0.0,0.0,0.0,0.0,0.0,0.0,0.0,0.0,0.0,0.0,0.0,0.0,0.0,0.0,0.0,0.0,0.0,0.0,0.0,0.0,0.0,0.0,0.0,0.0,0.0,0.0,0.0,0.0,0.0,0.0,0.0,0.0,0.0,0.0,0.0,0.0,0.0,0.0,0.0,0.0,0.0,0.0,0.0,0.0,0.0,0.0,0.0,0.0,0.0,0.0,0.0,0.0,0.0,0.0,0.0,0.0,0.0,0.0,0.0,0.0,0.0,0.0,0.0
3290,0.0,0.0,0.0,0.0,0.0,0.0,0.0,0.0,0.0,0.0,0.0,0.0,0.0,0.0,0.0,0.0,0.0,0.0,0.0,0.0,0.0,0.0,0.0,0.0,0.0,0.0,0.0,0.0,0.0,0.0,0.0,0.0,0.0,0.0,0.0,0.0,0.0,0.0,0.0,0.0,0.0,0.0,0.0,0.0,0.0,0.0,0.0,0.0,0.0,0.0,0.0,0.0,0.0,0.0,0.0,0.0,0.0,0.0,0.0,0.0,0.0,0.0,0.0,0.0
3291,0.0,0.0,0.0,0.0,0.0,0.0,0.0,0.0,0.0,0.0,0.0,0.0,0.0,0.0,0.0,0.0,0.0,0.0,0.0,0.0,0.0,0.0,0.0,0.0,0.0,0.0,0.0,0.0,0.0,0.0,0.0,0.0,0.0,0.0,0.0,0.0,0.0,0.0,0.0,0.0,0.0,0.0,0.0,0.0,0.0,0.0,0.0,0.0,0.0,0.0,0.0,0.0,0.0,0.0,0.0,0.0,0.0,0.0,0.0,0.0,0.0,0.0,0.0,0.0
3292,0.0,0.0,0.0,0.0,0.0,0.0,0.0,0.0,0.0,0.0,0.0,0.0,0.0,0.0,0.0,0.0,0.0,0.0,0.0,0.0,0.0,0.0,0.0,0.0,0.0,0.0,0.0,0.0,0.0,0.0,0.0,0.0,0.0,0.0,0.0,0.0,0.0,0.0,0.0,0.0,0.0,0.0,0.0,0.0,0.0,0.0,0.0,0.0,0.0,0.0,0.0,0.0,0.0,0.0,0.0,0.0,0.0,0.0,0.0,0.0,0.0,0.0,0.0,0.0
3293,0.0,0.0,0.0,0.0,0.0,0.0,0.0,0.0,0.0,0.0,0.0,0.0,0.0,0.0,0.0,0.0,0.0,0.0,0.0,0.0,0.0,0.0,0.0,0.0,0.0,0.0,0.0,0.0,0.0,0.0,0.0,0.0,0.0,0.0,0.0,0.0,0.0,0.0,0.0,0.0,0.0,0.0,0.0,0.0,0.0,0.0,0.0,0.0,0.0,0.0,0.0,0.0,0.0,0.0,0.0,0.0,0.0,0.0,0.0,0.0,0.0,0.0,0.0,0.0
3294,0.0,0.0,0.0,0.0,0.0,0.0,0.0,0.0,0.0,0.0,0.0,0.0,0.0,0.0,0.0,0.0,0.0,0.0,0.0,0.0,0.0,0.0,0.0,0.0,0.0,0.0,0.0,0.0,0.0,0.0,0.0,0.0,0.0,0.0,0.0,0.0,0.0,0.0,0.0,0.0,0.0,0.0,0.0,0.0,0.0,0.0,0.0,0.0,0.0,0.0,0.0,0.0,0.0,0.0,0.0,0.0,0.0,0.0,0.0,0.0,0.0,0.0,0.0,0.0
3295,0.0,0.0,0.0,0.0,0.0,0.0,0.0,0.0,0.0,0.0,0.0,0.0,0.0,0.0,0.0,0.0,0.0,0.0,0.0,0.0,0.0,0.0,0.0,0.0,0.0,0.0,0.0,0.0,0.0,0.0,0.0,0.0,0.0,0.0,0.0,0.0,0.0,0.0,0.0,0.0,0.0,0.0,0.0,0.0,0.0,0.0,0.0,0.0,0.0,0.0,0.0,0.0,0.0,0.0,0.0,0.0,0.0,0.0,0.0,0.0,0.0,0.0,0.0,0.0
3296,0.0,0.0,0.0,0.0,0.0,0.0,0.0,0.0,0.0,0.0,0.0,0.0,0.0,0.0,0.0,0.0,0.0,0.0,0.0,0.0,0.0,0.0,0.0,0.0,0.0,0.0,0.0,0.0,0.0,0.0,0.0,0.0,0.0,0.0,0.0,0.0,0.0,0.0,0.0,0.0,0.0,0.0,0.0,0.0,0.0,0.0,0.0,0.0,0.0,0.0,0.0,0.0,0.0,0.0,0.0,0.0,0.0,0.0,0.0,0.0,0.0,0.0,0.0,0.0
3297,0.0,0.01,0.01,0.0,0.0,0.01,0.0,0.0,0.04,0.04,0.04,0.04,0.05,0.04,0.04,0.05,0.04,0.04,0.04,0.04,0.04,0.04,0.05,0.04,0.04,0.04,0.0,0.0,0.03,0.01,0.04,0.0,0.0,0.0,0.0,0.04,0.04,0.04,0.01,0.04,0.04,0.01,0.01,0.0,0.04,0.01,0.02,0.0,0.0,0.02,0.04,0.04,0.04,0.04,0.04,0.04,0.0,0.04,0.04,0.04,0.04,0.04,0.0,0.04
3298,0.0,0.09,0.09,0.0,0.0,0.1,0.0,0.0,0.19,0.22,0.18,0.2,0.26,0.22,0.22,0.21,0.18,0.24,0.24,0.2,0.21,0.22,0.26,0.18,0.14,0.11,0.0,0.0,0.13,0.09,0.11,0.0,0.0,0.0,0.0,0.14,0.08,0.17,0.1,0.17,0.16,0.1,0.12,0.08,0.17,0.1,0.1,0.0,0.0,0.1,0.12,0.13,0.14,0.12,0.15,0.12,0.0,0.13,0.13,0.13,0.13,0.12,0.12,0.12
3299,0.0,0.34,0.4,0.0,0.0,0.48,0.0,0.0,0.62,0.68,0.6,0.66,0.68,0.66,0.66,0.64,0.64,0.69,0.7,0.64,0.67,0.66,0.68,0.34,0.37,0.26,0.0,0.0,0.27,0.31,0.25,0.0,0.0,0.0,0.0,0.26,0.43,0.62,0.32,0.62,0.61,0.32,0.41,0.38,0.38,0.36,0.43,0.0,0.0,0.45,0.56,0.44,0.59,0.56,0.61,0.55,0.0,0.57,0.56,0.58,0.56,0.55,0.34,0.56
3300,0.0,0.65,0.65,0.0,0.0,0.66,0.0,0.0,0.73,0.79,0.72,0.78,0.77,0.75,0.75,0.74,0.76,0.78,0.8,0.74,0.79,0.75,0.77,0.62,0.66,0.57,0.0,0.0,0.45,0.62,0.55,0.0,0.0,0.0,0.0,0.5,0.63,0.74,0.52,0.75,0.76,0.48,0.54,0.51,0.64,0.52,0.65,0.0,0.0,0.66,0.73,0.59,0.76,0.74,0.76,0.72,0.0,0.75,0.71,0.75,0.74,0.73,0.5,0.73
3301,0.0,0.72,0.73,0.0,0.0,0.72,0.0,0.0,0.76,0.82,0.74,0.81,0.8,0.79,0.77,0.76,0.81,0.82,0.83,0.76,0.82,0.79,0.8,0.69,0.73,0.65,0.0,0.0,0.63,0.73,0.65,0.0,0.0,0.0,0.0,0.69,0.7,0.77,0.68,0.79,0.79,0.68,0.67,0.69,0.7,0.69,0.72,0.0,0.0,0.72,0.79,0.6,0.79,0.77,0.8,0.76,0.0,0.78,0.77,0.79,0.78,0.79,0.61,0.78
3302,0.0,0.75,0.76,0.0,0.0,0.74,0.0,0.0,0.76,0.84,0.77,0.82,0.81,0.8,0.78,0.77,0.82,0.83,0.84,0.76,0.84,0.81,0.82,0.71,0.76,0.74,0.0,0.0,0.62,0.75,0.72,0.0,0.0,0.0,0.0,0.66,0.72,0.81,0.73,0.81,0.81,0.72,0.72,0.7,0.72,0.74,0.75,0.0,0.0,0.74,0.81,0.75,0.8,0.79,0.82,0.78,0.0,0.79,0.8,0.81,0.79,0.81,0.71,0.8
3303,0.0,0.76,0.76,0.0,0.0,0.75,0.0,0.0,0.78,0.84,0.78,0.82,0.81,0.8,0.79,0.78,0.81,0.83,0.84,0.78,0.83,0.8,0.81,0.75,0.76,0.75,0.0,0.0,0.64,0.77,0.75,0.0,0.0,0.0,0.0,0.7,0.74,0.81,0.69,0.81,0.81,0.67,0.75,0.75,0.75,0.74,0.75,0.0,0.0,0.76,0.81,0.7,0.8,0.8,0.82,0.78,0.0,0.79,0.8,0.81,0.79,0.81,0.63,0.78
3304,0.0,0.77,0.76,0.0,0.0,0.75,0.0,0.0,0.79,0.84,0.8,0.82,0.81,0.8,0.79,0.81,0.82,0.82,0.84,0.79,0.83,0.8,0.81,0.74,0.77,0.76,0.0,0.0,0.69,0.77,0.75,0.0,0.0,0.0,0.0,0.75,0.69,0.81,0.65,0.81,0.8,0.64,0.59,0.62,0.73,0.63,0.76,0.0,0.0,0.75,0.78,0.57,0.8,0.78,0.82,0.78,0.0,0.8,0.76,0.81,0.76,0.78,0.64,0.76
3305,0.0,0.48,0.41,0.0,0.0,0.64,0.0,0.0,0.78,0.84,0.78,0.82,0.8,0.78,0.8,0.81,0.81,0.81,0.82,0.79,0.8,0.79,0.81,0.6,0.77,0.62,0.0,0.0,0.76,0.55,0.61,0.0,0.0,0.0,0.0,0.75,0.62,0.81,0.7,0.81,0.76,0.69,0.63,0.66,0.6,0.66,0.71,0.0,0.0,0.68,0.65,0.66,0.79,0.74,0.82,0.77,0.0,0.78,0.65,0.8,0.5,0.66,0.76,0.6
3306,0.0,0.14,0.14,0.0,0.0,0.43,0.0,0.0,0.31,0.81,0.6,0.79,0.78,0.24,0.75,0.68,0.76,0.8,0.8,0.63,0.79,0.76,0.79,0.78,0.64,0.49,0.0,0.0,0.42,0.16,0.48,0.0,0.0,0.0,0.0,0.43,0.76,0.63,0.69,0.64,0.66,0.63,0.75,0.78,0.76,0.76,0.44,0.0,0.0,0.48,0.73,0.77,0.68,0.65,0.79,0.75,0.0,0.66,0.71,0.77,0.76,0.66,0.56,0.76
3307,0.0,0.1,0.21,0.0,0.0,0.63,0.0,0.0,0.73,0.76,0.73,0.75,0.73,0.57,0.64,0.73,0.61,0.77,0.77,0.73,0.77,0.58,0.75,0.56,0.44,0.07,0.0,0.0,0.36,0.05,0.07,0.0,0.0,0.0,0.0,0.12,0.48,0.75,0.43,0.65,0.76,0.4,0.45,0.44,0.6,0.46,0.56,0.0,0.0,0.51,0.74,0.39,0.51,0.59,0.66,0.66,0.0,0.45,0.73,0.71,0.74,0.74,0.38,0.74
3308,0.0,0.05,0.07,0.0,0.0,0.31,0.0,0.0,0.71,0.7,0.71,0.63,0.67,0.64,0.72,0.71,0.56,0.72,0.73,0.72,0.73,0.59,0.69,0.39,0.11,0.04,0.0,0.0,0.05,0.08,0.05,0.0,0.0,0.0,0.0,0.09,0.38,0.71,0.39,0.69,0.7,0.39,0.29,0.34,0.38,0.34,0.4,0.0,0.0,0.44,0.68,0.31,0.61,0.67,0.62,0.6,0.0,0.65,0.67,0.52,0.58,0.69,0.12,0.66
3309,0.0,0.03,0.03,0.0,0.0,0.18,0.0,0.0,0.24,0.32,0.21,0.21,0.22,0.3,0.29,0.19,0.31,0.29,0.3,0.21,0.31,0.3,0.24,0.28,0.02,0.24,0.0,0.0,0.2,0.03,0.14,0.0,0.0,0.0,0.0,0.18,0.28,0.23,0.04,0.28,0.2,0.27,0.29,0.22,0.28,0.07,0.17,0.0,0.0,0.15,0.36,0.13,0.22,0.23,0.29,0.33,0.0,0.23,0.36,0.28,0.23,0.33,0.03,0.3
3310,0.0,0.02,0.02,0.0,0.0,0.05,0.0,0.0,0.05,0.04,0.05,0.06,0.06,0.06,0.05,0.05,0.06,0.05,0.06,0.05,0.04,0.06,0.04,0.06,0.05,0.01,0.0,0.0,0.01,0.03,0.01,0.0,0.0,0.0,0.0,0.02,0.06,0.06,0.01,0.06,0.06,0.04,0.06,0.07,0.06,0.04,0.04,0.0,0.0,0.04,0.07,0.03,0.07,0.07,0.06,0.08,0.0,0.07,0.07,0.07,0.06,0.07,0.02,0.07
3311,0.0,0.0,0.0,0.0,0.0,0.0,0.0,0.0,0.0,0.0,0.0,0.0,0.0,0.0,0.0,0.0,0.0,0.0,0.0,0.0,0.0,0.0,0.0,0.0,0.0,0.0,0.0,0.0,0.0,0.0,0.0,0.0,0.0,0.0,0.0,0.0,0.0,0.0,0.0,0.0,0.0,0.0,0.0,0.0,0.0,0.0,0.0,0.0,0.0,0.0,0.0,0.0,0.0,0.0,0.0,0.0,0.0,0.0,0.0,0.0,0.0,0.0,0.0,0.0
3312,0.0,0.0,0.0,0.0,0.0,0.0,0.0,0.0,0.0,0.0,0.0,0.0,0.0,0.0,0.0,0.0,0.0,0.0,0.0,0.0,0.0,0.0,0.0,0.0,0.0,0.0,0.0,0.0,0.0,0.0,0.0,0.0,0.0,0.0,0.0,0.0,0.0,0.0,0.0,0.0,0.0,0.0,0.0,0.0,0.0,0.0,0.0,0.0,0.0,0.0,0.0,0.0,0.0,0.0,0.0,0.0,0.0,0.0,0.0,0.0,0.0,0.0,0.0,0.0
3313,0.0,0.0,0.0,0.0,0.0,0.0,0.0,0.0,0.0,0.0,0.0,0.0,0.0,0.0,0.0,0.0,0.0,0.0,0.0,0.0,0.0,0.0,0.0,0.0,0.0,0.0,0.0,0.0,0.0,0.0,0.0,0.0,0.0,0.0,0.0,0.0,0.0,0.0,0.0,0.0,0.0,0.0,0.0,0.0,0.0,0.0,0.0,0.0,0.0,0.0,0.0,0.0,0.0,0.0,0.0,0.0,0.0,0.0,0.0,0.0,0.0,0.0,0.0,0.0
3314,0.0,0.0,0.0,0.0,0.0,0.0,0.0,0.0,0.0,0.0,0.0,0.0,0.0,0.0,0.0,0.0,0.0,0.0,0.0,0.0,0.0,0.0,0.0,0.0,0.0,0.0,0.0,0.0,0.0,0.0,0.0,0.0,0.0,0.0,0.0,0.0,0.0,0.0,0.0,0.0,0.0,0.0,0.0,0.0,0.0,0.0,0.0,0.0,0.0,0.0,0.0,0.0,0.0,0.0,0.0,0.0,0.0,0.0,0.0,0.0,0.0,0.0,0.0,0.0
3315,0.0,0.0,0.0,0.0,0.0,0.0,0.0,0.0,0.0,0.0,0.0,0.0,0.0,0.0,0.0,0.0,0.0,0.0,0.0,0.0,0.0,0.0,0.0,0.0,0.0,0.0,0.0,0.0,0.0,0.0,0.0,0.0,0.0,0.0,0.0,0.0,0.0,0.0,0.0,0.0,0.0,0.0,0.0,0.0,0.0,0.0,0.0,0.0,0.0,0.0,0.0,0.0,0.0,0.0,0.0,0.0,0.0,0.0,0.0,0.0,0.0,0.0,0.0,0.0
3316,0.0,0.0,0.0,0.0,0.0,0.0,0.0,0.0,0.0,0.0,0.0,0.0,0.0,0.0,0.0,0.0,0.0,0.0,0.0,0.0,0.0,0.0,0.0,0.0,0.0,0.0,0.0,0.0,0.0,0.0,0.0,0.0,0.0,0.0,0.0,0.0,0.0,0.0,0.0,0.0,0.0,0.0,0.0,0.0,0.0,0.0,0.0,0.0,0.0,0.0,0.0,0.0,0.0,0.0,0.0,0.0,0.0,0.0,0.0,0.0,0.0,0.0,0.0,0.0
3317,0.0,0.0,0.0,0.0,0.0,0.0,0.0,0.0,0.0,0.0,0.0,0.0,0.0,0.0,0.0,0.0,0.0,0.0,0.0,0.0,0.0,0.0,0.0,0.0,0.0,0.0,0.0,0.0,0.0,0.0,0.0,0.0,0.0,0.0,0.0,0.0,0.0,0.0,0.0,0.0,0.0,0.0,0.0,0.0,0.0,0.0,0.0,0.0,0.0,0.0,0.0,0.0,0.0,0.0,0.0,0.0,0.0,0.0,0.0,0.0,0.0,0.0,0.0,0.0
3318,0.0,0.0,0.0,0.0,0.0,0.0,0.0,0.0,0.0,0.0,0.0,0.0,0.0,0.0,0.0,0.0,0.0,0.0,0.0,0.0,0.0,0.0,0.0,0.0,0.0,0.0,0.0,0.0,0.0,0.0,0.0,0.0,0.0,0.0,0.0,0.0,0.0,0.0,0.0,0.0,0.0,0.0,0.0,0.0,0.0,0.0,0.0,0.0,0.0,0.0,0.0,0.0,0.0,0.0,0.0,0.0,0.0,0.0,0.0,0.0,0.0,0.0,0.0,0.0
3319,0.0,0.0,0.0,0.0,0.0,0.0,0.0,0.0,0.0,0.0,0.0,0.0,0.0,0.0,0.0,0.0,0.0,0.0,0.0,0.0,0.0,0.0,0.0,0.0,0.0,0.0,0.0,0.0,0.0,0.0,0.0,0.0,0.0,0.0,0.0,0.0,0.0,0.0,0.0,0.0,0.0,0.0,0.0,0.0,0.0,0.0,0.0,0.0,0.0,0.0,0.0,0.0,0.0,0.0,0.0,0.0,0.0,0.0,0.0,0.0,0.0,0.0,0.0,0.0
3320,0.0,0.0,0.0,0.0,0.0,0.0,0.0,0.0,0.0,0.0,0.0,0.0,0.0,0.0,0.0,0.0,0.0,0.0,0.0,0.0,0.0,0.0,0.0,0.0,0.0,0.0,0.0,0.0,0.0,0.0,0.0,0.0,0.0,0.0,0.0,0.0,0.0,0.0,0.0,0.0,0.0,0.0,0.0,0.0,0.0,0.0,0.0,0.0,0.0,0.0,0.0,0.0,0.0,0.0,0.0,0.0,0.0,0.0,0.0,0.0,0.0,0.0,0.0,0.0
3321,0.0,0.0,0.0,0.0,0.0,0.0,0.0,0.0,0.0,0.02,0.0,0.01,0.05,0.01,0.01,0.0,0.02,0.04,0.04,0.0,0.02,0.02,0.06,0.0,0.0,0.0,0.0,0.0,0.0,0.0,0.0,0.0,0.0,0.0,0.0,0.0,0.0,0.0,0.0,0.0,0.0,0.0,0.0,0.0,0.0,0.0,0.0,0.0,0.0,0.0,0.0,0.0,0.0,0.0,0.01,0.01,0.0,0.0,0.0,0.0,0.0,0.0,0.0,0.0
3322,0.0,0.0,0.01,0.0,0.0,0.01,0.0,0.0,0.01,0.21,0.01,0.19,0.1,0.05,0.02,0.02,0.02,0.23,0.23,0.01,0.21,0.13,0.26,0.0,0.01,0.0,0.0,0.0,0.0,0.0,0.0,0.0,0.0,0.0,0.0,0.0,0.0,0.01,0.0,0.01,0.0,0.0,0.0,0.0,0.0,0.0,0.01,0.0,0.0,0.01,0.0,0.0,0.01,0.01,0.15,0.05,0.0,0.0,0.0,0.03,0.0,0.0,0.0,0.0
3323,0.0,0.01,0.01,0.0,0.0,0.03,0.0,0.0,0.01,0.65,0.01,0.17,0.07,0.04,0.05,0.02,0.02,0.66,0.66,0.02,0.63,0.08,0.29,0.01,0.03,0.02,0.0,0.0,0.01,0.02,0.01,0.0,0.0,0.0,0.0,0.01,0.0,0.02,0.0,0.02,0.01,0.0,0.0,0.0,0.01,0.0,0.03,0.0,0.0,0.04,0.01,0.01,0.02,0.02,0.14,0.05,0.0,0.02,0.0,0.07,0.0,0.01,0.01,0.0
3324,0.0,0.02,0.02,0.0,0.0,0.09,0.0,0.0,0.02,0.67,0.02,0.16,0.04,0.2,0.1,0.04,0.06,0.72,0.72,0.04,0.7,0.67,0.33,0.01,0.07,0.03,0.0,0.0,0.03,0.02,0.03,0.0,0.0,0.0,0.0,0.03,0.01,0.02,0.01,0.03,0.02,0.01,0.01,0.01,0.01,0.01,0.05,0.0,0.0,0.1,0.02,0.02,0.04,0.03,0.07,0.07,0.0,0.04,0.01,0.04,0.02,0.02,0.01,0.02
3325,0.0,0.03,0.04,0.0,0.0,0.18,0.0,0.0,0.03,0.72,0.03,0.13,0.38,0.08,0.06,0.04,0.1,0.76,0.75,0.05,0.73,0.1,0.06,0.02,0.17,0.07,0.0,0.0,0.05,0.03,0.04,0.0,0.0,0.0,0.0,0.06,0.02,0.04,0.03,0.05,0.02,0.03,0.02,0.01,0.02,0.02,0.23,0.0,0.0,0.32,0.02,0.03,0.04,0.02,0.06,0.09,0.0,0.03,0.02,0.04,0.03,0.02,0.02,0.02
3326,0.0,0.12,0.12,0.0,0.0,0.16,0.0,0.0,0.05,0.73,0.03,0.11,0.76,0.08,0.08,0.1,0.05,0.28,0.22,0.11,0.46,0.09,0.06,0.04,0.53,0.13,0.0,0.0,0.09,0.08,0.09,0.0,0.0,0.0,0.0,0.08,0.03,0.02,0.04,0.02,0.02,0.04,0.03,0.02,0.04,0.03,0.3,0.0,0.0,0.37,0.02,0.05,0.04,0.02,0.09,0.04,0.0,0.02,0.02,0.06,0.03,0.02,0.07,0.03
3327,0.0,0.08,0.11,0.0,0.0,0.15,0.0,0.0,0.08,0.36,0.04,0.03,0.35,0.14,0.2,0.25,0.02,0.33,0.31,0.11,0.18,0.15,0.11,0.04,0.38,0.09,0.0,0.0,0.14,0.08,0.09,0.0,0.0,0.0,0.0,0.1,0.03,0.02,0.04,0.02,0.03,0.03,0.03,0.05,0.03,0.03,0.33,0.0,0.0,0.31,0.04,0.08,0.04,0.04,0.08,0.04,0.0,0.04,0.03,0.07,0.03,0.03,0.09,0.03
3328,0.0,0.1,0.11,0.0,0.0,0.15,0.0,0.0,0.16,0.3,0.1,0.02,0.76,0.29,0.59,0.5,0.03,0.32,0.24,0.22,0.1,0.28,0.13,0.06,0.15,0.1,0.0,0.0,0.08,0.06,0.07,0.0,0.0,0.0,0.0,0.07,0.03,0.03,0.05,0.02,0.03,0.05,0.04,0.09,0.04,0.04,0.11,0.0,0.0,0.11,0.03,0.11,0.03,0.06,0.04,0.05,0.0,0.02,0.02,0.04,0.04,0.03,0.08,0.03
3329,0.0,0.07,0.08,0.0,0.0,0.22,0.0,0.0,0.13,0.14,0.08,0.13,0.71,0.22,0.73,0.34,0.07,0.35,0.6,0.3,0.06,0.26,0.34,0.09,0.46,0.06,0.0,0.0,0.06,0.07,0.06,0.0,0.0,0.0,0.0,0.06,0.05,0.06,0.04,0.06,0.03,0.04,0.04,0.1,0.06,0.04,0.2,0.0,0.0,0.18,0.03,0.07,0.03,0.04,0.06,0.19,0.0,0.03,0.02,0.03,0.03,0.03,0.05,0.03
3330,0.0,0.05,0.04,0.0,0.0,0.09,0.0,0.0,0.32,0.14,0.1,0.07,0.72,0.19,0.75,0.74,0.11,0.31,0.31,0.32,0.03,0.6,0.74,0.18,0.74,0.04,0.0,0.0,0.04,0.05,0.04,0.0,0.0,0.0,0.0,0.1,0.07,0.08,0.04,0.08,0.05,0.04,0.03,0.1,0.12,0.04,0.11,0.0,0.0,0.11,0.02,0.04,0.02,0.08,0.05,0.79,0.0,0.03,0.02,0.02,0.03,0.02,0.03,0.02
3331,0.0,0.05,0.05,0.0,0.0,0.08,0.0,0.0,0.21,0.39,0.72,0.1,0.71,0.09,0.63,0.64,0.06,0.76,0.44,0.44,0.23,0.06,0.7,0.26,0.45,0.03,0.0,0.0,0.03,0.05,0.04,0.0,0.0,0.0,0.0,0.24,0.12,0.1,0.05,0.1,0.04,0.05,0.04,0.08,0.21,0.04,0.08,0.0,0.0,0.11,0.03,0.03,0.02,0.09,0.05,0.05,0.0,0.07,0.02,0.04,0.03,0.03,0.02,0.02
3332,0.0,0.02,0.02,0.0,0.0,0.05,0.0,0.0,0.08,0.03,0.1,0.19,0.12,0.04,0.17,0.62,0.14,0.65,0.66,0.08,0.04,0.05,0.03,0.04,0.21,0.03,0.0,0.0,0.05,0.02,0.03,0.0,0.0,0.0,0.0,0.13,0.09,0.41,0.12,0.21,0.07,0.2,0.09,0.32,0.06,0.08,0.04,0.0,0.0,0.05,0.02,0.03,0.04,0.04,0.05,0.01,0.0,0.03,0.02,0.06,0.04,0.02,0.03,0.02
3333,0.0,0.01,0.01,0.0,0.0,0.02,0.0,0.0,0.11,0.01,0.05,0.32,0.09,0.03,0.05,0.28,0.33,0.11,0.04,0.04,0.04,0.05,0.02,0.22,0.07,0.01,0.0,0.0,0.02,0.01,0.01,0.0,0.0,0.0,0.0,0.09,0.09,0.11,0.05,0.33,0.06,0.06,0.06,0.05,0.08,0.06,0.02,0.0,0.0,0.02,0.02,0.02,0.05,0.02,0.13,0.0,0.0,0.02,0.02,0.05,0.03,0.02,0.02,0.02
3334,0.0,0.0,0.0,0.0,0.0,0.0,0.0,0.0,0.01,0.0,0.01,0.06,0.05,0.0,0.01,0.06,0.06,0.03,0.03,0.02,0.02,0.01,0.01,0.02,0.01,0.0,0.0,0.0,0.0,0.0,0.0,0.0,0.0,0.0,0.0,0.01,0.01,0.07,0.01,0.02,0.01,0.01,0.01,0.02,0.02,0.01,0.01,0.0,0.0,0.01,0.01,0.0,0.02,0.0,0.07,0.0,0.0,0.01,0.01,0.01,0.01,0.01,0.0,0.01
3335,0.0,0.0,0.0,0.0,0.0,0.0,0.0,0.0,0.0,0.0,0.0,0.0,0.0,0.0,0.0,0.0,0.0,0.0,0.0,0.0,0.0,0.0,0.0,0.0,0.0,0.0,0.0,0.0,0.0,0.0,0.0,0.0,0.0,0.0,0.0,0.0,0.0,0.0,0.0,0.0,0.0,0.0,0.0,0.0,0.0,0.0,0.0,0.0,0.0,0.0,0.0,0.0,0.0,0.0,0.0,0.0,0.0,0.0,0.0,0.0,0.0,0.0,0.0,0.0
3336,0.0,0.0,0.0,0.0,0.0,0.0,0.0,0.0,0.0,0.0,0.0,0.0,0.0,0.0,0.0,0.0,0.0,0.0,0.0,0.0,0.0,0.0,0.0,0.0,0.0,0.0,0.0,0.0,0.0,0.0,0.0,0.0,0.0,0.0,0.0,0.0,0.0,0.0,0.0,0.0,0.0,0.0,0.0,0.0,0.0,0.0,0.0,0.0,0.0,0.0,0.0,0.0,0.0,0.0,0.0,0.0,0.0,0.0,0.0,0.0,0.0,0.0,0.0,0.0
3337,0.0,0.0,0.0,0.0,0.0,0.0,0.0,0.0,0.0,0.0,0.0,0.0,0.0,0.0,0.0,0.0,0.0,0.0,0.0,0.0,0.0,0.0,0.0,0.0,0.0,0.0,0.0,0.0,0.0,0.0,0.0,0.0,0.0,0.0,0.0,0.0,0.0,0.0,0.0,0.0,0.0,0.0,0.0,0.0,0.0,0.0,0.0,0.0,0.0,0.0,0.0,0.0,0.0,0.0,0.0,0.0,0.0,0.0,0.0,0.0,0.0,0.0,0.0,0.0
3338,0.0,0.0,0.0,0.0,0.0,0.0,0.0,0.0,0.0,0.0,0.0,0.0,0.0,0.0,0.0,0.0,0.0,0.0,0.0,0.0,0.0,0.0,0.0,0.0,0.0,0.0,0.0,0.0,0.0,0.0,0.0,0.0,0.0,0.0,0.0,0.0,0.0,0.0,0.0,0.0,0.0,0.0,0.0,0.0,0.0,0.0,0.0,0.0,0.0,0.0,0.0,0.0,0.0,0.0,0.0,0.0,0.0,0.0,0.0,0.0,0.0,0.0,0.0,0.0
3339,0.0,0.0,0.0,0.0,0.0,0.0,0.0,0.0,0.0,0.0,0.0,0.0,0.0,0.0,0.0,0.0,0.0,0.0,0.0,0.0,0.0,0.0,0.0,0.0,0.0,0.0,0.0,0.0,0.0,0.0,0.0,0.0,0.0,0.0,0.0,0.0,0.0,0.0,0.0,0.0,0.0,0.0,0.0,0.0,0.0,0.0,0.0,0.0,0.0,0.0,0.0,0.0,0.0,0.0,0.0,0.0,0.0,0.0,0.0,0.0,0.0,0.0,0.0,0.0
3340,0.0,0.0,0.0,0.0,0.0,0.0,0.0,0.0,0.0,0.0,0.0,0.0,0.0,0.0,0.0,0.0,0.0,0.0,0.0,0.0,0.0,0.0,0.0,0.0,0.0,0.0,0.0,0.0,0.0,0.0,0.0,0.0,0.0,0.0,0.0,0.0,0.0,0.0,0.0,0.0,0.0,0.0,0.0,0.0,0.0,0.0,0.0,0.0,0.0,0.0,0.0,0.0,0.0,0.0,0.0,0.0,0.0,0.0,0.0,0.0,0.0,0.0,0.0,0.0
3341,0.0,0.0,0.0,0.0,0.0,0.0,0.0,0.0,0.0,0.0,0.0,0.0,0.0,0.0,0.0,0.0,0.0,0.0,0.0,0.0,0.0,0.0,0.0,0.0,0.0,0.0,0.0,0.0,0.0,0.0,0.0,0.0,0.0,0.0,0.0,0.0,0.0,0.0,0.0,0.0,0.0,0.0,0.0,0.0,0.0,0.0,0.0,0.0,0.0,0.0,0.0,0.0,0.0,0.0,0.0,0.0,0.0,0.0,0.0,0.0,0.0,0.0,0.0,0.0
3342,0.0,0.0,0.0,0.0,0.0,0.0,0.0,0.0,0.0,0.0,0.0,0.0,0.0,0.0,0.0,0.0,0.0,0.0,0.0,0.0,0.0,0.0,0.0,0.0,0.0,0.0,0.0,0.0,0.0,0.0,0.0,0.0,0.0,0.0,0.0,0.0,0.0,0.0,0.0,0.0,0.0,0.0,0.0,0.0,0.0,0.0,0.0,0.0,0.0,0.0,0.0,0.0,0.0,0.0,0.0,0.0,0.0,0.0,0.0,0.0,0.0,0.0,0.0,0.0
3343,0.0,0.0,0.0,0.0,0.0,0.0,0.0,0.0,0.0,0.0,0.0,0.0,0.0,0.0,0.0,0.0,0.0,0.0,0.0,0.0,0.0,0.0,0.0,0.0,0.0,0.0,0.0,0.0,0.0,0.0,0.0,0.0,0.0,0.0,0.0,0.0,0.0,0.0,0.0,0.0,0.0,0.0,0.0,0.0,0.0,0.0,0.0,0.0,0.0,0.0,0.0,0.0,0.0,0.0,0.0,0.0,0.0,0.0,0.0,0.0,0.0,0.0,0.0,0.0
3344,0.0,0.0,0.0,0.0,0.0,0.0,0.0,0.0,0.0,0.0,0.0,0.0,0.0,0.0,0.0,0.0,0.0,0.0,0.0,0.0,0.0,0.0,0.0,0.0,0.0,0.0,0.0,0.0,0.0,0.0,0.0,0.0,0.0,0.0,0.0,0.0,0.0,0.0,0.0,0.0,0.0,0.0,0.0,0.0,0.0,0.0,0.0,0.0,0.0,0.0,0.0,0.0,0.0,0.0,0.0,0.0,0.0,0.0,0.0,0.0,0.0,0.0,0.0,0.0
3345,0.0,0.0,0.0,0.0,0.0,0.01,0.0,0.0,0.0,0.0,0.01,0.0,0.03,0.01,0.01,0.01,0.0,0.01,0.01,0.0,0.0,0.02,0.05,0.01,0.0,0.0,0.0,0.0,0.0,0.0,0.0,0.0,0.0,0.0,0.0,0.0,0.0,0.0,0.0,0.0,0.0,0.0,0.0,0.0,0.0,0.0,0.0,0.0,0.0,0.01,0.0,0.0,0.0,0.0,0.0,0.0,0.0,0.0,0.0,0.0,0.0,0.0,0.0,0.0
3346,0.0,0.0,0.0,0.0,0.0,0.13,0.0,0.0,0.03,0.01,0.02,0.01,0.11,0.04,0.04,0.03,0.01,0.07,0.03,0.02,0.01,0.06,0.19,0.03,0.02,0.01,0.0,0.0,0.01,0.0,0.0,0.0,0.0,0.0,0.0,0.05,0.01,0.03,0.01,0.02,0.01,0.01,0.0,0.02,0.02,0.01,0.1,0.0,0.0,0.06,0.0,0.03,0.0,0.01,0.0,0.01,0.0,0.0,0.0,0.0,0.01,0.0,0.0,0.01
3347,0.0,0.03,0.04,0.0,0.0,0.32,0.0,0.0,0.04,0.03,0.03,0.02,0.66,0.04,0.06,0.07,0.02,0.05,0.04,0.04,0.04,0.06,0.65,0.05,0.08,0.02,0.0,0.0,0.05,0.02,0.02,0.0,0.0,0.0,0.0,0.07,0.02,0.04,0.04,0.03,0.01,0.03,0.03,0.04,0.04,0.03,0.22,0.0,0.0,0.16,0.02,0.09,0.01,0.02,0.02,0.03,0.0,0.02,0.02,0.01,0.15,0.01,0.02,0.08
3348,0.0,0.04,0.04,0.0,0.0,0.12,0.0,0.0,0.07,0.04,0.05,0.02,0.47,0.14,0.24,0.19,0.03,0.06,0.04,0.1,0.03,0.19,0.7,0.09,0.36,0.07,0.0,0.0,0.69,0.04,0.08,0.0,0.0,0.0,0.0,0.14,0.06,0.03,0.08,0.03,0.02,0.04,0.04,0.13,0.08,0.07,0.2,0.0,0.0,0.12,0.07,0.22,0.02,0.03,0.02,0.04,0.0,0.02,0.11,0.03,0.09,0.03,0.06,0.1
3349,0.0,0.12,0.09,0.0,0.0,0.58,0.0,0.0,0.08,0.22,0.14,0.05,0.7,0.22,0.3,0.18,0.08,0.08,0.12,0.14,0.04,0.66,0.72,0.62,0.03,0.08,0.0,0.0,0.16,0.17,0.11,0.0,0.0,0.0,0.0,0.35,0.09,0.04,0.27,0.04,0.05,0.1,0.08,0.61,0.18,0.14,0.6,0.0,0.0,0.23,0.08,0.11,0.06,0.05,0.03,0.06,0.0,0.04,0.1,0.1,0.23,0.06,0.22,0.12
3350,0.0,0.26,0.29,0.0,0.0,0.08,0.0,0.0,0.44,0.11,0.26,0.09,0.69,0.69,0.66,0.65,0.09,0.12,0.5,0.67,0.05,0.65,0.68,0.67,0.11,0.36,0.0,0.0,0.24,0.24,0.29,0.0,0.0,0.0,0.0,0.29,0.22,0.27,0.14,0.09,0.07,0.08,0.11,0.55,0.67,0.15,0.1,0.0,0.0,0.13,0.1,0.75,0.09,0.08,0.04,0.08,0.0,0.12,0.12,0.04,0.44,0.08,0.69,0.29
3351,0.0,0.12,0.12,0.0,0.0,0.08,0.0,0.0,0.68,0.23,0.69,0.15,0.67,0.68,0.66,0.66,0.14,0.17,0.66,0.66,0.06,0.17,0.7,0.66,0.1,0.18,0.0,0.0,0.38,0.13,0.14,0.0,0.0,0.0,0.0,0.35,0.31,0.18,0.23,0.13,0.1,0.21,0.12,0.22,0.31,0.16,0.05,0.0,0.0,0.07,0.22,0.52,0.07,0.16,0.05,0.07,0.0,0.14,0.64,0.03,0.58,0.13,0.76,0.56
3352,0.0,0.06,0.07,0.0,0.0,0.07,0.0,0.0,0.18,0.35,0.11,0.16,0.69,0.18,0.71,0.64,0.17,0.43,0.32,0.65,0.06,0.18,0.2,0.12,0.21,0.17,0.0,0.0,0.14,0.06,0.1,0.0,0.0,0.0,0.0,0.08,0.11,0.19,0.12,0.17,0.1,0.13,0.11,0.12,0.09,0.1,0.07,0.0,0.0,0.08,0.71,0.76,0.12,0.78,0.08,0.07,0.0,0.77,0.64,0.05,0.77,0.49,0.36,0.5
3353,0.0,0.09,0.06,0.0,0.0,0.2,0.0,0.0,0.07,0.47,0.06,0.09,0.47,0.07,0.07,0.1,0.07,0.1,0.08,0.26,0.07,0.09,0.11,0.07,0.24,0.13,0.0,0.0,0.14,0.06,0.07,0.0,0.0,0.0,0.0,0.14,0.08,0.05,0.13,0.05,0.07,0.15,0.09,0.06,0.06,0.08,0.16,0.0,0.0,0.43,0.73,0.23,0.22,0.75,0.1,0.77,0.0,0.51,0.19,0.17,0.46,0.59,0.26,0.32
3354,0.0,0.08,0.07,0.0,0.0,0.04,0.0,0.0,0.07,0.29,0.09,0.08,0.09,0.04,0.23,0.23,0.04,0.07,0.04,0.08,0.1,0.06,0.07,0.09,0.25,0.09,0.0,0.0,0.13,0.08,0.09,0.0,0.0,0.0,0.0,0.09,0.09,0.03,0.15,0.03,0.06,0.15,0.19,0.12,0.12,0.16,0.05,0.0,0.0,0.05,0.16,0.31,0.08,0.41,0.08,0.71,0.0,0.2,0.08,0.14,0.71,0.71,0.1,0.44
3355,0.0,0.11,0.1,0.0,0.0,0.04,0.0,0.0,0.07,0.29,0.06,0.05,0.04,0.11,0.17,0.15,0.03,0.04,0.07,0.68,0.19,0.1,0.03,0.4,0.25,0.06,0.0,0.0,0.1,0.1,0.07,0.0,0.0,0.0,0.0,0.08,0.11,0.04,0.15,0.04,0.12,0.09,0.1,0.08,0.03,0.11,0.03,0.0,0.0,0.03,0.04,0.66,0.13,0.13,0.45,0.64,0.0,0.12,0.09,0.74,0.08,0.03,0.24,0.04
3356,0.0,0.09,0.08,0.0,0.0,0.02,0.0,0.0,0.06,0.6,0.03,0.02,0.19,0.16,0.49,0.59,0.02,0.05,0.04,0.45,0.07,0.18,0.03,0.05,0.05,0.22,0.0,0.0,0.24,0.08,0.52,0.0,0.0,0.0,0.0,0.32,0.04,0.03,0.1,0.03,0.08,0.04,0.04,0.04,0.08,0.08,0.03,0.0,0.0,0.03,0.04,0.56,0.05,0.04,0.1,0.43,0.0,0.1,0.03,0.4,0.02,0.05,0.62,0.03
3357,0.0,0.11,0.09,0.0,0.0,0.02,0.0,0.0,0.02,0.03,0.02,0.01,0.06,0.06,0.05,0.02,0.01,0.02,0.02,0.04,0.01,0.04,0.1,0.02,0.07,0.33,0.0,0.0,0.04,0.36,0.08,0.0,0.0,0.0,0.0,0.04,0.32,0.02,0.04,0.02,0.29,0.02,0.03,0.06,0.05,0.04,0.01,0.0,0.0,0.01,0.01,0.05,0.23,0.13,0.22,0.18,0.0,0.02,0.06,0.18,0.02,0.01,0.08,0.02
3358,0.0,0.05,0.03,0.0,0.0,0.01,0.0,0.0,0.02,0.05,0.01,0.01,0.01,0.0,0.01,0.01,0.01,0.0,0.0,0.0,0.0,0.01,0.02,0.0,0.0,0.01,0.0,0.0,0.05,0.04,0.02,0.0,0.0,0.0,0.0,0.03,0.01,0.02,0.01,0.02,0.01,0.01,0.01,0.0,0.02,0.01,0.01,0.0,0.0,0.0,0.0,0.0,0.07,0.0,0.07,0.02,0.0,0.07,0.05,0.07,0.0,0.0,0.07,0.0
3359,0.0,0.0,0.0,0.0,0.0,0.0,0.0,0.0,0.0,0.0,0.0,0.0,0.0,0.0,0.0,0.0,0.0,0.0,0.0,0.0,0.0,0.0,0.0,0.0,0.0,0.0,0.0,0.0,0.0,0.0,0.0,0.0,0.0,0.0,0.0,0.0,0.0,0.0,0.0,0.0,0.0,0.0,0.0,0.0,0.0,0.0,0.0,0.0,0.0,0.0,0.0,0.0,0.0,0.0,0.0,0.0,0.0,0.0,0.0,0.0,0.0,0.0,0.0,0.0
3360,0.0,0.0,0.0,0.0,0.0,0.0,0.0,0.0,0.0,0.0,0.0,0.0,0.0,0.0,0.0,0.0,0.0,0.0,0.0,0.0,0.0,0.0,0.0,0.0,0.0,0.0,0.0,0.0,0.0,0.0,0.0,0.0,0.0,0.0,0.0,0.0,0.0,0.0,0.0,0.0,0.0,0.0,0.0,0.0,0.0,0.0,0.0,0.0,0.0,0.0,0.0,0.0,0.0,0.0,0.0,0.0,0.0,0.0,0.0,0.0,0.0,0.0,0.0,0.0
3361,0.0,0.0,0.0,0.0,0.0,0.0,0.0,0.0,0.0,0.0,0.0,0.0,0.0,0.0,0.0,0.0,0.0,0.0,0.0,0.0,0.0,0.0,0.0,0.0,0.0,0.0,0.0,0.0,0.0,0.0,0.0,0.0,0.0,0.0,0.0,0.0,0.0,0.0,0.0,0.0,0.0,0.0,0.0,0.0,0.0,0.0,0.0,0.0,0.0,0.0,0.0,0.0,0.0,0.0,0.0,0.0,0.0,0.0,0.0,0.0,0.0,0.0,0.0,0.0
3362,0.0,0.0,0.0,0.0,0.0,0.0,0.0,0.0,0.0,0.0,0.0,0.0,0.0,0.0,0.0,0.0,0.0,0.0,0.0,0.0,0.0,0.0,0.0,0.0,0.0,0.0,0.0,0.0,0.0,0.0,0.0,0.0,0.0,0.0,0.0,0.0,0.0,0.0,0.0,0.0,0.0,0.0,0.0,0.0,0.0,0.0,0.0,0.0,0.0,0.0,0.0,0.0,0.0,0.0,0.0,0.0,0.0,0.0,0.0,0.0,0.0,0.0,0.0,0.0
3363,0.0,0.0,0.0,0.0,0.0,0.0,0.0,0.0,0.0,0.0,0.0,0.0,0.0,0.0,0.0,0.0,0.0,0.0,0.0,0.0,0.0,0.0,0.0,0.0,0.0,0.0,0.0,0.0,0.0,0.0,0.0,0.0,0.0,0.0,0.0,0.0,0.0,0.0,0.0,0.0,0.0,0.0,0.0,0.0,0.0,0.0,0.0,0.0,0.0,0.0,0.0,0.0,0.0,0.0,0.0,0.0,0.0,0.0,0.0,0.0,0.0,0.0,0.0,0.0
3364,0.0,0.0,0.0,0.0,0.0,0.0,0.0,0.0,0.0,0.0,0.0,0.0,0.0,0.0,0.0,0.0,0.0,0.0,0.0,0.0,0.0,0.0,0.0,0.0,0.0,0.0,0.0,0.0,0.0,0.0,0.0,0.0,0.0,0.0,0.0,0.0,0.0,0.0,0.0,0.0,0.0,0.0,0.0,0.0,0.0,0.0,0.0,0.0,0.0,0.0,0.0,0.0,0.0,0.0,0.0,0.0,0.0,0.0,0.0,0.0,0.0,0.0,0.0,0.0
3365,0.0,0.0,0.0,0.0,0.0,0.0,0.0,0.0,0.0,0.0,0.0,0.0,0.0,0.0,0.0,0.0,0.0,0.0,0.0,0.0,0.0,0.0,0.0,0.0,0.0,0.0,0.0,0.0,0.0,0.0,0.0,0.0,0.0,0.0,0.0,0.0,0.0,0.0,0.0,0.0,0.0,0.0,0.0,0.0,0.0,0.0,0.0,0.0,0.0,0.0,0.0,0.0,0.0,0.0,0.0,0.0,0.0,0.0,0.0,0.0,0.0,0.0,0.0,0.0
3366,0.0,0.0,0.0,0.0,0.0,0.0,0.0,0.0,0.0,0.0,0.0,0.0,0.0,0.0,0.0,0.0,0.0,0.0,0.0,0.0,0.0,0.0,0.0,0.0,0.0,0.0,0.0,0.0,0.0,0.0,0.0,0.0,0.0,0.0,0.0,0.0,0.0,0.0,0.0,0.0,0.0,0.0,0.0,0.0,0.0,0.0,0.0,0.0,0.0,0.0,0.0,0.0,0.0,0.0,0.0,0.0,0.0,0.0,0.0,0.0,0.0,0.0,0.0,0.0
3367,0.0,0.0,0.0,0.0,0.0,0.0,0.0,0.0,0.0,0.0,0.0,0.0,0.0,0.0,0.0,0.0,0.0,0.0,0.0,0.0,0.0,0.0,0.0,0.0,0.0,0.0,0.0,0.0,0.0,0.0,0.0,0.0,0.0,0.0,0.0,0.0,0.0,0.0,0.0,0.0,0.0,0.0,0.0,0.0,0.0,0.0,0.0,0.0,0.0,0.0,0.0,0.0,0.0,0.0,0.0,0.0,0.0,0.0,0.0,0.0,0.0,0.0,0.0,0.0
3368,0.0,0.0,0.0,0.0,0.0,0.0,0.0,0.0,0.0,0.0,0.0,0.0,0.0,0.0,0.0,0.0,0.0,0.0,0.0,0.0,0.0,0.0,0.0,0.0,0.0,0.0,0.0,0.0,0.0,0.0,0.0,0.0,0.0,0.0,0.0,0.0,0.0,0.0,0.0,0.0,0.0,0.0,0.0,0.0,0.0,0.0,0.0,0.0,0.0,0.0,0.0,0.0,0.0,0.0,0.0,0.0,0.0,0.0,0.0,0.0,0.0,0.0,0.0,0.0
3369,0.0,0.04,0.02,0.0,0.0,0.04,0.0,0.0,0.04,0.0,0.01,0.01,0.0,0.04,0.02,0.02,0.0,0.0,0.0,0.05,0.01,0.01,0.0,0.04,0.02,0.01,0.0,0.0,0.03,0.04,0.03,0.0,0.0,0.0,0.0,0.03,0.0,0.04,0.03,0.02,0.0,0.04,0.04,0.05,0.04,0.03,0.03,0.0,0.0,0.03,0.02,0.0,0.0,0.0,0.0,0.01,0.0,0.0,0.02,0.0,0.02,0.01,0.04,0.02
3370,0.0,0.14,0.13,0.0,0.0,0.1,0.0,0.0,0.17,0.01,0.18,0.03,0.01,0.16,0.14,0.16,0.0,0.0,0.0,0.16,0.01,0.14,0.01,0.16,0.06,0.1,0.0,0.0,0.14,0.14,0.14,0.0,0.0,0.0,0.0,0.14,0.13,0.17,0.12,0.17,0.12,0.15,0.15,0.02,0.05,0.15,0.1,0.0,0.0,0.11,0.14,0.05,0.06,0.06,0.0,0.0,0.0,0.02,0.1,0.02,0.12,0.1,0.1,0.14
3371,0.0,0.55,0.55,0.0,0.0,0.14,0.0,0.0,0.44,0.01,0.29,0.18,0.01,0.51,0.45,0.44,0.33,0.01,0.02,0.38,0.01,0.45,0.0,0.25,0.47,0.35,0.0,0.0,0.55,0.55,0.55,0.0,0.0,0.0,0.0,0.56,0.28,0.25,0.4,0.25,0.15,0.57,0.56,0.27,0.09,0.57,0.17,0.0,0.0,0.22,0.27,0.06,0.01,0.07,0.0,0.01,0.0,0.02,0.19,0.0,0.55,0.09,0.31,0.55
3372,0.0,0.74,0.75,0.0,0.0,0.46,0.0,0.0,0.51,0.01,0.56,0.15,0.34,0.51,0.43,0.47,0.52,0.02,0.02,0.48,0.01,0.18,0.44,0.16,0.16,0.75,0.0,0.0,0.74,0.75,0.75,0.0,0.0,0.0,0.0,0.72,0.42,0.46,0.73,0.27,0.26,0.71,0.73,0.32,0.12,0.73,0.48,0.0,0.0,0.21,0.27,0.07,0.02,0.7,0.02,0.02,0.0,0.04,0.15,0.01,0.26,0.24,0.66,0.3
3373,0.0,0.8,0.8,0.0,0.0,0.49,0.0,0.0,0.72,0.07,0.3,0.36,0.18,0.37,0.64,0.46,0.43,0.07,0.08,0.66,0.14,0.6,0.16,0.37,0.47,0.81,0.0,0.0,0.8,0.8,0.8,0.0,0.0,0.0,0.0,0.76,0.77,0.32,0.78,0.76,0.78,0.78,0.78,0.74,0.76,0.79,0.51,0.0,0.0,0.56,0.79,0.15,0.05,0.77,0.05,0.08,0.0,0.08,0.62,0.03,0.79,0.79,0.38,0.79
3374,0.0,0.78,0.78,0.0,0.0,0.59,0.0,0.0,0.76,0.06,0.35,0.6,0.28,0.72,0.64,0.72,0.1,0.14,0.11,0.74,0.12,0.46,0.19,0.75,0.63,0.81,0.0,0.0,0.8,0.79,0.8,0.0,0.0,0.0,0.0,0.79,0.44,0.38,0.8,0.14,0.58,0.78,0.78,0.69,0.73,0.8,0.62,0.0,0.0,0.44,0.79,0.49,0.21,0.78,0.14,0.76,0.0,0.52,0.79,0.1,0.8,0.79,0.81,0.68
3375,0.0,0.8,0.81,0.0,0.0,0.77,0.0,0.0,0.76,0.06,0.73,0.54,0.62,0.7,0.68,0.46,0.25,0.13,0.13,0.73,0.23,0.57,0.17,0.42,0.74,0.82,0.0,0.0,0.81,0.81,0.81,0.0,0.0,0.0,0.0,0.76,0.6,0.73,0.79,0.69,0.82,0.78,0.77,0.57,0.53,0.79,0.73,0.0,0.0,0.59,0.8,0.61,0.81,0.79,0.14,0.75,0.0,0.53,0.79,0.12,0.51,0.8,0.82,0.41
3376,0.0,0.8,0.81,0.0,0.0,0.74,0.0,0.0,0.56,0.15,0.56,0.08,0.33,0.45,0.21,0.75,0.69,0.1,0.06,0.76,0.14,0.23,0.1,0.72,0.74,0.82,0.0,0.0,0.81,0.81,0.81,0.0,0.0,0.0,0.0,0.8,0.72,0.82,0.8,0.82,0.67,0.81,0.8,0.71,0.74,0.81,0.76,0.0,0.0,0.77,0.81,0.79,0.79,0.55,0.37,0.48,0.0,0.5,0.8,0.78,0.81,0.81,0.82,0.81
3377,0.0,0.81,0.81,0.0,0.0,0.76,0.0,0.0,0.62,0.05,0.77,0.78,0.74,0.74,0.42,0.72,0.78,0.14,0.06,0.67,0.6,0.75,0.11,0.79,0.69,0.82,0.0,0.0,0.81,0.81,0.81,0.0,0.0,0.0,0.0,0.8,0.55,0.79,0.81,0.81,0.81,0.8,0.8,0.54,0.56,0.81,0.76,0.0,0.0,0.72,0.62,0.82,0.8,0.81,0.8,0.64,0.0,0.79,0.81,0.38,0.81,0.81,0.82,0.81
3378,0.0,0.8,0.8,0.0,0.0,0.77,0.0,0.0,0.77,0.06,0.76,0.81,0.36,0.75,0.51,0.68,0.79,0.08,0.07,0.74,0.03,0.39,0.67,0.52,0.44,0.8,0.0,0.0,0.79,0.8,0.79,0.0,0.0,0.0,0.0,0.79,0.78,0.77,0.8,0.77,0.8,0.8,0.79,0.77,0.77,0.8,0.77,0.0,0.0,0.77,0.8,0.8,0.8,0.8,0.8,0.77,0.0,0.79,0.8,0.78,0.8,0.8,0.8,0.8
3379,0.0,0.77,0.77,0.0,0.0,0.74,0.0,0.0,0.72,0.07,0.42,0.78,0.21,0.24,0.72,0.51,0.76,0.2,0.32,0.21,0.35,0.07,0.1,0.75,0.73,0.78,0.0,0.0,0.77,0.77,0.77,0.0,0.0,0.0,0.0,0.77,0.76,0.77,0.77,0.77,0.78,0.77,0.76,0.75,0.76,0.78,0.75,0.0,0.0,0.74,0.79,0.78,0.78,0.77,0.77,0.76,0.0,0.77,0.78,0.77,0.78,0.78,0.78,0.78
3380,0.0,0.7,0.7,0.0,0.0,0.68,0.0,0.0,0.67,0.02,0.66,0.71,0.03,0.41,0.48,0.36,0.69,0.01,0.03,0.59,0.04,0.13,0.01,0.68,0.56,0.71,0.0,0.0,0.7,0.7,0.7,0.0,0.0,0.0,0.0,0.69,0.69,0.7,0.7,0.7,0.71,0.7,0.7,0.68,0.68,0.71,0.68,0.0,0.0,0.68,0.72,0.71,0.71,0.71,0.71,0.7,0.0,0.71,0.72,0.71,0.71,0.72,0.71,0.72
3381,0.0,0.4,0.4,0.0,0.0,0.36,0.0,0.0,0.31,0.01,0.32,0.33,0.11,0.29,0.28,0.29,0.34,0.18,0.18,0.3,0.31,0.22,0.07,0.33,0.3,0.4,0.0,0.0,0.39,0.4,0.39,0.0,0.0,0.0,0.0,0.37,0.35,0.35,0.38,0.35,0.36,0.37,0.37,0.34,0.34,0.38,0.36,0.0,0.0,0.35,0.41,0.41,0.39,0.4,0.17,0.39,0.0,0.4,0.4,0.39,0.4,0.4,0.4,0.4
3382,0.0,0.05,0.05,0.0,0.0,0.05,0.0,0.0,0.05,0.0,0.05,0.04,0.04,0.06,0.06,0.06,0.05,0.05,0.05,0.06,0.05,0.06,0.06,0.05,0.05,0.05,0.0,0.0,0.05,0.05,0.05,0.0,0.0,0.0,0.0,0.05,0.05,0.04,0.05,0.04,0.05,0.05,0.05,0.05,0.05,0.05,0.05,0.0,0.0,0.05,0.05,0.05,0.05,0.05,0.05,0.05,0.0,0.05,0.05,0.05,0.05,0.05,0.05,0.05
3383,0.0,0.01,0.01,0.0,0.0,0.0,0.0,0.0,0.0,0.0,0.0,0.0,0.0,0.0,0.0,0.0,0.0,0.0,0.0,0.0,0.0,0.0,0.0,0.0,0.0,0.01,0.0,0.0,0.01,0.01,0.01,0.0,0.0,0.0,0.0,0.0,0.0,0.0,0.01,0.0,0.01,0.0,0.0,0.0,0.0,0.01,0.0,0.0,0.0,0.0,0.01,0.01,0.01,0.01,0.0,0.03,0.0,0.01,0.01,0.01,0.01,0.01,0.01,0.01
3384,0.0,0.0,0.0,0.0,0.0,0.0,0.0,0.0,0.0,0.0,0.0,0.0,0.0,0.0,0.0,0.0,0.0,0.0,0.0,0.0,0.0,0.0,0.0,0.0,0.0,0.0,0.0,0.0,0.0,0.0,0.0,0.0,0.0,0.0,0.0,0.0,0.0,0.0,0.0,0.0,0.0,0.0,0.0,0.0,0.0,0.0,0.0,0.0,0.0,0.0,0.0,0.0,0.0,0.0,0.0,0.0,0.0,0.0,0.0,0.0,0.0,0.0,0.0,0.0
3385,0.0,0.0,0.0,0.0,0.0,0.0,0.0,0.0,0.0,0.0,0.0,0.0,0.0,0.0,0.0,0.0,0.0,0.0,0.0,0.0,0.0,0.0,0.0,0.0,0.0,0.0,0.0,0.0,0.0,0.0,0.0,0.0,0.0,0.0,0.0,0.0,0.0,0.0,0.0,0.0,0.0,0.0,0.0,0.0,0.0,0.0,0.0,0.0,0.0,0.0,0.0,0.0,0.0,0.0,0.0,0.0,0.0,0.0,0.0,0.0,0.0,0.0,0.0,0.0
3386,0.0,0.0,0.0,0.0,0.0,0.0,0.0,0.0,0.0,0.0,0.0,0.0,0.0,0.0,0.0,0.0,0.0,0.0,0.0,0.0,0.0,0.0,0.0,0.0,0.0,0.0,0.0,0.0,0.0,0.0,0.0,0.0,0.0,0.0,0.0,0.0,0.0,0.0,0.0,0.0,0.0,0.0,0.0,0.0,0.0,0.0,0.0,0.0,0.0,0.0,0.0,0.0,0.0,0.0,0.0,0.0,0.0,0.0,0.0,0.0,0.0,0.0,0.0,0.0
3387,0.0,0.0,0.0,0.0,0.0,0.0,0.0,0.0,0.0,0.0,0.0,0.0,0.0,0.0,0.0,0.0,0.0,0.0,0.0,0.0,0.0,0.0,0.0,0.0,0.0,0.0,0.0,0.0,0.0,0.0,0.0,0.0,0.0,0.0,0.0,0.0,0.0,0.0,0.0,0.0,0.0,0.0,0.0,0.0,0.0,0.0,0.0,0.0,0.0,0.0,0.0,0.0,0.0,0.0,0.0,0.0,0.0,0.0,0.0,0.0,0.0,0.0,0.0,0.0
3388,0.0,0.0,0.0,0.0,0.0,0.0,0.0,0.0,0.0,0.0,0.0,0.0,0.0,0.0,0.0,0.0,0.0,0.0,0.0,0.0,0.0,0.0,0.0,0.0,0.0,0.0,0.0,0.0,0.0,0.0,0.0,0.0,0.0,0.0,0.0,0.0,0.0,0.0,0.0,0.0,0.0,0.0,0.0,0.0,0.0,0.0,0.0,0.0,0.0,0.0,0.0,0.0,0.0,0.0,0.0,0.0,0.0,0.0,0.0,0.0,0.0,0.0,0.0,0.0
3389,0.0,0.0,0.0,0.0,0.0,0.0,0.0,0.0,0.0,0.0,0.0,0.0,0.0,0.0,0.0,0.0,0.0,0.0,0.0,0.0,0.0,0.0,0.0,0.0,0.0,0.0,0.0,0.0,0.0,0.0,0.0,0.0,0.0,0.0,0.0,0.0,0.0,0.0,0.0,0.0,0.0,0.0,0.0,0.0,0.0,0.0,0.0,0.0,0.0,0.0,0.0,0.0,0.0,0.0,0.0,0.0,0.0,0.0,0.0,0.0,0.0,0.0,0.0,0.0
3390,0.0,0.0,0.0,0.0,0.0,0.0,0.0,0.0,0.0,0.0,0.0,0.0,0.0,0.0,0.0,0.0,0.0,0.0,0.0,0.0,0.0,0.0,0.0,0.0,0.0,0.0,0.0,0.0,0.0,0.0,0.0,0.0,0.0,0.0,0.0,0.0,0.0,0.0,0.0,0.0,0.0,0.0,0.0,0.0,0.0,0.0,0.0,0.0,0.0,0.0,0.0,0.0,0.0,0.0,0.0,0.0,0.0,0.0,0.0,0.0,0.0,0.0,0.0,0.0
3391,0.0,0.0,0.0,0.0,0.0,0.0,0.0,0.0,0.0,0.0,0.0,0.0,0.0,0.0,0.0,0.0,0.0,0.0,0.0,0.0,0.0,0.0,0.0,0.0,0.0,0.0,0.0,0.0,0.0,0.0,0.0,0.0,0.0,0.0,0.0,0.0,0.0,0.0,0.0,0.0,0.0,0.0,0.0,0.0,0.0,0.0,0.0,0.0,0.0,0.0,0.0,0.0,0.0,0.0,0.0,0.0,0.0,0.0,0.0,0.0,0.0,0.0,0.0,0.0
3392,0.0,0.0,0.0,0.0,0.0,0.0,0.0,0.0,0.0,0.0,0.0,0.0,0.0,0.0,0.0,0.0,0.0,0.0,0.0,0.0,0.0,0.0,0.0,0.0,0.0,0.0,0.0,0.0,0.0,0.0,0.0,0.0,0.0,0.0,0.0,0.0,0.0,0.0,0.0,0.0,0.0,0.0,0.0,0.0,0.0,0.0,0.0,0.0,0.0,0.0,0.0,0.0,0.0,0.0,0.0,0.0,0.0,0.0,0.0,0.0,0.0,0.0,0.0,0.0
3393,0.0,0.04,0.04,0.0,0.0,0.04,0.0,0.0,0.03,0.03,0.03,0.03,0.03,0.03,0.03,0.03,0.03,0.03,0.05,0.03,0.04,0.03,0.03,0.03,0.03,0.04,0.0,0.0,0.04,0.04,0.04,0.0,0.0,0.0,0.0,0.04,0.03,0.03,0.04,0.03,0.03,0.03,0.03,0.03,0.03,0.03,0.04,0.0,0.0,0.04,0.03,0.04,0.03,0.03,0.03,0.04,0.0,0.03,0.03,0.03,0.03,0.03,0.04,0.03
3394,0.0,0.12,0.11,0.0,0.0,0.15,0.0,0.0,0.2,0.23,0.19,0.2,0.27,0.22,0.23,0.22,0.18,0.25,0.25,0.21,0.22,0.23,0.27,0.18,0.19,0.12,0.0,0.0,0.13,0.12,0.12,0.0,0.0,0.0,0.0,0.14,0.16,0.18,0.14,0.18,0.16,0.15,0.15,0.17,0.18,0.15,0.15,0.0,0.0,0.16,0.12,0.12,0.14,0.12,0.15,0.12,0.0,0.13,0.13,0.14,0.13,0.12,0.13,0.13
3395,0.0,0.56,0.56,0.0,0.0,0.58,0.0,0.0,0.62,0.67,0.61,0.66,0.66,0.66,0.67,0.65,0.62,0.68,0.69,0.65,0.66,0.67,0.67,0.61,0.62,0.56,0.0,0.0,0.56,0.56,0.56,0.0,0.0,0.0,0.0,0.58,0.59,0.62,0.59,0.63,0.6,0.59,0.59,0.6,0.6,0.59,0.58,0.0,0.0,0.59,0.57,0.56,0.59,0.56,0.59,0.55,0.0,0.57,0.57,0.58,0.57,0.57,0.57,0.57
3396,0.0,0.72,0.73,0.0,0.0,0.72,0.0,0.0,0.73,0.75,0.71,0.77,0.72,0.75,0.75,0.75,0.74,0.76,0.77,0.75,0.75,0.75,0.73,0.72,0.74,0.73,0.0,0.0,0.73,0.72,0.73,0.0,0.0,0.0,0.0,0.73,0.71,0.74,0.74,0.74,0.7,0.74,0.73,0.72,0.72,0.74,0.72,0.0,0.0,0.72,0.74,0.72,0.73,0.73,0.72,0.71,0.0,0.73,0.74,0.73,0.73,0.74,0.74,0.73
3397,0.0,0.74,0.76,0.0,0.0,0.74,0.0,0.0,0.76,0.78,0.73,0.79,0.73,0.77,0.77,0.77,0.77,0.79,0.8,0.77,0.77,0.77,0.74,0.75,0.72,0.76,0.0,0.0,0.75,0.75,0.76,0.0,0.0,0.0,0.0,0.76,0.73,0.77,0.77,0.78,0.71,0.76,0.76,0.74,0.75,0.77,0.74,0.0,0.0,0.75,0.78,0.76,0.76,0.76,0.76,0.75,0.0,0.76,0.76,0.76,0.76,0.78,0.77,0.76
3398,0.0,0.72,0.74,0.0,0.0,0.73,0.0,0.0,0.75,0.77,0.72,0.78,0.71,0.75,0.74,0.74,0.76,0.77,0.78,0.76,0.76,0.74,0.72,0.74,0.73,0.75,0.0,0.0,0.75,0.73,0.74,0.0,0.0,0.0,0.0,0.75,0.7,0.76,0.76,0.77,0.13,0.75,0.75,0.72,0.73,0.76,0.73,0.0,0.0,0.74,0.76,0.76,0.76,0.76,0.76,0.74,0.0,0.75,0.75,0.76,0.75,0.76,0.75,0.75
3399,0.0,0.68,0.45,0.0,0.0,0.73,0.0,0.0,0.75,0.78,0.73,0.77,0.72,0.75,0.74,0.74,0.75,0.77,0.78,0.75,0.77,0.74,0.72,0.74,0.77,0.44,0.0,0.0,0.75,0.19,0.43,0.0,0.0,0.0,0.0,0.74,0.71,0.75,0.63,0.76,0.77,0.75,0.76,0.72,0.73,0.76,0.74,0.0,0.0,0.74,0.78,0.77,0.77,0.78,0.77,0.75,0.0,0.77,0.63,0.76,0.24,0.78,0.76,0.48
3400,0.0,0.36,0.61,0.0,0.0,0.72,0.0,0.0,0.74,0.78,0.72,0.76,0.73,0.74,0.74,0.73,0.74,0.76,0.77,0.74,0.76,0.74,0.73,0.74,0.79,0.1,0.0,0.0,0.75,0.23,0.31,0.0,0.0,0.0,0.0,0.62,0.72,0.73,0.42,0.74,0.74,0.75,0.76,0.73,0.72,0.43,0.74,0.0,0.0,0.73,0.79,0.7,0.63,0.78,0.78,0.76,0.0,0.77,0.62,0.78,0.78,0.79,0.36,0.5
3401,0.0,0.77,0.27,0.0,0.0,0.17,0.0,0.0,0.72,0.77,0.71,0.74,0.72,0.73,0.72,0.69,0.73,0.75,0.75,0.71,0.75,0.72,0.74,0.75,0.79,0.07,0.0,0.0,0.48,0.76,0.77,0.0,0.0,0.0,0.0,0.74,0.71,0.43,0.42,0.43,0.77,0.56,0.75,0.4,0.41,0.21,0.72,0.0,0.0,0.53,0.78,0.76,0.77,0.76,0.77,0.75,0.0,0.77,0.76,0.78,0.78,0.78,0.07,0.77
3402,0.0,0.75,0.76,0.0,0.0,0.18,0.0,0.0,0.72,0.74,0.38,0.72,0.7,0.72,0.72,0.74,0.66,0.73,0.74,0.7,0.74,0.72,0.73,0.75,0.79,0.76,0.0,0.0,0.78,0.74,0.76,0.0,0.0,0.0,0.0,0.33,0.72,0.59,0.37,0.74,0.75,0.42,0.75,0.75,0.15,0.25,0.28,0.0,0.0,0.04,0.77,0.34,0.76,0.76,0.26,0.75,0.0,0.61,0.76,0.77,0.77,0.78,0.74,0.77
3403,0.0,0.67,0.2,0.0,0.0,0.71,0.0,0.0,0.69,0.72,0.7,0.13,0.67,0.71,0.69,0.74,0.06,0.71,0.71,0.7,0.72,0.71,0.7,0.71,0.76,0.44,0.0,0.0,0.75,0.3,0.64,0.0,0.0,0.0,0.0,0.74,0.54,0.73,0.75,0.72,0.76,0.75,0.32,0.69,0.13,0.74,0.28,0.0,0.0,0.73,0.76,0.74,0.75,0.75,0.74,0.7,0.0,0.73,0.75,0.76,0.78,0.74,0.08,0.77
3404,0.0,0.19,0.65,0.0,0.0,0.56,0.0,0.0,0.63,0.65,0.62,0.03,0.62,0.63,0.64,0.66,0.12,0.63,0.64,0.65,0.63,0.63,0.62,0.4,0.66,0.7,0.0,0.0,0.61,0.58,0.23,0.0,0.0,0.0,0.0,0.66,0.02,0.65,0.65,0.66,0.66,0.63,0.62,0.6,0.64,0.64,0.11,0.0,0.0,0.37,0.68,0.68,0.32,0.64,0.69,0.63,0.0,0.69,0.68,0.69,0.68,0.69,0.65,0.69
3405,0.0,0.37,0.39,0.0,0.0,0.27,0.0,0.0,0.28,0.28,0.28,0.03,0.24,0.27,0.28,0.29,0.12,0.26,0.27,0.29,0.27,0.27,0.23,0.3,0.31,0.38,0.0,0.0,0.34,0.36,0.37,0.0,0.0,0.0,0.0,0.35,0.28,0.3,0.32,0.3,0.31,0.22,0.08,0.26,0.3,0.36,0.02,0.0,0.0,0.07,0.35,0.36,0.36,0.35,0.34,0.36,0.0,0.38,0.36,0.37,0.34,0.34,0.38,0.35
3406,0.0,0.06,0.06,0.0,0.0,0.01,0.0,0.0,0.06,0.06,0.06,0.0,0.05,0.06,0.06,0.06,0.02,0.05,0.05,0.06,0.07,0.05,0.05,0.06,0.06,0.06,0.0,0.0,0.06,0.06,0.06,0.0,0.0,0.0,0.0,0.07,0.06,0.07,0.06,0.06,0.07,0.07,0.06,0.06,0.07,0.06,0.0,0.0,0.0,0.02,0.07,0.08,0.06,0.07,0.06,0.06,0.0,0.07,0.07,0.07,0.07,0.07,0.06,0.07
3407,0.0,0.0,0.0,0.0,0.0,0.0,0.0,0.0,0.0,0.0,0.0,0.0,0.0,0.0,0.0,0.0,0.0,0.0,0.0,0.0,0.0,0.0,0.0,0.0,0.0,0.0,0.0,0.0,0.0,0.0,0.0,0.0,0.0,0.0,0.0,0.0,0.0,0.0,0.0,0.0,0.0,0.0,0.0,0.0,0.0,0.0,0.0,0.0,0.0,0.0,0.0,0.0,0.0,0.0,0.0,0.0,0.0,0.0,0.0,0.0,0.0,0.0,0.0,0.0
3408,0.0,0.0,0.0,0.0,0.0,0.0,0.0,0.0,0.0,0.0,0.0,0.0,0.0,0.0,0.0,0.0,0.0,0.0,0.0,0.0,0.0,0.0,0.0,0.0,0.0,0.0,0.0,0.0,0.0,0.0,0.0,0.0,0.0,0.0,0.0,0.0,0.0,0.0,0.0,0.0,0.0,0.0,0.0,0.0,0.0,0.0,0.0,0.0,0.0,0.0,0.0,0.0,0.0,0.0,0.0,0.0,0.0,0.0,0.0,0.0,0.0,0.0,0.0,0.0
3409,0.0,0.0,0.0,0.0,0.0,0.0,0.0,0.0,0.0,0.0,0.0,0.0,0.0,0.0,0.0,0.0,0.0,0.0,0.0,0.0,0.0,0.0,0.0,0.0,0.0,0.0,0.0,0.0,0.0,0.0,0.0,0.0,0.0,0.0,0.0,0.0,0.0,0.0,0.0,0.0,0.0,0.0,0.0,0.0,0.0,0.0,0.0,0.0,0.0,0.0,0.0,0.0,0.0,0.0,0.0,0.0,0.0,0.0,0.0,0.0,0.0,0.0,0.0,0.0
3410,0.0,0.0,0.0,0.0,0.0,0.0,0.0,0.0,0.0,0.0,0.0,0.0,0.0,0.0,0.0,0.0,0.0,0.0,0.0,0.0,0.0,0.0,0.0,0.0,0.0,0.0,0.0,0.0,0.0,0.0,0.0,0.0,0.0,0.0,0.0,0.0,0.0,0.0,0.0,0.0,0.0,0.0,0.0,0.0,0.0,0.0,0.0,0.0,0.0,0.0,0.0,0.0,0.0,0.0,0.0,0.0,0.0,0.0,0.0,0.0,0.0,0.0,0.0,0.0
3411,0.0,0.0,0.0,0.0,0.0,0.0,0.0,0.0,0.0,0.0,0.0,0.0,0.0,0.0,0.0,0.0,0.0,0.0,0.0,0.0,0.0,0.0,0.0,0.0,0.0,0.0,0.0,0.0,0.0,0.0,0.0,0.0,0.0,0.0,0.0,0.0,0.0,0.0,0.0,0.0,0.0,0.0,0.0,0.0,0.0,0.0,0.0,0.0,0.0,0.0,0.0,0.0,0.0,0.0,0.0,0.0,0.0,0.0,0.0,0.0,0.0,0.0,0.0,0.0
3412,0.0,0.0,0.0,0.0,0.0,0.0,0.0,0.0,0.0,0.0,0.0,0.0,0.0,0.0,0.0,0.0,0.0,0.0,0.0,0.0,0.0,0.0,0.0,0.0,0.0,0.0,0.0,0.0,0.0,0.0,0.0,0.0,0.0,0.0,0.0,0.0,0.0,0.0,0.0,0.0,0.0,0.0,0.0,0.0,0.0,0.0,0.0,0.0,0.0,0.0,0.0,0.0,0.0,0.0,0.0,0.0,0.0,0.0,0.0,0.0,0.0,0.0,0.0,0.0
3413,0.0,0.0,0.0,0.0,0.0,0.0,0.0,0.0,0.0,0.0,0.0,0.0,0.0,0.0,0.0,0.0,0.0,0.0,0.0,0.0,0.0,0.0,0.0,0.0,0.0,0.0,0.0,0.0,0.0,0.0,0.0,0.0,0.0,0.0,0.0,0.0,0.0,0.0,0.0,0.0,0.0,0.0,0.0,0.0,0.0,0.0,0.0,0.0,0.0,0.0,0.0,0.0,0.0,0.0,0.0,0.0,0.0,0.0,0.0,0.0,0.0,0.0,0.0,0.0
3414,0.0,0.0,0.0,0.0,0.0,0.0,0.0,0.0,0.0,0.0,0.0,0.0,0.0,0.0,0.0,0.0,0.0,0.0,0.0,0.0,0.0,0.0,0.0,0.0,0.0,0.0,0.0,0.0,0.0,0.0,0.0,0.0,0.0,0.0,0.0,0.0,0.0,0.0,0.0,0.0,0.0,0.0,0.0,0.0,0.0,0.0,0.0,0.0,0.0,0.0,0.0,0.0,0.0,0.0,0.0,0.0,0.0,0.0,0.0,0.0,0.0,0.0,0.0,0.0
3415,0.0,0.0,0.0,0.0,0.0,0.0,0.0,0.0,0.0,0.0,0.0,0.0,0.0,0.0,0.0,0.0,0.0,0.0,0.0,0.0,0.0,0.0,0.0,0.0,0.0,0.0,0.0,0.0,0.0,0.0,0.0,0.0,0.0,0.0,0.0,0.0,0.0,0.0,0.0,0.0,0.0,0.0,0.0,0.0,0.0,0.0,0.0,0.0,0.0,0.0,0.0,0.0,0.0,0.0,0.0,0.0,0.0,0.0,0.0,0.0,0.0,0.0,0.0,0.0
3416,0.0,0.0,0.0,0.0,0.0,0.0,0.0,0.0,0.0,0.0,0.0,0.0,0.0,0.0,0.0,0.0,0.0,0.0,0.0,0.0,0.0,0.0,0.0,0.0,0.0,0.0,0.0,0.0,0.0,0.0,0.0,0.0,0.0,0.0,0.0,0.0,0.0,0.0,0.0,0.0,0.0,0.0,0.0,0.0,0.0,0.0,0.0,0.0,0.0,0.0,0.0,0.0,0.0,0.0,0.0,0.0,0.0,0.0,0.0,0.0,0.0,0.0,0.0,0.0
3417,0.0,0.04,0.04,0.0,0.0,0.04,0.0,0.0,0.04,0.04,0.04,0.04,0.04,0.04,0.04,0.04,0.04,0.04,0.04,0.04,0.04,0.04,0.04,0.04,0.04,0.04,0.0,0.0,0.04,0.04,0.04,0.0,0.0,0.0,0.0,0.04,0.04,0.04,0.04,0.04,0.04,0.04,0.04,0.04,0.04,0.04,0.04,0.0,0.0,0.04,0.04,0.04,0.04,0.04,0.04,0.04,0.0,0.04,0.04,0.04,0.04,0.04,0.04,0.04
3418,0.0,0.12,0.11,0.0,0.0,0.15,0.0,0.0,0.19,0.21,0.18,0.19,0.25,0.21,0.22,0.21,0.18,0.23,0.23,0.2,0.2,0.22,0.25,0.17,0.18,0.11,0.0,0.0,0.12,0.11,0.12,0.0,0.0,0.0,0.0,0.14,0.16,0.17,0.14,0.17,0.16,0.14,0.14,0.16,0.17,0.14,0.15,0.0,0.0,0.15,0.12,0.11,0.14,0.12,0.15,0.12,0.0,0.12,0.12,0.13,0.12,0.12,0.12,0.12
3419,0.0,0.6,0.59,0.0,0.0,0.61,0.0,0.0,0.66,0.69,0.66,0.69,0.68,0.67,0.68,0.67,0.68,0.69,0.7,0.67,0.68,0.68,0.68,0.66,0.65,0.6,0.0,0.0,0.6,0.6,0.6,0.0,0.0,0.0,0.0,0.62,0.65,0.68,0.63,0.68,0.67,0.64,0.64,0.65,0.66,0.64,0.62,0.0,0.0,0.62,0.61,0.6,0.63,0.6,0.64,0.59,0.0,0.61,0.62,0.62,0.61,0.62,0.61,0.62
3420,0.0,0.76,0.75,0.0,0.0,0.75,0.0,0.0,0.77,0.77,0.78,0.8,0.76,0.76,0.76,0.76,0.79,0.77,0.77,0.77,0.77,0.76,0.76,0.78,0.77,0.77,0.0,0.0,0.76,0.76,0.77,0.0,0.0,0.0,0.0,0.77,0.77,0.82,0.78,0.81,0.81,0.79,0.79,0.78,0.79,0.79,0.76,0.0,0.0,0.76,0.79,0.76,0.79,0.77,0.78,0.75,0.0,0.77,0.78,0.77,0.79,0.79,0.78,0.79
3421,0.0,0.79,0.79,0.0,0.0,0.79,0.0,0.0,0.81,0.8,0.81,0.82,0.78,0.78,0.79,0.79,0.82,0.79,0.8,0.8,0.79,0.78,0.78,0.82,0.8,0.81,0.0,0.0,0.8,0.8,0.81,0.0,0.0,0.0,0.0,0.81,0.82,0.84,0.83,0.84,0.84,0.83,0.82,0.81,0.82,0.83,0.79,0.0,0.0,0.79,0.82,0.8,0.82,0.8,0.82,0.78,0.0,0.81,0.82,0.8,0.83,0.82,0.81,0.82
3422,0.0,0.8,0.81,0.0,0.0,0.8,0.0,0.0,0.81,0.8,0.81,0.83,0.78,0.79,0.79,0.79,0.83,0.8,0.8,0.8,0.8,0.79,0.78,0.82,0.81,0.82,0.0,0.0,0.8,0.8,0.81,0.0,0.0,0.0,0.0,0.82,0.82,0.84,0.83,0.84,0.85,0.83,0.83,0.82,0.82,0.84,0.8,0.0,0.0,0.8,0.83,0.81,0.83,0.81,0.83,0.78,0.0,0.82,0.82,0.81,0.82,0.82,0.82,0.82
3423,0.0,0.8,0.8,0.0,0.0,0.79,0.0,0.0,0.81,0.8,0.81,0.83,0.78,0.52,0.79,0.79,0.83,0.8,0.81,0.79,0.8,0.79,0.78,0.81,0.82,0.81,0.0,0.0,0.8,0.8,0.81,0.0,0.0,0.0,0.0,0.82,0.82,0.84,0.83,0.84,0.84,0.83,0.83,0.82,0.81,0.84,0.8,0.0,0.0,0.8,0.82,0.81,0.83,0.81,0.83,0.78,0.0,0.81,0.82,0.81,0.82,0.82,0.81,0.82
3424,0.0,0.8,0.8,0.0,0.0,0.79,0.0,0.0,0.8,0.81,0.81,0.83,0.79,0.8,0.79,0.8,0.83,0.8,0.81,0.79,0.81,0.79,0.79,0.81,0.81,0.81,0.0,0.0,0.79,0.8,0.81,0.0,0.0,0.0,0.0,0.81,0.82,0.84,0.82,0.84,0.84,0.83,0.82,0.81,0.81,0.83,0.79,0.0,0.0,0.8,0.82,0.8,0.82,0.8,0.82,0.78,0.0,0.8,0.81,0.8,0.82,0.81,0.81,0.81
3425,0.0,0.79,0.79,0.0,0.0,0.79,0.0,0.0,0.8,0.82,0.81,0.82,0.78,0.35,0.79,0.8,0.82,0.8,0.81,0.79,0.54,0.64,0.79,0.81,0.8,0.8,0.0,0.0,0.79,0.79,0.8,0.0,0.0,0.0,0.0,0.81,0.82,0.83,0.82,0.84,0.83,0.82,0.82,0.81,0.81,0.82,0.79,0.0,0.0,0.79,0.81,0.79,0.81,0.8,0.82,0.77,0.0,0.8,0.81,0.8,0.81,0.81,0.8,0.81
3426,0.0,0.78,0.78,0.0,0.0,0.78,0.0,0.0,0.79,0.81,0.8,0.82,0.78,0.79,0.79,0.78,0.81,0.8,0.81,0.78,0.81,0.79,0.78,0.8,0.79,0.78,0.0,0.0,0.78,0.78,0.78,0.0,0.0,0.0,0.0,0.8,0.81,0.82,0.8,0.83,0.82,0.81,0.81,0.8,0.8,0.81,0.78,0.0,0.0,0.78,0.81,0.78,0.8,0.79,0.81,0.76,0.0,0.79,0.8,0.79,0.8,0.8,0.79,0.8
3427,0.0,0.75,0.75,0.0,0.0,0.74,0.0,0.0,0.76,0.77,0.76,0.79,0.74,0.75,0.76,0.76,0.78,0.77,0.78,0.75,0.78,0.75,0.74,0.76,0.75,0.75,0.0,0.0,0.75,0.75,0.75,0.0,0.0,0.0,0.0,0.77,0.78,0.79,0.77,0.79,0.79,0.77,0.78,0.77,0.77,0.78,0.75,0.0,0.0,0.75,0.77,0.75,0.78,0.76,0.78,0.74,0.0,0.76,0.77,0.76,0.77,0.77,0.76,0.77
3428,0.0,0.68,0.68,0.0,0.0,0.67,0.0,0.0,0.68,0.69,0.69,0.7,0.56,0.66,0.66,0.67,0.7,0.68,0.69,0.67,0.69,0.67,0.52,0.68,0.67,0.68,0.0,0.0,0.68,0.68,0.67,0.0,0.0,0.0,0.0,0.69,0.7,0.71,0.7,0.71,0.71,0.7,0.7,0.69,0.69,0.7,0.67,0.0,0.0,0.67,0.7,0.68,0.7,0.69,0.71,0.67,0.0,0.69,0.7,0.69,0.7,0.7,0.69,0.7
3429,0.0,0.38,0.38,0.0,0.0,0.34,0.0,0.0,0.31,0.3,0.32,0.32,0.22,0.28,0.28,0.28,0.33,0.28,0.28,0.29,0.3,0.28,0.21,0.33,0.31,0.38,0.0,0.0,0.37,0.38,0.37,0.0,0.0,0.0,0.0,0.36,0.34,0.34,0.36,0.34,0.35,0.36,0.36,0.33,0.33,0.36,0.34,0.0,0.0,0.34,0.38,0.38,0.37,0.38,0.36,0.37,0.0,0.38,0.38,0.37,0.38,0.38,0.38,0.38
3430,0.0,0.06,0.06,0.0,0.0,0.06,0.0,0.0,0.06,0.06,0.06,0.06,0.05,0.06,0.05,0.06,0.06,0.06,0.06,0.06,0.06,0.06,0.04,0.06,0.06,0.06,0.0,0.0,0.06,0.06,0.06,0.0,0.0,0.0,0.0,0.06,0.06,0.06,0.06,0.06,0.06,0.06,0.06,0.06,0.06,0.06,0.06,0.0,0.0,0.06,0.05,0.06,0.06,0.05,0.06,0.05,0.0,0.05,0.06,0.05,0.06,0.05,0.06,0.06
3431,0.0,0.0,0.01,0.0,0.0,0.0,0.0,0.0,0.0,0.01,0.0,0.0,0.0,0.0,0.0,0.0,0.0,0.0,0.0,0.0,0.01,0.0,0.0,0.0,0.0,0.01,0.0,0.0,0.01,0.0,0.0,0.0,0.0,0.0,0.0,0.0,0.0,0.0,0.01,0.0,0.01,0.0,0.0,0.0,0.0,0.01,0.0,0.0,0.0,0.0,0.02,0.01,0.01,0.02,0.01,0.01,0.0,0.02,0.01,0.02,0.01,0.02,0.01,0.01
3432,0.0,0.0,0.0,0.0,0.0,0.0,0.0,0.0,0.0,0.0,0.0,0.0,0.0,0.0,0.0,0.0,0.0,0.0,0.0,0.0,0.0,0.0,0.0,0.0,0.0,0.0,0.0,0.0,0.0,0.0,0.0,0.0,0.0,0.0,0.0,0.0,0.0,0.0,0.0,0.0,0.0,0.0,0.0,0.0,0.0,0.0,0.0,0.0,0.0,0.0,0.0,0.0,0.0,0.0,0.0,0.0,0.0,0.0,0.0,0.0,0.0,0.0,0.0,0.0
3433,0.0,0.0,0.0,0.0,0.0,0.0,0.0,0.0,0.0,0.0,0.0,0.0,0.0,0.0,0.0,0.0,0.0,0.0,0.0,0.0,0.0,0.0,0.0,0.0,0.0,0.0,0.0,0.0,0.0,0.0,0.0,0.0,0.0,0.0,0.0,0.0,0.0,0.0,0.0,0.0,0.0,0.0,0.0,0.0,0.0,0.0,0.0,0.0,0.0,0.0,0.0,0.0,0.0,0.0,0.0,0.0,0.0,0.0,0.0,0.0,0.0,0.0,0.0,0.0
3434,0.0,0.0,0.0,0.0,0.0,0.0,0.0,0.0,0.0,0.0,0.0,0.0,0.0,0.0,0.0,0.0,0.0,0.0,0.0,0.0,0.0,0.0,0.0,0.0,0.0,0.0,0.0,0.0,0.0,0.0,0.0,0.0,0.0,0.0,0.0,0.0,0.0,0.0,0.0,0.0,0.0,0.0,0.0,0.0,0.0,0.0,0.0,0.0,0.0,0.0,0.0,0.0,0.0,0.0,0.0,0.0,0.0,0.0,0.0,0.0,0.0,0.0,0.0,0.0
3435,0.0,0.0,0.0,0.0,0.0,0.0,0.0,0.0,0.0,0.0,0.0,0.0,0.0,0.0,0.0,0.0,0.0,0.0,0.0,0.0,0.0,0.0,0.0,0.0,0.0,0.0,0.0,0.0,0.0,0.0,0.0,0.0,0.0,0.0,0.0,0.0,0.0,0.0,0.0,0.0,0.0,0.0,0.0,0.0,0.0,0.0,0.0,0.0,0.0,0.0,0.0,0.0,0.0,0.0,0.0,0.0,0.0,0.0,0.0,0.0,0.0,0.0,0.0,0.0
3436,0.0,0.0,0.0,0.0,0.0,0.0,0.0,0.0,0.0,0.0,0.0,0.0,0.0,0.0,0.0,0.0,0.0,0.0,0.0,0.0,0.0,0.0,0.0,0.0,0.0,0.0,0.0,0.0,0.0,0.0,0.0,0.0,0.0,0.0,0.0,0.0,0.0,0.0,0.0,0.0,0.0,0.0,0.0,0.0,0.0,0.0,0.0,0.0,0.0,0.0,0.0,0.0,0.0,0.0,0.0,0.0,0.0,0.0,0.0,0.0,0.0,0.0,0.0,0.0
3437,0.0,0.0,0.0,0.0,0.0,0.0,0.0,0.0,0.0,0.0,0.0,0.0,0.0,0.0,0.0,0.0,0.0,0.0,0.0,0.0,0.0,0.0,0.0,0.0,0.0,0.0,0.0,0.0,0.0,0.0,0.0,0.0,0.0,0.0,0.0,0.0,0.0,0.0,0.0,0.0,0.0,0.0,0.0,0.0,0.0,0.0,0.0,0.0,0.0,0.0,0.0,0.0,0.0,0.0,0.0,0.0,0.0,0.0,0.0,0.0,0.0,0.0,0.0,0.0
3438,0.0,0.0,0.0,0.0,0.0,0.0,0.0,0.0,0.0,0.0,0.0,0.0,0.0,0.0,0.0,0.0,0.0,0.0,0.0,0.0,0.0,0.0,0.0,0.0,0.0,0.0,0.0,0.0,0.0,0.0,0.0,0.0,0.0,0.0,0.0,0.0,0.0,0.0,0.0,0.0,0.0,0.0,0.0,0.0,0.0,0.0,0.0,0.0,0.0,0.0,0.0,0.0,0.0,0.0,0.0,0.0,0.0,0.0,0.0,0.0,0.0,0.0,0.0,0.0
3439,0.0,0.0,0.0,0.0,0.0,0.0,0.0,0.0,0.0,0.0,0.0,0.0,0.0,0.0,0.0,0.0,0.0,0.0,0.0,0.0,0.0,0.0,0.0,0.0,0.0,0.0,0.0,0.0,0.0,0.0,0.0,0.0,0.0,0.0,0.0,0.0,0.0,0.0,0.0,0.0,0.0,0.0,0.0,0.0,0.0,0.0,0.0,0.0,0.0,0.0,0.0,0.0,0.0,0.0,0.0,0.0,0.0,0.0,0.0,0.0,0.0,0.0,0.0,0.0
3440,0.0,0.0,0.0,0.0,0.0,0.0,0.0,0.0,0.0,0.0,0.0,0.0,0.0,0.0,0.0,0.0,0.0,0.0,0.0,0.0,0.0,0.0,0.0,0.0,0.0,0.0,0.0,0.0,0.0,0.0,0.0,0.0,0.0,0.0,0.0,0.0,0.0,0.0,0.0,0.0,0.0,0.0,0.0,0.0,0.0,0.0,0.0,0.0,0.0,0.0,0.0,0.0,0.0,0.0,0.0,0.0,0.0,0.0,0.0,0.0,0.0,0.0,0.0,0.0
3441,0.0,0.03,0.04,0.0,0.0,0.04,0.0,0.0,0.05,0.02,0.04,0.03,0.02,0.02,0.02,0.03,0.03,0.02,0.02,0.03,0.02,0.02,0.02,0.03,0.03,0.03,0.0,0.0,0.03,0.03,0.03,0.0,0.0,0.0,0.0,0.04,0.04,0.04,0.03,0.04,0.03,0.03,0.03,0.04,0.03,0.03,0.04,0.0,0.0,0.04,0.04,0.03,0.03,0.04,0.04,0.04,0.0,0.03,0.03,0.03,0.04,0.03,0.03,0.04
3442,0.0,0.12,0.12,0.0,0.0,0.15,0.0,0.0,0.18,0.21,0.18,0.17,0.26,0.21,0.21,0.2,0.17,0.23,0.23,0.18,0.2,0.22,0.26,0.16,0.18,0.11,0.0,0.0,0.12,0.12,0.11,0.0,0.0,0.0,0.0,0.13,0.16,0.16,0.14,0.17,0.15,0.14,0.14,0.16,0.16,0.13,0.15,0.0,0.0,0.15,0.11,0.12,0.13,0.12,0.14,0.12,0.0,0.12,0.12,0.13,0.13,0.12,0.12,0.12
3443,0.0,0.26,0.32,0.0,0.0,0.55,0.0,0.0,0.58,0.63,0.58,0.58,0.66,0.59,0.6,0.6,0.58,0.65,0.65,0.59,0.61,0.62,0.66,0.57,0.59,0.46,0.0,0.0,0.41,0.26,0.52,0.0,0.0,0.0,0.0,0.53,0.57,0.58,0.53,0.57,0.57,0.54,0.54,0.56,0.58,0.53,0.56,0.0,0.0,0.56,0.3,0.04,0.48,0.15,0.57,0.39,0.0,0.47,0.29,0.51,0.34,0.32,0.45,0.33
3444,0.0,0.32,0.11,0.0,0.0,0.67,0.0,0.0,0.71,0.71,0.69,0.7,0.73,0.69,0.71,0.69,0.7,0.72,0.72,0.67,0.69,0.71,0.73,0.69,0.7,0.29,0.0,0.0,0.24,0.41,0.25,0.0,0.0,0.0,0.0,0.58,0.67,0.7,0.42,0.68,0.66,0.5,0.62,0.69,0.67,0.44,0.68,0.0,0.0,0.68,0.26,0.07,0.42,0.31,0.54,0.14,0.0,0.12,0.26,0.47,0.3,0.31,0.3,0.25
3445,0.0,0.12,0.05,0.0,0.0,0.67,0.0,0.0,0.66,0.73,0.7,0.72,0.75,0.72,0.69,0.69,0.59,0.73,0.73,0.61,0.72,0.73,0.75,0.6,0.72,0.15,0.0,0.0,0.12,0.12,0.27,0.0,0.0,0.0,0.0,0.29,0.47,0.61,0.21,0.62,0.38,0.25,0.41,0.62,0.56,0.22,0.52,0.0,0.0,0.42,0.04,0.07,0.37,0.06,0.39,0.25,0.0,0.18,0.05,0.26,0.05,0.04,0.06,0.05
3446,0.0,0.04,0.04,0.0,0.0,0.44,0.0,0.0,0.53,0.73,0.5,0.48,0.75,0.56,0.56,0.57,0.47,0.72,0.73,0.54,0.74,0.62,0.75,0.51,0.44,0.44,0.0,0.0,0.11,0.06,0.17,0.0,0.0,0.0,0.0,0.15,0.32,0.35,0.12,0.37,0.17,0.12,0.39,0.32,0.47,0.14,0.69,0.0,0.0,0.65,0.22,0.16,0.09,0.15,0.36,0.14,0.0,0.4,0.18,0.21,0.14,0.21,0.1,0.17
3447,0.0,0.04,0.04,0.0,0.0,0.08,0.0,0.0,0.38,0.74,0.35,0.44,0.74,0.52,0.54,0.56,0.43,0.72,0.72,0.53,0.66,0.52,0.75,0.36,0.63,0.11,0.0,0.0,0.39,0.04,0.1,0.0,0.0,0.0,0.0,0.13,0.39,0.19,0.12,0.26,0.36,0.09,0.11,0.45,0.32,0.13,0.12,0.0,0.0,0.18,0.17,0.06,0.6,0.1,0.53,0.18,0.0,0.14,0.14,0.63,0.19,0.14,0.29,0.14
3448,0.0,0.1,0.34,0.0,0.0,0.09,0.0,0.0,0.5,0.64,0.34,0.44,0.72,0.59,0.64,0.58,0.11,0.61,0.6,0.46,0.64,0.52,0.75,0.26,0.76,0.12,0.0,0.0,0.06,0.11,0.06,0.0,0.0,0.0,0.0,0.28,0.14,0.48,0.04,0.32,0.17,0.06,0.07,0.31,0.17,0.05,0.1,0.0,0.0,0.12,0.02,0.27,0.13,0.03,0.21,0.04,0.0,0.09,0.04,0.07,0.04,0.04,0.17,0.03
3449,0.0,0.76,0.75,0.0,0.0,0.2,0.0,0.0,0.7,0.64,0.18,0.73,0.69,0.46,0.48,0.55,0.08,0.63,0.58,0.64,0.55,0.41,0.71,0.52,0.68,0.73,0.0,0.0,0.2,0.73,0.72,0.0,0.0,0.0,0.0,0.04,0.06,0.47,0.19,0.26,0.07,0.53,0.72,0.08,0.21,0.36,0.14,0.0,0.0,0.12,0.08,0.43,0.08,0.03,0.06,0.04,0.0,0.12,0.12,0.06,0.14,0.04,0.68,0.13
3450,0.0,0.72,0.73,0.0,0.0,0.72,0.0,0.0,0.64,0.48,0.11,0.16,0.47,0.48,0.5,0.32,0.06,0.64,0.63,0.23,0.38,0.7,0.61,0.7,0.34,0.63,0.0,0.0,0.6,0.72,0.65,0.0,0.0,0.0,0.0,0.7,0.42,0.11,0.65,0.16,0.19,0.62,0.43,0.69,0.64,0.62,0.69,0.0,0.0,0.71,0.23,0.71,0.05,0.04,0.07,0.02,0.0,0.05,0.15,0.05,0.69,0.12,0.64,0.36
3451,0.0,0.7,0.41,0.0,0.0,0.56,0.0,0.0,0.49,0.28,0.45,0.09,0.37,0.11,0.16,0.08,0.17,0.66,0.67,0.09,0.16,0.53,0.33,0.17,0.63,0.7,0.0,0.0,0.59,0.7,0.6,0.0,0.0,0.0,0.0,0.44,0.2,0.03,0.56,0.03,0.02,0.57,0.59,0.17,0.12,0.6,0.59,0.0,0.0,0.6,0.33,0.71,0.08,0.02,0.08,0.02,0.0,0.06,0.23,0.01,0.61,0.06,0.74,0.34
3452,0.0,0.17,0.47,0.0,0.0,0.51,0.0,0.0,0.03,0.04,0.03,0.04,0.19,0.04,0.04,0.03,0.04,0.27,0.3,0.04,0.11,0.07,0.44,0.09,0.41,0.27,0.0,0.0,0.03,0.39,0.14,0.0,0.0,0.0,0.0,0.14,0.44,0.13,0.31,0.05,0.18,0.59,0.57,0.28,0.08,0.23,0.49,0.0,0.0,0.44,0.07,0.12,0.04,0.03,0.04,0.01,0.0,0.02,0.04,0.01,0.02,0.1,0.1,0.03
3453,0.0,0.09,0.37,0.0,0.0,0.23,0.0,0.0,0.06,0.04,0.25,0.0,0.17,0.02,0.02,0.03,0.16,0.13,0.14,0.03,0.05,0.03,0.13,0.25,0.2,0.06,0.0,0.0,0.03,0.12,0.2,0.0,0.0,0.0,0.0,0.09,0.02,0.16,0.04,0.14,0.03,0.13,0.04,0.06,0.12,0.11,0.22,0.0,0.0,0.22,0.0,0.01,0.14,0.01,0.0,0.15,0.0,0.01,0.01,0.0,0.0,0.01,0.01,0.0
3454,0.0,0.06,0.06,0.0,0.0,0.02,0.0,0.0,0.02,0.06,0.0,0.0,0.03,0.0,0.0,0.01,0.0,0.02,0.01,0.04,0.02,0.0,0.04,0.01,0.04,0.07,0.0,0.0,0.04,0.06,0.06,0.0,0.0,0.0,0.0,0.07,0.0,0.07,0.0,0.03,0.0,0.02,0.01,0.0,0.02,0.0,0.02,0.0,0.0,0.01,0.0,0.0,0.0,0.01,0.0,0.01,0.0,0.0,0.0,0.03,0.0,0.0,0.01,0.0
3455,0.0,0.0,0.0,0.0,0.0,0.0,0.0,0.0,0.0,0.0,0.0,0.0,0.0,0.0,0.0,0.0,0.0,0.0,0.0,0.0,0.0,0.0,0.0,0.0,0.0,0.0,0.0,0.0,0.0,0.0,0.0,0.0,0.0,0.0,0.0,0.0,0.0,0.0,0.0,0.0,0.0,0.0,0.0,0.0,0.0,0.0,0.0,0.0,0.0,0.0,0.0,0.0,0.0,0.0,0.0,0.0,0.0,0.0,0.0,0.0,0.0,0.0,0.0,0.0
3456,0.0,0.0,0.0,0.0,0.0,0.0,0.0,0.0,0.0,0.0,0.0,0.0,0.0,0.0,0.0,0.0,0.0,0.0,0.0,0.0,0.0,0.0,0.0,0.0,0.0,0.0,0.0,0.0,0.0,0.0,0.0,0.0,0.0,0.0,0.0,0.0,0.0,0.0,0.0,0.0,0.0,0.0,0.0,0.0,0.0,0.0,0.0,0.0,0.0,0.0,0.0,0.0,0.0,0.0,0.0,0.0,0.0,0.0,0.0,0.0,0.0,0.0,0.0,0.0
3457,0.0,0.0,0.0,0.0,0.0,0.0,0.0,0.0,0.0,0.0,0.0,0.0,0.0,0.0,0.0,0.0,0.0,0.0,0.0,0.0,0.0,0.0,0.0,0.0,0.0,0.0,0.0,0.0,0.0,0.0,0.0,0.0,0.0,0.0,0.0,0.0,0.0,0.0,0.0,0.0,0.0,0.0,0.0,0.0,0.0,0.0,0.0,0.0,0.0,0.0,0.0,0.0,0.0,0.0,0.0,0.0,0.0,0.0,0.0,0.0,0.0,0.0,0.0,0.0
3458,0.0,0.0,0.0,0.0,0.0,0.0,0.0,0.0,0.0,0.0,0.0,0.0,0.0,0.0,0.0,0.0,0.0,0.0,0.0,0.0,0.0,0.0,0.0,0.0,0.0,0.0,0.0,0.0,0.0,0.0,0.0,0.0,0.0,0.0,0.0,0.0,0.0,0.0,0.0,0.0,0.0,0.0,0.0,0.0,0.0,0.0,0.0,0.0,0.0,0.0,0.0,0.0,0.0,0.0,0.0,0.0,0.0,0.0,0.0,0.0,0.0,0.0,0.0,0.0
3459,0.0,0.0,0.0,0.0,0.0,0.0,0.0,0.0,0.0,0.0,0.0,0.0,0.0,0.0,0.0,0.0,0.0,0.0,0.0,0.0,0.0,0.0,0.0,0.0,0.0,0.0,0.0,0.0,0.0,0.0,0.0,0.0,0.0,0.0,0.0,0.0,0.0,0.0,0.0,0.0,0.0,0.0,0.0,0.0,0.0,0.0,0.0,0.0,0.0,0.0,0.0,0.0,0.0,0.0,0.0,0.0,0.0,0.0,0.0,0.0,0.0,0.0,0.0,0.0
3460,0.0,0.0,0.0,0.0,0.0,0.0,0.0,0.0,0.0,0.0,0.0,0.0,0.0,0.0,0.0,0.0,0.0,0.0,0.0,0.0,0.0,0.0,0.0,0.0,0.0,0.0,0.0,0.0,0.0,0.0,0.0,0.0,0.0,0.0,0.0,0.0,0.0,0.0,0.0,0.0,0.0,0.0,0.0,0.0,0.0,0.0,0.0,0.0,0.0,0.0,0.0,0.0,0.0,0.0,0.0,0.0,0.0,0.0,0.0,0.0,0.0,0.0,0.0,0.0
3461,0.0,0.0,0.0,0.0,0.0,0.0,0.0,0.0,0.0,0.0,0.0,0.0,0.0,0.0,0.0,0.0,0.0,0.0,0.0,0.0,0.0,0.0,0.0,0.0,0.0,0.0,0.0,0.0,0.0,0.0,0.0,0.0,0.0,0.0,0.0,0.0,0.0,0.0,0.0,0.0,0.0,0.0,0.0,0.0,0.0,0.0,0.0,0.0,0.0,0.0,0.0,0.0,0.0,0.0,0.0,0.0,0.0,0.0,0.0,0.0,0.0,0.0,0.0,0.0
3462,0.0,0.0,0.0,0.0,0.0,0.0,0.0,0.0,0.0,0.0,0.0,0.0,0.0,0.0,0.0,0.0,0.0,0.0,0.0,0.0,0.0,0.0,0.0,0.0,0.0,0.0,0.0,0.0,0.0,0.0,0.0,0.0,0.0,0.0,0.0,0.0,0.0,0.0,0.0,0.0,0.0,0.0,0.0,0.0,0.0,0.0,0.0,0.0,0.0,0.0,0.0,0.0,0.0,0.0,0.0,0.0,0.0,0.0,0.0,0.0,0.0,0.0,0.0,0.0
3463,0.0,0.0,0.0,0.0,0.0,0.0,0.0,0.0,0.0,0.0,0.0,0.0,0.0,0.0,0.0,0.0,0.0,0.0,0.0,0.0,0.0,0.0,0.0,0.0,0.0,0.0,0.0,0.0,0.0,0.0,0.0,0.0,0.0,0.0,0.0,0.0,0.0,0.0,0.0,0.0,0.0,0.0,0.0,0.0,0.0,0.0,0.0,0.0,0.0,0.0,0.0,0.0,0.0,0.0,0.0,0.0,0.0,0.0,0.0,0.0,0.0,0.0,0.0,0.0
3464,0.0,0.0,0.0,0.0,0.0,0.0,0.0,0.0,0.0,0.0,0.0,0.0,0.0,0.0,0.0,0.0,0.0,0.0,0.0,0.0,0.0,0.0,0.0,0.0,0.0,0.0,0.0,0.0,0.0,0.0,0.0,0.0,0.0,0.0,0.0,0.0,0.0,0.0,0.0,0.0,0.0,0.0,0.0,0.0,0.0,0.0,0.0,0.0,0.0,0.0,0.0,0.0,0.0,0.0,0.0,0.0,0.0,0.0,0.0,0.0,0.0,0.0,0.0,0.0
3465,0.0,0.01,0.0,0.0,0.0,0.0,0.0,0.0,0.01,0.0,0.01,0.0,0.02,0.0,0.01,0.04,0.01,0.01,0.01,0.03,0.04,0.0,0.01,0.05,0.02,0.02,0.0,0.0,0.03,0.01,0.02,0.0,0.0,0.0,0.0,0.04,0.04,0.01,0.04,0.04,0.02,0.03,0.02,0.01,0.04,0.03,0.0,0.0,0.0,0.0,0.0,0.02,0.04,0.04,0.03,0.02,0.0,0.03,0.02,0.02,0.01,0.01,0.02,0.02
3466,0.0,0.12,0.12,0.0,0.0,0.03,0.0,0.0,0.05,0.02,0.04,0.04,0.01,0.1,0.1,0.06,0.04,0.05,0.07,0.06,0.09,0.1,0.05,0.17,0.03,0.12,0.0,0.0,0.13,0.12,0.12,0.0,0.0,0.0,0.0,0.14,0.16,0.06,0.1,0.09,0.08,0.14,0.04,0.03,0.16,0.09,0.02,0.0,0.0,0.02,0.06,0.12,0.08,0.11,0.12,0.12,0.0,0.1,0.13,0.14,0.05,0.11,0.12,0.13
3467,0.0,0.04,0.03,0.0,0.0,0.06,0.0,0.0,0.15,0.05,0.18,0.06,0.03,0.1,0.2,0.09,0.2,0.01,0.07,0.1,0.08,0.1,0.13,0.54,0.04,0.51,0.0,0.0,0.51,0.06,0.51,0.0,0.0,0.0,0.0,0.52,0.54,0.57,0.53,0.57,0.55,0.53,0.33,0.09,0.16,0.54,0.04,0.0,0.0,0.05,0.47,0.13,0.18,0.52,0.2,0.5,0.0,0.52,0.53,0.5,0.19,0.53,0.52,0.53
3468,0.0,0.67,0.67,0.0,0.0,0.54,0.0,0.0,0.34,0.06,0.51,0.34,0.1,0.14,0.42,0.6,0.57,0.54,0.13,0.41,0.14,0.12,0.09,0.59,0.66,0.68,0.0,0.0,0.67,0.67,0.67,0.0,0.0,0.0,0.0,0.11,0.67,0.69,0.68,0.7,0.32,0.68,0.68,0.42,0.67,0.69,0.11,0.0,0.0,0.07,0.7,0.13,0.69,0.68,0.26,0.68,0.0,0.68,0.69,0.68,0.51,0.7,0.69,0.7
3469,0.0,0.71,0.72,0.0,0.0,0.13,0.0,0.0,0.58,0.05,0.71,0.73,0.12,0.44,0.5,0.35,0.71,0.02,0.01,0.68,0.76,0.38,0.07,0.71,0.16,0.72,0.0,0.0,0.72,0.71,0.71,0.0,0.0,0.0,0.0,0.71,0.71,0.73,0.72,0.73,0.73,0.72,0.72,0.71,0.71,0.72,0.15,0.0,0.0,0.16,0.75,0.37,0.73,0.73,0.74,0.72,0.0,0.73,0.75,0.73,0.11,0.74,0.73,0.59
3470,0.0,0.74,0.74,0.0,0.0,0.73,0.0,0.0,0.73,0.29,0.72,0.74,0.3,0.74,0.39,0.47,0.73,0.65,0.76,0.74,0.64,0.74,0.03,0.72,0.3,0.74,0.0,0.0,0.73,0.73,0.73,0.0,0.0,0.0,0.0,0.72,0.72,0.74,0.73,0.74,0.75,0.73,0.73,0.72,0.73,0.74,0.55,0.0,0.0,0.73,0.77,0.26,0.76,0.76,0.52,0.75,0.0,0.76,0.76,0.76,0.46,0.77,0.75,0.76
3471,0.0,0.75,0.75,0.0,0.0,0.73,0.0,0.0,0.73,0.0,0.72,0.75,0.19,0.74,0.49,0.75,0.73,0.53,0.76,0.75,0.75,0.74,0.36,0.72,0.77,0.76,0.0,0.0,0.75,0.75,0.75,0.0,0.0,0.0,0.0,0.74,0.73,0.76,0.59,0.75,0.5,0.75,0.74,0.72,0.73,0.54,0.51,0.0,0.0,0.73,0.54,0.78,0.77,0.63,0.46,0.69,0.0,0.61,0.77,0.58,0.78,0.75,0.77,0.77
3472,0.0,0.76,0.76,0.0,0.0,0.73,0.0,0.0,0.73,0.04,0.74,0.75,0.35,0.74,0.75,0.74,0.75,0.64,0.77,0.74,0.66,0.73,0.23,0.73,0.77,0.77,0.0,0.0,0.76,0.76,0.76,0.0,0.0,0.0,0.0,0.75,0.74,0.76,0.76,0.76,0.77,0.42,0.75,0.72,0.55,0.76,0.73,0.0,0.0,0.73,0.4,0.78,0.78,0.16,0.66,0.76,0.0,0.45,0.47,0.56,0.78,0.41,0.77,0.62
3473,0.0,0.76,0.77,0.0,0.0,0.74,0.0,0.0,0.73,0.36,0.74,0.67,0.74,0.73,0.74,0.73,0.75,0.76,0.76,0.73,0.56,0.73,0.74,0.73,0.44,0.36,0.0,0.0,0.47,0.77,0.66,0.0,0.0,0.0,0.0,0.57,0.74,0.77,0.57,0.76,0.78,0.46,0.75,0.34,0.74,0.56,0.73,0.0,0.0,0.73,0.38,0.78,0.78,0.77,0.55,0.68,0.0,0.06,0.18,0.41,0.65,0.78,0.77,0.42
3474,0.0,0.75,0.76,0.0,0.0,0.73,0.0,0.0,0.73,0.28,0.73,0.17,0.73,0.72,0.72,0.73,0.74,0.74,0.74,0.73,0.26,0.72,0.72,0.72,0.76,0.76,0.0,0.0,0.4,0.76,0.76,0.0,0.0,0.0,0.0,0.75,0.73,0.76,0.48,0.76,0.76,0.31,0.33,0.72,0.73,0.44,0.73,0.0,0.0,0.73,0.75,0.77,0.77,0.76,0.04,0.23,0.0,0.76,0.35,0.06,0.62,0.77,0.43,0.77
3475,0.0,0.73,0.73,0.0,0.0,0.71,0.0,0.0,0.7,0.32,0.72,0.34,0.69,0.7,0.7,0.7,0.39,0.7,0.71,0.71,0.6,0.69,0.42,0.7,0.74,0.73,0.0,0.0,0.73,0.74,0.73,0.0,0.0,0.0,0.0,0.72,0.24,0.74,0.27,0.73,0.74,0.22,0.72,0.7,0.49,0.73,0.71,0.0,0.0,0.71,0.76,0.75,0.4,0.75,0.75,0.26,0.0,0.28,0.75,0.42,0.75,0.76,0.6,0.75
3476,0.0,0.7,0.7,0.0,0.0,0.67,0.0,0.0,0.66,0.69,0.67,0.27,0.64,0.66,0.65,0.65,0.68,0.67,0.67,0.66,0.67,0.66,0.62,0.66,0.69,0.38,0.0,0.0,0.7,0.7,0.43,0.0,0.0,0.0,0.0,0.31,0.67,0.69,0.7,0.69,0.7,0.69,0.68,0.67,0.67,0.54,0.67,0.0,0.0,0.67,0.72,0.31,0.22,0.72,0.3,0.72,0.0,0.72,0.71,0.72,0.72,0.72,0.71,0.72
3477,0.0,0.4,0.41,0.0,0.0,0.36,0.0,0.0,0.32,0.03,0.33,0.33,0.25,0.29,0.29,0.29,0.34,0.27,0.05,0.3,0.08,0.29,0.25,0.33,0.33,0.41,0.0,0.0,0.39,0.4,0.4,0.0,0.0,0.0,0.0,0.38,0.35,0.35,0.38,0.35,0.36,0.37,0.37,0.34,0.34,0.38,0.35,0.0,0.0,0.35,0.42,0.41,0.39,0.41,0.38,0.05,0.0,0.41,0.41,0.4,0.41,0.41,0.4,0.41
3478,0.0,0.05,0.05,0.0,0.0,0.04,0.0,0.0,0.04,0.01,0.04,0.06,0.04,0.04,0.04,0.04,0.04,0.05,0.0,0.04,0.01,0.04,0.04,0.04,0.04,0.04,0.0,0.0,0.04,0.05,0.04,0.0,0.0,0.0,0.0,0.04,0.04,0.04,0.04,0.04,0.04,0.04,0.04,0.04,0.04,0.04,0.04,0.0,0.0,0.04,0.05,0.05,0.05,0.05,0.04,0.03,0.0,0.05,0.05,0.05,0.05,0.05,0.05,0.05
3479,0.0,0.0,0.0,0.0,0.0,0.0,0.0,0.0,0.0,0.0,0.0,0.0,0.0,0.0,0.0,0.0,0.0,0.0,0.0,0.0,0.0,0.0,0.0,0.0,0.0,0.0,0.0,0.0,0.0,0.0,0.0,0.0,0.0,0.0,0.0,0.0,0.0,0.0,0.0,0.0,0.0,0.0,0.0,0.0,0.0,0.0,0.0,0.0,0.0,0.0,0.01,0.01,0.01,0.01,0.0,0.02,0.0,0.01,0.01,0.01,0.01,0.01,0.0,0.01
3480,0.0,0.0,0.0,0.0,0.0,0.0,0.0,0.0,0.0,0.0,0.0,0.0,0.0,0.0,0.0,0.0,0.0,0.0,0.0,0.0,0.0,0.0,0.0,0.0,0.0,0.0,0.0,0.0,0.0,0.0,0.0,0.0,0.0,0.0,0.0,0.0,0.0,0.0,0.0,0.0,0.0,0.0,0.0,0.0,0.0,0.0,0.0,0.0,0.0,0.0,0.0,0.0,0.0,0.0,0.0,0.0,0.0,0.0,0.0,0.0,0.0,0.0,0.0,0.0
3481,0.0,0.0,0.0,0.0,0.0,0.0,0.0,0.0,0.0,0.0,0.0,0.0,0.0,0.0,0.0,0.0,0.0,0.0,0.0,0.0,0.0,0.0,0.0,0.0,0.0,0.0,0.0,0.0,0.0,0.0,0.0,0.0,0.0,0.0,0.0,0.0,0.0,0.0,0.0,0.0,0.0,0.0,0.0,0.0,0.0,0.0,0.0,0.0,0.0,0.0,0.0,0.0,0.0,0.0,0.0,0.0,0.0,0.0,0.0,0.0,0.0,0.0,0.0,0.0
3482,0.0,0.0,0.0,0.0,0.0,0.0,0.0,0.0,0.0,0.0,0.0,0.0,0.0,0.0,0.0,0.0,0.0,0.0,0.0,0.0,0.0,0.0,0.0,0.0,0.0,0.0,0.0,0.0,0.0,0.0,0.0,0.0,0.0,0.0,0.0,0.0,0.0,0.0,0.0,0.0,0.0,0.0,0.0,0.0,0.0,0.0,0.0,0.0,0.0,0.0,0.0,0.0,0.0,0.0,0.0,0.0,0.0,0.0,0.0,0.0,0.0,0.0,0.0,0.0
3483,0.0,0.0,0.0,0.0,0.0,0.0,0.0,0.0,0.0,0.0,0.0,0.0,0.0,0.0,0.0,0.0,0.0,0.0,0.0,0.0,0.0,0.0,0.0,0.0,0.0,0.0,0.0,0.0,0.0,0.0,0.0,0.0,0.0,0.0,0.0,0.0,0.0,0.0,0.0,0.0,0.0,0.0,0.0,0.0,0.0,0.0,0.0,0.0,0.0,0.0,0.0,0.0,0.0,0.0,0.0,0.0,0.0,0.0,0.0,0.0,0.0,0.0,0.0,0.0
3484,0.0,0.0,0.0,0.0,0.0,0.0,0.0,0.0,0.0,0.0,0.0,0.0,0.0,0.0,0.0,0.0,0.0,0.0,0.0,0.0,0.0,0.0,0.0,0.0,0.0,0.0,0.0,0.0,0.0,0.0,0.0,0.0,0.0,0.0,0.0,0.0,0.0,0.0,0.0,0.0,0.0,0.0,0.0,0.0,0.0,0.0,0.0,0.0,0.0,0.0,0.0,0.0,0.0,0.0,0.0,0.0,0.0,0.0,0.0,0.0,0.0,0.0,0.0,0.0
3485,0.0,0.0,0.0,0.0,0.0,0.0,0.0,0.0,0.0,0.0,0.0,0.0,0.0,0.0,0.0,0.0,0.0,0.0,0.0,0.0,0.0,0.0,0.0,0.0,0.0,0.0,0.0,0.0,0.0,0.0,0.0,0.0,0.0,0.0,0.0,0.0,0.0,0.0,0.0,0.0,0.0,0.0,0.0,0.0,0.0,0.0,0.0,0.0,0.0,0.0,0.0,0.0,0.0,0.0,0.0,0.0,0.0,0.0,0.0,0.0,0.0,0.0,0.0,0.0
3486,0.0,0.0,0.0,0.0,0.0,0.0,0.0,0.0,0.0,0.0,0.0,0.0,0.0,0.0,0.0,0.0,0.0,0.0,0.0,0.0,0.0,0.0,0.0,0.0,0.0,0.0,0.0,0.0,0.0,0.0,0.0,0.0,0.0,0.0,0.0,0.0,0.0,0.0,0.0,0.0,0.0,0.0,0.0,0.0,0.0,0.0,0.0,0.0,0.0,0.0,0.0,0.0,0.0,0.0,0.0,0.0,0.0,0.0,0.0,0.0,0.0,0.0,0.0,0.0
3487,0.0,0.0,0.0,0.0,0.0,0.0,0.0,0.0,0.0,0.0,0.0,0.0,0.0,0.0,0.0,0.0,0.0,0.0,0.0,0.0,0.0,0.0,0.0,0.0,0.0,0.0,0.0,0.0,0.0,0.0,0.0,0.0,0.0,0.0,0.0,0.0,0.0,0.0,0.0,0.0,0.0,0.0,0.0,0.0,0.0,0.0,0.0,0.0,0.0,0.0,0.0,0.0,0.0,0.0,0.0,0.0,0.0,0.0,0.0,0.0,0.0,0.0,0.0,0.0
3488,0.0,0.0,0.0,0.0,0.0,0.0,0.0,0.0,0.0,0.0,0.0,0.0,0.0,0.0,0.0,0.0,0.0,0.0,0.0,0.0,0.0,0.0,0.0,0.0,0.0,0.0,0.0,0.0,0.0,0.0,0.0,0.0,0.0,0.0,0.0,0.0,0.0,0.0,0.0,0.0,0.0,0.0,0.0,0.0,0.0,0.0,0.0,0.0,0.0,0.0,0.0,0.0,0.0,0.0,0.0,0.0,0.0,0.0,0.0,0.0,0.0,0.0,0.0,0.0
3489,0.0,0.04,0.03,0.0,0.0,0.04,0.0,0.0,0.04,0.04,0.04,0.02,0.02,0.02,0.02,0.02,0.02,0.02,0.03,0.02,0.04,0.02,0.02,0.03,0.03,0.03,0.0,0.0,0.04,0.03,0.03,0.0,0.0,0.0,0.0,0.03,0.03,0.02,0.04,0.02,0.02,0.03,0.04,0.03,0.02,0.04,0.04,0.0,0.0,0.04,0.02,0.02,0.01,0.0,0.0,0.0,0.0,0.01,0.02,0.0,0.02,0.01,0.04,0.02
3490,0.0,0.12,0.11,0.0,0.0,0.14,0.0,0.0,0.2,0.11,0.18,0.19,0.26,0.22,0.22,0.22,0.19,0.24,0.24,0.21,0.03,0.23,0.26,0.17,0.16,0.13,0.0,0.0,0.14,0.12,0.13,0.0,0.0,0.0,0.0,0.15,0.17,0.18,0.14,0.18,0.17,0.14,0.14,0.16,0.16,0.14,0.14,0.0,0.0,0.15,0.12,0.13,0.02,0.01,0.01,0.0,0.0,0.02,0.13,0.01,0.13,0.03,0.14,0.13
3491,0.0,0.54,0.52,0.0,0.0,0.48,0.0,0.0,0.6,0.27,0.58,0.35,0.63,0.62,0.62,0.61,0.1,0.64,0.65,0.6,0.05,0.62,0.63,0.58,0.52,0.55,0.0,0.0,0.55,0.54,0.55,0.0,0.0,0.0,0.0,0.49,0.57,0.6,0.57,0.6,0.6,0.57,0.57,0.58,0.58,0.57,0.48,0.0,0.0,0.45,0.55,0.55,0.03,0.04,0.02,0.02,0.0,0.04,0.55,0.04,0.54,0.14,0.56,0.55
3492,0.0,0.7,0.7,0.0,0.0,0.64,0.0,0.0,0.7,0.57,0.7,0.4,0.7,0.71,0.72,0.71,0.11,0.73,0.36,0.71,0.06,0.71,0.7,0.72,0.67,0.74,0.0,0.0,0.72,0.72,0.73,0.0,0.0,0.0,0.0,0.72,0.71,0.74,0.72,0.74,0.22,0.72,0.72,0.71,0.72,0.72,0.65,0.0,0.0,0.66,0.54,0.74,0.05,0.1,0.03,0.04,0.0,0.08,0.74,0.09,0.28,0.28,0.74,0.73
3493,0.0,0.75,0.76,0.0,0.0,0.66,0.0,0.0,0.73,0.7,0.73,0.38,0.73,0.74,0.74,0.73,0.16,0.76,0.5,0.73,0.13,0.74,0.73,0.76,0.71,0.75,0.0,0.0,0.72,0.77,0.75,0.0,0.0,0.0,0.0,0.76,0.75,0.77,0.74,0.78,0.33,0.75,0.75,0.75,0.76,0.74,0.7,0.0,0.0,0.67,0.53,0.78,0.1,0.13,0.06,0.04,0.0,0.1,0.79,0.11,0.36,0.61,0.75,0.78
3494,0.0,0.77,0.77,0.0,0.0,0.65,0.0,0.0,0.75,0.54,0.74,0.36,0.74,0.76,0.67,0.49,0.33,0.77,0.52,0.25,0.1,0.75,0.24,0.77,0.73,0.77,0.0,0.0,0.76,0.78,0.76,0.0,0.0,0.0,0.0,0.76,0.77,0.69,0.77,0.57,0.43,0.77,0.77,0.77,0.77,0.77,0.66,0.0,0.0,0.67,0.64,0.79,0.11,0.12,0.07,0.06,0.0,0.12,0.8,0.1,0.38,0.28,0.8,0.55
3495,0.0,0.77,0.77,0.0,0.0,0.68,0.0,0.0,0.34,0.31,0.32,0.47,0.76,0.29,0.37,0.34,0.8,0.78,0.46,0.13,0.15,0.37,0.23,0.78,0.74,0.79,0.0,0.0,0.79,0.77,0.77,0.0,0.0,0.0,0.0,0.77,0.79,0.79,0.78,0.45,0.82,0.78,0.78,0.78,0.79,0.79,0.65,0.0,0.0,0.68,0.41,0.8,0.12,0.19,0.06,0.12,0.0,0.19,0.65,0.17,0.46,0.32,0.8,0.63
3496,0.0,0.79,0.79,0.0,0.0,0.71,0.0,0.0,0.15,0.22,0.32,0.27,0.39,0.32,0.46,0.14,0.27,0.46,0.16,0.15,0.12,0.31,0.18,0.79,0.73,0.79,0.0,0.0,0.79,0.8,0.79,0.0,0.0,0.0,0.0,0.69,0.55,0.82,0.79,0.58,0.58,0.79,0.79,0.78,0.79,0.79,0.7,0.0,0.0,0.72,0.36,0.81,0.14,0.15,0.04,0.11,0.0,0.17,0.81,0.16,0.47,0.29,0.81,0.81
3497,0.0,0.78,0.78,0.0,0.0,0.73,0.0,0.0,0.13,0.13,0.15,0.37,0.34,0.33,0.18,0.1,0.19,0.27,0.1,0.14,0.1,0.33,0.09,0.79,0.72,0.8,0.0,0.0,0.78,0.78,0.79,0.0,0.0,0.0,0.0,0.78,0.8,0.82,0.78,0.47,0.28,0.78,0.78,0.78,0.8,0.79,0.73,0.0,0.0,0.71,0.12,0.8,0.13,0.1,0.06,0.07,0.0,0.14,0.26,0.13,0.16,0.11,0.8,0.19
3498,0.0,0.76,0.77,0.0,0.0,0.72,0.0,0.0,0.52,0.11,0.79,0.31,0.08,0.13,0.09,0.08,0.15,0.14,0.09,0.1,0.06,0.1,0.06,0.79,0.65,0.64,0.0,0.0,0.78,0.77,0.78,0.0,0.0,0.0,0.0,0.77,0.79,0.81,0.18,0.67,0.82,0.19,0.78,0.77,0.79,0.46,0.72,0.0,0.0,0.73,0.08,0.79,0.11,0.08,0.08,0.14,0.0,0.11,0.11,0.08,0.08,0.06,0.79,0.1
3499,0.0,0.76,0.76,0.0,0.0,0.73,0.0,0.0,0.77,0.05,0.76,0.59,0.04,0.07,0.06,0.07,0.31,0.21,0.14,0.14,0.07,0.07,0.04,0.76,0.72,0.77,0.0,0.0,0.76,0.76,0.76,0.0,0.0,0.0,0.0,0.49,0.77,0.79,0.77,0.63,0.8,0.77,0.77,0.76,0.77,0.78,0.74,0.0,0.0,0.73,0.04,0.49,0.09,0.05,0.05,0.06,0.0,0.15,0.04,0.09,0.09,0.05,0.77,0.06
3500,0.0,0.14,0.68,0.0,0.0,0.61,0.0,0.0,0.68,0.03,0.68,0.3,0.04,0.11,0.09,0.68,0.28,0.16,0.09,0.68,0.08,0.14,0.06,0.69,0.64,0.7,0.0,0.0,0.69,0.69,0.69,0.0,0.0,0.0,0.0,0.68,0.69,0.71,0.69,0.12,0.71,0.69,0.7,0.68,0.69,0.23,0.63,0.0,0.0,0.62,0.06,0.71,0.07,0.12,0.04,0.05,0.0,0.04,0.06,0.09,0.71,0.09,0.36,0.71
3501,0.0,0.04,0.04,0.0,0.0,0.34,0.0,0.0,0.31,0.02,0.32,0.03,0.25,0.26,0.06,0.29,0.08,0.24,0.17,0.3,0.03,0.28,0.07,0.33,0.26,0.39,0.0,0.0,0.38,0.13,0.38,0.0,0.0,0.0,0.0,0.36,0.34,0.34,0.37,0.34,0.35,0.36,0.36,0.33,0.33,0.37,0.34,0.0,0.0,0.33,0.39,0.32,0.03,0.39,0.03,0.38,0.0,0.38,0.38,0.04,0.39,0.39,0.38,0.38
3502,0.0,0.05,0.05,0.0,0.0,0.05,0.0,0.0,0.05,0.02,0.05,0.06,0.04,0.04,0.04,0.04,0.04,0.04,0.04,0.04,0.06,0.03,0.04,0.05,0.04,0.05,0.0,0.0,0.05,0.05,0.05,0.0,0.0,0.0,0.0,0.05,0.05,0.05,0.05,0.05,0.05,0.05,0.05,0.05,0.05,0.05,0.05,0.0,0.0,0.05,0.05,0.04,0.05,0.05,0.05,0.05,0.0,0.05,0.05,0.05,0.05,0.05,0.05,0.05
3503,0.0,0.01,0.01,0.0,0.0,0.0,0.0,0.0,0.0,0.0,0.0,0.0,0.0,0.0,0.0,0.0,0.01,0.0,0.0,0.0,0.0,0.0,0.0,0.0,0.0,0.01,0.0,0.0,0.01,0.01,0.01,0.0,0.0,0.0,0.0,0.01,0.01,0.0,0.01,0.01,0.01,0.01,0.01,0.0,0.0,0.01,0.0,0.0,0.0,0.0,0.03,0.03,0.03,0.01,0.03,0.01,0.0,0.01,0.03,0.01,0.03,0.03,0.01,0.03
3504,0.0,0.0,0.0,0.0,0.0,0.0,0.0,0.0,0.0,0.0,0.0,0.0,0.0,0.0,0.0,0.0,0.0,0.0,0.0,0.0,0.0,0.0,0.0,0.0,0.0,0.0,0.0,0.0,0.0,0.0,0.0,0.0,0.0,0.0,0.0,0.0,0.0,0.0,0.0,0.0,0.0,0.0,0.0,0.0,0.0,0.0,0.0,0.0,0.0,0.0,0.0,0.0,0.0,0.0,0.0,0.0,0.0,0.0,0.0,0.0,0.0,0.0,0.0,0.0
3505,0.0,0.0,0.0,0.0,0.0,0.0,0.0,0.0,0.0,0.0,0.0,0.0,0.0,0.0,0.0,0.0,0.0,0.0,0.0,0.0,0.0,0.0,0.0,0.0,0.0,0.0,0.0,0.0,0.0,0.0,0.0,0.0,0.0,0.0,0.0,0.0,0.0,0.0,0.0,0.0,0.0,0.0,0.0,0.0,0.0,0.0,0.0,0.0,0.0,0.0,0.0,0.0,0.0,0.0,0.0,0.0,0.0,0.0,0.0,0.0,0.0,0.0,0.0,0.0
3506,0.0,0.0,0.0,0.0,0.0,0.0,0.0,0.0,0.0,0.0,0.0,0.0,0.0,0.0,0.0,0.0,0.0,0.0,0.0,0.0,0.0,0.0,0.0,0.0,0.0,0.0,0.0,0.0,0.0,0.0,0.0,0.0,0.0,0.0,0.0,0.0,0.0,0.0,0.0,0.0,0.0,0.0,0.0,0.0,0.0,0.0,0.0,0.0,0.0,0.0,0.0,0.0,0.0,0.0,0.0,0.0,0.0,0.0,0.0,0.0,0.0,0.0,0.0,0.0
3507,0.0,0.0,0.0,0.0,0.0,0.0,0.0,0.0,0.0,0.0,0.0,0.0,0.0,0.0,0.0,0.0,0.0,0.0,0.0,0.0,0.0,0.0,0.0,0.0,0.0,0.0,0.0,0.0,0.0,0.0,0.0,0.0,0.0,0.0,0.0,0.0,0.0,0.0,0.0,0.0,0.0,0.0,0.0,0.0,0.0,0.0,0.0,0.0,0.0,0.0,0.0,0.0,0.0,0.0,0.0,0.0,0.0,0.0,0.0,0.0,0.0,0.0,0.0,0.0
3508,0.0,0.0,0.0,0.0,0.0,0.0,0.0,0.0,0.0,0.0,0.0,0.0,0.0,0.0,0.0,0.0,0.0,0.0,0.0,0.0,0.0,0.0,0.0,0.0,0.0,0.0,0.0,0.0,0.0,0.0,0.0,0.0,0.0,0.0,0.0,0.0,0.0,0.0,0.0,0.0,0.0,0.0,0.0,0.0,0.0,0.0,0.0,0.0,0.0,0.0,0.0,0.0,0.0,0.0,0.0,0.0,0.0,0.0,0.0,0.0,0.0,0.0,0.0,0.0
3509,0.0,0.0,0.0,0.0,0.0,0.0,0.0,0.0,0.0,0.0,0.0,0.0,0.0,0.0,0.0,0.0,0.0,0.0,0.0,0.0,0.0,0.0,0.0,0.0,0.0,0.0,0.0,0.0,0.0,0.0,0.0,0.0,0.0,0.0,0.0,0.0,0.0,0.0,0.0,0.0,0.0,0.0,0.0,0.0,0.0,0.0,0.0,0.0,0.0,0.0,0.0,0.0,0.0,0.0,0.0,0.0,0.0,0.0,0.0,0.0,0.0,0.0,0.0,0.0
3510,0.0,0.0,0.0,0.0,0.0,0.0,0.0,0.0,0.0,0.0,0.0,0.0,0.0,0.0,0.0,0.0,0.0,0.0,0.0,0.0,0.0,0.0,0.0,0.0,0.0,0.0,0.0,0.0,0.0,0.0,0.0,0.0,0.0,0.0,0.0,0.0,0.0,0.0,0.0,0.0,0.0,0.0,0.0,0.0,0.0,0.0,0.0,0.0,0.0,0.0,0.0,0.0,0.0,0.0,0.0,0.0,0.0,0.0,0.0,0.0,0.0,0.0,0.0,0.0
3511,0.0,0.0,0.0,0.0,0.0,0.0,0.0,0.0,0.0,0.0,0.0,0.0,0.0,0.0,0.0,0.0,0.0,0.0,0.0,0.0,0.0,0.0,0.0,0.0,0.0,0.0,0.0,0.0,0.0,0.0,0.0,0.0,0.0,0.0,0.0,0.0,0.0,0.0,0.0,0.0,0.0,0.0,0.0,0.0,0.0,0.0,0.0,0.0,0.0,0.0,0.0,0.0,0.0,0.0,0.0,0.0,0.0,0.0,0.0,0.0,0.0,0.0,0.0,0.0
3512,0.0,0.0,0.0,0.0,0.0,0.0,0.0,0.0,0.0,0.0,0.0,0.0,0.0,0.0,0.0,0.0,0.0,0.0,0.0,0.0,0.0,0.0,0.0,0.0,0.0,0.0,0.0,0.0,0.0,0.0,0.0,0.0,0.0,0.0,0.0,0.0,0.0,0.0,0.0,0.0,0.0,0.0,0.0,0.0,0.0,0.0,0.0,0.0,0.0,0.0,0.0,0.0,0.0,0.0,0.0,0.0,0.0,0.0,0.0,0.0,0.0,0.0,0.0,0.0
3513,0.0,0.04,0.04,0.0,0.0,0.04,0.0,0.0,0.04,0.05,0.04,0.04,0.04,0.04,0.04,0.04,0.04,0.04,0.04,0.04,0.04,0.04,0.04,0.04,0.04,0.04,0.0,0.0,0.04,0.04,0.04,0.0,0.0,0.0,0.0,0.04,0.04,0.05,0.04,0.04,0.04,0.04,0.04,0.04,0.04,0.04,0.04,0.0,0.0,0.04,0.04,0.04,0.0,0.04,0.05,0.01,0.0,0.01,0.04,0.04,0.04,0.04,0.04,0.04
3514,0.0,0.11,0.11,0.0,0.0,0.14,0.0,0.0,0.19,0.18,0.18,0.19,0.25,0.21,0.21,0.2,0.17,0.23,0.23,0.19,0.21,0.21,0.25,0.17,0.17,0.12,0.0,0.0,0.12,0.12,0.12,0.0,0.0,0.0,0.0,0.14,0.06,0.14,0.14,0.14,0.16,0.14,0.14,0.16,0.09,0.14,0.15,0.0,0.0,0.15,0.12,0.12,0.13,0.07,0.14,0.11,0.0,0.12,0.12,0.13,0.12,0.12,0.12,0.12
3515,0.0,0.59,0.58,0.0,0.0,0.57,0.0,0.0,0.59,0.58,0.6,0.61,0.66,0.64,0.65,0.63,0.63,0.68,0.69,0.62,0.66,0.65,0.67,0.25,0.61,0.6,0.0,0.0,0.61,0.6,0.6,0.0,0.0,0.0,0.0,0.61,0.6,0.62,0.62,0.62,0.62,0.63,0.62,0.61,0.28,0.62,0.58,0.0,0.0,0.58,0.6,0.6,0.43,0.37,0.6,0.56,0.0,0.57,0.6,0.58,0.15,0.51,0.62,0.59
3516,0.0,0.79,0.79,0.0,0.0,0.77,0.0,0.0,0.23,0.73,0.28,0.71,0.74,0.73,0.73,0.72,0.76,0.77,0.78,0.18,0.77,0.42,0.75,0.76,0.74,0.81,0.0,0.0,0.8,0.8,0.8,0.0,0.0,0.0,0.0,0.79,0.77,0.78,0.8,0.78,0.78,0.8,0.78,0.77,0.76,0.8,0.78,0.0,0.0,0.77,0.36,0.79,0.19,0.5,0.08,0.76,0.0,0.48,0.78,0.76,0.51,0.78,0.82,0.78
3517,0.0,0.82,0.82,0.0,0.0,0.79,0.0,0.0,0.23,0.77,0.76,0.74,0.74,0.73,0.74,0.12,0.23,0.78,0.79,0.09,0.79,0.74,0.76,0.77,0.76,0.83,0.0,0.0,0.82,0.82,0.83,0.0,0.0,0.0,0.0,0.81,0.78,0.79,0.8,0.79,0.8,0.8,0.38,0.78,0.77,0.8,0.79,0.0,0.0,0.79,0.12,0.81,0.8,0.58,0.15,0.77,0.0,0.8,0.79,0.78,0.1,0.8,0.57,0.17
3518,0.0,0.84,0.84,0.0,0.0,0.81,0.0,0.0,0.78,0.48,0.79,0.75,0.77,0.7,0.74,0.28,0.46,0.8,0.81,0.76,0.8,0.71,0.78,0.8,0.81,0.85,0.0,0.0,0.26,0.85,0.84,0.0,0.0,0.0,0.0,0.82,0.82,0.82,0.82,0.81,0.62,0.82,0.82,0.8,0.8,0.82,0.81,0.0,0.0,0.81,0.6,0.83,0.82,0.34,0.8,0.79,0.0,0.55,0.82,0.8,0.12,0.82,0.84,0.33
3519,0.0,0.84,0.85,0.0,0.0,0.82,0.0,0.0,0.79,0.31,0.79,0.76,0.74,0.74,0.78,0.78,0.81,0.8,0.81,0.77,0.81,0.4,0.78,0.81,0.82,0.85,0.0,0.0,0.83,0.84,0.84,0.0,0.0,0.0,0.0,0.82,0.82,0.82,0.82,0.82,0.83,0.82,0.82,0.82,0.82,0.83,0.82,0.0,0.0,0.82,0.83,0.84,0.71,0.17,0.8,0.79,0.0,0.09,0.83,0.8,0.83,0.83,0.84,0.82
3520,0.0,0.83,0.84,0.0,0.0,0.82,0.0,0.0,0.79,0.12,0.79,0.81,0.74,0.73,0.53,0.72,0.79,0.8,0.81,0.66,0.81,0.4,0.77,0.81,0.82,0.85,0.0,0.0,0.83,0.84,0.84,0.0,0.0,0.0,0.0,0.82,0.82,0.82,0.82,0.82,0.83,0.82,0.82,0.81,0.81,0.83,0.82,0.0,0.0,0.82,0.51,0.83,0.5,0.4,0.78,0.79,0.0,0.4,0.82,0.8,0.82,0.41,0.84,0.82
3521,0.0,0.83,0.83,0.0,0.0,0.81,0.0,0.0,0.72,0.13,0.77,0.8,0.74,0.71,0.47,0.33,0.8,0.79,0.8,0.73,0.8,0.41,0.76,0.79,0.8,0.28,0.0,0.0,0.82,0.83,0.83,0.0,0.0,0.0,0.0,0.81,0.8,0.81,0.82,0.81,0.82,0.82,0.81,0.8,0.8,0.82,0.81,0.0,0.0,0.81,0.51,0.82,0.68,0.19,0.8,0.78,0.0,0.43,0.38,0.65,0.82,0.43,0.83,0.55
3522,0.0,0.81,0.81,0.0,0.0,0.79,0.0,0.0,0.71,0.11,0.74,0.79,0.75,0.51,0.67,0.75,0.78,0.78,0.79,0.64,0.79,0.38,0.31,0.77,0.78,0.82,0.0,0.0,0.8,0.81,0.81,0.0,0.0,0.0,0.0,0.79,0.78,0.8,0.79,0.79,0.8,0.79,0.79,0.77,0.77,0.79,0.79,0.0,0.0,0.79,0.8,0.8,0.41,0.44,0.79,0.76,0.0,0.52,0.51,0.41,0.28,0.47,0.81,0.19
3523,0.0,0.8,0.79,0.0,0.0,0.79,0.0,0.0,0.77,0.06,0.77,0.78,0.71,0.48,0.61,0.73,0.79,0.79,0.8,0.5,0.77,0.35,0.76,0.78,0.78,0.81,0.0,0.0,0.8,0.81,0.8,0.0,0.0,0.0,0.0,0.79,0.78,0.8,0.38,0.8,0.8,0.79,0.79,0.25,0.78,0.23,0.79,0.0,0.0,0.79,0.8,0.8,0.41,0.45,0.15,0.37,0.0,0.41,0.8,0.46,0.79,0.39,0.81,0.8
3524,0.0,0.73,0.74,0.0,0.0,0.72,0.0,0.0,0.69,0.16,0.7,0.72,0.19,0.69,0.67,0.65,0.72,0.71,0.72,0.68,0.69,0.68,0.69,0.7,0.71,0.74,0.0,0.0,0.73,0.74,0.73,0.0,0.0,0.0,0.0,0.72,0.71,0.73,0.72,0.73,0.73,0.72,0.72,0.71,0.71,0.72,0.72,0.0,0.0,0.72,0.74,0.74,0.14,0.73,0.72,0.72,0.0,0.35,0.73,0.54,0.73,0.4,0.74,0.73
3525,0.0,0.41,0.42,0.0,0.0,0.37,0.0,0.0,0.32,0.32,0.33,0.33,0.26,0.3,0.3,0.3,0.35,0.29,0.3,0.3,0.31,0.29,0.26,0.35,0.33,0.42,0.0,0.0,0.41,0.41,0.41,0.0,0.0,0.0,0.0,0.39,0.36,0.36,0.39,0.36,0.38,0.38,0.38,0.35,0.35,0.39,0.37,0.0,0.0,0.37,0.42,0.42,0.4,0.42,0.37,0.41,0.0,0.32,0.41,0.33,0.41,0.37,0.41,0.41
3526,0.0,0.08,0.07,0.0,0.0,0.04,0.0,0.0,0.04,0.06,0.04,0.04,0.04,0.05,0.04,0.04,0.04,0.04,0.04,0.04,0.04,0.04,0.04,0.04,0.04,0.05,0.0,0.0,0.05,0.07,0.05,0.0,0.0,0.0,0.0,0.05,0.04,0.04,0.05,0.04,0.04,0.04,0.04,0.04,0.04,0.05,0.04,0.0,0.0,0.04,0.05,0.05,0.05,0.05,0.06,0.04,0.0,0.05,0.05,0.05,0.05,0.05,0.05,0.05
3527,0.0,0.0,0.0,0.0,0.0,0.0,0.0,0.0,0.0,0.01,0.0,0.0,0.0,0.0,0.0,0.0,0.0,0.0,0.0,0.0,0.0,0.0,0.0,0.0,0.0,0.0,0.0,0.0,0.0,0.0,0.0,0.0,0.0,0.0,0.0,0.0,0.0,0.0,0.0,0.0,0.0,0.0,0.0,0.0,0.0,0.0,0.0,0.0,0.0,0.0,0.02,0.01,0.01,0.0,0.01,0.0,0.0,0.02,0.02,0.02,0.02,0.02,0.0,0.0
3528,0.0,0.0,0.0,0.0,0.0,0.0,0.0,0.0,0.0,0.0,0.0,0.0,0.0,0.0,0.0,0.0,0.0,0.0,0.0,0.0,0.0,0.0,0.0,0.0,0.0,0.0,0.0,0.0,0.0,0.0,0.0,0.0,0.0,0.0,0.0,0.0,0.0,0.0,0.0,0.0,0.0,0.0,0.0,0.0,0.0,0.0,0.0,0.0,0.0,0.0,0.0,0.0,0.0,0.0,0.0,0.0,0.0,0.0,0.0,0.0,0.0,0.0,0.0,0.0
3529,0.0,0.0,0.0,0.0,0.0,0.0,0.0,0.0,0.0,0.0,0.0,0.0,0.0,0.0,0.0,0.0,0.0,0.0,0.0,0.0,0.0,0.0,0.0,0.0,0.0,0.0,0.0,0.0,0.0,0.0,0.0,0.0,0.0,0.0,0.0,0.0,0.0,0.0,0.0,0.0,0.0,0.0,0.0,0.0,0.0,0.0,0.0,0.0,0.0,0.0,0.0,0.0,0.0,0.0,0.0,0.0,0.0,0.0,0.0,0.0,0.0,0.0,0.0,0.0
3530,0.0,0.0,0.0,0.0,0.0,0.0,0.0,0.0,0.0,0.0,0.0,0.0,0.0,0.0,0.0,0.0,0.0,0.0,0.0,0.0,0.0,0.0,0.0,0.0,0.0,0.0,0.0,0.0,0.0,0.0,0.0,0.0,0.0,0.0,0.0,0.0,0.0,0.0,0.0,0.0,0.0,0.0,0.0,0.0,0.0,0.0,0.0,0.0,0.0,0.0,0.0,0.0,0.0,0.0,0.0,0.0,0.0,0.0,0.0,0.0,0.0,0.0,0.0,0.0
3531,0.0,0.0,0.0,0.0,0.0,0.0,0.0,0.0,0.0,0.0,0.0,0.0,0.0,0.0,0.0,0.0,0.0,0.0,0.0,0.0,0.0,0.0,0.0,0.0,0.0,0.0,0.0,0.0,0.0,0.0,0.0,0.0,0.0,0.0,0.0,0.0,0.0,0.0,0.0,0.0,0.0,0.0,0.0,0.0,0.0,0.0,0.0,0.0,0.0,0.0,0.0,0.0,0.0,0.0,0.0,0.0,0.0,0.0,0.0,0.0,0.0,0.0,0.0,0.0
3532,0.0,0.0,0.0,0.0,0.0,0.0,0.0,0.0,0.0,0.0,0.0,0.0,0.0,0.0,0.0,0.0,0.0,0.0,0.0,0.0,0.0,0.0,0.0,0.0,0.0,0.0,0.0,0.0,0.0,0.0,0.0,0.0,0.0,0.0,0.0,0.0,0.0,0.0,0.0,0.0,0.0,0.0,0.0,0.0,0.0,0.0,0.0,0.0,0.0,0.0,0.0,0.0,0.0,0.0,0.0,0.0,0.0,0.0,0.0,0.0,0.0,0.0,0.0,0.0
3533,0.0,0.0,0.0,0.0,0.0,0.0,0.0,0.0,0.0,0.0,0.0,0.0,0.0,0.0,0.0,0.0,0.0,0.0,0.0,0.0,0.0,0.0,0.0,0.0,0.0,0.0,0.0,0.0,0.0,0.0,0.0,0.0,0.0,0.0,0.0,0.0,0.0,0.0,0.0,0.0,0.0,0.0,0.0,0.0,0.0,0.0,0.0,0.0,0.0,0.0,0.0,0.0,0.0,0.0,0.0,0.0,0.0,0.0,0.0,0.0,0.0,0.0,0.0,0.0
3534,0.0,0.0,0.0,0.0,0.0,0.0,0.0,0.0,0.0,0.0,0.0,0.0,0.0,0.0,0.0,0.0,0.0,0.0,0.0,0.0,0.0,0.0,0.0,0.0,0.0,0.0,0.0,0.0,0.0,0.0,0.0,0.0,0.0,0.0,0.0,0.0,0.0,0.0,0.0,0.0,0.0,0.0,0.0,0.0,0.0,0.0,0.0,0.0,0.0,0.0,0.0,0.0,0.0,0.0,0.0,0.0,0.0,0.0,0.0,0.0,0.0,0.0,0.0,0.0
3535,0.0,0.0,0.0,0.0,0.0,0.0,0.0,0.0,0.0,0.0,0.0,0.0,0.0,0.0,0.0,0.0,0.0,0.0,0.0,0.0,0.0,0.0,0.0,0.0,0.0,0.0,0.0,0.0,0.0,0.0,0.0,0.0,0.0,0.0,0.0,0.0,0.0,0.0,0.0,0.0,0.0,0.0,0.0,0.0,0.0,0.0,0.0,0.0,0.0,0.0,0.0,0.0,0.0,0.0,0.0,0.0,0.0,0.0,0.0,0.0,0.0,0.0,0.0,0.0
3536,0.0,0.0,0.0,0.0,0.0,0.0,0.0,0.0,0.0,0.0,0.0,0.0,0.0,0.0,0.0,0.0,0.0,0.0,0.0,0.0,0.0,0.0,0.0,0.0,0.0,0.0,0.0,0.0,0.0,0.0,0.0,0.0,0.0,0.0,0.0,0.0,0.0,0.0,0.0,0.0,0.0,0.0,0.0,0.0,0.0,0.0,0.0,0.0,0.0,0.0,0.0,0.0,0.0,0.0,0.0,0.0,0.0,0.0,0.0,0.0,0.0,0.0,0.0,0.0
3537,0.0,0.02,0.02,0.0,0.0,0.02,0.0,0.0,0.05,0.04,0.05,0.05,0.04,0.05,0.05,0.02,0.04,0.04,0.06,0.04,0.05,0.05,0.04,0.04,0.02,0.01,0.0,0.0,0.04,0.02,0.04,0.0,0.0,0.0,0.0,0.04,0.02,0.0,0.04,0.0,0.02,0.04,0.03,0.04,0.03,0.04,0.02,0.0,0.0,0.03,0.02,0.03,0.02,0.01,0.05,0.04,0.0,0.04,0.02,0.05,0.04,0.01,0.01,0.02
3538,0.0,0.12,0.12,0.0,0.0,0.14,0.0,0.0,0.13,0.21,0.1,0.18,0.25,0.2,0.21,0.21,0.15,0.23,0.23,0.18,0.16,0.21,0.25,0.09,0.18,0.12,0.0,0.0,0.1,0.12,0.12,0.0,0.0,0.0,0.0,0.01,0.01,0.0,0.02,0.01,0.03,0.02,0.01,0.06,0.03,0.03,0.14,0.0,0.0,0.15,0.06,0.06,0.14,0.01,0.15,0.02,0.0,0.03,0.06,0.12,0.06,0.07,0.08,0.06
3539,0.0,0.02,0.02,0.0,0.0,0.5,0.0,0.0,0.32,0.67,0.35,0.07,0.67,0.58,0.62,0.6,0.15,0.69,0.69,0.55,0.66,0.6,0.67,0.26,0.58,0.32,0.0,0.0,0.41,0.1,0.44,0.0,0.0,0.0,0.0,0.19,0.04,0.0,0.06,0.01,0.03,0.05,0.02,0.07,0.25,0.05,0.53,0.0,0.0,0.55,0.09,0.33,0.03,0.04,0.02,0.04,0.0,0.04,0.1,0.03,0.15,0.09,0.25,0.09
3540,0.0,0.62,0.56,0.0,0.0,0.66,0.0,0.0,0.65,0.77,0.42,0.07,0.76,0.74,0.73,0.71,0.64,0.78,0.78,0.72,0.76,0.75,0.76,0.32,0.71,0.26,0.0,0.0,0.45,0.61,0.26,0.0,0.0,0.0,0.0,0.36,0.21,0.01,0.26,0.02,0.08,0.22,0.22,0.35,0.26,0.21,0.65,0.0,0.0,0.59,0.13,0.1,0.1,0.11,0.27,0.15,0.0,0.16,0.14,0.12,0.2,0.15,0.33,0.19
3541,0.0,0.22,0.73,0.0,0.0,0.67,0.0,0.0,0.32,0.8,0.27,0.3,0.79,0.66,0.75,0.69,0.24,0.81,0.82,0.6,0.76,0.72,0.79,0.31,0.62,0.08,0.0,0.0,0.17,0.25,0.11,0.0,0.0,0.0,0.0,0.37,0.53,0.07,0.35,0.07,0.19,0.29,0.22,0.62,0.29,0.48,0.39,0.0,0.0,0.28,0.09,0.08,0.19,0.28,0.32,0.51,0.0,0.53,0.25,0.28,0.32,0.13,0.05,0.22
3542,0.0,0.15,0.14,0.0,0.0,0.19,0.0,0.0,0.52,0.78,0.41,0.42,0.76,0.68,0.39,0.32,0.34,0.76,0.76,0.39,0.75,0.72,0.78,0.61,0.41,0.1,0.0,0.0,0.12,0.13,0.18,0.0,0.0,0.0,0.0,0.13,0.7,0.31,0.41,0.29,0.46,0.15,0.1,0.46,0.63,0.41,0.2,0.0,0.0,0.39,0.07,0.14,0.29,0.08,0.61,0.09,0.0,0.51,0.11,0.1,0.07,0.07,0.05,0.1
3543,0.0,0.3,0.08,0.0,0.0,0.21,0.0,0.0,0.54,0.67,0.6,0.62,0.7,0.68,0.74,0.42,0.75,0.72,0.7,0.34,0.66,0.61,0.77,0.14,0.19,0.78,0.0,0.0,0.12,0.75,0.57,0.0,0.0,0.0,0.0,0.14,0.13,0.75,0.2,0.28,0.12,0.19,0.11,0.36,0.11,0.12,0.36,0.0,0.0,0.42,0.16,0.05,0.11,0.16,0.23,0.1,0.0,0.2,0.14,0.14,0.26,0.13,0.1,0.2
3544,0.0,0.36,0.12,0.0,0.0,0.2,0.0,0.0,0.21,0.36,0.11,0.25,0.72,0.3,0.75,0.27,0.28,0.59,0.58,0.38,0.56,0.67,0.7,0.13,0.78,0.07,0.0,0.0,0.09,0.45,0.09,0.0,0.0,0.0,0.0,0.37,0.24,0.39,0.11,0.17,0.17,0.12,0.24,0.16,0.12,0.13,0.62,0.0,0.0,0.72,0.22,0.07,0.2,0.04,0.09,0.06,0.0,0.06,0.35,0.18,0.07,0.14,0.1,0.12
3545,0.0,0.18,0.32,0.0,0.0,0.1,0.0,0.0,0.11,0.27,0.13,0.09,0.6,0.35,0.11,0.76,0.13,0.77,0.79,0.47,0.42,0.12,0.64,0.21,0.77,0.15,0.0,0.0,0.18,0.1,0.17,0.0,0.0,0.0,0.0,0.14,0.19,0.2,0.1,0.18,0.13,0.11,0.07,0.13,0.18,0.1,0.43,0.0,0.0,0.28,0.05,0.09,0.06,0.04,0.23,0.04,0.0,0.04,0.05,0.06,0.04,0.05,0.42,0.05
3546,0.0,0.76,0.76,0.0,0.0,0.28,0.0,0.0,0.37,0.75,0.74,0.09,0.76,0.31,0.07,0.19,0.42,0.75,0.7,0.27,0.33,0.62,0.77,0.73,0.75,0.6,0.0,0.0,0.23,0.76,0.15,0.0,0.0,0.0,0.0,0.77,0.18,0.16,0.63,0.2,0.12,0.33,0.07,0.09,0.74,0.16,0.33,0.0,0.0,0.46,0.24,0.77,0.05,0.08,0.75,0.04,0.0,0.07,0.31,0.1,0.62,0.24,0.42,0.76
3547,0.0,0.73,0.73,0.0,0.0,0.73,0.0,0.0,0.28,0.75,0.15,0.23,0.63,0.13,0.1,0.73,0.74,0.75,0.2,0.72,0.14,0.23,0.43,0.08,0.73,0.12,0.0,0.0,0.17,0.44,0.24,0.0,0.0,0.0,0.0,0.4,0.21,0.13,0.6,0.17,0.06,0.62,0.63,0.06,0.06,0.5,0.73,0.0,0.0,0.24,0.11,0.74,0.06,0.11,0.74,0.03,0.0,0.07,0.13,0.06,0.65,0.2,0.35,0.12
3548,0.0,0.39,0.27,0.0,0.0,0.42,0.0,0.0,0.6,0.67,0.23,0.04,0.65,0.07,0.07,0.11,0.66,0.1,0.08,0.08,0.16,0.07,0.15,0.63,0.18,0.44,0.0,0.0,0.66,0.48,0.28,0.0,0.0,0.0,0.0,0.37,0.4,0.42,0.68,0.62,0.07,0.67,0.66,0.54,0.52,0.67,0.31,0.0,0.0,0.28,0.05,0.11,0.02,0.04,0.03,0.02,0.0,0.03,0.07,0.02,0.2,0.05,0.67,0.12
3549,0.0,0.38,0.38,0.0,0.0,0.11,0.0,0.0,0.08,0.3,0.02,0.02,0.25,0.02,0.02,0.29,0.01,0.28,0.05,0.3,0.31,0.03,0.25,0.05,0.1,0.38,0.0,0.0,0.14,0.38,0.37,0.0,0.0,0.0,0.0,0.36,0.13,0.02,0.36,0.01,0.03,0.36,0.35,0.13,0.05,0.32,0.13,0.0,0.0,0.12,0.39,0.05,0.01,0.05,0.01,0.02,0.0,0.04,0.17,0.01,0.15,0.24,0.11,0.38
3550,0.0,0.06,0.06,0.0,0.0,0.06,0.0,0.0,0.0,0.05,0.0,0.02,0.05,0.01,0.02,0.03,0.0,0.03,0.05,0.01,0.05,0.0,0.05,0.04,0.05,0.06,0.0,0.0,0.06,0.06,0.06,0.0,0.0,0.0,0.0,0.06,0.05,0.02,0.07,0.0,0.01,0.06,0.02,0.06,0.03,0.02,0.07,0.0,0.0,0.07,0.03,0.01,0.01,0.0,0.0,0.02,0.0,0.01,0.04,0.01,0.02,0.02,0.02,0.05
3551,0.0,0.0,0.0,0.0,0.0,0.0,0.0,0.0,0.0,0.0,0.0,0.0,0.0,0.0,0.0,0.0,0.0,0.0,0.0,0.0,0.0,0.0,0.0,0.0,0.0,0.0,0.0,0.0,0.0,0.0,0.0,0.0,0.0,0.0,0.0,0.0,0.0,0.0,0.0,0.0,0.0,0.0,0.0,0.0,0.0,0.0,0.0,0.0,0.0,0.0,0.0,0.0,0.0,0.0,0.0,0.0,0.0,0.0,0.0,0.0,0.0,0.0,0.0,0.0
3552,0.0,0.0,0.0,0.0,0.0,0.0,0.0,0.0,0.0,0.0,0.0,0.0,0.0,0.0,0.0,0.0,0.0,0.0,0.0,0.0,0.0,0.0,0.0,0.0,0.0,0.0,0.0,0.0,0.0,0.0,0.0,0.0,0.0,0.0,0.0,0.0,0.0,0.0,0.0,0.0,0.0,0.0,0.0,0.0,0.0,0.0,0.0,0.0,0.0,0.0,0.0,0.0,0.0,0.0,0.0,0.0,0.0,0.0,0.0,0.0,0.0,0.0,0.0,0.0
3553,0.0,0.0,0.0,0.0,0.0,0.0,0.0,0.0,0.0,0.0,0.0,0.0,0.0,0.0,0.0,0.0,0.0,0.0,0.0,0.0,0.0,0.0,0.0,0.0,0.0,0.0,0.0,0.0,0.0,0.0,0.0,0.0,0.0,0.0,0.0,0.0,0.0,0.0,0.0,0.0,0.0,0.0,0.0,0.0,0.0,0.0,0.0,0.0,0.0,0.0,0.0,0.0,0.0,0.0,0.0,0.0,0.0,0.0,0.0,0.0,0.0,0.0,0.0,0.0
3554,0.0,0.0,0.0,0.0,0.0,0.0,0.0,0.0,0.0,0.0,0.0,0.0,0.0,0.0,0.0,0.0,0.0,0.0,0.0,0.0,0.0,0.0,0.0,0.0,0.0,0.0,0.0,0.0,0.0,0.0,0.0,0.0,0.0,0.0,0.0,0.0,0.0,0.0,0.0,0.0,0.0,0.0,0.0,0.0,0.0,0.0,0.0,0.0,0.0,0.0,0.0,0.0,0.0,0.0,0.0,0.0,0.0,0.0,0.0,0.0,0.0,0.0,0.0,0.0
3555,0.0,0.0,0.0,0.0,0.0,0.0,0.0,0.0,0.0,0.0,0.0,0.0,0.0,0.0,0.0,0.0,0.0,0.0,0.0,0.0,0.0,0.0,0.0,0.0,0.0,0.0,0.0,0.0,0.0,0.0,0.0,0.0,0.0,0.0,0.0,0.0,0.0,0.0,0.0,0.0,0.0,0.0,0.0,0.0,0.0,0.0,0.0,0.0,0.0,0.0,0.0,0.0,0.0,0.0,0.0,0.0,0.0,0.0,0.0,0.0,0.0,0.0,0.0,0.0
3556,0.0,0.0,0.0,0.0,0.0,0.0,0.0,0.0,0.0,0.0,0.0,0.0,0.0,0.0,0.0,0.0,0.0,0.0,0.0,0.0,0.0,0.0,0.0,0.0,0.0,0.0,0.0,0.0,0.0,0.0,0.0,0.0,0.0,0.0,0.0,0.0,0.0,0.0,0.0,0.0,0.0,0.0,0.0,0.0,0.0,0.0,0.0,0.0,0.0,0.0,0.0,0.0,0.0,0.0,0.0,0.0,0.0,0.0,0.0,0.0,0.0,0.0,0.0,0.0
3557,0.0,0.0,0.0,0.0,0.0,0.0,0.0,0.0,0.0,0.0,0.0,0.0,0.0,0.0,0.0,0.0,0.0,0.0,0.0,0.0,0.0,0.0,0.0,0.0,0.0,0.0,0.0,0.0,0.0,0.0,0.0,0.0,0.0,0.0,0.0,0.0,0.0,0.0,0.0,0.0,0.0,0.0,0.0,0.0,0.0,0.0,0.0,0.0,0.0,0.0,0.0,0.0,0.0,0.0,0.0,0.0,0.0,0.0,0.0,0.0,0.0,0.0,0.0,0.0
3558,0.0,0.0,0.0,0.0,0.0,0.0,0.0,0.0,0.0,0.0,0.0,0.0,0.0,0.0,0.0,0.0,0.0,0.0,0.0,0.0,0.0,0.0,0.0,0.0,0.0,0.0,0.0,0.0,0.0,0.0,0.0,0.0,0.0,0.0,0.0,0.0,0.0,0.0,0.0,0.0,0.0,0.0,0.0,0.0,0.0,0.0,0.0,0.0,0.0,0.0,0.0,0.0,0.0,0.0,0.0,0.0,0.0,0.0,0.0,0.0,0.0,0.0,0.0,0.0
3559,0.0,0.0,0.0,0.0,0.0,0.0,0.0,0.0,0.0,0.0,0.0,0.0,0.0,0.0,0.0,0.0,0.0,0.0,0.0,0.0,0.0,0.0,0.0,0.0,0.0,0.0,0.0,0.0,0.0,0.0,0.0,0.0,0.0,0.0,0.0,0.0,0.0,0.0,0.0,0.0,0.0,0.0,0.0,0.0,0.0,0.0,0.0,0.0,0.0,0.0,0.0,0.0,0.0,0.0,0.0,0.0,0.0,0.0,0.0,0.0,0.0,0.0,0.0,0.0
3560,0.0,0.0,0.0,0.0,0.0,0.0,0.0,0.0,0.0,0.0,0.0,0.0,0.0,0.0,0.0,0.0,0.0,0.0,0.0,0.0,0.0,0.0,0.0,0.0,0.0,0.0,0.0,0.0,0.0,0.0,0.0,0.0,0.0,0.0,0.0,0.0,0.0,0.0,0.0,0.0,0.0,0.0,0.0,0.0,0.0,0.0,0.0,0.0,0.0,0.0,0.0,0.0,0.0,0.0,0.0,0.0,0.0,0.0,0.0,0.0,0.0,0.0,0.0,0.0
3561,0.0,0.02,0.02,0.0,0.0,0.04,0.0,0.0,0.05,0.01,0.05,0.0,0.0,0.04,0.02,0.02,0.05,0.0,0.0,0.05,0.0,0.05,0.0,0.0,0.05,0.02,0.0,0.0,0.02,0.02,0.02,0.0,0.0,0.0,0.0,0.02,0.0,0.01,0.03,0.05,0.0,0.03,0.04,0.02,0.0,0.04,0.04,0.0,0.0,0.03,0.0,0.01,0.0,0.04,0.02,0.0,0.0,0.04,0.0,0.04,0.02,0.0,0.02,0.01
3562,0.0,0.05,0.06,0.0,0.0,0.14,0.0,0.0,0.03,0.04,0.0,0.18,0.02,0.21,0.06,0.2,0.17,0.06,0.13,0.2,0.02,0.21,0.01,0.11,0.16,0.1,0.0,0.0,0.12,0.04,0.08,0.0,0.0,0.0,0.0,0.03,0.15,0.06,0.13,0.04,0.15,0.13,0.13,0.16,0.16,0.13,0.14,0.0,0.0,0.15,0.08,0.1,0.09,0.02,0.06,0.03,0.0,0.01,0.12,0.0,0.01,0.06,0.12,0.02
3563,0.0,0.14,0.09,0.0,0.0,0.24,0.0,0.0,0.07,0.03,0.59,0.26,0.64,0.63,0.11,0.09,0.55,0.01,0.02,0.05,0.01,0.64,0.26,0.59,0.16,0.14,0.0,0.0,0.24,0.26,0.26,0.0,0.0,0.0,0.0,0.58,0.6,0.59,0.59,0.58,0.06,0.59,0.59,0.59,0.6,0.59,0.15,0.0,0.0,0.16,0.14,0.08,0.02,0.07,0.02,0.01,0.0,0.04,0.4,0.02,0.04,0.05,0.58,0.14
3564,0.0,0.57,0.54,0.0,0.0,0.59,0.0,0.0,0.37,0.05,0.7,0.45,0.73,0.07,0.08,0.11,0.01,0.4,0.06,0.13,0.76,0.08,0.72,0.6,0.32,0.23,0.0,0.0,0.27,0.43,0.68,0.0,0.0,0.0,0.0,0.76,0.77,0.05,0.5,0.03,0.15,0.77,0.77,0.76,0.22,0.43,0.58,0.0,0.0,0.52,0.07,0.28,0.02,0.03,0.05,0.53,0.0,0.02,0.09,0.01,0.14,0.04,0.46,0.12
3565,0.0,0.5,0.53,0.0,0.0,0.07,0.0,0.0,0.74,0.1,0.13,0.01,0.77,0.12,0.12,0.18,0.07,0.18,0.53,0.1,0.06,0.14,0.16,0.54,0.11,0.37,0.0,0.0,0.51,0.32,0.53,0.0,0.0,0.0,0.0,0.81,0.8,0.05,0.44,0.03,0.25,0.47,0.67,0.8,0.66,0.34,0.04,0.0,0.0,0.07,0.72,0.11,0.02,0.03,0.01,0.03,0.0,0.05,0.83,0.06,0.53,0.28,0.71,0.83
3566,0.0,0.47,0.35,0.0,0.0,0.05,0.0,0.0,0.06,0.14,0.06,0.8,0.48,0.14,0.09,0.1,0.07,0.15,0.21,0.36,0.03,0.17,0.16,0.8,0.08,0.33,0.0,0.0,0.57,0.46,0.46,0.0,0.0,0.0,0.0,0.75,0.47,0.07,0.82,0.05,0.48,0.63,0.63,0.61,0.8,0.36,0.12,0.0,0.0,0.07,0.45,0.38,0.05,0.04,0.02,0.09,0.0,0.19,0.81,0.07,0.19,0.16,0.36,0.82
3567,0.0,0.39,0.36,0.0,0.0,0.74,0.0,0.0,0.12,0.29,0.39,0.11,0.09,0.07,0.06,0.37,0.14,0.18,0.31,0.09,0.06,0.02,0.78,0.81,0.76,0.42,0.0,0.0,0.7,0.59,0.83,0.0,0.0,0.0,0.0,0.82,0.82,0.83,0.56,0.77,0.46,0.47,0.69,0.81,0.81,0.46,0.77,0.0,0.0,0.75,0.34,0.78,0.08,0.41,0.11,0.19,0.0,0.16,0.45,0.23,0.66,0.24,0.76,0.55
3568,0.0,0.82,0.83,0.0,0.0,0.81,0.0,0.0,0.81,0.28,0.82,0.37,0.22,0.1,0.12,0.1,0.2,0.03,0.33,0.8,0.64,0.11,0.3,0.82,0.79,0.42,0.0,0.0,0.82,0.83,0.48,0.0,0.0,0.0,0.0,0.76,0.82,0.38,0.83,0.25,0.2,0.82,0.82,0.81,0.82,0.72,0.81,0.0,0.0,0.81,0.43,0.52,0.16,0.31,0.04,0.23,0.0,0.15,0.83,0.49,0.42,0.34,0.56,0.56
3569,0.0,0.82,0.82,0.0,0.0,0.8,0.0,0.0,0.8,0.37,0.81,0.52,0.08,0.8,0.53,0.8,0.16,0.65,0.04,0.8,0.13,0.8,0.14,0.81,0.8,0.39,0.0,0.0,0.69,0.82,0.35,0.0,0.0,0.0,0.0,0.81,0.81,0.83,0.82,0.21,0.44,0.82,0.78,0.81,0.82,0.8,0.81,0.0,0.0,0.8,0.35,0.68,0.43,0.41,0.13,0.21,0.0,0.32,0.45,0.33,0.47,0.38,0.83,0.41
3570,0.0,0.8,0.81,0.0,0.0,0.79,0.0,0.0,0.79,0.06,0.8,0.82,0.18,0.29,0.77,0.78,0.42,0.04,0.02,0.78,0.1,0.78,0.1,0.8,0.78,0.48,0.0,0.0,0.8,0.8,0.76,0.0,0.0,0.0,0.0,0.8,0.8,0.82,0.81,0.75,0.46,0.55,0.61,0.8,0.8,0.6,0.79,0.0,0.0,0.79,0.82,0.62,0.69,0.25,0.25,0.35,0.0,0.47,0.82,0.66,0.44,0.82,0.64,0.53
3571,0.0,0.78,0.79,0.0,0.0,0.75,0.0,0.0,0.76,0.04,0.77,0.43,0.16,0.36,0.21,0.76,0.46,0.04,0.05,0.76,0.66,0.55,0.39,0.77,0.75,0.79,0.0,0.0,0.78,0.78,0.78,0.0,0.0,0.0,0.0,0.78,0.78,0.8,0.79,0.42,0.8,0.79,0.78,0.77,0.78,0.79,0.76,0.0,0.0,0.75,0.29,0.28,0.4,0.17,0.22,0.29,0.0,0.23,0.79,0.27,0.62,0.25,0.79,0.79
3572,0.0,0.76,0.76,0.0,0.0,0.72,0.0,0.0,0.72,0.38,0.73,0.74,0.02,0.72,0.71,0.71,0.75,0.03,0.13,0.72,0.09,0.72,0.02,0.74,0.72,0.77,0.0,0.0,0.75,0.76,0.76,0.0,0.0,0.0,0.0,0.75,0.75,0.76,0.76,0.37,0.76,0.76,0.75,0.74,0.74,0.76,0.72,0.0,0.0,0.72,0.41,0.29,0.32,0.47,0.74,0.44,0.0,0.18,0.76,0.42,0.39,0.44,0.28,0.76
3573,0.0,0.43,0.43,0.0,0.0,0.38,0.0,0.0,0.34,0.08,0.35,0.32,0.04,0.31,0.31,0.31,0.36,0.1,0.01,0.32,0.15,0.19,0.02,0.36,0.34,0.43,0.0,0.0,0.42,0.42,0.42,0.0,0.0,0.0,0.0,0.4,0.38,0.38,0.4,0.38,0.39,0.4,0.4,0.37,0.37,0.4,0.38,0.0,0.0,0.37,0.42,0.17,0.41,0.43,0.4,0.06,0.0,0.42,0.42,0.41,0.43,0.43,0.43,0.43
3574,0.0,0.05,0.05,0.0,0.0,0.04,0.0,0.0,0.04,0.06,0.04,0.04,0.01,0.05,0.04,0.04,0.04,0.01,0.01,0.04,0.03,0.03,0.0,0.04,0.04,0.05,0.0,0.0,0.05,0.05,0.05,0.0,0.0,0.0,0.0,0.05,0.04,0.04,0.05,0.04,0.04,0.05,0.05,0.04,0.04,0.05,0.04,0.0,0.0,0.04,0.05,0.05,0.06,0.05,0.05,0.04,0.0,0.05,0.05,0.05,0.05,0.05,0.05,0.05
3575,0.0,0.0,0.01,0.0,0.0,0.0,0.0,0.0,0.0,0.0,0.0,0.0,0.0,0.0,0.0,0.0,0.0,0.0,0.0,0.0,0.0,0.0,0.0,0.0,0.0,0.01,0.0,0.0,0.01,0.0,0.01,0.0,0.0,0.0,0.0,0.0,0.0,0.0,0.0,0.0,0.0,0.0,0.0,0.0,0.0,0.0,0.0,0.0,0.0,0.0,0.02,0.01,0.02,0.02,0.0,0.0,0.0,0.02,0.02,0.02,0.02,0.02,0.01,0.02
3576,0.0,0.0,0.0,0.0,0.0,0.0,0.0,0.0,0.0,0.0,0.0,0.0,0.0,0.0,0.0,0.0,0.0,0.0,0.0,0.0,0.0,0.0,0.0,0.0,0.0,0.0,0.0,0.0,0.0,0.0,0.0,0.0,0.0,0.0,0.0,0.0,0.0,0.0,0.0,0.0,0.0,0.0,0.0,0.0,0.0,0.0,0.0,0.0,0.0,0.0,0.0,0.0,0.0,0.0,0.0,0.0,0.0,0.0,0.0,0.0,0.0,0.0,0.0,0.0
3577,0.0,0.0,0.0,0.0,0.0,0.0,0.0,0.0,0.0,0.0,0.0,0.0,0.0,0.0,0.0,0.0,0.0,0.0,0.0,0.0,0.0,0.0,0.0,0.0,0.0,0.0,0.0,0.0,0.0,0.0,0.0,0.0,0.0,0.0,0.0,0.0,0.0,0.0,0.0,0.0,0.0,0.0,0.0,0.0,0.0,0.0,0.0,0.0,0.0,0.0,0.0,0.0,0.0,0.0,0.0,0.0,0.0,0.0,0.0,0.0,0.0,0.0,0.0,0.0
3578,0.0,0.0,0.0,0.0,0.0,0.0,0.0,0.0,0.0,0.0,0.0,0.0,0.0,0.0,0.0,0.0,0.0,0.0,0.0,0.0,0.0,0.0,0.0,0.0,0.0,0.0,0.0,0.0,0.0,0.0,0.0,0.0,0.0,0.0,0.0,0.0,0.0,0.0,0.0,0.0,0.0,0.0,0.0,0.0,0.0,0.0,0.0,0.0,0.0,0.0,0.0,0.0,0.0,0.0,0.0,0.0,0.0,0.0,0.0,0.0,0.0,0.0,0.0,0.0
3579,0.0,0.0,0.0,0.0,0.0,0.0,0.0,0.0,0.0,0.0,0.0,0.0,0.0,0.0,0.0,0.0,0.0,0.0,0.0,0.0,0.0,0.0,0.0,0.0,0.0,0.0,0.0,0.0,0.0,0.0,0.0,0.0,0.0,0.0,0.0,0.0,0.0,0.0,0.0,0.0,0.0,0.0,0.0,0.0,0.0,0.0,0.0,0.0,0.0,0.0,0.0,0.0,0.0,0.0,0.0,0.0,0.0,0.0,0.0,0.0,0.0,0.0,0.0,0.0
3580,0.0,0.0,0.0,0.0,0.0,0.0,0.0,0.0,0.0,0.0,0.0,0.0,0.0,0.0,0.0,0.0,0.0,0.0,0.0,0.0,0.0,0.0,0.0,0.0,0.0,0.0,0.0,0.0,0.0,0.0,0.0,0.0,0.0,0.0,0.0,0.0,0.0,0.0,0.0,0.0,0.0,0.0,0.0,0.0,0.0,0.0,0.0,0.0,0.0,0.0,0.0,0.0,0.0,0.0,0.0,0.0,0.0,0.0,0.0,0.0,0.0,0.0,0.0,0.0
3581,0.0,0.0,0.0,0.0,0.0,0.0,0.0,0.0,0.0,0.0,0.0,0.0,0.0,0.0,0.0,0.0,0.0,0.0,0.0,0.0,0.0,0.0,0.0,0.0,0.0,0.0,0.0,0.0,0.0,0.0,0.0,0.0,0.0,0.0,0.0,0.0,0.0,0.0,0.0,0.0,0.0,0.0,0.0,0.0,0.0,0.0,0.0,0.0,0.0,0.0,0.0,0.0,0.0,0.0,0.0,0.0,0.0,0.0,0.0,0.0,0.0,0.0,0.0,0.0
3582,0.0,0.0,0.0,0.0,0.0,0.0,0.0,0.0,0.0,0.0,0.0,0.0,0.0,0.0,0.0,0.0,0.0,0.0,0.0,0.0,0.0,0.0,0.0,0.0,0.0,0.0,0.0,0.0,0.0,0.0,0.0,0.0,0.0,0.0,0.0,0.0,0.0,0.0,0.0,0.0,0.0,0.0,0.0,0.0,0.0,0.0,0.0,0.0,0.0,0.0,0.0,0.0,0.0,0.0,0.0,0.0,0.0,0.0,0.0,0.0,0.0,0.0,0.0,0.0
3583,0.0,0.0,0.0,0.0,0.0,0.0,0.0,0.0,0.0,0.0,0.0,0.0,0.0,0.0,0.0,0.0,0.0,0.0,0.0,0.0,0.0,0.0,0.0,0.0,0.0,0.0,0.0,0.0,0.0,0.0,0.0,0.0,0.0,0.0,0.0,0.0,0.0,0.0,0.0,0.0,0.0,0.0,0.0,0.0,0.0,0.0,0.0,0.0,0.0,0.0,0.0,0.0,0.0,0.0,0.0,0.0,0.0,0.0,0.0,0.0,0.0,0.0,0.0,0.0
3584,0.0,0.0,0.0,0.0,0.0,0.0,0.0,0.0,0.0,0.0,0.0,0.0,0.0,0.0,0.0,0.0,0.0,0.0,0.0,0.0,0.0,0.0,0.0,0.0,0.0,0.0,0.0,0.0,0.0,0.0,0.0,0.0,0.0,0.0,0.0,0.0,0.0,0.0,0.0,0.0,0.0,0.0,0.0,0.0,0.0,0.0,0.0,0.0,0.0,0.0,0.0,0.0,0.0,0.0,0.0,0.0,0.0,0.0,0.0,0.0,0.0,0.0,0.0,0.0
3585,0.0,0.03,0.03,0.0,0.0,0.03,0.0,0.0,0.03,0.02,0.03,0.04,0.02,0.03,0.03,0.03,0.01,0.01,0.0,0.03,0.01,0.03,0.02,0.03,0.03,0.02,0.0,0.0,0.03,0.03,0.03,0.0,0.0,0.0,0.0,0.03,0.03,0.02,0.03,0.02,0.02,0.03,0.03,0.03,0.03,0.02,0.03,0.0,0.0,0.03,0.02,0.02,0.03,0.02,0.0,0.03,0.0,0.03,0.02,0.01,0.02,0.04,0.02,0.02
3586,0.0,0.13,0.12,0.0,0.0,0.16,0.0,0.0,0.19,0.11,0.18,0.09,0.05,0.22,0.22,0.21,0.05,0.05,0.02,0.2,0.05,0.22,0.02,0.18,0.19,0.13,0.0,0.0,0.13,0.13,0.13,0.0,0.0,0.0,0.0,0.15,0.16,0.18,0.15,0.18,0.16,0.15,0.15,0.17,0.17,0.15,0.16,0.0,0.0,0.16,0.12,0.12,0.06,0.13,0.02,0.12,0.0,0.14,0.12,0.06,0.12,0.1,0.13,0.12
3587,0.0,0.58,0.58,0.0,0.0,0.61,0.0,0.0,0.64,0.09,0.64,0.64,0.03,0.67,0.68,0.66,0.15,0.09,0.04,0.66,0.07,0.68,0.04,0.64,0.64,0.59,0.0,0.0,0.58,0.58,0.58,0.0,0.0,0.0,0.0,0.6,0.62,0.66,0.61,0.66,0.64,0.61,0.61,0.62,0.63,0.62,0.61,0.0,0.0,0.61,0.27,0.58,0.26,0.38,0.08,0.57,0.0,0.59,0.27,0.18,0.59,0.15,0.59,0.41
3588,0.0,0.77,0.77,0.0,0.0,0.76,0.0,0.0,0.76,0.17,0.76,0.79,0.06,0.48,0.77,0.76,0.79,0.27,0.09,0.76,0.08,0.19,0.1,0.77,0.77,0.78,0.0,0.0,0.76,0.77,0.77,0.0,0.0,0.0,0.0,0.77,0.76,0.8,0.78,0.52,0.79,0.78,0.78,0.76,0.77,0.78,0.76,0.0,0.0,0.76,0.78,0.77,0.25,0.77,0.11,0.75,0.0,0.77,0.78,0.27,0.78,0.78,0.78,0.78
3589,0.0,0.8,0.82,0.0,0.0,0.8,0.0,0.0,0.79,0.23,0.8,0.7,0.12,0.14,0.26,0.8,0.82,0.13,0.06,0.8,0.15,0.19,0.09,0.8,0.8,0.74,0.0,0.0,0.8,0.79,0.73,0.0,0.0,0.0,0.0,0.81,0.8,0.83,0.82,0.84,0.83,0.82,0.81,0.8,0.8,0.82,0.8,0.0,0.0,0.8,0.82,0.82,0.51,0.81,0.12,0.79,0.0,0.81,0.82,0.44,0.82,0.82,0.82,0.82
3590,0.0,0.77,0.8,0.0,0.0,0.77,0.0,0.0,0.8,0.57,0.81,0.34,0.16,0.24,0.2,0.22,0.83,0.18,0.08,0.8,0.18,0.26,0.1,0.81,0.8,0.83,0.0,0.0,0.81,0.81,0.82,0.0,0.0,0.0,0.0,0.82,0.81,0.84,0.82,0.84,0.84,0.82,0.82,0.81,0.81,0.83,0.77,0.0,0.0,0.78,0.83,0.83,0.83,0.82,0.11,0.8,0.0,0.82,0.83,0.19,0.83,0.83,0.83,0.83
3591,0.0,0.81,0.82,0.0,0.0,0.8,0.0,0.0,0.81,0.57,0.81,0.38,0.18,0.16,0.15,0.18,0.58,0.14,0.08,0.2,0.21,0.23,0.11,0.81,0.8,0.83,0.0,0.0,0.81,0.82,0.82,0.0,0.0,0.0,0.0,0.82,0.82,0.84,0.82,0.84,0.84,0.82,0.82,0.81,0.81,0.83,0.8,0.0,0.0,0.8,0.84,0.83,0.72,0.82,0.17,0.8,0.0,0.82,0.83,0.81,0.83,0.83,0.83,0.83
3592,0.0,0.81,0.82,0.0,0.0,0.79,0.0,0.0,0.8,0.56,0.81,0.45,0.17,0.15,0.14,0.18,0.58,0.14,0.09,0.18,0.16,0.2,0.08,0.8,0.8,0.82,0.0,0.0,0.81,0.82,0.81,0.0,0.0,0.0,0.0,0.81,0.81,0.83,0.82,0.84,0.83,0.82,0.82,0.8,0.81,0.82,0.8,0.0,0.0,0.8,0.83,0.81,0.82,0.82,0.16,0.8,0.0,0.81,0.82,0.81,0.83,0.83,0.82,0.82
3593,0.0,0.81,0.81,0.0,0.0,0.79,0.0,0.0,0.8,0.47,0.8,0.36,0.1,0.16,0.14,0.16,0.59,0.13,0.09,0.29,0.19,0.14,0.09,0.8,0.79,0.82,0.0,0.0,0.8,0.81,0.81,0.0,0.0,0.0,0.0,0.8,0.81,0.83,0.8,0.83,0.83,0.8,0.8,0.8,0.8,0.81,0.79,0.0,0.0,0.79,0.83,0.82,0.82,0.81,0.64,0.8,0.0,0.81,0.82,0.8,0.82,0.82,0.82,0.82
3594,0.0,0.8,0.8,0.0,0.0,0.77,0.0,0.0,0.46,0.34,0.79,0.35,0.09,0.12,0.14,0.17,0.8,0.12,0.07,0.16,0.29,0.11,0.08,0.79,0.76,0.81,0.0,0.0,0.79,0.8,0.8,0.0,0.0,0.0,0.0,0.8,0.78,0.82,0.81,0.82,0.82,0.8,0.8,0.78,0.8,0.81,0.78,0.0,0.0,0.78,0.81,0.8,0.8,0.8,0.55,0.78,0.0,0.8,0.81,0.79,0.81,0.81,0.81,0.81
3595,0.0,0.77,0.77,0.0,0.0,0.74,0.0,0.0,0.75,0.77,0.76,0.78,0.06,0.14,0.14,0.08,0.77,0.05,0.03,0.12,0.12,0.11,0.04,0.75,0.75,0.78,0.0,0.0,0.76,0.77,0.77,0.0,0.0,0.0,0.0,0.77,0.72,0.78,0.78,0.79,0.76,0.78,0.77,0.72,0.74,0.78,0.75,0.0,0.0,0.75,0.78,0.78,0.77,0.76,0.78,0.75,0.0,0.75,0.78,0.76,0.78,0.78,0.78,0.78
3596,0.0,0.7,0.7,0.0,0.0,0.67,0.0,0.0,0.67,0.17,0.67,0.19,0.04,0.1,0.11,0.67,0.69,0.03,0.02,0.22,0.07,0.09,0.02,0.68,0.66,0.71,0.0,0.0,0.69,0.7,0.7,0.0,0.0,0.0,0.0,0.7,0.61,0.7,0.7,0.7,0.66,0.7,0.69,0.63,0.67,0.7,0.67,0.0,0.0,0.67,0.71,0.7,0.7,0.7,0.7,0.68,0.0,0.7,0.7,0.69,0.71,0.71,0.71,0.7
3597,0.0,0.43,0.43,0.0,0.0,0.38,0.0,0.0,0.34,0.16,0.35,0.35,0.02,0.07,0.08,0.32,0.36,0.01,0.01,0.33,0.05,0.06,0.01,0.34,0.34,0.43,0.0,0.0,0.42,0.43,0.42,0.0,0.0,0.0,0.0,0.4,0.38,0.38,0.4,0.37,0.39,0.4,0.4,0.35,0.35,0.4,0.38,0.0,0.0,0.38,0.43,0.43,0.4,0.42,0.38,0.42,0.0,0.42,0.42,0.41,0.43,0.43,0.43,0.42
3598,0.0,0.05,0.05,0.0,0.0,0.05,0.0,0.0,0.04,0.05,0.05,0.05,0.0,0.04,0.04,0.04,0.05,0.01,0.01,0.04,0.02,0.04,0.0,0.06,0.04,0.05,0.0,0.0,0.05,0.05,0.05,0.0,0.0,0.0,0.0,0.05,0.05,0.07,0.05,0.07,0.06,0.05,0.05,0.06,0.06,0.05,0.05,0.0,0.0,0.05,0.05,0.05,0.05,0.05,0.04,0.05,0.0,0.05,0.05,0.05,0.05,0.05,0.05,0.05
3599,0.0,0.01,0.01,0.0,0.0,0.0,0.0,0.0,0.0,0.01,0.0,0.0,0.0,0.0,0.0,0.0,0.0,0.0,0.0,0.0,0.01,0.0,0.0,0.0,0.0,0.01,0.0,0.0,0.01,0.01,0.01,0.0,0.0,0.0,0.0,0.0,0.0,0.01,0.01,0.0,0.01,0.01,0.01,0.0,0.0,0.01,0.0,0.0,0.0,0.0,0.02,0.02,0.02,0.02,0.0,0.02,0.0,0.02,0.02,0.02,0.02,0.02,0.02,0.02
3600,0.0,0.0,0.0,0.0,0.0,0.0,0.0,0.0,0.0,0.0,0.0,0.0,0.0,0.0,0.0,0.0,0.0,0.0,0.0,0.0,0.0,0.0,0.0,0.0,0.0,0.0,0.0,0.0,0.0,0.0,0.0,0.0,0.0,0.0,0.0,0.0,0.0,0.0,0.0,0.0,0.0,0.0,0.0,0.0,0.0,0.0,0.0,0.0,0.0,0.0,0.0,0.0,0.0,0.0,0.0,0.0,0.0,0.0,0.0,0.0,0.0,0.0,0.0,0.0
3601,0.0,0.0,0.0,0.0,0.0,0.0,0.0,0.0,0.0,0.0,0.0,0.0,0.0,0.0,0.0,0.0,0.0,0.0,0.0,0.0,0.0,0.0,0.0,0.0,0.0,0.0,0.0,0.0,0.0,0.0,0.0,0.0,0.0,0.0,0.0,0.0,0.0,0.0,0.0,0.0,0.0,0.0,0.0,0.0,0.0,0.0,0.0,0.0,0.0,0.0,0.0,0.0,0.0,0.0,0.0,0.0,0.0,0.0,0.0,0.0,0.0,0.0,0.0,0.0
3602,0.0,0.0,0.0,0.0,0.0,0.0,0.0,0.0,0.0,0.0,0.0,0.0,0.0,0.0,0.0,0.0,0.0,0.0,0.0,0.0,0.0,0.0,0.0,0.0,0.0,0.0,0.0,0.0,0.0,0.0,0.0,0.0,0.0,0.0,0.0,0.0,0.0,0.0,0.0,0.0,0.0,0.0,0.0,0.0,0.0,0.0,0.0,0.0,0.0,0.0,0.0,0.0,0.0,0.0,0.0,0.0,0.0,0.0,0.0,0.0,0.0,0.0,0.0,0.0
3603,0.0,0.0,0.0,0.0,0.0,0.0,0.0,0.0,0.0,0.0,0.0,0.0,0.0,0.0,0.0,0.0,0.0,0.0,0.0,0.0,0.0,0.0,0.0,0.0,0.0,0.0,0.0,0.0,0.0,0.0,0.0,0.0,0.0,0.0,0.0,0.0,0.0,0.0,0.0,0.0,0.0,0.0,0.0,0.0,0.0,0.0,0.0,0.0,0.0,0.0,0.0,0.0,0.0,0.0,0.0,0.0,0.0,0.0,0.0,0.0,0.0,0.0,0.0,0.0
3604,0.0,0.0,0.0,0.0,0.0,0.0,0.0,0.0,0.0,0.0,0.0,0.0,0.0,0.0,0.0,0.0,0.0,0.0,0.0,0.0,0.0,0.0,0.0,0.0,0.0,0.0,0.0,0.0,0.0,0.0,0.0,0.0,0.0,0.0,0.0,0.0,0.0,0.0,0.0,0.0,0.0,0.0,0.0,0.0,0.0,0.0,0.0,0.0,0.0,0.0,0.0,0.0,0.0,0.0,0.0,0.0,0.0,0.0,0.0,0.0,0.0,0.0,0.0,0.0
3605,0.0,0.0,0.0,0.0,0.0,0.0,0.0,0.0,0.0,0.0,0.0,0.0,0.0,0.0,0.0,0.0,0.0,0.0,0.0,0.0,0.0,0.0,0.0,0.0,0.0,0.0,0.0,0.0,0.0,0.0,0.0,0.0,0.0,0.0,0.0,0.0,0.0,0.0,0.0,0.0,0.0,0.0,0.0,0.0,0.0,0.0,0.0,0.0,0.0,0.0,0.0,0.0,0.0,0.0,0.0,0.0,0.0,0.0,0.0,0.0,0.0,0.0,0.0,0.0
3606,0.0,0.0,0.0,0.0,0.0,0.0,0.0,0.0,0.0,0.0,0.0,0.0,0.0,0.0,0.0,0.0,0.0,0.0,0.0,0.0,0.0,0.0,0.0,0.0,0.0,0.0,0.0,0.0,0.0,0.0,0.0,0.0,0.0,0.0,0.0,0.0,0.0,0.0,0.0,0.0,0.0,0.0,0.0,0.0,0.0,0.0,0.0,0.0,0.0,0.0,0.0,0.0,0.0,0.0,0.0,0.0,0.0,0.0,0.0,0.0,0.0,0.0,0.0,0.0
3607,0.0,0.0,0.0,0.0,0.0,0.0,0.0,0.0,0.0,0.0,0.0,0.0,0.0,0.0,0.0,0.0,0.0,0.0,0.0,0.0,0.0,0.0,0.0,0.0,0.0,0.0,0.0,0.0,0.0,0.0,0.0,0.0,0.0,0.0,0.0,0.0,0.0,0.0,0.0,0.0,0.0,0.0,0.0,0.0,0.0,0.0,0.0,0.0,0.0,0.0,0.0,0.0,0.0,0.0,0.0,0.0,0.0,0.0,0.0,0.0,0.0,0.0,0.0,0.0
3608,0.0,0.0,0.0,0.0,0.0,0.0,0.0,0.0,0.0,0.0,0.0,0.0,0.0,0.0,0.0,0.0,0.0,0.0,0.0,0.0,0.0,0.0,0.0,0.0,0.0,0.0,0.0,0.0,0.0,0.0,0.0,0.0,0.0,0.0,0.0,0.0,0.0,0.0,0.0,0.0,0.0,0.0,0.0,0.0,0.0,0.0,0.0,0.0,0.0,0.0,0.0,0.0,0.0,0.0,0.0,0.0,0.0,0.0,0.0,0.0,0.0,0.0,0.0,0.0
3609,0.0,0.04,0.04,0.0,0.0,0.03,0.0,0.0,0.02,0.06,0.02,0.02,0.05,0.05,0.05,0.04,0.02,0.05,0.06,0.03,0.02,0.05,0.05,0.02,0.02,0.03,0.0,0.0,0.03,0.04,0.04,0.0,0.0,0.0,0.0,0.02,0.02,0.02,0.02,0.02,0.02,0.02,0.02,0.02,0.02,0.02,0.03,0.0,0.0,0.02,0.02,0.02,0.02,0.02,0.02,0.03,0.0,0.02,0.02,0.03,0.02,0.02,0.02,0.02
3610,0.0,0.1,0.11,0.0,0.0,0.15,0.0,0.0,0.18,0.2,0.17,0.19,0.22,0.21,0.21,0.2,0.17,0.21,0.22,0.2,0.2,0.22,0.21,0.17,0.17,0.08,0.0,0.0,0.12,0.1,0.08,0.0,0.0,0.0,0.0,0.13,0.15,0.16,0.14,0.16,0.15,0.14,0.14,0.16,0.16,0.14,0.15,0.0,0.0,0.15,0.13,0.11,0.14,0.11,0.15,0.11,0.0,0.13,0.13,0.13,0.13,0.13,0.12,0.13
3611,0.0,0.48,0.33,0.0,0.0,0.41,0.0,0.0,0.6,0.5,0.58,0.6,0.64,0.63,0.63,0.62,0.59,0.63,0.63,0.61,0.46,0.64,0.61,0.57,0.57,0.46,0.0,0.0,0.46,0.48,0.5,0.0,0.0,0.0,0.0,0.53,0.55,0.57,0.53,0.57,0.53,0.54,0.52,0.57,0.57,0.54,0.47,0.0,0.0,0.51,0.38,0.27,0.48,0.38,0.52,0.24,0.0,0.42,0.35,0.5,0.48,0.34,0.45,0.42
3612,0.0,0.58,0.65,0.0,0.0,0.68,0.0,0.0,0.71,0.61,0.68,0.72,0.72,0.73,0.73,0.72,0.72,0.65,0.63,0.71,0.57,0.73,0.72,0.69,0.68,0.69,0.0,0.0,0.42,0.64,0.67,0.0,0.0,0.0,0.0,0.67,0.64,0.71,0.68,0.7,0.65,0.7,0.69,0.68,0.67,0.69,0.68,0.0,0.0,0.68,0.31,0.26,0.7,0.37,0.56,0.24,0.0,0.43,0.44,0.46,0.41,0.34,0.34,0.42
3613,0.0,0.71,0.7,0.0,0.0,0.64,0.0,0.0,0.73,0.48,0.73,0.77,0.72,0.76,0.76,0.75,0.7,0.63,0.68,0.74,0.7,0.77,0.7,0.68,0.72,0.58,0.0,0.0,0.6,0.73,0.61,0.0,0.0,0.0,0.0,0.6,0.75,0.74,0.42,0.75,0.69,0.53,0.64,0.75,0.73,0.49,0.63,0.0,0.0,0.67,0.27,0.35,0.36,0.23,0.53,0.34,0.0,0.22,0.39,0.22,0.24,0.37,0.19,0.42
3614,0.0,0.57,0.63,0.0,0.0,0.74,0.0,0.0,0.73,0.73,0.72,0.74,0.77,0.76,0.75,0.74,0.65,0.7,0.73,0.75,0.72,0.77,0.65,0.74,0.74,0.55,0.0,0.0,0.72,0.55,0.62,0.0,0.0,0.0,0.0,0.64,0.77,0.77,0.22,0.78,0.77,0.42,0.46,0.74,0.74,0.22,0.75,0.0,0.0,0.76,0.42,0.63,0.32,0.18,0.35,0.36,0.0,0.59,0.52,0.47,0.37,0.51,0.67,0.42
3615,0.0,0.75,0.76,0.0,0.0,0.77,0.0,0.0,0.76,0.58,0.76,0.69,0.73,0.75,0.74,0.74,0.76,0.7,0.67,0.72,0.49,0.76,0.69,0.76,0.75,0.72,0.0,0.0,0.69,0.76,0.73,0.0,0.0,0.0,0.0,0.7,0.47,0.24,0.66,0.3,0.59,0.71,0.62,0.51,0.71,0.68,0.77,0.0,0.0,0.77,0.7,0.76,0.54,0.75,0.47,0.26,0.0,0.33,0.77,0.46,0.68,0.76,0.75,0.73
3616,0.0,0.57,0.5,0.0,0.0,0.76,0.0,0.0,0.75,0.71,0.73,0.32,0.73,0.73,0.74,0.76,0.71,0.64,0.59,0.75,0.42,0.75,0.66,0.62,0.76,0.47,0.0,0.0,0.6,0.54,0.51,0.0,0.0,0.0,0.0,0.68,0.65,0.54,0.72,0.56,0.47,0.74,0.73,0.62,0.58,0.75,0.75,0.0,0.0,0.75,0.74,0.69,0.29,0.31,0.57,0.16,0.0,0.07,0.76,0.09,0.66,0.79,0.59,0.71
3617,0.0,0.35,0.43,0.0,0.0,0.78,0.0,0.0,0.64,0.44,0.67,0.5,0.74,0.63,0.69,0.78,0.57,0.46,0.46,0.75,0.43,0.74,0.54,0.76,0.76,0.57,0.0,0.0,0.71,0.33,0.62,0.0,0.0,0.0,0.0,0.57,0.7,0.72,0.53,0.73,0.67,0.48,0.62,0.71,0.76,0.62,0.78,0.0,0.0,0.78,0.2,0.56,0.14,0.07,0.16,0.1,0.0,0.09,0.29,0.25,0.33,0.1,0.59,0.34
3618,0.0,0.51,0.6,0.0,0.0,0.39,0.0,0.0,0.71,0.53,0.68,0.5,0.71,0.28,0.76,0.75,0.72,0.65,0.62,0.76,0.38,0.24,0.65,0.44,0.68,0.68,0.0,0.0,0.68,0.55,0.72,0.0,0.0,0.0,0.0,0.59,0.6,0.69,0.68,0.68,0.71,0.65,0.58,0.52,0.4,0.68,0.35,0.0,0.0,0.39,0.2,0.64,0.07,0.17,0.16,0.03,0.0,0.18,0.31,0.05,0.5,0.19,0.73,0.43
3619,0.0,0.73,0.69,0.0,0.0,0.59,0.0,0.0,0.62,0.34,0.7,0.36,0.34,0.74,0.76,0.74,0.72,0.71,0.66,0.72,0.21,0.76,0.7,0.39,0.39,0.73,0.0,0.0,0.35,0.7,0.75,0.0,0.0,0.0,0.0,0.76,0.75,0.13,0.75,0.1,0.67,0.46,0.7,0.69,0.35,0.74,0.64,0.0,0.0,0.59,0.35,0.26,0.07,0.21,0.09,0.06,0.0,0.18,0.38,0.02,0.31,0.34,0.58,0.36
3620,0.0,0.23,0.12,0.0,0.0,0.7,0.0,0.0,0.64,0.26,0.42,0.12,0.13,0.57,0.61,0.65,0.27,0.22,0.23,0.6,0.08,0.6,0.08,0.44,0.43,0.07,0.0,0.0,0.12,0.11,0.64,0.0,0.0,0.0,0.0,0.68,0.09,0.16,0.54,0.09,0.62,0.55,0.65,0.62,0.44,0.61,0.71,0.0,0.0,0.7,0.03,0.07,0.24,0.03,0.05,0.02,0.0,0.06,0.05,0.54,0.03,0.03,0.36,0.03
3621,0.0,0.04,0.05,0.0,0.0,0.38,0.0,0.0,0.18,0.04,0.33,0.03,0.06,0.24,0.27,0.24,0.33,0.05,0.08,0.16,0.22,0.21,0.15,0.06,0.34,0.05,0.0,0.0,0.02,0.04,0.04,0.0,0.0,0.0,0.0,0.37,0.05,0.19,0.05,0.12,0.12,0.37,0.35,0.17,0.04,0.21,0.37,0.0,0.0,0.37,0.01,0.0,0.3,0.01,0.01,0.02,0.0,0.08,0.0,0.2,0.0,0.01,0.01,0.0
3622,0.0,0.01,0.02,0.0,0.0,0.04,0.0,0.0,0.07,0.02,0.07,0.05,0.04,0.06,0.06,0.06,0.05,0.06,0.06,0.05,0.06,0.04,0.06,0.0,0.04,0.01,0.0,0.0,0.0,0.01,0.01,0.0,0.0,0.0,0.0,0.0,0.0,0.03,0.0,0.02,0.0,0.0,0.0,0.0,0.0,0.0,0.04,0.0,0.0,0.04,0.0,0.0,0.04,0.0,0.0,0.0,0.0,0.0,0.0,0.01,0.0,0.0,0.0,0.0
3623,0.0,0.0,0.0,0.0,0.0,0.0,0.0,0.0,0.0,0.0,0.0,0.0,0.0,0.0,0.0,0.0,0.0,0.0,0.0,0.0,0.0,0.0,0.0,0.0,0.0,0.0,0.0,0.0,0.0,0.0,0.0,0.0,0.0,0.0,0.0,0.0,0.0,0.0,0.0,0.0,0.0,0.0,0.0,0.0,0.0,0.0,0.0,0.0,0.0,0.0,0.0,0.0,0.0,0.0,0.0,0.0,0.0,0.0,0.0,0.0,0.0,0.0,0.0,0.0
3624,0.0,0.0,0.0,0.0,0.0,0.0,0.0,0.0,0.0,0.0,0.0,0.0,0.0,0.0,0.0,0.0,0.0,0.0,0.0,0.0,0.0,0.0,0.0,0.0,0.0,0.0,0.0,0.0,0.0,0.0,0.0,0.0,0.0,0.0,0.0,0.0,0.0,0.0,0.0,0.0,0.0,0.0,0.0,0.0,0.0,0.0,0.0,0.0,0.0,0.0,0.0,0.0,0.0,0.0,0.0,0.0,0.0,0.0,0.0,0.0,0.0,0.0,0.0,0.0
3625,0.0,0.0,0.0,0.0,0.0,0.0,0.0,0.0,0.0,0.0,0.0,0.0,0.0,0.0,0.0,0.0,0.0,0.0,0.0,0.0,0.0,0.0,0.0,0.0,0.0,0.0,0.0,0.0,0.0,0.0,0.0,0.0,0.0,0.0,0.0,0.0,0.0,0.0,0.0,0.0,0.0,0.0,0.0,0.0,0.0,0.0,0.0,0.0,0.0,0.0,0.0,0.0,0.0,0.0,0.0,0.0,0.0,0.0,0.0,0.0,0.0,0.0,0.0,0.0
3626,0.0,0.0,0.0,0.0,0.0,0.0,0.0,0.0,0.0,0.0,0.0,0.0,0.0,0.0,0.0,0.0,0.0,0.0,0.0,0.0,0.0,0.0,0.0,0.0,0.0,0.0,0.0,0.0,0.0,0.0,0.0,0.0,0.0,0.0,0.0,0.0,0.0,0.0,0.0,0.0,0.0,0.0,0.0,0.0,0.0,0.0,0.0,0.0,0.0,0.0,0.0,0.0,0.0,0.0,0.0,0.0,0.0,0.0,0.0,0.0,0.0,0.0,0.0,0.0
3627,0.0,0.0,0.0,0.0,0.0,0.0,0.0,0.0,0.0,0.0,0.0,0.0,0.0,0.0,0.0,0.0,0.0,0.0,0.0,0.0,0.0,0.0,0.0,0.0,0.0,0.0,0.0,0.0,0.0,0.0,0.0,0.0,0.0,0.0,0.0,0.0,0.0,0.0,0.0,0.0,0.0,0.0,0.0,0.0,0.0,0.0,0.0,0.0,0.0,0.0,0.0,0.0,0.0,0.0,0.0,0.0,0.0,0.0,0.0,0.0,0.0,0.0,0.0,0.0
3628,0.0,0.0,0.0,0.0,0.0,0.0,0.0,0.0,0.0,0.0,0.0,0.0,0.0,0.0,0.0,0.0,0.0,0.0,0.0,0.0,0.0,0.0,0.0,0.0,0.0,0.0,0.0,0.0,0.0,0.0,0.0,0.0,0.0,0.0,0.0,0.0,0.0,0.0,0.0,0.0,0.0,0.0,0.0,0.0,0.0,0.0,0.0,0.0,0.0,0.0,0.0,0.0,0.0,0.0,0.0,0.0,0.0,0.0,0.0,0.0,0.0,0.0,0.0,0.0
3629,0.0,0.0,0.0,0.0,0.0,0.0,0.0,0.0,0.0,0.0,0.0,0.0,0.0,0.0,0.0,0.0,0.0,0.0,0.0,0.0,0.0,0.0,0.0,0.0,0.0,0.0,0.0,0.0,0.0,0.0,0.0,0.0,0.0,0.0,0.0,0.0,0.0,0.0,0.0,0.0,0.0,0.0,0.0,0.0,0.0,0.0,0.0,0.0,0.0,0.0,0.0,0.0,0.0,0.0,0.0,0.0,0.0,0.0,0.0,0.0,0.0,0.0,0.0,0.0
3630,0.0,0.0,0.0,0.0,0.0,0.0,0.0,0.0,0.0,0.0,0.0,0.0,0.0,0.0,0.0,0.0,0.0,0.0,0.0,0.0,0.0,0.0,0.0,0.0,0.0,0.0,0.0,0.0,0.0,0.0,0.0,0.0,0.0,0.0,0.0,0.0,0.0,0.0,0.0,0.0,0.0,0.0,0.0,0.0,0.0,0.0,0.0,0.0,0.0,0.0,0.0,0.0,0.0,0.0,0.0,0.0,0.0,0.0,0.0,0.0,0.0,0.0,0.0,0.0
3631,0.0,0.0,0.0,0.0,0.0,0.0,0.0,0.0,0.0,0.0,0.0,0.0,0.0,0.0,0.0,0.0,0.0,0.0,0.0,0.0,0.0,0.0,0.0,0.0,0.0,0.0,0.0,0.0,0.0,0.0,0.0,0.0,0.0,0.0,0.0,0.0,0.0,0.0,0.0,0.0,0.0,0.0,0.0,0.0,0.0,0.0,0.0,0.0,0.0,0.0,0.0,0.0,0.0,0.0,0.0,0.0,0.0,0.0,0.0,0.0,0.0,0.0,0.0,0.0
3632,0.0,0.0,0.0,0.0,0.0,0.0,0.0,0.0,0.0,0.0,0.0,0.0,0.0,0.0,0.0,0.0,0.0,0.0,0.0,0.0,0.0,0.0,0.0,0.0,0.0,0.0,0.0,0.0,0.0,0.0,0.0,0.0,0.0,0.0,0.0,0.0,0.0,0.0,0.0,0.0,0.0,0.0,0.0,0.0,0.0,0.0,0.0,0.0,0.0,0.0,0.0,0.0,0.0,0.0,0.0,0.0,0.0,0.0,0.0,0.0,0.0,0.0,0.0,0.0
3633,0.0,0.0,0.0,0.0,0.0,0.0,0.0,0.0,0.01,0.01,0.01,0.0,0.02,0.01,0.01,0.01,0.0,0.01,0.0,0.02,0.0,0.01,0.02,0.0,0.01,0.0,0.0,0.0,0.0,0.0,0.0,0.0,0.0,0.0,0.0,0.0,0.0,0.0,0.0,0.0,0.0,0.0,0.0,0.0,0.0,0.0,0.0,0.0,0.0,0.0,0.0,0.0,0.0,0.0,0.0,0.0,0.0,0.0,0.0,0.0,0.0,0.0,0.0,0.0
3634,0.0,0.0,0.0,0.0,0.0,0.0,0.0,0.0,0.01,0.01,0.0,0.01,0.15,0.07,0.1,0.07,0.0,0.01,0.01,0.05,0.0,0.06,0.04,0.0,0.04,0.0,0.0,0.0,0.0,0.0,0.0,0.0,0.0,0.0,0.0,0.0,0.0,0.0,0.0,0.0,0.0,0.0,0.0,0.0,0.0,0.0,0.0,0.0,0.0,0.0,0.0,0.0,0.0,0.0,0.0,0.0,0.0,0.0,0.0,0.0,0.01,0.0,0.0,0.0
3635,0.0,0.0,0.0,0.0,0.0,0.01,0.0,0.0,0.0,0.0,0.0,0.01,0.1,0.12,0.12,0.02,0.01,0.01,0.01,0.04,0.01,0.09,0.08,0.0,0.09,0.0,0.0,0.0,0.0,0.0,0.0,0.0,0.0,0.0,0.0,0.01,0.01,0.0,0.0,0.01,0.0,0.0,0.0,0.0,0.01,0.01,0.01,0.0,0.0,0.0,0.01,0.02,0.01,0.01,0.01,0.0,0.0,0.01,0.02,0.0,0.02,0.01,0.02,0.02
3636,0.0,0.02,0.03,0.0,0.0,0.04,0.0,0.0,0.02,0.0,0.02,0.01,0.1,0.03,0.03,0.06,0.02,0.03,0.02,0.01,0.01,0.03,0.06,0.0,0.13,0.03,0.0,0.0,0.05,0.03,0.04,0.0,0.0,0.0,0.0,0.02,0.0,0.01,0.0,0.01,0.01,0.0,0.01,0.01,0.0,0.0,0.04,0.0,0.0,0.02,0.03,0.03,0.03,0.01,0.02,0.01,0.0,0.01,0.02,0.01,0.03,0.02,0.04,0.03
3637,0.0,0.07,0.07,0.0,0.0,0.02,0.0,0.0,0.01,0.01,0.01,0.02,0.08,0.15,0.01,0.01,0.03,0.04,0.04,0.02,0.01,0.05,0.05,0.0,0.13,0.08,0.0,0.0,0.05,0.07,0.04,0.0,0.0,0.0,0.0,0.02,0.02,0.01,0.03,0.02,0.02,0.03,0.03,0.01,0.0,0.03,0.02,0.0,0.0,0.02,0.04,0.08,0.01,0.02,0.01,0.03,0.0,0.01,0.04,0.01,0.06,0.03,0.06,0.05
3638,0.0,0.15,0.16,0.0,0.0,0.02,0.0,0.0,0.01,0.02,0.03,0.04,0.14,0.02,0.02,0.01,0.01,0.04,0.04,0.02,0.01,0.02,0.05,0.07,0.13,0.1,0.0,0.0,0.06,0.14,0.08,0.0,0.0,0.0,0.0,0.06,0.03,0.08,0.05,0.17,0.03,0.04,0.03,0.04,0.04,0.04,0.01,0.0,0.0,0.01,0.05,0.12,0.02,0.04,0.02,0.04,0.0,0.03,0.07,0.02,0.12,0.04,0.08,0.1
3639,0.0,0.39,0.81,0.0,0.0,0.04,0.0,0.0,0.06,0.07,0.02,0.06,0.04,0.05,0.09,0.02,0.08,0.05,0.06,0.05,0.09,0.16,0.17,0.03,0.19,0.82,0.0,0.0,0.13,0.37,0.24,0.0,0.0,0.0,0.0,0.07,0.04,0.03,0.08,0.03,0.03,0.08,0.06,0.04,0.03,0.08,0.05,0.0,0.0,0.06,0.1,0.5,0.02,0.08,0.02,0.14,0.0,0.04,0.07,0.03,0.14,0.08,0.33,0.09
3640,0.0,0.81,0.8,0.0,0.0,0.29,0.0,0.0,0.02,0.06,0.02,0.03,0.02,0.07,0.05,0.03,0.03,0.06,0.06,0.02,0.08,0.46,0.04,0.03,0.08,0.82,0.0,0.0,0.81,0.47,0.82,0.0,0.0,0.0,0.0,0.12,0.03,0.02,0.1,0.03,0.02,0.09,0.1,0.03,0.04,0.1,0.18,0.0,0.0,0.17,0.16,0.08,0.03,0.19,0.02,0.77,0.0,0.11,0.2,0.02,0.29,0.16,0.59,0.25
3641,0.0,0.8,0.8,0.0,0.0,0.79,0.0,0.0,0.01,0.02,0.02,0.02,0.19,0.11,0.09,0.02,0.01,0.09,0.14,0.02,0.04,0.38,0.1,0.02,0.04,0.82,0.0,0.0,0.8,0.8,0.8,0.0,0.0,0.0,0.0,0.27,0.08,0.02,0.15,0.02,0.04,0.48,0.33,0.05,0.02,0.16,0.79,0.0,0.0,0.3,0.39,0.78,0.09,0.76,0.02,0.11,0.0,0.19,0.21,0.16,0.53,0.39,0.68,0.45
3642,0.0,0.79,0.33,0.0,0.0,0.76,0.0,0.0,0.01,0.02,0.01,0.01,0.02,0.01,0.01,0.01,0.01,0.02,0.02,0.01,0.01,0.02,0.02,0.05,0.07,0.81,0.0,0.0,0.8,0.8,0.8,0.0,0.0,0.0,0.0,0.79,0.24,0.03,0.79,0.02,0.1,0.78,0.18,0.25,0.07,0.79,0.76,0.0,0.0,0.77,0.62,0.47,0.51,0.76,0.07,0.63,0.0,0.31,0.35,0.76,0.55,0.78,0.64,0.6
3643,0.0,0.79,0.8,0.0,0.0,0.76,0.0,0.0,0.01,0.0,0.02,0.0,0.1,0.0,0.03,0.03,0.01,0.04,0.05,0.03,0.01,0.01,0.51,0.37,0.22,0.65,0.0,0.0,0.81,0.52,0.81,0.0,0.0,0.0,0.0,0.79,0.77,0.15,0.79,0.05,0.8,0.79,0.78,0.78,0.34,0.79,0.77,0.0,0.0,0.77,0.51,0.72,0.78,0.78,0.77,0.75,0.0,0.25,0.32,0.28,0.38,0.4,0.82,0.57
3644,0.0,0.74,0.74,0.0,0.0,0.7,0.0,0.0,0.01,0.0,0.69,0.0,0.06,0.0,0.0,0.0,0.22,0.06,0.07,0.0,0.0,0.0,0.08,0.7,0.7,0.76,0.0,0.0,0.74,0.74,0.75,0.0,0.0,0.0,0.0,0.73,0.7,0.71,0.74,0.72,0.72,0.73,0.72,0.7,0.7,0.74,0.7,0.0,0.0,0.7,0.5,0.51,0.14,0.39,0.36,0.68,0.0,0.71,0.75,0.07,0.34,0.17,0.76,0.75
3645,0.0,0.43,0.44,0.0,0.0,0.38,0.0,0.0,0.12,0.0,0.34,0.02,0.02,0.0,0.0,0.0,0.36,0.0,0.01,0.01,0.0,0.0,0.01,0.35,0.34,0.44,0.0,0.0,0.43,0.43,0.43,0.0,0.0,0.0,0.0,0.41,0.14,0.37,0.41,0.37,0.38,0.4,0.4,0.36,0.36,0.41,0.38,0.0,0.0,0.38,0.14,0.44,0.06,0.32,0.03,0.38,0.0,0.07,0.43,0.04,0.43,0.15,0.44,0.43
3646,0.0,0.05,0.05,0.0,0.0,0.05,0.0,0.0,0.04,0.0,0.04,0.02,0.0,0.0,0.0,0.02,0.04,0.0,0.0,0.03,0.0,0.0,0.0,0.04,0.04,0.05,0.0,0.0,0.05,0.05,0.05,0.0,0.0,0.0,0.0,0.05,0.05,0.04,0.05,0.07,0.07,0.05,0.05,0.04,0.04,0.05,0.05,0.0,0.0,0.05,0.06,0.05,0.01,0.01,0.06,0.08,0.0,0.05,0.05,0.05,0.05,0.05,0.05,0.05
3647,0.0,0.01,0.01,0.0,0.0,0.0,0.0,0.0,0.0,0.0,0.0,0.01,0.0,0.0,0.0,0.0,0.01,0.0,0.0,0.0,0.0,0.0,0.0,0.0,0.0,0.02,0.0,0.0,0.02,0.01,0.01,0.0,0.0,0.0,0.0,0.01,0.01,0.01,0.01,0.01,0.01,0.01,0.01,0.0,0.0,0.01,0.0,0.0,0.0,0.0,0.02,0.02,0.0,0.02,0.0,0.0,0.0,0.02,0.02,0.01,0.02,0.02,0.02,0.02
3648,0.0,0.0,0.0,0.0,0.0,0.0,0.0,0.0,0.0,0.0,0.0,0.0,0.0,0.0,0.0,0.0,0.0,0.0,0.0,0.0,0.0,0.0,0.0,0.0,0.0,0.0,0.0,0.0,0.0,0.0,0.0,0.0,0.0,0.0,0.0,0.0,0.0,0.0,0.0,0.0,0.0,0.0,0.0,0.0,0.0,0.0,0.0,0.0,0.0,0.0,0.0,0.0,0.0,0.0,0.0,0.0,0.0,0.0,0.0,0.0,0.0,0.0,0.0,0.0
3649,0.0,0.0,0.0,0.0,0.0,0.0,0.0,0.0,0.0,0.0,0.0,0.0,0.0,0.0,0.0,0.0,0.0,0.0,0.0,0.0,0.0,0.0,0.0,0.0,0.0,0.0,0.0,0.0,0.0,0.0,0.0,0.0,0.0,0.0,0.0,0.0,0.0,0.0,0.0,0.0,0.0,0.0,0.0,0.0,0.0,0.0,0.0,0.0,0.0,0.0,0.0,0.0,0.0,0.0,0.0,0.0,0.0,0.0,0.0,0.0,0.0,0.0,0.0,0.0
3650,0.0,0.0,0.0,0.0,0.0,0.0,0.0,0.0,0.0,0.0,0.0,0.0,0.0,0.0,0.0,0.0,0.0,0.0,0.0,0.0,0.0,0.0,0.0,0.0,0.0,0.0,0.0,0.0,0.0,0.0,0.0,0.0,0.0,0.0,0.0,0.0,0.0,0.0,0.0,0.0,0.0,0.0,0.0,0.0,0.0,0.0,0.0,0.0,0.0,0.0,0.0,0.0,0.0,0.0,0.0,0.0,0.0,0.0,0.0,0.0,0.0,0.0,0.0,0.0
3651,0.0,0.0,0.0,0.0,0.0,0.0,0.0,0.0,0.0,0.0,0.0,0.0,0.0,0.0,0.0,0.0,0.0,0.0,0.0,0.0,0.0,0.0,0.0,0.0,0.0,0.0,0.0,0.0,0.0,0.0,0.0,0.0,0.0,0.0,0.0,0.0,0.0,0.0,0.0,0.0,0.0,0.0,0.0,0.0,0.0,0.0,0.0,0.0,0.0,0.0,0.0,0.0,0.0,0.0,0.0,0.0,0.0,0.0,0.0,0.0,0.0,0.0,0.0,0.0
3652,0.0,0.0,0.0,0.0,0.0,0.0,0.0,0.0,0.0,0.0,0.0,0.0,0.0,0.0,0.0,0.0,0.0,0.0,0.0,0.0,0.0,0.0,0.0,0.0,0.0,0.0,0.0,0.0,0.0,0.0,0.0,0.0,0.0,0.0,0.0,0.0,0.0,0.0,0.0,0.0,0.0,0.0,0.0,0.0,0.0,0.0,0.0,0.0,0.0,0.0,0.0,0.0,0.0,0.0,0.0,0.0,0.0,0.0,0.0,0.0,0.0,0.0,0.0,0.0
3653,0.0,0.0,0.0,0.0,0.0,0.0,0.0,0.0,0.0,0.0,0.0,0.0,0.0,0.0,0.0,0.0,0.0,0.0,0.0,0.0,0.0,0.0,0.0,0.0,0.0,0.0,0.0,0.0,0.0,0.0,0.0,0.0,0.0,0.0,0.0,0.0,0.0,0.0,0.0,0.0,0.0,0.0,0.0,0.0,0.0,0.0,0.0,0.0,0.0,0.0,0.0,0.0,0.0,0.0,0.0,0.0,0.0,0.0,0.0,0.0,0.0,0.0,0.0,0.0
3654,0.0,0.0,0.0,0.0,0.0,0.0,0.0,0.0,0.0,0.0,0.0,0.0,0.0,0.0,0.0,0.0,0.0,0.0,0.0,0.0,0.0,0.0,0.0,0.0,0.0,0.0,0.0,0.0,0.0,0.0,0.0,0.0,0.0,0.0,0.0,0.0,0.0,0.0,0.0,0.0,0.0,0.0,0.0,0.0,0.0,0.0,0.0,0.0,0.0,0.0,0.0,0.0,0.0,0.0,0.0,0.0,0.0,0.0,0.0,0.0,0.0,0.0,0.0,0.0
3655,0.0,0.0,0.0,0.0,0.0,0.0,0.0,0.0,0.0,0.0,0.0,0.0,0.0,0.0,0.0,0.0,0.0,0.0,0.0,0.0,0.0,0.0,0.0,0.0,0.0,0.0,0.0,0.0,0.0,0.0,0.0,0.0,0.0,0.0,0.0,0.0,0.0,0.0,0.0,0.0,0.0,0.0,0.0,0.0,0.0,0.0,0.0,0.0,0.0,0.0,0.0,0.0,0.0,0.0,0.0,0.0,0.0,0.0,0.0,0.0,0.0,0.0,0.0,0.0
3656,0.0,0.0,0.0,0.0,0.0,0.0,0.0,0.0,0.0,0.0,0.0,0.0,0.0,0.0,0.0,0.0,0.0,0.0,0.0,0.0,0.0,0.0,0.0,0.0,0.0,0.0,0.0,0.0,0.0,0.0,0.0,0.0,0.0,0.0,0.0,0.0,0.0,0.0,0.0,0.0,0.0,0.0,0.0,0.0,0.0,0.0,0.0,0.0,0.0,0.0,0.0,0.0,0.0,0.0,0.0,0.0,0.0,0.0,0.0,0.0,0.0,0.0,0.0,0.0
3657,0.0,0.02,0.02,0.0,0.0,0.03,0.0,0.0,0.03,0.05,0.03,0.04,0.04,0.04,0.04,0.04,0.03,0.04,0.02,0.04,0.03,0.04,0.04,0.03,0.03,0.03,0.0,0.0,0.03,0.02,0.03,0.0,0.0,0.0,0.0,0.03,0.03,0.03,0.03,0.03,0.03,0.03,0.03,0.03,0.03,0.03,0.03,0.0,0.0,0.03,0.03,0.03,0.03,0.03,0.03,0.02,0.0,0.03,0.03,0.03,0.03,0.03,0.03,0.03
3658,0.0,0.1,0.1,0.0,0.0,0.14,0.0,0.0,0.18,0.19,0.17,0.19,0.25,0.21,0.21,0.2,0.17,0.23,0.08,0.19,0.2,0.21,0.25,0.16,0.17,0.1,0.0,0.0,0.11,0.1,0.11,0.0,0.0,0.0,0.0,0.13,0.15,0.16,0.13,0.16,0.15,0.13,0.13,0.15,0.16,0.13,0.14,0.0,0.0,0.14,0.11,0.1,0.13,0.11,0.14,0.11,0.0,0.11,0.11,0.12,0.11,0.11,0.11,0.11
3659,0.0,0.55,0.54,0.0,0.0,0.57,0.0,0.0,0.62,0.64,0.6,0.66,0.69,0.66,0.65,0.63,0.64,0.69,0.18,0.63,0.59,0.67,0.69,0.62,0.62,0.56,0.0,0.0,0.57,0.56,0.57,0.0,0.0,0.0,0.0,0.58,0.6,0.64,0.59,0.64,0.62,0.6,0.6,0.61,0.62,0.59,0.58,0.0,0.0,0.58,0.58,0.57,0.59,0.57,0.61,0.55,0.0,0.58,0.58,0.58,0.58,0.58,0.58,0.58
3660,0.0,0.75,0.75,0.0,0.0,0.74,0.0,0.0,0.73,0.78,0.73,0.8,0.79,0.78,0.77,0.75,0.8,0.57,0.4,0.74,0.05,0.78,0.79,0.77,0.75,0.78,0.0,0.0,0.78,0.76,0.77,0.0,0.0,0.0,0.0,0.77,0.77,0.79,0.78,0.8,0.79,0.78,0.78,0.77,0.78,0.78,0.75,0.0,0.0,0.75,0.78,0.78,0.78,0.77,0.79,0.76,0.0,0.78,0.78,0.78,0.79,0.78,0.79,0.79
3661,0.0,0.77,0.77,0.0,0.0,0.75,0.0,0.0,0.74,0.75,0.74,0.81,0.79,0.78,0.78,0.75,0.81,0.8,0.81,0.75,0.5,0.79,0.79,0.78,0.76,0.79,0.0,0.0,0.79,0.78,0.78,0.0,0.0,0.0,0.0,0.78,0.78,0.79,0.79,0.81,0.8,0.79,0.79,0.78,0.79,0.8,0.76,0.0,0.0,0.76,0.8,0.8,0.8,0.79,0.8,0.78,0.0,0.79,0.8,0.79,0.8,0.8,0.81,0.8
3662,0.0,0.79,0.79,0.0,0.0,0.77,0.0,0.0,0.78,0.82,0.77,0.82,0.8,0.8,0.8,0.77,0.82,0.81,0.82,0.78,0.82,0.8,0.8,0.8,0.78,0.81,0.0,0.0,0.81,0.8,0.8,0.0,0.0,0.0,0.0,0.8,0.8,0.83,0.81,0.83,0.82,0.81,0.81,0.8,0.8,0.82,0.78,0.0,0.0,0.78,0.82,0.82,0.81,0.81,0.82,0.8,0.0,0.81,0.82,0.81,0.82,0.82,0.82,0.82
3663,0.0,0.8,0.79,0.0,0.0,0.78,0.0,0.0,0.79,0.6,0.8,0.83,0.8,0.8,0.8,0.78,0.83,0.81,0.83,0.79,0.82,0.8,0.81,0.8,0.79,0.82,0.0,0.0,0.81,0.8,0.81,0.0,0.0,0.0,0.0,0.81,0.81,0.83,0.82,0.83,0.83,0.82,0.81,0.8,0.81,0.82,0.78,0.0,0.0,0.78,0.83,0.81,0.82,0.82,0.83,0.81,0.0,0.82,0.82,0.82,0.83,0.83,0.82,0.83
3664,0.0,0.79,0.79,0.0,0.0,0.77,0.0,0.0,0.8,0.6,0.8,0.83,0.8,0.8,0.8,0.78,0.82,0.81,0.83,0.79,0.82,0.8,0.81,0.8,0.8,0.81,0.0,0.0,0.81,0.8,0.81,0.0,0.0,0.0,0.0,0.8,0.8,0.83,0.81,0.83,0.82,0.81,0.81,0.8,0.8,0.82,0.78,0.0,0.0,0.78,0.82,0.81,0.82,0.81,0.83,0.8,0.0,0.82,0.82,0.82,0.82,0.83,0.82,0.82
3665,0.0,0.79,0.79,0.0,0.0,0.77,0.0,0.0,0.8,0.38,0.8,0.83,0.8,0.8,0.8,0.79,0.82,0.82,0.83,0.79,0.56,0.8,0.81,0.8,0.81,0.81,0.0,0.0,0.81,0.8,0.81,0.0,0.0,0.0,0.0,0.8,0.8,0.83,0.81,0.83,0.83,0.81,0.81,0.8,0.81,0.82,0.78,0.0,0.0,0.78,0.82,0.81,0.68,0.81,0.83,0.81,0.0,0.82,0.82,0.82,0.82,0.83,0.82,0.82
3666,0.0,0.78,0.78,0.0,0.0,0.76,0.0,0.0,0.79,0.4,0.79,0.82,0.79,0.79,0.79,0.78,0.82,0.81,0.82,0.78,0.49,0.79,0.8,0.79,0.8,0.8,0.0,0.0,0.8,0.79,0.79,0.0,0.0,0.0,0.0,0.8,0.78,0.82,0.8,0.82,0.82,0.8,0.8,0.79,0.79,0.81,0.77,0.0,0.0,0.76,0.81,0.79,0.82,0.8,0.82,0.79,0.0,0.81,0.81,0.81,0.8,0.81,0.81,0.81
3667,0.0,0.37,0.77,0.0,0.0,0.16,0.0,0.0,0.77,0.42,0.77,0.8,0.77,0.77,0.77,0.76,0.8,0.41,0.53,0.76,0.28,0.77,0.76,0.73,0.78,0.78,0.0,0.0,0.79,0.77,0.77,0.0,0.0,0.0,0.0,0.78,0.74,0.8,0.78,0.8,0.79,0.78,0.78,0.77,0.74,0.79,0.75,0.0,0.0,0.74,0.8,0.76,0.8,0.78,0.8,0.77,0.0,0.78,0.8,0.79,0.8,0.8,0.79,0.8
3668,0.0,0.69,0.7,0.0,0.0,0.67,0.0,0.0,0.68,0.51,0.69,0.71,0.67,0.68,0.68,0.67,0.71,0.69,0.66,0.68,0.7,0.68,0.3,0.61,0.69,0.2,0.0,0.0,0.7,0.7,0.13,0.0,0.0,0.0,0.0,0.7,0.63,0.72,0.71,0.72,0.69,0.69,0.66,0.68,0.63,0.69,0.33,0.0,0.0,0.68,0.72,0.66,0.71,0.7,0.7,0.69,0.0,0.71,0.72,0.71,0.72,0.72,0.72,0.72
3669,0.0,0.13,0.37,0.0,0.0,0.09,0.0,0.0,0.32,0.16,0.33,0.34,0.26,0.3,0.29,0.3,0.34,0.28,0.28,0.31,0.03,0.29,0.25,0.33,0.33,0.39,0.0,0.0,0.4,0.26,0.06,0.0,0.0,0.0,0.0,0.38,0.35,0.36,0.38,0.36,0.36,0.37,0.36,0.34,0.34,0.38,0.11,0.0,0.0,0.35,0.41,0.41,0.38,0.4,0.38,0.38,0.0,0.39,0.4,0.39,0.4,0.4,0.41,0.4
3670,0.0,0.07,0.08,0.0,0.0,0.06,0.0,0.0,0.05,0.04,0.04,0.04,0.05,0.04,0.04,0.05,0.04,0.04,0.05,0.04,0.03,0.04,0.05,0.04,0.05,0.06,0.0,0.0,0.06,0.07,0.07,0.0,0.0,0.0,0.0,0.05,0.04,0.04,0.05,0.04,0.06,0.05,0.05,0.04,0.04,0.05,0.06,0.0,0.0,0.06,0.05,0.05,0.06,0.05,0.06,0.07,0.0,0.05,0.05,0.05,0.05,0.05,0.05,0.05
3671,0.0,0.01,0.02,0.0,0.0,0.0,0.0,0.0,0.01,0.01,0.02,0.02,0.0,0.01,0.01,0.01,0.03,0.01,0.01,0.01,0.0,0.01,0.0,0.01,0.0,0.02,0.0,0.0,0.02,0.02,0.02,0.0,0.0,0.0,0.0,0.01,0.02,0.03,0.03,0.02,0.03,0.02,0.03,0.01,0.01,0.03,0.01,0.0,0.0,0.0,0.01,0.01,0.01,0.01,0.01,0.02,0.0,0.01,0.01,0.01,0.01,0.01,0.01,0.01
3672,0.0,0.0,0.0,0.0,0.0,0.0,0.0,0.0,0.0,0.0,0.0,0.0,0.0,0.0,0.0,0.0,0.0,0.0,0.0,0.0,0.0,0.0,0.0,0.0,0.0,0.0,0.0,0.0,0.0,0.0,0.0,0.0,0.0,0.0,0.0,0.0,0.0,0.0,0.0,0.0,0.0,0.0,0.0,0.0,0.0,0.0,0.0,0.0,0.0,0.0,0.0,0.0,0.0,0.0,0.0,0.0,0.0,0.0,0.0,0.0,0.0,0.0,0.0,0.0
3673,0.0,0.0,0.0,0.0,0.0,0.0,0.0,0.0,0.0,0.0,0.0,0.0,0.0,0.0,0.0,0.0,0.0,0.0,0.0,0.0,0.0,0.0,0.0,0.0,0.0,0.0,0.0,0.0,0.0,0.0,0.0,0.0,0.0,0.0,0.0,0.0,0.0,0.0,0.0,0.0,0.0,0.0,0.0,0.0,0.0,0.0,0.0,0.0,0.0,0.0,0.0,0.0,0.0,0.0,0.0,0.0,0.0,0.0,0.0,0.0,0.0,0.0,0.0,0.0
3674,0.0,0.0,0.0,0.0,0.0,0.0,0.0,0.0,0.0,0.0,0.0,0.0,0.0,0.0,0.0,0.0,0.0,0.0,0.0,0.0,0.0,0.0,0.0,0.0,0.0,0.0,0.0,0.0,0.0,0.0,0.0,0.0,0.0,0.0,0.0,0.0,0.0,0.0,0.0,0.0,0.0,0.0,0.0,0.0,0.0,0.0,0.0,0.0,0.0,0.0,0.0,0.0,0.0,0.0,0.0,0.0,0.0,0.0,0.0,0.0,0.0,0.0,0.0,0.0
3675,0.0,0.0,0.0,0.0,0.0,0.0,0.0,0.0,0.0,0.0,0.0,0.0,0.0,0.0,0.0,0.0,0.0,0.0,0.0,0.0,0.0,0.0,0.0,0.0,0.0,0.0,0.0,0.0,0.0,0.0,0.0,0.0,0.0,0.0,0.0,0.0,0.0,0.0,0.0,0.0,0.0,0.0,0.0,0.0,0.0,0.0,0.0,0.0,0.0,0.0,0.0,0.0,0.0,0.0,0.0,0.0,0.0,0.0,0.0,0.0,0.0,0.0,0.0,0.0
3676,0.0,0.0,0.0,0.0,0.0,0.0,0.0,0.0,0.0,0.0,0.0,0.0,0.0,0.0,0.0,0.0,0.0,0.0,0.0,0.0,0.0,0.0,0.0,0.0,0.0,0.0,0.0,0.0,0.0,0.0,0.0,0.0,0.0,0.0,0.0,0.0,0.0,0.0,0.0,0.0,0.0,0.0,0.0,0.0,0.0,0.0,0.0,0.0,0.0,0.0,0.0,0.0,0.0,0.0,0.0,0.0,0.0,0.0,0.0,0.0,0.0,0.0,0.0,0.0
3677,0.0,0.0,0.0,0.0,0.0,0.0,0.0,0.0,0.0,0.0,0.0,0.0,0.0,0.0,0.0,0.0,0.0,0.0,0.0,0.0,0.0,0.0,0.0,0.0,0.0,0.0,0.0,0.0,0.0,0.0,0.0,0.0,0.0,0.0,0.0,0.0,0.0,0.0,0.0,0.0,0.0,0.0,0.0,0.0,0.0,0.0,0.0,0.0,0.0,0.0,0.0,0.0,0.0,0.0,0.0,0.0,0.0,0.0,0.0,0.0,0.0,0.0,0.0,0.0
3678,0.0,0.0,0.0,0.0,0.0,0.0,0.0,0.0,0.0,0.0,0.0,0.0,0.0,0.0,0.0,0.0,0.0,0.0,0.0,0.0,0.0,0.0,0.0,0.0,0.0,0.0,0.0,0.0,0.0,0.0,0.0,0.0,0.0,0.0,0.0,0.0,0.0,0.0,0.0,0.0,0.0,0.0,0.0,0.0,0.0,0.0,0.0,0.0,0.0,0.0,0.0,0.0,0.0,0.0,0.0,0.0,0.0,0.0,0.0,0.0,0.0,0.0,0.0,0.0
3679,0.0,0.0,0.0,0.0,0.0,0.0,0.0,0.0,0.0,0.0,0.0,0.0,0.0,0.0,0.0,0.0,0.0,0.0,0.0,0.0,0.0,0.0,0.0,0.0,0.0,0.0,0.0,0.0,0.0,0.0,0.0,0.0,0.0,0.0,0.0,0.0,0.0,0.0,0.0,0.0,0.0,0.0,0.0,0.0,0.0,0.0,0.0,0.0,0.0,0.0,0.0,0.0,0.0,0.0,0.0,0.0,0.0,0.0,0.0,0.0,0.0,0.0,0.0,0.0
3680,0.0,0.0,0.0,0.0,0.0,0.0,0.0,0.0,0.0,0.0,0.0,0.0,0.0,0.0,0.0,0.0,0.0,0.0,0.0,0.0,0.0,0.0,0.0,0.0,0.0,0.0,0.0,0.0,0.0,0.0,0.0,0.0,0.0,0.0,0.0,0.0,0.0,0.0,0.0,0.0,0.0,0.0,0.0,0.0,0.0,0.0,0.0,0.0,0.0,0.0,0.0,0.0,0.0,0.0,0.0,0.0,0.0,0.0,0.0,0.0,0.0,0.0,0.0,0.0
3681,0.0,0.04,0.04,0.0,0.0,0.04,0.0,0.0,0.03,0.03,0.03,0.03,0.03,0.03,0.03,0.03,0.03,0.03,0.03,0.03,0.03,0.03,0.03,0.03,0.04,0.04,0.0,0.0,0.04,0.04,0.04,0.0,0.0,0.0,0.0,0.04,0.03,0.03,0.04,0.03,0.03,0.03,0.03,0.03,0.03,0.03,0.04,0.0,0.0,0.04,0.03,0.03,0.03,0.03,0.03,0.04,0.0,0.03,0.03,0.03,0.03,0.03,0.03,0.03
3682,0.0,0.1,0.1,0.0,0.0,0.13,0.0,0.0,0.18,0.21,0.17,0.18,0.25,0.21,0.21,0.2,0.17,0.23,0.23,0.19,0.2,0.21,0.24,0.17,0.17,0.11,0.0,0.0,0.11,0.11,0.12,0.0,0.0,0.0,0.0,0.13,0.15,0.16,0.13,0.16,0.15,0.13,0.14,0.16,0.16,0.13,0.14,0.0,0.0,0.14,0.11,0.1,0.13,0.11,0.14,0.03,0.0,0.11,0.11,0.12,0.11,0.11,0.11,0.11
3683,0.0,0.55,0.54,0.0,0.0,0.57,0.0,0.0,0.62,0.25,0.6,0.65,0.67,0.65,0.65,0.64,0.63,0.68,0.69,0.63,0.66,0.66,0.66,0.62,0.61,0.55,0.0,0.0,0.56,0.55,0.54,0.0,0.0,0.0,0.0,0.57,0.6,0.62,0.59,0.62,0.62,0.59,0.6,0.61,0.62,0.59,0.57,0.0,0.0,0.57,0.57,0.57,0.59,0.57,0.2,0.1,0.0,0.57,0.57,0.58,0.57,0.57,0.57,0.58
3684,0.0,0.73,0.73,0.0,0.0,0.71,0.0,0.0,0.72,0.68,0.71,0.76,0.74,0.75,0.74,0.73,0.76,0.76,0.75,0.72,0.77,0.75,0.73,0.75,0.73,0.74,0.0,0.0,0.74,0.74,0.74,0.0,0.0,0.0,0.0,0.73,0.74,0.74,0.62,0.77,0.77,0.65,0.68,0.71,0.74,0.63,0.71,0.0,0.0,0.72,0.75,0.75,0.76,0.74,0.26,0.22,0.0,0.75,0.74,0.75,0.75,0.75,0.76,0.75
3685,0.0,0.77,0.76,0.0,0.0,0.74,0.0,0.0,0.75,0.69,0.74,0.6,0.76,0.77,0.76,0.75,0.79,0.78,0.8,0.75,0.79,0.77,0.72,0.77,0.76,0.78,0.0,0.0,0.78,0.77,0.77,0.0,0.0,0.0,0.0,0.77,0.78,0.79,0.78,0.8,0.8,0.78,0.78,0.77,0.77,0.79,0.74,0.0,0.0,0.75,0.79,0.79,0.79,0.78,0.8,0.65,0.0,0.78,0.78,0.79,0.79,0.49,0.79,0.79
3686,0.0,0.77,0.76,0.0,0.0,0.75,0.0,0.0,0.76,0.78,0.52,0.4,0.75,0.78,0.77,0.75,0.79,0.8,0.81,0.54,0.54,0.78,0.76,0.78,0.76,0.79,0.0,0.0,0.78,0.77,0.78,0.0,0.0,0.0,0.0,0.78,0.79,0.8,0.79,0.8,0.81,0.79,0.79,0.78,0.79,0.8,0.75,0.0,0.0,0.75,0.31,0.8,0.37,0.34,0.34,0.78,0.0,0.36,0.79,0.8,0.8,0.29,0.8,0.79
3687,0.0,0.76,0.76,0.0,0.0,0.75,0.0,0.0,0.77,0.8,0.46,0.81,0.77,0.77,0.78,0.76,0.79,0.8,0.67,0.77,0.46,0.78,0.76,0.78,0.77,0.79,0.0,0.0,0.78,0.77,0.78,0.0,0.0,0.0,0.0,0.78,0.78,0.8,0.79,0.39,0.32,0.79,0.79,0.78,0.78,0.8,0.75,0.0,0.0,0.75,0.21,0.8,0.31,0.56,0.81,0.79,0.0,0.5,0.41,0.52,0.8,0.29,0.8,0.8
3688,0.0,0.77,0.35,0.0,0.0,0.77,0.0,0.0,0.78,0.8,0.48,0.81,0.78,0.77,0.78,0.76,0.8,0.54,0.65,0.78,0.45,0.78,0.77,0.78,0.78,0.79,0.0,0.0,0.79,0.78,0.78,0.0,0.0,0.0,0.0,0.78,0.51,0.8,0.79,0.81,0.8,0.79,0.79,0.78,0.78,0.8,0.76,0.0,0.0,0.76,0.53,0.8,0.8,0.33,0.72,0.32,0.0,0.4,0.8,0.57,0.81,0.8,0.8,0.81
3689,0.0,0.76,0.77,0.0,0.0,0.77,0.0,0.0,0.77,0.79,0.77,0.81,0.7,0.77,0.77,0.77,0.8,0.76,0.7,0.77,0.78,0.77,0.7,0.77,0.78,0.79,0.0,0.0,0.78,0.77,0.78,0.0,0.0,0.0,0.0,0.78,0.78,0.8,0.79,0.81,0.79,0.78,0.78,0.77,0.78,0.79,0.75,0.0,0.0,0.76,0.62,0.8,0.46,0.47,0.81,0.39,0.0,0.26,0.8,0.79,0.8,0.8,0.79,0.8
3690,0.0,0.75,0.75,0.0,0.0,0.76,0.0,0.0,0.75,0.55,0.76,0.79,0.72,0.76,0.52,0.75,0.79,0.77,0.6,0.76,0.78,0.76,0.48,0.76,0.77,0.78,0.0,0.0,0.77,0.76,0.77,0.0,0.0,0.0,0.0,0.77,0.77,0.78,0.78,0.79,0.78,0.77,0.77,0.76,0.76,0.78,0.74,0.0,0.0,0.75,0.64,0.78,0.79,0.3,0.79,0.76,0.0,0.34,0.78,0.78,0.78,0.79,0.78,0.78
3691,0.0,0.75,0.76,0.0,0.0,0.75,0.0,0.0,0.76,0.78,0.74,0.79,0.74,0.76,0.75,0.74,0.78,0.76,0.77,0.75,0.58,0.77,0.16,0.76,0.77,0.78,0.0,0.0,0.78,0.76,0.77,0.0,0.0,0.0,0.0,0.77,0.76,0.79,0.78,0.79,0.78,0.78,0.78,0.76,0.75,0.78,0.74,0.0,0.0,0.76,0.78,0.79,0.79,0.46,0.15,0.11,0.0,0.77,0.78,0.23,0.78,0.78,0.78,0.77
3692,0.0,0.69,0.7,0.0,0.0,0.68,0.0,0.0,0.22,0.7,0.68,0.71,0.66,0.68,0.67,0.67,0.7,0.69,0.7,0.29,0.09,0.69,0.3,0.68,0.7,0.72,0.0,0.0,0.71,0.7,0.71,0.0,0.0,0.0,0.0,0.71,0.68,0.72,0.71,0.71,0.72,0.71,0.71,0.69,0.69,0.71,0.68,0.0,0.0,0.69,0.2,0.73,0.72,0.71,0.04,0.08,0.0,0.7,0.71,0.05,0.12,0.1,0.72,0.12
3693,0.0,0.4,0.4,0.0,0.0,0.36,0.0,0.0,0.32,0.18,0.34,0.34,0.26,0.3,0.29,0.08,0.35,0.28,0.29,0.3,0.32,0.3,0.26,0.27,0.33,0.41,0.0,0.0,0.4,0.4,0.4,0.0,0.0,0.0,0.0,0.38,0.35,0.12,0.38,0.24,0.37,0.38,0.38,0.34,0.35,0.38,0.36,0.0,0.0,0.36,0.03,0.42,0.13,0.03,0.08,0.03,0.0,0.04,0.03,0.03,0.04,0.03,0.41,0.06
3694,0.0,0.05,0.05,0.0,0.0,0.04,0.0,0.0,0.04,0.04,0.04,0.04,0.04,0.04,0.04,0.03,0.03,0.04,0.04,0.04,0.04,0.04,0.04,0.04,0.04,0.05,0.0,0.0,0.05,0.05,0.05,0.0,0.0,0.0,0.0,0.04,0.04,0.04,0.05,0.04,0.04,0.04,0.06,0.04,0.04,0.05,0.04,0.0,0.0,0.04,0.06,0.05,0.05,0.02,0.0,0.01,0.0,0.01,0.04,0.02,0.01,0.02,0.05,0.03
3695,0.0,0.02,0.02,0.0,0.0,0.0,0.0,0.0,0.0,0.02,0.01,0.01,0.0,0.0,0.0,0.0,0.0,0.0,0.01,0.0,0.02,0.0,0.0,0.0,0.0,0.02,0.0,0.0,0.02,0.02,0.02,0.0,0.0,0.0,0.0,0.01,0.01,0.01,0.02,0.01,0.0,0.01,0.01,0.01,0.01,0.02,0.0,0.0,0.0,0.0,0.02,0.02,0.0,0.0,0.0,0.0,0.0,0.0,0.02,0.0,0.01,0.02,0.02,0.02
3696,0.0,0.0,0.0,0.0,0.0,0.0,0.0,0.0,0.0,0.0,0.0,0.0,0.0,0.0,0.0,0.0,0.0,0.0,0.0,0.0,0.0,0.0,0.0,0.0,0.0,0.0,0.0,0.0,0.0,0.0,0.0,0.0,0.0,0.0,0.0,0.0,0.0,0.0,0.0,0.0,0.0,0.0,0.0,0.0,0.0,0.0,0.0,0.0,0.0,0.0,0.0,0.0,0.0,0.0,0.0,0.0,0.0,0.0,0.0,0.0,0.0,0.0,0.0,0.0
3697,0.0,0.0,0.0,0.0,0.0,0.0,0.0,0.0,0.0,0.0,0.0,0.0,0.0,0.0,0.0,0.0,0.0,0.0,0.0,0.0,0.0,0.0,0.0,0.0,0.0,0.0,0.0,0.0,0.0,0.0,0.0,0.0,0.0,0.0,0.0,0.0,0.0,0.0,0.0,0.0,0.0,0.0,0.0,0.0,0.0,0.0,0.0,0.0,0.0,0.0,0.0,0.0,0.0,0.0,0.0,0.0,0.0,0.0,0.0,0.0,0.0,0.0,0.0,0.0
3698,0.0,0.0,0.0,0.0,0.0,0.0,0.0,0.0,0.0,0.0,0.0,0.0,0.0,0.0,0.0,0.0,0.0,0.0,0.0,0.0,0.0,0.0,0.0,0.0,0.0,0.0,0.0,0.0,0.0,0.0,0.0,0.0,0.0,0.0,0.0,0.0,0.0,0.0,0.0,0.0,0.0,0.0,0.0,0.0,0.0,0.0,0.0,0.0,0.0,0.0,0.0,0.0,0.0,0.0,0.0,0.0,0.0,0.0,0.0,0.0,0.0,0.0,0.0,0.0
3699,0.0,0.0,0.0,0.0,0.0,0.0,0.0,0.0,0.0,0.0,0.0,0.0,0.0,0.0,0.0,0.0,0.0,0.0,0.0,0.0,0.0,0.0,0.0,0.0,0.0,0.0,0.0,0.0,0.0,0.0,0.0,0.0,0.0,0.0,0.0,0.0,0.0,0.0,0.0,0.0,0.0,0.0,0.0,0.0,0.0,0.0,0.0,0.0,0.0,0.0,0.0,0.0,0.0,0.0,0.0,0.0,0.0,0.0,0.0,0.0,0.0,0.0,0.0,0.0
3700,0.0,0.0,0.0,0.0,0.0,0.0,0.0,0.0,0.0,0.0,0.0,0.0,0.0,0.0,0.0,0.0,0.0,0.0,0.0,0.0,0.0,0.0,0.0,0.0,0.0,0.0,0.0,0.0,0.0,0.0,0.0,0.0,0.0,0.0,0.0,0.0,0.0,0.0,0.0,0.0,0.0,0.0,0.0,0.0,0.0,0.0,0.0,0.0,0.0,0.0,0.0,0.0,0.0,0.0,0.0,0.0,0.0,0.0,0.0,0.0,0.0,0.0,0.0,0.0
3701,0.0,0.0,0.0,0.0,0.0,0.0,0.0,0.0,0.0,0.0,0.0,0.0,0.0,0.0,0.0,0.0,0.0,0.0,0.0,0.0,0.0,0.0,0.0,0.0,0.0,0.0,0.0,0.0,0.0,0.0,0.0,0.0,0.0,0.0,0.0,0.0,0.0,0.0,0.0,0.0,0.0,0.0,0.0,0.0,0.0,0.0,0.0,0.0,0.0,0.0,0.0,0.0,0.0,0.0,0.0,0.0,0.0,0.0,0.0,0.0,0.0,0.0,0.0,0.0
3702,0.0,0.0,0.0,0.0,0.0,0.0,0.0,0.0,0.0,0.0,0.0,0.0,0.0,0.0,0.0,0.0,0.0,0.0,0.0,0.0,0.0,0.0,0.0,0.0,0.0,0.0,0.0,0.0,0.0,0.0,0.0,0.0,0.0,0.0,0.0,0.0,0.0,0.0,0.0,0.0,0.0,0.0,0.0,0.0,0.0,0.0,0.0,0.0,0.0,0.0,0.0,0.0,0.0,0.0,0.0,0.0,0.0,0.0,0.0,0.0,0.0,0.0,0.0,0.0
3703,0.0,0.0,0.0,0.0,0.0,0.0,0.0,0.0,0.0,0.0,0.0,0.0,0.0,0.0,0.0,0.0,0.0,0.0,0.0,0.0,0.0,0.0,0.0,0.0,0.0,0.0,0.0,0.0,0.0,0.0,0.0,0.0,0.0,0.0,0.0,0.0,0.0,0.0,0.0,0.0,0.0,0.0,0.0,0.0,0.0,0.0,0.0,0.0,0.0,0.0,0.0,0.0,0.0,0.0,0.0,0.0,0.0,0.0,0.0,0.0,0.0,0.0,0.0,0.0
3704,0.0,0.0,0.0,0.0,0.0,0.0,0.0,0.0,0.0,0.0,0.0,0.0,0.0,0.0,0.0,0.0,0.0,0.0,0.0,0.0,0.0,0.0,0.0,0.0,0.0,0.0,0.0,0.0,0.0,0.0,0.0,0.0,0.0,0.0,0.0,0.0,0.0,0.0,0.0,0.0,0.0,0.0,0.0,0.0,0.0,0.0,0.0,0.0,0.0,0.0,0.0,0.0,0.0,0.0,0.0,0.0,0.0,0.0,0.0,0.0,0.0,0.0,0.0,0.0
3705,0.0,0.0,0.0,0.0,0.0,0.0,0.0,0.0,0.03,0.04,0.03,0.03,0.03,0.03,0.03,0.03,0.03,0.03,0.03,0.03,0.05,0.03,0.03,0.03,0.02,0.04,0.0,0.0,0.04,0.01,0.04,0.0,0.0,0.0,0.0,0.04,0.03,0.03,0.04,0.03,0.03,0.04,0.04,0.04,0.03,0.04,0.0,0.0,0.0,0.0,0.03,0.03,0.03,0.03,0.03,0.03,0.0,0.03,0.03,0.03,0.03,0.03,0.04,0.03
3706,0.0,0.06,0.12,0.0,0.0,0.02,0.0,0.0,0.18,0.11,0.17,0.19,0.25,0.21,0.21,0.2,0.17,0.23,0.23,0.2,0.13,0.22,0.25,0.16,0.02,0.1,0.0,0.0,0.11,0.08,0.04,0.0,0.0,0.0,0.0,0.12,0.15,0.16,0.13,0.16,0.15,0.13,0.14,0.16,0.16,0.13,0.02,0.0,0.0,0.02,0.11,0.1,0.13,0.11,0.14,0.11,0.0,0.12,0.11,0.12,0.11,0.11,0.11,0.11
3707,0.0,0.03,0.11,0.0,0.0,0.04,0.0,0.0,0.63,0.2,0.62,0.67,0.68,0.65,0.65,0.64,0.64,0.69,0.69,0.63,0.67,0.66,0.68,0.61,0.09,0.19,0.0,0.0,0.52,0.04,0.05,0.0,0.0,0.0,0.0,0.53,0.6,0.63,0.58,0.63,0.62,0.58,0.59,0.6,0.61,0.59,0.04,0.0,0.0,0.04,0.57,0.56,0.59,0.57,0.6,0.56,0.0,0.58,0.57,0.58,0.57,0.57,0.55,0.57
3708,0.0,0.06,0.19,0.0,0.0,0.03,0.0,0.0,0.7,0.73,0.71,0.75,0.72,0.71,0.71,0.7,0.73,0.73,0.36,0.69,0.73,0.72,0.72,0.69,0.05,0.13,0.0,0.0,0.61,0.08,0.07,0.0,0.0,0.0,0.0,0.58,0.69,0.73,0.69,0.74,0.73,0.69,0.71,0.68,0.7,0.71,0.05,0.0,0.0,0.04,0.73,0.7,0.73,0.72,0.58,0.71,0.0,0.73,0.72,0.72,0.72,0.73,0.65,0.72
3709,0.0,0.7,0.43,0.0,0.0,0.05,0.0,0.0,0.75,0.76,0.75,0.79,0.75,0.75,0.75,0.73,0.78,0.28,0.18,0.73,0.44,0.76,0.74,0.75,0.68,0.59,0.0,0.0,0.71,0.7,0.42,0.0,0.0,0.0,0.0,0.66,0.75,0.78,0.73,0.78,0.78,0.71,0.74,0.72,0.75,0.76,0.06,0.0,0.0,0.06,0.78,0.76,0.78,0.77,0.29,0.75,0.0,0.78,0.77,0.77,0.77,0.78,0.76,0.77
3710,0.0,0.24,0.54,0.0,0.0,0.35,0.0,0.0,0.77,0.79,0.77,0.8,0.77,0.77,0.77,0.76,0.8,0.41,0.32,0.75,0.78,0.77,0.76,0.42,0.13,0.78,0.0,0.0,0.77,0.2,0.66,0.0,0.0,0.0,0.0,0.75,0.32,0.8,0.78,0.8,0.8,0.78,0.29,0.76,0.65,0.45,0.72,0.0,0.0,0.25,0.8,0.78,0.8,0.79,0.79,0.77,0.0,0.79,0.79,0.78,0.79,0.8,0.79,0.79
3711,0.0,0.78,0.78,0.0,0.0,0.37,0.0,0.0,0.77,0.79,0.78,0.8,0.77,0.77,0.77,0.66,0.8,0.8,0.81,0.76,0.2,0.78,0.62,0.78,0.34,0.79,0.0,0.0,0.78,0.78,0.78,0.0,0.0,0.0,0.0,0.77,0.78,0.8,0.79,0.81,0.8,0.78,0.78,0.77,0.78,0.79,0.48,0.0,0.0,0.42,0.81,0.78,0.67,0.8,0.63,0.78,0.0,0.8,0.8,0.79,0.8,0.81,0.79,0.8
3712,0.0,0.78,0.78,0.0,0.0,0.75,0.0,0.0,0.77,0.79,0.78,0.8,0.77,0.77,0.77,0.76,0.8,0.79,0.8,0.77,0.48,0.77,0.43,0.78,0.49,0.8,0.0,0.0,0.78,0.78,0.79,0.0,0.0,0.0,0.0,0.78,0.78,0.8,0.57,0.8,0.8,0.6,0.79,0.77,0.78,0.79,0.36,0.0,0.0,0.57,0.81,0.79,0.8,0.8,0.8,0.78,0.0,0.79,0.8,0.79,0.8,0.8,0.31,0.8
3713,0.0,0.78,0.78,0.0,0.0,0.74,0.0,0.0,0.76,0.79,0.76,0.79,0.37,0.76,0.76,0.76,0.79,0.78,0.43,0.76,0.78,0.6,0.78,0.77,0.73,0.79,0.0,0.0,0.78,0.78,0.78,0.0,0.0,0.0,0.0,0.78,0.78,0.79,0.79,0.8,0.8,0.79,0.78,0.77,0.78,0.79,0.75,0.0,0.0,0.75,0.8,0.79,0.79,0.79,0.8,0.78,0.0,0.45,0.79,0.78,0.8,0.8,0.79,0.79
3714,0.0,0.77,0.77,0.0,0.0,0.74,0.0,0.0,0.75,0.77,0.75,0.79,0.76,0.75,0.75,0.75,0.78,0.77,0.5,0.75,0.6,0.75,0.76,0.76,0.71,0.78,0.0,0.0,0.76,0.77,0.77,0.0,0.0,0.0,0.0,0.77,0.77,0.78,0.78,0.79,0.79,0.78,0.78,0.77,0.76,0.78,0.74,0.0,0.0,0.74,0.79,0.78,0.78,0.78,0.78,0.76,0.0,0.77,0.79,0.78,0.79,0.79,0.78,0.79
3715,0.0,0.74,0.75,0.0,0.0,0.73,0.0,0.0,0.73,0.71,0.74,0.76,0.73,0.34,0.72,0.72,0.76,0.74,0.75,0.72,0.25,0.23,0.7,0.74,0.7,0.76,0.0,0.0,0.74,0.74,0.75,0.0,0.0,0.0,0.0,0.74,0.75,0.76,0.75,0.77,0.77,0.75,0.75,0.74,0.74,0.76,0.72,0.0,0.0,0.72,0.77,0.76,0.75,0.76,0.75,0.74,0.0,0.76,0.76,0.75,0.77,0.77,0.76,0.76
3716,0.0,0.72,0.72,0.0,0.0,0.69,0.0,0.0,0.7,0.69,0.71,0.7,0.69,0.69,0.69,0.68,0.72,0.7,0.7,0.69,0.19,0.67,0.65,0.7,0.28,0.73,0.0,0.0,0.71,0.72,0.72,0.0,0.0,0.0,0.0,0.71,0.71,0.73,0.72,0.73,0.73,0.72,0.72,0.71,0.7,0.72,0.69,0.0,0.0,0.69,0.74,0.73,0.73,0.73,0.73,0.71,0.0,0.72,0.73,0.72,0.74,0.74,0.73,0.73
3717,0.0,0.42,0.43,0.0,0.0,0.38,0.0,0.0,0.34,0.33,0.36,0.35,0.28,0.32,0.31,0.32,0.36,0.3,0.31,0.32,0.34,0.31,0.25,0.36,0.34,0.43,0.0,0.0,0.42,0.42,0.42,0.0,0.0,0.0,0.0,0.4,0.38,0.38,0.4,0.38,0.39,0.4,0.4,0.37,0.36,0.4,0.38,0.0,0.0,0.37,0.44,0.43,0.41,0.43,0.4,0.42,0.0,0.42,0.43,0.41,0.43,0.43,0.43,0.43
3718,0.0,0.05,0.05,0.0,0.0,0.05,0.0,0.0,0.04,0.04,0.05,0.05,0.04,0.04,0.04,0.04,0.05,0.04,0.04,0.04,0.04,0.04,0.04,0.05,0.04,0.05,0.0,0.0,0.05,0.05,0.05,0.0,0.0,0.0,0.0,0.05,0.05,0.05,0.05,0.05,0.05,0.05,0.05,0.05,0.05,0.05,0.05,0.0,0.0,0.05,0.05,0.05,0.05,0.05,0.05,0.05,0.0,0.05,0.05,0.05,0.05,0.05,0.05,0.05
3719,0.0,0.02,0.02,0.0,0.0,0.01,0.0,0.0,0.01,0.02,0.02,0.02,0.0,0.0,0.0,0.0,0.02,0.01,0.01,0.01,0.02,0.0,0.0,0.01,0.0,0.02,0.0,0.0,0.02,0.02,0.02,0.0,0.0,0.0,0.0,0.02,0.02,0.02,0.02,0.02,0.02,0.02,0.02,0.01,0.02,0.02,0.01,0.0,0.0,0.0,0.02,0.02,0.02,0.02,0.02,0.02,0.0,0.02,0.02,0.02,0.02,0.02,0.02,0.02
3720,0.0,0.0,0.0,0.0,0.0,0.0,0.0,0.0,0.0,0.0,0.0,0.0,0.0,0.0,0.0,0.0,0.0,0.0,0.0,0.0,0.0,0.0,0.0,0.0,0.0,0.0,0.0,0.0,0.0,0.0,0.0,0.0,0.0,0.0,0.0,0.0,0.0,0.0,0.0,0.0,0.0,0.0,0.0,0.0,0.0,0.0,0.0,0.0,0.0,0.0,0.0,0.0,0.0,0.0,0.0,0.0,0.0,0.0,0.0,0.0,0.0,0.0,0.0,0.0
3721,0.0,0.0,0.0,0.0,0.0,0.0,0.0,0.0,0.0,0.0,0.0,0.0,0.0,0.0,0.0,0.0,0.0,0.0,0.0,0.0,0.0,0.0,0.0,0.0,0.0,0.0,0.0,0.0,0.0,0.0,0.0,0.0,0.0,0.0,0.0,0.0,0.0,0.0,0.0,0.0,0.0,0.0,0.0,0.0,0.0,0.0,0.0,0.0,0.0,0.0,0.0,0.0,0.0,0.0,0.0,0.0,0.0,0.0,0.0,0.0,0.0,0.0,0.0,0.0
3722,0.0,0.0,0.0,0.0,0.0,0.0,0.0,0.0,0.0,0.0,0.0,0.0,0.0,0.0,0.0,0.0,0.0,0.0,0.0,0.0,0.0,0.0,0.0,0.0,0.0,0.0,0.0,0.0,0.0,0.0,0.0,0.0,0.0,0.0,0.0,0.0,0.0,0.0,0.0,0.0,0.0,0.0,0.0,0.0,0.0,0.0,0.0,0.0,0.0,0.0,0.0,0.0,0.0,0.0,0.0,0.0,0.0,0.0,0.0,0.0,0.0,0.0,0.0,0.0
3723,0.0,0.0,0.0,0.0,0.0,0.0,0.0,0.0,0.0,0.0,0.0,0.0,0.0,0.0,0.0,0.0,0.0,0.0,0.0,0.0,0.0,0.0,0.0,0.0,0.0,0.0,0.0,0.0,0.0,0.0,0.0,0.0,0.0,0.0,0.0,0.0,0.0,0.0,0.0,0.0,0.0,0.0,0.0,0.0,0.0,0.0,0.0,0.0,0.0,0.0,0.0,0.0,0.0,0.0,0.0,0.0,0.0,0.0,0.0,0.0,0.0,0.0,0.0,0.0
3724,0.0,0.0,0.0,0.0,0.0,0.0,0.0,0.0,0.0,0.0,0.0,0.0,0.0,0.0,0.0,0.0,0.0,0.0,0.0,0.0,0.0,0.0,0.0,0.0,0.0,0.0,0.0,0.0,0.0,0.0,0.0,0.0,0.0,0.0,0.0,0.0,0.0,0.0,0.0,0.0,0.0,0.0,0.0,0.0,0.0,0.0,0.0,0.0,0.0,0.0,0.0,0.0,0.0,0.0,0.0,0.0,0.0,0.0,0.0,0.0,0.0,0.0,0.0,0.0
3725,0.0,0.0,0.0,0.0,0.0,0.0,0.0,0.0,0.0,0.0,0.0,0.0,0.0,0.0,0.0,0.0,0.0,0.0,0.0,0.0,0.0,0.0,0.0,0.0,0.0,0.0,0.0,0.0,0.0,0.0,0.0,0.0,0.0,0.0,0.0,0.0,0.0,0.0,0.0,0.0,0.0,0.0,0.0,0.0,0.0,0.0,0.0,0.0,0.0,0.0,0.0,0.0,0.0,0.0,0.0,0.0,0.0,0.0,0.0,0.0,0.0,0.0,0.0,0.0
3726,0.0,0.0,0.0,0.0,0.0,0.0,0.0,0.0,0.0,0.0,0.0,0.0,0.0,0.0,0.0,0.0,0.0,0.0,0.0,0.0,0.0,0.0,0.0,0.0,0.0,0.0,0.0,0.0,0.0,0.0,0.0,0.0,0.0,0.0,0.0,0.0,0.0,0.0,0.0,0.0,0.0,0.0,0.0,0.0,0.0,0.0,0.0,0.0,0.0,0.0,0.0,0.0,0.0,0.0,0.0,0.0,0.0,0.0,0.0,0.0,0.0,0.0,0.0,0.0
3727,0.0,0.0,0.0,0.0,0.0,0.0,0.0,0.0,0.0,0.0,0.0,0.0,0.0,0.0,0.0,0.0,0.0,0.0,0.0,0.0,0.0,0.0,0.0,0.0,0.0,0.0,0.0,0.0,0.0,0.0,0.0,0.0,0.0,0.0,0.0,0.0,0.0,0.0,0.0,0.0,0.0,0.0,0.0,0.0,0.0,0.0,0.0,0.0,0.0,0.0,0.0,0.0,0.0,0.0,0.0,0.0,0.0,0.0,0.0,0.0,0.0,0.0,0.0,0.0
3728,0.0,0.0,0.0,0.0,0.0,0.0,0.0,0.0,0.0,0.01,0.0,0.0,0.0,0.0,0.0,0.0,0.0,0.0,0.0,0.0,0.0,0.0,0.01,0.0,0.0,0.0,0.0,0.0,0.0,0.0,0.0,0.0,0.0,0.0,0.0,0.0,0.0,0.0,0.0,0.0,0.0,0.0,0.0,0.0,0.0,0.0,0.0,0.0,0.0,0.0,0.0,0.0,0.0,0.0,0.0,0.0,0.0,0.0,0.0,0.0,0.0,0.0,0.0,0.0
3729,0.0,0.04,0.04,0.0,0.0,0.04,0.0,0.0,0.03,0.02,0.03,0.03,0.03,0.03,0.03,0.03,0.04,0.03,0.03,0.04,0.03,0.03,0.03,0.05,0.03,0.03,0.0,0.0,0.03,0.04,0.03,0.0,0.0,0.0,0.0,0.04,0.04,0.03,0.04,0.03,0.04,0.04,0.04,0.04,0.05,0.04,0.04,0.0,0.0,0.04,0.04,0.04,0.04,0.04,0.04,0.04,0.0,0.04,0.05,0.04,0.03,0.04,0.03,0.04
3730,0.0,0.05,0.04,0.0,0.0,0.14,0.0,0.0,0.18,0.21,0.17,0.19,0.25,0.21,0.21,0.2,0.17,0.23,0.23,0.19,0.2,0.22,0.25,0.15,0.18,0.08,0.0,0.0,0.08,0.06,0.08,0.0,0.0,0.0,0.0,0.1,0.15,0.16,0.14,0.16,0.14,0.14,0.14,0.15,0.15,0.14,0.14,0.0,0.0,0.15,0.11,0.11,0.13,0.1,0.14,0.1,0.0,0.11,0.12,0.12,0.1,0.12,0.1,0.1
3731,0.0,0.24,0.19,0.0,0.0,0.23,0.0,0.0,0.61,0.65,0.59,0.63,0.64,0.62,0.62,0.62,0.61,0.66,0.67,0.62,0.64,0.64,0.66,0.5,0.56,0.25,0.0,0.0,0.47,0.28,0.26,0.0,0.0,0.0,0.0,0.5,0.39,0.59,0.51,0.6,0.56,0.53,0.47,0.42,0.48,0.52,0.18,0.0,0.0,0.18,0.45,0.54,0.57,0.47,0.56,0.54,0.0,0.54,0.42,0.55,0.5,0.41,0.55,0.49
3732,0.0,0.27,0.24,0.0,0.0,0.65,0.0,0.0,0.69,0.73,0.67,0.71,0.72,0.68,0.68,0.68,0.68,0.72,0.73,0.68,0.72,0.68,0.73,0.68,0.31,0.34,0.0,0.0,0.44,0.25,0.38,0.0,0.0,0.0,0.0,0.6,0.7,0.69,0.66,0.69,0.69,0.66,0.71,0.71,0.67,0.67,0.5,0.0,0.0,0.5,0.7,0.58,0.71,0.68,0.69,0.53,0.0,0.66,0.68,0.7,0.64,0.69,0.55,0.67
3733,0.0,0.27,0.24,0.0,0.0,0.6,0.0,0.0,0.71,0.74,0.71,0.71,0.73,0.72,0.71,0.71,0.73,0.74,0.76,0.69,0.73,0.73,0.75,0.73,0.74,0.38,0.0,0.0,0.41,0.29,0.4,0.0,0.0,0.0,0.0,0.48,0.72,0.74,0.52,0.75,0.68,0.56,0.61,0.74,0.73,0.6,0.68,0.0,0.0,0.72,0.74,0.44,0.72,0.69,0.72,0.65,0.0,0.72,0.74,0.64,0.58,0.76,0.4,0.65
3734,0.0,0.32,0.4,0.0,0.0,0.26,0.0,0.0,0.71,0.75,0.72,0.71,0.73,0.72,0.71,0.7,0.74,0.74,0.76,0.7,0.74,0.72,0.74,0.71,0.74,0.32,0.0,0.0,0.44,0.34,0.34,0.0,0.0,0.0,0.0,0.62,0.63,0.75,0.55,0.76,0.73,0.55,0.51,0.63,0.69,0.48,0.56,0.0,0.0,0.4,0.76,0.56,0.76,0.7,0.7,0.64,0.0,0.73,0.74,0.72,0.72,0.73,0.41,0.74
3735,0.0,0.19,0.15,0.0,0.0,0.33,0.0,0.0,0.74,0.76,0.73,0.74,0.73,0.72,0.73,0.73,0.76,0.74,0.76,0.73,0.74,0.72,0.74,0.7,0.56,0.36,0.0,0.0,0.42,0.39,0.45,0.0,0.0,0.0,0.0,0.51,0.6,0.76,0.57,0.77,0.75,0.59,0.63,0.7,0.69,0.56,0.38,0.0,0.0,0.49,0.4,0.47,0.75,0.74,0.74,0.53,0.0,0.75,0.76,0.72,0.53,0.77,0.51,0.46
3736,0.0,0.08,0.15,0.0,0.0,0.7,0.0,0.0,0.74,0.75,0.74,0.76,0.73,0.73,0.74,0.76,0.76,0.7,0.74,0.74,0.73,0.71,0.73,0.74,0.6,0.07,0.0,0.0,0.19,0.1,0.06,0.0,0.0,0.0,0.0,0.56,0.66,0.77,0.48,0.78,0.72,0.49,0.38,0.65,0.72,0.49,0.4,0.0,0.0,0.57,0.24,0.59,0.72,0.54,0.6,0.44,0.0,0.56,0.24,0.36,0.39,0.28,0.52,0.3
3737,0.0,0.19,0.09,0.0,0.0,0.06,0.0,0.0,0.72,0.71,0.69,0.76,0.72,0.73,0.76,0.75,0.74,0.7,0.73,0.75,0.72,0.72,0.73,0.56,0.3,0.38,0.0,0.0,0.42,0.22,0.43,0.0,0.0,0.0,0.0,0.18,0.65,0.71,0.25,0.74,0.57,0.22,0.28,0.57,0.57,0.24,0.06,0.0,0.0,0.07,0.48,0.52,0.45,0.53,0.4,0.53,0.0,0.58,0.48,0.44,0.53,0.54,0.26,0.48
3738,0.0,0.02,0.03,0.0,0.0,0.07,0.0,0.0,0.59,0.73,0.5,0.68,0.7,0.72,0.72,0.64,0.57,0.7,0.72,0.63,0.71,0.38,0.72,0.3,0.07,0.04,0.0,0.0,0.14,0.03,0.05,0.0,0.0,0.0,0.0,0.27,0.25,0.63,0.29,0.65,0.41,0.27,0.39,0.34,0.28,0.31,0.07,0.0,0.0,0.18,0.14,0.34,0.55,0.44,0.24,0.48,0.0,0.52,0.16,0.44,0.26,0.17,0.2,0.17
3739,0.0,0.02,0.02,0.0,0.0,0.06,0.0,0.0,0.45,0.73,0.36,0.46,0.28,0.7,0.64,0.62,0.71,0.7,0.7,0.51,0.63,0.74,0.7,0.23,0.5,0.01,0.0,0.0,0.04,0.02,0.02,0.0,0.0,0.0,0.0,0.12,0.23,0.28,0.34,0.56,0.13,0.35,0.25,0.35,0.21,0.27,0.05,0.0,0.0,0.09,0.11,0.03,0.3,0.26,0.28,0.27,0.0,0.34,0.35,0.44,0.07,0.24,0.04,0.16
3740,0.0,0.04,0.29,0.0,0.0,0.03,0.0,0.0,0.49,0.64,0.22,0.63,0.66,0.38,0.26,0.26,0.08,0.48,0.43,0.3,0.28,0.59,0.62,0.2,0.16,0.01,0.0,0.0,0.02,0.03,0.01,0.0,0.0,0.0,0.0,0.01,0.28,0.04,0.07,0.04,0.2,0.05,0.16,0.21,0.24,0.04,0.01,0.0,0.0,0.02,0.08,0.05,0.18,0.21,0.32,0.2,0.0,0.3,0.08,0.35,0.09,0.24,0.04,0.12
3741,0.0,0.08,0.07,0.0,0.0,0.03,0.0,0.0,0.04,0.21,0.11,0.08,0.24,0.2,0.11,0.06,0.05,0.12,0.11,0.06,0.19,0.12,0.03,0.11,0.02,0.01,0.0,0.0,0.01,0.08,0.01,0.0,0.0,0.0,0.0,0.01,0.02,0.19,0.02,0.16,0.03,0.03,0.01,0.22,0.05,0.02,0.01,0.0,0.0,0.01,0.08,0.02,0.04,0.04,0.12,0.14,0.0,0.09,0.12,0.15,0.09,0.12,0.01,0.08
3742,0.0,0.0,0.0,0.0,0.0,0.0,0.0,0.0,0.05,0.07,0.03,0.03,0.06,0.04,0.03,0.03,0.04,0.07,0.06,0.07,0.03,0.04,0.06,0.0,0.0,0.0,0.0,0.0,0.0,0.0,0.0,0.0,0.0,0.0,0.0,0.0,0.02,0.01,0.01,0.02,0.02,0.02,0.03,0.01,0.0,0.03,0.0,0.0,0.0,0.0,0.06,0.0,0.02,0.05,0.07,0.02,0.0,0.05,0.07,0.06,0.06,0.05,0.0,0.08
3743,0.0,0.0,0.0,0.0,0.0,0.0,0.0,0.0,0.0,0.01,0.0,0.0,0.0,0.0,0.0,0.0,0.0,0.0,0.0,0.0,0.0,0.0,0.0,0.0,0.0,0.0,0.0,0.0,0.0,0.0,0.0,0.0,0.0,0.0,0.0,0.0,0.0,0.01,0.0,0.01,0.0,0.0,0.0,0.0,0.0,0.0,0.0,0.0,0.0,0.0,0.0,0.0,0.01,0.0,0.0,0.0,0.0,0.0,0.0,0.01,0.0,0.0,0.0,0.0
3744,0.0,0.0,0.0,0.0,0.0,0.0,0.0,0.0,0.0,0.0,0.0,0.0,0.0,0.0,0.0,0.0,0.0,0.0,0.0,0.0,0.0,0.0,0.0,0.0,0.0,0.0,0.0,0.0,0.0,0.0,0.0,0.0,0.0,0.0,0.0,0.0,0.0,0.0,0.0,0.0,0.0,0.0,0.0,0.0,0.0,0.0,0.0,0.0,0.0,0.0,0.0,0.0,0.0,0.0,0.0,0.0,0.0,0.0,0.0,0.0,0.0,0.0,0.0,0.0
3745,0.0,0.0,0.0,0.0,0.0,0.0,0.0,0.0,0.0,0.0,0.0,0.0,0.0,0.0,0.0,0.0,0.0,0.0,0.0,0.0,0.0,0.0,0.0,0.0,0.0,0.0,0.0,0.0,0.0,0.0,0.0,0.0,0.0,0.0,0.0,0.0,0.0,0.0,0.0,0.0,0.0,0.0,0.0,0.0,0.0,0.0,0.0,0.0,0.0,0.0,0.0,0.0,0.0,0.0,0.0,0.0,0.0,0.0,0.0,0.0,0.0,0.0,0.0,0.0
3746,0.0,0.0,0.0,0.0,0.0,0.0,0.0,0.0,0.0,0.0,0.0,0.0,0.0,0.0,0.0,0.0,0.0,0.0,0.0,0.0,0.0,0.0,0.0,0.0,0.0,0.0,0.0,0.0,0.0,0.0,0.0,0.0,0.0,0.0,0.0,0.0,0.0,0.0,0.0,0.0,0.0,0.0,0.0,0.0,0.0,0.0,0.0,0.0,0.0,0.0,0.0,0.0,0.0,0.0,0.0,0.0,0.0,0.0,0.0,0.0,0.0,0.0,0.0,0.0
3747,0.0,0.0,0.0,0.0,0.0,0.0,0.0,0.0,0.0,0.0,0.0,0.0,0.0,0.0,0.0,0.0,0.0,0.0,0.0,0.0,0.0,0.0,0.0,0.0,0.0,0.0,0.0,0.0,0.0,0.0,0.0,0.0,0.0,0.0,0.0,0.0,0.0,0.0,0.0,0.0,0.0,0.0,0.0,0.0,0.0,0.0,0.0,0.0,0.0,0.0,0.0,0.0,0.0,0.0,0.0,0.0,0.0,0.0,0.0,0.0,0.0,0.0,0.0,0.0
3748,0.0,0.0,0.0,0.0,0.0,0.0,0.0,0.0,0.0,0.0,0.0,0.0,0.0,0.0,0.0,0.0,0.0,0.0,0.0,0.0,0.0,0.0,0.0,0.0,0.0,0.0,0.0,0.0,0.0,0.0,0.0,0.0,0.0,0.0,0.0,0.0,0.0,0.0,0.0,0.0,0.0,0.0,0.0,0.0,0.0,0.0,0.0,0.0,0.0,0.0,0.0,0.0,0.0,0.0,0.0,0.0,0.0,0.0,0.0,0.0,0.0,0.0,0.0,0.0
3749,0.0,0.0,0.0,0.0,0.0,0.0,0.0,0.0,0.0,0.0,0.0,0.0,0.0,0.0,0.0,0.0,0.0,0.0,0.0,0.0,0.0,0.0,0.0,0.0,0.0,0.0,0.0,0.0,0.0,0.0,0.0,0.0,0.0,0.0,0.0,0.0,0.0,0.0,0.0,0.0,0.0,0.0,0.0,0.0,0.0,0.0,0.0,0.0,0.0,0.0,0.0,0.0,0.0,0.0,0.0,0.0,0.0,0.0,0.0,0.0,0.0,0.0,0.0,0.0
3750,0.0,0.0,0.0,0.0,0.0,0.0,0.0,0.0,0.0,0.0,0.0,0.0,0.0,0.0,0.0,0.0,0.0,0.0,0.0,0.0,0.0,0.0,0.0,0.0,0.0,0.0,0.0,0.0,0.0,0.0,0.0,0.0,0.0,0.0,0.0,0.0,0.0,0.0,0.0,0.0,0.0,0.0,0.0,0.0,0.0,0.0,0.0,0.0,0.0,0.0,0.0,0.0,0.0,0.0,0.0,0.0,0.0,0.0,0.0,0.0,0.0,0.0,0.0,0.0
3751,0.0,0.0,0.0,0.0,0.0,0.0,0.0,0.0,0.0,0.0,0.0,0.0,0.0,0.0,0.0,0.0,0.0,0.0,0.0,0.0,0.0,0.0,0.0,0.0,0.0,0.0,0.0,0.0,0.0,0.0,0.0,0.0,0.0,0.0,0.0,0.0,0.0,0.0,0.0,0.0,0.0,0.0,0.0,0.0,0.0,0.0,0.0,0.0,0.0,0.0,0.0,0.0,0.0,0.0,0.0,0.0,0.0,0.0,0.0,0.0,0.0,0.0,0.0,0.0
3752,0.0,0.0,0.0,0.0,0.0,0.0,0.0,0.0,0.0,0.0,0.0,0.0,0.0,0.0,0.0,0.0,0.0,0.0,0.0,0.0,0.0,0.0,0.0,0.0,0.0,0.0,0.0,0.0,0.0,0.0,0.0,0.0,0.0,0.0,0.0,0.0,0.0,0.0,0.0,0.0,0.0,0.0,0.0,0.0,0.0,0.0,0.0,0.0,0.0,0.0,0.0,0.0,0.0,0.0,0.0,0.0,0.0,0.0,0.0,0.0,0.0,0.0,0.0,0.0
3753,0.0,0.0,0.0,0.0,0.0,0.0,0.0,0.0,0.01,0.06,0.0,0.0,0.03,0.01,0.0,0.0,0.01,0.03,0.04,0.01,0.03,0.05,0.04,0.0,0.01,0.0,0.0,0.0,0.0,0.0,0.0,0.0,0.0,0.0,0.0,0.0,0.0,0.01,0.0,0.02,0.0,0.0,0.0,0.0,0.0,0.0,0.0,0.0,0.0,0.0,0.0,0.0,0.0,0.0,0.0,0.01,0.0,0.0,0.0,0.0,0.0,0.0,0.0,0.0
3754,0.0,0.0,0.01,0.0,0.0,0.01,0.0,0.0,0.0,0.18,0.0,0.05,0.24,0.04,0.02,0.01,0.05,0.22,0.22,0.02,0.11,0.08,0.23,0.01,0.01,0.0,0.0,0.0,0.0,0.0,0.0,0.0,0.0,0.0,0.0,0.0,0.01,0.0,0.0,0.01,0.01,0.0,0.01,0.01,0.01,0.0,0.01,0.0,0.0,0.01,0.06,0.01,0.0,0.0,0.02,0.02,0.0,0.0,0.02,0.01,0.0,0.04,0.01,0.01
3755,0.0,0.0,0.01,0.0,0.0,0.02,0.0,0.0,0.02,0.41,0.02,0.13,0.52,0.1,0.02,0.02,0.07,0.58,0.6,0.02,0.36,0.09,0.55,0.01,0.01,0.01,0.0,0.0,0.0,0.0,0.01,0.0,0.0,0.0,0.0,0.03,0.01,0.02,0.01,0.03,0.02,0.01,0.02,0.02,0.01,0.02,0.02,0.0,0.0,0.02,0.01,0.02,0.01,0.02,0.02,0.02,0.0,0.01,0.01,0.02,0.02,0.06,0.01,0.01
3756,0.0,0.01,0.01,0.0,0.0,0.02,0.0,0.0,0.1,0.56,0.02,0.08,0.34,0.1,0.05,0.08,0.08,0.61,0.65,0.1,0.2,0.06,0.68,0.08,0.02,0.03,0.0,0.0,0.0,0.0,0.03,0.0,0.0,0.0,0.0,0.03,0.02,0.03,0.02,0.02,0.03,0.03,0.02,0.03,0.06,0.01,0.03,0.0,0.0,0.03,0.01,0.01,0.02,0.01,0.03,0.04,0.0,0.04,0.01,0.02,0.06,0.01,0.0,0.02
3757,0.0,0.02,0.03,0.0,0.0,0.04,0.0,0.0,0.03,0.63,0.04,0.23,0.14,0.22,0.1,0.1,0.04,0.71,0.26,0.04,0.29,0.18,0.49,0.04,0.09,0.03,0.0,0.0,0.01,0.01,0.03,0.0,0.0,0.0,0.0,0.04,0.08,0.04,0.07,0.02,0.03,0.02,0.06,0.04,0.04,0.08,0.05,0.0,0.0,0.05,0.04,0.04,0.05,0.03,0.04,0.07,0.0,0.06,0.02,0.04,0.08,0.03,0.01,0.07
3758,0.0,0.08,0.05,0.0,0.0,0.02,0.0,0.0,0.06,0.74,0.12,0.17,0.17,0.14,0.08,0.04,0.04,0.64,0.26,0.04,0.32,0.16,0.41,0.08,0.07,0.05,0.0,0.0,0.02,0.07,0.05,0.0,0.0,0.0,0.0,0.08,0.03,0.09,0.17,0.04,0.12,0.14,0.04,0.04,0.04,0.09,0.03,0.0,0.0,0.03,0.07,0.05,0.16,0.04,0.06,0.09,0.0,0.08,0.05,0.11,0.08,0.12,0.07,0.04
3759,0.0,0.11,0.05,0.0,0.0,0.06,0.0,0.0,0.05,0.76,0.13,0.1,0.31,0.1,0.07,0.07,0.08,0.44,0.21,0.06,0.28,0.12,0.16,0.09,0.21,0.07,0.0,0.0,0.06,0.09,0.06,0.0,0.0,0.0,0.0,0.07,0.08,0.21,0.06,0.06,0.68,0.13,0.07,0.12,0.06,0.07,0.06,0.0,0.0,0.02,0.04,0.08,0.17,0.04,0.12,0.14,0.0,0.08,0.03,0.2,0.07,0.04,0.07,0.04
3760,0.0,0.13,0.08,0.0,0.0,0.09,0.0,0.0,0.27,0.42,0.16,0.13,0.1,0.08,0.08,0.18,0.4,0.1,0.08,0.08,0.23,0.08,0.14,0.08,0.45,0.07,0.0,0.0,0.05,0.11,0.07,0.0,0.0,0.0,0.0,0.11,0.32,0.66,0.06,0.68,0.09,0.08,0.08,0.08,0.09,0.06,0.06,0.0,0.0,0.05,0.05,0.1,0.1,0.06,0.4,0.16,0.0,0.05,0.05,0.18,0.05,0.05,0.06,0.05
3761,0.0,0.13,0.22,0.0,0.0,0.23,0.0,0.0,0.03,0.72,0.03,0.21,0.18,0.05,0.19,0.73,0.7,0.24,0.16,0.09,0.53,0.04,0.13,0.33,0.45,0.06,0.0,0.0,0.06,0.12,0.07,0.0,0.0,0.0,0.0,0.07,0.16,0.11,0.08,0.2,0.06,0.18,0.07,0.13,0.22,0.05,0.14,0.0,0.0,0.1,0.08,0.06,0.07,0.19,0.66,0.16,0.0,0.05,0.04,0.14,0.03,0.09,0.05,0.04
3762,0.0,0.1,0.22,0.0,0.0,0.15,0.0,0.0,0.5,0.07,0.33,0.1,0.14,0.24,0.04,0.06,0.04,0.12,0.11,0.06,0.36,0.41,0.03,0.15,0.16,0.05,0.0,0.0,0.04,0.08,0.05,0.0,0.0,0.0,0.0,0.03,0.34,0.06,0.03,0.05,0.07,0.05,0.03,0.04,0.51,0.03,0.13,0.0,0.0,0.15,0.08,0.04,0.04,0.1,0.52,0.16,0.0,0.08,0.04,0.11,0.02,0.09,0.02,0.03
3763,0.0,0.06,0.07,0.0,0.0,0.11,0.0,0.0,0.05,0.25,0.05,0.52,0.17,0.1,0.17,0.16,0.08,0.24,0.21,0.16,0.04,0.08,0.05,0.34,0.34,0.02,0.0,0.0,0.02,0.04,0.02,0.0,0.0,0.0,0.0,0.02,0.08,0.04,0.01,0.11,0.03,0.02,0.02,0.03,0.62,0.02,0.1,0.0,0.0,0.12,0.04,0.02,0.02,0.1,0.03,0.07,0.0,0.05,0.03,0.03,0.02,0.05,0.02,0.02
3764,0.0,0.04,0.04,0.0,0.0,0.08,0.0,0.0,0.08,0.04,0.04,0.07,0.15,0.12,0.06,0.06,0.05,0.07,0.04,0.05,0.03,0.13,0.03,0.08,0.05,0.02,0.0,0.0,0.01,0.03,0.02,0.0,0.0,0.0,0.0,0.01,0.03,0.02,0.01,0.05,0.02,0.01,0.01,0.04,0.41,0.01,0.07,0.0,0.0,0.06,0.05,0.02,0.01,0.03,0.01,0.03,0.0,0.03,0.04,0.02,0.02,0.06,0.02,0.03
3765,0.0,0.02,0.02,0.0,0.0,0.03,0.0,0.0,0.03,0.03,0.01,0.01,0.04,0.08,0.17,0.12,0.01,0.04,0.04,0.05,0.02,0.08,0.01,0.02,0.03,0.01,0.0,0.0,0.01,0.02,0.01,0.0,0.0,0.0,0.0,0.01,0.02,0.01,0.01,0.01,0.02,0.01,0.02,0.01,0.01,0.01,0.03,0.0,0.0,0.03,0.02,0.01,0.02,0.01,0.02,0.01,0.0,0.01,0.03,0.01,0.03,0.02,0.01,0.03
3766,0.0,0.01,0.01,0.0,0.0,0.01,0.0,0.0,0.01,0.04,0.0,0.0,0.0,0.01,0.03,0.02,0.0,0.0,0.0,0.01,0.01,0.03,0.01,0.0,0.0,0.0,0.0,0.0,0.0,0.0,0.0,0.0,0.0,0.0,0.0,0.0,0.0,0.0,0.0,0.0,0.0,0.0,0.01,0.0,0.0,0.0,0.01,0.0,0.0,0.01,0.0,0.01,0.02,0.0,0.01,0.0,0.0,0.0,0.01,0.02,0.0,0.0,0.01,0.01
3767,0.0,0.0,0.0,0.0,0.0,0.0,0.0,0.0,0.0,0.01,0.0,0.0,0.0,0.0,0.0,0.0,0.0,0.0,0.0,0.0,0.0,0.0,0.0,0.0,0.0,0.0,0.0,0.0,0.0,0.0,0.0,0.0,0.0,0.0,0.0,0.0,0.0,0.0,0.0,0.0,0.0,0.0,0.0,0.0,0.0,0.0,0.0,0.0,0.0,0.0,0.0,0.0,0.0,0.0,0.0,0.0,0.0,0.0,0.0,0.0,0.0,0.0,0.0,0.0
3768,0.0,0.0,0.0,0.0,0.0,0.0,0.0,0.0,0.0,0.0,0.0,0.0,0.0,0.0,0.0,0.0,0.0,0.0,0.0,0.0,0.0,0.0,0.0,0.0,0.0,0.0,0.0,0.0,0.0,0.0,0.0,0.0,0.0,0.0,0.0,0.0,0.0,0.0,0.0,0.0,0.0,0.0,0.0,0.0,0.0,0.0,0.0,0.0,0.0,0.0,0.0,0.0,0.0,0.0,0.0,0.0,0.0,0.0,0.0,0.0,0.0,0.0,0.0,0.0
3769,0.0,0.0,0.0,0.0,0.0,0.0,0.0,0.0,0.0,0.0,0.0,0.0,0.0,0.0,0.0,0.0,0.0,0.0,0.0,0.0,0.0,0.0,0.0,0.0,0.0,0.0,0.0,0.0,0.0,0.0,0.0,0.0,0.0,0.0,0.0,0.0,0.0,0.0,0.0,0.0,0.0,0.0,0.0,0.0,0.0,0.0,0.0,0.0,0.0,0.0,0.0,0.0,0.0,0.0,0.0,0.0,0.0,0.0,0.0,0.0,0.0,0.0,0.0,0.0
3770,0.0,0.0,0.0,0.0,0.0,0.0,0.0,0.0,0.0,0.0,0.0,0.0,0.0,0.0,0.0,0.0,0.0,0.0,0.0,0.0,0.0,0.0,0.0,0.0,0.0,0.0,0.0,0.0,0.0,0.0,0.0,0.0,0.0,0.0,0.0,0.0,0.0,0.0,0.0,0.0,0.0,0.0,0.0,0.0,0.0,0.0,0.0,0.0,0.0,0.0,0.0,0.0,0.0,0.0,0.0,0.0,0.0,0.0,0.0,0.0,0.0,0.0,0.0,0.0
3771,0.0,0.0,0.0,0.0,0.0,0.0,0.0,0.0,0.0,0.0,0.0,0.0,0.0,0.0,0.0,0.0,0.0,0.0,0.0,0.0,0.0,0.0,0.0,0.0,0.0,0.0,0.0,0.0,0.0,0.0,0.0,0.0,0.0,0.0,0.0,0.0,0.0,0.0,0.0,0.0,0.0,0.0,0.0,0.0,0.0,0.0,0.0,0.0,0.0,0.0,0.0,0.0,0.0,0.0,0.0,0.0,0.0,0.0,0.0,0.0,0.0,0.0,0.0,0.0
3772,0.0,0.0,0.0,0.0,0.0,0.0,0.0,0.0,0.0,0.0,0.0,0.0,0.0,0.0,0.0,0.0,0.0,0.0,0.0,0.0,0.0,0.0,0.0,0.0,0.0,0.0,0.0,0.0,0.0,0.0,0.0,0.0,0.0,0.0,0.0,0.0,0.0,0.0,0.0,0.0,0.0,0.0,0.0,0.0,0.0,0.0,0.0,0.0,0.0,0.0,0.0,0.0,0.0,0.0,0.0,0.0,0.0,0.0,0.0,0.0,0.0,0.0,0.0,0.0
3773,0.0,0.0,0.0,0.0,0.0,0.0,0.0,0.0,0.0,0.0,0.0,0.0,0.0,0.0,0.0,0.0,0.0,0.0,0.0,0.0,0.0,0.0,0.0,0.0,0.0,0.0,0.0,0.0,0.0,0.0,0.0,0.0,0.0,0.0,0.0,0.0,0.0,0.0,0.0,0.0,0.0,0.0,0.0,0.0,0.0,0.0,0.0,0.0,0.0,0.0,0.0,0.0,0.0,0.0,0.0,0.0,0.0,0.0,0.0,0.0,0.0,0.0,0.0,0.0
3774,0.0,0.0,0.0,0.0,0.0,0.0,0.0,0.0,0.0,0.0,0.0,0.0,0.0,0.0,0.0,0.0,0.0,0.0,0.0,0.0,0.0,0.0,0.0,0.0,0.0,0.0,0.0,0.0,0.0,0.0,0.0,0.0,0.0,0.0,0.0,0.0,0.0,0.0,0.0,0.0,0.0,0.0,0.0,0.0,0.0,0.0,0.0,0.0,0.0,0.0,0.0,0.0,0.0,0.0,0.0,0.0,0.0,0.0,0.0,0.0,0.0,0.0,0.0,0.0
3775,0.0,0.0,0.0,0.0,0.0,0.0,0.0,0.0,0.0,0.0,0.0,0.0,0.0,0.0,0.0,0.0,0.0,0.0,0.0,0.0,0.0,0.0,0.0,0.0,0.0,0.0,0.0,0.0,0.0,0.0,0.0,0.0,0.0,0.0,0.0,0.0,0.0,0.0,0.0,0.0,0.0,0.0,0.0,0.0,0.0,0.0,0.0,0.0,0.0,0.0,0.0,0.0,0.0,0.0,0.0,0.0,0.0,0.0,0.0,0.0,0.0,0.0,0.0,0.0
3776,0.0,0.0,0.0,0.0,0.0,0.0,0.0,0.0,0.0,0.0,0.0,0.0,0.0,0.0,0.0,0.0,0.0,0.0,0.0,0.0,0.0,0.0,0.0,0.0,0.0,0.0,0.0,0.0,0.0,0.0,0.0,0.0,0.0,0.0,0.0,0.0,0.0,0.0,0.0,0.0,0.0,0.0,0.0,0.0,0.0,0.0,0.0,0.0,0.0,0.0,0.0,0.0,0.0,0.0,0.0,0.0,0.0,0.0,0.0,0.0,0.0,0.0,0.0,0.0
3777,0.0,0.04,0.04,0.0,0.0,0.03,0.0,0.0,0.02,0.02,0.02,0.02,0.0,0.01,0.0,0.0,0.02,0.04,0.02,0.01,0.02,0.01,0.0,0.02,0.03,0.04,0.0,0.0,0.03,0.04,0.04,0.0,0.0,0.0,0.0,0.04,0.02,0.02,0.04,0.02,0.02,0.03,0.04,0.02,0.02,0.04,0.02,0.0,0.0,0.02,0.03,0.02,0.04,0.02,0.05,0.02,0.0,0.01,0.03,0.0,0.03,0.02,0.03,0.03
3778,0.0,0.1,0.09,0.0,0.0,0.13,0.0,0.0,0.18,0.1,0.17,0.19,0.01,0.21,0.1,0.04,0.17,0.05,0.11,0.2,0.2,0.22,0.01,0.16,0.18,0.11,0.0,0.0,0.12,0.11,0.12,0.0,0.0,0.0,0.0,0.14,0.15,0.16,0.14,0.17,0.15,0.14,0.14,0.15,0.15,0.14,0.15,0.0,0.0,0.14,0.11,0.11,0.12,0.11,0.07,0.11,0.0,0.13,0.11,0.02,0.11,0.11,0.12,0.11
3779,0.0,0.53,0.52,0.0,0.0,0.57,0.0,0.0,0.62,0.12,0.61,0.65,0.02,0.65,0.66,0.64,0.62,0.09,0.17,0.64,0.65,0.66,0.03,0.61,0.61,0.51,0.0,0.0,0.54,0.53,0.5,0.0,0.0,0.0,0.0,0.56,0.6,0.56,0.58,0.56,0.62,0.58,0.58,0.6,0.61,0.58,0.57,0.0,0.0,0.57,0.41,0.51,0.57,0.52,0.32,0.53,0.0,0.54,0.5,0.23,0.52,0.49,0.55,0.51
3780,0.0,0.63,0.69,0.0,0.0,0.72,0.0,0.0,0.71,0.38,0.73,0.77,0.12,0.75,0.19,0.15,0.72,0.06,0.38,0.75,0.75,0.1,0.2,0.74,0.75,0.63,0.0,0.0,0.7,0.7,0.61,0.0,0.0,0.0,0.0,0.56,0.74,0.77,0.73,0.76,0.77,0.72,0.68,0.74,0.75,0.68,0.72,0.0,0.0,0.72,0.68,0.56,0.73,0.71,0.64,0.67,0.0,0.7,0.69,0.71,0.69,0.67,0.64,0.7
3781,0.0,0.63,0.22,0.0,0.0,0.51,0.0,0.0,0.75,0.27,0.74,0.77,0.29,0.16,0.07,0.65,0.73,0.06,0.09,0.74,0.36,0.06,0.22,0.72,0.74,0.66,0.0,0.0,0.71,0.59,0.6,0.0,0.0,0.0,0.0,0.64,0.71,0.77,0.6,0.77,0.76,0.61,0.56,0.71,0.71,0.62,0.57,0.0,0.0,0.58,0.73,0.43,0.73,0.72,0.64,0.68,0.0,0.25,0.73,0.71,0.63,0.73,0.69,0.7
3782,0.0,0.16,0.52,0.0,0.0,0.74,0.0,0.0,0.36,0.26,0.76,0.78,0.18,0.43,0.3,0.77,0.7,0.15,0.14,0.76,0.3,0.21,0.77,0.74,0.74,0.28,0.0,0.0,0.62,0.18,0.46,0.0,0.0,0.0,0.0,0.47,0.73,0.78,0.45,0.79,0.78,0.46,0.54,0.76,0.74,0.51,0.74,0.0,0.0,0.75,0.7,0.74,0.27,0.72,0.22,0.69,0.0,0.73,0.68,0.38,0.74,0.36,0.7,0.74
3783,0.0,0.77,0.77,0.0,0.0,0.74,0.0,0.0,0.18,0.63,0.76,0.51,0.18,0.35,0.28,0.77,0.73,0.13,0.34,0.76,0.42,0.23,0.19,0.77,0.75,0.76,0.0,0.0,0.69,0.78,0.58,0.0,0.0,0.0,0.0,0.74,0.77,0.76,0.76,0.75,0.21,0.76,0.58,0.31,0.72,0.77,0.75,0.0,0.0,0.75,0.76,0.77,0.77,0.73,0.11,0.73,0.0,0.74,0.76,0.74,0.76,0.76,0.77,0.75
3784,0.0,0.77,0.19,0.0,0.0,0.75,0.0,0.0,0.46,0.77,0.77,0.22,0.15,0.31,0.26,0.76,0.77,0.22,0.17,0.53,0.29,0.43,0.33,0.12,0.11,0.78,0.0,0.0,0.78,0.78,0.55,0.0,0.0,0.0,0.0,0.75,0.26,0.76,0.77,0.36,0.57,0.77,0.77,0.78,0.15,0.77,0.76,0.0,0.0,0.76,0.74,0.76,0.77,0.74,0.09,0.76,0.0,0.76,0.76,0.65,0.75,0.73,0.78,0.74
3785,0.0,0.78,0.44,0.0,0.0,0.75,0.0,0.0,0.46,0.21,0.32,0.19,0.3,0.76,0.76,0.76,0.53,0.78,0.66,0.16,0.78,0.76,0.24,0.76,0.36,0.5,0.0,0.0,0.76,0.77,0.45,0.0,0.0,0.0,0.0,0.77,0.76,0.79,0.76,0.1,0.79,0.76,0.75,0.75,0.77,0.75,0.75,0.0,0.0,0.75,0.75,0.78,0.77,0.78,0.63,0.76,0.0,0.78,0.75,0.77,0.76,0.76,0.79,0.76
3786,0.0,0.76,0.77,0.0,0.0,0.28,0.0,0.0,0.22,0.06,0.23,0.1,0.14,0.2,0.19,0.18,0.12,0.3,0.79,0.23,0.76,0.38,0.65,0.74,0.3,0.36,0.0,0.0,0.77,0.76,0.76,0.0,0.0,0.0,0.0,0.74,0.71,0.77,0.77,0.08,0.77,0.72,0.7,0.67,0.73,0.74,0.38,0.0,0.0,0.74,0.74,0.76,0.76,0.76,0.63,0.68,0.0,0.75,0.75,0.76,0.74,0.72,0.78,0.73
3787,0.0,0.74,0.35,0.0,0.0,0.72,0.0,0.0,0.29,0.75,0.72,0.23,0.09,0.11,0.12,0.34,0.06,0.58,0.76,0.16,0.08,0.11,0.69,0.67,0.69,0.75,0.0,0.0,0.75,0.74,0.22,0.0,0.0,0.0,0.0,0.73,0.73,0.75,0.74,0.76,0.74,0.71,0.73,0.64,0.64,0.74,0.46,0.0,0.0,0.71,0.74,0.76,0.75,0.73,0.73,0.72,0.0,0.74,0.74,0.73,0.73,0.75,0.76,0.74
3788,0.0,0.67,0.39,0.0,0.0,0.65,0.0,0.0,0.65,0.68,0.65,0.68,0.04,0.66,0.66,0.65,0.67,0.36,0.16,0.14,0.67,0.65,0.67,0.62,0.64,0.33,0.0,0.0,0.68,0.14,0.68,0.0,0.0,0.0,0.0,0.67,0.62,0.67,0.67,0.68,0.64,0.67,0.67,0.62,0.59,0.67,0.65,0.0,0.0,0.65,0.68,0.69,0.68,0.67,0.57,0.66,0.0,0.68,0.67,0.5,0.68,0.68,0.69,0.68
3789,0.0,0.4,0.4,0.0,0.0,0.07,0.0,0.0,0.31,0.31,0.32,0.33,0.26,0.3,0.29,0.3,0.34,0.29,0.09,0.3,0.32,0.29,0.26,0.31,0.31,0.4,0.0,0.0,0.39,0.4,0.4,0.0,0.0,0.0,0.0,0.37,0.34,0.35,0.37,0.35,0.36,0.36,0.36,0.34,0.33,0.37,0.05,0.0,0.0,0.34,0.4,0.4,0.38,0.4,0.28,0.38,0.0,0.39,0.39,0.38,0.4,0.4,0.4,0.39
3790,0.0,0.06,0.06,0.0,0.0,0.06,0.0,0.0,0.06,0.06,0.05,0.06,0.04,0.05,0.05,0.05,0.04,0.05,0.06,0.05,0.06,0.05,0.05,0.05,0.05,0.06,0.0,0.0,0.06,0.06,0.06,0.0,0.0,0.0,0.0,0.06,0.05,0.05,0.05,0.05,0.05,0.05,0.05,0.05,0.05,0.05,0.06,0.0,0.0,0.06,0.06,0.06,0.05,0.06,0.07,0.05,0.0,0.05,0.06,0.05,0.06,0.06,0.06,0.06
3791,0.0,0.01,0.01,0.0,0.0,0.02,0.0,0.0,0.02,0.01,0.01,0.01,0.01,0.01,0.01,0.01,0.01,0.02,0.02,0.02,0.01,0.01,0.01,0.02,0.0,0.01,0.0,0.0,0.01,0.01,0.01,0.0,0.0,0.0,0.0,0.01,0.01,0.01,0.01,0.01,0.01,0.01,0.01,0.02,0.02,0.01,0.02,0.0,0.0,0.01,0.01,0.01,0.01,0.02,0.01,0.02,0.0,0.02,0.01,0.02,0.01,0.01,0.01,0.01
3792,0.0,0.0,0.0,0.0,0.0,0.0,0.0,0.0,0.0,0.0,0.0,0.0,0.0,0.0,0.0,0.0,0.0,0.0,0.0,0.0,0.0,0.0,0.0,0.0,0.0,0.0,0.0,0.0,0.0,0.0,0.0,0.0,0.0,0.0,0.0,0.0,0.0,0.0,0.0,0.0,0.0,0.0,0.0,0.0,0.0,0.0,0.0,0.0,0.0,0.0,0.0,0.0,0.0,0.0,0.0,0.0,0.0,0.0,0.0,0.0,0.0,0.0,0.0,0.0
3793,0.0,0.0,0.0,0.0,0.0,0.0,0.0,0.0,0.0,0.0,0.0,0.0,0.0,0.0,0.0,0.0,0.0,0.0,0.0,0.0,0.0,0.0,0.0,0.0,0.0,0.0,0.0,0.0,0.0,0.0,0.0,0.0,0.0,0.0,0.0,0.0,0.0,0.0,0.0,0.0,0.0,0.0,0.0,0.0,0.0,0.0,0.0,0.0,0.0,0.0,0.0,0.0,0.0,0.0,0.0,0.0,0.0,0.0,0.0,0.0,0.0,0.0,0.0,0.0
3794,0.0,0.0,0.0,0.0,0.0,0.0,0.0,0.0,0.0,0.0,0.0,0.0,0.0,0.0,0.0,0.0,0.0,0.0,0.0,0.0,0.0,0.0,0.0,0.0,0.0,0.0,0.0,0.0,0.0,0.0,0.0,0.0,0.0,0.0,0.0,0.0,0.0,0.0,0.0,0.0,0.0,0.0,0.0,0.0,0.0,0.0,0.0,0.0,0.0,0.0,0.0,0.0,0.0,0.0,0.0,0.0,0.0,0.0,0.0,0.0,0.0,0.0,0.0,0.0
3795,0.0,0.0,0.0,0.0,0.0,0.0,0.0,0.0,0.0,0.0,0.0,0.0,0.0,0.0,0.0,0.0,0.0,0.0,0.0,0.0,0.0,0.0,0.0,0.0,0.0,0.0,0.0,0.0,0.0,0.0,0.0,0.0,0.0,0.0,0.0,0.0,0.0,0.0,0.0,0.0,0.0,0.0,0.0,0.0,0.0,0.0,0.0,0.0,0.0,0.0,0.0,0.0,0.0,0.0,0.0,0.0,0.0,0.0,0.0,0.0,0.0,0.0,0.0,0.0
3796,0.0,0.0,0.0,0.0,0.0,0.0,0.0,0.0,0.0,0.0,0.0,0.0,0.0,0.0,0.0,0.0,0.0,0.0,0.0,0.0,0.0,0.0,0.0,0.0,0.0,0.0,0.0,0.0,0.0,0.0,0.0,0.0,0.0,0.0,0.0,0.0,0.0,0.0,0.0,0.0,0.0,0.0,0.0,0.0,0.0,0.0,0.0,0.0,0.0,0.0,0.0,0.0,0.0,0.0,0.0,0.0,0.0,0.0,0.0,0.0,0.0,0.0,0.0,0.0
3797,0.0,0.0,0.0,0.0,0.0,0.0,0.0,0.0,0.0,0.0,0.0,0.0,0.0,0.0,0.0,0.0,0.0,0.0,0.0,0.0,0.0,0.0,0.0,0.0,0.0,0.0,0.0,0.0,0.0,0.0,0.0,0.0,0.0,0.0,0.0,0.0,0.0,0.0,0.0,0.0,0.0,0.0,0.0,0.0,0.0,0.0,0.0,0.0,0.0,0.0,0.0,0.0,0.0,0.0,0.0,0.0,0.0,0.0,0.0,0.0,0.0,0.0,0.0,0.0
3798,0.0,0.0,0.0,0.0,0.0,0.0,0.0,0.0,0.0,0.0,0.0,0.0,0.0,0.0,0.0,0.0,0.0,0.0,0.0,0.0,0.0,0.0,0.0,0.0,0.0,0.0,0.0,0.0,0.0,0.0,0.0,0.0,0.0,0.0,0.0,0.0,0.0,0.0,0.0,0.0,0.0,0.0,0.0,0.0,0.0,0.0,0.0,0.0,0.0,0.0,0.0,0.0,0.0,0.0,0.0,0.0,0.0,0.0,0.0,0.0,0.0,0.0,0.0,0.0
3799,0.0,0.0,0.0,0.0,0.0,0.0,0.0,0.0,0.0,0.0,0.0,0.0,0.0,0.0,0.0,0.0,0.0,0.0,0.0,0.0,0.0,0.0,0.0,0.0,0.0,0.0,0.0,0.0,0.0,0.0,0.0,0.0,0.0,0.0,0.0,0.0,0.0,0.0,0.0,0.0,0.0,0.0,0.0,0.0,0.0,0.0,0.0,0.0,0.0,0.0,0.0,0.0,0.0,0.0,0.0,0.0,0.0,0.0,0.0,0.0,0.0,0.0,0.0,0.0
3800,0.0,0.0,0.0,0.0,0.0,0.0,0.0,0.0,0.0,0.0,0.0,0.0,0.0,0.0,0.0,0.0,0.0,0.0,0.0,0.0,0.0,0.0,0.0,0.0,0.0,0.0,0.0,0.0,0.0,0.0,0.0,0.0,0.0,0.0,0.0,0.0,0.0,0.0,0.0,0.0,0.0,0.0,0.0,0.0,0.0,0.0,0.0,0.0,0.0,0.0,0.0,0.0,0.0,0.0,0.0,0.0,0.0,0.0,0.0,0.0,0.0,0.0,0.0,0.0
3801,0.0,0.03,0.04,0.0,0.0,0.03,0.0,0.0,0.03,0.02,0.03,0.01,0.01,0.02,0.02,0.03,0.02,0.02,0.02,0.03,0.02,0.02,0.05,0.03,0.03,0.03,0.0,0.0,0.03,0.03,0.03,0.0,0.0,0.0,0.0,0.03,0.03,0.02,0.03,0.02,0.02,0.03,0.03,0.03,0.03,0.03,0.03,0.0,0.0,0.03,0.02,0.02,0.03,0.03,0.01,0.02,0.0,0.03,0.02,0.02,0.02,0.02,0.02,0.02
3802,0.0,0.09,0.09,0.0,0.0,0.13,0.0,0.0,0.19,0.2,0.18,0.06,0.25,0.21,0.21,0.2,0.19,0.23,0.23,0.19,0.22,0.22,0.05,0.17,0.17,0.1,0.0,0.0,0.11,0.1,0.1,0.0,0.0,0.0,0.0,0.13,0.15,0.18,0.13,0.18,0.16,0.13,0.14,0.16,0.17,0.13,0.14,0.0,0.0,0.14,0.12,0.1,0.12,0.12,0.05,0.12,0.0,0.12,0.12,0.14,0.12,0.12,0.11,0.12
3803,0.0,0.53,0.52,0.0,0.0,0.54,0.0,0.0,0.63,0.36,0.64,0.43,0.68,0.66,0.66,0.64,0.66,0.7,0.71,0.65,0.67,0.67,0.67,0.61,0.59,0.54,0.0,0.0,0.54,0.52,0.54,0.0,0.0,0.0,0.0,0.56,0.6,0.66,0.58,0.66,0.64,0.58,0.59,0.6,0.61,0.58,0.56,0.0,0.0,0.56,0.57,0.55,0.61,0.58,0.18,0.57,0.0,0.59,0.57,0.34,0.56,0.58,0.55,0.57
3804,0.0,0.66,0.65,0.0,0.0,0.66,0.0,0.0,0.72,0.4,0.74,0.77,0.72,0.73,0.73,0.74,0.77,0.76,0.77,0.74,0.76,0.73,0.73,0.72,0.68,0.67,0.0,0.0,0.66,0.67,0.66,0.0,0.0,0.0,0.0,0.68,0.71,0.77,0.71,0.78,0.77,0.7,0.72,0.7,0.72,0.72,0.66,0.0,0.0,0.67,0.73,0.64,0.74,0.72,0.38,0.71,0.0,0.73,0.72,0.72,0.7,0.73,0.66,0.71
3805,0.0,0.69,0.68,0.0,0.0,0.69,0.0,0.0,0.75,0.8,0.77,0.8,0.76,0.77,0.77,0.77,0.8,0.79,0.8,0.78,0.79,0.77,0.77,0.77,0.71,0.71,0.0,0.0,0.68,0.7,0.7,0.0,0.0,0.0,0.0,0.7,0.76,0.81,0.73,0.81,0.81,0.74,0.76,0.75,0.77,0.75,0.7,0.0,0.0,0.7,0.77,0.68,0.77,0.76,0.71,0.74,0.0,0.76,0.76,0.75,0.75,0.77,0.69,0.75
3806,0.0,0.68,0.67,0.0,0.0,0.7,0.0,0.0,0.77,0.81,0.77,0.81,0.78,0.78,0.78,0.78,0.79,0.8,0.81,0.78,0.81,0.78,0.48,0.78,0.72,0.73,0.0,0.0,0.7,0.69,0.71,0.0,0.0,0.0,0.0,0.73,0.77,0.81,0.75,0.82,0.82,0.75,0.75,0.77,0.78,0.75,0.71,0.0,0.0,0.71,0.77,0.7,0.78,0.78,0.78,0.75,0.0,0.77,0.77,0.76,0.75,0.78,0.7,0.76
3807,0.0,0.72,0.71,0.0,0.0,0.7,0.0,0.0,0.77,0.81,0.77,0.81,0.78,0.78,0.79,0.78,0.8,0.8,0.81,0.77,0.81,0.78,0.57,0.78,0.73,0.73,0.0,0.0,0.73,0.71,0.73,0.0,0.0,0.0,0.0,0.74,0.78,0.8,0.73,0.82,0.8,0.74,0.78,0.77,0.78,0.76,0.71,0.0,0.0,0.72,0.77,0.73,0.77,0.77,0.78,0.72,0.0,0.74,0.77,0.75,0.75,0.78,0.75,0.75
3808,0.0,0.71,0.71,0.0,0.0,0.71,0.0,0.0,0.77,0.8,0.77,0.8,0.77,0.77,0.78,0.77,0.8,0.8,0.81,0.76,0.8,0.78,0.78,0.76,0.71,0.72,0.0,0.0,0.73,0.72,0.73,0.0,0.0,0.0,0.0,0.73,0.76,0.79,0.76,0.8,0.78,0.76,0.78,0.76,0.76,0.77,0.71,0.0,0.0,0.72,0.75,0.75,0.75,0.76,0.78,0.74,0.0,0.76,0.74,0.74,0.76,0.74,0.74,0.75
3809,0.0,0.71,0.71,0.0,0.0,0.71,0.0,0.0,0.76,0.79,0.76,0.79,0.77,0.76,0.77,0.76,0.79,0.79,0.8,0.75,0.8,0.77,0.77,0.74,0.7,0.71,0.0,0.0,0.72,0.71,0.71,0.0,0.0,0.0,0.0,0.73,0.77,0.77,0.74,0.79,0.77,0.75,0.76,0.76,0.75,0.75,0.71,0.0,0.0,0.69,0.75,0.74,0.75,0.72,0.77,0.72,0.0,0.73,0.71,0.73,0.76,0.72,0.73,0.74
3810,0.0,0.62,0.68,0.0,0.0,0.72,0.0,0.0,0.74,0.78,0.75,0.78,0.76,0.75,0.75,0.74,0.77,0.79,0.8,0.74,0.79,0.76,0.77,0.7,0.72,0.54,0.0,0.0,0.68,0.45,0.62,0.0,0.0,0.0,0.0,0.7,0.75,0.75,0.72,0.77,0.7,0.72,0.74,0.74,0.71,0.72,0.7,0.0,0.0,0.7,0.75,0.72,0.74,0.74,0.76,0.72,0.0,0.64,0.72,0.7,0.73,0.75,0.7,0.72
3811,0.0,0.64,0.67,0.0,0.0,0.54,0.0,0.0,0.72,0.75,0.72,0.75,0.74,0.72,0.72,0.71,0.74,0.76,0.77,0.71,0.76,0.73,0.74,0.68,0.7,0.69,0.0,0.0,0.67,0.67,0.68,0.0,0.0,0.0,0.0,0.65,0.72,0.72,0.69,0.74,0.7,0.68,0.7,0.71,0.68,0.69,0.42,0.0,0.0,0.43,0.72,0.69,0.68,0.72,0.74,0.7,0.0,0.72,0.69,0.71,0.69,0.72,0.68,0.68
3812,0.0,0.6,0.62,0.0,0.0,0.63,0.0,0.0,0.65,0.68,0.65,0.68,0.66,0.66,0.65,0.65,0.67,0.68,0.7,0.64,0.69,0.66,0.66,0.66,0.64,0.63,0.0,0.0,0.62,0.61,0.31,0.0,0.0,0.0,0.0,0.6,0.66,0.65,0.64,0.67,0.68,0.64,0.63,0.66,0.66,0.65,0.65,0.0,0.0,0.65,0.26,0.6,0.6,0.32,0.68,0.47,0.0,0.47,0.3,0.61,0.47,0.29,0.64,0.34
3813,0.0,0.06,0.04,0.0,0.0,0.1,0.0,0.0,0.32,0.32,0.33,0.33,0.27,0.3,0.3,0.3,0.35,0.3,0.31,0.31,0.32,0.3,0.27,0.34,0.32,0.08,0.0,0.0,0.25,0.36,0.32,0.0,0.0,0.0,0.0,0.32,0.23,0.33,0.33,0.34,0.26,0.33,0.22,0.28,0.34,0.32,0.07,0.0,0.0,0.09,0.1,0.34,0.13,0.09,0.36,0.12,0.0,0.09,0.1,0.17,0.14,0.09,0.36,0.12
3814,0.0,0.02,0.03,0.0,0.0,0.06,0.0,0.0,0.06,0.04,0.06,0.04,0.04,0.04,0.04,0.05,0.07,0.04,0.04,0.04,0.04,0.05,0.04,0.06,0.06,0.02,0.0,0.0,0.08,0.02,0.06,0.0,0.0,0.0,0.0,0.07,0.06,0.06,0.06,0.05,0.06,0.06,0.07,0.07,0.06,0.06,0.06,0.0,0.0,0.06,0.03,0.08,0.07,0.04,0.08,0.05,0.0,0.05,0.03,0.08,0.04,0.03,0.07,0.03
3815,0.0,0.0,0.0,0.0,0.0,0.0,0.0,0.0,0.0,0.01,0.0,0.02,0.0,0.0,0.0,0.0,0.01,0.01,0.01,0.0,0.02,0.0,0.0,0.0,0.0,0.0,0.0,0.0,0.01,0.0,0.01,0.0,0.0,0.0,0.0,0.0,0.0,0.0,0.0,0.0,0.0,0.0,0.0,0.0,0.0,0.0,0.0,0.0,0.0,0.0,0.0,0.01,0.0,0.0,0.0,0.01,0.0,0.0,0.0,0.0,0.0,0.0,0.01,0.0
3816,0.0,0.0,0.0,0.0,0.0,0.0,0.0,0.0,0.0,0.0,0.0,0.0,0.0,0.0,0.0,0.0,0.0,0.0,0.0,0.0,0.0,0.0,0.0,0.0,0.0,0.0,0.0,0.0,0.0,0.0,0.0,0.0,0.0,0.0,0.0,0.0,0.0,0.0,0.0,0.0,0.0,0.0,0.0,0.0,0.0,0.0,0.0,0.0,0.0,0.0,0.0,0.0,0.0,0.0,0.0,0.0,0.0,0.0,0.0,0.0,0.0,0.0,0.0,0.0
3817,0.0,0.0,0.0,0.0,0.0,0.0,0.0,0.0,0.0,0.0,0.0,0.0,0.0,0.0,0.0,0.0,0.0,0.0,0.0,0.0,0.0,0.0,0.0,0.0,0.0,0.0,0.0,0.0,0.0,0.0,0.0,0.0,0.0,0.0,0.0,0.0,0.0,0.0,0.0,0.0,0.0,0.0,0.0,0.0,0.0,0.0,0.0,0.0,0.0,0.0,0.0,0.0,0.0,0.0,0.0,0.0,0.0,0.0,0.0,0.0,0.0,0.0,0.0,0.0
3818,0.0,0.0,0.0,0.0,0.0,0.0,0.0,0.0,0.0,0.0,0.0,0.0,0.0,0.0,0.0,0.0,0.0,0.0,0.0,0.0,0.0,0.0,0.0,0.0,0.0,0.0,0.0,0.0,0.0,0.0,0.0,0.0,0.0,0.0,0.0,0.0,0.0,0.0,0.0,0.0,0.0,0.0,0.0,0.0,0.0,0.0,0.0,0.0,0.0,0.0,0.0,0.0,0.0,0.0,0.0,0.0,0.0,0.0,0.0,0.0,0.0,0.0,0.0,0.0
3819,0.0,0.0,0.0,0.0,0.0,0.0,0.0,0.0,0.0,0.0,0.0,0.0,0.0,0.0,0.0,0.0,0.0,0.0,0.0,0.0,0.0,0.0,0.0,0.0,0.0,0.0,0.0,0.0,0.0,0.0,0.0,0.0,0.0,0.0,0.0,0.0,0.0,0.0,0.0,0.0,0.0,0.0,0.0,0.0,0.0,0.0,0.0,0.0,0.0,0.0,0.0,0.0,0.0,0.0,0.0,0.0,0.0,0.0,0.0,0.0,0.0,0.0,0.0,0.0
3820,0.0,0.0,0.0,0.0,0.0,0.0,0.0,0.0,0.0,0.0,0.0,0.0,0.0,0.0,0.0,0.0,0.0,0.0,0.0,0.0,0.0,0.0,0.0,0.0,0.0,0.0,0.0,0.0,0.0,0.0,0.0,0.0,0.0,0.0,0.0,0.0,0.0,0.0,0.0,0.0,0.0,0.0,0.0,0.0,0.0,0.0,0.0,0.0,0.0,0.0,0.0,0.0,0.0,0.0,0.0,0.0,0.0,0.0,0.0,0.0,0.0,0.0,0.0,0.0
3821,0.0,0.0,0.0,0.0,0.0,0.0,0.0,0.0,0.0,0.0,0.0,0.0,0.0,0.0,0.0,0.0,0.0,0.0,0.0,0.0,0.0,0.0,0.0,0.0,0.0,0.0,0.0,0.0,0.0,0.0,0.0,0.0,0.0,0.0,0.0,0.0,0.0,0.0,0.0,0.0,0.0,0.0,0.0,0.0,0.0,0.0,0.0,0.0,0.0,0.0,0.0,0.0,0.0,0.0,0.0,0.0,0.0,0.0,0.0,0.0,0.0,0.0,0.0,0.0
3822,0.0,0.0,0.0,0.0,0.0,0.0,0.0,0.0,0.0,0.0,0.0,0.0,0.0,0.0,0.0,0.0,0.0,0.0,0.0,0.0,0.0,0.0,0.0,0.0,0.0,0.0,0.0,0.0,0.0,0.0,0.0,0.0,0.0,0.0,0.0,0.0,0.0,0.0,0.0,0.0,0.0,0.0,0.0,0.0,0.0,0.0,0.0,0.0,0.0,0.0,0.0,0.0,0.0,0.0,0.0,0.0,0.0,0.0,0.0,0.0,0.0,0.0,0.0,0.0
3823,0.0,0.0,0.0,0.0,0.0,0.0,0.0,0.0,0.0,0.0,0.0,0.0,0.0,0.0,0.0,0.0,0.0,0.0,0.0,0.0,0.0,0.0,0.0,0.0,0.0,0.0,0.0,0.0,0.0,0.0,0.0,0.0,0.0,0.0,0.0,0.0,0.0,0.0,0.0,0.0,0.0,0.0,0.0,0.0,0.0,0.0,0.0,0.0,0.0,0.0,0.0,0.0,0.0,0.0,0.0,0.0,0.0,0.0,0.0,0.0,0.0,0.0,0.0,0.0
3824,0.0,0.0,0.0,0.0,0.0,0.0,0.0,0.0,0.0,0.0,0.0,0.0,0.0,0.0,0.0,0.0,0.0,0.0,0.0,0.0,0.0,0.0,0.01,0.0,0.0,0.0,0.0,0.0,0.0,0.0,0.0,0.0,0.0,0.0,0.0,0.0,0.0,0.0,0.0,0.0,0.0,0.0,0.0,0.0,0.0,0.0,0.0,0.0,0.0,0.0,0.0,0.0,0.0,0.0,0.0,0.0,0.0,0.0,0.0,0.0,0.0,0.0,0.0,0.0
3825,0.0,0.0,0.0,0.0,0.0,0.0,0.0,0.0,0.01,0.04,0.01,0.03,0.03,0.05,0.04,0.01,0.0,0.04,0.04,0.02,0.03,0.05,0.04,0.0,0.01,0.0,0.0,0.0,0.0,0.0,0.0,0.0,0.0,0.0,0.0,0.0,0.0,0.01,0.0,0.05,0.0,0.0,0.0,0.0,0.0,0.0,0.0,0.0,0.0,0.0,0.0,0.0,0.0,0.0,0.01,0.0,0.0,0.0,0.0,0.0,0.0,0.0,0.0,0.0
3826,0.0,0.02,0.05,0.0,0.0,0.0,0.0,0.0,0.02,0.22,0.01,0.09,0.24,0.09,0.1,0.06,0.01,0.24,0.24,0.03,0.19,0.2,0.26,0.01,0.03,0.01,0.0,0.0,0.01,0.06,0.01,0.0,0.0,0.0,0.0,0.01,0.0,0.01,0.02,0.01,0.0,0.0,0.0,0.0,0.0,0.02,0.01,0.0,0.0,0.01,0.01,0.0,0.01,0.02,0.03,0.02,0.0,0.02,0.01,0.0,0.01,0.01,0.0,0.0
3827,0.0,0.04,0.07,0.0,0.0,0.03,0.0,0.0,0.02,0.6,0.01,0.1,0.44,0.54,0.08,0.08,0.02,0.58,0.56,0.03,0.49,0.52,0.6,0.01,0.03,0.01,0.0,0.0,0.02,0.03,0.01,0.0,0.0,0.0,0.0,0.01,0.01,0.02,0.02,0.02,0.01,0.02,0.01,0.01,0.01,0.02,0.0,0.0,0.0,0.01,0.02,0.09,0.02,0.05,0.02,0.02,0.0,0.04,0.02,0.01,0.01,0.03,0.02,0.01
3828,0.0,0.07,0.06,0.0,0.0,0.1,0.0,0.0,0.03,0.7,0.04,0.3,0.66,0.1,0.08,0.08,0.04,0.67,0.7,0.05,0.6,0.16,0.69,0.01,0.11,0.05,0.0,0.0,0.04,0.07,0.06,0.0,0.0,0.0,0.0,0.05,0.02,0.06,0.15,0.05,0.02,0.11,0.1,0.02,0.01,0.19,0.12,0.0,0.0,0.07,0.06,0.16,0.05,0.26,0.05,0.06,0.0,0.08,0.04,0.04,0.34,0.09,0.03,0.08
3829,0.0,0.32,0.25,0.0,0.0,0.09,0.0,0.0,0.08,0.68,0.13,0.26,0.65,0.07,0.05,0.06,0.15,0.67,0.67,0.06,0.63,0.1,0.7,0.08,0.12,0.08,0.0,0.0,0.11,0.38,0.12,0.0,0.0,0.0,0.0,0.08,0.13,0.14,0.1,0.22,0.06,0.13,0.09,0.15,0.1,0.11,0.08,0.0,0.0,0.11,0.17,0.06,0.17,0.72,0.07,0.66,0.0,0.26,0.09,0.24,0.17,0.19,0.13,0.12
3830,0.0,0.28,0.26,0.0,0.0,0.68,0.0,0.0,0.72,0.5,0.68,0.06,0.64,0.1,0.08,0.09,0.58,0.58,0.58,0.18,0.52,0.26,0.69,0.07,0.19,0.69,0.0,0.0,0.31,0.32,0.61,0.0,0.0,0.0,0.0,0.3,0.06,0.27,0.12,0.7,0.1,0.12,0.1,0.07,0.07,0.13,0.7,0.0,0.0,0.59,0.3,0.1,0.25,0.45,0.72,0.17,0.0,0.31,0.18,0.48,0.28,0.32,0.34,0.25
3831,0.0,0.72,0.72,0.0,0.0,0.72,0.0,0.0,0.44,0.51,0.2,0.07,0.71,0.14,0.53,0.7,0.72,0.54,0.57,0.72,0.42,0.1,0.71,0.09,0.54,0.72,0.0,0.0,0.71,0.41,0.48,0.0,0.0,0.0,0.0,0.56,0.12,0.16,0.18,0.22,0.08,0.22,0.12,0.1,0.09,0.17,0.72,0.0,0.0,0.73,0.14,0.04,0.33,0.24,0.41,0.13,0.0,0.2,0.14,0.3,0.09,0.22,0.66,0.11
3832,0.0,0.71,0.72,0.0,0.0,0.73,0.0,0.0,0.2,0.28,0.15,0.09,0.53,0.19,0.72,0.61,0.21,0.32,0.32,0.23,0.33,0.13,0.47,0.13,0.74,0.55,0.0,0.0,0.71,0.71,0.71,0.0,0.0,0.0,0.0,0.39,0.11,0.14,0.06,0.26,0.13,0.08,0.06,0.09,0.11,0.1,0.73,0.0,0.0,0.73,0.07,0.16,0.2,0.15,0.11,0.07,0.0,0.13,0.07,0.17,0.04,0.13,0.22,0.06
3833,0.0,0.32,0.64,0.0,0.0,0.71,0.0,0.0,0.09,0.3,0.09,0.74,0.6,0.13,0.16,0.1,0.36,0.32,0.31,0.11,0.47,0.11,0.3,0.06,0.73,0.18,0.0,0.0,0.33,0.27,0.27,0.0,0.0,0.0,0.0,0.37,0.05,0.09,0.29,0.21,0.08,0.16,0.2,0.09,0.05,0.26,0.71,0.0,0.0,0.72,0.15,0.23,0.1,0.08,0.08,0.08,0.0,0.08,0.16,0.05,0.1,0.18,0.4,0.22
3834,0.0,0.17,0.16,0.0,0.0,0.7,0.0,0.0,0.11,0.64,0.08,0.07,0.38,0.06,0.08,0.07,0.04,0.48,0.56,0.08,0.66,0.08,0.29,0.04,0.71,0.13,0.0,0.0,0.13,0.14,0.13,0.0,0.0,0.0,0.0,0.15,0.08,0.07,0.2,0.1,0.05,0.19,0.09,0.32,0.04,0.09,0.7,0.0,0.0,0.7,0.04,0.14,0.05,0.06,0.04,0.63,0.0,0.08,0.06,0.15,0.71,0.04,0.14,0.11
3835,0.0,0.28,0.15,0.0,0.0,0.26,0.0,0.0,0.03,0.64,0.04,0.04,0.1,0.05,0.04,0.03,0.04,0.62,0.61,0.03,0.1,0.04,0.58,0.03,0.34,0.14,0.0,0.0,0.1,0.36,0.13,0.0,0.0,0.0,0.0,0.13,0.04,0.06,0.13,0.08,0.04,0.12,0.01,0.16,0.03,0.0,0.19,0.0,0.0,0.21,0.33,0.4,0.06,0.15,0.16,0.61,0.0,0.06,0.43,0.44,0.67,0.2,0.1,0.68
3836,0.0,0.28,0.21,0.0,0.0,0.12,0.0,0.0,0.02,0.31,0.02,0.02,0.16,0.02,0.01,0.03,0.07,0.26,0.1,0.04,0.05,0.03,0.43,0.09,0.22,0.14,0.0,0.0,0.16,0.24,0.23,0.0,0.0,0.0,0.0,0.09,0.09,0.02,0.11,0.06,0.06,0.04,0.42,0.03,0.04,0.32,0.1,0.0,0.0,0.11,0.16,0.56,0.04,0.09,0.24,0.08,0.0,0.17,0.17,0.03,0.16,0.14,0.3,0.16
3837,0.0,0.12,0.25,0.0,0.0,0.06,0.0,0.0,0.01,0.19,0.01,0.02,0.04,0.01,0.01,0.01,0.01,0.27,0.05,0.01,0.06,0.0,0.26,0.14,0.05,0.08,0.0,0.0,0.08,0.11,0.14,0.0,0.0,0.0,0.0,0.09,0.22,0.04,0.04,0.02,0.06,0.03,0.11,0.09,0.23,0.04,0.07,0.0,0.0,0.07,0.4,0.15,0.15,0.39,0.04,0.18,0.0,0.01,0.38,0.39,0.32,0.39,0.29,0.39
3838,0.0,0.06,0.07,0.0,0.0,0.05,0.0,0.0,0.04,0.04,0.01,0.03,0.05,0.0,0.0,0.0,0.03,0.01,0.0,0.0,0.01,0.0,0.04,0.02,0.02,0.07,0.0,0.0,0.08,0.07,0.05,0.0,0.0,0.0,0.0,0.07,0.03,0.04,0.04,0.02,0.04,0.02,0.03,0.01,0.02,0.03,0.04,0.0,0.0,0.06,0.04,0.04,0.04,0.05,0.03,0.05,0.0,0.05,0.05,0.03,0.07,0.04,0.05,0.06
3839,0.0,0.01,0.01,0.0,0.0,0.01,0.0,0.0,0.0,0.01,0.01,0.0,0.0,0.0,0.0,0.0,0.0,0.0,0.0,0.0,0.0,0.0,0.0,0.0,0.0,0.01,0.0,0.0,0.01,0.01,0.01,0.0,0.0,0.0,0.0,0.02,0.0,0.0,0.01,0.0,0.0,0.0,0.0,0.0,0.0,0.02,0.0,0.0,0.0,0.0,0.02,0.02,0.01,0.02,0.01,0.01,0.0,0.02,0.02,0.0,0.02,0.02,0.02,0.02
3840,0.0,0.0,0.0,0.0,0.0,0.0,0.0,0.0,0.0,0.0,0.0,0.0,0.0,0.0,0.0,0.0,0.0,0.0,0.0,0.0,0.0,0.0,0.0,0.0,0.0,0.0,0.0,0.0,0.0,0.0,0.0,0.0,0.0,0.0,0.0,0.0,0.0,0.0,0.0,0.0,0.0,0.0,0.0,0.0,0.0,0.0,0.0,0.0,0.0,0.0,0.0,0.0,0.0,0.0,0.0,0.0,0.0,0.0,0.0,0.0,0.0,0.0,0.0,0.0
3841,0.0,0.0,0.0,0.0,0.0,0.0,0.0,0.0,0.0,0.0,0.0,0.0,0.0,0.0,0.0,0.0,0.0,0.0,0.0,0.0,0.0,0.0,0.0,0.0,0.0,0.0,0.0,0.0,0.0,0.0,0.0,0.0,0.0,0.0,0.0,0.0,0.0,0.0,0.0,0.0,0.0,0.0,0.0,0.0,0.0,0.0,0.0,0.0,0.0,0.0,0.0,0.0,0.0,0.0,0.0,0.0,0.0,0.0,0.0,0.0,0.0,0.0,0.0,0.0
3842,0.0,0.0,0.0,0.0,0.0,0.0,0.0,0.0,0.0,0.0,0.0,0.0,0.0,0.0,0.0,0.0,0.0,0.0,0.0,0.0,0.0,0.0,0.0,0.0,0.0,0.0,0.0,0.0,0.0,0.0,0.0,0.0,0.0,0.0,0.0,0.0,0.0,0.0,0.0,0.0,0.0,0.0,0.0,0.0,0.0,0.0,0.0,0.0,0.0,0.0,0.0,0.0,0.0,0.0,0.0,0.0,0.0,0.0,0.0,0.0,0.0,0.0,0.0,0.0
3843,0.0,0.0,0.0,0.0,0.0,0.0,0.0,0.0,0.0,0.0,0.0,0.0,0.0,0.0,0.0,0.0,0.0,0.0,0.0,0.0,0.0,0.0,0.0,0.0,0.0,0.0,0.0,0.0,0.0,0.0,0.0,0.0,0.0,0.0,0.0,0.0,0.0,0.0,0.0,0.0,0.0,0.0,0.0,0.0,0.0,0.0,0.0,0.0,0.0,0.0,0.0,0.0,0.0,0.0,0.0,0.0,0.0,0.0,0.0,0.0,0.0,0.0,0.0,0.0
3844,0.0,0.0,0.0,0.0,0.0,0.0,0.0,0.0,0.0,0.0,0.0,0.0,0.0,0.0,0.0,0.0,0.0,0.0,0.0,0.0,0.0,0.0,0.0,0.0,0.0,0.0,0.0,0.0,0.0,0.0,0.0,0.0,0.0,0.0,0.0,0.0,0.0,0.0,0.0,0.0,0.0,0.0,0.0,0.0,0.0,0.0,0.0,0.0,0.0,0.0,0.0,0.0,0.0,0.0,0.0,0.0,0.0,0.0,0.0,0.0,0.0,0.0,0.0,0.0
3845,0.0,0.0,0.0,0.0,0.0,0.0,0.0,0.0,0.0,0.0,0.0,0.0,0.0,0.0,0.0,0.0,0.0,0.0,0.0,0.0,0.0,0.0,0.0,0.0,0.0,0.0,0.0,0.0,0.0,0.0,0.0,0.0,0.0,0.0,0.0,0.0,0.0,0.0,0.0,0.0,0.0,0.0,0.0,0.0,0.0,0.0,0.0,0.0,0.0,0.0,0.0,0.0,0.0,0.0,0.0,0.0,0.0,0.0,0.0,0.0,0.0,0.0,0.0,0.0
3846,0.0,0.0,0.0,0.0,0.0,0.0,0.0,0.0,0.0,0.0,0.0,0.0,0.0,0.0,0.0,0.0,0.0,0.0,0.0,0.0,0.0,0.0,0.0,0.0,0.0,0.0,0.0,0.0,0.0,0.0,0.0,0.0,0.0,0.0,0.0,0.0,0.0,0.0,0.0,0.0,0.0,0.0,0.0,0.0,0.0,0.0,0.0,0.0,0.0,0.0,0.0,0.0,0.0,0.0,0.0,0.0,0.0,0.0,0.0,0.0,0.0,0.0,0.0,0.0
3847,0.0,0.0,0.0,0.0,0.0,0.0,0.0,0.0,0.0,0.0,0.0,0.0,0.0,0.0,0.0,0.0,0.0,0.0,0.0,0.0,0.0,0.0,0.0,0.0,0.0,0.0,0.0,0.0,0.0,0.0,0.0,0.0,0.0,0.0,0.0,0.0,0.0,0.0,0.0,0.0,0.0,0.0,0.0,0.0,0.0,0.0,0.0,0.0,0.0,0.0,0.0,0.0,0.0,0.0,0.0,0.0,0.0,0.0,0.0,0.0,0.0,0.0,0.0,0.0
3848,0.0,0.0,0.0,0.0,0.0,0.0,0.0,0.0,0.0,0.0,0.0,0.0,0.0,0.0,0.0,0.0,0.0,0.0,0.0,0.0,0.0,0.0,0.0,0.0,0.0,0.0,0.0,0.0,0.0,0.0,0.0,0.0,0.0,0.0,0.0,0.0,0.0,0.0,0.0,0.0,0.0,0.0,0.0,0.0,0.0,0.0,0.0,0.0,0.0,0.0,0.0,0.0,0.0,0.0,0.0,0.0,0.0,0.0,0.0,0.0,0.0,0.0,0.0,0.0
3849,0.0,0.04,0.03,0.0,0.0,0.04,0.0,0.0,0.01,0.0,0.02,0.03,0.0,0.0,0.0,0.0,0.03,0.0,0.0,0.0,0.0,0.0,0.01,0.02,0.04,0.04,0.0,0.0,0.04,0.03,0.04,0.0,0.0,0.0,0.0,0.04,0.03,0.04,0.03,0.04,0.04,0.04,0.04,0.03,0.02,0.04,0.04,0.0,0.0,0.04,0.01,0.04,0.04,0.0,0.0,0.04,0.0,0.01,0.01,0.01,0.01,0.0,0.04,0.02
3850,0.0,0.11,0.1,0.0,0.0,0.13,0.0,0.0,0.06,0.01,0.16,0.12,0.02,0.03,0.03,0.03,0.13,0.02,0.02,0.04,0.01,0.04,0.0,0.09,0.04,0.11,0.0,0.0,0.12,0.1,0.11,0.0,0.0,0.0,0.0,0.13,0.13,0.14,0.12,0.15,0.06,0.12,0.13,0.15,0.11,0.12,0.13,0.0,0.0,0.13,0.06,0.1,0.12,0.1,0.13,0.1,0.0,0.1,0.1,0.11,0.06,0.1,0.12,0.07
3851,0.0,0.46,0.48,0.0,0.0,0.49,0.0,0.0,0.18,0.06,0.52,0.25,0.03,0.11,0.09,0.08,0.54,0.03,0.02,0.08,0.25,0.1,0.03,0.53,0.41,0.08,0.0,0.0,0.4,0.47,0.43,0.0,0.0,0.0,0.0,0.45,0.53,0.05,0.46,0.53,0.06,0.46,0.51,0.53,0.53,0.49,0.48,0.0,0.0,0.48,0.27,0.46,0.51,0.49,0.52,0.14,0.0,0.5,0.38,0.5,0.17,0.49,0.44,0.22
3852,0.0,0.63,0.65,0.0,0.0,0.63,0.0,0.0,0.43,0.04,0.65,0.48,0.06,0.27,0.19,0.16,0.67,0.02,0.04,0.16,0.18,0.13,0.03,0.67,0.6,0.59,0.0,0.0,0.62,0.62,0.57,0.0,0.0,0.0,0.0,0.64,0.67,0.65,0.64,0.66,0.37,0.63,0.66,0.65,0.67,0.66,0.64,0.0,0.0,0.64,0.63,0.59,0.68,0.68,0.68,0.67,0.0,0.68,0.67,0.0,0.68,0.67,0.36,0.68
3853,0.0,0.71,0.72,0.0,0.0,0.69,0.0,0.0,0.67,0.04,0.69,0.73,0.07,0.26,0.36,0.37,0.73,0.47,0.36,0.4,0.71,0.27,0.04,0.7,0.69,0.73,0.0,0.0,0.72,0.72,0.72,0.0,0.0,0.0,0.0,0.69,0.71,0.7,0.71,0.72,0.73,0.7,0.71,0.7,0.71,0.72,0.69,0.0,0.0,0.69,0.73,0.38,0.73,0.66,0.73,0.72,0.0,0.73,0.72,0.73,0.73,0.73,0.74,0.61
3854,0.0,0.74,0.74,0.0,0.0,0.72,0.0,0.0,0.68,0.05,0.7,0.51,0.26,0.38,0.16,0.2,0.74,0.28,0.27,0.41,0.32,0.58,0.06,0.72,0.71,0.38,0.0,0.0,0.74,0.74,0.5,0.0,0.0,0.0,0.0,0.74,0.74,0.73,0.75,0.74,0.68,0.75,0.74,0.73,0.73,0.75,0.72,0.0,0.0,0.72,0.59,0.76,0.75,0.74,0.75,0.74,0.0,0.69,0.64,0.55,0.76,0.73,0.76,0.75
3855,0.0,0.75,0.74,0.0,0.0,0.72,0.0,0.0,0.7,0.18,0.72,0.76,0.26,0.72,0.61,0.55,0.75,0.26,0.25,0.7,0.36,0.72,0.08,0.74,0.72,0.37,0.0,0.0,0.76,0.75,0.41,0.0,0.0,0.0,0.0,0.61,0.74,0.73,0.76,0.76,0.63,0.76,0.75,0.74,0.74,0.76,0.73,0.0,0.0,0.73,0.77,0.65,0.34,0.75,0.69,0.74,0.0,0.76,0.76,0.58,0.77,0.77,0.66,0.77
3856,0.0,0.74,0.76,0.0,0.0,0.73,0.0,0.0,0.72,0.62,0.72,0.76,0.29,0.71,0.71,0.7,0.75,0.29,0.29,0.67,0.58,0.72,0.22,0.74,0.72,0.57,0.0,0.0,0.77,0.76,0.47,0.0,0.0,0.0,0.0,0.76,0.75,0.76,0.74,0.76,0.54,0.76,0.76,0.74,0.74,0.77,0.74,0.0,0.0,0.73,0.78,0.78,0.76,0.76,0.43,0.7,0.0,0.76,0.77,0.47,0.78,0.78,0.78,0.78
3857,0.0,0.75,0.75,0.0,0.0,0.73,0.0,0.0,0.73,0.47,0.73,0.75,0.7,0.71,0.7,0.7,0.75,0.54,0.64,0.7,0.42,0.72,0.62,0.74,0.72,0.77,0.0,0.0,0.76,0.75,0.76,0.0,0.0,0.0,0.0,0.76,0.75,0.76,0.76,0.76,0.42,0.76,0.76,0.74,0.74,0.77,0.73,0.0,0.0,0.73,0.77,0.77,0.76,0.76,0.37,0.75,0.0,0.76,0.77,0.48,0.78,0.77,0.77,0.77
3858,0.0,0.73,0.74,0.0,0.0,0.72,0.0,0.0,0.72,0.28,0.72,0.74,0.68,0.7,0.69,0.68,0.61,0.42,0.36,0.7,0.26,0.71,0.7,0.73,0.71,0.75,0.0,0.0,0.75,0.74,0.74,0.0,0.0,0.0,0.0,0.75,0.74,0.75,0.75,0.75,0.49,0.75,0.75,0.73,0.73,0.75,0.72,0.0,0.0,0.72,0.76,0.53,0.75,0.74,0.75,0.74,0.0,0.74,0.75,0.45,0.76,0.76,0.76,0.76
3859,0.0,0.73,0.73,0.0,0.0,0.72,0.0,0.0,0.72,0.25,0.72,0.75,0.68,0.7,0.7,0.7,0.74,0.68,0.69,0.71,0.21,0.37,0.65,0.73,0.71,0.74,0.0,0.0,0.74,0.74,0.74,0.0,0.0,0.0,0.0,0.75,0.74,0.74,0.75,0.75,0.39,0.75,0.74,0.73,0.73,0.75,0.72,0.0,0.0,0.72,0.67,0.76,0.74,0.74,0.75,0.73,0.0,0.74,0.66,0.75,0.69,0.72,0.76,0.64
3860,0.0,0.67,0.68,0.0,0.0,0.65,0.0,0.0,0.65,0.28,0.65,0.68,0.6,0.65,0.65,0.65,0.68,0.35,0.31,0.64,0.29,0.65,0.56,0.22,0.65,0.69,0.0,0.0,0.69,0.68,0.68,0.0,0.0,0.0,0.0,0.68,0.28,0.67,0.69,0.66,0.24,0.69,0.68,0.3,0.29,0.69,0.66,0.0,0.0,0.66,0.69,0.7,0.66,0.67,0.1,0.68,0.0,0.68,0.69,0.68,0.63,0.7,0.7,0.68
3861,0.0,0.4,0.4,0.0,0.0,0.35,0.0,0.0,0.32,0.08,0.33,0.33,0.26,0.3,0.29,0.3,0.34,0.02,0.03,0.3,0.3,0.29,0.14,0.12,0.32,0.41,0.0,0.0,0.4,0.4,0.4,0.0,0.0,0.0,0.0,0.38,0.33,0.35,0.37,0.36,0.34,0.37,0.35,0.34,0.14,0.37,0.36,0.0,0.0,0.35,0.4,0.41,0.39,0.4,0.38,0.4,0.0,0.4,0.4,0.09,0.41,0.4,0.41,0.4
3862,0.0,0.05,0.05,0.0,0.0,0.04,0.0,0.0,0.04,0.02,0.04,0.04,0.04,0.04,0.04,0.04,0.04,0.01,0.02,0.04,0.04,0.04,0.05,0.06,0.04,0.05,0.0,0.0,0.05,0.05,0.05,0.0,0.0,0.0,0.0,0.04,0.04,0.04,0.04,0.04,0.04,0.04,0.06,0.06,0.06,0.06,0.04,0.0,0.0,0.04,0.05,0.05,0.04,0.0,0.01,0.05,0.0,0.05,0.05,0.07,0.05,0.06,0.05,0.05
3863,0.0,0.02,0.02,0.0,0.0,0.01,0.0,0.0,0.02,0.0,0.02,0.02,0.0,0.01,0.01,0.01,0.0,0.0,0.01,0.01,0.02,0.01,0.0,0.02,0.0,0.02,0.0,0.0,0.02,0.02,0.02,0.0,0.0,0.0,0.0,0.02,0.02,0.02,0.02,0.02,0.02,0.01,0.02,0.01,0.02,0.02,0.01,0.0,0.0,0.01,0.03,0.02,0.02,0.03,0.01,0.02,0.0,0.02,0.03,0.02,0.03,0.03,0.02,0.03
3864,0.0,0.0,0.0,0.0,0.0,0.0,0.0,0.0,0.0,0.0,0.0,0.0,0.0,0.0,0.0,0.0,0.0,0.0,0.0,0.0,0.0,0.0,0.0,0.0,0.0,0.0,0.0,0.0,0.0,0.0,0.0,0.0,0.0,0.0,0.0,0.0,0.0,0.0,0.0,0.0,0.0,0.0,0.0,0.0,0.0,0.0,0.0,0.0,0.0,0.0,0.0,0.0,0.0,0.0,0.0,0.0,0.0,0.0,0.0,0.0,0.0,0.0,0.0,0.0
3865,0.0,0.0,0.0,0.0,0.0,0.0,0.0,0.0,0.0,0.0,0.0,0.0,0.0,0.0,0.0,0.0,0.0,0.0,0.0,0.0,0.0,0.0,0.0,0.0,0.0,0.0,0.0,0.0,0.0,0.0,0.0,0.0,0.0,0.0,0.0,0.0,0.0,0.0,0.0,0.0,0.0,0.0,0.0,0.0,0.0,0.0,0.0,0.0,0.0,0.0,0.0,0.0,0.0,0.0,0.0,0.0,0.0,0.0,0.0,0.0,0.0,0.0,0.0,0.0
3866,0.0,0.0,0.0,0.0,0.0,0.0,0.0,0.0,0.0,0.0,0.0,0.0,0.0,0.0,0.0,0.0,0.0,0.0,0.0,0.0,0.0,0.0,0.0,0.0,0.0,0.0,0.0,0.0,0.0,0.0,0.0,0.0,0.0,0.0,0.0,0.0,0.0,0.0,0.0,0.0,0.0,0.0,0.0,0.0,0.0,0.0,0.0,0.0,0.0,0.0,0.0,0.0,0.0,0.0,0.0,0.0,0.0,0.0,0.0,0.0,0.0,0.0,0.0,0.0
3867,0.0,0.0,0.0,0.0,0.0,0.0,0.0,0.0,0.0,0.0,0.0,0.0,0.0,0.0,0.0,0.0,0.0,0.0,0.0,0.0,0.0,0.0,0.0,0.0,0.0,0.0,0.0,0.0,0.0,0.0,0.0,0.0,0.0,0.0,0.0,0.0,0.0,0.0,0.0,0.0,0.0,0.0,0.0,0.0,0.0,0.0,0.0,0.0,0.0,0.0,0.0,0.0,0.0,0.0,0.0,0.0,0.0,0.0,0.0,0.0,0.0,0.0,0.0,0.0
3868,0.0,0.0,0.0,0.0,0.0,0.0,0.0,0.0,0.0,0.0,0.0,0.0,0.0,0.0,0.0,0.0,0.0,0.0,0.0,0.0,0.0,0.0,0.0,0.0,0.0,0.0,0.0,0.0,0.0,0.0,0.0,0.0,0.0,0.0,0.0,0.0,0.0,0.0,0.0,0.0,0.0,0.0,0.0,0.0,0.0,0.0,0.0,0.0,0.0,0.0,0.0,0.0,0.0,0.0,0.0,0.0,0.0,0.0,0.0,0.0,0.0,0.0,0.0,0.0
3869,0.0,0.0,0.0,0.0,0.0,0.0,0.0,0.0,0.0,0.0,0.0,0.0,0.0,0.0,0.0,0.0,0.0,0.0,0.0,0.0,0.0,0.0,0.0,0.0,0.0,0.0,0.0,0.0,0.0,0.0,0.0,0.0,0.0,0.0,0.0,0.0,0.0,0.0,0.0,0.0,0.0,0.0,0.0,0.0,0.0,0.0,0.0,0.0,0.0,0.0,0.0,0.0,0.0,0.0,0.0,0.0,0.0,0.0,0.0,0.0,0.0,0.0,0.0,0.0
3870,0.0,0.0,0.0,0.0,0.0,0.0,0.0,0.0,0.0,0.0,0.0,0.0,0.0,0.0,0.0,0.0,0.0,0.0,0.0,0.0,0.0,0.0,0.0,0.0,0.0,0.0,0.0,0.0,0.0,0.0,0.0,0.0,0.0,0.0,0.0,0.0,0.0,0.0,0.0,0.0,0.0,0.0,0.0,0.0,0.0,0.0,0.0,0.0,0.0,0.0,0.0,0.0,0.0,0.0,0.0,0.0,0.0,0.0,0.0,0.0,0.0,0.0,0.0,0.0
3871,0.0,0.0,0.0,0.0,0.0,0.0,0.0,0.0,0.0,0.0,0.0,0.0,0.0,0.0,0.0,0.0,0.0,0.0,0.0,0.0,0.0,0.0,0.0,0.0,0.0,0.0,0.0,0.0,0.0,0.0,0.0,0.0,0.0,0.0,0.0,0.0,0.0,0.0,0.0,0.0,0.0,0.0,0.0,0.0,0.0,0.0,0.0,0.0,0.0,0.0,0.0,0.0,0.0,0.0,0.0,0.0,0.0,0.0,0.0,0.0,0.0,0.0,0.0,0.0
3872,0.0,0.0,0.0,0.0,0.0,0.0,0.0,0.0,0.0,0.0,0.0,0.0,0.0,0.0,0.0,0.0,0.0,0.0,0.0,0.0,0.0,0.0,0.0,0.0,0.0,0.0,0.0,0.0,0.0,0.0,0.0,0.0,0.0,0.0,0.0,0.0,0.0,0.0,0.0,0.0,0.0,0.0,0.0,0.0,0.0,0.0,0.0,0.0,0.0,0.0,0.0,0.0,0.0,0.0,0.0,0.0,0.0,0.0,0.0,0.0,0.0,0.0,0.0,0.0
3873,0.0,0.04,0.04,0.0,0.0,0.04,0.0,0.0,0.04,0.01,0.04,0.04,0.0,0.02,0.04,0.04,0.04,0.0,0.0,0.04,0.03,0.01,0.01,0.04,0.04,0.04,0.0,0.0,0.04,0.04,0.04,0.0,0.0,0.0,0.0,0.04,0.04,0.04,0.04,0.04,0.04,0.04,0.04,0.04,0.04,0.04,0.04,0.0,0.0,0.04,0.01,0.02,0.0,0.03,0.0,0.01,0.0,0.02,0.04,0.0,0.04,0.03,0.04,0.04
3874,0.0,0.1,0.09,0.0,0.0,0.12,0.0,0.0,0.16,0.12,0.16,0.16,0.03,0.19,0.19,0.18,0.15,0.01,0.03,0.18,0.03,0.12,0.03,0.15,0.16,0.09,0.0,0.0,0.1,0.1,0.1,0.0,0.0,0.0,0.0,0.12,0.13,0.14,0.11,0.14,0.13,0.12,0.12,0.14,0.14,0.11,0.12,0.0,0.0,0.13,0.05,0.1,0.04,0.05,0.04,0.01,0.0,0.03,0.1,0.08,0.1,0.03,0.1,0.1
3875,0.0,0.51,0.51,0.0,0.0,0.53,0.0,0.0,0.55,0.16,0.56,0.38,0.06,0.59,0.6,0.59,0.07,0.03,0.04,0.58,0.05,0.18,0.06,0.56,0.57,0.52,0.0,0.0,0.52,0.51,0.52,0.0,0.0,0.0,0.0,0.53,0.54,0.49,0.25,0.05,0.57,0.54,0.54,0.55,0.56,0.54,0.53,0.0,0.0,0.54,0.04,0.39,0.09,0.02,0.03,0.02,0.0,0.02,0.06,0.04,0.22,0.04,0.53,0.53
3876,0.0,0.7,0.7,0.0,0.0,0.68,0.0,0.0,0.67,0.72,0.7,0.61,0.28,0.34,0.7,0.69,0.44,0.03,0.06,0.7,0.07,0.08,0.06,0.7,0.69,0.72,0.0,0.0,0.71,0.7,0.7,0.0,0.0,0.0,0.0,0.7,0.69,0.72,0.7,0.67,0.65,0.38,0.7,0.69,0.7,0.7,0.69,0.0,0.0,0.69,0.04,0.24,0.05,0.04,0.04,0.06,0.0,0.03,0.06,0.06,0.28,0.05,0.72,0.09
3877,0.0,0.74,0.75,0.0,0.0,0.72,0.0,0.0,0.54,0.75,0.72,0.11,0.14,0.06,0.11,0.72,0.74,0.07,0.07,0.72,0.49,0.06,0.09,0.73,0.72,0.31,0.0,0.0,0.75,0.75,0.47,0.0,0.0,0.0,0.0,0.74,0.46,0.74,0.17,0.75,0.37,0.17,0.16,0.72,0.73,0.11,0.72,0.0,0.0,0.72,0.07,0.11,0.09,0.06,0.08,0.58,0.0,0.07,0.13,0.24,0.08,0.07,0.76,0.08
3878,0.0,0.61,0.76,0.0,0.0,0.74,0.0,0.0,0.33,0.76,0.17,0.07,0.13,0.06,0.09,0.2,0.11,0.19,0.19,0.35,0.24,0.06,0.16,0.74,0.73,0.13,0.0,0.0,0.76,0.51,0.33,0.0,0.0,0.0,0.0,0.75,0.43,0.77,0.12,0.77,0.15,0.14,0.76,0.74,0.75,0.08,0.74,0.0,0.0,0.74,0.26,0.16,0.41,0.17,0.07,0.11,0.0,0.25,0.48,0.2,0.24,0.21,0.77,0.4
3879,0.0,0.6,0.7,0.0,0.0,0.75,0.0,0.0,0.17,0.78,0.13,0.09,0.18,0.06,0.07,0.13,0.08,0.22,0.26,0.1,0.77,0.14,0.23,0.56,0.74,0.41,0.0,0.0,0.77,0.55,0.78,0.0,0.0,0.0,0.0,0.18,0.74,0.78,0.64,0.78,0.38,0.77,0.76,0.76,0.76,0.78,0.75,0.0,0.0,0.75,0.48,0.23,0.22,0.18,0.06,0.12,0.0,0.2,0.78,0.17,0.56,0.37,0.43,0.76
3880,0.0,0.77,0.78,0.0,0.0,0.75,0.0,0.0,0.06,0.78,0.06,0.19,0.28,0.14,0.05,0.05,0.07,0.26,0.57,0.04,0.76,0.36,0.19,0.75,0.74,0.35,0.0,0.0,0.77,0.77,0.56,0.0,0.0,0.0,0.0,0.36,0.76,0.78,0.28,0.78,0.78,0.3,0.33,0.76,0.75,0.24,0.75,0.0,0.0,0.75,0.44,0.19,0.17,0.17,0.06,0.1,0.0,0.2,0.68,0.15,0.37,0.32,0.51,0.78
3881,0.0,0.76,0.77,0.0,0.0,0.74,0.0,0.0,0.04,0.76,0.07,0.08,0.34,0.22,0.1,0.03,0.08,0.76,0.77,0.04,0.7,0.47,0.73,0.2,0.72,0.22,0.0,0.0,0.75,0.76,0.76,0.0,0.0,0.0,0.0,0.11,0.18,0.43,0.15,0.12,0.77,0.33,0.38,0.75,0.24,0.22,0.53,0.0,0.0,0.74,0.35,0.19,0.11,0.12,0.06,0.08,0.0,0.13,0.77,0.08,0.31,0.27,0.77,0.77
3882,0.0,0.76,0.76,0.0,0.0,0.74,0.0,0.0,0.06,0.77,0.08,0.1,0.36,0.24,0.1,0.05,0.04,0.76,0.76,0.07,0.76,0.38,0.73,0.1,0.07,0.2,0.0,0.0,0.75,0.76,0.76,0.0,0.0,0.0,0.0,0.08,0.12,0.17,0.18,0.14,0.44,0.26,0.26,0.14,0.06,0.2,0.74,0.0,0.0,0.52,0.16,0.17,0.06,0.09,0.05,0.07,0.0,0.09,0.41,0.05,0.12,0.13,0.78,0.15
3883,0.0,0.74,0.22,0.0,0.0,0.5,0.0,0.0,0.02,0.76,0.02,0.74,0.72,0.22,0.19,0.06,0.02,0.73,0.74,0.04,0.75,0.2,0.71,0.09,0.13,0.37,0.0,0.0,0.74,0.74,0.74,0.0,0.0,0.0,0.0,0.41,0.03,0.33,0.15,0.06,0.22,0.1,0.08,0.04,0.04,0.11,0.27,0.0,0.0,0.26,0.08,0.12,0.02,0.08,0.03,0.04,0.0,0.07,0.12,0.04,0.08,0.08,0.75,0.12
3884,0.0,0.68,0.17,0.0,0.0,0.11,0.0,0.0,0.02,0.69,0.01,0.66,0.63,0.65,0.19,0.07,0.17,0.65,0.66,0.03,0.67,0.64,0.64,0.03,0.14,0.5,0.0,0.0,0.67,0.68,0.68,0.0,0.0,0.0,0.0,0.13,0.03,0.13,0.07,0.03,0.08,0.1,0.05,0.02,0.02,0.08,0.66,0.0,0.0,0.66,0.04,0.08,0.02,0.11,0.1,0.1,0.0,0.05,0.05,0.03,0.05,0.04,0.64,0.06
3885,0.0,0.39,0.31,0.0,0.0,0.35,0.0,0.0,0.31,0.32,0.02,0.28,0.25,0.28,0.29,0.29,0.09,0.28,0.29,0.3,0.32,0.28,0.25,0.01,0.31,0.39,0.0,0.0,0.05,0.39,0.38,0.0,0.0,0.0,0.0,0.05,0.03,0.34,0.04,0.08,0.02,0.04,0.03,0.01,0.02,0.03,0.35,0.0,0.0,0.34,0.02,0.08,0.03,0.03,0.03,0.03,0.0,0.02,0.02,0.01,0.02,0.03,0.39,0.02
3886,0.0,0.07,0.04,0.0,0.0,0.05,0.0,0.0,0.04,0.05,0.04,0.06,0.04,0.04,0.04,0.04,0.06,0.04,0.04,0.04,0.06,0.04,0.04,0.0,0.04,0.07,0.0,0.0,0.05,0.05,0.02,0.0,0.0,0.0,0.0,0.03,0.01,0.05,0.02,0.05,0.05,0.02,0.02,0.02,0.01,0.02,0.05,0.0,0.0,0.05,0.01,0.01,0.04,0.01,0.05,0.05,0.0,0.01,0.01,0.01,0.01,0.01,0.03,0.01
3887,0.0,0.0,0.0,0.0,0.0,0.0,0.0,0.0,0.02,0.02,0.02,0.02,0.0,0.01,0.01,0.01,0.02,0.01,0.01,0.01,0.02,0.01,0.01,0.0,0.0,0.0,0.0,0.0,0.0,0.01,0.0,0.0,0.0,0.0,0.0,0.0,0.02,0.02,0.0,0.0,0.02,0.0,0.0,0.02,0.02,0.0,0.01,0.0,0.0,0.01,0.02,0.0,0.02,0.0,0.02,0.03,0.0,0.0,0.01,0.02,0.0,0.02,0.0,0.0
3888,0.0,0.0,0.0,0.0,0.0,0.0,0.0,0.0,0.0,0.0,0.0,0.0,0.0,0.0,0.0,0.0,0.0,0.0,0.0,0.0,0.0,0.0,0.0,0.0,0.0,0.0,0.0,0.0,0.0,0.0,0.0,0.0,0.0,0.0,0.0,0.0,0.0,0.0,0.0,0.0,0.0,0.0,0.0,0.0,0.0,0.0,0.0,0.0,0.0,0.0,0.0,0.0,0.0,0.0,0.0,0.0,0.0,0.0,0.0,0.0,0.0,0.0,0.0,0.0
3889,0.0,0.0,0.0,0.0,0.0,0.0,0.0,0.0,0.0,0.0,0.0,0.0,0.0,0.0,0.0,0.0,0.0,0.0,0.0,0.0,0.0,0.0,0.0,0.0,0.0,0.0,0.0,0.0,0.0,0.0,0.0,0.0,0.0,0.0,0.0,0.0,0.0,0.0,0.0,0.0,0.0,0.0,0.0,0.0,0.0,0.0,0.0,0.0,0.0,0.0,0.0,0.0,0.0,0.0,0.0,0.0,0.0,0.0,0.0,0.0,0.0,0.0,0.0,0.0
3890,0.0,0.0,0.0,0.0,0.0,0.0,0.0,0.0,0.0,0.0,0.0,0.0,0.0,0.0,0.0,0.0,0.0,0.0,0.0,0.0,0.0,0.0,0.0,0.0,0.0,0.0,0.0,0.0,0.0,0.0,0.0,0.0,0.0,0.0,0.0,0.0,0.0,0.0,0.0,0.0,0.0,0.0,0.0,0.0,0.0,0.0,0.0,0.0,0.0,0.0,0.0,0.0,0.0,0.0,0.0,0.0,0.0,0.0,0.0,0.0,0.0,0.0,0.0,0.0
3891,0.0,0.0,0.0,0.0,0.0,0.0,0.0,0.0,0.0,0.0,0.0,0.0,0.0,0.0,0.0,0.0,0.0,0.0,0.0,0.0,0.0,0.0,0.0,0.0,0.0,0.0,0.0,0.0,0.0,0.0,0.0,0.0,0.0,0.0,0.0,0.0,0.0,0.0,0.0,0.0,0.0,0.0,0.0,0.0,0.0,0.0,0.0,0.0,0.0,0.0,0.0,0.0,0.0,0.0,0.0,0.0,0.0,0.0,0.0,0.0,0.0,0.0,0.0,0.0
3892,0.0,0.0,0.0,0.0,0.0,0.0,0.0,0.0,0.0,0.0,0.0,0.0,0.0,0.0,0.0,0.0,0.0,0.0,0.0,0.0,0.0,0.0,0.0,0.0,0.0,0.0,0.0,0.0,0.0,0.0,0.0,0.0,0.0,0.0,0.0,0.0,0.0,0.0,0.0,0.0,0.0,0.0,0.0,0.0,0.0,0.0,0.0,0.0,0.0,0.0,0.0,0.0,0.0,0.0,0.0,0.0,0.0,0.0,0.0,0.0,0.0,0.0,0.0,0.0
3893,0.0,0.0,0.0,0.0,0.0,0.0,0.0,0.0,0.0,0.0,0.0,0.0,0.0,0.0,0.0,0.0,0.0,0.0,0.0,0.0,0.0,0.0,0.0,0.0,0.0,0.0,0.0,0.0,0.0,0.0,0.0,0.0,0.0,0.0,0.0,0.0,0.0,0.0,0.0,0.0,0.0,0.0,0.0,0.0,0.0,0.0,0.0,0.0,0.0,0.0,0.0,0.0,0.0,0.0,0.0,0.0,0.0,0.0,0.0,0.0,0.0,0.0,0.0,0.0
3894,0.0,0.0,0.0,0.0,0.0,0.0,0.0,0.0,0.0,0.0,0.0,0.0,0.0,0.0,0.0,0.0,0.0,0.0,0.0,0.0,0.0,0.0,0.0,0.0,0.0,0.0,0.0,0.0,0.0,0.0,0.0,0.0,0.0,0.0,0.0,0.0,0.0,0.0,0.0,0.0,0.0,0.0,0.0,0.0,0.0,0.0,0.0,0.0,0.0,0.0,0.0,0.0,0.0,0.0,0.0,0.0,0.0,0.0,0.0,0.0,0.0,0.0,0.0,0.0
3895,0.0,0.0,0.0,0.0,0.0,0.0,0.0,0.0,0.0,0.0,0.0,0.0,0.0,0.0,0.0,0.0,0.0,0.0,0.0,0.0,0.0,0.0,0.0,0.0,0.0,0.0,0.0,0.0,0.0,0.0,0.0,0.0,0.0,0.0,0.0,0.0,0.0,0.0,0.0,0.0,0.0,0.0,0.0,0.0,0.0,0.0,0.0,0.0,0.0,0.0,0.0,0.0,0.0,0.0,0.0,0.0,0.0,0.0,0.0,0.0,0.0,0.0,0.0,0.0
3896,0.0,0.0,0.0,0.0,0.0,0.0,0.0,0.0,0.0,0.0,0.0,0.0,0.0,0.0,0.0,0.0,0.0,0.0,0.0,0.0,0.0,0.0,0.0,0.0,0.0,0.0,0.0,0.0,0.0,0.0,0.0,0.0,0.0,0.0,0.0,0.0,0.0,0.0,0.0,0.0,0.0,0.0,0.0,0.0,0.0,0.0,0.0,0.0,0.0,0.0,0.0,0.0,0.0,0.0,0.0,0.0,0.0,0.0,0.0,0.0,0.0,0.0,0.0,0.0
3897,0.0,0.04,0.04,0.0,0.0,0.04,0.0,0.0,0.03,0.03,0.03,0.03,0.03,0.03,0.03,0.03,0.03,0.03,0.03,0.03,0.03,0.03,0.03,0.03,0.04,0.03,0.0,0.0,0.03,0.04,0.03,0.0,0.0,0.0,0.0,0.04,0.04,0.03,0.03,0.03,0.03,0.03,0.03,0.04,0.03,0.03,0.04,0.0,0.0,0.04,0.03,0.03,0.03,0.03,0.03,0.03,0.0,0.03,0.03,0.04,0.03,0.03,0.03,0.03
3898,0.0,0.09,0.08,0.0,0.0,0.12,0.0,0.0,0.17,0.19,0.16,0.17,0.24,0.2,0.2,0.19,0.16,0.22,0.21,0.18,0.19,0.2,0.24,0.15,0.16,0.09,0.0,0.0,0.1,0.09,0.1,0.0,0.0,0.0,0.0,0.12,0.14,0.15,0.12,0.15,0.14,0.12,0.12,0.14,0.15,0.12,0.12,0.0,0.0,0.13,0.09,0.09,0.11,0.09,0.13,0.09,0.0,0.1,0.1,0.11,0.1,0.1,0.1,0.1
3899,0.0,0.52,0.52,0.0,0.0,0.55,0.0,0.0,0.59,0.62,0.57,0.59,0.65,0.61,0.61,0.61,0.57,0.63,0.63,0.6,0.61,0.62,0.65,0.58,0.58,0.53,0.0,0.0,0.53,0.52,0.53,0.0,0.0,0.0,0.0,0.54,0.57,0.58,0.55,0.58,0.57,0.56,0.55,0.58,0.58,0.55,0.55,0.0,0.0,0.55,0.52,0.52,0.53,0.51,0.55,0.51,0.0,0.52,0.52,0.52,0.52,0.52,0.53,0.52
3900,0.0,0.7,0.7,0.0,0.0,0.69,0.0,0.0,0.69,0.71,0.68,0.68,0.72,0.7,0.7,0.69,0.68,0.69,0.71,0.69,0.71,0.71,0.71,0.7,0.72,0.7,0.0,0.0,0.7,0.7,0.7,0.0,0.0,0.0,0.0,0.7,0.7,0.71,0.71,0.71,0.69,0.71,0.69,0.71,0.7,0.71,0.69,0.0,0.0,0.69,0.69,0.69,0.7,0.68,0.69,0.68,0.0,0.68,0.68,0.68,0.69,0.69,0.7,0.68
3901,0.0,0.73,0.73,0.0,0.0,0.72,0.0,0.0,0.7,0.73,0.69,0.7,0.74,0.72,0.71,0.7,0.7,0.72,0.74,0.7,0.73,0.73,0.74,0.71,0.75,0.72,0.0,0.0,0.72,0.73,0.72,0.0,0.0,0.0,0.0,0.72,0.71,0.73,0.72,0.73,0.73,0.73,0.72,0.73,0.71,0.72,0.72,0.0,0.0,0.73,0.72,0.72,0.73,0.71,0.72,0.71,0.0,0.71,0.71,0.72,0.72,0.72,0.73,0.71
3902,0.0,0.73,0.74,0.0,0.0,0.73,0.0,0.0,0.69,0.74,0.69,0.73,0.75,0.73,0.73,0.73,0.7,0.74,0.75,0.7,0.74,0.74,0.73,0.71,0.77,0.72,0.0,0.0,0.72,0.73,0.72,0.0,0.0,0.0,0.0,0.72,0.71,0.74,0.72,0.73,0.74,0.73,0.72,0.74,0.72,0.71,0.73,0.0,0.0,0.74,0.73,0.73,0.73,0.72,0.73,0.72,0.0,0.72,0.73,0.73,0.73,0.73,0.73,0.73
3903,0.0,0.72,0.72,0.0,0.0,0.72,0.0,0.0,0.69,0.74,0.7,0.73,0.74,0.73,0.73,0.72,0.7,0.73,0.76,0.71,0.75,0.73,0.15,0.71,0.76,0.72,0.0,0.0,0.72,0.72,0.71,0.0,0.0,0.0,0.0,0.71,0.7,0.74,0.71,0.72,0.73,0.72,0.71,0.73,0.71,0.7,0.73,0.0,0.0,0.73,0.73,0.74,0.73,0.72,0.73,0.7,0.0,0.72,0.72,0.73,0.73,0.73,0.73,0.72
3904,0.0,0.72,0.73,0.0,0.0,0.73,0.0,0.0,0.7,0.74,0.71,0.72,0.17,0.73,0.73,0.73,0.71,0.75,0.75,0.72,0.75,0.74,0.72,0.72,0.77,0.72,0.0,0.0,0.72,0.72,0.72,0.0,0.0,0.0,0.0,0.72,0.7,0.74,0.73,0.73,0.73,0.72,0.72,0.74,0.71,0.72,0.74,0.0,0.0,0.74,0.74,0.75,0.74,0.73,0.74,0.71,0.0,0.72,0.73,0.73,0.73,0.74,0.74,0.74
3905,0.0,0.72,0.72,0.0,0.0,0.72,0.0,0.0,0.7,0.74,0.71,0.71,0.73,0.73,0.73,0.74,0.7,0.15,0.06,0.71,0.73,0.73,0.73,0.73,0.77,0.72,0.0,0.0,0.72,0.72,0.72,0.0,0.0,0.0,0.0,0.72,0.71,0.74,0.72,0.72,0.74,0.73,0.73,0.74,0.72,0.72,0.73,0.0,0.0,0.74,0.73,0.74,0.73,0.74,0.74,0.72,0.0,0.72,0.73,0.73,0.73,0.73,0.74,0.73
3906,0.0,0.71,0.7,0.0,0.0,0.72,0.0,0.0,0.71,0.72,0.71,0.71,0.16,0.71,0.72,0.74,0.68,0.11,0.08,0.72,0.72,0.72,0.72,0.74,0.74,0.43,0.0,0.0,0.71,0.71,0.71,0.0,0.0,0.0,0.0,0.71,0.7,0.73,0.72,0.7,0.72,0.72,0.72,0.74,0.73,0.72,0.72,0.0,0.0,0.72,0.72,0.73,0.73,0.72,0.72,0.71,0.0,0.7,0.72,0.7,0.72,0.72,0.72,0.72
3907,0.0,0.7,0.67,0.0,0.0,0.72,0.0,0.0,0.7,0.69,0.69,0.71,0.22,0.69,0.7,0.71,0.67,0.06,0.06,0.71,0.7,0.69,0.68,0.72,0.72,0.69,0.0,0.0,0.69,0.7,0.69,0.0,0.0,0.0,0.0,0.7,0.69,0.7,0.7,0.69,0.14,0.71,0.7,0.72,0.72,0.7,0.7,0.0,0.0,0.7,0.69,0.69,0.7,0.7,0.69,0.68,0.0,0.68,0.7,0.66,0.7,0.69,0.7,0.7
3908,0.0,0.66,0.11,0.0,0.0,0.69,0.0,0.0,0.67,0.66,0.66,0.66,0.04,0.65,0.66,0.67,0.06,0.03,0.02,0.67,0.66,0.64,0.64,0.69,0.68,0.23,0.0,0.0,0.66,0.67,0.21,0.0,0.0,0.0,0.0,0.69,0.68,0.68,0.68,0.68,0.18,0.69,0.68,0.68,0.68,0.68,0.68,0.0,0.0,0.69,0.66,0.67,0.66,0.68,0.66,0.65,0.0,0.66,0.67,0.66,0.67,0.66,0.19,0.67
3909,0.0,0.41,0.42,0.0,0.0,0.39,0.0,0.0,0.34,0.33,0.35,0.08,0.11,0.31,0.3,0.3,0.36,0.03,0.04,0.33,0.33,0.3,0.28,0.37,0.36,0.4,0.0,0.0,0.4,0.41,0.41,0.0,0.0,0.0,0.0,0.4,0.38,0.37,0.4,0.37,0.39,0.4,0.4,0.38,0.37,0.4,0.39,0.0,0.0,0.39,0.41,0.42,0.38,0.42,0.39,0.4,0.0,0.4,0.41,0.39,0.41,0.41,0.07,0.41
3910,0.0,0.05,0.05,0.0,0.0,0.05,0.0,0.0,0.05,0.05,0.05,0.04,0.05,0.04,0.04,0.04,0.05,0.01,0.01,0.04,0.04,0.04,0.03,0.05,0.06,0.05,0.0,0.0,0.05,0.05,0.05,0.0,0.0,0.0,0.0,0.05,0.05,0.05,0.05,0.05,0.05,0.05,0.05,0.05,0.05,0.05,0.05,0.0,0.0,0.05,0.05,0.05,0.05,0.05,0.05,0.05,0.0,0.05,0.05,0.05,0.05,0.05,0.05,0.05
3911,0.0,0.02,0.02,0.0,0.0,0.02,0.0,0.0,0.02,0.02,0.02,0.02,0.0,0.01,0.01,0.01,0.02,0.0,0.0,0.01,0.02,0.01,0.01,0.02,0.0,0.02,0.0,0.0,0.02,0.02,0.02,0.0,0.0,0.0,0.0,0.02,0.02,0.02,0.02,0.02,0.02,0.02,0.02,0.02,0.02,0.02,0.02,0.0,0.0,0.01,0.02,0.02,0.02,0.02,0.02,0.03,0.0,0.02,0.02,0.02,0.02,0.02,0.02,0.02
3912,0.0,0.0,0.0,0.0,0.0,0.0,0.0,0.0,0.0,0.0,0.0,0.0,0.0,0.0,0.0,0.0,0.0,0.0,0.0,0.0,0.0,0.0,0.0,0.0,0.0,0.0,0.0,0.0,0.0,0.0,0.0,0.0,0.0,0.0,0.0,0.0,0.0,0.0,0.0,0.0,0.0,0.0,0.0,0.0,0.0,0.0,0.0,0.0,0.0,0.0,0.0,0.0,0.0,0.0,0.0,0.0,0.0,0.0,0.0,0.0,0.0,0.0,0.0,0.0
3913,0.0,0.0,0.0,0.0,0.0,0.0,0.0,0.0,0.0,0.0,0.0,0.0,0.0,0.0,0.0,0.0,0.0,0.0,0.0,0.0,0.0,0.0,0.0,0.0,0.0,0.0,0.0,0.0,0.0,0.0,0.0,0.0,0.0,0.0,0.0,0.0,0.0,0.0,0.0,0.0,0.0,0.0,0.0,0.0,0.0,0.0,0.0,0.0,0.0,0.0,0.0,0.0,0.0,0.0,0.0,0.0,0.0,0.0,0.0,0.0,0.0,0.0,0.0,0.0
3914,0.0,0.0,0.0,0.0,0.0,0.0,0.0,0.0,0.0,0.0,0.0,0.0,0.0,0.0,0.0,0.0,0.0,0.0,0.0,0.0,0.0,0.0,0.0,0.0,0.0,0.0,0.0,0.0,0.0,0.0,0.0,0.0,0.0,0.0,0.0,0.0,0.0,0.0,0.0,0.0,0.0,0.0,0.0,0.0,0.0,0.0,0.0,0.0,0.0,0.0,0.0,0.0,0.0,0.0,0.0,0.0,0.0,0.0,0.0,0.0,0.0,0.0,0.0,0.0
3915,0.0,0.0,0.0,0.0,0.0,0.0,0.0,0.0,0.0,0.0,0.0,0.0,0.0,0.0,0.0,0.0,0.0,0.0,0.0,0.0,0.0,0.0,0.0,0.0,0.0,0.0,0.0,0.0,0.0,0.0,0.0,0.0,0.0,0.0,0.0,0.0,0.0,0.0,0.0,0.0,0.0,0.0,0.0,0.0,0.0,0.0,0.0,0.0,0.0,0.0,0.0,0.0,0.0,0.0,0.0,0.0,0.0,0.0,0.0,0.0,0.0,0.0,0.0,0.0
3916,0.0,0.0,0.0,0.0,0.0,0.0,0.0,0.0,0.0,0.0,0.0,0.0,0.0,0.0,0.0,0.0,0.0,0.0,0.0,0.0,0.0,0.0,0.0,0.0,0.0,0.0,0.0,0.0,0.0,0.0,0.0,0.0,0.0,0.0,0.0,0.0,0.0,0.0,0.0,0.0,0.0,0.0,0.0,0.0,0.0,0.0,0.0,0.0,0.0,0.0,0.0,0.0,0.0,0.0,0.0,0.0,0.0,0.0,0.0,0.0,0.0,0.0,0.0,0.0
3917,0.0,0.0,0.0,0.0,0.0,0.0,0.0,0.0,0.0,0.0,0.0,0.0,0.0,0.0,0.0,0.0,0.0,0.0,0.0,0.0,0.0,0.0,0.0,0.0,0.0,0.0,0.0,0.0,0.0,0.0,0.0,0.0,0.0,0.0,0.0,0.0,0.0,0.0,0.0,0.0,0.0,0.0,0.0,0.0,0.0,0.0,0.0,0.0,0.0,0.0,0.0,0.0,0.0,0.0,0.0,0.0,0.0,0.0,0.0,0.0,0.0,0.0,0.0,0.0
3918,0.0,0.0,0.0,0.0,0.0,0.0,0.0,0.0,0.0,0.0,0.0,0.0,0.0,0.0,0.0,0.0,0.0,0.0,0.0,0.0,0.0,0.0,0.0,0.0,0.0,0.0,0.0,0.0,0.0,0.0,0.0,0.0,0.0,0.0,0.0,0.0,0.0,0.0,0.0,0.0,0.0,0.0,0.0,0.0,0.0,0.0,0.0,0.0,0.0,0.0,0.0,0.0,0.0,0.0,0.0,0.0,0.0,0.0,0.0,0.0,0.0,0.0,0.0,0.0
3919,0.0,0.0,0.0,0.0,0.0,0.0,0.0,0.0,0.0,0.0,0.0,0.0,0.0,0.0,0.0,0.0,0.0,0.0,0.0,0.0,0.0,0.0,0.0,0.0,0.0,0.0,0.0,0.0,0.0,0.0,0.0,0.0,0.0,0.0,0.0,0.0,0.0,0.0,0.0,0.0,0.0,0.0,0.0,0.0,0.0,0.0,0.0,0.0,0.0,0.0,0.0,0.0,0.0,0.0,0.0,0.0,0.0,0.0,0.0,0.0,0.0,0.0,0.0,0.0
3920,0.0,0.0,0.0,0.0,0.0,0.0,0.0,0.0,0.0,0.0,0.0,0.0,0.0,0.0,0.0,0.0,0.0,0.0,0.0,0.0,0.0,0.0,0.0,0.0,0.0,0.0,0.0,0.0,0.0,0.0,0.0,0.0,0.0,0.0,0.0,0.0,0.0,0.0,0.0,0.0,0.0,0.0,0.0,0.0,0.0,0.0,0.0,0.0,0.0,0.0,0.0,0.0,0.0,0.0,0.0,0.0,0.0,0.0,0.0,0.0,0.0,0.0,0.0,0.0
3921,0.0,0.04,0.04,0.0,0.0,0.04,0.0,0.0,0.04,0.04,0.04,0.02,0.04,0.04,0.04,0.04,0.04,0.04,0.04,0.04,0.04,0.04,0.04,0.04,0.04,0.04,0.0,0.0,0.04,0.04,0.04,0.0,0.0,0.0,0.0,0.04,0.04,0.04,0.04,0.04,0.04,0.04,0.04,0.04,0.04,0.04,0.04,0.0,0.0,0.04,0.04,0.04,0.04,0.04,0.04,0.04,0.0,0.04,0.04,0.04,0.04,0.04,0.04,0.04
3922,0.0,0.09,0.09,0.0,0.0,0.12,0.0,0.0,0.16,0.18,0.15,0.16,0.22,0.19,0.19,0.18,0.15,0.2,0.2,0.17,0.18,0.19,0.23,0.15,0.16,0.09,0.0,0.0,0.1,0.09,0.1,0.0,0.0,0.0,0.0,0.12,0.14,0.14,0.12,0.14,0.13,0.12,0.12,0.14,0.14,0.12,0.12,0.0,0.0,0.12,0.1,0.09,0.11,0.1,0.12,0.1,0.0,0.1,0.1,0.11,0.1,0.1,0.1,0.1
3923,0.0,0.49,0.48,0.0,0.0,0.52,0.0,0.0,0.53,0.56,0.53,0.16,0.62,0.56,0.57,0.56,0.55,0.61,0.59,0.55,0.56,0.56,0.63,0.53,0.55,0.48,0.0,0.0,0.48,0.49,0.49,0.0,0.0,0.0,0.0,0.51,0.52,0.53,0.51,0.53,0.53,0.51,0.51,0.53,0.53,0.51,0.52,0.0,0.0,0.52,0.49,0.48,0.5,0.48,0.5,0.48,0.0,0.49,0.49,0.48,0.49,0.49,0.48,0.49
3924,0.0,0.66,0.66,0.0,0.0,0.66,0.0,0.0,0.64,0.64,0.65,0.45,0.7,0.13,0.27,0.65,0.68,0.68,0.66,0.64,0.65,0.64,0.7,0.66,0.68,0.64,0.0,0.0,0.66,0.66,0.66,0.0,0.0,0.0,0.0,0.67,0.66,0.66,0.66,0.66,0.67,0.67,0.66,0.66,0.66,0.67,0.66,0.0,0.0,0.67,0.66,0.65,0.66,0.65,0.66,0.64,0.0,0.65,0.66,0.66,0.66,0.66,0.64,0.66
3925,0.0,0.7,0.69,0.0,0.0,0.71,0.0,0.0,0.68,0.66,0.69,0.71,0.72,0.69,0.24,0.27,0.71,0.71,0.7,0.66,0.66,0.67,0.72,0.7,0.72,0.68,0.0,0.0,0.7,0.7,0.7,0.0,0.0,0.0,0.0,0.71,0.7,0.68,0.7,0.69,0.72,0.71,0.7,0.7,0.7,0.71,0.7,0.0,0.0,0.71,0.7,0.7,0.7,0.69,0.7,0.37,0.0,0.69,0.7,0.7,0.7,0.7,0.66,0.7
3926,0.0,0.71,0.7,0.0,0.0,0.72,0.0,0.0,0.41,0.68,0.69,0.72,0.72,0.69,0.7,0.68,0.73,0.72,0.7,0.66,0.68,0.68,0.71,0.71,0.74,0.68,0.0,0.0,0.71,0.71,0.7,0.0,0.0,0.0,0.0,0.72,0.71,0.69,0.71,0.71,0.73,0.72,0.71,0.71,0.71,0.72,0.72,0.0,0.0,0.72,0.71,0.71,0.48,0.71,0.73,0.23,0.0,0.71,0.71,0.72,0.72,0.71,0.69,0.72
3927,0.0,0.71,0.71,0.0,0.0,0.73,0.0,0.0,0.69,0.71,0.68,0.73,0.7,0.7,0.7,0.69,0.72,0.71,0.72,0.41,0.7,0.69,0.71,0.72,0.74,0.68,0.0,0.0,0.73,0.71,0.72,0.0,0.0,0.0,0.0,0.72,0.72,0.72,0.72,0.74,0.74,0.72,0.72,0.72,0.72,0.72,0.72,0.0,0.0,0.72,0.71,0.72,0.63,0.72,0.36,0.72,0.0,0.72,0.71,0.22,0.72,0.72,0.73,0.71
3928,0.0,0.71,0.7,0.0,0.0,0.74,0.0,0.0,0.68,0.71,0.67,0.73,0.7,0.7,0.7,0.69,0.73,0.71,0.73,0.7,0.72,0.68,0.7,0.71,0.76,0.71,0.0,0.0,0.73,0.72,0.73,0.0,0.0,0.0,0.0,0.72,0.72,0.74,0.72,0.74,0.74,0.72,0.71,0.72,0.72,0.71,0.73,0.0,0.0,0.73,0.28,0.72,0.72,0.72,0.74,0.71,0.0,0.73,0.3,0.74,0.22,0.51,0.73,0.41
3929,0.0,0.72,0.71,0.0,0.0,0.74,0.0,0.0,0.68,0.72,0.67,0.73,0.69,0.69,0.7,0.69,0.73,0.7,0.72,0.69,0.69,0.67,0.69,0.69,0.76,0.71,0.0,0.0,0.73,0.73,0.73,0.0,0.0,0.0,0.0,0.71,0.71,0.74,0.7,0.74,0.31,0.7,0.69,0.71,0.69,0.7,0.73,0.0,0.0,0.74,0.22,0.72,0.37,0.71,0.73,0.72,0.0,0.72,0.16,0.73,0.28,0.72,0.7,0.12
3930,0.0,0.7,0.71,0.0,0.0,0.74,0.0,0.0,0.69,0.7,0.67,0.69,0.67,0.67,0.68,0.7,0.72,0.67,0.71,0.69,0.7,0.65,0.68,0.67,0.75,0.68,0.0,0.0,0.71,0.71,0.72,0.0,0.0,0.0,0.0,0.69,0.71,0.71,0.69,0.72,0.4,0.68,0.14,0.69,0.68,0.7,0.73,0.0,0.0,0.73,0.71,0.7,0.72,0.69,0.72,0.7,0.0,0.7,0.7,0.72,0.7,0.72,0.67,0.7
3931,0.0,0.68,0.69,0.0,0.0,0.72,0.0,0.0,0.56,0.67,0.66,0.69,0.65,0.65,0.66,0.67,0.67,0.65,0.69,0.66,0.68,0.65,0.67,0.66,0.73,0.67,0.0,0.0,0.69,0.68,0.69,0.0,0.0,0.0,0.0,0.67,0.67,0.69,0.26,0.7,0.69,0.06,0.1,0.65,0.15,0.16,0.71,0.0,0.0,0.72,0.7,0.12,0.7,0.69,0.69,0.67,0.0,0.69,0.68,0.7,0.68,0.7,0.13,0.68
3932,0.0,0.63,0.64,0.0,0.0,0.66,0.0,0.0,0.6,0.61,0.6,0.62,0.58,0.56,0.59,0.6,0.62,0.6,0.63,0.6,0.62,0.57,0.58,0.59,0.66,0.63,0.0,0.0,0.64,0.63,0.64,0.0,0.0,0.0,0.0,0.61,0.61,0.62,0.33,0.64,0.64,0.39,0.6,0.61,0.61,0.62,0.65,0.0,0.0,0.65,0.64,0.17,0.64,0.63,0.63,0.62,0.0,0.62,0.64,0.64,0.62,0.64,0.14,0.64
3933,0.0,0.41,0.42,0.0,0.0,0.39,0.0,0.0,0.32,0.31,0.33,0.33,0.26,0.3,0.3,0.31,0.35,0.29,0.3,0.31,0.32,0.3,0.27,0.34,0.36,0.41,0.0,0.0,0.4,0.41,0.41,0.0,0.0,0.0,0.0,0.08,0.36,0.36,0.08,0.36,0.38,0.11,0.37,0.35,0.35,0.38,0.39,0.0,0.0,0.39,0.41,0.41,0.38,0.4,0.38,0.4,0.0,0.4,0.18,0.39,0.41,0.41,0.09,0.4
3934,0.0,0.05,0.05,0.0,0.0,0.05,0.0,0.0,0.04,0.04,0.04,0.04,0.04,0.04,0.04,0.04,0.04,0.04,0.04,0.04,0.04,0.04,0.04,0.04,0.05,0.05,0.0,0.0,0.04,0.05,0.05,0.0,0.0,0.0,0.0,0.04,0.04,0.04,0.05,0.04,0.05,0.05,0.05,0.04,0.04,0.05,0.05,0.0,0.0,0.05,0.05,0.05,0.05,0.05,0.05,0.05,0.0,0.05,0.05,0.05,0.05,0.05,0.07,0.05
3935,0.0,0.02,0.02,0.0,0.0,0.02,0.0,0.0,0.02,0.02,0.02,0.02,0.0,0.01,0.01,0.01,0.02,0.02,0.02,0.02,0.02,0.01,0.01,0.02,0.0,0.02,0.0,0.0,0.02,0.02,0.0,0.0,0.0,0.0,0.0,0.02,0.02,0.02,0.02,0.02,0.02,0.02,0.02,0.02,0.02,0.02,0.02,0.0,0.0,0.01,0.02,0.02,0.02,0.03,0.02,0.03,0.0,0.02,0.02,0.02,0.02,0.02,0.02,0.02
3936,0.0,0.0,0.0,0.0,0.0,0.0,0.0,0.0,0.0,0.0,0.0,0.0,0.0,0.0,0.0,0.0,0.0,0.0,0.0,0.0,0.0,0.0,0.0,0.0,0.0,0.0,0.0,0.0,0.0,0.0,0.0,0.0,0.0,0.0,0.0,0.0,0.0,0.0,0.0,0.0,0.0,0.0,0.0,0.0,0.0,0.0,0.0,0.0,0.0,0.0,0.0,0.0,0.0,0.0,0.0,0.0,0.0,0.0,0.0,0.0,0.0,0.0,0.0,0.0
3937,0.0,0.0,0.0,0.0,0.0,0.0,0.0,0.0,0.0,0.0,0.0,0.0,0.0,0.0,0.0,0.0,0.0,0.0,0.0,0.0,0.0,0.0,0.0,0.0,0.0,0.0,0.0,0.0,0.0,0.0,0.0,0.0,0.0,0.0,0.0,0.0,0.0,0.0,0.0,0.0,0.0,0.0,0.0,0.0,0.0,0.0,0.0,0.0,0.0,0.0,0.0,0.0,0.0,0.0,0.0,0.0,0.0,0.0,0.0,0.0,0.0,0.0,0.0,0.0
3938,0.0,0.0,0.0,0.0,0.0,0.0,0.0,0.0,0.0,0.0,0.0,0.0,0.0,0.0,0.0,0.0,0.0,0.0,0.0,0.0,0.0,0.0,0.0,0.0,0.0,0.0,0.0,0.0,0.0,0.0,0.0,0.0,0.0,0.0,0.0,0.0,0.0,0.0,0.0,0.0,0.0,0.0,0.0,0.0,0.0,0.0,0.0,0.0,0.0,0.0,0.0,0.0,0.0,0.0,0.0,0.0,0.0,0.0,0.0,0.0,0.0,0.0,0.0,0.0
3939,0.0,0.0,0.0,0.0,0.0,0.0,0.0,0.0,0.0,0.0,0.0,0.0,0.0,0.0,0.0,0.0,0.0,0.0,0.0,0.0,0.0,0.0,0.0,0.0,0.0,0.0,0.0,0.0,0.0,0.0,0.0,0.0,0.0,0.0,0.0,0.0,0.0,0.0,0.0,0.0,0.0,0.0,0.0,0.0,0.0,0.0,0.0,0.0,0.0,0.0,0.0,0.0,0.0,0.0,0.0,0.0,0.0,0.0,0.0,0.0,0.0,0.0,0.0,0.0
3940,0.0,0.0,0.0,0.0,0.0,0.0,0.0,0.0,0.0,0.0,0.0,0.0,0.0,0.0,0.0,0.0,0.0,0.0,0.0,0.0,0.0,0.0,0.0,0.0,0.0,0.0,0.0,0.0,0.0,0.0,0.0,0.0,0.0,0.0,0.0,0.0,0.0,0.0,0.0,0.0,0.0,0.0,0.0,0.0,0.0,0.0,0.0,0.0,0.0,0.0,0.0,0.0,0.0,0.0,0.0,0.0,0.0,0.0,0.0,0.0,0.0,0.0,0.0,0.0
3941,0.0,0.0,0.0,0.0,0.0,0.0,0.0,0.0,0.0,0.0,0.0,0.0,0.0,0.0,0.0,0.0,0.0,0.0,0.0,0.0,0.0,0.0,0.0,0.0,0.0,0.0,0.0,0.0,0.0,0.0,0.0,0.0,0.0,0.0,0.0,0.0,0.0,0.0,0.0,0.0,0.0,0.0,0.0,0.0,0.0,0.0,0.0,0.0,0.0,0.0,0.0,0.0,0.0,0.0,0.0,0.0,0.0,0.0,0.0,0.0,0.0,0.0,0.0,0.0
3942,0.0,0.0,0.0,0.0,0.0,0.0,0.0,0.0,0.0,0.0,0.0,0.0,0.0,0.0,0.0,0.0,0.0,0.0,0.0,0.0,0.0,0.0,0.0,0.0,0.0,0.0,0.0,0.0,0.0,0.0,0.0,0.0,0.0,0.0,0.0,0.0,0.0,0.0,0.0,0.0,0.0,0.0,0.0,0.0,0.0,0.0,0.0,0.0,0.0,0.0,0.0,0.0,0.0,0.0,0.0,0.0,0.0,0.0,0.0,0.0,0.0,0.0,0.0,0.0
3943,0.0,0.0,0.0,0.0,0.0,0.0,0.0,0.0,0.0,0.0,0.0,0.0,0.0,0.0,0.0,0.0,0.0,0.0,0.0,0.0,0.0,0.0,0.0,0.0,0.0,0.0,0.0,0.0,0.0,0.0,0.0,0.0,0.0,0.0,0.0,0.0,0.0,0.0,0.0,0.0,0.0,0.0,0.0,0.0,0.0,0.0,0.0,0.0,0.0,0.0,0.0,0.0,0.0,0.0,0.0,0.0,0.0,0.0,0.0,0.0,0.0,0.0,0.0,0.0
3944,0.0,0.0,0.0,0.0,0.0,0.0,0.0,0.0,0.0,0.01,0.0,0.0,0.0,0.0,0.0,0.0,0.0,0.0,0.0,0.0,0.0,0.0,0.01,0.0,0.0,0.0,0.0,0.0,0.0,0.0,0.0,0.0,0.0,0.0,0.0,0.0,0.0,0.0,0.0,0.0,0.0,0.0,0.0,0.0,0.0,0.0,0.0,0.0,0.0,0.0,0.0,0.0,0.0,0.0,0.0,0.0,0.0,0.0,0.0,0.0,0.0,0.0,0.0,0.0
3945,0.0,0.02,0.02,0.0,0.0,0.02,0.0,0.0,0.03,0.03,0.03,0.03,0.03,0.03,0.03,0.03,0.03,0.03,0.03,0.03,0.03,0.03,0.03,0.02,0.03,0.02,0.0,0.0,0.02,0.02,0.02,0.0,0.0,0.0,0.0,0.02,0.02,0.02,0.02,0.02,0.02,0.02,0.02,0.02,0.02,0.02,0.02,0.0,0.0,0.02,0.02,0.02,0.02,0.02,0.02,0.02,0.0,0.02,0.02,0.02,0.02,0.02,0.02,0.02
3946,0.0,0.09,0.09,0.0,0.0,0.12,0.0,0.0,0.16,0.18,0.15,0.16,0.22,0.18,0.18,0.18,0.15,0.2,0.2,0.17,0.18,0.19,0.22,0.14,0.15,0.09,0.0,0.0,0.1,0.09,0.1,0.0,0.0,0.0,0.0,0.11,0.13,0.14,0.11,0.14,0.13,0.12,0.12,0.14,0.14,0.11,0.12,0.0,0.0,0.13,0.1,0.09,0.11,0.1,0.12,0.09,0.0,0.1,0.1,0.11,0.1,0.1,0.1,0.1
3947,0.0,0.49,0.48,0.0,0.0,0.51,0.0,0.0,0.54,0.58,0.53,0.57,0.6,0.57,0.57,0.56,0.55,0.6,0.6,0.55,0.58,0.58,0.6,0.54,0.55,0.49,0.0,0.0,0.49,0.49,0.49,0.0,0.0,0.0,0.0,0.5,0.52,0.54,0.5,0.54,0.53,0.51,0.51,0.53,0.53,0.51,0.52,0.0,0.0,0.52,0.5,0.49,0.5,0.49,0.52,0.49,0.0,0.49,0.5,0.5,0.5,0.5,0.5,0.5
3948,0.0,0.66,0.66,0.0,0.0,0.66,0.0,0.0,0.65,0.67,0.64,0.69,0.66,0.66,0.66,0.65,0.68,0.67,0.68,0.65,0.68,0.66,0.65,0.66,0.67,0.67,0.0,0.0,0.66,0.66,0.67,0.0,0.0,0.0,0.0,0.66,0.65,0.67,0.66,0.67,0.67,0.66,0.66,0.66,0.66,0.66,0.66,0.0,0.0,0.66,0.67,0.67,0.66,0.66,0.67,0.66,0.0,0.66,0.67,0.66,0.67,0.67,0.68,0.68
3949,0.0,0.69,0.69,0.0,0.0,0.69,0.0,0.0,0.68,0.69,0.68,0.72,0.67,0.68,0.69,0.68,0.71,0.7,0.71,0.67,0.71,0.69,0.67,0.69,0.7,0.7,0.0,0.0,0.7,0.7,0.7,0.0,0.0,0.0,0.0,0.68,0.68,0.7,0.69,0.72,0.71,0.7,0.7,0.69,0.69,0.7,0.69,0.0,0.0,0.69,0.7,0.7,0.69,0.69,0.7,0.69,0.0,0.69,0.71,0.7,0.7,0.7,0.71,0.71
3950,0.0,0.7,0.7,0.0,0.0,0.7,0.0,0.0,0.7,0.71,0.7,0.74,0.7,0.7,0.71,0.7,0.73,0.72,0.72,0.69,0.72,0.7,0.7,0.71,0.73,0.72,0.0,0.0,0.72,0.7,0.7,0.0,0.0,0.0,0.0,0.7,0.71,0.73,0.71,0.73,0.73,0.72,0.72,0.71,0.71,0.72,0.7,0.0,0.0,0.71,0.72,0.72,0.71,0.71,0.72,0.71,0.0,0.71,0.72,0.72,0.73,0.72,0.73,0.73
3951,0.0,0.71,0.71,0.0,0.0,0.72,0.0,0.0,0.71,0.71,0.7,0.74,0.7,0.71,0.72,0.71,0.73,0.72,0.73,0.71,0.73,0.71,0.7,0.71,0.74,0.72,0.0,0.0,0.72,0.72,0.72,0.0,0.0,0.0,0.0,0.71,0.71,0.73,0.72,0.74,0.72,0.72,0.72,0.71,0.71,0.72,0.72,0.0,0.0,0.72,0.72,0.73,0.72,0.72,0.74,0.71,0.0,0.72,0.72,0.73,0.73,0.72,0.73,0.73
3952,0.0,0.71,0.72,0.0,0.0,0.72,0.0,0.0,0.71,0.72,0.7,0.74,0.71,0.71,0.71,0.71,0.73,0.72,0.73,0.71,0.73,0.71,0.7,0.71,0.75,0.72,0.0,0.0,0.71,0.71,0.72,0.0,0.0,0.0,0.0,0.71,0.71,0.73,0.71,0.73,0.72,0.71,0.72,0.71,0.71,0.72,0.72,0.0,0.0,0.72,0.73,0.73,0.72,0.72,0.74,0.71,0.0,0.72,0.72,0.73,0.73,0.72,0.73,0.73
3953,0.0,0.72,0.72,0.0,0.0,0.73,0.0,0.0,0.7,0.72,0.7,0.73,0.7,0.71,0.71,0.71,0.72,0.72,0.73,0.7,0.73,0.71,0.7,0.71,0.75,0.72,0.0,0.0,0.71,0.71,0.71,0.0,0.0,0.0,0.0,0.71,0.7,0.72,0.71,0.73,0.72,0.71,0.71,0.71,0.71,0.72,0.72,0.0,0.0,0.72,0.73,0.73,0.72,0.72,0.74,0.71,0.0,0.72,0.72,0.73,0.73,0.72,0.72,0.73
3954,0.0,0.71,0.71,0.0,0.0,0.71,0.0,0.0,0.7,0.7,0.69,0.73,0.69,0.69,0.7,0.68,0.72,0.71,0.72,0.68,0.72,0.7,0.68,0.7,0.74,0.71,0.0,0.0,0.71,0.71,0.71,0.0,0.0,0.0,0.0,0.7,0.7,0.71,0.71,0.72,0.72,0.7,0.7,0.7,0.7,0.71,0.71,0.0,0.0,0.71,0.73,0.71,0.72,0.71,0.72,0.69,0.0,0.71,0.72,0.71,0.73,0.72,0.71,0.72
3955,0.0,0.69,0.7,0.0,0.0,0.69,0.0,0.0,0.67,0.68,0.67,0.7,0.65,0.67,0.66,0.66,0.7,0.68,0.7,0.67,0.69,0.67,0.66,0.68,0.71,0.69,0.0,0.0,0.68,0.69,0.68,0.0,0.0,0.0,0.0,0.68,0.68,0.69,0.68,0.7,0.7,0.69,0.69,0.67,0.68,0.69,0.69,0.0,0.0,0.69,0.71,0.68,0.69,0.7,0.69,0.66,0.0,0.69,0.7,0.69,0.7,0.71,0.69,0.7
3956,0.0,0.64,0.65,0.0,0.0,0.64,0.0,0.0,0.59,0.62,0.61,0.63,0.6,0.6,0.6,0.61,0.64,0.62,0.63,0.61,0.63,0.59,0.59,0.61,0.65,0.64,0.0,0.0,0.63,0.64,0.64,0.0,0.0,0.0,0.0,0.63,0.63,0.63,0.63,0.64,0.64,0.63,0.63,0.61,0.62,0.63,0.64,0.0,0.0,0.64,0.65,0.64,0.64,0.65,0.63,0.61,0.0,0.64,0.64,0.63,0.66,0.65,0.64,0.65
3957,0.0,0.39,0.4,0.0,0.0,0.36,0.0,0.0,0.12,0.3,0.32,0.32,0.25,0.28,0.28,0.29,0.33,0.28,0.28,0.29,0.3,0.28,0.25,0.32,0.33,0.39,0.0,0.0,0.38,0.39,0.39,0.0,0.0,0.0,0.0,0.36,0.34,0.34,0.36,0.34,0.35,0.36,0.35,0.33,0.33,0.36,0.36,0.0,0.0,0.35,0.39,0.39,0.36,0.38,0.36,0.37,0.0,0.38,0.38,0.36,0.39,0.39,0.38,0.39
3958,0.0,0.06,0.06,0.0,0.0,0.06,0.0,0.0,0.06,0.05,0.06,0.05,0.05,0.05,0.06,0.06,0.05,0.05,0.05,0.06,0.05,0.05,0.05,0.06,0.06,0.06,0.0,0.0,0.06,0.06,0.06,0.0,0.0,0.0,0.0,0.06,0.06,0.06,0.06,0.06,0.05,0.06,0.06,0.06,0.06,0.06,0.06,0.0,0.0,0.06,0.06,0.06,0.06,0.06,0.06,0.06,0.0,0.06,0.06,0.06,0.06,0.06,0.06,0.06
3959,0.0,0.02,0.02,0.0,0.0,0.0,0.0,0.0,0.01,0.02,0.01,0.02,0.0,0.0,0.0,0.0,0.02,0.01,0.01,0.0,0.02,0.0,0.0,0.01,0.0,0.02,0.0,0.0,0.02,0.02,0.02,0.0,0.0,0.0,0.0,0.01,0.01,0.02,0.02,0.02,0.02,0.02,0.02,0.01,0.01,0.02,0.0,0.0,0.0,0.0,0.03,0.03,0.03,0.03,0.03,0.03,0.0,0.03,0.03,0.03,0.03,0.03,0.03,0.03
3960,0.0,0.0,0.0,0.0,0.0,0.0,0.0,0.0,0.0,0.0,0.0,0.0,0.0,0.0,0.0,0.0,0.0,0.0,0.0,0.0,0.0,0.0,0.0,0.0,0.0,0.0,0.0,0.0,0.0,0.0,0.0,0.0,0.0,0.0,0.0,0.0,0.0,0.0,0.0,0.0,0.0,0.0,0.0,0.0,0.0,0.0,0.0,0.0,0.0,0.0,0.0,0.0,0.0,0.0,0.0,0.0,0.0,0.0,0.0,0.0,0.0,0.0,0.0,0.0
3961,0.0,0.0,0.0,0.0,0.0,0.0,0.0,0.0,0.0,0.0,0.0,0.0,0.0,0.0,0.0,0.0,0.0,0.0,0.0,0.0,0.0,0.0,0.0,0.0,0.0,0.0,0.0,0.0,0.0,0.0,0.0,0.0,0.0,0.0,0.0,0.0,0.0,0.0,0.0,0.0,0.0,0.0,0.0,0.0,0.0,0.0,0.0,0.0,0.0,0.0,0.0,0.0,0.0,0.0,0.0,0.0,0.0,0.0,0.0,0.0,0.0,0.0,0.0,0.0
3962,0.0,0.0,0.0,0.0,0.0,0.0,0.0,0.0,0.0,0.0,0.0,0.0,0.0,0.0,0.0,0.0,0.0,0.0,0.0,0.0,0.0,0.0,0.0,0.0,0.0,0.0,0.0,0.0,0.0,0.0,0.0,0.0,0.0,0.0,0.0,0.0,0.0,0.0,0.0,0.0,0.0,0.0,0.0,0.0,0.0,0.0,0.0,0.0,0.0,0.0,0.0,0.0,0.0,0.0,0.0,0.0,0.0,0.0,0.0,0.0,0.0,0.0,0.0,0.0
3963,0.0,0.0,0.0,0.0,0.0,0.0,0.0,0.0,0.0,0.0,0.0,0.0,0.0,0.0,0.0,0.0,0.0,0.0,0.0,0.0,0.0,0.0,0.0,0.0,0.0,0.0,0.0,0.0,0.0,0.0,0.0,0.0,0.0,0.0,0.0,0.0,0.0,0.0,0.0,0.0,0.0,0.0,0.0,0.0,0.0,0.0,0.0,0.0,0.0,0.0,0.0,0.0,0.0,0.0,0.0,0.0,0.0,0.0,0.0,0.0,0.0,0.0,0.0,0.0
3964,0.0,0.0,0.0,0.0,0.0,0.0,0.0,0.0,0.0,0.0,0.0,0.0,0.0,0.0,0.0,0.0,0.0,0.0,0.0,0.0,0.0,0.0,0.0,0.0,0.0,0.0,0.0,0.0,0.0,0.0,0.0,0.0,0.0,0.0,0.0,0.0,0.0,0.0,0.0,0.0,0.0,0.0,0.0,0.0,0.0,0.0,0.0,0.0,0.0,0.0,0.0,0.0,0.0,0.0,0.0,0.0,0.0,0.0,0.0,0.0,0.0,0.0,0.0,0.0
3965,0.0,0.0,0.0,0.0,0.0,0.0,0.0,0.0,0.0,0.0,0.0,0.0,0.0,0.0,0.0,0.0,0.0,0.0,0.0,0.0,0.0,0.0,0.0,0.0,0.0,0.0,0.0,0.0,0.0,0.0,0.0,0.0,0.0,0.0,0.0,0.0,0.0,0.0,0.0,0.0,0.0,0.0,0.0,0.0,0.0,0.0,0.0,0.0,0.0,0.0,0.0,0.0,0.0,0.0,0.0,0.0,0.0,0.0,0.0,0.0,0.0,0.0,0.0,0.0
3966,0.0,0.0,0.0,0.0,0.0,0.0,0.0,0.0,0.0,0.0,0.0,0.0,0.0,0.0,0.0,0.0,0.0,0.0,0.0,0.0,0.0,0.0,0.0,0.0,0.0,0.0,0.0,0.0,0.0,0.0,0.0,0.0,0.0,0.0,0.0,0.0,0.0,0.0,0.0,0.0,0.0,0.0,0.0,0.0,0.0,0.0,0.0,0.0,0.0,0.0,0.0,0.0,0.0,0.0,0.0,0.0,0.0,0.0,0.0,0.0,0.0,0.0,0.0,0.0
3967,0.0,0.0,0.0,0.0,0.0,0.0,0.0,0.0,0.0,0.0,0.0,0.0,0.0,0.0,0.0,0.0,0.0,0.0,0.0,0.0,0.0,0.0,0.0,0.0,0.0,0.0,0.0,0.0,0.0,0.0,0.0,0.0,0.0,0.0,0.0,0.0,0.0,0.0,0.0,0.0,0.0,0.0,0.0,0.0,0.0,0.0,0.0,0.0,0.0,0.0,0.0,0.0,0.0,0.0,0.0,0.0,0.0,0.0,0.0,0.0,0.0,0.0,0.0,0.0
3968,0.0,0.0,0.0,0.0,0.0,0.0,0.0,0.0,0.0,0.0,0.0,0.0,0.0,0.0,0.0,0.0,0.0,0.0,0.0,0.0,0.0,0.0,0.0,0.0,0.0,0.0,0.0,0.0,0.0,0.0,0.0,0.0,0.0,0.0,0.0,0.0,0.0,0.0,0.0,0.0,0.0,0.0,0.0,0.0,0.0,0.0,0.0,0.0,0.0,0.0,0.0,0.0,0.0,0.0,0.0,0.0,0.0,0.0,0.0,0.0,0.0,0.0,0.0,0.0
3969,0.0,0.02,0.02,0.0,0.0,0.02,0.0,0.0,0.02,0.02,0.02,0.02,0.02,0.02,0.02,0.02,0.02,0.02,0.02,0.02,0.02,0.02,0.02,0.02,0.02,0.02,0.0,0.0,0.02,0.02,0.02,0.0,0.0,0.0,0.0,0.02,0.02,0.02,0.02,0.02,0.02,0.02,0.01,0.02,0.02,0.02,0.02,0.0,0.0,0.02,0.04,0.04,0.02,0.04,0.02,0.04,0.0,0.04,0.03,0.02,0.04,0.04,0.02,0.04
3970,0.0,0.1,0.1,0.0,0.0,0.12,0.0,0.0,0.16,0.18,0.16,0.17,0.22,0.19,0.19,0.18,0.15,0.2,0.2,0.18,0.18,0.19,0.22,0.15,0.17,0.1,0.0,0.0,0.11,0.1,0.11,0.0,0.0,0.0,0.0,0.11,0.14,0.14,0.11,0.14,0.13,0.12,0.12,0.14,0.14,0.11,0.12,0.0,0.0,0.14,0.09,0.09,0.11,0.09,0.12,0.09,0.0,0.1,0.09,0.12,0.09,0.09,0.1,0.09
3971,0.0,0.52,0.52,0.0,0.0,0.55,0.0,0.0,0.57,0.58,0.57,0.58,0.61,0.59,0.59,0.59,0.57,0.62,0.62,0.58,0.59,0.59,0.61,0.57,0.59,0.52,0.0,0.0,0.51,0.53,0.53,0.0,0.0,0.0,0.0,0.49,0.55,0.57,0.51,0.57,0.55,0.52,0.52,0.56,0.56,0.5,0.55,0.0,0.0,0.56,0.51,0.5,0.52,0.51,0.52,0.5,0.0,0.5,0.51,0.52,0.52,0.52,0.51,0.51
3972,0.0,0.67,0.66,0.0,0.0,0.66,0.0,0.0,0.66,0.64,0.67,0.67,0.65,0.64,0.65,0.66,0.65,0.64,0.66,0.66,0.66,0.64,0.64,0.66,0.68,0.66,0.0,0.0,0.65,0.67,0.66,0.0,0.0,0.0,0.0,0.66,0.65,0.67,0.67,0.67,0.65,0.67,0.66,0.66,0.66,0.67,0.66,0.0,0.0,0.67,0.68,0.68,0.67,0.63,0.66,0.58,0.0,0.67,0.67,0.67,0.69,0.67,0.67,0.69
3973,0.0,0.7,0.7,0.0,0.0,0.7,0.0,0.0,0.7,0.67,0.7,0.69,0.66,0.69,0.69,0.69,0.68,0.67,0.68,0.69,0.68,0.68,0.66,0.7,0.71,0.73,0.0,0.0,0.71,0.71,0.71,0.0,0.0,0.0,0.0,0.71,0.69,0.69,0.72,0.68,0.72,0.72,0.71,0.69,0.69,0.72,0.7,0.0,0.0,0.7,0.73,0.74,0.72,0.69,0.72,0.61,0.0,0.68,0.73,0.7,0.74,0.73,0.73,0.73
3974,0.0,0.73,0.73,0.0,0.0,0.73,0.0,0.0,0.72,0.7,0.72,0.72,0.68,0.72,0.71,0.71,0.71,0.7,0.71,0.71,0.71,0.71,0.68,0.72,0.73,0.75,0.0,0.0,0.74,0.73,0.74,0.0,0.0,0.0,0.0,0.73,0.72,0.73,0.74,0.72,0.73,0.74,0.73,0.72,0.72,0.74,0.72,0.0,0.0,0.72,0.76,0.76,0.73,0.75,0.73,0.69,0.0,0.74,0.75,0.72,0.76,0.76,0.76,0.76
3975,0.0,0.74,0.75,0.0,0.0,0.74,0.0,0.0,0.73,0.71,0.72,0.73,0.71,0.73,0.73,0.73,0.72,0.71,0.72,0.72,0.72,0.72,0.7,0.73,0.75,0.76,0.0,0.0,0.75,0.75,0.75,0.0,0.0,0.0,0.0,0.75,0.74,0.74,0.76,0.74,0.75,0.75,0.74,0.73,0.73,0.76,0.74,0.0,0.0,0.74,0.77,0.76,0.74,0.75,0.75,0.63,0.0,0.75,0.76,0.74,0.77,0.76,0.76,0.77
3976,0.0,0.75,0.74,0.0,0.0,0.75,0.0,0.0,0.72,0.2,0.73,0.73,0.72,0.74,0.73,0.73,0.73,0.73,0.73,0.72,0.72,0.74,0.72,0.73,0.76,0.71,0.0,0.0,0.75,0.74,0.73,0.0,0.0,0.0,0.0,0.75,0.74,0.75,0.76,0.76,0.76,0.76,0.75,0.74,0.74,0.76,0.75,0.0,0.0,0.75,0.73,0.76,0.7,0.67,0.73,0.69,0.0,0.6,0.75,0.66,0.76,0.72,0.77,0.76
3977,0.0,0.72,0.71,0.0,0.0,0.75,0.0,0.0,0.73,0.72,0.73,0.71,0.72,0.73,0.73,0.73,0.72,0.72,0.73,0.73,0.69,0.73,0.71,0.73,0.75,0.74,0.0,0.0,0.74,0.72,0.74,0.0,0.0,0.0,0.0,0.74,0.74,0.74,0.75,0.72,0.75,0.75,0.73,0.74,0.74,0.75,0.75,0.0,0.0,0.75,0.54,0.65,0.69,0.6,0.72,0.46,0.0,0.54,0.59,0.63,0.62,0.52,0.72,0.61
3978,0.0,0.73,0.73,0.0,0.0,0.74,0.0,0.0,0.7,0.69,0.72,0.71,0.71,0.7,0.71,0.73,0.73,0.71,0.7,0.72,0.65,0.7,0.7,0.72,0.74,0.73,0.0,0.0,0.64,0.73,0.71,0.0,0.0,0.0,0.0,0.74,0.73,0.73,0.73,0.73,0.72,0.74,0.73,0.72,0.72,0.74,0.74,0.0,0.0,0.74,0.71,0.69,0.5,0.71,0.65,0.1,0.0,0.62,0.7,0.53,0.69,0.72,0.69,0.7
3979,0.0,0.73,0.73,0.0,0.0,0.75,0.0,0.0,0.68,0.68,0.7,0.73,0.71,0.71,0.71,0.73,0.71,0.7,0.7,0.72,0.68,0.7,0.7,0.73,0.75,0.6,0.0,0.0,0.63,0.73,0.66,0.0,0.0,0.0,0.0,0.71,0.73,0.73,0.67,0.73,0.68,0.68,0.68,0.73,0.73,0.66,0.75,0.0,0.0,0.75,0.46,0.57,0.62,0.33,0.63,0.16,0.0,0.3,0.47,0.68,0.47,0.44,0.63,0.47
3980,0.0,0.68,0.68,0.0,0.0,0.69,0.0,0.0,0.66,0.62,0.66,0.66,0.63,0.65,0.66,0.66,0.66,0.63,0.64,0.59,0.6,0.65,0.62,0.66,0.69,0.67,0.0,0.0,0.62,0.68,0.65,0.0,0.0,0.0,0.0,0.62,0.6,0.64,0.64,0.65,0.55,0.66,0.66,0.65,0.66,0.65,0.69,0.0,0.0,0.7,0.63,0.66,0.46,0.49,0.55,0.12,0.0,0.1,0.61,0.06,0.65,0.62,0.58,0.59
3981,0.0,0.3,0.12,0.0,0.0,0.39,0.0,0.0,0.31,0.28,0.32,0.29,0.27,0.28,0.28,0.28,0.32,0.28,0.28,0.3,0.32,0.29,0.26,0.3,0.36,0.39,0.0,0.0,0.38,0.39,0.4,0.0,0.0,0.0,0.0,0.38,0.35,0.29,0.38,0.31,0.32,0.38,0.37,0.34,0.31,0.38,0.38,0.0,0.0,0.38,0.24,0.39,0.25,0.12,0.33,0.06,0.0,0.13,0.25,0.09,0.24,0.21,0.39,0.24
3982,0.0,0.07,0.04,0.0,0.0,0.06,0.0,0.0,0.07,0.06,0.06,0.07,0.04,0.07,0.07,0.06,0.07,0.06,0.06,0.06,0.05,0.04,0.04,0.06,0.07,0.05,0.0,0.0,0.04,0.07,0.04,0.0,0.0,0.0,0.0,0.07,0.04,0.08,0.06,0.07,0.04,0.07,0.06,0.05,0.06,0.06,0.06,0.0,0.0,0.07,0.03,0.04,0.07,0.04,0.06,0.04,0.0,0.02,0.04,0.07,0.05,0.04,0.04,0.04
3983,0.0,0.03,0.03,0.0,0.0,0.01,0.0,0.0,0.02,0.02,0.02,0.02,0.01,0.01,0.01,0.01,0.02,0.02,0.02,0.02,0.02,0.01,0.01,0.02,0.0,0.0,0.0,0.0,0.01,0.02,0.01,0.0,0.0,0.0,0.0,0.01,0.01,0.02,0.01,0.02,0.02,0.01,0.01,0.02,0.02,0.02,0.02,0.0,0.0,0.01,0.02,0.0,0.0,0.01,0.03,0.0,0.0,0.0,0.01,0.0,0.01,0.01,0.0,0.02
3984,0.0,0.0,0.0,0.0,0.0,0.0,0.0,0.0,0.0,0.0,0.0,0.0,0.0,0.0,0.0,0.0,0.0,0.0,0.0,0.0,0.0,0.0,0.0,0.0,0.0,0.0,0.0,0.0,0.0,0.0,0.0,0.0,0.0,0.0,0.0,0.0,0.0,0.0,0.0,0.0,0.0,0.0,0.0,0.0,0.0,0.0,0.0,0.0,0.0,0.0,0.0,0.0,0.0,0.0,0.0,0.0,0.0,0.0,0.0,0.0,0.0,0.0,0.0,0.0
3985,0.0,0.0,0.0,0.0,0.0,0.0,0.0,0.0,0.0,0.0,0.0,0.0,0.0,0.0,0.0,0.0,0.0,0.0,0.0,0.0,0.0,0.0,0.0,0.0,0.0,0.0,0.0,0.0,0.0,0.0,0.0,0.0,0.0,0.0,0.0,0.0,0.0,0.0,0.0,0.0,0.0,0.0,0.0,0.0,0.0,0.0,0.0,0.0,0.0,0.0,0.0,0.0,0.0,0.0,0.0,0.0,0.0,0.0,0.0,0.0,0.0,0.0,0.0,0.0
3986,0.0,0.0,0.0,0.0,0.0,0.0,0.0,0.0,0.0,0.0,0.0,0.0,0.0,0.0,0.0,0.0,0.0,0.0,0.0,0.0,0.0,0.0,0.0,0.0,0.0,0.0,0.0,0.0,0.0,0.0,0.0,0.0,0.0,0.0,0.0,0.0,0.0,0.0,0.0,0.0,0.0,0.0,0.0,0.0,0.0,0.0,0.0,0.0,0.0,0.0,0.0,0.0,0.0,0.0,0.0,0.0,0.0,0.0,0.0,0.0,0.0,0.0,0.0,0.0
3987,0.0,0.0,0.0,0.0,0.0,0.0,0.0,0.0,0.0,0.0,0.0,0.0,0.0,0.0,0.0,0.0,0.0,0.0,0.0,0.0,0.0,0.0,0.0,0.0,0.0,0.0,0.0,0.0,0.0,0.0,0.0,0.0,0.0,0.0,0.0,0.0,0.0,0.0,0.0,0.0,0.0,0.0,0.0,0.0,0.0,0.0,0.0,0.0,0.0,0.0,0.0,0.0,0.0,0.0,0.0,0.0,0.0,0.0,0.0,0.0,0.0,0.0,0.0,0.0
3988,0.0,0.0,0.0,0.0,0.0,0.0,0.0,0.0,0.0,0.0,0.0,0.0,0.0,0.0,0.0,0.0,0.0,0.0,0.0,0.0,0.0,0.0,0.0,0.0,0.0,0.0,0.0,0.0,0.0,0.0,0.0,0.0,0.0,0.0,0.0,0.0,0.0,0.0,0.0,0.0,0.0,0.0,0.0,0.0,0.0,0.0,0.0,0.0,0.0,0.0,0.0,0.0,0.0,0.0,0.0,0.0,0.0,0.0,0.0,0.0,0.0,0.0,0.0,0.0
3989,0.0,0.0,0.0,0.0,0.0,0.0,0.0,0.0,0.0,0.0,0.0,0.0,0.0,0.0,0.0,0.0,0.0,0.0,0.0,0.0,0.0,0.0,0.0,0.0,0.0,0.0,0.0,0.0,0.0,0.0,0.0,0.0,0.0,0.0,0.0,0.0,0.0,0.0,0.0,0.0,0.0,0.0,0.0,0.0,0.0,0.0,0.0,0.0,0.0,0.0,0.0,0.0,0.0,0.0,0.0,0.0,0.0,0.0,0.0,0.0,0.0,0.0,0.0,0.0
3990,0.0,0.0,0.0,0.0,0.0,0.0,0.0,0.0,0.0,0.0,0.0,0.0,0.0,0.0,0.0,0.0,0.0,0.0,0.0,0.0,0.0,0.0,0.0,0.0,0.0,0.0,0.0,0.0,0.0,0.0,0.0,0.0,0.0,0.0,0.0,0.0,0.0,0.0,0.0,0.0,0.0,0.0,0.0,0.0,0.0,0.0,0.0,0.0,0.0,0.0,0.0,0.0,0.0,0.0,0.0,0.0,0.0,0.0,0.0,0.0,0.0,0.0,0.0,0.0
3991,0.0,0.0,0.0,0.0,0.0,0.0,0.0,0.0,0.0,0.0,0.0,0.0,0.0,0.0,0.0,0.0,0.0,0.0,0.0,0.0,0.0,0.0,0.0,0.0,0.0,0.0,0.0,0.0,0.0,0.0,0.0,0.0,0.0,0.0,0.0,0.0,0.0,0.0,0.0,0.0,0.0,0.0,0.0,0.0,0.0,0.0,0.0,0.0,0.0,0.0,0.0,0.0,0.0,0.0,0.0,0.0,0.0,0.0,0.0,0.0,0.0,0.0,0.0,0.0
3992,0.0,0.0,0.0,0.0,0.0,0.0,0.0,0.0,0.0,0.0,0.0,0.0,0.0,0.0,0.0,0.0,0.0,0.0,0.0,0.0,0.0,0.0,0.0,0.0,0.0,0.0,0.0,0.0,0.0,0.0,0.0,0.0,0.0,0.0,0.0,0.0,0.0,0.0,0.0,0.0,0.0,0.0,0.0,0.0,0.0,0.0,0.0,0.0,0.0,0.0,0.0,0.0,0.0,0.0,0.0,0.0,0.0,0.0,0.0,0.0,0.0,0.0,0.0,0.0
3993,0.0,0.01,0.04,0.0,0.0,0.0,0.0,0.0,0.04,0.06,0.04,0.04,0.05,0.05,0.03,0.02,0.04,0.02,0.01,0.05,0.04,0.04,0.05,0.04,0.01,0.04,0.0,0.0,0.04,0.04,0.04,0.0,0.0,0.0,0.0,0.0,0.02,0.04,0.01,0.04,0.01,0.02,0.04,0.04,0.04,0.01,0.0,0.0,0.0,0.0,0.02,0.02,0.02,0.04,0.01,0.04,0.0,0.04,0.02,0.04,0.01,0.04,0.04,0.02
3994,0.0,0.08,0.08,0.0,0.0,0.02,0.0,0.0,0.16,0.18,0.15,0.16,0.05,0.09,0.17,0.18,0.14,0.19,0.19,0.04,0.17,0.17,0.06,0.14,0.05,0.08,0.0,0.0,0.09,0.08,0.09,0.0,0.0,0.0,0.0,0.11,0.12,0.13,0.1,0.13,0.12,0.11,0.11,0.03,0.14,0.11,0.03,0.0,0.0,0.01,0.1,0.1,0.1,0.09,0.11,0.09,0.0,0.09,0.1,0.1,0.09,0.11,0.09,0.09
3995,0.0,0.51,0.51,0.0,0.0,0.52,0.0,0.0,0.54,0.59,0.53,0.58,0.05,0.07,0.58,0.57,0.57,0.59,0.6,0.57,0.58,0.58,0.12,0.55,0.04,0.52,0.0,0.0,0.52,0.52,0.52,0.0,0.0,0.0,0.0,0.52,0.54,0.56,0.53,0.56,0.55,0.54,0.54,0.54,0.55,0.54,0.52,0.0,0.0,0.52,0.5,0.52,0.53,0.51,0.54,0.17,0.0,0.52,0.5,0.53,0.52,0.07,0.53,0.52
3996,0.0,0.71,0.7,0.0,0.0,0.66,0.0,0.0,0.65,0.03,0.64,0.7,0.06,0.68,0.67,0.08,0.7,0.68,0.68,0.67,0.7,0.68,0.68,0.67,0.05,0.71,0.0,0.0,0.71,0.71,0.71,0.0,0.0,0.0,0.0,0.7,0.68,0.69,0.7,0.7,0.71,0.71,0.7,0.68,0.68,0.71,0.67,0.0,0.0,0.67,0.14,0.71,0.3,0.71,0.7,0.04,0.0,0.71,0.13,0.71,0.71,0.71,0.72,0.7
3997,0.0,0.75,0.75,0.0,0.0,0.71,0.0,0.0,0.68,0.09,0.65,0.74,0.61,0.7,0.7,0.71,0.74,0.72,0.73,0.69,0.63,0.7,0.71,0.71,0.73,0.77,0.0,0.0,0.76,0.76,0.76,0.0,0.0,0.0,0.0,0.74,0.72,0.74,0.75,0.33,0.75,0.75,0.75,0.72,0.71,0.76,0.71,0.0,0.0,0.71,0.77,0.76,0.76,0.06,0.57,0.06,0.0,0.11,0.76,0.66,0.74,0.76,0.77,0.48
3998,0.0,0.75,0.74,0.0,0.0,0.72,0.0,0.0,0.68,0.74,0.42,0.74,0.45,0.7,0.7,0.68,0.74,0.73,0.59,0.68,0.36,0.7,0.7,0.72,0.73,0.76,0.0,0.0,0.75,0.75,0.75,0.0,0.0,0.0,0.0,0.74,0.62,0.73,0.75,0.46,0.77,0.75,0.75,0.73,0.72,0.76,0.72,0.0,0.0,0.72,0.77,0.76,0.76,0.1,0.58,0.17,0.0,0.06,0.76,0.14,0.75,0.77,0.76,0.76
3999,0.0,0.76,0.76,0.0,0.0,0.73,0.0,0.0,0.53,0.75,0.45,0.53,0.03,0.71,0.7,0.69,0.76,0.59,0.75,0.68,0.67,0.7,0.72,0.43,0.74,0.78,0.0,0.0,0.76,0.76,0.77,0.0,0.0,0.0,0.0,0.76,0.48,0.76,0.77,0.77,0.65,0.77,0.76,0.74,0.38,0.77,0.73,0.0,0.0,0.73,0.77,0.77,0.06,0.2,0.76,0.48,0.0,0.11,0.77,0.06,0.44,0.78,0.77,0.76
4000,0.0,0.76,0.76,0.0,0.0,0.74,0.0,0.0,0.43,0.76,0.42,0.75,0.74,0.26,0.63,0.67,0.77,0.38,0.46,0.54,0.76,0.33,0.72,0.75,0.74,0.77,0.0,0.0,0.76,0.76,0.77,0.0,0.0,0.0,0.0,0.75,0.75,0.75,0.77,0.77,0.78,0.76,0.76,0.75,0.75,0.77,0.74,0.0,0.0,0.74,0.78,0.78,0.21,0.63,0.07,0.78,0.0,0.25,0.77,0.57,0.77,0.78,0.78,0.46
4001,0.0,0.76,0.76,0.0,0.0,0.73,0.0,0.0,0.43,0.76,0.72,0.73,0.72,0.28,0.2,0.32,0.77,0.41,0.36,0.5,0.76,0.26,0.72,0.74,0.74,0.77,0.0,0.0,0.76,0.76,0.76,0.0,0.0,0.0,0.0,0.75,0.75,0.77,0.76,0.78,0.78,0.76,0.75,0.74,0.75,0.76,0.74,0.0,0.0,0.74,0.78,0.77,0.67,0.66,0.23,0.33,0.0,0.22,0.77,0.69,0.76,0.79,0.77,0.77
4002,0.0,0.74,0.74,0.0,0.0,0.72,0.0,0.0,0.7,0.74,0.73,0.75,0.7,0.26,0.22,0.12,0.76,0.22,0.25,0.11,0.63,0.24,0.32,0.73,0.73,0.75,0.0,0.0,0.74,0.75,0.74,0.0,0.0,0.0,0.0,0.74,0.74,0.76,0.76,0.76,0.76,0.75,0.74,0.69,0.74,0.76,0.72,0.0,0.0,0.72,0.78,0.76,0.72,0.73,0.25,0.26,0.0,0.26,0.77,0.47,0.62,0.78,0.76,0.76
4003,0.0,0.71,0.72,0.0,0.0,0.69,0.0,0.0,0.71,0.72,0.71,0.74,0.19,0.15,0.1,0.09,0.73,0.13,0.14,0.53,0.72,0.19,0.19,0.71,0.7,0.74,0.0,0.0,0.72,0.72,0.72,0.0,0.0,0.0,0.0,0.71,0.71,0.74,0.73,0.74,0.74,0.72,0.73,0.7,0.71,0.73,0.69,0.0,0.0,0.69,0.45,0.74,0.37,0.38,0.16,0.24,0.0,0.22,0.75,0.34,0.36,0.76,0.73,0.25
4004,0.0,0.69,0.69,0.0,0.0,0.67,0.0,0.0,0.67,0.31,0.67,0.69,0.11,0.26,0.3,0.63,0.7,0.13,0.17,0.65,0.68,0.12,0.11,0.67,0.65,0.71,0.0,0.0,0.69,0.7,0.7,0.0,0.0,0.0,0.0,0.68,0.67,0.7,0.7,0.71,0.71,0.69,0.7,0.66,0.67,0.7,0.67,0.0,0.0,0.66,0.73,0.72,0.21,0.25,0.13,0.1,0.0,0.19,0.72,0.72,0.26,0.43,0.71,0.23
4005,0.0,0.43,0.44,0.0,0.0,0.38,0.0,0.0,0.35,0.34,0.36,0.36,0.06,0.3,0.32,0.32,0.37,0.08,0.11,0.33,0.34,0.2,0.07,0.36,0.34,0.44,0.0,0.0,0.43,0.43,0.43,0.0,0.0,0.0,0.0,0.4,0.38,0.39,0.41,0.39,0.4,0.41,0.4,0.36,0.18,0.41,0.38,0.0,0.0,0.38,0.45,0.45,0.21,0.1,0.07,0.04,0.0,0.14,0.44,0.12,0.44,0.32,0.44,0.44
4006,0.0,0.05,0.05,0.0,0.0,0.05,0.0,0.0,0.04,0.04,0.05,0.04,0.03,0.04,0.04,0.04,0.05,0.03,0.06,0.04,0.04,0.04,0.03,0.04,0.04,0.05,0.0,0.0,0.05,0.05,0.05,0.0,0.0,0.0,0.0,0.05,0.05,0.05,0.05,0.05,0.05,0.05,0.05,0.04,0.04,0.05,0.05,0.0,0.0,0.05,0.05,0.08,0.04,0.03,0.01,0.02,0.0,0.02,0.08,0.02,0.05,0.04,0.05,0.05
4007,0.0,0.01,0.01,0.0,0.0,0.01,0.0,0.0,0.01,0.01,0.01,0.01,0.0,0.01,0.02,0.01,0.01,0.0,0.02,0.01,0.01,0.01,0.0,0.01,0.01,0.01,0.0,0.0,0.01,0.01,0.01,0.0,0.0,0.0,0.0,0.01,0.01,0.01,0.01,0.01,0.01,0.01,0.01,0.01,0.01,0.01,0.01,0.0,0.0,0.01,0.02,0.03,0.0,0.02,0.0,0.02,0.0,0.03,0.02,0.0,0.02,0.02,0.01,0.02
4008,0.0,0.0,0.0,0.0,0.0,0.0,0.0,0.0,0.0,0.0,0.0,0.0,0.0,0.0,0.0,0.0,0.0,0.0,0.0,0.0,0.0,0.0,0.0,0.0,0.0,0.0,0.0,0.0,0.0,0.0,0.0,0.0,0.0,0.0,0.0,0.0,0.0,0.0,0.0,0.0,0.0,0.0,0.0,0.0,0.0,0.0,0.0,0.0,0.0,0.0,0.0,0.0,0.0,0.0,0.0,0.0,0.0,0.0,0.0,0.0,0.0,0.0,0.0,0.0
4009,0.0,0.0,0.0,0.0,0.0,0.0,0.0,0.0,0.0,0.0,0.0,0.0,0.0,0.0,0.0,0.0,0.0,0.0,0.0,0.0,0.0,0.0,0.0,0.0,0.0,0.0,0.0,0.0,0.0,0.0,0.0,0.0,0.0,0.0,0.0,0.0,0.0,0.0,0.0,0.0,0.0,0.0,0.0,0.0,0.0,0.0,0.0,0.0,0.0,0.0,0.0,0.0,0.0,0.0,0.0,0.0,0.0,0.0,0.0,0.0,0.0,0.0,0.0,0.0
4010,0.0,0.0,0.0,0.0,0.0,0.0,0.0,0.0,0.0,0.0,0.0,0.0,0.0,0.0,0.0,0.0,0.0,0.0,0.0,0.0,0.0,0.0,0.0,0.0,0.0,0.0,0.0,0.0,0.0,0.0,0.0,0.0,0.0,0.0,0.0,0.0,0.0,0.0,0.0,0.0,0.0,0.0,0.0,0.0,0.0,0.0,0.0,0.0,0.0,0.0,0.0,0.0,0.0,0.0,0.0,0.0,0.0,0.0,0.0,0.0,0.0,0.0,0.0,0.0
4011,0.0,0.0,0.0,0.0,0.0,0.0,0.0,0.0,0.0,0.0,0.0,0.0,0.0,0.0,0.0,0.0,0.0,0.0,0.0,0.0,0.0,0.0,0.0,0.0,0.0,0.0,0.0,0.0,0.0,0.0,0.0,0.0,0.0,0.0,0.0,0.0,0.0,0.0,0.0,0.0,0.0,0.0,0.0,0.0,0.0,0.0,0.0,0.0,0.0,0.0,0.0,0.0,0.0,0.0,0.0,0.0,0.0,0.0,0.0,0.0,0.0,0.0,0.0,0.0
4012,0.0,0.0,0.0,0.0,0.0,0.0,0.0,0.0,0.0,0.0,0.0,0.0,0.0,0.0,0.0,0.0,0.0,0.0,0.0,0.0,0.0,0.0,0.0,0.0,0.0,0.0,0.0,0.0,0.0,0.0,0.0,0.0,0.0,0.0,0.0,0.0,0.0,0.0,0.0,0.0,0.0,0.0,0.0,0.0,0.0,0.0,0.0,0.0,0.0,0.0,0.0,0.0,0.0,0.0,0.0,0.0,0.0,0.0,0.0,0.0,0.0,0.0,0.0,0.0
4013,0.0,0.0,0.0,0.0,0.0,0.0,0.0,0.0,0.0,0.0,0.0,0.0,0.0,0.0,0.0,0.0,0.0,0.0,0.0,0.0,0.0,0.0,0.0,0.0,0.0,0.0,0.0,0.0,0.0,0.0,0.0,0.0,0.0,0.0,0.0,0.0,0.0,0.0,0.0,0.0,0.0,0.0,0.0,0.0,0.0,0.0,0.0,0.0,0.0,0.0,0.0,0.0,0.0,0.0,0.0,0.0,0.0,0.0,0.0,0.0,0.0,0.0,0.0,0.0
4014,0.0,0.0,0.0,0.0,0.0,0.0,0.0,0.0,0.0,0.0,0.0,0.0,0.0,0.0,0.0,0.0,0.0,0.0,0.0,0.0,0.0,0.0,0.0,0.0,0.0,0.0,0.0,0.0,0.0,0.0,0.0,0.0,0.0,0.0,0.0,0.0,0.0,0.0,0.0,0.0,0.0,0.0,0.0,0.0,0.0,0.0,0.0,0.0,0.0,0.0,0.0,0.0,0.0,0.0,0.0,0.0,0.0,0.0,0.0,0.0,0.0,0.0,0.0,0.0
4015,0.0,0.0,0.0,0.0,0.0,0.0,0.0,0.0,0.0,0.0,0.0,0.0,0.0,0.0,0.0,0.0,0.0,0.0,0.0,0.0,0.0,0.0,0.0,0.0,0.0,0.0,0.0,0.0,0.0,0.0,0.0,0.0,0.0,0.0,0.0,0.0,0.0,0.0,0.0,0.0,0.0,0.0,0.0,0.0,0.0,0.0,0.0,0.0,0.0,0.0,0.0,0.0,0.0,0.0,0.0,0.0,0.0,0.0,0.0,0.0,0.0,0.0,0.0,0.0
4016,0.0,0.0,0.0,0.0,0.0,0.0,0.0,0.0,0.0,0.0,0.0,0.0,0.0,0.0,0.0,0.0,0.0,0.0,0.0,0.0,0.0,0.0,0.0,0.0,0.0,0.0,0.0,0.0,0.0,0.0,0.0,0.0,0.0,0.0,0.0,0.0,0.0,0.0,0.0,0.0,0.0,0.0,0.0,0.0,0.0,0.0,0.0,0.0,0.0,0.0,0.0,0.0,0.0,0.0,0.0,0.0,0.0,0.0,0.0,0.0,0.0,0.0,0.0,0.0
4017,0.0,0.04,0.04,0.0,0.0,0.04,0.0,0.0,0.03,0.04,0.03,0.03,0.03,0.03,0.03,0.03,0.03,0.03,0.03,0.03,0.03,0.03,0.03,0.03,0.04,0.04,0.0,0.0,0.04,0.04,0.04,0.0,0.0,0.0,0.0,0.04,0.03,0.03,0.04,0.03,0.03,0.03,0.03,0.03,0.03,0.03,0.03,0.0,0.0,0.04,0.04,0.04,0.03,0.03,0.03,0.03,0.0,0.03,0.04,0.03,0.04,0.04,0.04,0.04
4018,0.0,0.09,0.09,0.0,0.0,0.13,0.0,0.0,0.15,0.18,0.14,0.16,0.22,0.18,0.18,0.17,0.14,0.2,0.2,0.17,0.17,0.18,0.22,0.14,0.15,0.1,0.0,0.0,0.11,0.09,0.1,0.0,0.0,0.0,0.0,0.12,0.13,0.14,0.12,0.14,0.13,0.12,0.11,0.13,0.13,0.12,0.13,0.0,0.0,0.12,0.08,0.1,0.11,0.08,0.12,0.1,0.0,0.09,0.09,0.1,0.1,0.09,0.11,0.09
4019,0.0,0.41,0.37,0.0,0.0,0.4,0.0,0.0,0.56,0.6,0.56,0.61,0.62,0.6,0.6,0.59,0.58,0.62,0.63,0.58,0.6,0.61,0.62,0.48,0.47,0.36,0.0,0.0,0.37,0.42,0.38,0.0,0.0,0.0,0.0,0.3,0.4,0.58,0.49,0.58,0.56,0.43,0.53,0.42,0.43,0.51,0.38,0.0,0.0,0.38,0.45,0.3,0.51,0.45,0.55,0.45,0.0,0.4,0.47,0.47,0.44,0.45,0.32,0.45
4020,0.0,0.55,0.6,0.0,0.0,0.54,0.0,0.0,0.66,0.71,0.69,0.74,0.69,0.7,0.7,0.69,0.71,0.7,0.71,0.68,0.7,0.7,0.69,0.51,0.6,0.53,0.0,0.0,0.52,0.52,0.52,0.0,0.0,0.0,0.0,0.58,0.62,0.72,0.64,0.72,0.71,0.66,0.66,0.6,0.53,0.67,0.55,0.0,0.0,0.56,0.7,0.6,0.68,0.69,0.7,0.66,0.0,0.69,0.69,0.69,0.7,0.7,0.54,0.69
4021,0.0,0.66,0.67,0.0,0.0,0.63,0.0,0.0,0.71,0.74,0.73,0.77,0.7,0.74,0.73,0.72,0.76,0.72,0.74,0.72,0.73,0.74,0.71,0.7,0.68,0.67,0.0,0.0,0.69,0.66,0.68,0.0,0.0,0.0,0.0,0.6,0.65,0.75,0.69,0.76,0.76,0.64,0.71,0.69,0.7,0.71,0.65,0.0,0.0,0.65,0.75,0.72,0.75,0.74,0.76,0.7,0.0,0.74,0.74,0.74,0.74,0.75,0.71,0.74
4022,0.0,0.7,0.72,0.0,0.0,0.66,0.0,0.0,0.73,0.75,0.74,0.78,0.72,0.75,0.74,0.74,0.77,0.73,0.75,0.73,0.74,0.75,0.72,0.68,0.68,0.72,0.0,0.0,0.71,0.71,0.71,0.0,0.0,0.0,0.0,0.72,0.74,0.76,0.74,0.77,0.77,0.74,0.74,0.7,0.65,0.75,0.67,0.0,0.0,0.67,0.75,0.73,0.76,0.74,0.77,0.71,0.0,0.74,0.75,0.75,0.75,0.75,0.73,0.75
4023,0.0,0.7,0.71,0.0,0.0,0.7,0.0,0.0,0.74,0.75,0.73,0.78,0.72,0.74,0.74,0.74,0.77,0.73,0.74,0.73,0.74,0.75,0.72,0.73,0.71,0.72,0.0,0.0,0.71,0.7,0.71,0.0,0.0,0.0,0.0,0.72,0.74,0.76,0.74,0.77,0.77,0.74,0.74,0.73,0.73,0.74,0.7,0.0,0.0,0.7,0.75,0.74,0.76,0.74,0.77,0.7,0.0,0.74,0.75,0.75,0.75,0.75,0.73,0.75
4024,0.0,0.66,0.66,0.0,0.0,0.7,0.0,0.0,0.73,0.76,0.72,0.77,0.72,0.74,0.74,0.73,0.77,0.73,0.75,0.73,0.75,0.74,0.73,0.72,0.71,0.71,0.0,0.0,0.71,0.68,0.71,0.0,0.0,0.0,0.0,0.72,0.74,0.76,0.73,0.77,0.76,0.73,0.73,0.73,0.74,0.73,0.7,0.0,0.0,0.7,0.75,0.73,0.76,0.74,0.77,0.72,0.0,0.74,0.74,0.75,0.74,0.75,0.72,0.74
4025,0.0,0.71,0.7,0.0,0.0,0.69,0.0,0.0,0.73,0.76,0.72,0.77,0.72,0.73,0.73,0.73,0.77,0.6,0.74,0.72,0.75,0.73,0.73,0.72,0.71,0.72,0.0,0.0,0.72,0.71,0.72,0.0,0.0,0.0,0.0,0.71,0.73,0.76,0.72,0.77,0.76,0.72,0.72,0.72,0.73,0.73,0.69,0.0,0.0,0.7,0.74,0.73,0.76,0.74,0.76,0.7,0.0,0.74,0.74,0.75,0.74,0.74,0.72,0.73
4026,0.0,0.71,0.7,0.0,0.0,0.68,0.0,0.0,0.72,0.73,0.72,0.75,0.71,0.71,0.72,0.72,0.75,0.72,0.73,0.72,0.72,0.72,0.7,0.71,0.7,0.72,0.0,0.0,0.7,0.7,0.7,0.0,0.0,0.0,0.0,0.7,0.72,0.75,0.71,0.75,0.74,0.71,0.7,0.72,0.72,0.72,0.69,0.0,0.0,0.68,0.73,0.72,0.72,0.72,0.74,0.69,0.0,0.72,0.72,0.68,0.72,0.73,0.71,0.72
4027,0.0,0.66,0.67,0.0,0.0,0.66,0.0,0.0,0.69,0.7,0.69,0.72,0.68,0.68,0.69,0.69,0.73,0.69,0.7,0.69,0.7,0.69,0.68,0.68,0.66,0.61,0.0,0.0,0.68,0.66,0.65,0.0,0.0,0.0,0.0,0.67,0.69,0.71,0.68,0.72,0.71,0.68,0.68,0.68,0.7,0.69,0.68,0.0,0.0,0.66,0.68,0.7,0.71,0.64,0.71,0.61,0.0,0.61,0.69,0.69,0.7,0.68,0.69,0.69
4028,0.0,0.55,0.47,0.0,0.0,0.63,0.0,0.0,0.66,0.66,0.65,0.68,0.63,0.64,0.65,0.65,0.69,0.64,0.65,0.65,0.66,0.64,0.63,0.65,0.64,0.55,0.0,0.0,0.66,0.57,0.61,0.0,0.0,0.0,0.0,0.64,0.66,0.67,0.66,0.68,0.68,0.66,0.65,0.65,0.66,0.66,0.64,0.0,0.0,0.62,0.64,0.62,0.68,0.62,0.69,0.62,0.0,0.66,0.64,0.68,0.67,0.63,0.66,0.65
4029,0.0,0.33,0.34,0.0,0.0,0.37,0.0,0.0,0.34,0.32,0.34,0.35,0.27,0.31,0.31,0.31,0.37,0.29,0.3,0.32,0.33,0.3,0.27,0.35,0.34,0.26,0.0,0.0,0.29,0.3,0.27,0.0,0.0,0.0,0.0,0.38,0.37,0.37,0.38,0.37,0.38,0.38,0.38,0.36,0.36,0.39,0.36,0.0,0.0,0.36,0.26,0.4,0.36,0.26,0.34,0.3,0.0,0.35,0.32,0.39,0.32,0.26,0.38,0.32
4030,0.0,0.05,0.05,0.0,0.0,0.05,0.0,0.0,0.04,0.04,0.04,0.04,0.04,0.04,0.04,0.04,0.04,0.04,0.04,0.04,0.04,0.04,0.04,0.04,0.04,0.05,0.0,0.0,0.05,0.05,0.05,0.0,0.0,0.0,0.0,0.04,0.06,0.06,0.05,0.06,0.05,0.04,0.05,0.04,0.04,0.05,0.04,0.0,0.0,0.04,0.05,0.05,0.05,0.05,0.05,0.07,0.0,0.07,0.05,0.05,0.05,0.05,0.05,0.05
4031,0.0,0.02,0.02,0.0,0.0,0.02,0.0,0.0,0.02,0.02,0.02,0.02,0.01,0.02,0.02,0.02,0.02,0.0,0.02,0.02,0.02,0.02,0.01,0.02,0.01,0.02,0.0,0.0,0.02,0.02,0.02,0.0,0.0,0.0,0.0,0.02,0.02,0.02,0.02,0.02,0.02,0.02,0.02,0.02,0.02,0.02,0.02,0.0,0.0,0.02,0.03,0.03,0.03,0.03,0.02,0.03,0.0,0.03,0.03,0.02,0.02,0.03,0.02,0.02
4032,0.0,0.0,0.0,0.0,0.0,0.0,0.0,0.0,0.0,0.0,0.0,0.0,0.0,0.0,0.0,0.0,0.0,0.0,0.0,0.0,0.0,0.0,0.0,0.0,0.0,0.0,0.0,0.0,0.0,0.0,0.0,0.0,0.0,0.0,0.0,0.0,0.0,0.0,0.0,0.0,0.0,0.0,0.0,0.0,0.0,0.0,0.0,0.0,0.0,0.0,0.0,0.0,0.0,0.0,0.0,0.0,0.0,0.0,0.0,0.0,0.0,0.0,0.0,0.0
4033,0.0,0.0,0.0,0.0,0.0,0.0,0.0,0.0,0.0,0.0,0.0,0.0,0.0,0.0,0.0,0.0,0.0,0.0,0.0,0.0,0.0,0.0,0.0,0.0,0.0,0.0,0.0,0.0,0.0,0.0,0.0,0.0,0.0,0.0,0.0,0.0,0.0,0.0,0.0,0.0,0.0,0.0,0.0,0.0,0.0,0.0,0.0,0.0,0.0,0.0,0.0,0.0,0.0,0.0,0.0,0.0,0.0,0.0,0.0,0.0,0.0,0.0,0.0,0.0
4034,0.0,0.0,0.0,0.0,0.0,0.0,0.0,0.0,0.0,0.0,0.0,0.0,0.0,0.0,0.0,0.0,0.0,0.0,0.0,0.0,0.0,0.0,0.0,0.0,0.0,0.0,0.0,0.0,0.0,0.0,0.0,0.0,0.0,0.0,0.0,0.0,0.0,0.0,0.0,0.0,0.0,0.0,0.0,0.0,0.0,0.0,0.0,0.0,0.0,0.0,0.0,0.0,0.0,0.0,0.0,0.0,0.0,0.0,0.0,0.0,0.0,0.0,0.0,0.0
4035,0.0,0.0,0.0,0.0,0.0,0.0,0.0,0.0,0.0,0.0,0.0,0.0,0.0,0.0,0.0,0.0,0.0,0.0,0.0,0.0,0.0,0.0,0.0,0.0,0.0,0.0,0.0,0.0,0.0,0.0,0.0,0.0,0.0,0.0,0.0,0.0,0.0,0.0,0.0,0.0,0.0,0.0,0.0,0.0,0.0,0.0,0.0,0.0,0.0,0.0,0.0,0.0,0.0,0.0,0.0,0.0,0.0,0.0,0.0,0.0,0.0,0.0,0.0,0.0
4036,0.0,0.0,0.0,0.0,0.0,0.0,0.0,0.0,0.0,0.0,0.0,0.0,0.0,0.0,0.0,0.0,0.0,0.0,0.0,0.0,0.0,0.0,0.0,0.0,0.0,0.0,0.0,0.0,0.0,0.0,0.0,0.0,0.0,0.0,0.0,0.0,0.0,0.0,0.0,0.0,0.0,0.0,0.0,0.0,0.0,0.0,0.0,0.0,0.0,0.0,0.0,0.0,0.0,0.0,0.0,0.0,0.0,0.0,0.0,0.0,0.0,0.0,0.0,0.0
4037,0.0,0.0,0.0,0.0,0.0,0.0,0.0,0.0,0.0,0.0,0.0,0.0,0.0,0.0,0.0,0.0,0.0,0.0,0.0,0.0,0.0,0.0,0.0,0.0,0.0,0.0,0.0,0.0,0.0,0.0,0.0,0.0,0.0,0.0,0.0,0.0,0.0,0.0,0.0,0.0,0.0,0.0,0.0,0.0,0.0,0.0,0.0,0.0,0.0,0.0,0.0,0.0,0.0,0.0,0.0,0.0,0.0,0.0,0.0,0.0,0.0,0.0,0.0,0.0
4038,0.0,0.0,0.0,0.0,0.0,0.0,0.0,0.0,0.0,0.0,0.0,0.0,0.0,0.0,0.0,0.0,0.0,0.0,0.0,0.0,0.0,0.0,0.0,0.0,0.0,0.0,0.0,0.0,0.0,0.0,0.0,0.0,0.0,0.0,0.0,0.0,0.0,0.0,0.0,0.0,0.0,0.0,0.0,0.0,0.0,0.0,0.0,0.0,0.0,0.0,0.0,0.0,0.0,0.0,0.0,0.0,0.0,0.0,0.0,0.0,0.0,0.0,0.0,0.0
4039,0.0,0.0,0.0,0.0,0.0,0.0,0.0,0.0,0.0,0.0,0.0,0.0,0.0,0.0,0.0,0.0,0.0,0.0,0.0,0.0,0.0,0.0,0.0,0.0,0.0,0.0,0.0,0.0,0.0,0.0,0.0,0.0,0.0,0.0,0.0,0.0,0.0,0.0,0.0,0.0,0.0,0.0,0.0,0.0,0.0,0.0,0.0,0.0,0.0,0.0,0.0,0.0,0.0,0.0,0.0,0.0,0.0,0.0,0.0,0.0,0.0,0.0,0.0,0.0
4040,0.0,0.0,0.0,0.0,0.0,0.0,0.0,0.0,0.0,0.01,0.0,0.0,0.0,0.0,0.0,0.0,0.0,0.0,0.0,0.0,0.0,0.0,0.01,0.0,0.0,0.0,0.0,0.0,0.0,0.0,0.0,0.0,0.0,0.0,0.0,0.0,0.0,0.0,0.0,0.0,0.0,0.0,0.0,0.0,0.0,0.0,0.0,0.0,0.0,0.0,0.0,0.0,0.0,0.0,0.0,0.0,0.0,0.0,0.0,0.0,0.0,0.0,0.0,0.0
4041,0.0,0.04,0.04,0.0,0.0,0.04,0.0,0.0,0.04,0.05,0.04,0.01,0.04,0.03,0.04,0.01,0.04,0.05,0.06,0.0,0.05,0.01,0.04,0.0,0.04,0.04,0.0,0.0,0.04,0.04,0.04,0.0,0.0,0.0,0.0,0.04,0.01,0.04,0.04,0.04,0.04,0.04,0.04,0.0,0.01,0.04,0.04,0.0,0.0,0.04,0.04,0.04,0.04,0.04,0.04,0.02,0.0,0.04,0.04,0.04,0.04,0.04,0.04,0.04
4042,0.0,0.09,0.09,0.0,0.0,0.12,0.0,0.0,0.15,0.18,0.15,0.02,0.21,0.18,0.02,0.06,0.14,0.2,0.19,0.07,0.17,0.02,0.22,0.14,0.15,0.1,0.0,0.0,0.1,0.09,0.1,0.0,0.0,0.0,0.0,0.11,0.13,0.14,0.11,0.14,0.12,0.11,0.12,0.13,0.14,0.11,0.12,0.0,0.0,0.13,0.09,0.1,0.11,0.09,0.12,0.1,0.0,0.1,0.1,0.12,0.09,0.09,0.1,0.1
4043,0.0,0.45,0.46,0.0,0.0,0.49,0.0,0.0,0.51,0.54,0.5,0.32,0.58,0.07,0.19,0.1,0.51,0.53,0.15,0.09,0.1,0.12,0.6,0.51,0.53,0.46,0.0,0.0,0.46,0.45,0.45,0.0,0.0,0.0,0.0,0.45,0.5,0.5,0.49,0.51,0.51,0.5,0.49,0.51,0.52,0.5,0.5,0.0,0.0,0.5,0.48,0.47,0.49,0.47,0.49,0.42,0.0,0.47,0.48,0.47,0.48,0.48,0.47,0.48
4044,0.0,0.64,0.64,0.0,0.0,0.64,0.0,0.0,0.64,0.66,0.63,0.68,0.68,0.66,0.65,0.65,0.62,0.15,0.11,0.65,0.67,0.66,0.65,0.65,0.65,0.66,0.0,0.0,0.64,0.64,0.64,0.0,0.0,0.0,0.0,0.63,0.64,0.61,0.65,0.59,0.66,0.66,0.65,0.64,0.65,0.66,0.65,0.0,0.0,0.65,0.67,0.66,0.65,0.65,0.64,0.63,0.0,0.64,0.66,0.62,0.67,0.66,0.66,0.67
4045,0.0,0.69,0.7,0.0,0.0,0.68,0.0,0.0,0.67,0.71,0.66,0.7,0.5,0.68,0.68,0.67,0.67,0.71,0.71,0.67,0.12,0.68,0.25,0.68,0.69,0.7,0.0,0.0,0.68,0.69,0.69,0.0,0.0,0.0,0.0,0.69,0.68,0.68,0.69,0.66,0.7,0.69,0.68,0.68,0.69,0.69,0.67,0.0,0.0,0.68,0.71,0.7,0.68,0.69,0.7,0.68,0.0,0.69,0.7,0.69,0.71,0.7,0.7,0.71
4046,0.0,0.71,0.72,0.0,0.0,0.7,0.0,0.0,0.69,0.6,0.68,0.71,0.4,0.7,0.7,0.69,0.7,0.71,0.72,0.69,0.41,0.7,0.44,0.7,0.72,0.72,0.0,0.0,0.7,0.71,0.71,0.0,0.0,0.0,0.0,0.7,0.7,0.7,0.71,0.66,0.72,0.71,0.71,0.7,0.7,0.72,0.7,0.0,0.0,0.7,0.73,0.72,0.7,0.7,0.71,0.69,0.0,0.71,0.72,0.71,0.74,0.72,0.72,0.73
4047,0.0,0.71,0.71,0.0,0.0,0.7,0.0,0.0,0.68,0.09,0.67,0.71,0.7,0.7,0.7,0.7,0.7,0.08,0.32,0.69,0.08,0.7,0.72,0.69,0.72,0.71,0.0,0.0,0.7,0.71,0.7,0.0,0.0,0.0,0.0,0.7,0.7,0.68,0.71,0.66,0.72,0.71,0.7,0.7,0.7,0.72,0.71,0.0,0.0,0.71,0.73,0.73,0.72,0.72,0.72,0.69,0.0,0.72,0.73,0.71,0.74,0.73,0.72,0.74
4048,0.0,0.72,0.72,0.0,0.0,0.72,0.0,0.0,0.7,0.12,0.68,0.72,0.7,0.7,0.71,0.72,0.71,0.04,0.07,0.7,0.09,0.7,0.34,0.7,0.73,0.72,0.0,0.0,0.72,0.72,0.71,0.0,0.0,0.0,0.0,0.71,0.7,0.7,0.72,0.7,0.72,0.72,0.72,0.7,0.71,0.72,0.72,0.0,0.0,0.72,0.74,0.74,0.73,0.72,0.73,0.7,0.0,0.73,0.73,0.72,0.74,0.73,0.73,0.74
4049,0.0,0.72,0.72,0.0,0.0,0.72,0.0,0.0,0.68,0.14,0.69,0.72,0.16,0.7,0.72,0.72,0.72,0.08,0.05,0.71,0.04,0.68,0.52,0.7,0.74,0.72,0.0,0.0,0.72,0.72,0.72,0.0,0.0,0.0,0.0,0.71,0.71,0.72,0.72,0.72,0.73,0.72,0.72,0.69,0.71,0.72,0.72,0.0,0.0,0.72,0.74,0.72,0.73,0.72,0.73,0.68,0.0,0.72,0.73,0.72,0.73,0.73,0.74,0.73
4050,0.0,0.7,0.7,0.0,0.0,0.7,0.0,0.0,0.68,0.09,0.68,0.71,0.07,0.7,0.71,0.7,0.71,0.03,0.03,0.7,0.03,0.19,0.06,0.69,0.72,0.71,0.0,0.0,0.7,0.7,0.7,0.0,0.0,0.0,0.0,0.7,0.7,0.71,0.7,0.72,0.72,0.7,0.71,0.68,0.7,0.71,0.71,0.0,0.0,0.71,0.72,0.72,0.71,0.71,0.64,0.63,0.0,0.7,0.72,0.69,0.72,0.72,0.72,0.72
4051,0.0,0.66,0.66,0.0,0.0,0.67,0.0,0.0,0.65,0.06,0.65,0.68,0.66,0.67,0.68,0.67,0.58,0.01,0.01,0.67,0.09,0.68,0.04,0.67,0.7,0.67,0.0,0.0,0.66,0.66,0.66,0.0,0.0,0.0,0.0,0.67,0.67,0.68,0.68,0.66,0.7,0.68,0.67,0.66,0.67,0.68,0.67,0.0,0.0,0.68,0.69,0.69,0.68,0.61,0.58,0.64,0.0,0.66,0.69,0.62,0.69,0.68,0.69,0.69
4052,0.0,0.2,0.08,0.0,0.0,0.65,0.0,0.0,0.6,0.09,0.63,0.56,0.05,0.62,0.58,0.56,0.64,0.01,0.01,0.5,0.05,0.63,0.01,0.63,0.66,0.64,0.0,0.0,0.64,0.64,0.64,0.0,0.0,0.0,0.0,0.64,0.64,0.65,0.66,0.65,0.67,0.65,0.65,0.63,0.64,0.66,0.64,0.0,0.0,0.64,0.66,0.66,0.65,0.49,0.55,0.17,0.0,0.6,0.66,0.64,0.66,0.66,0.66,0.66
4053,0.0,0.08,0.08,0.0,0.0,0.36,0.0,0.0,0.33,0.13,0.3,0.25,0.28,0.26,0.28,0.32,0.35,0.08,0.05,0.32,0.07,0.28,0.01,0.33,0.34,0.03,0.0,0.0,0.39,0.02,0.01,0.0,0.0,0.0,0.0,0.37,0.36,0.33,0.38,0.36,0.36,0.38,0.38,0.33,0.34,0.38,0.36,0.0,0.0,0.35,0.41,0.38,0.37,0.4,0.31,0.39,0.0,0.39,0.4,0.36,0.4,0.4,0.4,0.4
4054,0.0,0.06,0.07,0.0,0.0,0.04,0.0,0.0,0.04,0.07,0.07,0.06,0.06,0.06,0.04,0.04,0.05,0.03,0.02,0.04,0.0,0.06,0.01,0.04,0.05,0.05,0.0,0.0,0.07,0.02,0.05,0.0,0.0,0.0,0.0,0.05,0.04,0.07,0.04,0.07,0.04,0.04,0.04,0.04,0.04,0.04,0.04,0.0,0.0,0.04,0.04,0.05,0.04,0.05,0.04,0.05,0.0,0.07,0.04,0.04,0.04,0.04,0.04,0.04
4055,0.0,0.02,0.0,0.0,0.0,0.02,0.0,0.0,0.02,0.02,0.02,0.02,0.0,0.0,0.0,0.01,0.0,0.0,0.0,0.01,0.0,0.0,0.0,0.02,0.01,0.02,0.0,0.0,0.02,0.03,0.02,0.0,0.0,0.0,0.0,0.02,0.02,0.02,0.02,0.02,0.02,0.02,0.02,0.02,0.02,0.02,0.0,0.0,0.0,0.0,0.03,0.02,0.03,0.03,0.01,0.03,0.0,0.03,0.03,0.0,0.03,0.03,0.02,0.03
4056,0.0,0.0,0.0,0.0,0.0,0.0,0.0,0.0,0.0,0.0,0.0,0.0,0.0,0.0,0.0,0.0,0.0,0.0,0.0,0.0,0.0,0.0,0.0,0.0,0.0,0.0,0.0,0.0,0.0,0.0,0.0,0.0,0.0,0.0,0.0,0.0,0.0,0.0,0.0,0.0,0.0,0.0,0.0,0.0,0.0,0.0,0.0,0.0,0.0,0.0,0.0,0.0,0.0,0.0,0.0,0.0,0.0,0.0,0.0,0.0,0.0,0.0,0.0,0.0
4057,0.0,0.0,0.0,0.0,0.0,0.0,0.0,0.0,0.0,0.0,0.0,0.0,0.0,0.0,0.0,0.0,0.0,0.0,0.0,0.0,0.0,0.0,0.0,0.0,0.0,0.0,0.0,0.0,0.0,0.0,0.0,0.0,0.0,0.0,0.0,0.0,0.0,0.0,0.0,0.0,0.0,0.0,0.0,0.0,0.0,0.0,0.0,0.0,0.0,0.0,0.0,0.0,0.0,0.0,0.0,0.0,0.0,0.0,0.0,0.0,0.0,0.0,0.0,0.0
4058,0.0,0.0,0.0,0.0,0.0,0.0,0.0,0.0,0.0,0.0,0.0,0.0,0.0,0.0,0.0,0.0,0.0,0.0,0.0,0.0,0.0,0.0,0.0,0.0,0.0,0.0,0.0,0.0,0.0,0.0,0.0,0.0,0.0,0.0,0.0,0.0,0.0,0.0,0.0,0.0,0.0,0.0,0.0,0.0,0.0,0.0,0.0,0.0,0.0,0.0,0.0,0.0,0.0,0.0,0.0,0.0,0.0,0.0,0.0,0.0,0.0,0.0,0.0,0.0
4059,0.0,0.0,0.0,0.0,0.0,0.0,0.0,0.0,0.0,0.0,0.0,0.0,0.0,0.0,0.0,0.0,0.0,0.0,0.0,0.0,0.0,0.0,0.0,0.0,0.0,0.0,0.0,0.0,0.0,0.0,0.0,0.0,0.0,0.0,0.0,0.0,0.0,0.0,0.0,0.0,0.0,0.0,0.0,0.0,0.0,0.0,0.0,0.0,0.0,0.0,0.0,0.0,0.0,0.0,0.0,0.0,0.0,0.0,0.0,0.0,0.0,0.0,0.0,0.0
4060,0.0,0.0,0.0,0.0,0.0,0.0,0.0,0.0,0.0,0.0,0.0,0.0,0.0,0.0,0.0,0.0,0.0,0.0,0.0,0.0,0.0,0.0,0.0,0.0,0.0,0.0,0.0,0.0,0.0,0.0,0.0,0.0,0.0,0.0,0.0,0.0,0.0,0.0,0.0,0.0,0.0,0.0,0.0,0.0,0.0,0.0,0.0,0.0,0.0,0.0,0.0,0.0,0.0,0.0,0.0,0.0,0.0,0.0,0.0,0.0,0.0,0.0,0.0,0.0
4061,0.0,0.0,0.0,0.0,0.0,0.0,0.0,0.0,0.0,0.0,0.0,0.0,0.0,0.0,0.0,0.0,0.0,0.0,0.0,0.0,0.0,0.0,0.0,0.0,0.0,0.0,0.0,0.0,0.0,0.0,0.0,0.0,0.0,0.0,0.0,0.0,0.0,0.0,0.0,0.0,0.0,0.0,0.0,0.0,0.0,0.0,0.0,0.0,0.0,0.0,0.0,0.0,0.0,0.0,0.0,0.0,0.0,0.0,0.0,0.0,0.0,0.0,0.0,0.0
4062,0.0,0.0,0.0,0.0,0.0,0.0,0.0,0.0,0.0,0.0,0.0,0.0,0.0,0.0,0.0,0.0,0.0,0.0,0.0,0.0,0.0,0.0,0.0,0.0,0.0,0.0,0.0,0.0,0.0,0.0,0.0,0.0,0.0,0.0,0.0,0.0,0.0,0.0,0.0,0.0,0.0,0.0,0.0,0.0,0.0,0.0,0.0,0.0,0.0,0.0,0.0,0.0,0.0,0.0,0.0,0.0,0.0,0.0,0.0,0.0,0.0,0.0,0.0,0.0
4063,0.0,0.0,0.0,0.0,0.0,0.0,0.0,0.0,0.0,0.0,0.0,0.0,0.0,0.0,0.0,0.0,0.0,0.0,0.0,0.0,0.0,0.0,0.0,0.0,0.0,0.0,0.0,0.0,0.0,0.0,0.0,0.0,0.0,0.0,0.0,0.0,0.0,0.0,0.0,0.0,0.0,0.0,0.0,0.0,0.0,0.0,0.0,0.0,0.0,0.0,0.0,0.0,0.0,0.0,0.0,0.0,0.0,0.0,0.0,0.0,0.0,0.0,0.0,0.0
4064,0.0,0.0,0.0,0.0,0.0,0.0,0.0,0.0,0.0,0.0,0.0,0.0,0.0,0.0,0.0,0.0,0.0,0.0,0.0,0.0,0.0,0.0,0.0,0.0,0.0,0.0,0.0,0.0,0.0,0.0,0.0,0.0,0.0,0.0,0.0,0.0,0.0,0.0,0.0,0.0,0.0,0.0,0.0,0.0,0.0,0.0,0.0,0.0,0.0,0.0,0.0,0.0,0.0,0.0,0.0,0.0,0.0,0.0,0.0,0.0,0.0,0.0,0.0,0.0
4065,0.0,0.02,0.03,0.0,0.0,0.02,0.0,0.0,0.02,0.06,0.01,0.0,0.02,0.0,0.05,0.04,0.0,0.02,0.02,0.04,0.0,0.01,0.0,0.01,0.02,0.03,0.0,0.0,0.04,0.02,0.03,0.0,0.0,0.0,0.0,0.04,0.0,0.01,0.01,0.03,0.04,0.01,0.0,0.01,0.0,0.0,0.02,0.0,0.0,0.02,0.0,0.03,0.01,0.04,0.0,0.0,0.0,0.02,0.04,0.01,0.04,0.0,0.03,0.04
4066,0.0,0.08,0.08,0.0,0.0,0.11,0.0,0.0,0.11,0.17,0.06,0.0,0.02,0.18,0.15,0.1,0.02,0.0,0.0,0.14,0.0,0.18,0.0,0.07,0.14,0.1,0.0,0.0,0.1,0.08,0.1,0.0,0.0,0.0,0.0,0.1,0.13,0.12,0.08,0.14,0.1,0.08,0.12,0.04,0.11,0.1,0.11,0.0,0.0,0.11,0.0,0.11,0.02,0.0,0.01,0.0,0.0,0.02,0.04,0.01,0.06,0.02,0.11,0.03
4067,0.0,0.39,0.4,0.0,0.0,0.45,0.0,0.0,0.23,0.57,0.27,0.04,0.04,0.31,0.5,0.42,0.04,0.02,0.17,0.52,0.01,0.11,0.01,0.25,0.53,0.2,0.0,0.0,0.29,0.41,0.21,0.0,0.0,0.0,0.0,0.37,0.48,0.48,0.44,0.12,0.52,0.45,0.14,0.35,0.38,0.45,0.48,0.0,0.0,0.5,0.48,0.46,0.01,0.01,0.02,0.09,0.0,0.0,0.48,0.01,0.28,0.08,0.44,0.48
4068,0.0,0.64,0.65,0.0,0.0,0.63,0.0,0.0,0.04,0.69,0.14,0.01,0.01,0.06,0.05,0.06,0.07,0.25,0.06,0.05,0.68,0.08,0.01,0.64,0.66,0.25,0.0,0.0,0.64,0.55,0.24,0.0,0.0,0.0,0.0,0.62,0.63,0.33,0.65,0.11,0.08,0.65,0.66,0.65,0.64,0.66,0.61,0.0,0.0,0.62,0.34,0.66,0.03,0.01,0.04,0.04,0.0,0.03,0.04,0.06,0.42,0.06,0.61,0.04
4069,0.0,0.69,0.69,0.0,0.0,0.65,0.0,0.0,0.24,0.71,0.4,0.01,0.04,0.07,0.03,0.06,0.07,0.05,0.05,0.18,0.7,0.05,0.08,0.69,0.69,0.68,0.0,0.0,0.68,0.69,0.58,0.0,0.0,0.0,0.0,0.66,0.68,0.72,0.69,0.29,0.14,0.69,0.69,0.69,0.69,0.7,0.66,0.0,0.0,0.65,0.17,0.59,0.02,0.02,0.08,0.22,0.0,0.02,0.27,0.13,0.39,0.03,0.71,0.71
4070,0.0,0.71,0.71,0.0,0.0,0.68,0.0,0.0,0.42,0.71,0.15,0.07,0.14,0.1,0.09,0.07,0.04,0.74,0.75,0.08,0.72,0.08,0.17,0.12,0.7,0.72,0.0,0.0,0.71,0.71,0.71,0.0,0.0,0.0,0.0,0.32,0.07,0.74,0.44,0.74,0.65,0.71,0.7,0.7,0.14,0.71,0.44,0.0,0.0,0.68,0.06,0.34,0.1,0.04,0.28,0.43,0.0,0.04,0.06,0.34,0.72,0.04,0.72,0.3
4071,0.0,0.71,0.71,0.0,0.0,0.68,0.0,0.0,0.15,0.73,0.42,0.2,0.3,0.27,0.35,0.21,0.26,0.73,0.74,0.43,0.73,0.27,0.14,0.07,0.28,0.72,0.0,0.0,0.7,0.71,0.71,0.0,0.0,0.0,0.0,0.47,0.18,0.73,0.71,0.74,0.74,0.71,0.71,0.06,0.06,0.71,0.68,0.0,0.0,0.68,0.08,0.13,0.52,0.05,0.3,0.71,0.0,0.06,0.1,0.45,0.25,0.07,0.72,0.12
4072,0.0,0.71,0.71,0.0,0.0,0.69,0.0,0.0,0.71,0.74,0.7,0.21,0.19,0.27,0.36,0.72,0.3,0.73,0.74,0.56,0.74,0.35,0.33,0.71,0.65,0.73,0.0,0.0,0.71,0.72,0.72,0.0,0.0,0.0,0.0,0.7,0.72,0.73,0.72,0.74,0.74,0.72,0.72,0.71,0.72,0.48,0.69,0.0,0.0,0.68,0.14,0.11,0.29,0.74,0.22,0.72,0.0,0.28,0.22,0.73,0.65,0.12,0.73,0.14
4073,0.0,0.71,0.71,0.0,0.0,0.68,0.0,0.0,0.3,0.74,0.7,0.14,0.26,0.26,0.29,0.71,0.34,0.7,0.7,0.58,0.73,0.22,0.7,0.7,0.68,0.73,0.0,0.0,0.72,0.71,0.72,0.0,0.0,0.0,0.0,0.71,0.71,0.73,0.52,0.74,0.74,0.71,0.71,0.7,0.71,0.72,0.69,0.0,0.0,0.68,0.74,0.32,0.66,0.48,0.74,0.72,0.0,0.73,0.73,0.73,0.16,0.6,0.74,0.25
4074,0.0,0.7,0.7,0.0,0.0,0.67,0.0,0.0,0.4,0.74,0.7,0.71,0.66,0.13,0.14,0.47,0.58,0.68,0.7,0.7,0.73,0.12,0.67,0.7,0.23,0.72,0.0,0.0,0.71,0.71,0.7,0.0,0.0,0.0,0.0,0.69,0.7,0.66,0.1,0.53,0.74,0.7,0.72,0.7,0.7,0.72,0.68,0.0,0.0,0.66,0.74,0.72,0.5,0.72,0.7,0.72,0.0,0.42,0.73,0.72,0.72,0.74,0.72,0.73
4075,0.0,0.67,0.68,0.0,0.0,0.66,0.0,0.0,0.68,0.72,0.68,0.63,0.53,0.09,0.11,0.68,0.7,0.62,0.62,0.31,0.67,0.13,0.62,0.67,0.59,0.7,0.0,0.0,0.69,0.68,0.69,0.0,0.0,0.0,0.0,0.68,0.68,0.71,0.7,0.72,0.71,0.69,0.7,0.68,0.68,0.7,0.66,0.0,0.0,0.65,0.72,0.7,0.71,0.71,0.71,0.71,0.0,0.72,0.71,0.71,0.72,0.71,0.7,0.71
4076,0.0,0.61,0.61,0.0,0.0,0.59,0.0,0.0,0.38,0.65,0.62,0.64,0.29,0.61,0.62,0.62,0.64,0.38,0.58,0.62,0.4,0.59,0.57,0.47,0.58,0.65,0.0,0.0,0.63,0.61,0.63,0.0,0.0,0.0,0.0,0.63,0.63,0.65,0.64,0.65,0.65,0.64,0.64,0.62,0.27,0.64,0.59,0.0,0.0,0.59,0.66,0.63,0.39,0.66,0.67,0.65,0.0,0.66,0.66,0.66,0.66,0.66,0.65,0.66
4077,0.0,0.38,0.39,0.0,0.0,0.33,0.0,0.0,0.32,0.32,0.33,0.33,0.19,0.3,0.3,0.3,0.34,0.16,0.16,0.31,0.13,0.29,0.15,0.33,0.3,0.3,0.0,0.0,0.34,0.35,0.3,0.0,0.0,0.0,0.0,0.36,0.35,0.35,0.37,0.35,0.36,0.37,0.36,0.34,0.34,0.37,0.32,0.0,0.0,0.32,0.4,0.25,0.38,0.39,0.25,0.33,0.0,0.38,0.4,0.32,0.4,0.4,0.3,0.4
4078,0.0,0.06,0.06,0.0,0.0,0.06,0.0,0.0,0.06,0.04,0.06,0.07,0.06,0.05,0.05,0.05,0.08,0.04,0.04,0.05,0.05,0.05,0.06,0.05,0.06,0.06,0.0,0.0,0.06,0.06,0.06,0.0,0.0,0.0,0.0,0.07,0.05,0.07,0.06,0.07,0.06,0.06,0.06,0.06,0.05,0.06,0.06,0.0,0.0,0.06,0.05,0.06,0.06,0.05,0.08,0.07,0.0,0.07,0.06,0.07,0.06,0.06,0.04,0.05
4079,0.0,0.01,0.01,0.0,0.0,0.01,0.0,0.0,0.01,0.02,0.02,0.01,0.0,0.0,0.0,0.01,0.02,0.0,0.0,0.01,0.0,0.0,0.0,0.02,0.0,0.02,0.0,0.0,0.03,0.01,0.02,0.0,0.0,0.0,0.0,0.01,0.02,0.02,0.0,0.02,0.02,0.0,0.0,0.02,0.02,0.0,0.01,0.0,0.0,0.0,0.03,0.01,0.02,0.03,0.02,0.03,0.0,0.03,0.03,0.03,0.03,0.03,0.0,0.03
4080,0.0,0.0,0.0,0.0,0.0,0.0,0.0,0.0,0.0,0.0,0.0,0.0,0.0,0.0,0.0,0.0,0.0,0.0,0.0,0.0,0.0,0.0,0.0,0.0,0.0,0.0,0.0,0.0,0.0,0.0,0.0,0.0,0.0,0.0,0.0,0.0,0.0,0.0,0.0,0.0,0.0,0.0,0.0,0.0,0.0,0.0,0.0,0.0,0.0,0.0,0.0,0.0,0.0,0.0,0.0,0.0,0.0,0.0,0.0,0.0,0.0,0.0,0.0,0.0
4081,0.0,0.0,0.0,0.0,0.0,0.0,0.0,0.0,0.0,0.0,0.0,0.0,0.0,0.0,0.0,0.0,0.0,0.0,0.0,0.0,0.0,0.0,0.0,0.0,0.0,0.0,0.0,0.0,0.0,0.0,0.0,0.0,0.0,0.0,0.0,0.0,0.0,0.0,0.0,0.0,0.0,0.0,0.0,0.0,0.0,0.0,0.0,0.0,0.0,0.0,0.0,0.0,0.0,0.0,0.0,0.0,0.0,0.0,0.0,0.0,0.0,0.0,0.0,0.0
4082,0.0,0.0,0.0,0.0,0.0,0.0,0.0,0.0,0.0,0.0,0.0,0.0,0.0,0.0,0.0,0.0,0.0,0.0,0.0,0.0,0.0,0.0,0.0,0.0,0.0,0.0,0.0,0.0,0.0,0.0,0.0,0.0,0.0,0.0,0.0,0.0,0.0,0.0,0.0,0.0,0.0,0.0,0.0,0.0,0.0,0.0,0.0,0.0,0.0,0.0,0.0,0.0,0.0,0.0,0.0,0.0,0.0,0.0,0.0,0.0,0.0,0.0,0.0,0.0
4083,0.0,0.0,0.0,0.0,0.0,0.0,0.0,0.0,0.0,0.0,0.0,0.0,0.0,0.0,0.0,0.0,0.0,0.0,0.0,0.0,0.0,0.0,0.0,0.0,0.0,0.0,0.0,0.0,0.0,0.0,0.0,0.0,0.0,0.0,0.0,0.0,0.0,0.0,0.0,0.0,0.0,0.0,0.0,0.0,0.0,0.0,0.0,0.0,0.0,0.0,0.0,0.0,0.0,0.0,0.0,0.0,0.0,0.0,0.0,0.0,0.0,0.0,0.0,0.0
4084,0.0,0.0,0.0,0.0,0.0,0.0,0.0,0.0,0.0,0.0,0.0,0.0,0.0,0.0,0.0,0.0,0.0,0.0,0.0,0.0,0.0,0.0,0.0,0.0,0.0,0.0,0.0,0.0,0.0,0.0,0.0,0.0,0.0,0.0,0.0,0.0,0.0,0.0,0.0,0.0,0.0,0.0,0.0,0.0,0.0,0.0,0.0,0.0,0.0,0.0,0.0,0.0,0.0,0.0,0.0,0.0,0.0,0.0,0.0,0.0,0.0,0.0,0.0,0.0
4085,0.0,0.0,0.0,0.0,0.0,0.0,0.0,0.0,0.0,0.0,0.0,0.0,0.0,0.0,0.0,0.0,0.0,0.0,0.0,0.0,0.0,0.0,0.0,0.0,0.0,0.0,0.0,0.0,0.0,0.0,0.0,0.0,0.0,0.0,0.0,0.0,0.0,0.0,0.0,0.0,0.0,0.0,0.0,0.0,0.0,0.0,0.0,0.0,0.0,0.0,0.0,0.0,0.0,0.0,0.0,0.0,0.0,0.0,0.0,0.0,0.0,0.0,0.0,0.0
4086,0.0,0.0,0.0,0.0,0.0,0.0,0.0,0.0,0.0,0.0,0.0,0.0,0.0,0.0,0.0,0.0,0.0,0.0,0.0,0.0,0.0,0.0,0.0,0.0,0.0,0.0,0.0,0.0,0.0,0.0,0.0,0.0,0.0,0.0,0.0,0.0,0.0,0.0,0.0,0.0,0.0,0.0,0.0,0.0,0.0,0.0,0.0,0.0,0.0,0.0,0.0,0.0,0.0,0.0,0.0,0.0,0.0,0.0,0.0,0.0,0.0,0.0,0.0,0.0
4087,0.0,0.0,0.0,0.0,0.0,0.0,0.0,0.0,0.0,0.0,0.0,0.0,0.0,0.0,0.0,0.0,0.0,0.0,0.0,0.0,0.0,0.0,0.0,0.0,0.0,0.0,0.0,0.0,0.0,0.0,0.0,0.0,0.0,0.0,0.0,0.0,0.0,0.0,0.0,0.0,0.0,0.0,0.0,0.0,0.0,0.0,0.0,0.0,0.0,0.0,0.0,0.0,0.0,0.0,0.0,0.0,0.0,0.0,0.0,0.0,0.0,0.0,0.0,0.0
4088,0.0,0.0,0.0,0.0,0.0,0.0,0.0,0.0,0.0,0.0,0.0,0.0,0.0,0.0,0.0,0.0,0.0,0.0,0.0,0.0,0.0,0.0,0.0,0.0,0.0,0.0,0.0,0.0,0.0,0.0,0.0,0.0,0.0,0.0,0.0,0.0,0.0,0.0,0.0,0.0,0.0,0.0,0.0,0.0,0.0,0.0,0.0,0.0,0.0,0.0,0.0,0.0,0.0,0.0,0.0,0.0,0.0,0.0,0.0,0.0,0.0,0.0,0.0,0.0
4089,0.0,0.0,0.0,0.0,0.0,0.04,0.0,0.0,0.04,0.02,0.04,0.03,0.02,0.03,0.03,0.05,0.03,0.05,0.05,0.04,0.05,0.03,0.05,0.04,0.0,0.01,0.0,0.0,0.0,0.0,0.02,0.0,0.0,0.0,0.0,0.01,0.04,0.04,0.04,0.04,0.04,0.05,0.04,0.04,0.04,0.04,0.01,0.0,0.0,0.04,0.04,0.0,0.04,0.03,0.03,0.04,0.0,0.03,0.04,0.04,0.04,0.04,0.01,0.04
4090,0.0,0.1,0.08,0.0,0.0,0.01,0.0,0.0,0.15,0.18,0.14,0.15,0.22,0.17,0.17,0.17,0.14,0.2,0.19,0.16,0.17,0.18,0.22,0.14,0.0,0.03,0.0,0.0,0.02,0.02,0.06,0.0,0.0,0.0,0.0,0.02,0.13,0.13,0.02,0.13,0.12,0.04,0.04,0.12,0.14,0.02,0.01,0.0,0.0,0.01,0.09,0.02,0.1,0.08,0.11,0.08,0.0,0.09,0.1,0.1,0.1,0.08,0.03,0.11
4091,0.0,0.04,0.02,0.0,0.0,0.01,0.0,0.0,0.57,0.61,0.56,0.58,0.64,0.59,0.59,0.58,0.55,0.63,0.63,0.58,0.6,0.6,0.63,0.51,0.03,0.38,0.0,0.0,0.04,0.15,0.37,0.0,0.0,0.0,0.0,0.03,0.33,0.55,0.06,0.55,0.54,0.06,0.14,0.39,0.48,0.1,0.0,0.0,0.0,0.0,0.49,0.03,0.51,0.46,0.51,0.47,0.0,0.49,0.48,0.48,0.37,0.5,0.02,0.45
4092,0.0,0.6,0.6,0.0,0.0,0.14,0.0,0.0,0.68,0.7,0.67,0.7,0.69,0.68,0.68,0.67,0.69,0.72,0.73,0.68,0.71,0.68,0.68,0.64,0.01,0.59,0.0,0.0,0.04,0.62,0.61,0.0,0.0,0.0,0.0,0.65,0.59,0.68,0.07,0.69,0.65,0.09,0.36,0.33,0.64,0.49,0.09,0.0,0.0,0.03,0.68,0.07,0.65,0.64,0.66,0.62,0.0,0.64,0.67,0.65,0.64,0.68,0.04,0.64
4093,0.0,0.62,0.04,0.0,0.0,0.15,0.0,0.0,0.7,0.72,0.7,0.74,0.7,0.72,0.71,0.69,0.72,0.75,0.76,0.7,0.74,0.73,0.73,0.67,0.12,0.05,0.0,0.0,0.06,0.23,0.07,0.0,0.0,0.0,0.0,0.05,0.66,0.72,0.56,0.72,0.72,0.59,0.46,0.44,0.68,0.46,0.65,0.0,0.0,0.66,0.73,0.06,0.7,0.68,0.71,0.67,0.0,0.69,0.72,0.71,0.69,0.72,0.06,0.71
4094,0.0,0.43,0.35,0.0,0.0,0.06,0.0,0.0,0.71,0.72,0.71,0.72,0.74,0.72,0.72,0.71,0.73,0.75,0.75,0.71,0.74,0.72,0.74,0.7,0.3,0.72,0.0,0.0,0.08,0.62,0.72,0.0,0.0,0.0,0.0,0.32,0.69,0.73,0.08,0.73,0.74,0.08,0.69,0.68,0.71,0.19,0.66,0.0,0.0,0.52,0.65,0.29,0.72,0.62,0.72,0.63,0.0,0.72,0.7,0.71,0.73,0.68,0.26,0.72
4095,0.0,0.1,0.08,0.0,0.0,0.19,0.0,0.0,0.71,0.73,0.52,0.74,0.73,0.71,0.7,0.71,0.73,0.74,0.74,0.71,0.74,0.72,0.73,0.7,0.69,0.44,0.0,0.0,0.08,0.29,0.6,0.0,0.0,0.0,0.0,0.11,0.69,0.74,0.28,0.73,0.73,0.23,0.72,0.7,0.7,0.34,0.28,0.0,0.0,0.38,0.75,0.2,0.68,0.74,0.73,0.39,0.0,0.68,0.75,0.64,0.71,0.76,0.18,0.73
4096,0.0,0.5,0.67,0.0,0.0,0.65,0.0,0.0,0.7,0.73,0.7,0.74,0.7,0.71,0.7,0.7,0.68,0.73,0.72,0.69,0.72,0.71,0.73,0.6,0.7,0.72,0.0,0.0,0.72,0.7,0.71,0.0,0.0,0.0,0.0,0.1,0.57,0.69,0.37,0.68,0.74,0.73,0.72,0.7,0.61,0.74,0.62,0.0,0.0,0.64,0.71,0.52,0.69,0.51,0.62,0.54,0.0,0.45,0.67,0.58,0.72,0.65,0.73,0.7
4097,0.0,0.42,0.38,0.0,0.0,0.7,0.0,0.0,0.57,0.73,0.69,0.7,0.68,0.69,0.71,0.67,0.69,0.66,0.66,0.59,0.7,0.71,0.72,0.72,0.18,0.7,0.0,0.0,0.71,0.71,0.69,0.0,0.0,0.0,0.0,0.72,0.72,0.72,0.53,0.7,0.67,0.29,0.72,0.72,0.72,0.45,0.06,0.0,0.0,0.29,0.48,0.73,0.57,0.45,0.45,0.36,0.0,0.34,0.5,0.62,0.7,0.47,0.73,0.59
4098,0.0,0.13,0.04,0.0,0.0,0.04,0.0,0.0,0.6,0.72,0.65,0.74,0.68,0.68,0.71,0.71,0.64,0.59,0.62,0.72,0.61,0.7,0.64,0.68,0.15,0.25,0.0,0.0,0.24,0.05,0.18,0.0,0.0,0.0,0.0,0.09,0.67,0.32,0.72,0.36,0.49,0.72,0.72,0.7,0.66,0.73,0.06,0.0,0.0,0.04,0.37,0.62,0.61,0.49,0.6,0.65,0.0,0.59,0.37,0.37,0.6,0.38,0.69,0.51
4099,0.0,0.02,0.09,0.0,0.0,0.11,0.0,0.0,0.27,0.69,0.38,0.7,0.66,0.69,0.68,0.38,0.26,0.68,0.71,0.25,0.7,0.7,0.64,0.66,0.25,0.03,0.0,0.0,0.01,0.0,0.04,0.0,0.0,0.0,0.0,0.05,0.68,0.56,0.3,0.59,0.54,0.13,0.22,0.69,0.67,0.32,0.68,0.0,0.0,0.68,0.09,0.02,0.27,0.54,0.39,0.15,0.0,0.24,0.28,0.24,0.3,0.1,0.02,0.61
4100,0.0,0.02,0.02,0.0,0.0,0.07,0.0,0.0,0.42,0.38,0.43,0.46,0.59,0.21,0.21,0.42,0.21,0.55,0.48,0.5,0.6,0.38,0.58,0.54,0.32,0.05,0.0,0.0,0.01,0.03,0.06,0.0,0.0,0.0,0.0,0.01,0.24,0.14,0.02,0.16,0.4,0.02,0.02,0.12,0.54,0.01,0.07,0.0,0.0,0.1,0.07,0.0,0.48,0.08,0.29,0.31,0.0,0.23,0.04,0.24,0.03,0.02,0.06,0.05
4101,0.0,0.01,0.02,0.0,0.0,0.04,0.0,0.0,0.18,0.23,0.28,0.3,0.25,0.13,0.11,0.12,0.06,0.29,0.3,0.08,0.25,0.17,0.26,0.18,0.31,0.01,0.0,0.0,0.0,0.01,0.01,0.0,0.0,0.0,0.0,0.01,0.07,0.27,0.0,0.24,0.03,0.0,0.0,0.02,0.18,0.0,0.02,0.0,0.0,0.01,0.0,0.39,0.07,0.02,0.17,0.05,0.0,0.03,0.01,0.29,0.0,0.01,0.01,0.0
4102,0.0,0.02,0.06,0.0,0.0,0.02,0.0,0.0,0.06,0.07,0.06,0.04,0.06,0.06,0.03,0.06,0.07,0.06,0.06,0.05,0.06,0.06,0.06,0.02,0.06,0.0,0.0,0.0,0.01,0.01,0.0,0.0,0.0,0.0,0.0,0.0,0.01,0.02,0.01,0.03,0.01,0.0,0.0,0.01,0.01,0.0,0.01,0.0,0.0,0.0,0.0,0.05,0.02,0.0,0.06,0.02,0.0,0.0,0.0,0.05,0.0,0.0,0.02,0.0
4103,0.0,0.0,0.01,0.0,0.0,0.0,0.0,0.0,0.0,0.02,0.0,0.01,0.0,0.01,0.0,0.0,0.01,0.01,0.01,0.0,0.02,0.0,0.0,0.0,0.0,0.0,0.0,0.0,0.0,0.0,0.0,0.0,0.0,0.0,0.0,0.0,0.0,0.0,0.0,0.0,0.0,0.0,0.0,0.0,0.0,0.0,0.0,0.0,0.0,0.0,0.0,0.0,0.0,0.01,0.01,0.0,0.0,0.0,0.0,0.01,0.0,0.0,0.0,0.0
4104,0.0,0.0,0.0,0.0,0.0,0.0,0.0,0.0,0.0,0.0,0.0,0.0,0.0,0.0,0.0,0.0,0.0,0.0,0.0,0.0,0.0,0.0,0.0,0.0,0.0,0.0,0.0,0.0,0.0,0.0,0.0,0.0,0.0,0.0,0.0,0.0,0.0,0.0,0.0,0.0,0.0,0.0,0.0,0.0,0.0,0.0,0.0,0.0,0.0,0.0,0.0,0.0,0.0,0.0,0.0,0.0,0.0,0.0,0.0,0.0,0.0,0.0,0.0,0.0
4105,0.0,0.0,0.0,0.0,0.0,0.0,0.0,0.0,0.0,0.0,0.0,0.0,0.0,0.0,0.0,0.0,0.0,0.0,0.0,0.0,0.0,0.0,0.0,0.0,0.0,0.0,0.0,0.0,0.0,0.0,0.0,0.0,0.0,0.0,0.0,0.0,0.0,0.0,0.0,0.0,0.0,0.0,0.0,0.0,0.0,0.0,0.0,0.0,0.0,0.0,0.0,0.0,0.0,0.0,0.0,0.0,0.0,0.0,0.0,0.0,0.0,0.0,0.0,0.0
4106,0.0,0.0,0.0,0.0,0.0,0.0,0.0,0.0,0.0,0.0,0.0,0.0,0.0,0.0,0.0,0.0,0.0,0.0,0.0,0.0,0.0,0.0,0.0,0.0,0.0,0.0,0.0,0.0,0.0,0.0,0.0,0.0,0.0,0.0,0.0,0.0,0.0,0.0,0.0,0.0,0.0,0.0,0.0,0.0,0.0,0.0,0.0,0.0,0.0,0.0,0.0,0.0,0.0,0.0,0.0,0.0,0.0,0.0,0.0,0.0,0.0,0.0,0.0,0.0
4107,0.0,0.0,0.0,0.0,0.0,0.0,0.0,0.0,0.0,0.0,0.0,0.0,0.0,0.0,0.0,0.0,0.0,0.0,0.0,0.0,0.0,0.0,0.0,0.0,0.0,0.0,0.0,0.0,0.0,0.0,0.0,0.0,0.0,0.0,0.0,0.0,0.0,0.0,0.0,0.0,0.0,0.0,0.0,0.0,0.0,0.0,0.0,0.0,0.0,0.0,0.0,0.0,0.0,0.0,0.0,0.0,0.0,0.0,0.0,0.0,0.0,0.0,0.0,0.0
4108,0.0,0.0,0.0,0.0,0.0,0.0,0.0,0.0,0.0,0.0,0.0,0.0,0.0,0.0,0.0,0.0,0.0,0.0,0.0,0.0,0.0,0.0,0.0,0.0,0.0,0.0,0.0,0.0,0.0,0.0,0.0,0.0,0.0,0.0,0.0,0.0,0.0,0.0,0.0,0.0,0.0,0.0,0.0,0.0,0.0,0.0,0.0,0.0,0.0,0.0,0.0,0.0,0.0,0.0,0.0,0.0,0.0,0.0,0.0,0.0,0.0,0.0,0.0,0.0
4109,0.0,0.0,0.0,0.0,0.0,0.0,0.0,0.0,0.0,0.0,0.0,0.0,0.0,0.0,0.0,0.0,0.0,0.0,0.0,0.0,0.0,0.0,0.0,0.0,0.0,0.0,0.0,0.0,0.0,0.0,0.0,0.0,0.0,0.0,0.0,0.0,0.0,0.0,0.0,0.0,0.0,0.0,0.0,0.0,0.0,0.0,0.0,0.0,0.0,0.0,0.0,0.0,0.0,0.0,0.0,0.0,0.0,0.0,0.0,0.0,0.0,0.0,0.0,0.0
4110,0.0,0.0,0.0,0.0,0.0,0.0,0.0,0.0,0.0,0.0,0.0,0.0,0.0,0.0,0.0,0.0,0.0,0.0,0.0,0.0,0.0,0.0,0.0,0.0,0.0,0.0,0.0,0.0,0.0,0.0,0.0,0.0,0.0,0.0,0.0,0.0,0.0,0.0,0.0,0.0,0.0,0.0,0.0,0.0,0.0,0.0,0.0,0.0,0.0,0.0,0.0,0.0,0.0,0.0,0.0,0.0,0.0,0.0,0.0,0.0,0.0,0.0,0.0,0.0
4111,0.0,0.0,0.0,0.0,0.0,0.0,0.0,0.0,0.0,0.0,0.0,0.0,0.0,0.0,0.0,0.0,0.0,0.0,0.0,0.0,0.0,0.0,0.0,0.0,0.0,0.0,0.0,0.0,0.0,0.0,0.0,0.0,0.0,0.0,0.0,0.0,0.0,0.0,0.0,0.0,0.0,0.0,0.0,0.0,0.0,0.0,0.0,0.0,0.0,0.0,0.0,0.0,0.0,0.0,0.0,0.0,0.0,0.0,0.0,0.0,0.0,0.0,0.0,0.0
4112,0.0,0.0,0.0,0.0,0.0,0.0,0.0,0.0,0.0,0.0,0.0,0.0,0.0,0.0,0.0,0.0,0.0,0.0,0.0,0.0,0.0,0.0,0.0,0.0,0.0,0.0,0.0,0.0,0.0,0.0,0.0,0.0,0.0,0.0,0.0,0.0,0.0,0.0,0.0,0.0,0.0,0.0,0.0,0.0,0.0,0.0,0.0,0.0,0.0,0.0,0.0,0.0,0.0,0.0,0.0,0.0,0.0,0.0,0.0,0.0,0.0,0.0,0.0,0.0
4113,0.0,0.0,0.0,0.0,0.0,0.0,0.0,0.0,0.02,0.02,0.01,0.0,0.01,0.01,0.0,0.0,0.01,0.02,0.01,0.0,0.0,0.02,0.06,0.0,0.0,0.0,0.0,0.0,0.0,0.0,0.0,0.0,0.0,0.0,0.0,0.0,0.01,0.02,0.0,0.03,0.0,0.01,0.01,0.0,0.0,0.01,0.0,0.0,0.0,0.0,0.0,0.0,0.01,0.02,0.0,0.01,0.0,0.03,0.0,0.01,0.0,0.0,0.0,0.0
4114,0.0,0.0,0.0,0.0,0.0,0.02,0.0,0.0,0.03,0.18,0.03,0.0,0.05,0.03,0.02,0.03,0.01,0.05,0.02,0.08,0.0,0.04,0.16,0.01,0.0,0.0,0.0,0.0,0.02,0.0,0.01,0.0,0.0,0.0,0.0,0.0,0.01,0.03,0.01,0.0,0.02,0.04,0.06,0.02,0.01,0.02,0.0,0.0,0.0,0.0,0.02,0.0,0.03,0.03,0.03,0.02,0.0,0.02,0.02,0.06,0.03,0.04,0.01,0.02
4115,0.0,0.0,0.02,0.0,0.0,0.01,0.0,0.0,0.02,0.44,0.0,0.01,0.43,0.03,0.08,0.08,0.08,0.02,0.01,0.04,0.01,0.06,0.05,0.05,0.0,0.0,0.0,0.0,0.0,0.01,0.01,0.0,0.0,0.0,0.0,0.04,0.02,0.02,0.05,0.06,0.02,0.11,0.13,0.09,0.04,0.07,0.01,0.0,0.0,0.01,0.07,0.07,0.04,0.06,0.31,0.0,0.0,0.05,0.05,0.01,0.04,0.17,0.01,0.06
4116,0.0,0.03,0.03,0.0,0.0,0.06,0.0,0.0,0.1,0.19,0.02,0.07,0.35,0.02,0.03,0.02,0.07,0.05,0.09,0.01,0.04,0.04,0.24,0.21,0.15,0.03,0.0,0.0,0.0,0.03,0.04,0.0,0.0,0.0,0.0,0.02,0.11,0.04,0.01,0.04,0.05,0.02,0.04,0.07,0.19,0.02,0.08,0.0,0.0,0.04,0.04,0.0,0.12,0.12,0.08,0.02,0.0,0.07,0.12,0.03,0.04,0.11,0.0,0.06
4117,0.0,0.06,0.07,0.0,0.0,0.06,0.0,0.0,0.31,0.04,0.51,0.06,0.49,0.17,0.1,0.26,0.14,0.07,0.05,0.08,0.09,0.3,0.15,0.13,0.13,0.11,0.0,0.0,0.47,0.06,0.1,0.0,0.0,0.0,0.0,0.62,0.22,0.15,0.0,0.17,0.03,0.0,0.11,0.08,0.07,0.01,0.07,0.0,0.0,0.11,0.03,0.07,0.08,0.1,0.05,0.15,0.0,0.11,0.1,0.11,0.01,0.05,0.1,0.07
4118,0.0,0.15,0.15,0.0,0.0,0.06,0.0,0.0,0.23,0.12,0.61,0.18,0.1,0.24,0.11,0.06,0.04,0.32,0.28,0.32,0.03,0.19,0.26,0.03,0.59,0.29,0.0,0.0,0.1,0.19,0.25,0.0,0.0,0.0,0.0,0.16,0.44,0.31,0.72,0.2,0.28,0.68,0.7,0.05,0.56,0.72,0.06,0.0,0.0,0.06,0.02,0.08,0.25,0.01,0.11,0.25,0.0,0.05,0.04,0.23,0.06,0.03,0.12,0.11
4119,0.0,0.49,0.45,0.0,0.0,0.13,0.0,0.0,0.66,0.11,0.42,0.04,0.18,0.12,0.16,0.25,0.2,0.02,0.02,0.14,0.01,0.18,0.66,0.6,0.71,0.61,0.0,0.0,0.26,0.52,0.33,0.0,0.0,0.0,0.0,0.14,0.69,0.26,0.13,0.22,0.12,0.21,0.3,0.65,0.61,0.12,0.13,0.0,0.0,0.14,0.23,0.46,0.04,0.62,0.2,0.15,0.0,0.53,0.14,0.28,0.22,0.12,0.43,0.16
4120,0.0,0.57,0.63,0.0,0.0,0.22,0.0,0.0,0.22,0.18,0.23,0.36,0.13,0.31,0.2,0.16,0.54,0.06,0.07,0.22,0.04,0.27,0.03,0.72,0.68,0.71,0.0,0.0,0.7,0.45,0.29,0.0,0.0,0.0,0.0,0.37,0.16,0.25,0.42,0.36,0.09,0.33,0.16,0.23,0.72,0.53,0.34,0.0,0.0,0.32,0.52,0.71,0.65,0.33,0.48,0.06,0.0,0.43,0.39,0.29,0.63,0.36,0.7,0.55
4121,0.0,0.7,0.7,0.0,0.0,0.33,0.0,0.0,0.39,0.2,0.12,0.14,0.08,0.28,0.31,0.28,0.26,0.01,0.03,0.26,0.02,0.22,0.02,0.17,0.55,0.7,0.0,0.0,0.32,0.7,0.7,0.0,0.0,0.0,0.0,0.28,0.07,0.22,0.3,0.09,0.2,0.28,0.32,0.13,0.18,0.3,0.43,0.0,0.0,0.59,0.35,0.12,0.28,0.13,0.26,0.14,0.0,0.11,0.31,0.2,0.46,0.28,0.22,0.34
4122,0.0,0.35,0.23,0.0,0.0,0.39,0.0,0.0,0.25,0.25,0.63,0.48,0.12,0.32,0.61,0.64,0.53,0.05,0.04,0.05,0.06,0.41,0.05,0.09,0.62,0.1,0.0,0.0,0.16,0.68,0.14,0.0,0.0,0.0,0.0,0.22,0.04,0.38,0.12,0.51,0.3,0.11,0.18,0.09,0.04,0.11,0.41,0.0,0.0,0.44,0.2,0.28,0.17,0.22,0.11,0.62,0.0,0.43,0.17,0.23,0.19,0.23,0.09,0.18
4123,0.0,0.1,0.1,0.0,0.0,0.28,0.0,0.0,0.31,0.08,0.22,0.15,0.02,0.12,0.04,0.66,0.16,0.05,0.04,0.64,0.06,0.04,0.04,0.1,0.34,0.16,0.0,0.0,0.18,0.12,0.16,0.0,0.0,0.0,0.0,0.32,0.3,0.55,0.06,0.47,0.35,0.05,0.05,0.1,0.16,0.06,0.14,0.0,0.0,0.16,0.69,0.68,0.22,0.34,0.41,0.2,0.0,0.68,0.29,0.68,0.29,0.38,0.36,0.41
4124,0.0,0.03,0.03,0.0,0.0,0.5,0.0,0.0,0.6,0.06,0.57,0.09,0.06,0.56,0.64,0.64,0.13,0.19,0.1,0.16,0.03,0.59,0.04,0.07,0.6,0.09,0.0,0.0,0.47,0.04,0.08,0.0,0.0,0.0,0.0,0.12,0.49,0.12,0.08,0.11,0.11,0.05,0.06,0.42,0.08,0.09,0.37,0.0,0.0,0.34,0.31,0.2,0.24,0.11,0.6,0.65,0.0,0.32,0.53,0.43,0.03,0.14,0.4,0.07
4125,0.0,0.2,0.05,0.0,0.0,0.13,0.0,0.0,0.02,0.05,0.08,0.08,0.05,0.1,0.06,0.06,0.04,0.02,0.02,0.03,0.02,0.21,0.06,0.04,0.27,0.03,0.0,0.0,0.03,0.16,0.05,0.0,0.0,0.0,0.0,0.06,0.03,0.25,0.12,0.36,0.01,0.08,0.12,0.14,0.16,0.23,0.08,0.0,0.0,0.28,0.06,0.12,0.04,0.02,0.03,0.4,0.0,0.05,0.05,0.06,0.03,0.06,0.04,0.06
4126,0.0,0.01,0.01,0.0,0.0,0.07,0.0,0.0,0.02,0.01,0.06,0.03,0.02,0.02,0.01,0.02,0.04,0.0,0.0,0.02,0.03,0.06,0.04,0.01,0.05,0.08,0.0,0.0,0.07,0.01,0.05,0.0,0.0,0.0,0.0,0.05,0.02,0.06,0.04,0.05,0.01,0.04,0.02,0.02,0.02,0.03,0.07,0.0,0.0,0.07,0.05,0.05,0.0,0.0,0.01,0.05,0.0,0.02,0.05,0.02,0.05,0.05,0.05,0.05
4127,0.0,0.0,0.03,0.0,0.0,0.0,0.0,0.0,0.01,0.0,0.02,0.0,0.0,0.0,0.0,0.0,0.0,0.0,0.0,0.0,0.0,0.0,0.0,0.0,0.0,0.0,0.0,0.0,0.03,0.0,0.0,0.0,0.0,0.0,0.0,0.0,0.0,0.0,0.0,0.01,0.0,0.0,0.02,0.0,0.0,0.0,0.0,0.0,0.0,0.0,0.02,0.02,0.01,0.02,0.0,0.02,0.0,0.01,0.02,0.0,0.02,0.02,0.02,0.02
4128,0.0,0.0,0.0,0.0,0.0,0.0,0.0,0.0,0.0,0.0,0.0,0.0,0.0,0.0,0.0,0.0,0.0,0.0,0.0,0.0,0.0,0.0,0.0,0.0,0.0,0.0,0.0,0.0,0.0,0.0,0.0,0.0,0.0,0.0,0.0,0.0,0.0,0.0,0.0,0.0,0.0,0.0,0.0,0.0,0.0,0.0,0.0,0.0,0.0,0.0,0.0,0.0,0.0,0.0,0.0,0.0,0.0,0.0,0.0,0.0,0.0,0.0,0.0,0.0
4129,0.0,0.0,0.0,0.0,0.0,0.0,0.0,0.0,0.0,0.0,0.0,0.0,0.0,0.0,0.0,0.0,0.0,0.0,0.0,0.0,0.0,0.0,0.0,0.0,0.0,0.0,0.0,0.0,0.0,0.0,0.0,0.0,0.0,0.0,0.0,0.0,0.0,0.0,0.0,0.0,0.0,0.0,0.0,0.0,0.0,0.0,0.0,0.0,0.0,0.0,0.0,0.0,0.0,0.0,0.0,0.0,0.0,0.0,0.0,0.0,0.0,0.0,0.0,0.0
4130,0.0,0.0,0.0,0.0,0.0,0.0,0.0,0.0,0.0,0.0,0.0,0.0,0.0,0.0,0.0,0.0,0.0,0.0,0.0,0.0,0.0,0.0,0.0,0.0,0.0,0.0,0.0,0.0,0.0,0.0,0.0,0.0,0.0,0.0,0.0,0.0,0.0,0.0,0.0,0.0,0.0,0.0,0.0,0.0,0.0,0.0,0.0,0.0,0.0,0.0,0.0,0.0,0.0,0.0,0.0,0.0,0.0,0.0,0.0,0.0,0.0,0.0,0.0,0.0
4131,0.0,0.0,0.0,0.0,0.0,0.0,0.0,0.0,0.0,0.0,0.0,0.0,0.0,0.0,0.0,0.0,0.0,0.0,0.0,0.0,0.0,0.0,0.0,0.0,0.0,0.0,0.0,0.0,0.0,0.0,0.0,0.0,0.0,0.0,0.0,0.0,0.0,0.0,0.0,0.0,0.0,0.0,0.0,0.0,0.0,0.0,0.0,0.0,0.0,0.0,0.0,0.0,0.0,0.0,0.0,0.0,0.0,0.0,0.0,0.0,0.0,0.0,0.0,0.0
4132,0.0,0.0,0.0,0.0,0.0,0.0,0.0,0.0,0.0,0.0,0.0,0.0,0.0,0.0,0.0,0.0,0.0,0.0,0.0,0.0,0.0,0.0,0.0,0.0,0.0,0.0,0.0,0.0,0.0,0.0,0.0,0.0,0.0,0.0,0.0,0.0,0.0,0.0,0.0,0.0,0.0,0.0,0.0,0.0,0.0,0.0,0.0,0.0,0.0,0.0,0.0,0.0,0.0,0.0,0.0,0.0,0.0,0.0,0.0,0.0,0.0,0.0,0.0,0.0
4133,0.0,0.0,0.0,0.0,0.0,0.0,0.0,0.0,0.0,0.0,0.0,0.0,0.0,0.0,0.0,0.0,0.0,0.0,0.0,0.0,0.0,0.0,0.0,0.0,0.0,0.0,0.0,0.0,0.0,0.0,0.0,0.0,0.0,0.0,0.0,0.0,0.0,0.0,0.0,0.0,0.0,0.0,0.0,0.0,0.0,0.0,0.0,0.0,0.0,0.0,0.0,0.0,0.0,0.0,0.0,0.0,0.0,0.0,0.0,0.0,0.0,0.0,0.0,0.0
4134,0.0,0.0,0.0,0.0,0.0,0.0,0.0,0.0,0.0,0.0,0.0,0.0,0.0,0.0,0.0,0.0,0.0,0.0,0.0,0.0,0.0,0.0,0.0,0.0,0.0,0.0,0.0,0.0,0.0,0.0,0.0,0.0,0.0,0.0,0.0,0.0,0.0,0.0,0.0,0.0,0.0,0.0,0.0,0.0,0.0,0.0,0.0,0.0,0.0,0.0,0.0,0.0,0.0,0.0,0.0,0.0,0.0,0.0,0.0,0.0,0.0,0.0,0.0,0.0
4135,0.0,0.0,0.0,0.0,0.0,0.0,0.0,0.0,0.0,0.0,0.0,0.0,0.0,0.0,0.0,0.0,0.0,0.0,0.0,0.0,0.0,0.0,0.0,0.0,0.0,0.0,0.0,0.0,0.0,0.0,0.0,0.0,0.0,0.0,0.0,0.0,0.0,0.0,0.0,0.0,0.0,0.0,0.0,0.0,0.0,0.0,0.0,0.0,0.0,0.0,0.0,0.0,0.0,0.0,0.0,0.0,0.0,0.0,0.0,0.0,0.0,0.0,0.0,0.0
4136,0.0,0.0,0.0,0.0,0.0,0.0,0.0,0.0,0.0,0.0,0.0,0.0,0.0,0.0,0.0,0.0,0.0,0.0,0.0,0.0,0.0,0.0,0.0,0.0,0.0,0.0,0.0,0.0,0.0,0.0,0.0,0.0,0.0,0.0,0.0,0.0,0.0,0.0,0.0,0.0,0.0,0.0,0.0,0.0,0.0,0.0,0.0,0.0,0.0,0.0,0.0,0.0,0.0,0.0,0.0,0.0,0.0,0.0,0.0,0.0,0.0,0.0,0.0,0.0
4137,0.0,0.02,0.02,0.0,0.0,0.01,0.0,0.0,0.02,0.0,0.02,0.02,0.02,0.02,0.01,0.02,0.02,0.04,0.03,0.02,0.01,0.03,0.03,0.01,0.01,0.01,0.0,0.0,0.03,0.02,0.02,0.0,0.0,0.0,0.0,0.04,0.01,0.02,0.02,0.02,0.02,0.02,0.01,0.02,0.01,0.01,0.01,0.0,0.0,0.02,0.02,0.0,0.0,0.01,0.0,0.0,0.0,0.0,0.01,0.0,0.01,0.02,0.01,0.04
4138,0.0,0.09,0.08,0.0,0.0,0.12,0.0,0.0,0.15,0.04,0.14,0.03,0.04,0.14,0.05,0.08,0.05,0.18,0.03,0.16,0.09,0.12,0.08,0.14,0.01,0.04,0.0,0.0,0.09,0.09,0.09,0.0,0.0,0.0,0.0,0.08,0.13,0.13,0.04,0.13,0.09,0.1,0.11,0.13,0.13,0.03,0.12,0.0,0.0,0.12,0.01,0.01,0.0,0.05,0.0,0.01,0.0,0.0,0.09,0.03,0.02,0.04,0.03,0.1
4139,0.0,0.48,0.24,0.0,0.0,0.49,0.0,0.0,0.53,0.06,0.52,0.1,0.1,0.56,0.56,0.55,0.05,0.43,0.31,0.53,0.28,0.56,0.3,0.52,0.53,0.05,0.0,0.0,0.25,0.48,0.16,0.0,0.0,0.0,0.0,0.25,0.51,0.04,0.11,0.04,0.0,0.26,0.33,0.52,0.52,0.07,0.49,0.0,0.0,0.5,0.09,0.01,0.0,0.03,0.02,0.25,0.0,0.01,0.49,0.04,0.05,0.11,0.08,0.02
4140,0.0,0.68,0.52,0.0,0.0,0.66,0.0,0.0,0.41,0.0,0.67,0.37,0.68,0.67,0.67,0.66,0.02,0.68,0.68,0.06,0.69,0.68,0.56,0.67,0.66,0.3,0.0,0.0,0.31,0.68,0.69,0.0,0.0,0.0,0.0,0.68,0.67,0.3,0.69,0.2,0.02,0.68,0.68,0.67,0.68,0.69,0.66,0.0,0.0,0.66,0.13,0.14,0.11,0.22,0.07,0.66,0.0,0.69,0.41,0.08,0.06,0.09,0.28,0.69
4141,0.0,0.49,0.25,0.0,0.0,0.7,0.0,0.0,0.72,0.07,0.72,0.75,0.71,0.72,0.71,0.71,0.14,0.06,0.03,0.04,0.12,0.72,0.21,0.72,0.71,0.43,0.0,0.0,0.72,0.73,0.73,0.0,0.0,0.0,0.0,0.72,0.72,0.16,0.41,0.24,0.05,0.73,0.72,0.71,0.72,0.6,0.7,0.0,0.0,0.7,0.74,0.32,0.74,0.72,0.04,0.71,0.0,0.72,0.45,0.23,0.71,0.74,0.74,0.4
4142,0.0,0.59,0.47,0.0,0.0,0.73,0.0,0.0,0.74,0.14,0.74,0.77,0.73,0.73,0.73,0.72,0.76,0.5,0.52,0.73,0.76,0.73,0.73,0.74,0.72,0.5,0.0,0.0,0.75,0.46,0.65,0.0,0.0,0.0,0.0,0.74,0.74,0.76,0.74,0.77,0.77,0.74,0.74,0.74,0.33,0.44,0.73,0.0,0.0,0.73,0.75,0.75,0.75,0.73,0.03,0.09,0.0,0.74,0.75,0.76,0.76,0.74,0.76,0.75
4143,0.0,0.68,0.62,0.0,0.0,0.56,0.0,0.0,0.73,0.07,0.73,0.76,0.72,0.73,0.73,0.72,0.1,0.75,0.76,0.73,0.75,0.74,0.72,0.74,0.72,0.71,0.0,0.0,0.74,0.58,0.76,0.0,0.0,0.0,0.0,0.74,0.74,0.75,0.74,0.76,0.76,0.74,0.74,0.73,0.74,0.75,0.44,0.0,0.0,0.72,0.74,0.75,0.75,0.42,0.11,0.74,0.0,0.75,0.74,0.12,0.74,0.74,0.76,0.74
4144,0.0,0.75,0.75,0.0,0.0,0.73,0.0,0.0,0.73,0.76,0.73,0.76,0.73,0.74,0.74,0.73,0.76,0.75,0.47,0.72,0.48,0.74,0.73,0.73,0.72,0.76,0.0,0.0,0.74,0.76,0.75,0.0,0.0,0.0,0.0,0.74,0.74,0.76,0.75,0.76,0.76,0.74,0.74,0.74,0.74,0.75,0.56,0.0,0.0,0.73,0.76,0.74,0.26,0.76,0.36,0.75,0.0,0.76,0.75,0.76,0.75,0.76,0.75,0.75
4145,0.0,0.74,0.74,0.0,0.0,0.74,0.0,0.0,0.73,0.76,0.73,0.7,0.73,0.73,0.73,0.72,0.76,0.75,0.45,0.72,0.76,0.73,0.73,0.73,0.33,0.75,0.0,0.0,0.74,0.74,0.74,0.0,0.0,0.0,0.0,0.73,0.73,0.77,0.74,0.53,0.76,0.74,0.74,0.73,0.73,0.74,0.74,0.0,0.0,0.74,0.76,0.74,0.56,0.76,0.77,0.75,0.0,0.62,0.76,0.76,0.76,0.76,0.75,0.76
4146,0.0,0.73,0.73,0.0,0.0,0.72,0.0,0.0,0.73,0.63,0.74,0.76,0.72,0.72,0.72,0.72,0.76,0.71,0.32,0.72,0.37,0.72,0.72,0.72,0.38,0.75,0.0,0.0,0.74,0.73,0.74,0.0,0.0,0.0,0.0,0.72,0.73,0.76,0.73,0.76,0.76,0.73,0.73,0.72,0.73,0.74,0.73,0.0,0.0,0.73,0.76,0.52,0.76,0.76,0.62,0.74,0.0,0.76,0.76,0.76,0.76,0.76,0.75,0.76
4147,0.0,0.71,0.72,0.0,0.0,0.69,0.0,0.0,0.71,0.68,0.72,0.75,0.71,0.7,0.7,0.7,0.74,0.6,0.39,0.71,0.51,0.71,0.54,0.71,0.69,0.73,0.0,0.0,0.72,0.72,0.72,0.0,0.0,0.0,0.0,0.71,0.72,0.75,0.72,0.75,0.75,0.72,0.72,0.7,0.72,0.73,0.69,0.0,0.0,0.7,0.75,0.74,0.75,0.74,0.37,0.28,0.0,0.74,0.75,0.74,0.74,0.6,0.73,0.75
4148,0.0,0.68,0.68,0.0,0.0,0.64,0.0,0.0,0.66,0.59,0.66,0.67,0.64,0.65,0.64,0.64,0.62,0.67,0.67,0.65,0.27,0.65,0.6,0.66,0.63,0.68,0.0,0.0,0.67,0.68,0.67,0.0,0.0,0.0,0.0,0.67,0.67,0.69,0.68,0.64,0.7,0.67,0.68,0.65,0.67,0.68,0.64,0.0,0.0,0.64,0.33,0.69,0.28,0.14,0.08,0.69,0.0,0.17,0.7,0.06,0.7,0.28,0.68,0.7
4149,0.0,0.42,0.42,0.0,0.0,0.36,0.0,0.0,0.35,0.12,0.36,0.32,0.28,0.32,0.32,0.32,0.29,0.24,0.21,0.33,0.31,0.31,0.28,0.36,0.33,0.07,0.0,0.0,0.41,0.42,0.42,0.0,0.0,0.0,0.0,0.39,0.38,0.3,0.4,0.25,0.4,0.4,0.4,0.37,0.37,0.4,0.37,0.0,0.0,0.36,0.43,0.43,0.15,0.15,0.14,0.43,0.0,0.26,0.43,0.18,0.43,0.43,0.43,0.43
4150,0.0,0.05,0.05,0.0,0.0,0.05,0.0,0.0,0.05,0.06,0.06,0.07,0.04,0.04,0.04,0.04,0.05,0.07,0.06,0.04,0.04,0.04,0.06,0.04,0.05,0.05,0.0,0.0,0.05,0.05,0.05,0.0,0.0,0.0,0.0,0.05,0.05,0.08,0.05,0.07,0.05,0.05,0.05,0.04,0.04,0.05,0.05,0.0,0.0,0.05,0.05,0.05,0.04,0.05,0.05,0.05,0.0,0.08,0.05,0.06,0.05,0.05,0.05,0.05
4151,0.0,0.03,0.03,0.0,0.0,0.02,0.0,0.0,0.02,0.0,0.02,0.02,0.01,0.01,0.01,0.01,0.02,0.02,0.02,0.02,0.02,0.01,0.01,0.02,0.0,0.03,0.0,0.0,0.03,0.03,0.03,0.0,0.0,0.0,0.0,0.02,0.02,0.02,0.02,0.02,0.03,0.02,0.02,0.02,0.02,0.02,0.02,0.0,0.0,0.02,0.01,0.03,0.0,0.0,0.0,0.01,0.0,0.03,0.03,0.0,0.03,0.01,0.03,0.03
4152,0.0,0.0,0.0,0.0,0.0,0.0,0.0,0.0,0.0,0.0,0.0,0.0,0.0,0.0,0.0,0.0,0.0,0.0,0.0,0.0,0.0,0.0,0.0,0.0,0.0,0.0,0.0,0.0,0.0,0.0,0.0,0.0,0.0,0.0,0.0,0.0,0.0,0.0,0.0,0.0,0.0,0.0,0.0,0.0,0.0,0.0,0.0,0.0,0.0,0.0,0.0,0.0,0.0,0.0,0.0,0.0,0.0,0.0,0.0,0.0,0.0,0.0,0.0,0.0
4153,0.0,0.0,0.0,0.0,0.0,0.0,0.0,0.0,0.0,0.0,0.0,0.0,0.0,0.0,0.0,0.0,0.0,0.0,0.0,0.0,0.0,0.0,0.0,0.0,0.0,0.0,0.0,0.0,0.0,0.0,0.0,0.0,0.0,0.0,0.0,0.0,0.0,0.0,0.0,0.0,0.0,0.0,0.0,0.0,0.0,0.0,0.0,0.0,0.0,0.0,0.0,0.0,0.0,0.0,0.0,0.0,0.0,0.0,0.0,0.0,0.0,0.0,0.0,0.0
4154,0.0,0.0,0.0,0.0,0.0,0.0,0.0,0.0,0.0,0.0,0.0,0.0,0.0,0.0,0.0,0.0,0.0,0.0,0.0,0.0,0.0,0.0,0.0,0.0,0.0,0.0,0.0,0.0,0.0,0.0,0.0,0.0,0.0,0.0,0.0,0.0,0.0,0.0,0.0,0.0,0.0,0.0,0.0,0.0,0.0,0.0,0.0,0.0,0.0,0.0,0.0,0.0,0.0,0.0,0.0,0.0,0.0,0.0,0.0,0.0,0.0,0.0,0.0,0.0
4155,0.0,0.0,0.0,0.0,0.0,0.0,0.0,0.0,0.0,0.0,0.0,0.0,0.0,0.0,0.0,0.0,0.0,0.0,0.0,0.0,0.0,0.0,0.0,0.0,0.0,0.0,0.0,0.0,0.0,0.0,0.0,0.0,0.0,0.0,0.0,0.0,0.0,0.0,0.0,0.0,0.0,0.0,0.0,0.0,0.0,0.0,0.0,0.0,0.0,0.0,0.0,0.0,0.0,0.0,0.0,0.0,0.0,0.0,0.0,0.0,0.0,0.0,0.0,0.0
4156,0.0,0.0,0.0,0.0,0.0,0.0,0.0,0.0,0.0,0.0,0.0,0.0,0.0,0.0,0.0,0.0,0.0,0.0,0.0,0.0,0.0,0.0,0.0,0.0,0.0,0.0,0.0,0.0,0.0,0.0,0.0,0.0,0.0,0.0,0.0,0.0,0.0,0.0,0.0,0.0,0.0,0.0,0.0,0.0,0.0,0.0,0.0,0.0,0.0,0.0,0.0,0.0,0.0,0.0,0.0,0.0,0.0,0.0,0.0,0.0,0.0,0.0,0.0,0.0
4157,0.0,0.0,0.0,0.0,0.0,0.0,0.0,0.0,0.0,0.0,0.0,0.0,0.0,0.0,0.0,0.0,0.0,0.0,0.0,0.0,0.0,0.0,0.0,0.0,0.0,0.0,0.0,0.0,0.0,0.0,0.0,0.0,0.0,0.0,0.0,0.0,0.0,0.0,0.0,0.0,0.0,0.0,0.0,0.0,0.0,0.0,0.0,0.0,0.0,0.0,0.0,0.0,0.0,0.0,0.0,0.0,0.0,0.0,0.0,0.0,0.0,0.0,0.0,0.0
4158,0.0,0.0,0.0,0.0,0.0,0.0,0.0,0.0,0.0,0.0,0.0,0.0,0.0,0.0,0.0,0.0,0.0,0.0,0.0,0.0,0.0,0.0,0.0,0.0,0.0,0.0,0.0,0.0,0.0,0.0,0.0,0.0,0.0,0.0,0.0,0.0,0.0,0.0,0.0,0.0,0.0,0.0,0.0,0.0,0.0,0.0,0.0,0.0,0.0,0.0,0.0,0.0,0.0,0.0,0.0,0.0,0.0,0.0,0.0,0.0,0.0,0.0,0.0,0.0
4159,0.0,0.0,0.0,0.0,0.0,0.0,0.0,0.0,0.0,0.0,0.0,0.0,0.0,0.0,0.0,0.0,0.0,0.0,0.0,0.0,0.0,0.0,0.0,0.0,0.0,0.0,0.0,0.0,0.0,0.0,0.0,0.0,0.0,0.0,0.0,0.0,0.0,0.0,0.0,0.0,0.0,0.0,0.0,0.0,0.0,0.0,0.0,0.0,0.0,0.0,0.0,0.0,0.0,0.0,0.0,0.0,0.0,0.0,0.0,0.0,0.0,0.0,0.0,0.0
4160,0.0,0.0,0.0,0.0,0.0,0.0,0.0,0.0,0.0,0.0,0.0,0.0,0.0,0.0,0.0,0.0,0.0,0.0,0.0,0.0,0.0,0.0,0.0,0.0,0.0,0.0,0.0,0.0,0.0,0.0,0.0,0.0,0.0,0.0,0.0,0.0,0.0,0.0,0.0,0.0,0.0,0.0,0.0,0.0,0.0,0.0,0.0,0.0,0.0,0.0,0.0,0.0,0.0,0.0,0.0,0.0,0.0,0.0,0.0,0.0,0.0,0.0,0.0,0.0
4161,0.0,0.02,0.02,0.0,0.0,0.02,0.0,0.0,0.04,0.05,0.04,0.02,0.0,0.02,0.01,0.05,0.04,0.05,0.01,0.04,0.04,0.03,0.01,0.03,0.03,0.02,0.0,0.0,0.02,0.02,0.02,0.0,0.0,0.0,0.0,0.02,0.02,0.04,0.02,0.04,0.02,0.02,0.02,0.03,0.03,0.02,0.02,0.0,0.0,0.02,0.02,0.02,0.02,0.02,0.02,0.02,0.0,0.02,0.02,0.02,0.02,0.02,0.02,0.02
4162,0.0,0.09,0.09,0.0,0.0,0.11,0.0,0.0,0.15,0.18,0.14,0.16,0.01,0.04,0.18,0.16,0.15,0.1,0.03,0.17,0.13,0.02,0.01,0.13,0.14,0.09,0.0,0.0,0.1,0.09,0.1,0.0,0.0,0.0,0.0,0.11,0.12,0.13,0.12,0.14,0.12,0.12,0.12,0.13,0.13,0.12,0.11,0.0,0.0,0.12,0.1,0.09,0.11,0.09,0.12,0.09,0.0,0.1,0.1,0.11,0.1,0.1,0.1,0.1
4163,0.0,0.55,0.55,0.0,0.0,0.56,0.0,0.0,0.56,0.65,0.55,0.61,0.02,0.2,0.36,0.09,0.58,0.4,0.1,0.08,0.63,0.13,0.03,0.58,0.58,0.56,0.0,0.0,0.56,0.55,0.56,0.0,0.0,0.0,0.0,0.57,0.58,0.61,0.57,0.61,0.6,0.58,0.58,0.58,0.58,0.58,0.57,0.0,0.0,0.57,0.57,0.56,0.58,0.56,0.59,0.55,0.0,0.56,0.57,0.57,0.56,0.56,0.57,0.56
4164,0.0,0.76,0.76,0.0,0.0,0.75,0.0,0.0,0.74,0.78,0.73,0.78,0.14,0.59,0.56,0.69,0.78,0.77,0.08,0.71,0.77,0.43,0.14,0.75,0.74,0.78,0.0,0.0,0.77,0.76,0.77,0.0,0.0,0.0,0.0,0.76,0.76,0.79,0.78,0.79,0.79,0.77,0.77,0.75,0.75,0.78,0.75,0.0,0.0,0.75,0.79,0.78,0.79,0.78,0.79,0.76,0.0,0.78,0.79,0.78,0.78,0.79,0.78,0.79
4165,0.0,0.8,0.8,0.0,0.0,0.78,0.0,0.0,0.77,0.82,0.78,0.81,0.19,0.77,0.77,0.76,0.82,0.72,0.22,0.76,0.81,0.16,0.09,0.79,0.77,0.82,0.0,0.0,0.81,0.8,0.81,0.0,0.0,0.0,0.0,0.8,0.81,0.83,0.82,0.83,0.83,0.82,0.82,0.8,0.8,0.83,0.78,0.0,0.0,0.78,0.83,0.82,0.82,0.82,0.82,0.8,0.0,0.82,0.83,0.82,0.82,0.83,0.83,0.82
4166,0.0,0.81,0.81,0.0,0.0,0.79,0.0,0.0,0.79,0.83,0.8,0.82,0.23,0.78,0.78,0.78,0.83,0.81,0.48,0.77,0.82,0.78,0.34,0.8,0.78,0.83,0.0,0.0,0.82,0.81,0.82,0.0,0.0,0.0,0.0,0.82,0.82,0.84,0.83,0.84,0.84,0.83,0.83,0.81,0.81,0.84,0.79,0.0,0.0,0.79,0.84,0.83,0.83,0.83,0.83,0.81,0.0,0.83,0.83,0.82,0.83,0.83,0.84,0.83
4167,0.0,0.81,0.81,0.0,0.0,0.8,0.0,0.0,0.79,0.83,0.8,0.83,0.67,0.78,0.78,0.78,0.83,0.82,0.65,0.78,0.82,0.79,0.68,0.8,0.78,0.83,0.0,0.0,0.82,0.82,0.82,0.0,0.0,0.0,0.0,0.81,0.82,0.84,0.83,0.84,0.85,0.82,0.82,0.81,0.81,0.83,0.8,0.0,0.0,0.8,0.83,0.83,0.83,0.82,0.83,0.81,0.0,0.83,0.83,0.82,0.83,0.83,0.84,0.82
4168,0.0,0.8,0.8,0.0,0.0,0.8,0.0,0.0,0.79,0.83,0.8,0.83,0.79,0.79,0.79,0.78,0.83,0.82,0.82,0.78,0.82,0.79,0.8,0.8,0.78,0.82,0.0,0.0,0.81,0.81,0.82,0.0,0.0,0.0,0.0,0.8,0.81,0.84,0.82,0.84,0.84,0.82,0.82,0.8,0.8,0.82,0.8,0.0,0.0,0.8,0.83,0.82,0.83,0.82,0.83,0.8,0.0,0.82,0.82,0.82,0.82,0.83,0.83,0.82
4169,0.0,0.8,0.8,0.0,0.0,0.79,0.0,0.0,0.79,0.82,0.8,0.83,0.78,0.78,0.78,0.78,0.82,0.8,0.81,0.78,0.82,0.78,0.46,0.8,0.78,0.82,0.0,0.0,0.81,0.81,0.82,0.0,0.0,0.0,0.0,0.8,0.81,0.84,0.82,0.84,0.84,0.81,0.81,0.8,0.8,0.82,0.79,0.0,0.0,0.79,0.82,0.82,0.82,0.81,0.83,0.8,0.0,0.82,0.82,0.82,0.82,0.82,0.82,0.82
4170,0.0,0.79,0.79,0.0,0.0,0.78,0.0,0.0,0.79,0.81,0.8,0.82,0.77,0.77,0.77,0.77,0.81,0.79,0.8,0.78,0.81,0.78,0.78,0.79,0.77,0.81,0.0,0.0,0.8,0.8,0.8,0.0,0.0,0.0,0.0,0.79,0.8,0.83,0.81,0.82,0.83,0.8,0.8,0.79,0.79,0.81,0.78,0.0,0.0,0.78,0.82,0.81,0.81,0.8,0.82,0.79,0.0,0.81,0.81,0.81,0.81,0.81,0.81,0.81
4171,0.0,0.77,0.77,0.0,0.0,0.76,0.0,0.0,0.76,0.78,0.77,0.8,0.74,0.75,0.75,0.75,0.79,0.77,0.78,0.76,0.78,0.75,0.71,0.76,0.75,0.79,0.0,0.0,0.78,0.78,0.78,0.0,0.0,0.0,0.0,0.77,0.78,0.8,0.78,0.8,0.8,0.78,0.78,0.77,0.77,0.79,0.76,0.0,0.0,0.76,0.79,0.79,0.79,0.78,0.79,0.76,0.0,0.78,0.79,0.79,0.79,0.79,0.79,0.79
4172,0.0,0.71,0.71,0.0,0.0,0.69,0.0,0.0,0.69,0.71,0.7,0.72,0.66,0.68,0.68,0.68,0.72,0.69,0.7,0.69,0.71,0.68,0.67,0.7,0.68,0.73,0.0,0.0,0.72,0.72,0.72,0.0,0.0,0.0,0.0,0.7,0.71,0.73,0.72,0.73,0.72,0.72,0.72,0.7,0.7,0.72,0.69,0.0,0.0,0.69,0.73,0.72,0.72,0.71,0.73,0.7,0.0,0.72,0.72,0.72,0.73,0.72,0.73,0.73
4173,0.0,0.43,0.44,0.0,0.0,0.39,0.0,0.0,0.36,0.34,0.37,0.37,0.28,0.33,0.32,0.33,0.38,0.31,0.32,0.34,0.35,0.32,0.13,0.37,0.35,0.44,0.0,0.0,0.43,0.44,0.44,0.0,0.0,0.0,0.0,0.41,0.39,0.4,0.42,0.39,0.4,0.41,0.41,0.38,0.38,0.42,0.39,0.0,0.0,0.39,0.44,0.44,0.42,0.44,0.42,0.43,0.0,0.43,0.44,0.43,0.44,0.44,0.44,0.44
4174,0.0,0.05,0.05,0.0,0.0,0.05,0.0,0.0,0.05,0.04,0.05,0.05,0.06,0.05,0.05,0.05,0.05,0.05,0.04,0.04,0.05,0.05,0.06,0.05,0.05,0.05,0.0,0.0,0.05,0.05,0.05,0.0,0.0,0.0,0.0,0.05,0.05,0.05,0.05,0.05,0.05,0.05,0.05,0.05,0.05,0.05,0.05,0.0,0.0,0.05,0.05,0.05,0.05,0.05,0.05,0.05,0.0,0.05,0.05,0.05,0.05,0.05,0.05,0.05
4175,0.0,0.03,0.03,0.0,0.0,0.01,0.0,0.0,0.02,0.03,0.02,0.02,0.0,0.01,0.01,0.01,0.03,0.02,0.02,0.01,0.03,0.01,0.0,0.02,0.0,0.03,0.0,0.0,0.03,0.03,0.03,0.0,0.0,0.0,0.0,0.03,0.02,0.03,0.03,0.03,0.03,0.03,0.03,0.02,0.02,0.03,0.01,0.0,0.0,0.01,0.03,0.03,0.03,0.03,0.03,0.03,0.0,0.03,0.03,0.03,0.03,0.03,0.03,0.03
4176,0.0,0.0,0.0,0.0,0.0,0.0,0.0,0.0,0.0,0.0,0.0,0.0,0.0,0.0,0.0,0.0,0.0,0.0,0.0,0.0,0.0,0.0,0.0,0.0,0.0,0.0,0.0,0.0,0.0,0.0,0.0,0.0,0.0,0.0,0.0,0.0,0.0,0.0,0.0,0.0,0.0,0.0,0.0,0.0,0.0,0.0,0.0,0.0,0.0,0.0,0.0,0.0,0.0,0.0,0.0,0.0,0.0,0.0,0.0,0.0,0.0,0.0,0.0,0.0
4177,0.0,0.0,0.0,0.0,0.0,0.0,0.0,0.0,0.0,0.0,0.0,0.0,0.0,0.0,0.0,0.0,0.0,0.0,0.0,0.0,0.0,0.0,0.0,0.0,0.0,0.0,0.0,0.0,0.0,0.0,0.0,0.0,0.0,0.0,0.0,0.0,0.0,0.0,0.0,0.0,0.0,0.0,0.0,0.0,0.0,0.0,0.0,0.0,0.0,0.0,0.0,0.0,0.0,0.0,0.0,0.0,0.0,0.0,0.0,0.0,0.0,0.0,0.0,0.0
4178,0.0,0.0,0.0,0.0,0.0,0.0,0.0,0.0,0.0,0.0,0.0,0.0,0.0,0.0,0.0,0.0,0.0,0.0,0.0,0.0,0.0,0.0,0.0,0.0,0.0,0.0,0.0,0.0,0.0,0.0,0.0,0.0,0.0,0.0,0.0,0.0,0.0,0.0,0.0,0.0,0.0,0.0,0.0,0.0,0.0,0.0,0.0,0.0,0.0,0.0,0.0,0.0,0.0,0.0,0.0,0.0,0.0,0.0,0.0,0.0,0.0,0.0,0.0,0.0
4179,0.0,0.0,0.0,0.0,0.0,0.0,0.0,0.0,0.0,0.0,0.0,0.0,0.0,0.0,0.0,0.0,0.0,0.0,0.0,0.0,0.0,0.0,0.0,0.0,0.0,0.0,0.0,0.0,0.0,0.0,0.0,0.0,0.0,0.0,0.0,0.0,0.0,0.0,0.0,0.0,0.0,0.0,0.0,0.0,0.0,0.0,0.0,0.0,0.0,0.0,0.0,0.0,0.0,0.0,0.0,0.0,0.0,0.0,0.0,0.0,0.0,0.0,0.0,0.0
4180,0.0,0.0,0.0,0.0,0.0,0.0,0.0,0.0,0.0,0.0,0.0,0.0,0.0,0.0,0.0,0.0,0.0,0.0,0.0,0.0,0.0,0.0,0.0,0.0,0.0,0.0,0.0,0.0,0.0,0.0,0.0,0.0,0.0,0.0,0.0,0.0,0.0,0.0,0.0,0.0,0.0,0.0,0.0,0.0,0.0,0.0,0.0,0.0,0.0,0.0,0.0,0.0,0.0,0.0,0.0,0.0,0.0,0.0,0.0,0.0,0.0,0.0,0.0,0.0
4181,0.0,0.0,0.0,0.0,0.0,0.0,0.0,0.0,0.0,0.0,0.0,0.0,0.0,0.0,0.0,0.0,0.0,0.0,0.0,0.0,0.0,0.0,0.0,0.0,0.0,0.0,0.0,0.0,0.0,0.0,0.0,0.0,0.0,0.0,0.0,0.0,0.0,0.0,0.0,0.0,0.0,0.0,0.0,0.0,0.0,0.0,0.0,0.0,0.0,0.0,0.0,0.0,0.0,0.0,0.0,0.0,0.0,0.0,0.0,0.0,0.0,0.0,0.0,0.0
4182,0.0,0.0,0.0,0.0,0.0,0.0,0.0,0.0,0.0,0.0,0.0,0.0,0.0,0.0,0.0,0.0,0.0,0.0,0.0,0.0,0.0,0.0,0.0,0.0,0.0,0.0,0.0,0.0,0.0,0.0,0.0,0.0,0.0,0.0,0.0,0.0,0.0,0.0,0.0,0.0,0.0,0.0,0.0,0.0,0.0,0.0,0.0,0.0,0.0,0.0,0.0,0.0,0.0,0.0,0.0,0.0,0.0,0.0,0.0,0.0,0.0,0.0,0.0,0.0
4183,0.0,0.0,0.0,0.0,0.0,0.0,0.0,0.0,0.0,0.0,0.0,0.0,0.0,0.0,0.0,0.0,0.0,0.0,0.0,0.0,0.0,0.0,0.0,0.0,0.0,0.0,0.0,0.0,0.0,0.0,0.0,0.0,0.0,0.0,0.0,0.0,0.0,0.0,0.0,0.0,0.0,0.0,0.0,0.0,0.0,0.0,0.0,0.0,0.0,0.0,0.0,0.0,0.0,0.0,0.0,0.0,0.0,0.0,0.0,0.0,0.0,0.0,0.0,0.0
4184,0.0,0.0,0.0,0.0,0.0,0.0,0.0,0.0,0.0,0.0,0.0,0.0,0.0,0.0,0.0,0.0,0.0,0.0,0.0,0.0,0.0,0.0,0.0,0.0,0.0,0.0,0.0,0.0,0.0,0.0,0.0,0.0,0.0,0.0,0.0,0.0,0.0,0.0,0.0,0.0,0.0,0.0,0.0,0.0,0.0,0.0,0.0,0.0,0.0,0.0,0.0,0.0,0.0,0.0,0.0,0.0,0.0,0.0,0.0,0.0,0.0,0.0,0.0,0.0
4185,0.0,0.03,0.03,0.0,0.0,0.04,0.0,0.0,0.03,0.02,0.03,0.03,0.03,0.03,0.03,0.03,0.03,0.02,0.02,0.03,0.03,0.03,0.03,0.03,0.04,0.03,0.0,0.0,0.04,0.03,0.03,0.0,0.0,0.0,0.0,0.03,0.03,0.03,0.03,0.03,0.03,0.03,0.03,0.03,0.03,0.03,0.04,0.0,0.0,0.04,0.04,0.04,0.04,0.04,0.03,0.04,0.0,0.04,0.04,0.04,0.04,0.04,0.03,0.04
4186,0.0,0.07,0.07,0.0,0.0,0.1,0.0,0.0,0.15,0.18,0.14,0.15,0.22,0.18,0.18,0.17,0.14,0.2,0.2,0.16,0.17,0.18,0.22,0.13,0.14,0.07,0.0,0.0,0.08,0.07,0.08,0.0,0.0,0.0,0.0,0.1,0.12,0.13,0.1,0.13,0.11,0.1,0.1,0.12,0.13,0.1,0.11,0.0,0.0,0.11,0.09,0.07,0.09,0.09,0.1,0.09,0.0,0.09,0.09,0.09,0.08,0.09,0.08,0.09
4187,0.0,0.48,0.48,0.0,0.0,0.52,0.0,0.0,0.57,0.57,0.56,0.58,0.65,0.61,0.61,0.6,0.56,0.61,0.61,0.58,0.57,0.62,0.65,0.55,0.55,0.48,0.0,0.0,0.49,0.48,0.49,0.0,0.0,0.0,0.0,0.5,0.53,0.56,0.51,0.56,0.53,0.51,0.51,0.54,0.54,0.51,0.52,0.0,0.0,0.53,0.47,0.48,0.5,0.48,0.52,0.46,0.0,0.48,0.48,0.49,0.47,0.48,0.49,0.48
4188,0.0,0.67,0.66,0.0,0.0,0.69,0.0,0.0,0.7,0.67,0.69,0.71,0.74,0.72,0.73,0.72,0.7,0.72,0.72,0.7,0.7,0.73,0.74,0.7,0.7,0.66,0.0,0.0,0.67,0.67,0.67,0.0,0.0,0.0,0.0,0.67,0.67,0.71,0.68,0.72,0.7,0.68,0.68,0.69,0.7,0.69,0.69,0.0,0.0,0.68,0.68,0.68,0.66,0.68,0.68,0.67,0.0,0.67,0.68,0.67,0.68,0.68,0.68,0.67
4189,0.0,0.69,0.7,0.0,0.0,0.71,0.0,0.0,0.73,0.73,0.72,0.76,0.77,0.75,0.76,0.74,0.72,0.78,0.78,0.73,0.74,0.76,0.77,0.72,0.73,0.68,0.0,0.0,0.7,0.69,0.69,0.0,0.0,0.0,0.0,0.7,0.68,0.75,0.7,0.75,0.73,0.71,0.7,0.72,0.72,0.71,0.71,0.0,0.0,0.7,0.72,0.72,0.7,0.72,0.73,0.71,0.0,0.72,0.71,0.71,0.72,0.72,0.71,0.71
4190,0.0,0.7,0.7,0.0,0.0,0.72,0.0,0.0,0.75,0.77,0.72,0.78,0.77,0.77,0.76,0.75,0.74,0.77,0.78,0.76,0.77,0.77,0.78,0.73,0.74,0.69,0.0,0.0,0.69,0.71,0.69,0.0,0.0,0.0,0.0,0.69,0.72,0.76,0.71,0.76,0.74,0.71,0.69,0.71,0.73,0.72,0.71,0.0,0.0,0.7,0.74,0.73,0.74,0.74,0.74,0.72,0.0,0.73,0.72,0.72,0.73,0.74,0.7,0.72
4191,0.0,0.7,0.71,0.0,0.0,0.73,0.0,0.0,0.76,0.77,0.74,0.78,0.78,0.76,0.76,0.75,0.76,0.78,0.79,0.76,0.77,0.78,0.77,0.73,0.75,0.73,0.0,0.0,0.69,0.7,0.69,0.0,0.0,0.0,0.0,0.72,0.73,0.76,0.74,0.76,0.75,0.73,0.73,0.72,0.73,0.75,0.73,0.0,0.0,0.72,0.76,0.74,0.74,0.74,0.75,0.72,0.0,0.74,0.74,0.74,0.74,0.75,0.73,0.74
4192,0.0,0.71,0.72,0.0,0.0,0.73,0.0,0.0,0.75,0.77,0.74,0.78,0.78,0.78,0.78,0.77,0.76,0.79,0.8,0.77,0.77,0.78,0.77,0.74,0.75,0.74,0.0,0.0,0.72,0.72,0.72,0.0,0.0,0.0,0.0,0.72,0.74,0.75,0.74,0.77,0.76,0.74,0.74,0.73,0.73,0.74,0.73,0.0,0.0,0.73,0.76,0.75,0.75,0.75,0.75,0.72,0.0,0.75,0.75,0.74,0.75,0.75,0.75,0.75
4193,0.0,0.72,0.72,0.0,0.0,0.72,0.0,0.0,0.74,0.77,0.74,0.77,0.77,0.76,0.77,0.76,0.75,0.78,0.78,0.75,0.76,0.77,0.76,0.72,0.75,0.74,0.0,0.0,0.73,0.72,0.73,0.0,0.0,0.0,0.0,0.72,0.74,0.74,0.73,0.75,0.75,0.73,0.72,0.72,0.72,0.74,0.72,0.0,0.0,0.72,0.75,0.75,0.75,0.74,0.74,0.71,0.0,0.74,0.74,0.74,0.75,0.75,0.75,0.74
4194,0.0,0.72,0.71,0.0,0.0,0.68,0.0,0.0,0.73,0.75,0.72,0.76,0.76,0.75,0.75,0.75,0.74,0.77,0.77,0.74,0.76,0.75,0.76,0.7,0.73,0.73,0.0,0.0,0.73,0.72,0.73,0.0,0.0,0.0,0.0,0.7,0.72,0.73,0.72,0.74,0.74,0.71,0.71,0.72,0.71,0.72,0.7,0.0,0.0,0.71,0.74,0.73,0.73,0.72,0.73,0.69,0.0,0.73,0.73,0.72,0.74,0.74,0.74,0.74
4195,0.0,0.7,0.7,0.0,0.0,0.67,0.0,0.0,0.7,0.71,0.69,0.73,0.73,0.72,0.72,0.71,0.72,0.73,0.74,0.71,0.73,0.72,0.73,0.68,0.68,0.71,0.0,0.0,0.7,0.7,0.71,0.0,0.0,0.0,0.0,0.69,0.69,0.71,0.7,0.72,0.71,0.7,0.7,0.69,0.69,0.7,0.66,0.0,0.0,0.66,0.71,0.7,0.7,0.7,0.71,0.66,0.0,0.7,0.71,0.7,0.72,0.71,0.72,0.72
4196,0.0,0.67,0.68,0.0,0.0,0.66,0.0,0.0,0.66,0.66,0.66,0.7,0.68,0.67,0.67,0.67,0.68,0.69,0.7,0.66,0.69,0.68,0.68,0.64,0.64,0.68,0.0,0.0,0.68,0.67,0.67,0.0,0.0,0.0,0.0,0.67,0.65,0.68,0.68,0.69,0.68,0.67,0.67,0.65,0.64,0.68,0.64,0.0,0.0,0.63,0.68,0.67,0.68,0.66,0.68,0.63,0.0,0.67,0.68,0.67,0.68,0.68,0.68,0.68
4197,0.0,0.42,0.43,0.0,0.0,0.39,0.0,0.0,0.35,0.34,0.36,0.37,0.3,0.33,0.33,0.33,0.37,0.3,0.3,0.34,0.35,0.33,0.3,0.36,0.35,0.43,0.0,0.0,0.42,0.43,0.42,0.0,0.0,0.0,0.0,0.41,0.38,0.38,0.41,0.38,0.39,0.4,0.4,0.37,0.37,0.41,0.39,0.0,0.0,0.38,0.43,0.42,0.4,0.42,0.38,0.41,0.0,0.42,0.42,0.41,0.42,0.42,0.42,0.42
4198,0.0,0.05,0.05,0.0,0.0,0.05,0.0,0.0,0.04,0.04,0.04,0.04,0.04,0.04,0.04,0.04,0.04,0.04,0.04,0.04,0.04,0.04,0.04,0.04,0.04,0.05,0.0,0.0,0.05,0.05,0.05,0.0,0.0,0.0,0.0,0.05,0.04,0.04,0.05,0.04,0.04,0.05,0.05,0.04,0.04,0.05,0.05,0.0,0.0,0.05,0.05,0.05,0.05,0.05,0.05,0.05,0.0,0.05,0.05,0.07,0.05,0.05,0.05,0.05
4199,0.0,0.03,0.03,0.0,0.0,0.02,0.0,0.0,0.02,0.03,0.02,0.02,0.01,0.02,0.02,0.02,0.02,0.02,0.02,0.02,0.02,0.02,0.02,0.02,0.01,0.03,0.0,0.0,0.03,0.03,0.03,0.0,0.0,0.0,0.0,0.02,0.02,0.02,0.03,0.02,0.03,0.03,0.03,0.02,0.02,0.02,0.02,0.0,0.0,0.02,0.03,0.03,0.03,0.03,0.03,0.04,0.0,0.03,0.03,0.03,0.03,0.03,0.03,0.03
4200,0.0,0.0,0.0,0.0,0.0,0.0,0.0,0.0,0.0,0.0,0.0,0.0,0.0,0.0,0.0,0.0,0.0,0.0,0.0,0.0,0.0,0.0,0.0,0.0,0.0,0.0,0.0,0.0,0.0,0.0,0.0,0.0,0.0,0.0,0.0,0.0,0.0,0.0,0.0,0.0,0.0,0.0,0.0,0.0,0.0,0.0,0.0,0.0,0.0,0.0,0.0,0.0,0.0,0.0,0.0,0.0,0.0,0.0,0.0,0.0,0.0,0.0,0.0,0.0
4201,0.0,0.0,0.0,0.0,0.0,0.0,0.0,0.0,0.0,0.0,0.0,0.0,0.0,0.0,0.0,0.0,0.0,0.0,0.0,0.0,0.0,0.0,0.0,0.0,0.0,0.0,0.0,0.0,0.0,0.0,0.0,0.0,0.0,0.0,0.0,0.0,0.0,0.0,0.0,0.0,0.0,0.0,0.0,0.0,0.0,0.0,0.0,0.0,0.0,0.0,0.0,0.0,0.0,0.0,0.0,0.0,0.0,0.0,0.0,0.0,0.0,0.0,0.0,0.0
4202,0.0,0.0,0.0,0.0,0.0,0.0,0.0,0.0,0.0,0.0,0.0,0.0,0.0,0.0,0.0,0.0,0.0,0.0,0.0,0.0,0.0,0.0,0.0,0.0,0.0,0.0,0.0,0.0,0.0,0.0,0.0,0.0,0.0,0.0,0.0,0.0,0.0,0.0,0.0,0.0,0.0,0.0,0.0,0.0,0.0,0.0,0.0,0.0,0.0,0.0,0.0,0.0,0.0,0.0,0.0,0.0,0.0,0.0,0.0,0.0,0.0,0.0,0.0,0.0
4203,0.0,0.0,0.0,0.0,0.0,0.0,0.0,0.0,0.0,0.0,0.0,0.0,0.0,0.0,0.0,0.0,0.0,0.0,0.0,0.0,0.0,0.0,0.0,0.0,0.0,0.0,0.0,0.0,0.0,0.0,0.0,0.0,0.0,0.0,0.0,0.0,0.0,0.0,0.0,0.0,0.0,0.0,0.0,0.0,0.0,0.0,0.0,0.0,0.0,0.0,0.0,0.0,0.0,0.0,0.0,0.0,0.0,0.0,0.0,0.0,0.0,0.0,0.0,0.0
4204,0.0,0.0,0.0,0.0,0.0,0.0,0.0,0.0,0.0,0.0,0.0,0.0,0.0,0.0,0.0,0.0,0.0,0.0,0.0,0.0,0.0,0.0,0.0,0.0,0.0,0.0,0.0,0.0,0.0,0.0,0.0,0.0,0.0,0.0,0.0,0.0,0.0,0.0,0.0,0.0,0.0,0.0,0.0,0.0,0.0,0.0,0.0,0.0,0.0,0.0,0.0,0.0,0.0,0.0,0.0,0.0,0.0,0.0,0.0,0.0,0.0,0.0,0.0,0.0
4205,0.0,0.0,0.0,0.0,0.0,0.0,0.0,0.0,0.0,0.0,0.0,0.0,0.0,0.0,0.0,0.0,0.0,0.0,0.0,0.0,0.0,0.0,0.0,0.0,0.0,0.0,0.0,0.0,0.0,0.0,0.0,0.0,0.0,0.0,0.0,0.0,0.0,0.0,0.0,0.0,0.0,0.0,0.0,0.0,0.0,0.0,0.0,0.0,0.0,0.0,0.0,0.0,0.0,0.0,0.0,0.0,0.0,0.0,0.0,0.0,0.0,0.0,0.0,0.0
4206,0.0,0.0,0.0,0.0,0.0,0.0,0.0,0.0,0.0,0.0,0.0,0.0,0.0,0.0,0.0,0.0,0.0,0.0,0.0,0.0,0.0,0.0,0.0,0.0,0.0,0.0,0.0,0.0,0.0,0.0,0.0,0.0,0.0,0.0,0.0,0.0,0.0,0.0,0.0,0.0,0.0,0.0,0.0,0.0,0.0,0.0,0.0,0.0,0.0,0.0,0.0,0.0,0.0,0.0,0.0,0.0,0.0,0.0,0.0,0.0,0.0,0.0,0.0,0.0
4207,0.0,0.0,0.0,0.0,0.0,0.0,0.0,0.0,0.0,0.0,0.0,0.0,0.0,0.0,0.0,0.0,0.0,0.0,0.0,0.0,0.0,0.0,0.0,0.0,0.0,0.0,0.0,0.0,0.0,0.0,0.0,0.0,0.0,0.0,0.0,0.0,0.0,0.0,0.0,0.0,0.0,0.0,0.0,0.0,0.0,0.0,0.0,0.0,0.0,0.0,0.0,0.0,0.0,0.0,0.0,0.0,0.0,0.0,0.0,0.0,0.0,0.0,0.0,0.0
4208,0.0,0.0,0.0,0.0,0.0,0.0,0.0,0.0,0.0,0.0,0.0,0.0,0.0,0.0,0.0,0.0,0.0,0.0,0.0,0.0,0.0,0.0,0.0,0.0,0.0,0.0,0.0,0.0,0.0,0.0,0.0,0.0,0.0,0.0,0.0,0.0,0.0,0.0,0.0,0.0,0.0,0.0,0.0,0.0,0.0,0.0,0.0,0.0,0.0,0.0,0.0,0.0,0.0,0.0,0.0,0.0,0.0,0.0,0.0,0.0,0.0,0.0,0.0,0.0
4209,0.0,0.01,0.01,0.0,0.0,0.02,0.0,0.0,0.03,0.03,0.03,0.03,0.03,0.03,0.03,0.03,0.03,0.03,0.03,0.03,0.03,0.03,0.03,0.02,0.04,0.02,0.0,0.0,0.02,0.02,0.02,0.0,0.0,0.0,0.0,0.02,0.03,0.03,0.03,0.03,0.02,0.03,0.03,0.03,0.02,0.03,0.02,0.0,0.0,0.02,0.02,0.02,0.02,0.02,0.02,0.02,0.0,0.02,0.02,0.02,0.02,0.02,0.02,0.02
4210,0.0,0.09,0.08,0.0,0.0,0.12,0.0,0.0,0.16,0.18,0.16,0.17,0.23,0.18,0.18,0.17,0.13,0.21,0.2,0.18,0.18,0.19,0.22,0.15,0.16,0.09,0.0,0.0,0.1,0.09,0.09,0.0,0.0,0.0,0.0,0.11,0.13,0.14,0.11,0.14,0.13,0.12,0.12,0.12,0.14,0.12,0.12,0.0,0.0,0.12,0.1,0.09,0.11,0.1,0.12,0.09,0.0,0.1,0.1,0.11,0.1,0.1,0.1,0.1
4211,0.0,0.48,0.49,0.0,0.0,0.52,0.0,0.0,0.54,0.6,0.53,0.57,0.62,0.58,0.59,0.57,0.55,0.63,0.63,0.56,0.57,0.6,0.63,0.54,0.55,0.5,0.0,0.0,0.5,0.49,0.49,0.0,0.0,0.0,0.0,0.51,0.53,0.56,0.52,0.56,0.53,0.53,0.52,0.53,0.53,0.53,0.52,0.0,0.0,0.52,0.52,0.51,0.53,0.53,0.55,0.52,0.0,0.52,0.53,0.53,0.52,0.52,0.52,0.54
4212,0.0,0.63,0.65,0.0,0.0,0.64,0.0,0.0,0.63,0.67,0.65,0.69,0.55,0.66,0.65,0.65,0.65,0.69,0.69,0.66,0.65,0.65,0.68,0.65,0.64,0.66,0.0,0.0,0.64,0.64,0.65,0.0,0.0,0.0,0.0,0.64,0.63,0.67,0.66,0.67,0.66,0.66,0.64,0.63,0.64,0.66,0.64,0.0,0.0,0.63,0.67,0.66,0.67,0.68,0.68,0.68,0.0,0.67,0.68,0.67,0.66,0.69,0.66,0.68
4213,0.0,0.68,0.7,0.0,0.0,0.67,0.0,0.0,0.7,0.7,0.69,0.72,0.71,0.69,0.69,0.68,0.7,0.72,0.72,0.69,0.69,0.7,0.71,0.69,0.67,0.7,0.0,0.0,0.68,0.69,0.69,0.0,0.0,0.0,0.0,0.69,0.67,0.71,0.7,0.7,0.69,0.7,0.68,0.68,0.68,0.7,0.66,0.0,0.0,0.66,0.71,0.7,0.71,0.72,0.72,0.71,0.0,0.71,0.7,0.72,0.7,0.72,0.7,0.7
4214,0.0,0.7,0.72,0.0,0.0,0.7,0.0,0.0,0.72,0.73,0.71,0.73,0.72,0.72,0.72,0.72,0.72,0.73,0.74,0.72,0.72,0.71,0.72,0.7,0.67,0.72,0.0,0.0,0.69,0.71,0.7,0.0,0.0,0.0,0.0,0.7,0.7,0.72,0.71,0.72,0.72,0.71,0.7,0.7,0.7,0.71,0.69,0.0,0.0,0.69,0.73,0.72,0.72,0.71,0.74,0.71,0.0,0.71,0.72,0.72,0.73,0.73,0.72,0.73
4215,0.0,0.72,0.72,0.0,0.0,0.71,0.0,0.0,0.72,0.74,0.72,0.74,0.72,0.73,0.73,0.73,0.72,0.74,0.75,0.72,0.73,0.72,0.73,0.72,0.7,0.72,0.0,0.0,0.7,0.72,0.71,0.0,0.0,0.0,0.0,0.71,0.72,0.73,0.72,0.73,0.73,0.72,0.7,0.71,0.72,0.72,0.71,0.0,0.0,0.71,0.72,0.73,0.73,0.71,0.74,0.71,0.0,0.71,0.72,0.72,0.72,0.72,0.72,0.72
4216,0.0,0.73,0.73,0.0,0.0,0.73,0.0,0.0,0.74,0.75,0.72,0.74,0.73,0.74,0.75,0.74,0.73,0.75,0.75,0.74,0.74,0.74,0.73,0.73,0.72,0.72,0.0,0.0,0.7,0.73,0.72,0.0,0.0,0.0,0.0,0.71,0.72,0.73,0.72,0.73,0.73,0.72,0.71,0.72,0.72,0.72,0.72,0.0,0.0,0.73,0.73,0.73,0.72,0.71,0.74,0.71,0.0,0.72,0.72,0.72,0.73,0.72,0.73,0.73
4217,0.0,0.72,0.72,0.0,0.0,0.73,0.0,0.0,0.74,0.74,0.72,0.74,0.73,0.75,0.76,0.76,0.72,0.74,0.75,0.75,0.73,0.75,0.73,0.73,0.74,0.72,0.0,0.0,0.71,0.72,0.72,0.0,0.0,0.0,0.0,0.71,0.71,0.72,0.72,0.72,0.73,0.71,0.71,0.71,0.72,0.72,0.72,0.0,0.0,0.73,0.73,0.74,0.72,0.71,0.73,0.7,0.0,0.71,0.72,0.72,0.73,0.72,0.73,0.73
4218,0.0,0.71,0.71,0.0,0.0,0.71,0.0,0.0,0.72,0.73,0.71,0.72,0.73,0.75,0.75,0.75,0.71,0.73,0.74,0.72,0.73,0.75,0.73,0.71,0.73,0.72,0.0,0.0,0.71,0.71,0.71,0.0,0.0,0.0,0.0,0.7,0.7,0.71,0.7,0.7,0.72,0.71,0.7,0.7,0.71,0.71,0.71,0.0,0.0,0.72,0.72,0.73,0.71,0.7,0.72,0.68,0.0,0.7,0.72,0.71,0.73,0.72,0.72,0.73
4219,0.0,0.7,0.7,0.0,0.0,0.7,0.0,0.0,0.7,0.72,0.7,0.71,0.72,0.73,0.72,0.72,0.7,0.7,0.71,0.71,0.71,0.73,0.71,0.7,0.72,0.71,0.0,0.0,0.69,0.7,0.7,0.0,0.0,0.0,0.0,0.69,0.68,0.7,0.69,0.7,0.7,0.69,0.68,0.68,0.7,0.68,0.7,0.0,0.0,0.7,0.71,0.71,0.7,0.69,0.71,0.66,0.0,0.69,0.71,0.69,0.72,0.7,0.7,0.72
4220,0.0,0.65,0.66,0.0,0.0,0.64,0.0,0.0,0.64,0.66,0.64,0.65,0.64,0.65,0.65,0.64,0.64,0.63,0.64,0.64,0.65,0.65,0.64,0.63,0.65,0.66,0.0,0.0,0.64,0.65,0.65,0.0,0.0,0.0,0.0,0.64,0.62,0.64,0.64,0.64,0.64,0.64,0.63,0.62,0.64,0.64,0.64,0.0,0.0,0.64,0.66,0.65,0.64,0.65,0.65,0.62,0.0,0.64,0.66,0.63,0.67,0.66,0.65,0.66
4221,0.0,0.41,0.42,0.0,0.0,0.37,0.0,0.0,0.34,0.34,0.34,0.34,0.28,0.32,0.31,0.32,0.35,0.3,0.31,0.33,0.34,0.31,0.28,0.35,0.35,0.41,0.0,0.0,0.4,0.41,0.4,0.0,0.0,0.0,0.0,0.38,0.35,0.36,0.38,0.36,0.37,0.38,0.37,0.35,0.35,0.38,0.37,0.0,0.0,0.37,0.41,0.4,0.38,0.4,0.38,0.39,0.0,0.39,0.4,0.38,0.4,0.41,0.4,0.4
4222,0.0,0.05,0.05,0.0,0.0,0.05,0.0,0.0,0.05,0.04,0.05,0.04,0.05,0.04,0.04,0.05,0.05,0.04,0.04,0.05,0.04,0.05,0.05,0.05,0.05,0.05,0.0,0.0,0.05,0.05,0.05,0.0,0.0,0.0,0.0,0.05,0.05,0.05,0.05,0.05,0.05,0.05,0.05,0.05,0.05,0.05,0.05,0.0,0.0,0.05,0.05,0.06,0.05,0.05,0.05,0.06,0.0,0.06,0.05,0.05,0.05,0.05,0.05,0.05
4223,0.0,0.03,0.03,0.0,0.0,0.02,0.0,0.0,0.02,0.02,0.02,0.02,0.0,0.02,0.01,0.02,0.02,0.02,0.02,0.02,0.02,0.01,0.01,0.02,0.0,0.03,0.0,0.0,0.03,0.03,0.03,0.0,0.0,0.0,0.0,0.03,0.02,0.02,0.03,0.02,0.02,0.03,0.03,0.02,0.02,0.03,0.02,0.0,0.0,0.02,0.03,0.03,0.03,0.03,0.03,0.03,0.0,0.03,0.03,0.03,0.03,0.03,0.03,0.03
4224,0.0,0.0,0.0,0.0,0.0,0.0,0.0,0.0,0.0,0.0,0.0,0.0,0.0,0.0,0.0,0.0,0.0,0.0,0.0,0.0,0.0,0.0,0.0,0.0,0.0,0.0,0.0,0.0,0.0,0.0,0.0,0.0,0.0,0.0,0.0,0.0,0.0,0.0,0.0,0.0,0.0,0.0,0.0,0.0,0.0,0.0,0.0,0.0,0.0,0.0,0.0,0.0,0.0,0.0,0.0,0.0,0.0,0.0,0.0,0.0,0.0,0.0,0.0,0.0
4225,0.0,0.0,0.0,0.0,0.0,0.0,0.0,0.0,0.0,0.0,0.0,0.0,0.0,0.0,0.0,0.0,0.0,0.0,0.0,0.0,0.0,0.0,0.0,0.0,0.0,0.0,0.0,0.0,0.0,0.0,0.0,0.0,0.0,0.0,0.0,0.0,0.0,0.0,0.0,0.0,0.0,0.0,0.0,0.0,0.0,0.0,0.0,0.0,0.0,0.0,0.0,0.0,0.0,0.0,0.0,0.0,0.0,0.0,0.0,0.0,0.0,0.0,0.0,0.0
4226,0.0,0.0,0.0,0.0,0.0,0.0,0.0,0.0,0.0,0.0,0.0,0.0,0.0,0.0,0.0,0.0,0.0,0.0,0.0,0.0,0.0,0.0,0.0,0.0,0.0,0.0,0.0,0.0,0.0,0.0,0.0,0.0,0.0,0.0,0.0,0.0,0.0,0.0,0.0,0.0,0.0,0.0,0.0,0.0,0.0,0.0,0.0,0.0,0.0,0.0,0.0,0.0,0.0,0.0,0.0,0.0,0.0,0.0,0.0,0.0,0.0,0.0,0.0,0.0
4227,0.0,0.0,0.0,0.0,0.0,0.0,0.0,0.0,0.0,0.0,0.0,0.0,0.0,0.0,0.0,0.0,0.0,0.0,0.0,0.0,0.0,0.0,0.0,0.0,0.0,0.0,0.0,0.0,0.0,0.0,0.0,0.0,0.0,0.0,0.0,0.0,0.0,0.0,0.0,0.0,0.0,0.0,0.0,0.0,0.0,0.0,0.0,0.0,0.0,0.0,0.0,0.0,0.0,0.0,0.0,0.0,0.0,0.0,0.0,0.0,0.0,0.0,0.0,0.0
4228,0.0,0.0,0.0,0.0,0.0,0.0,0.0,0.0,0.0,0.0,0.0,0.0,0.0,0.0,0.0,0.0,0.0,0.0,0.0,0.0,0.0,0.0,0.0,0.0,0.0,0.0,0.0,0.0,0.0,0.0,0.0,0.0,0.0,0.0,0.0,0.0,0.0,0.0,0.0,0.0,0.0,0.0,0.0,0.0,0.0,0.0,0.0,0.0,0.0,0.0,0.0,0.0,0.0,0.0,0.0,0.0,0.0,0.0,0.0,0.0,0.0,0.0,0.0,0.0
4229,0.0,0.0,0.0,0.0,0.0,0.0,0.0,0.0,0.0,0.0,0.0,0.0,0.0,0.0,0.0,0.0,0.0,0.0,0.0,0.0,0.0,0.0,0.0,0.0,0.0,0.0,0.0,0.0,0.0,0.0,0.0,0.0,0.0,0.0,0.0,0.0,0.0,0.0,0.0,0.0,0.0,0.0,0.0,0.0,0.0,0.0,0.0,0.0,0.0,0.0,0.0,0.0,0.0,0.0,0.0,0.0,0.0,0.0,0.0,0.0,0.0,0.0,0.0,0.0
4230,0.0,0.0,0.0,0.0,0.0,0.0,0.0,0.0,0.0,0.0,0.0,0.0,0.0,0.0,0.0,0.0,0.0,0.0,0.0,0.0,0.0,0.0,0.0,0.0,0.0,0.0,0.0,0.0,0.0,0.0,0.0,0.0,0.0,0.0,0.0,0.0,0.0,0.0,0.0,0.0,0.0,0.0,0.0,0.0,0.0,0.0,0.0,0.0,0.0,0.0,0.0,0.0,0.0,0.0,0.0,0.0,0.0,0.0,0.0,0.0,0.0,0.0,0.0,0.0
4231,0.0,0.0,0.0,0.0,0.0,0.0,0.0,0.0,0.0,0.0,0.0,0.0,0.0,0.0,0.0,0.0,0.0,0.0,0.0,0.0,0.0,0.0,0.0,0.0,0.0,0.0,0.0,0.0,0.0,0.0,0.0,0.0,0.0,0.0,0.0,0.0,0.0,0.0,0.0,0.0,0.0,0.0,0.0,0.0,0.0,0.0,0.0,0.0,0.0,0.0,0.0,0.0,0.0,0.0,0.0,0.0,0.0,0.0,0.0,0.0,0.0,0.0,0.0,0.0
4232,0.0,0.0,0.0,0.0,0.0,0.0,0.0,0.0,0.0,0.0,0.0,0.0,0.0,0.0,0.0,0.0,0.0,0.0,0.0,0.0,0.0,0.0,0.0,0.0,0.0,0.0,0.0,0.0,0.0,0.0,0.0,0.0,0.0,0.0,0.0,0.0,0.0,0.0,0.0,0.0,0.0,0.0,0.0,0.0,0.0,0.0,0.0,0.0,0.0,0.0,0.0,0.0,0.0,0.0,0.0,0.0,0.0,0.0,0.0,0.0,0.0,0.0,0.0,0.0
4233,0.0,0.01,0.01,0.0,0.0,0.02,0.0,0.0,0.02,0.02,0.02,0.02,0.02,0.02,0.02,0.02,0.02,0.02,0.02,0.02,0.02,0.02,0.02,0.02,0.02,0.01,0.0,0.0,0.02,0.01,0.02,0.0,0.0,0.0,0.0,0.02,0.02,0.02,0.03,0.02,0.02,0.03,0.03,0.02,0.02,0.04,0.03,0.0,0.0,0.04,0.03,0.02,0.03,0.01,0.03,0.0,0.0,0.0,0.03,0.03,0.02,0.04,0.02,0.03
4234,0.0,0.08,0.08,0.0,0.0,0.12,0.0,0.0,0.14,0.16,0.13,0.14,0.21,0.17,0.17,0.16,0.08,0.18,0.18,0.16,0.16,0.17,0.21,0.13,0.15,0.08,0.0,0.0,0.08,0.08,0.08,0.0,0.0,0.0,0.0,0.1,0.11,0.12,0.09,0.1,0.1,0.1,0.1,0.12,0.12,0.09,0.12,0.0,0.0,0.12,0.07,0.07,0.06,0.07,0.11,0.09,0.0,0.08,0.07,0.02,0.07,0.07,0.08,0.07
4235,0.0,0.5,0.5,0.0,0.0,0.54,0.0,0.0,0.54,0.57,0.52,0.15,0.6,0.56,0.58,0.57,0.52,0.59,0.59,0.56,0.56,0.57,0.6,0.52,0.57,0.5,0.0,0.0,0.5,0.5,0.5,0.0,0.0,0.0,0.0,0.52,0.52,0.5,0.51,0.5,0.24,0.52,0.52,0.52,0.53,0.51,0.54,0.0,0.0,0.54,0.47,0.49,0.5,0.47,0.07,0.37,0.0,0.39,0.48,0.36,0.48,0.48,0.5,0.49
4236,0.0,0.7,0.7,0.0,0.0,0.71,0.0,0.0,0.28,0.08,0.65,0.22,0.66,0.66,0.67,0.67,0.11,0.68,0.68,0.67,0.07,0.65,0.67,0.68,0.72,0.68,0.0,0.0,0.68,0.7,0.65,0.0,0.0,0.0,0.0,0.69,0.67,0.66,0.69,0.65,0.68,0.68,0.67,0.69,0.68,0.69,0.71,0.0,0.0,0.72,0.68,0.69,0.57,0.68,0.66,0.66,0.0,0.64,0.68,0.48,0.67,0.68,0.7,0.67
4237,0.0,0.73,0.74,0.0,0.0,0.74,0.0,0.0,0.68,0.11,0.68,0.54,0.68,0.28,0.69,0.39,0.69,0.23,0.49,0.36,0.08,0.27,0.69,0.71,0.76,0.74,0.0,0.0,0.72,0.73,0.72,0.0,0.0,0.0,0.0,0.72,0.7,0.68,0.73,0.68,0.71,0.73,0.72,0.7,0.71,0.73,0.74,0.0,0.0,0.75,0.73,0.73,0.66,0.72,0.68,0.69,0.0,0.71,0.72,0.7,0.73,0.73,0.73,0.73
4238,0.0,0.74,0.74,0.0,0.0,0.75,0.0,0.0,0.69,0.09,0.7,0.71,0.69,0.69,0.7,0.71,0.68,0.15,0.26,0.7,0.05,0.68,0.59,0.71,0.77,0.74,0.0,0.0,0.73,0.74,0.74,0.0,0.0,0.0,0.0,0.74,0.7,0.7,0.73,0.7,0.72,0.74,0.72,0.71,0.71,0.73,0.75,0.0,0.0,0.75,0.73,0.73,0.72,0.73,0.72,0.41,0.0,0.72,0.72,0.71,0.74,0.73,0.73,0.73
4239,0.0,0.74,0.74,0.0,0.0,0.74,0.0,0.0,0.69,0.36,0.7,0.7,0.68,0.69,0.7,0.7,0.69,0.12,0.18,0.7,0.71,0.67,0.41,0.71,0.76,0.74,0.0,0.0,0.73,0.74,0.74,0.0,0.0,0.0,0.0,0.74,0.7,0.72,0.73,0.7,0.72,0.74,0.72,0.72,0.71,0.73,0.74,0.0,0.0,0.74,0.74,0.73,0.72,0.72,0.71,0.31,0.0,0.71,0.73,0.71,0.74,0.73,0.73,0.74
4240,0.0,0.75,0.75,0.0,0.0,0.74,0.0,0.0,0.71,0.28,0.71,0.72,0.24,0.7,0.7,0.71,0.71,0.7,0.72,0.7,0.72,0.7,0.68,0.71,0.77,0.74,0.0,0.0,0.72,0.75,0.74,0.0,0.0,0.0,0.0,0.74,0.71,0.7,0.74,0.69,0.73,0.74,0.72,0.72,0.71,0.73,0.74,0.0,0.0,0.74,0.74,0.74,0.71,0.73,0.72,0.7,0.0,0.7,0.73,0.71,0.74,0.74,0.74,0.74
4241,0.0,0.74,0.74,0.0,0.0,0.74,0.0,0.0,0.71,0.58,0.7,0.72,0.69,0.7,0.7,0.71,0.72,0.69,0.7,0.7,0.11,0.7,0.68,0.71,0.77,0.73,0.0,0.0,0.73,0.74,0.73,0.0,0.0,0.0,0.0,0.74,0.71,0.69,0.73,0.7,0.73,0.74,0.72,0.72,0.71,0.73,0.74,0.0,0.0,0.75,0.74,0.73,0.71,0.72,0.72,0.3,0.0,0.72,0.73,0.69,0.74,0.73,0.74,0.73
4242,0.0,0.72,0.73,0.0,0.0,0.74,0.0,0.0,0.69,0.25,0.66,0.72,0.68,0.7,0.7,0.71,0.71,0.68,0.7,0.7,0.61,0.69,0.66,0.71,0.77,0.73,0.0,0.0,0.72,0.72,0.73,0.0,0.0,0.0,0.0,0.72,0.71,0.72,0.73,0.72,0.72,0.73,0.71,0.71,0.71,0.72,0.74,0.0,0.0,0.74,0.72,0.72,0.7,0.71,0.7,0.03,0.0,0.71,0.72,0.7,0.73,0.72,0.73,0.73
4243,0.0,0.72,0.72,0.0,0.0,0.73,0.0,0.0,0.66,0.7,0.68,0.7,0.67,0.68,0.68,0.68,0.69,0.68,0.68,0.68,0.07,0.68,0.63,0.69,0.75,0.72,0.0,0.0,0.7,0.71,0.71,0.0,0.0,0.0,0.0,0.71,0.68,0.7,0.71,0.7,0.7,0.71,0.69,0.69,0.69,0.7,0.73,0.0,0.0,0.73,0.7,0.71,0.7,0.22,0.06,0.01,0.0,0.69,0.7,0.69,0.71,0.7,0.71,0.71
4244,0.0,0.66,0.66,0.0,0.0,0.67,0.0,0.0,0.61,0.04,0.62,0.63,0.61,0.6,0.61,0.62,0.63,0.54,0.6,0.59,0.12,0.61,0.59,0.63,0.68,0.66,0.0,0.0,0.65,0.66,0.66,0.0,0.0,0.0,0.0,0.65,0.63,0.64,0.65,0.64,0.65,0.65,0.64,0.61,0.63,0.65,0.67,0.0,0.0,0.67,0.64,0.65,0.63,0.63,0.06,0.6,0.0,0.62,0.64,0.64,0.64,0.64,0.66,0.64
4245,0.0,0.41,0.41,0.0,0.0,0.39,0.0,0.0,0.32,0.27,0.33,0.33,0.27,0.3,0.3,0.3,0.34,0.28,0.28,0.29,0.03,0.3,0.26,0.33,0.36,0.41,0.0,0.0,0.4,0.41,0.4,0.0,0.0,0.0,0.0,0.39,0.36,0.35,0.38,0.35,0.36,0.38,0.37,0.34,0.34,0.38,0.39,0.0,0.0,0.38,0.37,0.4,0.35,0.37,0.37,0.36,0.0,0.38,0.37,0.38,0.39,0.38,0.4,0.38
4246,0.0,0.05,0.05,0.0,0.0,0.05,0.0,0.0,0.05,0.06,0.05,0.05,0.05,0.06,0.06,0.06,0.05,0.06,0.06,0.05,0.05,0.05,0.05,0.05,0.04,0.05,0.0,0.0,0.05,0.05,0.05,0.0,0.0,0.0,0.0,0.05,0.05,0.05,0.05,0.05,0.05,0.05,0.05,0.05,0.05,0.05,0.05,0.0,0.0,0.05,0.04,0.07,0.08,0.07,0.06,0.06,0.0,0.07,0.04,0.08,0.07,0.04,0.06,0.04
4247,0.0,0.03,0.03,0.0,0.0,0.02,0.0,0.0,0.01,0.02,0.02,0.02,0.0,0.01,0.01,0.01,0.02,0.01,0.02,0.01,0.02,0.01,0.0,0.02,0.0,0.03,0.0,0.0,0.03,0.03,0.03,0.0,0.0,0.0,0.0,0.02,0.02,0.02,0.02,0.02,0.0,0.02,0.02,0.02,0.02,0.02,0.02,0.0,0.0,0.01,0.0,0.02,0.01,0.03,0.02,0.03,0.0,0.02,0.0,0.03,0.0,0.01,0.02,0.0
4248,0.0,0.0,0.0,0.0,0.0,0.0,0.0,0.0,0.0,0.0,0.0,0.0,0.0,0.0,0.0,0.0,0.0,0.0,0.0,0.0,0.0,0.0,0.0,0.0,0.0,0.0,0.0,0.0,0.0,0.0,0.0,0.0,0.0,0.0,0.0,0.0,0.0,0.0,0.0,0.0,0.0,0.0,0.0,0.0,0.0,0.0,0.0,0.0,0.0,0.0,0.0,0.0,0.0,0.0,0.0,0.0,0.0,0.0,0.0,0.0,0.0,0.0,0.0,0.0
4249,0.0,0.0,0.0,0.0,0.0,0.0,0.0,0.0,0.0,0.0,0.0,0.0,0.0,0.0,0.0,0.0,0.0,0.0,0.0,0.0,0.0,0.0,0.0,0.0,0.0,0.0,0.0,0.0,0.0,0.0,0.0,0.0,0.0,0.0,0.0,0.0,0.0,0.0,0.0,0.0,0.0,0.0,0.0,0.0,0.0,0.0,0.0,0.0,0.0,0.0,0.0,0.0,0.0,0.0,0.0,0.0,0.0,0.0,0.0,0.0,0.0,0.0,0.0,0.0
4250,0.0,0.0,0.0,0.0,0.0,0.0,0.0,0.0,0.0,0.0,0.0,0.0,0.0,0.0,0.0,0.0,0.0,0.0,0.0,0.0,0.0,0.0,0.0,0.0,0.0,0.0,0.0,0.0,0.0,0.0,0.0,0.0,0.0,0.0,0.0,0.0,0.0,0.0,0.0,0.0,0.0,0.0,0.0,0.0,0.0,0.0,0.0,0.0,0.0,0.0,0.0,0.0,0.0,0.0,0.0,0.0,0.0,0.0,0.0,0.0,0.0,0.0,0.0,0.0
4251,0.0,0.0,0.0,0.0,0.0,0.0,0.0,0.0,0.0,0.0,0.0,0.0,0.0,0.0,0.0,0.0,0.0,0.0,0.0,0.0,0.0,0.0,0.0,0.0,0.0,0.0,0.0,0.0,0.0,0.0,0.0,0.0,0.0,0.0,0.0,0.0,0.0,0.0,0.0,0.0,0.0,0.0,0.0,0.0,0.0,0.0,0.0,0.0,0.0,0.0,0.0,0.0,0.0,0.0,0.0,0.0,0.0,0.0,0.0,0.0,0.0,0.0,0.0,0.0
4252,0.0,0.0,0.0,0.0,0.0,0.0,0.0,0.0,0.0,0.0,0.0,0.0,0.0,0.0,0.0,0.0,0.0,0.0,0.0,0.0,0.0,0.0,0.0,0.0,0.0,0.0,0.0,0.0,0.0,0.0,0.0,0.0,0.0,0.0,0.0,0.0,0.0,0.0,0.0,0.0,0.0,0.0,0.0,0.0,0.0,0.0,0.0,0.0,0.0,0.0,0.0,0.0,0.0,0.0,0.0,0.0,0.0,0.0,0.0,0.0,0.0,0.0,0.0,0.0
4253,0.0,0.0,0.0,0.0,0.0,0.0,0.0,0.0,0.0,0.0,0.0,0.0,0.0,0.0,0.0,0.0,0.0,0.0,0.0,0.0,0.0,0.0,0.0,0.0,0.0,0.0,0.0,0.0,0.0,0.0,0.0,0.0,0.0,0.0,0.0,0.0,0.0,0.0,0.0,0.0,0.0,0.0,0.0,0.0,0.0,0.0,0.0,0.0,0.0,0.0,0.0,0.0,0.0,0.0,0.0,0.0,0.0,0.0,0.0,0.0,0.0,0.0,0.0,0.0
4254,0.0,0.0,0.0,0.0,0.0,0.0,0.0,0.0,0.0,0.0,0.0,0.0,0.0,0.0,0.0,0.0,0.0,0.0,0.0,0.0,0.0,0.0,0.0,0.0,0.0,0.0,0.0,0.0,0.0,0.0,0.0,0.0,0.0,0.0,0.0,0.0,0.0,0.0,0.0,0.0,0.0,0.0,0.0,0.0,0.0,0.0,0.0,0.0,0.0,0.0,0.0,0.0,0.0,0.0,0.0,0.0,0.0,0.0,0.0,0.0,0.0,0.0,0.0,0.0
4255,0.0,0.0,0.0,0.0,0.0,0.0,0.0,0.0,0.0,0.0,0.0,0.0,0.0,0.0,0.0,0.0,0.0,0.0,0.0,0.0,0.0,0.0,0.0,0.0,0.0,0.0,0.0,0.0,0.0,0.0,0.0,0.0,0.0,0.0,0.0,0.0,0.0,0.0,0.0,0.0,0.0,0.0,0.0,0.0,0.0,0.0,0.0,0.0,0.0,0.0,0.0,0.0,0.0,0.0,0.0,0.0,0.0,0.0,0.0,0.0,0.0,0.0,0.0,0.0
4256,0.0,0.0,0.0,0.0,0.0,0.0,0.0,0.0,0.0,0.0,0.0,0.0,0.0,0.0,0.0,0.0,0.0,0.0,0.0,0.0,0.0,0.0,0.0,0.0,0.0,0.0,0.0,0.0,0.0,0.0,0.0,0.0,0.0,0.0,0.0,0.0,0.0,0.0,0.0,0.0,0.0,0.0,0.0,0.0,0.0,0.0,0.0,0.0,0.0,0.0,0.0,0.0,0.0,0.0,0.0,0.0,0.0,0.0,0.0,0.0,0.0,0.0,0.0,0.0
4257,0.0,0.0,0.0,0.0,0.0,0.04,0.0,0.0,0.03,0.05,0.04,0.04,0.0,0.04,0.0,0.0,0.04,0.03,0.04,0.04,0.02,0.05,0.03,0.04,0.03,0.0,0.0,0.0,0.0,0.0,0.0,0.0,0.0,0.0,0.0,0.01,0.0,0.04,0.04,0.05,0.04,0.04,0.04,0.0,0.02,0.03,0.04,0.0,0.0,0.04,0.04,0.0,0.04,0.04,0.04,0.04,0.0,0.04,0.04,0.04,0.04,0.04,0.0,0.04
4258,0.0,0.07,0.03,0.0,0.0,0.1,0.0,0.0,0.15,0.16,0.14,0.15,0.2,0.16,0.16,0.16,0.13,0.19,0.18,0.15,0.16,0.17,0.2,0.13,0.08,0.01,0.0,0.0,0.0,0.02,0.01,0.0,0.0,0.0,0.0,0.0,0.11,0.12,0.0,0.12,0.02,0.01,0.0,0.03,0.12,0.0,0.1,0.0,0.0,0.1,0.1,0.05,0.09,0.1,0.11,0.1,0.0,0.11,0.1,0.11,0.08,0.11,0.01,0.1
4259,0.0,0.02,0.01,0.0,0.0,0.51,0.0,0.0,0.3,0.48,0.04,0.57,0.6,0.54,0.56,0.03,0.52,0.59,0.59,0.54,0.46,0.55,0.62,0.52,0.18,0.02,0.0,0.0,0.06,0.01,0.01,0.0,0.0,0.0,0.0,0.0,0.02,0.46,0.01,0.45,0.41,0.03,0.01,0.03,0.29,0.01,0.51,0.0,0.0,0.52,0.29,0.21,0.42,0.46,0.51,0.48,0.0,0.41,0.25,0.35,0.21,0.32,0.3,0.23
4260,0.0,0.0,0.01,0.0,0.0,0.38,0.0,0.0,0.59,0.6,0.53,0.53,0.64,0.57,0.48,0.52,0.53,0.68,0.69,0.41,0.5,0.61,0.66,0.06,0.29,0.21,0.0,0.0,0.18,0.0,0.02,0.0,0.0,0.0,0.0,0.01,0.04,0.5,0.16,0.54,0.61,0.06,0.14,0.02,0.05,0.34,0.54,0.0,0.0,0.45,0.45,0.32,0.46,0.52,0.59,0.65,0.0,0.51,0.36,0.5,0.36,0.5,0.22,0.35
4261,0.0,0.04,0.1,0.0,0.0,0.67,0.0,0.0,0.06,0.69,0.03,0.62,0.64,0.66,0.65,0.26,0.67,0.67,0.66,0.06,0.69,0.64,0.69,0.01,0.41,0.03,0.0,0.0,0.44,0.02,0.04,0.0,0.0,0.0,0.0,0.03,0.1,0.63,0.25,0.67,0.64,0.16,0.27,0.01,0.02,0.28,0.67,0.0,0.0,0.68,0.56,0.49,0.6,0.66,0.59,0.7,0.0,0.64,0.59,0.68,0.59,0.56,0.54,0.6
4262,0.0,0.03,0.02,0.0,0.0,0.31,0.0,0.0,0.23,0.7,0.44,0.69,0.67,0.11,0.05,0.04,0.67,0.67,0.67,0.05,0.72,0.16,0.7,0.06,0.34,0.32,0.0,0.0,0.31,0.02,0.32,0.0,0.0,0.0,0.0,0.03,0.4,0.63,0.12,0.65,0.44,0.36,0.46,0.07,0.18,0.4,0.3,0.0,0.0,0.34,0.62,0.56,0.6,0.72,0.58,0.71,0.0,0.71,0.52,0.72,0.49,0.69,0.6,0.5
4263,0.0,0.02,0.04,0.0,0.0,0.32,0.0,0.0,0.61,0.72,0.58,0.7,0.65,0.18,0.15,0.07,0.64,0.74,0.75,0.17,0.7,0.07,0.63,0.52,0.64,0.51,0.0,0.0,0.41,0.02,0.46,0.0,0.0,0.0,0.0,0.34,0.32,0.6,0.44,0.58,0.69,0.34,0.48,0.55,0.59,0.56,0.31,0.0,0.0,0.27,0.72,0.5,0.6,0.73,0.7,0.72,0.0,0.72,0.62,0.72,0.51,0.72,0.32,0.58
4264,0.0,0.73,0.74,0.0,0.0,0.29,0.0,0.0,0.69,0.75,0.71,0.61,0.08,0.69,0.68,0.67,0.64,0.71,0.7,0.66,0.68,0.68,0.72,0.29,0.38,0.73,0.0,0.0,0.72,0.73,0.73,0.0,0.0,0.0,0.0,0.04,0.42,0.58,0.49,0.58,0.49,0.57,0.48,0.36,0.38,0.46,0.27,0.0,0.0,0.31,0.74,0.74,0.72,0.72,0.72,0.73,0.0,0.72,0.73,0.72,0.74,0.73,0.73,0.73
4265,0.0,0.71,0.71,0.0,0.0,0.31,0.0,0.0,0.68,0.73,0.65,0.69,0.49,0.71,0.71,0.35,0.6,0.73,0.69,0.68,0.59,0.7,0.5,0.44,0.47,0.71,0.0,0.0,0.72,0.71,0.72,0.0,0.0,0.0,0.0,0.72,0.55,0.41,0.74,0.43,0.61,0.73,0.73,0.4,0.56,0.74,0.29,0.0,0.0,0.26,0.73,0.73,0.72,0.73,0.73,0.72,0.0,0.72,0.72,0.72,0.73,0.73,0.72,0.73
4266,0.0,0.69,0.69,0.0,0.0,0.67,0.0,0.0,0.37,0.74,0.68,0.52,0.66,0.67,0.24,0.3,0.63,0.67,0.69,0.31,0.68,0.56,0.66,0.62,0.44,0.7,0.0,0.0,0.71,0.7,0.7,0.0,0.0,0.0,0.0,0.71,0.72,0.72,0.72,0.71,0.72,0.71,0.71,0.7,0.71,0.72,0.67,0.0,0.0,0.67,0.72,0.71,0.71,0.72,0.72,0.71,0.0,0.71,0.71,0.72,0.72,0.72,0.71,0.72
4267,0.0,0.67,0.66,0.0,0.0,0.66,0.0,0.0,0.7,0.71,0.69,0.7,0.58,0.24,0.19,0.23,0.68,0.48,0.44,0.56,0.7,0.2,0.64,0.69,0.09,0.68,0.0,0.0,0.68,0.67,0.68,0.0,0.0,0.0,0.0,0.68,0.7,0.7,0.69,0.69,0.7,0.69,0.68,0.68,0.69,0.69,0.65,0.0,0.0,0.66,0.7,0.69,0.69,0.7,0.7,0.69,0.0,0.69,0.7,0.7,0.7,0.7,0.69,0.7
4268,0.0,0.61,0.6,0.0,0.0,0.49,0.0,0.0,0.63,0.64,0.64,0.64,0.19,0.63,0.63,0.63,0.63,0.62,0.63,0.64,0.64,0.63,0.33,0.63,0.03,0.63,0.0,0.0,0.63,0.62,0.63,0.0,0.0,0.0,0.0,0.63,0.63,0.65,0.64,0.43,0.65,0.64,0.63,0.63,0.64,0.64,0.62,0.0,0.0,0.62,0.66,0.65,0.64,0.65,0.64,0.62,0.0,0.65,0.65,0.64,0.65,0.65,0.64,0.65
4269,0.0,0.39,0.39,0.0,0.0,0.02,0.0,0.0,0.34,0.11,0.35,0.34,0.27,0.32,0.31,0.31,0.35,0.3,0.3,0.32,0.33,0.31,0.28,0.35,0.02,0.4,0.0,0.0,0.4,0.39,0.4,0.0,0.0,0.0,0.0,0.38,0.36,0.36,0.38,0.36,0.38,0.38,0.37,0.36,0.36,0.38,0.02,0.0,0.0,0.02,0.4,0.41,0.39,0.39,0.36,0.36,0.0,0.38,0.4,0.38,0.4,0.4,0.4,0.4
4270,0.0,0.05,0.05,0.0,0.0,0.02,0.0,0.0,0.04,0.06,0.04,0.04,0.04,0.04,0.04,0.02,0.05,0.04,0.04,0.04,0.04,0.04,0.04,0.05,0.02,0.05,0.0,0.0,0.05,0.05,0.05,0.0,0.0,0.0,0.0,0.05,0.05,0.05,0.05,0.05,0.05,0.05,0.05,0.05,0.05,0.05,0.04,0.0,0.0,0.03,0.08,0.06,0.08,0.07,0.05,0.03,0.0,0.08,0.08,0.07,0.08,0.07,0.05,0.08
4271,0.0,0.03,0.03,0.0,0.0,0.0,0.0,0.0,0.02,0.03,0.02,0.02,0.01,0.02,0.0,0.0,0.02,0.02,0.02,0.02,0.02,0.02,0.02,0.02,0.0,0.03,0.0,0.0,0.03,0.03,0.03,0.0,0.0,0.0,0.0,0.02,0.02,0.02,0.03,0.02,0.02,0.02,0.03,0.02,0.02,0.03,0.0,0.0,0.0,0.0,0.03,0.03,0.03,0.03,0.03,0.03,0.0,0.03,0.03,0.03,0.03,0.03,0.03,0.03
4272,0.0,0.0,0.0,0.0,0.0,0.0,0.0,0.0,0.0,0.0,0.0,0.0,0.0,0.0,0.0,0.0,0.0,0.0,0.0,0.0,0.0,0.0,0.0,0.0,0.0,0.0,0.0,0.0,0.0,0.0,0.0,0.0,0.0,0.0,0.0,0.0,0.0,0.0,0.0,0.0,0.0,0.0,0.0,0.0,0.0,0.0,0.0,0.0,0.0,0.0,0.0,0.0,0.0,0.0,0.0,0.0,0.0,0.0,0.0,0.0,0.0,0.0,0.0,0.0
4273,0.0,0.0,0.0,0.0,0.0,0.0,0.0,0.0,0.0,0.0,0.0,0.0,0.0,0.0,0.0,0.0,0.0,0.0,0.0,0.0,0.0,0.0,0.0,0.0,0.0,0.0,0.0,0.0,0.0,0.0,0.0,0.0,0.0,0.0,0.0,0.0,0.0,0.0,0.0,0.0,0.0,0.0,0.0,0.0,0.0,0.0,0.0,0.0,0.0,0.0,0.0,0.0,0.0,0.0,0.0,0.0,0.0,0.0,0.0,0.0,0.0,0.0,0.0,0.0
4274,0.0,0.0,0.0,0.0,0.0,0.0,0.0,0.0,0.0,0.0,0.0,0.0,0.0,0.0,0.0,0.0,0.0,0.0,0.0,0.0,0.0,0.0,0.0,0.0,0.0,0.0,0.0,0.0,0.0,0.0,0.0,0.0,0.0,0.0,0.0,0.0,0.0,0.0,0.0,0.0,0.0,0.0,0.0,0.0,0.0,0.0,0.0,0.0,0.0,0.0,0.0,0.0,0.0,0.0,0.0,0.0,0.0,0.0,0.0,0.0,0.0,0.0,0.0,0.0
4275,0.0,0.0,0.0,0.0,0.0,0.0,0.0,0.0,0.0,0.0,0.0,0.0,0.0,0.0,0.0,0.0,0.0,0.0,0.0,0.0,0.0,0.0,0.0,0.0,0.0,0.0,0.0,0.0,0.0,0.0,0.0,0.0,0.0,0.0,0.0,0.0,0.0,0.0,0.0,0.0,0.0,0.0,0.0,0.0,0.0,0.0,0.0,0.0,0.0,0.0,0.0,0.0,0.0,0.0,0.0,0.0,0.0,0.0,0.0,0.0,0.0,0.0,0.0,0.0
4276,0.0,0.0,0.0,0.0,0.0,0.0,0.0,0.0,0.0,0.0,0.0,0.0,0.0,0.0,0.0,0.0,0.0,0.0,0.0,0.0,0.0,0.0,0.0,0.0,0.0,0.0,0.0,0.0,0.0,0.0,0.0,0.0,0.0,0.0,0.0,0.0,0.0,0.0,0.0,0.0,0.0,0.0,0.0,0.0,0.0,0.0,0.0,0.0,0.0,0.0,0.0,0.0,0.0,0.0,0.0,0.0,0.0,0.0,0.0,0.0,0.0,0.0,0.0,0.0
4277,0.0,0.0,0.0,0.0,0.0,0.0,0.0,0.0,0.0,0.0,0.0,0.0,0.0,0.0,0.0,0.0,0.0,0.0,0.0,0.0,0.0,0.0,0.0,0.0,0.0,0.0,0.0,0.0,0.0,0.0,0.0,0.0,0.0,0.0,0.0,0.0,0.0,0.0,0.0,0.0,0.0,0.0,0.0,0.0,0.0,0.0,0.0,0.0,0.0,0.0,0.0,0.0,0.0,0.0,0.0,0.0,0.0,0.0,0.0,0.0,0.0,0.0,0.0,0.0
4278,0.0,0.0,0.0,0.0,0.0,0.0,0.0,0.0,0.0,0.0,0.0,0.0,0.0,0.0,0.0,0.0,0.0,0.0,0.0,0.0,0.0,0.0,0.0,0.0,0.0,0.0,0.0,0.0,0.0,0.0,0.0,0.0,0.0,0.0,0.0,0.0,0.0,0.0,0.0,0.0,0.0,0.0,0.0,0.0,0.0,0.0,0.0,0.0,0.0,0.0,0.0,0.0,0.0,0.0,0.0,0.0,0.0,0.0,0.0,0.0,0.0,0.0,0.0,0.0
4279,0.0,0.0,0.0,0.0,0.0,0.0,0.0,0.0,0.0,0.0,0.0,0.0,0.0,0.0,0.0,0.0,0.0,0.0,0.0,0.0,0.0,0.0,0.0,0.0,0.0,0.0,0.0,0.0,0.0,0.0,0.0,0.0,0.0,0.0,0.0,0.0,0.0,0.0,0.0,0.0,0.0,0.0,0.0,0.0,0.0,0.0,0.0,0.0,0.0,0.0,0.0,0.0,0.0,0.0,0.0,0.0,0.0,0.0,0.0,0.0,0.0,0.0,0.0,0.0
4280,0.0,0.0,0.0,0.0,0.0,0.0,0.0,0.0,0.0,0.0,0.0,0.0,0.0,0.0,0.0,0.0,0.0,0.0,0.0,0.0,0.0,0.0,0.0,0.0,0.0,0.0,0.0,0.0,0.0,0.0,0.0,0.0,0.0,0.0,0.0,0.0,0.0,0.0,0.0,0.0,0.0,0.0,0.0,0.0,0.0,0.0,0.0,0.0,0.0,0.0,0.0,0.0,0.0,0.0,0.0,0.0,0.0,0.0,0.0,0.0,0.0,0.0,0.0,0.0
4281,0.0,0.03,0.03,0.0,0.0,0.01,0.0,0.0,0.04,0.02,0.02,0.03,0.01,0.01,0.01,0.01,0.04,0.05,0.05,0.01,0.05,0.02,0.01,0.02,0.01,0.02,0.0,0.0,0.02,0.02,0.02,0.0,0.0,0.0,0.0,0.02,0.04,0.02,0.04,0.01,0.02,0.02,0.02,0.02,0.03,0.02,0.01,0.0,0.0,0.01,0.04,0.02,0.02,0.03,0.03,0.02,0.0,0.02,0.03,0.01,0.04,0.03,0.03,0.04
4282,0.0,0.09,0.06,0.0,0.0,0.06,0.0,0.0,0.14,0.16,0.13,0.13,0.06,0.06,0.04,0.04,0.14,0.13,0.12,0.05,0.16,0.06,0.04,0.1,0.1,0.07,0.0,0.0,0.07,0.09,0.09,0.0,0.0,0.0,0.0,0.07,0.11,0.12,0.09,0.12,0.11,0.09,0.09,0.13,0.12,0.09,0.06,0.0,0.0,0.06,0.1,0.07,0.08,0.09,0.05,0.09,0.0,0.05,0.04,0.04,0.09,0.09,0.07,0.09
4283,0.0,0.48,0.47,0.0,0.0,0.15,0.0,0.0,0.39,0.56,0.53,0.53,0.16,0.16,0.11,0.15,0.53,0.55,0.57,0.19,0.57,0.14,0.1,0.53,0.39,0.48,0.0,0.0,0.49,0.48,0.48,0.0,0.0,0.0,0.0,0.46,0.52,0.53,0.51,0.53,0.52,0.52,0.51,0.52,0.53,0.51,0.24,0.0,0.0,0.25,0.43,0.49,0.39,0.31,0.04,0.36,0.0,0.15,0.23,0.08,0.47,0.39,0.5,0.46
4284,0.0,0.66,0.66,0.0,0.0,0.66,0.0,0.0,0.66,0.1,0.66,0.68,0.2,0.28,0.36,0.56,0.65,0.67,0.69,0.55,0.08,0.32,0.19,0.66,0.68,0.68,0.0,0.0,0.67,0.66,0.66,0.0,0.0,0.0,0.0,0.67,0.67,0.65,0.68,0.67,0.68,0.68,0.68,0.66,0.67,0.68,0.66,0.0,0.0,0.67,0.56,0.68,0.11,0.28,0.07,0.58,0.0,0.26,0.66,0.65,0.69,0.44,0.69,0.68
4285,0.0,0.67,0.67,0.0,0.0,0.67,0.0,0.0,0.67,0.08,0.68,0.7,0.3,0.69,0.67,0.66,0.68,0.69,0.7,0.62,0.08,0.69,0.15,0.68,0.7,0.69,0.0,0.0,0.68,0.68,0.68,0.0,0.0,0.0,0.0,0.68,0.68,0.67,0.69,0.67,0.69,0.69,0.69,0.68,0.68,0.7,0.67,0.0,0.0,0.65,0.7,0.7,0.4,0.71,0.59,0.69,0.0,0.71,0.69,0.58,0.71,0.7,0.7,0.7
4286,0.0,0.7,0.7,0.0,0.0,0.64,0.0,0.0,0.69,0.12,0.69,0.41,0.65,0.69,0.68,0.7,0.54,0.66,0.61,0.69,0.1,0.68,0.43,0.7,0.71,0.71,0.0,0.0,0.7,0.7,0.71,0.0,0.0,0.0,0.0,0.7,0.71,0.7,0.71,0.68,0.72,0.71,0.71,0.7,0.7,0.72,0.66,0.0,0.0,0.65,0.72,0.73,0.73,0.72,0.73,0.7,0.0,0.73,0.72,0.72,0.73,0.71,0.73,0.73
4287,0.0,0.71,0.71,0.0,0.0,0.69,0.0,0.0,0.69,0.67,0.7,0.33,0.71,0.69,0.7,0.7,0.72,0.43,0.28,0.69,0.08,0.69,0.72,0.71,0.67,0.73,0.0,0.0,0.72,0.71,0.72,0.0,0.0,0.0,0.0,0.71,0.72,0.7,0.73,0.37,0.58,0.73,0.72,0.71,0.71,0.73,0.69,0.0,0.0,0.68,0.75,0.74,0.74,0.2,0.74,0.72,0.0,0.44,0.74,0.73,0.74,0.74,0.74,0.74
4288,0.0,0.72,0.72,0.0,0.0,0.71,0.0,0.0,0.69,0.36,0.7,0.73,0.72,0.61,0.71,0.7,0.72,0.26,0.22,0.66,0.74,0.65,0.71,0.72,0.68,0.73,0.0,0.0,0.73,0.72,0.73,0.0,0.0,0.0,0.0,0.72,0.72,0.71,0.74,0.71,0.74,0.73,0.73,0.72,0.72,0.74,0.7,0.0,0.0,0.71,0.39,0.75,0.53,0.06,0.64,0.73,0.0,0.19,0.72,0.33,0.47,0.46,0.75,0.52
4289,0.0,0.72,0.72,0.0,0.0,0.71,0.0,0.0,0.7,0.74,0.7,0.71,0.71,0.56,0.64,0.7,0.72,0.25,0.72,0.69,0.73,0.42,0.33,0.71,0.72,0.73,0.0,0.0,0.72,0.72,0.72,0.0,0.0,0.0,0.0,0.72,0.72,0.72,0.74,0.28,0.74,0.74,0.73,0.72,0.72,0.74,0.7,0.0,0.0,0.71,0.75,0.75,0.74,0.73,0.74,0.74,0.0,0.74,0.74,0.73,0.42,0.75,0.75,0.47
4290,0.0,0.71,0.71,0.0,0.0,0.7,0.0,0.0,0.66,0.73,0.7,0.33,0.58,0.69,0.69,0.69,0.36,0.71,0.72,0.7,0.73,0.69,0.24,0.71,0.73,0.72,0.0,0.0,0.72,0.71,0.72,0.0,0.0,0.0,0.0,0.71,0.72,0.38,0.74,0.24,0.74,0.73,0.73,0.72,0.71,0.74,0.7,0.0,0.0,0.7,0.57,0.75,0.73,0.73,0.44,0.73,0.0,0.73,0.74,0.72,0.74,0.57,0.74,0.74
4291,0.0,0.68,0.68,0.0,0.0,0.68,0.0,0.0,0.69,0.71,0.68,0.71,0.68,0.38,0.68,0.69,0.71,0.21,0.27,0.69,0.7,0.38,0.68,0.7,0.71,0.7,0.0,0.0,0.69,0.69,0.69,0.0,0.0,0.0,0.0,0.7,0.7,0.72,0.71,0.72,0.72,0.71,0.71,0.7,0.7,0.72,0.68,0.0,0.0,0.69,0.73,0.72,0.72,0.71,0.72,0.71,0.0,0.71,0.72,0.22,0.72,0.73,0.72,0.72
4292,0.0,0.19,0.2,0.0,0.0,0.44,0.0,0.0,0.62,0.65,0.62,0.64,0.28,0.5,0.62,0.62,0.64,0.63,0.63,0.62,0.64,0.48,0.16,0.64,0.64,0.63,0.0,0.0,0.62,0.12,0.63,0.0,0.0,0.0,0.0,0.63,0.64,0.66,0.66,0.65,0.67,0.65,0.66,0.64,0.64,0.66,0.38,0.0,0.0,0.47,0.67,0.66,0.66,0.66,0.66,0.66,0.0,0.66,0.67,0.33,0.67,0.67,0.65,0.66
4293,0.0,0.1,0.11,0.0,0.0,0.3,0.0,0.0,0.34,0.33,0.34,0.34,0.15,0.31,0.31,0.31,0.36,0.3,0.3,0.32,0.33,0.3,0.27,0.36,0.29,0.0,0.0,0.0,0.07,0.12,0.02,0.0,0.0,0.0,0.0,0.01,0.37,0.37,0.38,0.37,0.38,0.37,0.38,0.36,0.36,0.39,0.17,0.0,0.0,0.2,0.43,0.13,0.4,0.42,0.14,0.41,0.0,0.41,0.42,0.4,0.42,0.42,0.4,0.42
4294,0.0,0.08,0.07,0.0,0.0,0.06,0.0,0.0,0.05,0.05,0.05,0.05,0.06,0.05,0.05,0.05,0.05,0.05,0.05,0.05,0.05,0.05,0.06,0.05,0.06,0.07,0.0,0.0,0.06,0.08,0.07,0.0,0.0,0.0,0.0,0.01,0.05,0.05,0.06,0.05,0.05,0.04,0.06,0.06,0.05,0.06,0.07,0.0,0.0,0.06,0.05,0.06,0.06,0.05,0.06,0.06,0.0,0.06,0.05,0.06,0.06,0.05,0.06,0.06
4295,0.0,0.02,0.03,0.0,0.0,0.01,0.0,0.0,0.02,0.03,0.02,0.02,0.0,0.01,0.01,0.01,0.03,0.02,0.02,0.01,0.02,0.01,0.0,0.02,0.0,0.02,0.0,0.0,0.02,0.02,0.01,0.0,0.0,0.0,0.0,0.02,0.02,0.03,0.03,0.03,0.03,0.03,0.0,0.0,0.0,0.03,0.01,0.0,0.0,0.01,0.03,0.03,0.03,0.03,0.03,0.03,0.0,0.03,0.03,0.03,0.03,0.03,0.02,0.03
4296,0.0,0.0,0.0,0.0,0.0,0.0,0.0,0.0,0.0,0.0,0.0,0.0,0.0,0.0,0.0,0.0,0.0,0.0,0.0,0.0,0.0,0.0,0.0,0.0,0.0,0.0,0.0,0.0,0.0,0.0,0.0,0.0,0.0,0.0,0.0,0.0,0.0,0.0,0.0,0.0,0.0,0.0,0.0,0.0,0.0,0.0,0.0,0.0,0.0,0.0,0.0,0.0,0.0,0.0,0.0,0.0,0.0,0.0,0.0,0.0,0.0,0.0,0.0,0.0
4297,0.0,0.0,0.0,0.0,0.0,0.0,0.0,0.0,0.0,0.0,0.0,0.0,0.0,0.0,0.0,0.0,0.0,0.0,0.0,0.0,0.0,0.0,0.0,0.0,0.0,0.0,0.0,0.0,0.0,0.0,0.0,0.0,0.0,0.0,0.0,0.0,0.0,0.0,0.0,0.0,0.0,0.0,0.0,0.0,0.0,0.0,0.0,0.0,0.0,0.0,0.0,0.0,0.0,0.0,0.0,0.0,0.0,0.0,0.0,0.0,0.0,0.0,0.0,0.0
4298,0.0,0.0,0.0,0.0,0.0,0.0,0.0,0.0,0.0,0.0,0.0,0.0,0.0,0.0,0.0,0.0,0.0,0.0,0.0,0.0,0.0,0.0,0.0,0.0,0.0,0.0,0.0,0.0,0.0,0.0,0.0,0.0,0.0,0.0,0.0,0.0,0.0,0.0,0.0,0.0,0.0,0.0,0.0,0.0,0.0,0.0,0.0,0.0,0.0,0.0,0.0,0.0,0.0,0.0,0.0,0.0,0.0,0.0,0.0,0.0,0.0,0.0,0.0,0.0
4299,0.0,0.0,0.0,0.0,0.0,0.0,0.0,0.0,0.0,0.0,0.0,0.0,0.0,0.0,0.0,0.0,0.0,0.0,0.0,0.0,0.0,0.0,0.0,0.0,0.0,0.0,0.0,0.0,0.0,0.0,0.0,0.0,0.0,0.0,0.0,0.0,0.0,0.0,0.0,0.0,0.0,0.0,0.0,0.0,0.0,0.0,0.0,0.0,0.0,0.0,0.0,0.0,0.0,0.0,0.0,0.0,0.0,0.0,0.0,0.0,0.0,0.0,0.0,0.0
4300,0.0,0.0,0.0,0.0,0.0,0.0,0.0,0.0,0.0,0.0,0.0,0.0,0.0,0.0,0.0,0.0,0.0,0.0,0.0,0.0,0.0,0.0,0.0,0.0,0.0,0.0,0.0,0.0,0.0,0.0,0.0,0.0,0.0,0.0,0.0,0.0,0.0,0.0,0.0,0.0,0.0,0.0,0.0,0.0,0.0,0.0,0.0,0.0,0.0,0.0,0.0,0.0,0.0,0.0,0.0,0.0,0.0,0.0,0.0,0.0,0.0,0.0,0.0,0.0
4301,0.0,0.0,0.0,0.0,0.0,0.0,0.0,0.0,0.0,0.0,0.0,0.0,0.0,0.0,0.0,0.0,0.0,0.0,0.0,0.0,0.0,0.0,0.0,0.0,0.0,0.0,0.0,0.0,0.0,0.0,0.0,0.0,0.0,0.0,0.0,0.0,0.0,0.0,0.0,0.0,0.0,0.0,0.0,0.0,0.0,0.0,0.0,0.0,0.0,0.0,0.0,0.0,0.0,0.0,0.0,0.0,0.0,0.0,0.0,0.0,0.0,0.0,0.0,0.0
4302,0.0,0.0,0.0,0.0,0.0,0.0,0.0,0.0,0.0,0.0,0.0,0.0,0.0,0.0,0.0,0.0,0.0,0.0,0.0,0.0,0.0,0.0,0.0,0.0,0.0,0.0,0.0,0.0,0.0,0.0,0.0,0.0,0.0,0.0,0.0,0.0,0.0,0.0,0.0,0.0,0.0,0.0,0.0,0.0,0.0,0.0,0.0,0.0,0.0,0.0,0.0,0.0,0.0,0.0,0.0,0.0,0.0,0.0,0.0,0.0,0.0,0.0,0.0,0.0
4303,0.0,0.0,0.0,0.0,0.0,0.0,0.0,0.0,0.0,0.0,0.0,0.0,0.0,0.0,0.0,0.0,0.0,0.0,0.0,0.0,0.0,0.0,0.0,0.0,0.0,0.0,0.0,0.0,0.0,0.0,0.0,0.0,0.0,0.0,0.0,0.0,0.0,0.0,0.0,0.0,0.0,0.0,0.0,0.0,0.0,0.0,0.0,0.0,0.0,0.0,0.0,0.0,0.0,0.0,0.0,0.0,0.0,0.0,0.0,0.0,0.0,0.0,0.0,0.0
4304,0.0,0.0,0.0,0.0,0.0,0.0,0.0,0.0,0.0,0.0,0.0,0.0,0.0,0.0,0.0,0.0,0.0,0.0,0.0,0.0,0.0,0.0,0.0,0.0,0.0,0.0,0.0,0.0,0.0,0.0,0.0,0.0,0.0,0.0,0.0,0.0,0.0,0.0,0.0,0.0,0.0,0.0,0.0,0.0,0.0,0.0,0.0,0.0,0.0,0.0,0.0,0.0,0.0,0.0,0.0,0.0,0.0,0.0,0.0,0.0,0.0,0.0,0.0,0.0
4305,0.0,0.02,0.02,0.0,0.0,0.02,0.0,0.0,0.02,0.03,0.02,0.02,0.02,0.02,0.02,0.02,0.02,0.05,0.03,0.02,0.03,0.02,0.03,0.02,0.02,0.01,0.0,0.0,0.01,0.01,0.01,0.0,0.0,0.0,0.0,0.01,0.02,0.0,0.01,0.0,0.02,0.01,0.02,0.04,0.02,0.02,0.03,0.0,0.0,0.04,0.02,0.03,0.02,0.02,0.04,0.0,0.0,0.02,0.02,0.01,0.02,0.02,0.01,0.02
4306,0.0,0.06,0.06,0.0,0.0,0.04,0.0,0.0,0.14,0.16,0.13,0.09,0.2,0.16,0.16,0.16,0.13,0.02,0.1,0.15,0.16,0.17,0.2,0.12,0.13,0.07,0.0,0.0,0.07,0.07,0.07,0.0,0.0,0.0,0.0,0.09,0.11,0.12,0.09,0.1,0.11,0.09,0.1,0.11,0.12,0.09,0.05,0.0,0.0,0.02,0.08,0.07,0.09,0.07,0.1,0.03,0.0,0.08,0.08,0.04,0.1,0.08,0.07,0.08
4307,0.0,0.45,0.45,0.0,0.0,0.46,0.0,0.0,0.5,0.56,0.49,0.07,0.57,0.53,0.53,0.52,0.19,0.07,0.57,0.51,0.55,0.54,0.21,0.5,0.5,0.46,0.0,0.0,0.47,0.45,0.46,0.0,0.0,0.0,0.0,0.47,0.49,0.49,0.48,0.17,0.5,0.48,0.48,0.48,0.5,0.48,0.46,0.0,0.0,0.3,0.48,0.36,0.48,0.47,0.5,0.46,0.0,0.47,0.48,0.16,0.43,0.48,0.47,0.47
4308,0.0,0.66,0.66,0.0,0.0,0.62,0.0,0.0,0.62,0.68,0.62,0.06,0.31,0.64,0.22,0.46,0.16,0.67,0.68,0.63,0.68,0.64,0.14,0.64,0.22,0.67,0.0,0.0,0.66,0.66,0.66,0.0,0.0,0.0,0.0,0.64,0.64,0.63,0.66,0.67,0.69,0.65,0.65,0.64,0.65,0.67,0.23,0.0,0.0,0.63,0.64,0.68,0.22,0.67,0.68,0.65,0.0,0.67,0.68,0.13,0.68,0.68,0.69,0.67
4309,0.0,0.71,0.71,0.0,0.0,0.65,0.0,0.0,0.68,0.72,0.67,0.72,0.23,0.68,0.69,0.68,0.71,0.27,0.31,0.68,0.72,0.68,0.32,0.68,0.34,0.74,0.0,0.0,0.74,0.7,0.72,0.0,0.0,0.0,0.0,0.69,0.71,0.71,0.73,0.73,0.73,0.72,0.72,0.68,0.7,0.73,0.66,0.0,0.0,0.66,0.66,0.39,0.73,0.72,0.16,0.71,0.0,0.72,0.73,0.23,0.73,0.74,0.74,0.59
4310,0.0,0.72,0.72,0.0,0.0,0.67,0.0,0.0,0.69,0.74,0.56,0.39,0.26,0.63,0.7,0.69,0.46,0.38,0.74,0.7,0.74,0.2,0.72,0.72,0.71,0.76,0.0,0.0,0.74,0.73,0.75,0.0,0.0,0.0,0.0,0.72,0.72,0.74,0.74,0.76,0.75,0.73,0.73,0.72,0.72,0.74,0.68,0.0,0.0,0.68,0.75,0.63,0.52,0.74,0.31,0.73,0.0,0.74,0.74,0.25,0.75,0.75,0.75,0.75
4311,0.0,0.73,0.74,0.0,0.0,0.32,0.0,0.0,0.39,0.75,0.46,0.76,0.14,0.72,0.38,0.44,0.76,0.73,0.75,0.7,0.75,0.72,0.72,0.72,0.72,0.75,0.0,0.0,0.73,0.74,0.73,0.0,0.0,0.0,0.0,0.73,0.74,0.76,0.74,0.76,0.76,0.74,0.75,0.73,0.74,0.75,0.69,0.0,0.0,0.54,0.76,0.59,0.75,0.76,0.76,0.74,0.0,0.76,0.76,0.76,0.76,0.76,0.76,0.76
4312,0.0,0.73,0.74,0.0,0.0,0.69,0.0,0.0,0.72,0.75,0.73,0.76,0.71,0.32,0.71,0.7,0.75,0.74,0.75,0.56,0.76,0.44,0.72,0.72,0.38,0.74,0.0,0.0,0.73,0.73,0.74,0.0,0.0,0.0,0.0,0.73,0.74,0.75,0.74,0.76,0.76,0.74,0.74,0.73,0.73,0.75,0.69,0.0,0.0,0.7,0.76,0.74,0.76,0.76,0.76,0.75,0.0,0.76,0.75,0.76,0.75,0.76,0.76,0.75
4313,0.0,0.73,0.73,0.0,0.0,0.69,0.0,0.0,0.72,0.39,0.72,0.76,0.71,0.7,0.72,0.7,0.74,0.74,0.75,0.66,0.76,0.72,0.72,0.72,0.72,0.74,0.0,0.0,0.72,0.73,0.73,0.0,0.0,0.0,0.0,0.72,0.74,0.74,0.74,0.74,0.74,0.73,0.74,0.71,0.73,0.74,0.68,0.0,0.0,0.69,0.72,0.74,0.76,0.74,0.76,0.74,0.0,0.75,0.72,0.75,0.73,0.72,0.74,0.72
4314,0.0,0.68,0.71,0.0,0.0,0.66,0.0,0.0,0.71,0.75,0.69,0.74,0.7,0.7,0.7,0.43,0.73,0.72,0.74,0.7,0.74,0.18,0.71,0.7,0.7,0.72,0.0,0.0,0.71,0.7,0.7,0.0,0.0,0.0,0.0,0.71,0.71,0.72,0.72,0.73,0.67,0.72,0.72,0.69,0.71,0.72,0.64,0.0,0.0,0.66,0.73,0.73,0.74,0.73,0.74,0.73,0.0,0.74,0.72,0.74,0.73,0.72,0.72,0.72
4315,0.0,0.68,0.67,0.0,0.0,0.65,0.0,0.0,0.67,0.72,0.66,0.71,0.68,0.69,0.68,0.21,0.7,0.7,0.72,0.68,0.71,0.68,0.68,0.69,0.65,0.67,0.0,0.0,0.68,0.69,0.65,0.0,0.0,0.0,0.0,0.69,0.69,0.67,0.69,0.69,0.7,0.7,0.7,0.69,0.68,0.7,0.61,0.0,0.0,0.61,0.66,0.7,0.72,0.71,0.46,0.71,0.0,0.72,0.68,0.71,0.71,0.71,0.7,0.69
4316,0.0,0.46,0.41,0.0,0.0,0.31,0.0,0.0,0.64,0.68,0.63,0.67,0.64,0.64,0.64,0.21,0.26,0.66,0.67,0.64,0.68,0.64,0.64,0.65,0.56,0.62,0.0,0.0,0.6,0.55,0.62,0.0,0.0,0.0,0.0,0.61,0.66,0.66,0.66,0.67,0.67,0.66,0.66,0.64,0.66,0.66,0.37,0.0,0.0,0.41,0.64,0.68,0.7,0.68,0.69,0.68,0.0,0.69,0.63,0.69,0.68,0.63,0.66,0.67
4317,0.0,0.27,0.3,0.0,0.0,0.13,0.0,0.0,0.32,0.32,0.33,0.09,0.27,0.3,0.3,0.31,0.34,0.3,0.31,0.31,0.33,0.29,0.26,0.34,0.18,0.26,0.0,0.0,0.27,0.26,0.24,0.0,0.0,0.0,0.0,0.29,0.34,0.35,0.31,0.33,0.37,0.29,0.35,0.32,0.34,0.36,0.17,0.0,0.0,0.13,0.4,0.41,0.4,0.41,0.38,0.41,0.0,0.4,0.38,0.4,0.39,0.39,0.34,0.39
4318,0.0,0.05,0.05,0.0,0.0,0.06,0.0,0.0,0.04,0.05,0.04,0.05,0.04,0.04,0.05,0.04,0.04,0.04,0.04,0.04,0.05,0.04,0.04,0.05,0.07,0.06,0.0,0.0,0.07,0.05,0.05,0.0,0.0,0.0,0.0,0.08,0.07,0.05,0.07,0.04,0.05,0.08,0.07,0.08,0.05,0.07,0.06,0.0,0.0,0.06,0.07,0.05,0.05,0.05,0.07,0.05,0.0,0.05,0.05,0.05,0.05,0.05,0.07,0.08
4319,0.0,0.01,0.01,0.0,0.0,0.02,0.0,0.0,0.01,0.01,0.01,0.01,0.02,0.01,0.01,0.01,0.01,0.01,0.01,0.01,0.01,0.01,0.0,0.02,0.01,0.02,0.0,0.0,0.03,0.01,0.01,0.0,0.0,0.0,0.0,0.01,0.02,0.01,0.03,0.01,0.01,0.02,0.02,0.02,0.01,0.02,0.02,0.0,0.0,0.02,0.01,0.01,0.01,0.01,0.01,0.01,0.0,0.01,0.0,0.01,0.01,0.02,0.02,0.01
4320,0.0,0.0,0.0,0.0,0.0,0.0,0.0,0.0,0.0,0.0,0.0,0.0,0.0,0.0,0.0,0.0,0.0,0.0,0.0,0.0,0.0,0.0,0.0,0.0,0.0,0.0,0.0,0.0,0.0,0.0,0.0,0.0,0.0,0.0,0.0,0.0,0.0,0.0,0.0,0.0,0.0,0.0,0.0,0.0,0.0,0.0,0.0,0.0,0.0,0.0,0.0,0.0,0.0,0.0,0.0,0.0,0.0,0.0,0.0,0.0,0.0,0.0,0.0,0.0
4321,0.0,0.0,0.0,0.0,0.0,0.0,0.0,0.0,0.0,0.0,0.0,0.0,0.0,0.0,0.0,0.0,0.0,0.0,0.0,0.0,0.0,0.0,0.0,0.0,0.0,0.0,0.0,0.0,0.0,0.0,0.0,0.0,0.0,0.0,0.0,0.0,0.0,0.0,0.0,0.0,0.0,0.0,0.0,0.0,0.0,0.0,0.0,0.0,0.0,0.0,0.0,0.0,0.0,0.0,0.0,0.0,0.0,0.0,0.0,0.0,0.0,0.0,0.0,0.0
4322,0.0,0.0,0.0,0.0,0.0,0.0,0.0,0.0,0.0,0.0,0.0,0.0,0.0,0.0,0.0,0.0,0.0,0.0,0.0,0.0,0.0,0.0,0.0,0.0,0.0,0.0,0.0,0.0,0.0,0.0,0.0,0.0,0.0,0.0,0.0,0.0,0.0,0.0,0.0,0.0,0.0,0.0,0.0,0.0,0.0,0.0,0.0,0.0,0.0,0.0,0.0,0.0,0.0,0.0,0.0,0.0,0.0,0.0,0.0,0.0,0.0,0.0,0.0,0.0
4323,0.0,0.0,0.0,0.0,0.0,0.0,0.0,0.0,0.0,0.0,0.0,0.0,0.0,0.0,0.0,0.0,0.0,0.0,0.0,0.0,0.0,0.0,0.0,0.0,0.0,0.0,0.0,0.0,0.0,0.0,0.0,0.0,0.0,0.0,0.0,0.0,0.0,0.0,0.0,0.0,0.0,0.0,0.0,0.0,0.0,0.0,0.0,0.0,0.0,0.0,0.0,0.0,0.0,0.0,0.0,0.0,0.0,0.0,0.0,0.0,0.0,0.0,0.0,0.0
4324,0.0,0.0,0.0,0.0,0.0,0.0,0.0,0.0,0.0,0.0,0.0,0.0,0.0,0.0,0.0,0.0,0.0,0.0,0.0,0.0,0.0,0.0,0.0,0.0,0.0,0.0,0.0,0.0,0.0,0.0,0.0,0.0,0.0,0.0,0.0,0.0,0.0,0.0,0.0,0.0,0.0,0.0,0.0,0.0,0.0,0.0,0.0,0.0,0.0,0.0,0.0,0.0,0.0,0.0,0.0,0.0,0.0,0.0,0.0,0.0,0.0,0.0,0.0,0.0
4325,0.0,0.0,0.0,0.0,0.0,0.0,0.0,0.0,0.0,0.0,0.0,0.0,0.0,0.0,0.0,0.0,0.0,0.0,0.0,0.0,0.0,0.0,0.0,0.0,0.0,0.0,0.0,0.0,0.0,0.0,0.0,0.0,0.0,0.0,0.0,0.0,0.0,0.0,0.0,0.0,0.0,0.0,0.0,0.0,0.0,0.0,0.0,0.0,0.0,0.0,0.0,0.0,0.0,0.0,0.0,0.0,0.0,0.0,0.0,0.0,0.0,0.0,0.0,0.0
4326,0.0,0.0,0.0,0.0,0.0,0.0,0.0,0.0,0.0,0.0,0.0,0.0,0.0,0.0,0.0,0.0,0.0,0.0,0.0,0.0,0.0,0.0,0.0,0.0,0.0,0.0,0.0,0.0,0.0,0.0,0.0,0.0,0.0,0.0,0.0,0.0,0.0,0.0,0.0,0.0,0.0,0.0,0.0,0.0,0.0,0.0,0.0,0.0,0.0,0.0,0.0,0.0,0.0,0.0,0.0,0.0,0.0,0.0,0.0,0.0,0.0,0.0,0.0,0.0
4327,0.0,0.0,0.0,0.0,0.0,0.0,0.0,0.0,0.0,0.0,0.0,0.0,0.0,0.0,0.0,0.0,0.0,0.0,0.0,0.0,0.0,0.0,0.0,0.0,0.0,0.0,0.0,0.0,0.0,0.0,0.0,0.0,0.0,0.0,0.0,0.0,0.0,0.0,0.0,0.0,0.0,0.0,0.0,0.0,0.0,0.0,0.0,0.0,0.0,0.0,0.0,0.0,0.0,0.0,0.0,0.0,0.0,0.0,0.0,0.0,0.0,0.0,0.0,0.0
4328,0.0,0.0,0.0,0.0,0.0,0.0,0.0,0.0,0.0,0.0,0.0,0.0,0.0,0.0,0.0,0.0,0.0,0.0,0.0,0.0,0.0,0.0,0.0,0.0,0.0,0.0,0.0,0.0,0.0,0.0,0.0,0.0,0.0,0.0,0.0,0.0,0.0,0.0,0.0,0.0,0.0,0.0,0.0,0.0,0.0,0.0,0.0,0.0,0.0,0.0,0.0,0.0,0.0,0.0,0.0,0.0,0.0,0.0,0.0,0.0,0.0,0.0,0.0,0.0
4329,0.0,0.02,0.02,0.0,0.0,0.02,0.0,0.0,0.02,0.03,0.02,0.03,0.03,0.03,0.03,0.03,0.02,0.05,0.04,0.03,0.03,0.03,0.02,0.02,0.02,0.02,0.0,0.0,0.02,0.02,0.02,0.0,0.0,0.0,0.0,0.02,0.02,0.02,0.02,0.02,0.02,0.02,0.02,0.02,0.02,0.02,0.02,0.0,0.0,0.02,0.02,0.02,0.02,0.02,0.02,0.02,0.0,0.02,0.02,0.02,0.02,0.02,0.02,0.02
4330,0.0,0.07,0.07,0.0,0.0,0.1,0.0,0.0,0.14,0.16,0.13,0.14,0.2,0.16,0.16,0.16,0.13,0.18,0.18,0.15,0.16,0.17,0.2,0.12,0.13,0.07,0.0,0.0,0.08,0.08,0.08,0.0,0.0,0.0,0.0,0.09,0.11,0.12,0.09,0.12,0.11,0.1,0.1,0.12,0.12,0.09,0.1,0.0,0.0,0.1,0.08,0.07,0.09,0.08,0.1,0.08,0.0,0.08,0.08,0.09,0.08,0.08,0.08,0.08
4331,0.0,0.45,0.45,0.0,0.0,0.48,0.0,0.0,0.52,0.58,0.51,0.55,0.59,0.55,0.2,0.19,0.54,0.59,0.59,0.11,0.56,0.55,0.6,0.51,0.51,0.46,0.0,0.0,0.46,0.46,0.46,0.0,0.0,0.0,0.0,0.48,0.5,0.53,0.49,0.53,0.52,0.49,0.5,0.51,0.51,0.5,0.48,0.0,0.0,0.49,0.48,0.46,0.49,0.47,0.5,0.46,0.0,0.48,0.48,0.49,0.48,0.48,0.47,0.48
4332,0.0,0.64,0.64,0.0,0.0,0.64,0.0,0.0,0.65,0.71,0.67,0.69,0.67,0.66,0.67,0.67,0.68,0.69,0.7,0.67,0.22,0.67,0.15,0.66,0.65,0.65,0.0,0.0,0.66,0.64,0.65,0.0,0.0,0.0,0.0,0.66,0.66,0.69,0.68,0.69,0.69,0.67,0.67,0.66,0.66,0.68,0.64,0.0,0.0,0.64,0.68,0.66,0.68,0.67,0.68,0.66,0.0,0.67,0.68,0.68,0.67,0.68,0.66,0.68
4333,0.0,0.68,0.7,0.0,0.0,0.68,0.0,0.0,0.69,0.74,0.71,0.73,0.7,0.7,0.7,0.7,0.72,0.72,0.74,0.7,0.52,0.7,0.71,0.7,0.69,0.7,0.0,0.0,0.69,0.68,0.69,0.0,0.0,0.0,0.0,0.7,0.71,0.72,0.72,0.73,0.73,0.71,0.72,0.7,0.7,0.72,0.68,0.0,0.0,0.68,0.73,0.71,0.73,0.72,0.72,0.7,0.0,0.72,0.72,0.72,0.72,0.73,0.71,0.72
4334,0.0,0.69,0.71,0.0,0.0,0.68,0.0,0.0,0.71,0.76,0.71,0.74,0.72,0.71,0.71,0.71,0.74,0.74,0.75,0.7,0.14,0.71,0.72,0.71,0.7,0.71,0.0,0.0,0.69,0.69,0.69,0.0,0.0,0.0,0.0,0.71,0.72,0.74,0.72,0.74,0.74,0.72,0.72,0.71,0.72,0.73,0.68,0.0,0.0,0.69,0.74,0.72,0.74,0.73,0.75,0.71,0.0,0.74,0.74,0.74,0.73,0.74,0.72,0.74
4335,0.0,0.69,0.7,0.0,0.0,0.7,0.0,0.0,0.72,0.23,0.73,0.76,0.73,0.73,0.72,0.72,0.75,0.74,0.75,0.72,0.76,0.72,0.74,0.73,0.71,0.73,0.0,0.0,0.71,0.7,0.72,0.0,0.0,0.0,0.0,0.72,0.73,0.75,0.74,0.76,0.76,0.73,0.74,0.73,0.73,0.74,0.7,0.0,0.0,0.7,0.75,0.74,0.76,0.75,0.76,0.72,0.0,0.75,0.75,0.75,0.75,0.75,0.73,0.74
4336,0.0,0.69,0.7,0.0,0.0,0.68,0.0,0.0,0.72,0.78,0.72,0.75,0.73,0.72,0.72,0.72,0.75,0.75,0.76,0.72,0.31,0.72,0.73,0.73,0.73,0.71,0.0,0.0,0.71,0.7,0.7,0.0,0.0,0.0,0.0,0.72,0.73,0.75,0.74,0.76,0.76,0.73,0.74,0.72,0.73,0.74,0.68,0.0,0.0,0.69,0.75,0.73,0.76,0.75,0.76,0.73,0.0,0.75,0.74,0.75,0.75,0.76,0.73,0.75
4337,0.0,0.71,0.72,0.0,0.0,0.68,0.0,0.0,0.72,0.77,0.72,0.77,0.72,0.72,0.72,0.71,0.75,0.75,0.37,0.71,0.77,0.72,0.73,0.72,0.73,0.73,0.0,0.0,0.71,0.72,0.71,0.0,0.0,0.0,0.0,0.69,0.72,0.76,0.73,0.76,0.76,0.74,0.73,0.72,0.72,0.73,0.68,0.0,0.0,0.67,0.76,0.73,0.76,0.75,0.34,0.73,0.0,0.75,0.75,0.61,0.75,0.76,0.73,0.74
4338,0.0,0.71,0.71,0.0,0.0,0.69,0.0,0.0,0.72,0.76,0.72,0.75,0.72,0.71,0.7,0.71,0.74,0.75,0.76,0.71,0.76,0.72,0.73,0.72,0.67,0.7,0.0,0.0,0.69,0.71,0.7,0.0,0.0,0.0,0.0,0.7,0.72,0.74,0.72,0.75,0.75,0.72,0.72,0.71,0.72,0.73,0.69,0.0,0.0,0.67,0.74,0.72,0.74,0.74,0.75,0.72,0.0,0.74,0.74,0.74,0.74,0.74,0.71,0.28
4339,0.0,0.69,0.69,0.0,0.0,0.68,0.0,0.0,0.7,0.73,0.7,0.73,0.69,0.69,0.69,0.69,0.43,0.73,0.74,0.7,0.74,0.7,0.5,0.7,0.64,0.66,0.0,0.0,0.25,0.69,0.65,0.0,0.0,0.0,0.0,0.64,0.7,0.72,0.67,0.73,0.73,0.64,0.7,0.69,0.7,0.71,0.67,0.0,0.0,0.66,0.73,0.7,0.72,0.71,0.72,0.69,0.0,0.72,0.72,0.71,0.72,0.73,0.34,0.29
4340,0.0,0.64,0.64,0.0,0.0,0.61,0.0,0.0,0.64,0.66,0.64,0.66,0.62,0.64,0.63,0.63,0.65,0.66,0.67,0.63,0.66,0.64,0.64,0.64,0.44,0.64,0.0,0.0,0.61,0.63,0.62,0.0,0.0,0.0,0.0,0.6,0.64,0.66,0.58,0.66,0.67,0.56,0.64,0.63,0.64,0.62,0.61,0.0,0.0,0.61,0.67,0.64,0.66,0.66,0.66,0.64,0.0,0.66,0.66,0.66,0.66,0.67,0.58,0.45
4341,0.0,0.39,0.34,0.0,0.0,0.37,0.0,0.0,0.34,0.34,0.36,0.36,0.29,0.32,0.32,0.32,0.35,0.32,0.33,0.33,0.34,0.32,0.29,0.36,0.28,0.4,0.0,0.0,0.38,0.14,0.4,0.0,0.0,0.0,0.0,0.38,0.38,0.38,0.3,0.38,0.39,0.31,0.39,0.36,0.36,0.36,0.06,0.0,0.0,0.36,0.43,0.39,0.4,0.42,0.4,0.42,0.0,0.42,0.42,0.41,0.42,0.42,0.35,0.42
4342,0.0,0.01,0.05,0.0,0.0,0.07,0.0,0.0,0.04,0.04,0.05,0.04,0.04,0.04,0.04,0.04,0.05,0.04,0.04,0.04,0.04,0.04,0.04,0.04,0.07,0.06,0.0,0.0,0.06,0.07,0.06,0.0,0.0,0.0,0.0,0.07,0.05,0.05,0.05,0.05,0.05,0.05,0.05,0.05,0.05,0.05,0.04,0.0,0.0,0.04,0.05,0.05,0.05,0.05,0.05,0.05,0.0,0.05,0.05,0.05,0.05,0.05,0.06,0.05
4343,0.0,0.02,0.02,0.0,0.0,0.0,0.0,0.0,0.02,0.03,0.02,0.02,0.01,0.02,0.01,0.02,0.02,0.02,0.02,0.02,0.02,0.01,0.01,0.02,0.0,0.02,0.0,0.0,0.02,0.03,0.01,0.0,0.0,0.0,0.0,0.02,0.02,0.02,0.03,0.02,0.02,0.03,0.03,0.02,0.02,0.03,0.0,0.0,0.0,0.0,0.03,0.03,0.03,0.03,0.03,0.03,0.0,0.03,0.03,0.03,0.03,0.03,0.03,0.03
4344,0.0,0.0,0.0,0.0,0.0,0.0,0.0,0.0,0.0,0.0,0.0,0.0,0.0,0.0,0.0,0.0,0.0,0.0,0.0,0.0,0.0,0.0,0.0,0.0,0.0,0.0,0.0,0.0,0.0,0.0,0.0,0.0,0.0,0.0,0.0,0.0,0.0,0.0,0.0,0.0,0.0,0.0,0.0,0.0,0.0,0.0,0.0,0.0,0.0,0.0,0.0,0.0,0.0,0.0,0.0,0.0,0.0,0.0,0.0,0.0,0.0,0.0,0.0,0.0
4345,0.0,0.0,0.0,0.0,0.0,0.0,0.0,0.0,0.0,0.0,0.0,0.0,0.0,0.0,0.0,0.0,0.0,0.0,0.0,0.0,0.0,0.0,0.0,0.0,0.0,0.0,0.0,0.0,0.0,0.0,0.0,0.0,0.0,0.0,0.0,0.0,0.0,0.0,0.0,0.0,0.0,0.0,0.0,0.0,0.0,0.0,0.0,0.0,0.0,0.0,0.0,0.0,0.0,0.0,0.0,0.0,0.0,0.0,0.0,0.0,0.0,0.0,0.0,0.0
4346,0.0,0.0,0.0,0.0,0.0,0.0,0.0,0.0,0.0,0.0,0.0,0.0,0.0,0.0,0.0,0.0,0.0,0.0,0.0,0.0,0.0,0.0,0.0,0.0,0.0,0.0,0.0,0.0,0.0,0.0,0.0,0.0,0.0,0.0,0.0,0.0,0.0,0.0,0.0,0.0,0.0,0.0,0.0,0.0,0.0,0.0,0.0,0.0,0.0,0.0,0.0,0.0,0.0,0.0,0.0,0.0,0.0,0.0,0.0,0.0,0.0,0.0,0.0,0.0
4347,0.0,0.0,0.0,0.0,0.0,0.0,0.0,0.0,0.0,0.0,0.0,0.0,0.0,0.0,0.0,0.0,0.0,0.0,0.0,0.0,0.0,0.0,0.0,0.0,0.0,0.0,0.0,0.0,0.0,0.0,0.0,0.0,0.0,0.0,0.0,0.0,0.0,0.0,0.0,0.0,0.0,0.0,0.0,0.0,0.0,0.0,0.0,0.0,0.0,0.0,0.0,0.0,0.0,0.0,0.0,0.0,0.0,0.0,0.0,0.0,0.0,0.0,0.0,0.0
4348,0.0,0.0,0.0,0.0,0.0,0.0,0.0,0.0,0.0,0.0,0.0,0.0,0.0,0.0,0.0,0.0,0.0,0.0,0.0,0.0,0.0,0.0,0.0,0.0,0.0,0.0,0.0,0.0,0.0,0.0,0.0,0.0,0.0,0.0,0.0,0.0,0.0,0.0,0.0,0.0,0.0,0.0,0.0,0.0,0.0,0.0,0.0,0.0,0.0,0.0,0.0,0.0,0.0,0.0,0.0,0.0,0.0,0.0,0.0,0.0,0.0,0.0,0.0,0.0
4349,0.0,0.0,0.0,0.0,0.0,0.0,0.0,0.0,0.0,0.0,0.0,0.0,0.0,0.0,0.0,0.0,0.0,0.0,0.0,0.0,0.0,0.0,0.0,0.0,0.0,0.0,0.0,0.0,0.0,0.0,0.0,0.0,0.0,0.0,0.0,0.0,0.0,0.0,0.0,0.0,0.0,0.0,0.0,0.0,0.0,0.0,0.0,0.0,0.0,0.0,0.0,0.0,0.0,0.0,0.0,0.0,0.0,0.0,0.0,0.0,0.0,0.0,0.0,0.0
4350,0.0,0.0,0.0,0.0,0.0,0.0,0.0,0.0,0.0,0.0,0.0,0.0,0.0,0.0,0.0,0.0,0.0,0.0,0.0,0.0,0.0,0.0,0.0,0.0,0.0,0.0,0.0,0.0,0.0,0.0,0.0,0.0,0.0,0.0,0.0,0.0,0.0,0.0,0.0,0.0,0.0,0.0,0.0,0.0,0.0,0.0,0.0,0.0,0.0,0.0,0.0,0.0,0.0,0.0,0.0,0.0,0.0,0.0,0.0,0.0,0.0,0.0,0.0,0.0
4351,0.0,0.0,0.0,0.0,0.0,0.0,0.0,0.0,0.0,0.0,0.0,0.0,0.0,0.0,0.0,0.0,0.0,0.0,0.0,0.0,0.0,0.0,0.0,0.0,0.0,0.0,0.0,0.0,0.0,0.0,0.0,0.0,0.0,0.0,0.0,0.0,0.0,0.0,0.0,0.0,0.0,0.0,0.0,0.0,0.0,0.0,0.0,0.0,0.0,0.0,0.0,0.0,0.0,0.0,0.0,0.0,0.0,0.0,0.0,0.0,0.0,0.0,0.0,0.0
4352,0.0,0.0,0.0,0.0,0.0,0.0,0.0,0.0,0.0,0.0,0.0,0.0,0.0,0.0,0.0,0.0,0.0,0.0,0.0,0.0,0.0,0.0,0.0,0.0,0.0,0.0,0.0,0.0,0.0,0.0,0.0,0.0,0.0,0.0,0.0,0.0,0.0,0.0,0.0,0.0,0.0,0.0,0.0,0.0,0.0,0.0,0.0,0.0,0.0,0.0,0.0,0.0,0.0,0.0,0.0,0.0,0.0,0.0,0.0,0.0,0.0,0.0,0.0,0.0
4353,0.0,0.03,0.03,0.0,0.0,0.04,0.0,0.0,0.04,0.03,0.03,0.03,0.03,0.03,0.03,0.03,0.03,0.02,0.02,0.04,0.02,0.03,0.03,0.04,0.04,0.03,0.0,0.0,0.03,0.03,0.03,0.0,0.0,0.0,0.0,0.03,0.03,0.03,0.03,0.03,0.03,0.03,0.03,0.04,0.04,0.03,0.04,0.0,0.0,0.04,0.03,0.03,0.03,0.03,0.03,0.03,0.0,0.03,0.03,0.03,0.03,0.03,0.03,0.03
4354,0.0,0.06,0.06,0.0,0.0,0.1,0.0,0.0,0.13,0.16,0.12,0.14,0.2,0.16,0.16,0.15,0.12,0.18,0.18,0.14,0.16,0.16,0.2,0.12,0.13,0.06,0.0,0.0,0.07,0.06,0.06,0.0,0.0,0.0,0.0,0.08,0.1,0.11,0.08,0.11,0.1,0.09,0.09,0.11,0.11,0.08,0.1,0.0,0.0,0.1,0.06,0.06,0.08,0.06,0.09,0.06,0.0,0.07,0.07,0.08,0.07,0.06,0.07,0.07
4355,0.0,0.47,0.46,0.0,0.0,0.49,0.0,0.0,0.53,0.58,0.51,0.57,0.6,0.56,0.56,0.55,0.54,0.6,0.6,0.54,0.57,0.57,0.6,0.5,0.52,0.47,0.0,0.0,0.47,0.47,0.47,0.0,0.0,0.0,0.0,0.49,0.5,0.52,0.49,0.52,0.5,0.49,0.49,0.5,0.5,0.49,0.49,0.0,0.0,0.49,0.46,0.47,0.48,0.46,0.49,0.45,0.0,0.46,0.46,0.47,0.47,0.46,0.48,0.46
4356,0.0,0.67,0.67,0.0,0.0,0.67,0.0,0.0,0.66,0.7,0.65,0.72,0.68,0.68,0.67,0.66,0.68,0.71,0.72,0.66,0.7,0.68,0.69,0.64,0.68,0.68,0.0,0.0,0.66,0.68,0.67,0.0,0.0,0.0,0.0,0.67,0.64,0.68,0.67,0.69,0.66,0.67,0.66,0.66,0.64,0.67,0.67,0.0,0.0,0.67,0.66,0.67,0.66,0.65,0.66,0.64,0.0,0.65,0.65,0.65,0.67,0.66,0.67,0.66
4357,0.0,0.71,0.72,0.0,0.0,0.71,0.0,0.0,0.68,0.73,0.67,0.74,0.7,0.71,0.7,0.69,0.72,0.73,0.74,0.7,0.72,0.72,0.7,0.66,0.72,0.72,0.0,0.0,0.7,0.72,0.71,0.0,0.0,0.0,0.0,0.71,0.66,0.71,0.7,0.72,0.7,0.7,0.69,0.68,0.66,0.7,0.71,0.0,0.0,0.71,0.7,0.71,0.68,0.68,0.7,0.67,0.0,0.68,0.7,0.68,0.71,0.7,0.71,0.7
4358,0.0,0.73,0.73,0.0,0.0,0.72,0.0,0.0,0.7,0.74,0.68,0.74,0.71,0.72,0.71,0.71,0.72,0.73,0.74,0.71,0.73,0.72,0.72,0.66,0.73,0.73,0.0,0.0,0.71,0.73,0.72,0.0,0.0,0.0,0.0,0.72,0.66,0.72,0.72,0.73,0.71,0.71,0.7,0.69,0.66,0.72,0.72,0.0,0.0,0.72,0.71,0.72,0.69,0.69,0.71,0.68,0.0,0.68,0.71,0.69,0.72,0.71,0.72,0.72
4359,0.0,0.73,0.74,0.0,0.0,0.74,0.0,0.0,0.71,0.75,0.69,0.74,0.72,0.72,0.72,0.71,0.72,0.72,0.74,0.71,0.74,0.72,0.72,0.67,0.74,0.73,0.0,0.0,0.73,0.73,0.73,0.0,0.0,0.0,0.0,0.72,0.67,0.73,0.72,0.73,0.71,0.72,0.71,0.7,0.67,0.73,0.73,0.0,0.0,0.73,0.72,0.73,0.7,0.69,0.72,0.68,0.0,0.69,0.72,0.71,0.72,0.71,0.73,0.72
4360,0.0,0.73,0.74,0.0,0.0,0.73,0.0,0.0,0.71,0.75,0.69,0.72,0.72,0.72,0.71,0.7,0.72,0.72,0.74,0.71,0.74,0.72,0.72,0.67,0.74,0.74,0.0,0.0,0.72,0.74,0.73,0.0,0.0,0.0,0.0,0.73,0.67,0.73,0.73,0.73,0.7,0.73,0.71,0.7,0.68,0.73,0.74,0.0,0.0,0.74,0.71,0.73,0.7,0.7,0.73,0.68,0.0,0.69,0.72,0.71,0.73,0.71,0.74,0.73
4361,0.0,0.72,0.73,0.0,0.0,0.72,0.0,0.0,0.7,0.75,0.69,0.72,0.71,0.7,0.71,0.7,0.71,0.72,0.73,0.7,0.74,0.7,0.7,0.68,0.74,0.73,0.0,0.0,0.72,0.72,0.72,0.0,0.0,0.0,0.0,0.72,0.67,0.71,0.72,0.72,0.7,0.72,0.71,0.7,0.67,0.72,0.72,0.0,0.0,0.72,0.7,0.72,0.7,0.7,0.73,0.69,0.0,0.69,0.71,0.71,0.72,0.71,0.73,0.72
4362,0.0,0.71,0.71,0.0,0.0,0.72,0.0,0.0,0.68,0.73,0.67,0.7,0.68,0.69,0.68,0.72,0.68,0.71,0.72,0.68,0.72,0.67,0.68,0.68,0.72,0.72,0.0,0.0,0.71,0.71,0.71,0.0,0.0,0.0,0.0,0.7,0.66,0.69,0.7,0.7,0.67,0.7,0.69,0.7,0.67,0.7,0.71,0.0,0.0,0.71,0.7,0.71,0.68,0.69,0.71,0.67,0.0,0.68,0.7,0.7,0.71,0.7,0.72,0.71
4363,0.0,0.69,0.69,0.0,0.0,0.7,0.0,0.0,0.66,0.7,0.64,0.67,0.64,0.67,0.67,0.69,0.64,0.68,0.7,0.66,0.7,0.65,0.67,0.69,0.7,0.7,0.0,0.0,0.69,0.7,0.7,0.0,0.0,0.0,0.0,0.68,0.63,0.68,0.67,0.67,0.65,0.68,0.67,0.68,0.65,0.68,0.69,0.0,0.0,0.69,0.69,0.7,0.66,0.67,0.68,0.65,0.0,0.66,0.68,0.68,0.68,0.68,0.7,0.68
4364,0.0,0.64,0.64,0.0,0.0,0.64,0.0,0.0,0.6,0.62,0.6,0.6,0.6,0.6,0.63,0.64,0.6,0.62,0.63,0.62,0.63,0.6,0.61,0.64,0.63,0.65,0.0,0.0,0.64,0.64,0.64,0.0,0.0,0.0,0.0,0.63,0.58,0.63,0.62,0.61,0.62,0.62,0.63,0.64,0.64,0.62,0.64,0.0,0.0,0.64,0.63,0.64,0.62,0.61,0.64,0.6,0.0,0.61,0.64,0.63,0.62,0.62,0.64,0.63
4365,0.0,0.4,0.4,0.0,0.0,0.37,0.0,0.0,0.33,0.32,0.34,0.33,0.27,0.31,0.31,0.32,0.33,0.3,0.3,0.33,0.33,0.3,0.27,0.35,0.34,0.41,0.0,0.0,0.39,0.4,0.4,0.0,0.0,0.0,0.0,0.38,0.35,0.36,0.37,0.35,0.36,0.37,0.37,0.35,0.36,0.37,0.37,0.0,0.0,0.37,0.39,0.41,0.38,0.39,0.38,0.4,0.0,0.38,0.4,0.39,0.38,0.39,0.4,0.39
4366,0.0,0.05,0.05,0.0,0.0,0.06,0.0,0.0,0.05,0.05,0.05,0.05,0.04,0.05,0.05,0.06,0.05,0.05,0.05,0.05,0.05,0.05,0.04,0.05,0.06,0.06,0.0,0.0,0.05,0.05,0.06,0.0,0.0,0.0,0.0,0.05,0.05,0.05,0.05,0.05,0.05,0.05,0.05,0.05,0.05,0.05,0.06,0.0,0.0,0.06,0.05,0.06,0.05,0.05,0.05,0.06,0.0,0.05,0.05,0.05,0.05,0.05,0.06,0.05
4367,0.0,0.02,0.03,0.0,0.0,0.01,0.0,0.0,0.01,0.01,0.01,0.01,0.02,0.01,0.01,0.01,0.01,0.01,0.01,0.01,0.01,0.01,0.03,0.01,0.03,0.02,0.0,0.0,0.01,0.02,0.01,0.0,0.0,0.0,0.0,0.01,0.01,0.01,0.01,0.01,0.01,0.01,0.01,0.01,0.01,0.01,0.01,0.0,0.0,0.01,0.01,0.02,0.01,0.01,0.01,0.01,0.0,0.01,0.01,0.01,0.02,0.01,0.01,0.02
4368,0.0,0.0,0.0,0.0,0.0,0.0,0.0,0.0,0.0,0.0,0.0,0.0,0.0,0.0,0.0,0.0,0.0,0.0,0.0,0.0,0.0,0.0,0.0,0.0,0.0,0.0,0.0,0.0,0.0,0.0,0.0,0.0,0.0,0.0,0.0,0.0,0.0,0.0,0.0,0.0,0.0,0.0,0.0,0.0,0.0,0.0,0.0,0.0,0.0,0.0,0.0,0.0,0.0,0.0,0.0,0.0,0.0,0.0,0.0,0.0,0.0,0.0,0.0,0.0
4369,0.0,0.0,0.0,0.0,0.0,0.0,0.0,0.0,0.0,0.0,0.0,0.0,0.0,0.0,0.0,0.0,0.0,0.0,0.0,0.0,0.0,0.0,0.0,0.0,0.0,0.0,0.0,0.0,0.0,0.0,0.0,0.0,0.0,0.0,0.0,0.0,0.0,0.0,0.0,0.0,0.0,0.0,0.0,0.0,0.0,0.0,0.0,0.0,0.0,0.0,0.0,0.0,0.0,0.0,0.0,0.0,0.0,0.0,0.0,0.0,0.0,0.0,0.0,0.0
4370,0.0,0.0,0.0,0.0,0.0,0.0,0.0,0.0,0.0,0.0,0.0,0.0,0.0,0.0,0.0,0.0,0.0,0.0,0.0,0.0,0.0,0.0,0.0,0.0,0.0,0.0,0.0,0.0,0.0,0.0,0.0,0.0,0.0,0.0,0.0,0.0,0.0,0.0,0.0,0.0,0.0,0.0,0.0,0.0,0.0,0.0,0.0,0.0,0.0,0.0,0.0,0.0,0.0,0.0,0.0,0.0,0.0,0.0,0.0,0.0,0.0,0.0,0.0,0.0
4371,0.0,0.0,0.0,0.0,0.0,0.0,0.0,0.0,0.0,0.0,0.0,0.0,0.0,0.0,0.0,0.0,0.0,0.0,0.0,0.0,0.0,0.0,0.0,0.0,0.0,0.0,0.0,0.0,0.0,0.0,0.0,0.0,0.0,0.0,0.0,0.0,0.0,0.0,0.0,0.0,0.0,0.0,0.0,0.0,0.0,0.0,0.0,0.0,0.0,0.0,0.0,0.0,0.0,0.0,0.0,0.0,0.0,0.0,0.0,0.0,0.0,0.0,0.0,0.0
4372,0.0,0.0,0.0,0.0,0.0,0.0,0.0,0.0,0.0,0.0,0.0,0.0,0.0,0.0,0.0,0.0,0.0,0.0,0.0,0.0,0.0,0.0,0.0,0.0,0.0,0.0,0.0,0.0,0.0,0.0,0.0,0.0,0.0,0.0,0.0,0.0,0.0,0.0,0.0,0.0,0.0,0.0,0.0,0.0,0.0,0.0,0.0,0.0,0.0,0.0,0.0,0.0,0.0,0.0,0.0,0.0,0.0,0.0,0.0,0.0,0.0,0.0,0.0,0.0
4373,0.0,0.0,0.0,0.0,0.0,0.0,0.0,0.0,0.0,0.0,0.0,0.0,0.0,0.0,0.0,0.0,0.0,0.0,0.0,0.0,0.0,0.0,0.0,0.0,0.0,0.0,0.0,0.0,0.0,0.0,0.0,0.0,0.0,0.0,0.0,0.0,0.0,0.0,0.0,0.0,0.0,0.0,0.0,0.0,0.0,0.0,0.0,0.0,0.0,0.0,0.0,0.0,0.0,0.0,0.0,0.0,0.0,0.0,0.0,0.0,0.0,0.0,0.0,0.0
4374,0.0,0.0,0.0,0.0,0.0,0.0,0.0,0.0,0.0,0.0,0.0,0.0,0.0,0.0,0.0,0.0,0.0,0.0,0.0,0.0,0.0,0.0,0.0,0.0,0.0,0.0,0.0,0.0,0.0,0.0,0.0,0.0,0.0,0.0,0.0,0.0,0.0,0.0,0.0,0.0,0.0,0.0,0.0,0.0,0.0,0.0,0.0,0.0,0.0,0.0,0.0,0.0,0.0,0.0,0.0,0.0,0.0,0.0,0.0,0.0,0.0,0.0,0.0,0.0
4375,0.0,0.0,0.0,0.0,0.0,0.0,0.0,0.0,0.0,0.0,0.0,0.0,0.0,0.0,0.0,0.0,0.0,0.0,0.0,0.0,0.0,0.0,0.0,0.0,0.0,0.0,0.0,0.0,0.0,0.0,0.0,0.0,0.0,0.0,0.0,0.0,0.0,0.0,0.0,0.0,0.0,0.0,0.0,0.0,0.0,0.0,0.0,0.0,0.0,0.0,0.0,0.0,0.0,0.0,0.0,0.0,0.0,0.0,0.0,0.0,0.0,0.0,0.0,0.0
4376,0.0,0.0,0.0,0.0,0.0,0.0,0.0,0.0,0.0,0.0,0.0,0.0,0.0,0.0,0.0,0.0,0.0,0.0,0.0,0.0,0.0,0.0,0.0,0.0,0.0,0.0,0.0,0.0,0.0,0.0,0.0,0.0,0.0,0.0,0.0,0.0,0.0,0.0,0.0,0.0,0.0,0.0,0.0,0.0,0.0,0.0,0.0,0.0,0.0,0.0,0.0,0.0,0.0,0.0,0.0,0.0,0.0,0.0,0.0,0.0,0.0,0.0,0.0,0.0
4377,0.0,0.03,0.03,0.0,0.0,0.04,0.0,0.0,0.04,0.03,0.04,0.02,0.02,0.03,0.02,0.03,0.04,0.02,0.03,0.02,0.03,0.02,0.03,0.04,0.03,0.02,0.0,0.0,0.04,0.03,0.03,0.0,0.0,0.0,0.0,0.04,0.04,0.04,0.04,0.04,0.04,0.04,0.04,0.04,0.04,0.04,0.04,0.0,0.0,0.04,0.04,0.03,0.04,0.04,0.04,0.04,0.0,0.04,0.04,0.04,0.04,0.04,0.03,0.04
4378,0.0,0.09,0.07,0.0,0.0,0.1,0.0,0.0,0.14,0.16,0.13,0.14,0.19,0.16,0.18,0.16,0.13,0.19,0.19,0.14,0.17,0.17,0.22,0.13,0.13,0.1,0.0,0.0,0.1,0.09,0.1,0.0,0.0,0.0,0.0,0.11,0.12,0.13,0.09,0.13,0.12,0.09,0.1,0.12,0.13,0.08,0.1,0.0,0.0,0.11,0.09,0.1,0.11,0.09,0.11,0.09,0.0,0.1,0.09,0.1,0.1,0.1,0.1,0.1
4379,0.0,0.42,0.37,0.0,0.0,0.47,0.0,0.0,0.47,0.53,0.47,0.38,0.6,0.52,0.54,0.5,0.46,0.59,0.6,0.47,0.53,0.55,0.6,0.49,0.41,0.49,0.0,0.0,0.44,0.44,0.48,0.0,0.0,0.0,0.0,0.41,0.47,0.46,0.4,0.47,0.37,0.42,0.42,0.49,0.47,0.41,0.46,0.0,0.0,0.47,0.42,0.4,0.44,0.4,0.49,0.39,0.0,0.38,0.42,0.44,0.38,0.41,0.4,0.41
4380,0.0,0.57,0.62,0.0,0.0,0.45,0.0,0.0,0.63,0.64,0.53,0.63,0.63,0.57,0.58,0.62,0.61,0.61,0.59,0.64,0.65,0.54,0.64,0.57,0.65,0.59,0.0,0.0,0.64,0.61,0.6,0.0,0.0,0.0,0.0,0.63,0.59,0.44,0.54,0.46,0.54,0.56,0.51,0.57,0.57,0.55,0.5,0.0,0.0,0.52,0.6,0.58,0.56,0.62,0.6,0.5,0.0,0.59,0.57,0.56,0.56,0.62,0.62,0.53
4381,0.0,0.63,0.67,0.0,0.0,0.66,0.0,0.0,0.58,0.69,0.59,0.64,0.66,0.7,0.65,0.68,0.67,0.68,0.67,0.66,0.61,0.7,0.66,0.65,0.68,0.67,0.0,0.0,0.61,0.62,0.7,0.0,0.0,0.0,0.0,0.58,0.61,0.68,0.65,0.66,0.64,0.66,0.59,0.62,0.64,0.64,0.67,0.0,0.0,0.66,0.53,0.71,0.64,0.68,0.63,0.68,0.0,0.67,0.53,0.6,0.7,0.58,0.69,0.6
4382,0.0,0.71,0.7,0.0,0.0,0.72,0.0,0.0,0.7,0.69,0.68,0.72,0.63,0.7,0.71,0.68,0.69,0.72,0.73,0.66,0.7,0.71,0.62,0.65,0.7,0.72,0.0,0.0,0.69,0.71,0.71,0.0,0.0,0.0,0.0,0.74,0.65,0.7,0.68,0.7,0.64,0.72,0.72,0.66,0.66,0.73,0.71,0.0,0.0,0.7,0.65,0.38,0.72,0.7,0.73,0.72,0.0,0.72,0.64,0.72,0.74,0.62,0.6,0.72
4383,0.0,0.68,0.64,0.0,0.0,0.66,0.0,0.0,0.7,0.49,0.68,0.74,0.68,0.72,0.7,0.7,0.68,0.68,0.67,0.71,0.72,0.72,0.64,0.7,0.74,0.75,0.0,0.0,0.73,0.72,0.74,0.0,0.0,0.0,0.0,0.74,0.73,0.71,0.62,0.72,0.69,0.56,0.46,0.73,0.71,0.44,0.68,0.0,0.0,0.66,0.74,0.71,0.74,0.72,0.74,0.72,0.0,0.74,0.72,0.72,0.5,0.74,0.75,0.65
4384,0.0,0.31,0.21,0.0,0.0,0.61,0.0,0.0,0.7,0.7,0.7,0.75,0.7,0.71,0.72,0.73,0.72,0.72,0.69,0.71,0.72,0.71,0.7,0.74,0.74,0.74,0.0,0.0,0.71,0.71,0.73,0.0,0.0,0.0,0.0,0.74,0.64,0.74,0.75,0.75,0.74,0.75,0.72,0.55,0.73,0.76,0.62,0.0,0.0,0.64,0.65,0.7,0.74,0.75,0.74,0.73,0.0,0.73,0.73,0.74,0.75,0.73,0.75,0.74
4385,0.0,0.25,0.18,0.0,0.0,0.48,0.0,0.0,0.74,0.73,0.73,0.76,0.7,0.73,0.65,0.71,0.73,0.73,0.73,0.73,0.71,0.73,0.69,0.66,0.72,0.44,0.0,0.0,0.28,0.17,0.53,0.0,0.0,0.0,0.0,0.73,0.59,0.75,0.68,0.75,0.75,0.68,0.72,0.75,0.63,0.7,0.35,0.0,0.0,0.37,0.76,0.72,0.75,0.75,0.74,0.72,0.0,0.75,0.75,0.74,0.73,0.76,0.62,0.74
4386,0.0,0.35,0.12,0.0,0.0,0.38,0.0,0.0,0.73,0.72,0.74,0.74,0.71,0.7,0.72,0.73,0.74,0.73,0.74,0.72,0.7,0.7,0.71,0.7,0.44,0.08,0.0,0.0,0.4,0.18,0.1,0.0,0.0,0.0,0.0,0.41,0.75,0.75,0.71,0.75,0.73,0.72,0.73,0.75,0.71,0.74,0.4,0.0,0.0,0.17,0.74,0.2,0.74,0.73,0.73,0.71,0.0,0.73,0.74,0.74,0.74,0.74,0.44,0.73
4387,0.0,0.05,0.04,0.0,0.0,0.14,0.0,0.0,0.72,0.68,0.72,0.73,0.69,0.7,0.7,0.71,0.73,0.7,0.72,0.71,0.71,0.7,0.69,0.67,0.48,0.09,0.0,0.0,0.22,0.07,0.14,0.0,0.0,0.0,0.0,0.21,0.72,0.74,0.23,0.74,0.74,0.29,0.38,0.72,0.68,0.29,0.16,0.0,0.0,0.17,0.72,0.51,0.73,0.71,0.71,0.69,0.0,0.72,0.71,0.72,0.71,0.72,0.38,0.71
4388,0.0,0.05,0.04,0.0,0.0,0.11,0.0,0.0,0.7,0.64,0.7,0.7,0.65,0.67,0.67,0.68,0.7,0.67,0.68,0.69,0.67,0.67,0.65,0.65,0.58,0.02,0.0,0.0,0.23,0.05,0.04,0.0,0.0,0.0,0.0,0.32,0.68,0.72,0.18,0.72,0.71,0.17,0.35,0.34,0.68,0.21,0.58,0.0,0.0,0.14,0.69,0.64,0.7,0.68,0.69,0.65,0.0,0.68,0.68,0.7,0.68,0.69,0.09,0.68
4389,0.0,0.02,0.01,0.0,0.0,0.02,0.0,0.0,0.38,0.33,0.38,0.37,0.3,0.34,0.34,0.35,0.39,0.32,0.33,0.36,0.35,0.34,0.3,0.38,0.2,0.03,0.0,0.0,0.04,0.02,0.02,0.0,0.0,0.0,0.0,0.08,0.36,0.4,0.07,0.4,0.41,0.27,0.32,0.29,0.37,0.1,0.03,0.0,0.0,0.05,0.43,0.03,0.42,0.43,0.41,0.42,0.0,0.43,0.42,0.42,0.43,0.43,0.03,0.43
4390,0.0,0.0,0.0,0.0,0.0,0.0,0.0,0.0,0.05,0.06,0.05,0.04,0.04,0.04,0.04,0.06,0.05,0.04,0.04,0.04,0.06,0.04,0.04,0.06,0.07,0.0,0.0,0.0,0.01,0.0,0.01,0.0,0.0,0.0,0.0,0.01,0.05,0.05,0.01,0.05,0.05,0.01,0.01,0.07,0.05,0.01,0.0,0.0,0.0,0.01,0.05,0.01,0.05,0.05,0.05,0.05,0.0,0.05,0.05,0.05,0.05,0.06,0.01,0.05
4391,0.0,0.0,0.0,0.0,0.0,0.0,0.0,0.0,0.02,0.03,0.02,0.02,0.01,0.01,0.02,0.02,0.02,0.02,0.02,0.02,0.02,0.01,0.01,0.02,0.0,0.0,0.0,0.0,0.0,0.0,0.0,0.0,0.0,0.0,0.0,0.0,0.02,0.02,0.0,0.02,0.02,0.0,0.0,0.0,0.02,0.0,0.0,0.0,0.0,0.0,0.03,0.0,0.03,0.03,0.03,0.03,0.0,0.03,0.03,0.03,0.0,0.03,0.0,0.03
4392,0.0,0.0,0.0,0.0,0.0,0.0,0.0,0.0,0.0,0.0,0.0,0.0,0.0,0.0,0.0,0.0,0.0,0.0,0.0,0.0,0.0,0.0,0.0,0.0,0.0,0.0,0.0,0.0,0.0,0.0,0.0,0.0,0.0,0.0,0.0,0.0,0.0,0.0,0.0,0.0,0.0,0.0,0.0,0.0,0.0,0.0,0.0,0.0,0.0,0.0,0.0,0.0,0.0,0.0,0.0,0.0,0.0,0.0,0.0,0.0,0.0,0.0,0.0,0.0
4393,0.0,0.0,0.0,0.0,0.0,0.0,0.0,0.0,0.0,0.0,0.0,0.0,0.0,0.0,0.0,0.0,0.0,0.0,0.0,0.0,0.0,0.0,0.0,0.0,0.0,0.0,0.0,0.0,0.0,0.0,0.0,0.0,0.0,0.0,0.0,0.0,0.0,0.0,0.0,0.0,0.0,0.0,0.0,0.0,0.0,0.0,0.0,0.0,0.0,0.0,0.0,0.0,0.0,0.0,0.0,0.0,0.0,0.0,0.0,0.0,0.0,0.0,0.0,0.0
4394,0.0,0.0,0.0,0.0,0.0,0.0,0.0,0.0,0.0,0.0,0.0,0.0,0.0,0.0,0.0,0.0,0.0,0.0,0.0,0.0,0.0,0.0,0.0,0.0,0.0,0.0,0.0,0.0,0.0,0.0,0.0,0.0,0.0,0.0,0.0,0.0,0.0,0.0,0.0,0.0,0.0,0.0,0.0,0.0,0.0,0.0,0.0,0.0,0.0,0.0,0.0,0.0,0.0,0.0,0.0,0.0,0.0,0.0,0.0,0.0,0.0,0.0,0.0,0.0
4395,0.0,0.0,0.0,0.0,0.0,0.0,0.0,0.0,0.0,0.0,0.0,0.0,0.0,0.0,0.0,0.0,0.0,0.0,0.0,0.0,0.0,0.0,0.0,0.0,0.0,0.0,0.0,0.0,0.0,0.0,0.0,0.0,0.0,0.0,0.0,0.0,0.0,0.0,0.0,0.0,0.0,0.0,0.0,0.0,0.0,0.0,0.0,0.0,0.0,0.0,0.0,0.0,0.0,0.0,0.0,0.0,0.0,0.0,0.0,0.0,0.0,0.0,0.0,0.0
4396,0.0,0.0,0.0,0.0,0.0,0.0,0.0,0.0,0.0,0.0,0.0,0.0,0.0,0.0,0.0,0.0,0.0,0.0,0.0,0.0,0.0,0.0,0.0,0.0,0.0,0.0,0.0,0.0,0.0,0.0,0.0,0.0,0.0,0.0,0.0,0.0,0.0,0.0,0.0,0.0,0.0,0.0,0.0,0.0,0.0,0.0,0.0,0.0,0.0,0.0,0.0,0.0,0.0,0.0,0.0,0.0,0.0,0.0,0.0,0.0,0.0,0.0,0.0,0.0
4397,0.0,0.0,0.0,0.0,0.0,0.0,0.0,0.0,0.0,0.0,0.0,0.0,0.0,0.0,0.0,0.0,0.0,0.0,0.0,0.0,0.0,0.0,0.0,0.0,0.0,0.0,0.0,0.0,0.0,0.0,0.0,0.0,0.0,0.0,0.0,0.0,0.0,0.0,0.0,0.0,0.0,0.0,0.0,0.0,0.0,0.0,0.0,0.0,0.0,0.0,0.0,0.0,0.0,0.0,0.0,0.0,0.0,0.0,0.0,0.0,0.0,0.0,0.0,0.0
4398,0.0,0.0,0.0,0.0,0.0,0.0,0.0,0.0,0.0,0.0,0.0,0.0,0.0,0.0,0.0,0.0,0.0,0.0,0.0,0.0,0.0,0.0,0.0,0.0,0.0,0.0,0.0,0.0,0.0,0.0,0.0,0.0,0.0,0.0,0.0,0.0,0.0,0.0,0.0,0.0,0.0,0.0,0.0,0.0,0.0,0.0,0.0,0.0,0.0,0.0,0.0,0.0,0.0,0.0,0.0,0.0,0.0,0.0,0.0,0.0,0.0,0.0,0.0,0.0
4399,0.0,0.0,0.0,0.0,0.0,0.0,0.0,0.0,0.0,0.0,0.0,0.0,0.0,0.0,0.0,0.0,0.0,0.0,0.0,0.0,0.0,0.0,0.0,0.0,0.0,0.0,0.0,0.0,0.0,0.0,0.0,0.0,0.0,0.0,0.0,0.0,0.0,0.0,0.0,0.0,0.0,0.0,0.0,0.0,0.0,0.0,0.0,0.0,0.0,0.0,0.0,0.0,0.0,0.0,0.0,0.0,0.0,0.0,0.0,0.0,0.0,0.0,0.0,0.0
4400,0.0,0.0,0.0,0.0,0.0,0.0,0.0,0.0,0.0,0.0,0.0,0.0,0.0,0.0,0.0,0.0,0.0,0.0,0.0,0.0,0.0,0.0,0.0,0.0,0.0,0.0,0.0,0.0,0.0,0.0,0.0,0.0,0.0,0.0,0.0,0.0,0.0,0.0,0.0,0.0,0.0,0.0,0.0,0.0,0.0,0.0,0.0,0.0,0.0,0.0,0.0,0.0,0.0,0.0,0.0,0.0,0.0,0.0,0.0,0.0,0.0,0.0,0.0,0.0
4401,0.0,0.0,0.0,0.0,0.0,0.0,0.0,0.0,0.0,0.02,0.0,0.01,0.06,0.05,0.01,0.0,0.0,0.02,0.02,0.0,0.02,0.05,0.04,0.0,0.04,0.0,0.0,0.0,0.0,0.0,0.0,0.0,0.0,0.0,0.0,0.0,0.0,0.0,0.0,0.0,0.0,0.0,0.0,0.0,0.0,0.0,0.01,0.0,0.0,0.0,0.0,0.01,0.0,0.0,0.0,0.0,0.0,0.0,0.01,0.0,0.0,0.01,0.0,0.0
4402,0.0,0.02,0.03,0.0,0.0,0.02,0.0,0.0,0.04,0.16,0.13,0.02,0.12,0.05,0.01,0.01,0.0,0.18,0.18,0.01,0.15,0.09,0.2,0.0,0.12,0.01,0.0,0.0,0.01,0.02,0.01,0.0,0.0,0.0,0.0,0.02,0.01,0.0,0.03,0.0,0.01,0.09,0.02,0.05,0.0,0.01,0.02,0.0,0.0,0.02,0.01,0.0,0.0,0.04,0.01,0.0,0.0,0.02,0.01,0.01,0.0,0.01,0.03,0.01
4403,0.0,0.0,0.01,0.0,0.0,0.01,0.0,0.0,0.03,0.59,0.0,0.02,0.35,0.08,0.56,0.52,0.01,0.59,0.61,0.48,0.58,0.04,0.43,0.04,0.51,0.0,0.0,0.0,0.03,0.0,0.01,0.0,0.0,0.0,0.0,0.18,0.01,0.0,0.06,0.0,0.01,0.06,0.03,0.08,0.02,0.04,0.01,0.0,0.0,0.02,0.03,0.0,0.05,0.14,0.03,0.09,0.0,0.1,0.04,0.02,0.04,0.02,0.01,0.05
4404,0.0,0.03,0.02,0.0,0.0,0.02,0.0,0.0,0.01,0.7,0.01,0.02,0.24,0.34,0.23,0.03,0.02,0.69,0.7,0.03,0.13,0.44,0.53,0.23,0.3,0.02,0.0,0.0,0.02,0.07,0.01,0.0,0.0,0.0,0.0,0.21,0.06,0.06,0.05,0.02,0.01,0.07,0.06,0.1,0.09,0.07,0.02,0.0,0.0,0.02,0.03,0.02,0.24,0.42,0.04,0.65,0.0,0.26,0.04,0.39,0.04,0.06,0.01,0.04
4405,0.0,0.14,0.51,0.0,0.0,0.05,0.0,0.0,0.01,0.74,0.07,0.04,0.29,0.27,0.04,0.05,0.12,0.6,0.31,0.06,0.61,0.35,0.62,0.16,0.27,0.08,0.0,0.0,0.02,0.14,0.1,0.0,0.0,0.0,0.0,0.13,0.06,0.03,0.04,0.03,0.02,0.14,0.06,0.13,0.12,0.03,0.07,0.0,0.0,0.18,0.05,0.08,0.3,0.5,0.34,0.36,0.0,0.59,0.04,0.73,0.03,0.07,0.04,0.03
4406,0.0,0.4,0.4,0.0,0.0,0.17,0.0,0.0,0.06,0.75,0.03,0.08,0.55,0.07,0.06,0.05,0.14,0.74,0.74,0.04,0.45,0.16,0.46,0.09,0.66,0.15,0.0,0.0,0.12,0.17,0.15,0.0,0.0,0.0,0.0,0.22,0.07,0.03,0.05,0.04,0.02,0.07,0.04,0.12,0.1,0.04,0.24,0.0,0.0,0.68,0.08,0.09,0.2,0.33,0.43,0.73,0.0,0.71,0.06,0.74,0.04,0.12,0.08,0.05
4407,0.0,0.19,0.18,0.0,0.0,0.12,0.0,0.0,0.1,0.75,0.04,0.08,0.15,0.1,0.04,0.11,0.11,0.77,0.77,0.05,0.67,0.02,0.2,0.08,0.33,0.06,0.0,0.0,0.08,0.21,0.09,0.0,0.0,0.0,0.0,0.33,0.03,0.04,0.11,0.04,0.04,0.12,0.07,0.09,0.05,0.1,0.2,0.0,0.0,0.24,0.06,0.04,0.11,0.36,0.59,0.73,0.0,0.72,0.07,0.75,0.04,0.1,0.07,0.05
4408,0.0,0.11,0.12,0.0,0.0,0.08,0.0,0.0,0.03,0.75,0.03,0.16,0.28,0.07,0.09,0.08,0.18,0.77,0.77,0.1,0.75,0.07,0.11,0.02,0.11,0.07,0.0,0.0,0.1,0.09,0.08,0.0,0.0,0.0,0.0,0.11,0.09,0.04,0.15,0.05,0.04,0.21,0.22,0.08,0.02,0.29,0.09,0.0,0.0,0.06,0.08,0.05,0.11,0.5,0.76,0.72,0.0,0.61,0.08,0.74,0.05,0.1,0.05,0.06
4409,0.0,0.14,0.2,0.0,0.0,0.06,0.0,0.0,0.02,0.75,0.03,0.14,0.1,0.05,0.04,0.07,0.11,0.77,0.78,0.03,0.75,0.03,0.51,0.06,0.67,0.04,0.0,0.0,0.06,0.09,0.04,0.0,0.0,0.0,0.0,0.09,0.08,0.03,0.08,0.03,0.03,0.11,0.17,0.09,0.07,0.1,0.06,0.0,0.0,0.05,0.11,0.06,0.14,0.65,0.76,0.72,0.0,0.56,0.1,0.74,0.09,0.14,0.1,0.1
4410,0.0,0.19,0.2,0.0,0.0,0.1,0.0,0.0,0.03,0.11,0.03,0.05,0.32,0.03,0.07,0.07,0.05,0.75,0.77,0.05,0.75,0.06,0.1,0.04,0.68,0.09,0.0,0.0,0.11,0.16,0.13,0.0,0.0,0.0,0.0,0.04,0.03,0.02,0.05,0.02,0.05,0.08,0.1,0.16,0.04,0.04,0.07,0.0,0.0,0.04,0.13,0.08,0.15,0.69,0.6,0.7,0.0,0.53,0.09,0.5,0.07,0.17,0.12,0.08
4411,0.0,0.09,0.09,0.0,0.0,0.45,0.0,0.0,0.02,0.06,0.02,0.03,0.02,0.04,0.06,0.05,0.04,0.36,0.47,0.04,0.25,0.02,0.1,0.05,0.63,0.14,0.0,0.0,0.16,0.09,0.11,0.0,0.0,0.0,0.0,0.04,0.06,0.03,0.06,0.03,0.03,0.04,0.05,0.34,0.04,0.04,0.46,0.0,0.0,0.34,0.11,0.08,0.2,0.72,0.22,0.7,0.0,0.49,0.08,0.25,0.07,0.13,0.12,0.08
4412,0.0,0.19,0.65,0.0,0.0,0.55,0.0,0.0,0.02,0.03,0.01,0.02,0.02,0.04,0.04,0.02,0.03,0.04,0.03,0.02,0.68,0.03,0.03,0.07,0.37,0.66,0.0,0.0,0.13,0.65,0.65,0.0,0.0,0.0,0.0,0.04,0.05,0.03,0.05,0.03,0.02,0.03,0.03,0.27,0.05,0.04,0.61,0.0,0.0,0.6,0.22,0.06,0.22,0.66,0.44,0.59,0.0,0.67,0.08,0.48,0.06,0.43,0.08,0.07
4413,0.0,0.43,0.43,0.0,0.0,0.38,0.0,0.0,0.01,0.02,0.01,0.01,0.01,0.01,0.01,0.01,0.02,0.02,0.01,0.01,0.36,0.02,0.01,0.05,0.35,0.43,0.0,0.0,0.42,0.42,0.42,0.0,0.0,0.0,0.0,0.02,0.02,0.01,0.03,0.02,0.01,0.03,0.02,0.03,0.03,0.04,0.16,0.0,0.0,0.16,0.44,0.44,0.13,0.43,0.34,0.4,0.0,0.4,0.27,0.15,0.44,0.43,0.44,0.44
4414,0.0,0.06,0.06,0.0,0.0,0.02,0.0,0.0,0.0,0.0,0.0,0.0,0.0,0.0,0.0,0.0,0.01,0.0,0.0,0.0,0.03,0.0,0.0,0.0,0.06,0.06,0.0,0.0,0.06,0.06,0.06,0.0,0.0,0.0,0.0,0.06,0.0,0.01,0.06,0.01,0.0,0.06,0.06,0.0,0.0,0.06,0.02,0.0,0.0,0.02,0.06,0.06,0.05,0.06,0.08,0.07,0.0,0.06,0.06,0.06,0.06,0.06,0.06,0.06
4415,0.0,0.02,0.02,0.0,0.0,0.01,0.0,0.0,0.0,0.0,0.0,0.0,0.0,0.0,0.0,0.0,0.0,0.0,0.0,0.0,0.01,0.0,0.0,0.0,0.02,0.02,0.0,0.0,0.02,0.02,0.02,0.0,0.0,0.0,0.0,0.01,0.0,0.0,0.01,0.0,0.0,0.01,0.01,0.0,0.0,0.01,0.01,0.0,0.0,0.0,0.02,0.02,0.01,0.02,0.03,0.02,0.0,0.02,0.02,0.02,0.02,0.02,0.02,0.02
4416,0.0,0.0,0.0,0.0,0.0,0.0,0.0,0.0,0.0,0.0,0.0,0.0,0.0,0.0,0.0,0.0,0.0,0.0,0.0,0.0,0.0,0.0,0.0,0.0,0.0,0.0,0.0,0.0,0.0,0.0,0.0,0.0,0.0,0.0,0.0,0.0,0.0,0.0,0.0,0.0,0.0,0.0,0.0,0.0,0.0,0.0,0.0,0.0,0.0,0.0,0.0,0.0,0.0,0.0,0.0,0.0,0.0,0.0,0.0,0.0,0.0,0.0,0.0,0.0
4417,0.0,0.0,0.0,0.0,0.0,0.0,0.0,0.0,0.0,0.0,0.0,0.0,0.0,0.0,0.0,0.0,0.0,0.0,0.0,0.0,0.0,0.0,0.0,0.0,0.0,0.0,0.0,0.0,0.0,0.0,0.0,0.0,0.0,0.0,0.0,0.0,0.0,0.0,0.0,0.0,0.0,0.0,0.0,0.0,0.0,0.0,0.0,0.0,0.0,0.0,0.0,0.0,0.0,0.0,0.0,0.0,0.0,0.0,0.0,0.0,0.0,0.0,0.0,0.0
4418,0.0,0.0,0.0,0.0,0.0,0.0,0.0,0.0,0.0,0.0,0.0,0.0,0.0,0.0,0.0,0.0,0.0,0.0,0.0,0.0,0.0,0.0,0.0,0.0,0.0,0.0,0.0,0.0,0.0,0.0,0.0,0.0,0.0,0.0,0.0,0.0,0.0,0.0,0.0,0.0,0.0,0.0,0.0,0.0,0.0,0.0,0.0,0.0,0.0,0.0,0.0,0.0,0.0,0.0,0.0,0.0,0.0,0.0,0.0,0.0,0.0,0.0,0.0,0.0
4419,0.0,0.0,0.0,0.0,0.0,0.0,0.0,0.0,0.0,0.0,0.0,0.0,0.0,0.0,0.0,0.0,0.0,0.0,0.0,0.0,0.0,0.0,0.0,0.0,0.0,0.0,0.0,0.0,0.0,0.0,0.0,0.0,0.0,0.0,0.0,0.0,0.0,0.0,0.0,0.0,0.0,0.0,0.0,0.0,0.0,0.0,0.0,0.0,0.0,0.0,0.0,0.0,0.0,0.0,0.0,0.0,0.0,0.0,0.0,0.0,0.0,0.0,0.0,0.0
4420,0.0,0.0,0.0,0.0,0.0,0.0,0.0,0.0,0.0,0.0,0.0,0.0,0.0,0.0,0.0,0.0,0.0,0.0,0.0,0.0,0.0,0.0,0.0,0.0,0.0,0.0,0.0,0.0,0.0,0.0,0.0,0.0,0.0,0.0,0.0,0.0,0.0,0.0,0.0,0.0,0.0,0.0,0.0,0.0,0.0,0.0,0.0,0.0,0.0,0.0,0.0,0.0,0.0,0.0,0.0,0.0,0.0,0.0,0.0,0.0,0.0,0.0,0.0,0.0
4421,0.0,0.0,0.0,0.0,0.0,0.0,0.0,0.0,0.0,0.0,0.0,0.0,0.0,0.0,0.0,0.0,0.0,0.0,0.0,0.0,0.0,0.0,0.0,0.0,0.0,0.0,0.0,0.0,0.0,0.0,0.0,0.0,0.0,0.0,0.0,0.0,0.0,0.0,0.0,0.0,0.0,0.0,0.0,0.0,0.0,0.0,0.0,0.0,0.0,0.0,0.0,0.0,0.0,0.0,0.0,0.0,0.0,0.0,0.0,0.0,0.0,0.0,0.0,0.0
4422,0.0,0.0,0.0,0.0,0.0,0.0,0.0,0.0,0.0,0.0,0.0,0.0,0.0,0.0,0.0,0.0,0.0,0.0,0.0,0.0,0.0,0.0,0.0,0.0,0.0,0.0,0.0,0.0,0.0,0.0,0.0,0.0,0.0,0.0,0.0,0.0,0.0,0.0,0.0,0.0,0.0,0.0,0.0,0.0,0.0,0.0,0.0,0.0,0.0,0.0,0.0,0.0,0.0,0.0,0.0,0.0,0.0,0.0,0.0,0.0,0.0,0.0,0.0,0.0
4423,0.0,0.0,0.0,0.0,0.0,0.0,0.0,0.0,0.0,0.0,0.0,0.0,0.0,0.0,0.0,0.0,0.0,0.0,0.0,0.0,0.0,0.0,0.0,0.0,0.0,0.0,0.0,0.0,0.0,0.0,0.0,0.0,0.0,0.0,0.0,0.0,0.0,0.0,0.0,0.0,0.0,0.0,0.0,0.0,0.0,0.0,0.0,0.0,0.0,0.0,0.0,0.0,0.0,0.0,0.0,0.0,0.0,0.0,0.0,0.0,0.0,0.0,0.0,0.0
4424,0.0,0.0,0.0,0.0,0.0,0.0,0.0,0.0,0.0,0.0,0.0,0.0,0.0,0.0,0.0,0.0,0.0,0.0,0.0,0.0,0.0,0.0,0.0,0.0,0.0,0.0,0.0,0.0,0.0,0.0,0.0,0.0,0.0,0.0,0.0,0.0,0.0,0.0,0.0,0.0,0.0,0.0,0.0,0.0,0.0,0.0,0.0,0.0,0.0,0.0,0.0,0.0,0.0,0.0,0.0,0.0,0.0,0.0,0.0,0.0,0.0,0.0,0.0,0.0
4425,0.0,0.03,0.03,0.0,0.0,0.03,0.0,0.0,0.04,0.02,0.05,0.01,0.02,0.05,0.04,0.03,0.02,0.06,0.02,0.04,0.02,0.05,0.01,0.03,0.04,0.03,0.0,0.0,0.02,0.03,0.03,0.0,0.0,0.0,0.0,0.02,0.04,0.02,0.03,0.02,0.03,0.03,0.03,0.02,0.03,0.03,0.03,0.0,0.0,0.03,0.02,0.03,0.01,0.02,0.02,0.02,0.0,0.03,0.02,0.02,0.02,0.02,0.02,0.02
4426,0.0,0.09,0.08,0.0,0.0,0.1,0.0,0.0,0.14,0.16,0.13,0.08,0.05,0.16,0.15,0.15,0.12,0.18,0.12,0.14,0.08,0.16,0.05,0.12,0.12,0.07,0.0,0.0,0.06,0.09,0.07,0.0,0.0,0.0,0.0,0.08,0.11,0.12,0.09,0.06,0.08,0.09,0.09,0.11,0.12,0.09,0.09,0.0,0.0,0.1,0.09,0.09,0.07,0.08,0.09,0.06,0.0,0.07,0.07,0.08,0.07,0.07,0.07,0.07
4427,0.0,0.41,0.39,0.0,0.0,0.45,0.0,0.0,0.55,0.6,0.56,0.54,0.34,0.55,0.57,0.56,0.57,0.62,0.39,0.53,0.59,0.55,0.15,0.54,0.52,0.49,0.0,0.0,0.49,0.41,0.48,0.0,0.0,0.0,0.0,0.51,0.52,0.56,0.52,0.57,0.39,0.52,0.53,0.54,0.53,0.52,0.45,0.0,0.0,0.47,0.25,0.48,0.4,0.5,0.54,0.48,0.0,0.34,0.46,0.51,0.51,0.26,0.5,0.34
4428,0.0,0.64,0.63,0.0,0.0,0.56,0.0,0.0,0.66,0.69,0.67,0.56,0.68,0.62,0.66,0.64,0.69,0.69,0.31,0.66,0.57,0.61,0.68,0.66,0.58,0.66,0.0,0.0,0.66,0.65,0.66,0.0,0.0,0.0,0.0,0.66,0.63,0.7,0.67,0.71,0.7,0.67,0.68,0.62,0.66,0.68,0.58,0.0,0.0,0.58,0.59,0.67,0.68,0.66,0.68,0.65,0.0,0.67,0.67,0.67,0.67,0.68,0.68,0.48
4429,0.0,0.71,0.71,0.0,0.0,0.65,0.0,0.0,0.69,0.74,0.71,0.73,0.71,0.67,0.68,0.67,0.73,0.48,0.17,0.67,0.73,0.66,0.72,0.71,0.67,0.71,0.0,0.0,0.7,0.71,0.7,0.0,0.0,0.0,0.0,0.71,0.7,0.75,0.71,0.75,0.74,0.71,0.69,0.7,0.71,0.69,0.67,0.0,0.0,0.67,0.72,0.7,0.72,0.71,0.72,0.69,0.0,0.71,0.71,0.71,0.72,0.72,0.72,0.71
4430,0.0,0.73,0.73,0.0,0.0,0.68,0.0,0.0,0.72,0.76,0.73,0.74,0.73,0.73,0.72,0.72,0.71,0.76,0.52,0.7,0.66,0.61,0.74,0.73,0.7,0.74,0.0,0.0,0.71,0.73,0.73,0.0,0.0,0.0,0.0,0.72,0.73,0.76,0.74,0.76,0.76,0.74,0.74,0.72,0.74,0.74,0.69,0.0,0.0,0.68,0.74,0.74,0.74,0.74,0.75,0.69,0.0,0.74,0.74,0.74,0.75,0.74,0.74,0.74
4431,0.0,0.74,0.75,0.0,0.0,0.71,0.0,0.0,0.74,0.76,0.74,0.7,0.74,0.72,0.71,0.74,0.76,0.76,0.77,0.73,0.76,0.68,0.75,0.74,0.71,0.76,0.0,0.0,0.74,0.74,0.75,0.0,0.0,0.0,0.0,0.74,0.75,0.77,0.76,0.78,0.77,0.75,0.76,0.74,0.75,0.76,0.72,0.0,0.0,0.71,0.76,0.75,0.74,0.75,0.75,0.72,0.0,0.75,0.75,0.74,0.76,0.76,0.76,0.75
4432,0.0,0.74,0.75,0.0,0.0,0.71,0.0,0.0,0.74,0.76,0.72,0.73,0.74,0.71,0.71,0.73,0.74,0.76,0.77,0.73,0.75,0.72,0.74,0.74,0.72,0.76,0.0,0.0,0.73,0.75,0.75,0.0,0.0,0.0,0.0,0.74,0.75,0.68,0.75,0.64,0.77,0.75,0.75,0.74,0.74,0.76,0.72,0.0,0.0,0.72,0.76,0.75,0.76,0.75,0.74,0.73,0.0,0.75,0.75,0.74,0.75,0.76,0.76,0.75
4433,0.0,0.73,0.74,0.0,0.0,0.71,0.0,0.0,0.73,0.75,0.72,0.75,0.74,0.72,0.72,0.72,0.76,0.75,0.76,0.72,0.74,0.73,0.74,0.73,0.71,0.75,0.0,0.0,0.73,0.74,0.74,0.0,0.0,0.0,0.0,0.74,0.74,0.76,0.74,0.76,0.76,0.74,0.74,0.73,0.73,0.74,0.71,0.0,0.0,0.71,0.75,0.74,0.75,0.74,0.75,0.72,0.0,0.74,0.75,0.74,0.75,0.75,0.75,0.74
4434,0.0,0.71,0.72,0.0,0.0,0.69,0.0,0.0,0.72,0.73,0.72,0.74,0.72,0.7,0.7,0.7,0.74,0.74,0.74,0.7,0.73,0.71,0.73,0.71,0.69,0.73,0.0,0.0,0.71,0.72,0.71,0.0,0.0,0.0,0.0,0.72,0.72,0.74,0.72,0.75,0.74,0.72,0.72,0.71,0.71,0.73,0.69,0.0,0.0,0.69,0.74,0.73,0.73,0.73,0.73,0.7,0.0,0.73,0.73,0.72,0.73,0.74,0.74,0.73
4435,0.0,0.71,0.72,0.0,0.0,0.68,0.0,0.0,0.71,0.72,0.71,0.74,0.72,0.7,0.7,0.7,0.74,0.74,0.74,0.7,0.73,0.7,0.73,0.71,0.69,0.73,0.0,0.0,0.72,0.72,0.72,0.0,0.0,0.0,0.0,0.71,0.72,0.74,0.72,0.74,0.74,0.72,0.72,0.71,0.71,0.73,0.69,0.0,0.0,0.69,0.74,0.73,0.73,0.73,0.73,0.71,0.0,0.73,0.73,0.72,0.73,0.74,0.74,0.73
4436,0.0,0.67,0.67,0.0,0.0,0.64,0.0,0.0,0.65,0.66,0.66,0.68,0.65,0.64,0.63,0.64,0.67,0.67,0.68,0.64,0.64,0.64,0.66,0.65,0.64,0.68,0.0,0.0,0.67,0.67,0.67,0.0,0.0,0.0,0.0,0.66,0.66,0.68,0.68,0.68,0.68,0.67,0.67,0.66,0.66,0.68,0.64,0.0,0.0,0.64,0.69,0.68,0.68,0.68,0.68,0.66,0.0,0.68,0.68,0.68,0.68,0.69,0.69,0.68
4437,0.0,0.43,0.44,0.0,0.0,0.39,0.0,0.0,0.36,0.35,0.37,0.36,0.3,0.33,0.32,0.33,0.37,0.33,0.34,0.34,0.35,0.32,0.3,0.37,0.36,0.44,0.0,0.0,0.43,0.43,0.43,0.0,0.0,0.0,0.0,0.41,0.38,0.39,0.42,0.38,0.4,0.41,0.41,0.38,0.38,0.42,0.38,0.0,0.0,0.38,0.44,0.44,0.42,0.44,0.41,0.43,0.0,0.43,0.43,0.42,0.44,0.44,0.44,0.43
4438,0.0,0.05,0.05,0.0,0.0,0.05,0.0,0.0,0.05,0.05,0.05,0.05,0.04,0.04,0.04,0.04,0.05,0.04,0.05,0.04,0.05,0.04,0.04,0.04,0.04,0.05,0.0,0.0,0.05,0.05,0.05,0.0,0.0,0.0,0.0,0.05,0.04,0.05,0.05,0.05,0.05,0.05,0.05,0.04,0.04,0.05,0.05,0.0,0.0,0.05,0.05,0.05,0.05,0.05,0.05,0.05,0.0,0.05,0.05,0.05,0.05,0.05,0.05,0.05
4439,0.0,0.02,0.02,0.0,0.0,0.02,0.0,0.0,0.01,0.01,0.01,0.01,0.02,0.01,0.01,0.01,0.01,0.01,0.01,0.01,0.01,0.01,0.02,0.01,0.02,0.02,0.0,0.0,0.02,0.02,0.02,0.0,0.0,0.0,0.0,0.01,0.01,0.01,0.02,0.01,0.01,0.02,0.01,0.01,0.01,0.01,0.02,0.0,0.0,0.02,0.02,0.02,0.02,0.02,0.02,0.02,0.0,0.02,0.02,0.02,0.02,0.02,0.02,0.02
4440,0.0,0.0,0.0,0.0,0.0,0.0,0.0,0.0,0.0,0.0,0.0,0.0,0.0,0.0,0.0,0.0,0.0,0.0,0.0,0.0,0.0,0.0,0.0,0.0,0.0,0.0,0.0,0.0,0.0,0.0,0.0,0.0,0.0,0.0,0.0,0.0,0.0,0.0,0.0,0.0,0.0,0.0,0.0,0.0,0.0,0.0,0.0,0.0,0.0,0.0,0.0,0.0,0.0,0.0,0.0,0.0,0.0,0.0,0.0,0.0,0.0,0.0,0.0,0.0
4441,0.0,0.0,0.0,0.0,0.0,0.0,0.0,0.0,0.0,0.0,0.0,0.0,0.0,0.0,0.0,0.0,0.0,0.0,0.0,0.0,0.0,0.0,0.0,0.0,0.0,0.0,0.0,0.0,0.0,0.0,0.0,0.0,0.0,0.0,0.0,0.0,0.0,0.0,0.0,0.0,0.0,0.0,0.0,0.0,0.0,0.0,0.0,0.0,0.0,0.0,0.0,0.0,0.0,0.0,0.0,0.0,0.0,0.0,0.0,0.0,0.0,0.0,0.0,0.0
4442,0.0,0.0,0.0,0.0,0.0,0.0,0.0,0.0,0.0,0.0,0.0,0.0,0.0,0.0,0.0,0.0,0.0,0.0,0.0,0.0,0.0,0.0,0.0,0.0,0.0,0.0,0.0,0.0,0.0,0.0,0.0,0.0,0.0,0.0,0.0,0.0,0.0,0.0,0.0,0.0,0.0,0.0,0.0,0.0,0.0,0.0,0.0,0.0,0.0,0.0,0.0,0.0,0.0,0.0,0.0,0.0,0.0,0.0,0.0,0.0,0.0,0.0,0.0,0.0
4443,0.0,0.0,0.0,0.0,0.0,0.0,0.0,0.0,0.0,0.0,0.0,0.0,0.0,0.0,0.0,0.0,0.0,0.0,0.0,0.0,0.0,0.0,0.0,0.0,0.0,0.0,0.0,0.0,0.0,0.0,0.0,0.0,0.0,0.0,0.0,0.0,0.0,0.0,0.0,0.0,0.0,0.0,0.0,0.0,0.0,0.0,0.0,0.0,0.0,0.0,0.0,0.0,0.0,0.0,0.0,0.0,0.0,0.0,0.0,0.0,0.0,0.0,0.0,0.0
4444,0.0,0.0,0.0,0.0,0.0,0.0,0.0,0.0,0.0,0.0,0.0,0.0,0.0,0.0,0.0,0.0,0.0,0.0,0.0,0.0,0.0,0.0,0.0,0.0,0.0,0.0,0.0,0.0,0.0,0.0,0.0,0.0,0.0,0.0,0.0,0.0,0.0,0.0,0.0,0.0,0.0,0.0,0.0,0.0,0.0,0.0,0.0,0.0,0.0,0.0,0.0,0.0,0.0,0.0,0.0,0.0,0.0,0.0,0.0,0.0,0.0,0.0,0.0,0.0
4445,0.0,0.0,0.0,0.0,0.0,0.0,0.0,0.0,0.0,0.0,0.0,0.0,0.0,0.0,0.0,0.0,0.0,0.0,0.0,0.0,0.0,0.0,0.0,0.0,0.0,0.0,0.0,0.0,0.0,0.0,0.0,0.0,0.0,0.0,0.0,0.0,0.0,0.0,0.0,0.0,0.0,0.0,0.0,0.0,0.0,0.0,0.0,0.0,0.0,0.0,0.0,0.0,0.0,0.0,0.0,0.0,0.0,0.0,0.0,0.0,0.0,0.0,0.0,0.0
4446,0.0,0.0,0.0,0.0,0.0,0.0,0.0,0.0,0.0,0.0,0.0,0.0,0.0,0.0,0.0,0.0,0.0,0.0,0.0,0.0,0.0,0.0,0.0,0.0,0.0,0.0,0.0,0.0,0.0,0.0,0.0,0.0,0.0,0.0,0.0,0.0,0.0,0.0,0.0,0.0,0.0,0.0,0.0,0.0,0.0,0.0,0.0,0.0,0.0,0.0,0.0,0.0,0.0,0.0,0.0,0.0,0.0,0.0,0.0,0.0,0.0,0.0,0.0,0.0
4447,0.0,0.0,0.0,0.0,0.0,0.0,0.0,0.0,0.0,0.0,0.0,0.0,0.0,0.0,0.0,0.0,0.0,0.0,0.0,0.0,0.0,0.0,0.0,0.0,0.0,0.0,0.0,0.0,0.0,0.0,0.0,0.0,0.0,0.0,0.0,0.0,0.0,0.0,0.0,0.0,0.0,0.0,0.0,0.0,0.0,0.0,0.0,0.0,0.0,0.0,0.0,0.0,0.0,0.0,0.0,0.0,0.0,0.0,0.0,0.0,0.0,0.0,0.0,0.0
4448,0.0,0.0,0.0,0.0,0.0,0.0,0.0,0.0,0.0,0.0,0.0,0.0,0.0,0.0,0.0,0.0,0.0,0.0,0.0,0.0,0.0,0.0,0.0,0.0,0.0,0.0,0.0,0.0,0.0,0.0,0.0,0.0,0.0,0.0,0.0,0.0,0.0,0.0,0.0,0.0,0.0,0.0,0.0,0.0,0.0,0.0,0.0,0.0,0.0,0.0,0.0,0.0,0.0,0.0,0.0,0.0,0.0,0.0,0.0,0.0,0.0,0.0,0.0,0.0
4449,0.0,0.02,0.02,0.0,0.0,0.03,0.0,0.0,0.04,0.02,0.03,0.02,0.02,0.02,0.02,0.04,0.02,0.02,0.02,0.05,0.02,0.02,0.02,0.04,0.03,0.02,0.0,0.0,0.02,0.02,0.02,0.0,0.0,0.0,0.0,0.02,0.03,0.02,0.02,0.02,0.02,0.02,0.02,0.03,0.04,0.02,0.03,0.0,0.0,0.02,0.02,0.02,0.02,0.02,0.02,0.02,0.0,0.02,0.02,0.02,0.02,0.02,0.02,0.02
4450,0.0,0.06,0.05,0.0,0.0,0.09,0.0,0.0,0.13,0.18,0.12,0.14,0.21,0.16,0.16,0.15,0.12,0.2,0.2,0.14,0.17,0.17,0.22,0.11,0.12,0.06,0.0,0.0,0.06,0.06,0.06,0.0,0.0,0.0,0.0,0.08,0.1,0.11,0.08,0.11,0.1,0.08,0.08,0.1,0.11,0.08,0.09,0.0,0.0,0.09,0.06,0.06,0.08,0.06,0.09,0.06,0.0,0.06,0.06,0.07,0.06,0.06,0.06,0.06
4451,0.0,0.46,0.45,0.0,0.0,0.5,0.0,0.0,0.55,0.6,0.54,0.57,0.64,0.59,0.59,0.57,0.55,0.63,0.64,0.57,0.6,0.6,0.64,0.53,0.53,0.46,0.0,0.0,0.47,0.46,0.47,0.0,0.0,0.0,0.0,0.49,0.52,0.54,0.49,0.54,0.52,0.49,0.49,0.52,0.53,0.49,0.5,0.0,0.0,0.5,0.46,0.46,0.49,0.46,0.51,0.46,0.0,0.46,0.46,0.48,0.46,0.47,0.46,0.46
4452,0.0,0.65,0.64,0.0,0.0,0.67,0.0,0.0,0.69,0.72,0.69,0.71,0.72,0.72,0.71,0.69,0.7,0.74,0.75,0.7,0.73,0.72,0.73,0.69,0.68,0.65,0.0,0.0,0.65,0.65,0.65,0.0,0.0,0.0,0.0,0.66,0.68,0.7,0.67,0.7,0.69,0.67,0.67,0.67,0.69,0.67,0.67,0.0,0.0,0.67,0.65,0.65,0.66,0.64,0.68,0.63,0.0,0.63,0.64,0.66,0.64,0.65,0.66,0.64
4453,0.0,0.66,0.65,0.0,0.0,0.67,0.0,0.0,0.7,0.73,0.7,0.72,0.72,0.72,0.71,0.7,0.7,0.75,0.76,0.7,0.73,0.73,0.73,0.69,0.69,0.67,0.0,0.0,0.67,0.67,0.67,0.0,0.0,0.0,0.0,0.67,0.7,0.7,0.69,0.71,0.69,0.69,0.69,0.69,0.7,0.69,0.67,0.0,0.0,0.67,0.64,0.65,0.69,0.64,0.69,0.65,0.0,0.65,0.66,0.68,0.65,0.65,0.68,0.66
4454,0.0,0.68,0.66,0.0,0.0,0.69,0.0,0.0,0.7,0.73,0.7,0.73,0.74,0.73,0.72,0.71,0.72,0.76,0.76,0.71,0.73,0.74,0.74,0.71,0.71,0.68,0.0,0.0,0.68,0.68,0.68,0.0,0.0,0.0,0.0,0.67,0.7,0.71,0.7,0.72,0.71,0.7,0.7,0.7,0.71,0.7,0.68,0.0,0.0,0.68,0.66,0.65,0.7,0.66,0.69,0.65,0.0,0.67,0.68,0.69,0.66,0.67,0.69,0.68
4455,0.0,0.68,0.66,0.0,0.0,0.68,0.0,0.0,0.7,0.73,0.7,0.72,0.74,0.74,0.73,0.72,0.71,0.76,0.76,0.72,0.72,0.74,0.74,0.71,0.72,0.68,0.0,0.0,0.68,0.68,0.68,0.0,0.0,0.0,0.0,0.67,0.71,0.7,0.69,0.7,0.72,0.7,0.7,0.71,0.71,0.7,0.68,0.0,0.0,0.68,0.67,0.66,0.7,0.67,0.68,0.67,0.0,0.68,0.68,0.69,0.67,0.67,0.69,0.68
4456,0.0,0.67,0.67,0.0,0.0,0.67,0.0,0.0,0.69,0.72,0.68,0.72,0.74,0.73,0.73,0.72,0.69,0.75,0.76,0.71,0.71,0.73,0.74,0.71,0.71,0.68,0.0,0.0,0.67,0.67,0.68,0.0,0.0,0.0,0.0,0.66,0.7,0.71,0.68,0.7,0.71,0.68,0.69,0.71,0.7,0.69,0.67,0.0,0.0,0.68,0.69,0.67,0.69,0.68,0.67,0.67,0.0,0.68,0.69,0.68,0.68,0.68,0.68,0.68
4457,0.0,0.67,0.67,0.0,0.0,0.65,0.0,0.0,0.67,0.71,0.67,0.7,0.73,0.72,0.71,0.71,0.68,0.74,0.74,0.69,0.56,0.72,0.73,0.7,0.7,0.68,0.0,0.0,0.67,0.67,0.67,0.0,0.0,0.0,0.0,0.66,0.68,0.7,0.67,0.7,0.7,0.67,0.68,0.71,0.7,0.68,0.66,0.0,0.0,0.66,0.69,0.66,0.68,0.68,0.65,0.66,0.0,0.68,0.68,0.68,0.68,0.68,0.68,0.68
4458,0.0,0.68,0.67,0.0,0.0,0.69,0.0,0.0,0.66,0.62,0.66,0.69,0.73,0.72,0.71,0.69,0.69,0.74,0.74,0.68,0.71,0.72,0.73,0.71,0.7,0.68,0.0,0.0,0.67,0.68,0.67,0.0,0.0,0.0,0.0,0.66,0.69,0.71,0.67,0.7,0.69,0.67,0.68,0.7,0.7,0.68,0.67,0.0,0.0,0.69,0.69,0.66,0.68,0.68,0.68,0.65,0.0,0.67,0.68,0.67,0.68,0.68,0.68,0.67
4459,0.0,0.67,0.66,0.0,0.0,0.68,0.0,0.0,0.64,0.7,0.65,0.66,0.72,0.7,0.7,0.67,0.67,0.71,0.72,0.66,0.7,0.69,0.72,0.69,0.68,0.67,0.0,0.0,0.67,0.67,0.67,0.0,0.0,0.0,0.0,0.66,0.67,0.69,0.67,0.68,0.68,0.67,0.66,0.68,0.68,0.68,0.69,0.0,0.0,0.7,0.69,0.67,0.65,0.68,0.66,0.66,0.0,0.64,0.66,0.07,0.68,0.68,0.67,0.66
4460,0.0,0.62,0.62,0.0,0.0,0.64,0.0,0.0,0.59,0.36,0.6,0.61,0.65,0.64,0.64,0.62,0.61,0.65,0.66,0.6,0.64,0.64,0.65,0.63,0.62,0.62,0.0,0.0,0.63,0.62,0.62,0.0,0.0,0.0,0.0,0.61,0.62,0.64,0.62,0.63,0.63,0.62,0.62,0.64,0.62,0.63,0.64,0.0,0.0,0.64,0.65,0.64,0.63,0.64,0.62,0.62,0.0,0.62,0.62,0.07,0.64,0.65,0.62,0.63
4461,0.0,0.41,0.42,0.0,0.0,0.39,0.0,0.0,0.33,0.34,0.36,0.36,0.31,0.33,0.33,0.33,0.37,0.32,0.33,0.31,0.35,0.32,0.31,0.37,0.35,0.42,0.0,0.0,0.41,0.41,0.41,0.0,0.0,0.0,0.0,0.39,0.38,0.38,0.39,0.38,0.39,0.39,0.39,0.37,0.38,0.4,0.39,0.0,0.0,0.38,0.42,0.42,0.4,0.42,0.39,0.41,0.0,0.41,0.41,0.41,0.41,0.42,0.41,0.42
4462,0.0,0.05,0.05,0.0,0.0,0.05,0.0,0.0,0.04,0.04,0.04,0.04,0.05,0.04,0.04,0.04,0.04,0.04,0.04,0.04,0.04,0.04,0.04,0.04,0.04,0.05,0.0,0.0,0.05,0.05,0.05,0.0,0.0,0.0,0.0,0.05,0.05,0.04,0.05,0.04,0.04,0.05,0.05,0.05,0.04,0.05,0.05,0.0,0.0,0.05,0.05,0.05,0.05,0.05,0.04,0.05,0.0,0.05,0.05,0.05,0.05,0.05,0.05,0.05
4463,0.0,0.02,0.02,0.0,0.0,0.02,0.0,0.0,0.02,0.02,0.02,0.02,0.02,0.02,0.01,0.02,0.02,0.01,0.01,0.02,0.02,0.01,0.02,0.02,0.01,0.02,0.0,0.0,0.02,0.02,0.02,0.0,0.0,0.0,0.0,0.02,0.02,0.02,0.02,0.02,0.02,0.02,0.02,0.02,0.02,0.02,0.02,0.0,0.0,0.02,0.02,0.02,0.02,0.02,0.03,0.03,0.0,0.02,0.02,0.02,0.02,0.02,0.02,0.02
4464,0.0,0.0,0.0,0.0,0.0,0.0,0.0,0.0,0.0,0.0,0.0,0.0,0.0,0.0,0.0,0.0,0.0,0.0,0.0,0.0,0.0,0.0,0.0,0.0,0.0,0.0,0.0,0.0,0.0,0.0,0.0,0.0,0.0,0.0,0.0,0.0,0.0,0.0,0.0,0.0,0.0,0.0,0.0,0.0,0.0,0.0,0.0,0.0,0.0,0.0,0.0,0.0,0.0,0.0,0.0,0.0,0.0,0.0,0.0,0.0,0.0,0.0,0.0,0.0
4465,0.0,0.0,0.0,0.0,0.0,0.0,0.0,0.0,0.0,0.0,0.0,0.0,0.0,0.0,0.0,0.0,0.0,0.0,0.0,0.0,0.0,0.0,0.0,0.0,0.0,0.0,0.0,0.0,0.0,0.0,0.0,0.0,0.0,0.0,0.0,0.0,0.0,0.0,0.0,0.0,0.0,0.0,0.0,0.0,0.0,0.0,0.0,0.0,0.0,0.0,0.0,0.0,0.0,0.0,0.0,0.0,0.0,0.0,0.0,0.0,0.0,0.0,0.0,0.0
4466,0.0,0.0,0.0,0.0,0.0,0.0,0.0,0.0,0.0,0.0,0.0,0.0,0.0,0.0,0.0,0.0,0.0,0.0,0.0,0.0,0.0,0.0,0.0,0.0,0.0,0.0,0.0,0.0,0.0,0.0,0.0,0.0,0.0,0.0,0.0,0.0,0.0,0.0,0.0,0.0,0.0,0.0,0.0,0.0,0.0,0.0,0.0,0.0,0.0,0.0,0.0,0.0,0.0,0.0,0.0,0.0,0.0,0.0,0.0,0.0,0.0,0.0,0.0,0.0
4467,0.0,0.0,0.0,0.0,0.0,0.0,0.0,0.0,0.0,0.0,0.0,0.0,0.0,0.0,0.0,0.0,0.0,0.0,0.0,0.0,0.0,0.0,0.0,0.0,0.0,0.0,0.0,0.0,0.0,0.0,0.0,0.0,0.0,0.0,0.0,0.0,0.0,0.0,0.0,0.0,0.0,0.0,0.0,0.0,0.0,0.0,0.0,0.0,0.0,0.0,0.0,0.0,0.0,0.0,0.0,0.0,0.0,0.0,0.0,0.0,0.0,0.0,0.0,0.0
4468,0.0,0.0,0.0,0.0,0.0,0.0,0.0,0.0,0.0,0.0,0.0,0.0,0.0,0.0,0.0,0.0,0.0,0.0,0.0,0.0,0.0,0.0,0.0,0.0,0.0,0.0,0.0,0.0,0.0,0.0,0.0,0.0,0.0,0.0,0.0,0.0,0.0,0.0,0.0,0.0,0.0,0.0,0.0,0.0,0.0,0.0,0.0,0.0,0.0,0.0,0.0,0.0,0.0,0.0,0.0,0.0,0.0,0.0,0.0,0.0,0.0,0.0,0.0,0.0
4469,0.0,0.0,0.0,0.0,0.0,0.0,0.0,0.0,0.0,0.0,0.0,0.0,0.0,0.0,0.0,0.0,0.0,0.0,0.0,0.0,0.0,0.0,0.0,0.0,0.0,0.0,0.0,0.0,0.0,0.0,0.0,0.0,0.0,0.0,0.0,0.0,0.0,0.0,0.0,0.0,0.0,0.0,0.0,0.0,0.0,0.0,0.0,0.0,0.0,0.0,0.0,0.0,0.0,0.0,0.0,0.0,0.0,0.0,0.0,0.0,0.0,0.0,0.0,0.0
4470,0.0,0.0,0.0,0.0,0.0,0.0,0.0,0.0,0.0,0.0,0.0,0.0,0.0,0.0,0.0,0.0,0.0,0.0,0.0,0.0,0.0,0.0,0.0,0.0,0.0,0.0,0.0,0.0,0.0,0.0,0.0,0.0,0.0,0.0,0.0,0.0,0.0,0.0,0.0,0.0,0.0,0.0,0.0,0.0,0.0,0.0,0.0,0.0,0.0,0.0,0.0,0.0,0.0,0.0,0.0,0.0,0.0,0.0,0.0,0.0,0.0,0.0,0.0,0.0
4471,0.0,0.0,0.0,0.0,0.0,0.0,0.0,0.0,0.0,0.0,0.0,0.0,0.0,0.0,0.0,0.0,0.0,0.0,0.0,0.0,0.0,0.0,0.0,0.0,0.0,0.0,0.0,0.0,0.0,0.0,0.0,0.0,0.0,0.0,0.0,0.0,0.0,0.0,0.0,0.0,0.0,0.0,0.0,0.0,0.0,0.0,0.0,0.0,0.0,0.0,0.0,0.0,0.0,0.0,0.0,0.0,0.0,0.0,0.0,0.0,0.0,0.0,0.0,0.0
4472,0.0,0.0,0.0,0.0,0.0,0.0,0.0,0.0,0.0,0.0,0.0,0.0,0.0,0.0,0.0,0.0,0.0,0.0,0.0,0.0,0.0,0.0,0.0,0.0,0.0,0.0,0.0,0.0,0.0,0.0,0.0,0.0,0.0,0.0,0.0,0.0,0.0,0.0,0.0,0.0,0.0,0.0,0.0,0.0,0.0,0.0,0.0,0.0,0.0,0.0,0.0,0.0,0.0,0.0,0.0,0.0,0.0,0.0,0.0,0.0,0.0,0.0,0.0,0.0
4473,0.0,0.03,0.03,0.0,0.0,0.04,0.0,0.0,0.04,0.04,0.04,0.04,0.04,0.04,0.04,0.04,0.04,0.04,0.04,0.04,0.04,0.04,0.04,0.04,0.04,0.04,0.0,0.0,0.04,0.03,0.03,0.0,0.0,0.0,0.0,0.04,0.04,0.04,0.04,0.04,0.04,0.04,0.04,0.04,0.04,0.04,0.04,0.0,0.0,0.04,0.03,0.03,0.04,0.03,0.03,0.04,0.0,0.03,0.04,0.03,0.03,0.03,0.04,0.03
4474,0.0,0.06,0.06,0.0,0.0,0.09,0.0,0.0,0.13,0.15,0.12,0.13,0.19,0.15,0.16,0.15,0.12,0.17,0.17,0.14,0.15,0.16,0.19,0.12,0.12,0.06,0.0,0.0,0.07,0.07,0.07,0.0,0.0,0.0,0.0,0.08,0.1,0.11,0.08,0.11,0.1,0.09,0.09,0.11,0.12,0.08,0.09,0.0,0.0,0.1,0.06,0.06,0.08,0.06,0.08,0.06,0.0,0.07,0.07,0.08,0.06,0.06,0.07,0.07
4475,0.0,0.44,0.44,0.0,0.0,0.47,0.0,0.0,0.51,0.54,0.5,0.52,0.56,0.54,0.54,0.53,0.5,0.56,0.56,0.52,0.53,0.54,0.57,0.5,0.5,0.45,0.0,0.0,0.45,0.44,0.45,0.0,0.0,0.0,0.0,0.47,0.49,0.5,0.48,0.5,0.48,0.48,0.48,0.49,0.49,0.48,0.47,0.0,0.0,0.47,0.46,0.45,0.48,0.46,0.49,0.45,0.0,0.46,0.46,0.47,0.46,0.46,0.46,0.46
4476,0.0,0.64,0.65,0.0,0.0,0.64,0.0,0.0,0.65,0.67,0.65,0.67,0.66,0.66,0.66,0.66,0.65,0.67,0.68,0.66,0.67,0.66,0.66,0.65,0.66,0.65,0.0,0.0,0.65,0.65,0.65,0.0,0.0,0.0,0.0,0.66,0.65,0.65,0.67,0.65,0.66,0.67,0.66,0.66,0.65,0.67,0.65,0.0,0.0,0.65,0.67,0.66,0.67,0.67,0.67,0.65,0.0,0.66,0.66,0.66,0.66,0.68,0.66,0.67
4477,0.0,0.68,0.69,0.0,0.0,0.68,0.0,0.0,0.68,0.7,0.68,0.7,0.7,0.7,0.7,0.69,0.68,0.71,0.72,0.69,0.7,0.7,0.7,0.69,0.7,0.69,0.0,0.0,0.68,0.69,0.69,0.0,0.0,0.0,0.0,0.7,0.69,0.69,0.7,0.68,0.69,0.71,0.69,0.69,0.69,0.7,0.68,0.0,0.0,0.68,0.71,0.7,0.7,0.71,0.7,0.69,0.0,0.7,0.7,0.7,0.7,0.71,0.7,0.71
4478,0.0,0.7,0.71,0.0,0.0,0.71,0.0,0.0,0.69,0.72,0.69,0.72,0.71,0.71,0.72,0.72,0.7,0.72,0.73,0.7,0.71,0.71,0.71,0.7,0.72,0.71,0.0,0.0,0.7,0.7,0.7,0.0,0.0,0.0,0.0,0.71,0.69,0.71,0.71,0.71,0.71,0.72,0.7,0.7,0.7,0.71,0.71,0.0,0.0,0.71,0.72,0.72,0.71,0.72,0.72,0.7,0.0,0.71,0.71,0.71,0.72,0.72,0.71,0.72
4479,0.0,0.7,0.71,0.0,0.0,0.72,0.0,0.0,0.7,0.72,0.69,0.72,0.7,0.71,0.72,0.72,0.71,0.72,0.73,0.71,0.72,0.71,0.71,0.7,0.73,0.71,0.0,0.0,0.7,0.7,0.7,0.0,0.0,0.0,0.0,0.71,0.7,0.7,0.71,0.7,0.71,0.72,0.7,0.7,0.7,0.72,0.71,0.0,0.0,0.72,0.73,0.72,0.72,0.72,0.72,0.7,0.0,0.72,0.72,0.72,0.72,0.73,0.71,0.72
4480,0.0,0.7,0.7,0.0,0.0,0.72,0.0,0.0,0.69,0.71,0.69,0.72,0.7,0.71,0.72,0.72,0.7,0.72,0.73,0.71,0.71,0.71,0.7,0.7,0.73,0.71,0.0,0.0,0.7,0.7,0.7,0.0,0.0,0.0,0.0,0.71,0.7,0.7,0.71,0.7,0.71,0.71,0.7,0.7,0.7,0.71,0.72,0.0,0.0,0.72,0.73,0.71,0.72,0.72,0.72,0.7,0.0,0.71,0.72,0.71,0.72,0.73,0.71,0.72
4481,0.0,0.7,0.71,0.0,0.0,0.73,0.0,0.0,0.7,0.71,0.69,0.72,0.71,0.72,0.72,0.72,0.7,0.73,0.73,0.71,0.7,0.72,0.71,0.7,0.74,0.71,0.0,0.0,0.7,0.71,0.7,0.0,0.0,0.0,0.0,0.71,0.7,0.71,0.72,0.7,0.71,0.72,0.71,0.7,0.7,0.72,0.72,0.0,0.0,0.73,0.73,0.71,0.72,0.71,0.72,0.7,0.0,0.71,0.72,0.7,0.72,0.72,0.71,0.72
4482,0.0,0.7,0.7,0.0,0.0,0.72,0.0,0.0,0.7,0.7,0.68,0.72,0.7,0.71,0.72,0.72,0.7,0.72,0.72,0.71,0.7,0.71,0.7,0.7,0.73,0.71,0.0,0.0,0.7,0.7,0.7,0.0,0.0,0.0,0.0,0.71,0.69,0.71,0.71,0.7,0.71,0.71,0.7,0.69,0.7,0.71,0.72,0.0,0.0,0.72,0.72,0.71,0.71,0.7,0.7,0.69,0.0,0.7,0.71,0.69,0.72,0.71,0.71,0.72
4483,0.0,0.69,0.69,0.0,0.0,0.7,0.0,0.0,0.67,0.68,0.67,0.69,0.68,0.69,0.7,0.7,0.68,0.69,0.7,0.69,0.67,0.69,0.68,0.68,0.7,0.69,0.0,0.0,0.68,0.69,0.68,0.0,0.0,0.0,0.0,0.69,0.68,0.69,0.69,0.69,0.69,0.69,0.68,0.67,0.68,0.7,0.7,0.0,0.0,0.7,0.69,0.69,0.68,0.69,0.68,0.67,0.0,0.68,0.69,0.68,0.69,0.69,0.69,0.69
4484,0.0,0.64,0.64,0.0,0.0,0.64,0.0,0.0,0.62,0.62,0.61,0.63,0.62,0.63,0.63,0.63,0.62,0.63,0.64,0.63,0.61,0.63,0.62,0.62,0.64,0.64,0.0,0.0,0.63,0.64,0.63,0.0,0.0,0.0,0.0,0.64,0.62,0.63,0.64,0.63,0.63,0.64,0.63,0.62,0.62,0.64,0.64,0.0,0.0,0.65,0.64,0.64,0.63,0.64,0.63,0.63,0.0,0.63,0.64,0.63,0.64,0.64,0.64,0.64
4485,0.0,0.41,0.42,0.0,0.0,0.38,0.0,0.0,0.34,0.32,0.34,0.34,0.29,0.32,0.32,0.33,0.35,0.3,0.31,0.33,0.32,0.32,0.28,0.35,0.35,0.41,0.0,0.0,0.4,0.41,0.4,0.0,0.0,0.0,0.0,0.39,0.36,0.36,0.39,0.36,0.37,0.39,0.38,0.36,0.35,0.39,0.38,0.0,0.0,0.38,0.41,0.41,0.38,0.4,0.38,0.39,0.0,0.4,0.4,0.39,0.4,0.41,0.4,0.4
4486,0.0,0.06,0.06,0.0,0.0,0.05,0.0,0.0,0.05,0.04,0.05,0.05,0.04,0.05,0.05,0.05,0.05,0.05,0.05,0.05,0.05,0.05,0.05,0.05,0.05,0.06,0.0,0.0,0.06,0.06,0.06,0.0,0.0,0.0,0.0,0.05,0.05,0.05,0.05,0.05,0.05,0.05,0.05,0.05,0.05,0.05,0.05,0.0,0.0,0.05,0.07,0.06,0.06,0.08,0.05,0.07,0.0,0.06,0.07,0.05,0.07,0.07,0.06,0.08
4487,0.0,0.02,0.02,0.0,0.0,0.01,0.0,0.0,0.01,0.02,0.01,0.02,0.0,0.01,0.0,0.0,0.02,0.01,0.02,0.01,0.02,0.0,0.0,0.01,0.0,0.03,0.0,0.0,0.02,0.02,0.02,0.0,0.0,0.0,0.0,0.02,0.02,0.02,0.02,0.02,0.02,0.02,0.02,0.01,0.01,0.02,0.01,0.0,0.0,0.01,0.02,0.01,0.02,0.02,0.03,0.03,0.0,0.01,0.02,0.02,0.02,0.03,0.01,0.02
4488,0.0,0.0,0.0,0.0,0.0,0.0,0.0,0.0,0.0,0.0,0.0,0.0,0.0,0.0,0.0,0.0,0.0,0.0,0.0,0.0,0.0,0.0,0.0,0.0,0.0,0.0,0.0,0.0,0.0,0.0,0.0,0.0,0.0,0.0,0.0,0.0,0.0,0.0,0.0,0.0,0.0,0.0,0.0,0.0,0.0,0.0,0.0,0.0,0.0,0.0,0.0,0.0,0.0,0.0,0.0,0.0,0.0,0.0,0.0,0.0,0.0,0.0,0.0,0.0
4489,0.0,0.0,0.0,0.0,0.0,0.0,0.0,0.0,0.0,0.0,0.0,0.0,0.0,0.0,0.0,0.0,0.0,0.0,0.0,0.0,0.0,0.0,0.0,0.0,0.0,0.0,0.0,0.0,0.0,0.0,0.0,0.0,0.0,0.0,0.0,0.0,0.0,0.0,0.0,0.0,0.0,0.0,0.0,0.0,0.0,0.0,0.0,0.0,0.0,0.0,0.0,0.0,0.0,0.0,0.0,0.0,0.0,0.0,0.0,0.0,0.0,0.0,0.0,0.0
4490,0.0,0.0,0.0,0.0,0.0,0.0,0.0,0.0,0.0,0.0,0.0,0.0,0.0,0.0,0.0,0.0,0.0,0.0,0.0,0.0,0.0,0.0,0.0,0.0,0.0,0.0,0.0,0.0,0.0,0.0,0.0,0.0,0.0,0.0,0.0,0.0,0.0,0.0,0.0,0.0,0.0,0.0,0.0,0.0,0.0,0.0,0.0,0.0,0.0,0.0,0.0,0.0,0.0,0.0,0.0,0.0,0.0,0.0,0.0,0.0,0.0,0.0,0.0,0.0
4491,0.0,0.0,0.0,0.0,0.0,0.0,0.0,0.0,0.0,0.0,0.0,0.0,0.0,0.0,0.0,0.0,0.0,0.0,0.0,0.0,0.0,0.0,0.0,0.0,0.0,0.0,0.0,0.0,0.0,0.0,0.0,0.0,0.0,0.0,0.0,0.0,0.0,0.0,0.0,0.0,0.0,0.0,0.0,0.0,0.0,0.0,0.0,0.0,0.0,0.0,0.0,0.0,0.0,0.0,0.0,0.0,0.0,0.0,0.0,0.0,0.0,0.0,0.0,0.0
4492,0.0,0.0,0.0,0.0,0.0,0.0,0.0,0.0,0.0,0.0,0.0,0.0,0.0,0.0,0.0,0.0,0.0,0.0,0.0,0.0,0.0,0.0,0.0,0.0,0.0,0.0,0.0,0.0,0.0,0.0,0.0,0.0,0.0,0.0,0.0,0.0,0.0,0.0,0.0,0.0,0.0,0.0,0.0,0.0,0.0,0.0,0.0,0.0,0.0,0.0,0.0,0.0,0.0,0.0,0.0,0.0,0.0,0.0,0.0,0.0,0.0,0.0,0.0,0.0
4493,0.0,0.0,0.0,0.0,0.0,0.0,0.0,0.0,0.0,0.0,0.0,0.0,0.0,0.0,0.0,0.0,0.0,0.0,0.0,0.0,0.0,0.0,0.0,0.0,0.0,0.0,0.0,0.0,0.0,0.0,0.0,0.0,0.0,0.0,0.0,0.0,0.0,0.0,0.0,0.0,0.0,0.0,0.0,0.0,0.0,0.0,0.0,0.0,0.0,0.0,0.0,0.0,0.0,0.0,0.0,0.0,0.0,0.0,0.0,0.0,0.0,0.0,0.0,0.0
4494,0.0,0.0,0.0,0.0,0.0,0.0,0.0,0.0,0.0,0.0,0.0,0.0,0.0,0.0,0.0,0.0,0.0,0.0,0.0,0.0,0.0,0.0,0.0,0.0,0.0,0.0,0.0,0.0,0.0,0.0,0.0,0.0,0.0,0.0,0.0,0.0,0.0,0.0,0.0,0.0,0.0,0.0,0.0,0.0,0.0,0.0,0.0,0.0,0.0,0.0,0.0,0.0,0.0,0.0,0.0,0.0,0.0,0.0,0.0,0.0,0.0,0.0,0.0,0.0
4495,0.0,0.0,0.0,0.0,0.0,0.0,0.0,0.0,0.0,0.0,0.0,0.0,0.0,0.0,0.0,0.0,0.0,0.0,0.0,0.0,0.0,0.0,0.0,0.0,0.0,0.0,0.0,0.0,0.0,0.0,0.0,0.0,0.0,0.0,0.0,0.0,0.0,0.0,0.0,0.0,0.0,0.0,0.0,0.0,0.0,0.0,0.0,0.0,0.0,0.0,0.0,0.0,0.0,0.0,0.0,0.0,0.0,0.0,0.0,0.0,0.0,0.0,0.0,0.0
4496,0.0,0.0,0.0,0.0,0.0,0.0,0.0,0.0,0.0,0.0,0.0,0.0,0.0,0.0,0.0,0.0,0.0,0.0,0.0,0.0,0.0,0.0,0.0,0.0,0.0,0.0,0.0,0.0,0.0,0.0,0.0,0.0,0.0,0.0,0.0,0.0,0.0,0.0,0.0,0.0,0.0,0.0,0.0,0.0,0.0,0.0,0.0,0.0,0.0,0.0,0.0,0.0,0.0,0.0,0.0,0.0,0.0,0.0,0.0,0.0,0.0,0.0,0.0,0.0
4497,0.0,0.03,0.03,0.0,0.0,0.03,0.0,0.0,0.03,0.02,0.03,0.02,0.03,0.03,0.03,0.03,0.02,0.03,0.03,0.03,0.03,0.03,0.03,0.03,0.03,0.02,0.0,0.0,0.02,0.02,0.02,0.0,0.0,0.0,0.0,0.02,0.02,0.02,0.02,0.02,0.02,0.02,0.02,0.03,0.03,0.02,0.03,0.0,0.0,0.03,0.04,0.03,0.03,0.03,0.04,0.04,0.0,0.03,0.03,0.03,0.04,0.03,0.03,0.04
4498,0.0,0.05,0.05,0.0,0.0,0.09,0.0,0.0,0.12,0.14,0.11,0.12,0.18,0.14,0.14,0.14,0.11,0.16,0.16,0.14,0.15,0.15,0.18,0.11,0.12,0.05,0.0,0.0,0.06,0.05,0.06,0.0,0.0,0.0,0.0,0.08,0.09,0.1,0.08,0.1,0.09,0.08,0.08,0.1,0.1,0.08,0.09,0.0,0.0,0.09,0.07,0.07,0.09,0.07,0.1,0.07,0.0,0.07,0.09,0.08,0.09,0.07,0.08,0.08
4499,0.0,0.45,0.44,0.0,0.0,0.48,0.0,0.0,0.5,0.56,0.48,0.47,0.56,0.53,0.52,0.51,0.47,0.52,0.49,0.5,0.48,0.54,0.56,0.5,0.52,0.45,0.0,0.0,0.42,0.45,0.45,0.0,0.0,0.0,0.0,0.47,0.48,0.47,0.47,0.47,0.49,0.48,0.48,0.49,0.5,0.48,0.48,0.0,0.0,0.48,0.46,0.45,0.47,0.45,0.48,0.43,0.0,0.45,0.46,0.46,0.45,0.46,0.43,0.46
4500,0.0,0.6,0.6,0.0,0.0,0.61,0.0,0.0,0.58,0.66,0.58,0.54,0.62,0.61,0.6,0.58,0.59,0.6,0.63,0.59,0.65,0.62,0.6,0.62,0.63,0.61,0.0,0.0,0.59,0.6,0.6,0.0,0.0,0.0,0.0,0.61,0.61,0.58,0.61,0.6,0.63,0.62,0.62,0.61,0.62,0.62,0.61,0.0,0.0,0.61,0.61,0.61,0.61,0.6,0.62,0.56,0.0,0.59,0.62,0.62,0.62,0.61,0.61,0.62
4501,0.0,0.64,0.65,0.0,0.0,0.66,0.0,0.0,0.62,0.69,0.62,0.62,0.65,0.66,0.64,0.63,0.66,0.62,0.66,0.62,0.68,0.66,0.65,0.66,0.68,0.66,0.0,0.0,0.64,0.65,0.65,0.0,0.0,0.0,0.0,0.65,0.65,0.62,0.66,0.66,0.67,0.66,0.66,0.66,0.66,0.66,0.66,0.0,0.0,0.66,0.67,0.66,0.66,0.65,0.67,0.64,0.0,0.65,0.66,0.66,0.68,0.66,0.61,0.67
4502,0.0,0.66,0.66,0.0,0.0,0.67,0.0,0.0,0.63,0.71,0.63,0.68,0.66,0.67,0.66,0.64,0.67,0.66,0.66,0.63,0.7,0.67,0.67,0.67,0.69,0.67,0.0,0.0,0.66,0.66,0.67,0.0,0.0,0.0,0.0,0.67,0.66,0.66,0.67,0.68,0.68,0.62,0.66,0.66,0.67,0.68,0.67,0.0,0.0,0.67,0.68,0.68,0.68,0.67,0.69,0.68,0.0,0.67,0.68,0.69,0.69,0.68,0.67,0.69
4503,0.0,0.67,0.67,0.0,0.0,0.69,0.0,0.0,0.63,0.71,0.64,0.69,0.67,0.68,0.68,0.65,0.69,0.67,0.68,0.64,0.72,0.68,0.67,0.67,0.71,0.69,0.0,0.0,0.68,0.67,0.68,0.0,0.0,0.0,0.0,0.67,0.68,0.68,0.68,0.69,0.7,0.67,0.67,0.67,0.67,0.69,0.68,0.0,0.0,0.69,0.69,0.7,0.69,0.68,0.71,0.69,0.0,0.69,0.69,0.7,0.69,0.69,0.7,0.69
4504,0.0,0.67,0.68,0.0,0.0,0.69,0.0,0.0,0.64,0.7,0.62,0.7,0.67,0.65,0.67,0.64,0.69,0.7,0.71,0.64,0.72,0.67,0.68,0.66,0.71,0.69,0.0,0.0,0.68,0.68,0.68,0.0,0.0,0.0,0.0,0.68,0.68,0.69,0.69,0.69,0.7,0.68,0.69,0.67,0.68,0.69,0.69,0.0,0.0,0.69,0.69,0.7,0.68,0.69,0.7,0.68,0.0,0.69,0.68,0.7,0.69,0.69,0.7,0.68
4505,0.0,0.67,0.67,0.0,0.0,0.68,0.0,0.0,0.63,0.69,0.65,0.7,0.65,0.37,0.63,0.63,0.69,0.68,0.69,0.62,0.7,0.3,0.67,0.67,0.71,0.69,0.0,0.0,0.68,0.67,0.68,0.0,0.0,0.0,0.0,0.67,0.68,0.68,0.68,0.68,0.69,0.68,0.68,0.67,0.67,0.69,0.68,0.0,0.0,0.69,0.69,0.69,0.68,0.68,0.68,0.68,0.0,0.69,0.68,0.69,0.69,0.69,0.69,0.68
4506,0.0,0.67,0.68,0.0,0.0,0.68,0.0,0.0,0.64,0.69,0.65,0.7,0.66,0.64,0.65,0.65,0.69,0.68,0.7,0.64,0.71,0.46,0.67,0.67,0.71,0.69,0.0,0.0,0.68,0.67,0.68,0.0,0.0,0.0,0.0,0.67,0.67,0.68,0.68,0.69,0.68,0.68,0.68,0.67,0.67,0.69,0.68,0.0,0.0,0.68,0.69,0.69,0.7,0.69,0.71,0.69,0.0,0.69,0.69,0.7,0.69,0.69,0.69,0.69
4507,0.0,0.29,0.65,0.0,0.0,0.67,0.0,0.0,0.45,0.68,0.54,0.66,0.41,0.64,0.63,0.63,0.68,0.6,0.61,0.63,0.69,0.64,0.66,0.65,0.69,0.66,0.0,0.0,0.67,0.19,0.55,0.0,0.0,0.0,0.0,0.66,0.64,0.67,0.67,0.67,0.67,0.66,0.66,0.65,0.65,0.67,0.66,0.0,0.0,0.67,0.68,0.68,0.68,0.67,0.68,0.67,0.0,0.68,0.68,0.69,0.69,0.68,0.68,0.68
4508,0.0,0.12,0.3,0.0,0.0,0.62,0.0,0.0,0.57,0.62,0.56,0.63,0.56,0.59,0.49,0.2,0.63,0.57,0.59,0.47,0.63,0.59,0.6,0.6,0.64,0.62,0.0,0.0,0.62,0.12,0.58,0.0,0.0,0.0,0.0,0.62,0.61,0.63,0.63,0.63,0.63,0.62,0.62,0.6,0.6,0.63,0.62,0.0,0.0,0.62,0.64,0.63,0.63,0.63,0.64,0.62,0.0,0.63,0.63,0.63,0.63,0.64,0.64,0.63
4509,0.0,0.19,0.34,0.0,0.0,0.38,0.0,0.0,0.33,0.33,0.34,0.35,0.28,0.3,0.31,0.31,0.36,0.3,0.32,0.32,0.34,0.29,0.26,0.35,0.35,0.41,0.0,0.0,0.4,0.3,0.4,0.0,0.0,0.0,0.0,0.38,0.36,0.37,0.39,0.37,0.38,0.38,0.38,0.36,0.35,0.39,0.38,0.0,0.0,0.37,0.41,0.42,0.4,0.41,0.4,0.41,0.0,0.41,0.4,0.4,0.39,0.41,0.41,0.4
4510,0.0,0.07,0.06,0.0,0.0,0.05,0.0,0.0,0.04,0.04,0.05,0.04,0.05,0.04,0.04,0.04,0.04,0.04,0.04,0.04,0.04,0.04,0.04,0.04,0.04,0.05,0.0,0.0,0.05,0.06,0.05,0.0,0.0,0.0,0.0,0.05,0.04,0.05,0.05,0.04,0.06,0.05,0.05,0.04,0.04,0.05,0.07,0.0,0.0,0.05,0.06,0.07,0.05,0.05,0.04,0.05,0.0,0.05,0.05,0.05,0.07,0.07,0.05,0.05
4511,0.0,0.02,0.03,0.0,0.0,0.0,0.0,0.0,0.02,0.02,0.02,0.02,0.0,0.01,0.01,0.01,0.02,0.02,0.02,0.01,0.02,0.01,0.01,0.02,0.0,0.03,0.0,0.0,0.02,0.02,0.02,0.0,0.0,0.0,0.0,0.02,0.02,0.02,0.03,0.02,0.02,0.02,0.02,0.02,0.02,0.02,0.0,0.0,0.0,0.0,0.03,0.03,0.03,0.03,0.03,0.03,0.0,0.03,0.03,0.03,0.03,0.03,0.03,0.03
4512,0.0,0.0,0.0,0.0,0.0,0.0,0.0,0.0,0.0,0.0,0.0,0.0,0.0,0.0,0.0,0.0,0.0,0.0,0.0,0.0,0.0,0.0,0.0,0.0,0.0,0.0,0.0,0.0,0.0,0.0,0.0,0.0,0.0,0.0,0.0,0.0,0.0,0.0,0.0,0.0,0.0,0.0,0.0,0.0,0.0,0.0,0.0,0.0,0.0,0.0,0.0,0.0,0.0,0.0,0.0,0.0,0.0,0.0,0.0,0.0,0.0,0.0,0.0,0.0
4513,0.0,0.0,0.0,0.0,0.0,0.0,0.0,0.0,0.0,0.0,0.0,0.0,0.0,0.0,0.0,0.0,0.0,0.0,0.0,0.0,0.0,0.0,0.0,0.0,0.0,0.0,0.0,0.0,0.0,0.0,0.0,0.0,0.0,0.0,0.0,0.0,0.0,0.0,0.0,0.0,0.0,0.0,0.0,0.0,0.0,0.0,0.0,0.0,0.0,0.0,0.0,0.0,0.0,0.0,0.0,0.0,0.0,0.0,0.0,0.0,0.0,0.0,0.0,0.0
4514,0.0,0.0,0.0,0.0,0.0,0.0,0.0,0.0,0.0,0.0,0.0,0.0,0.0,0.0,0.0,0.0,0.0,0.0,0.0,0.0,0.0,0.0,0.0,0.0,0.0,0.0,0.0,0.0,0.0,0.0,0.0,0.0,0.0,0.0,0.0,0.0,0.0,0.0,0.0,0.0,0.0,0.0,0.0,0.0,0.0,0.0,0.0,0.0,0.0,0.0,0.0,0.0,0.0,0.0,0.0,0.0,0.0,0.0,0.0,0.0,0.0,0.0,0.0,0.0
4515,0.0,0.0,0.0,0.0,0.0,0.0,0.0,0.0,0.0,0.0,0.0,0.0,0.0,0.0,0.0,0.0,0.0,0.0,0.0,0.0,0.0,0.0,0.0,0.0,0.0,0.0,0.0,0.0,0.0,0.0,0.0,0.0,0.0,0.0,0.0,0.0,0.0,0.0,0.0,0.0,0.0,0.0,0.0,0.0,0.0,0.0,0.0,0.0,0.0,0.0,0.0,0.0,0.0,0.0,0.0,0.0,0.0,0.0,0.0,0.0,0.0,0.0,0.0,0.0
4516,0.0,0.0,0.0,0.0,0.0,0.0,0.0,0.0,0.0,0.0,0.0,0.0,0.0,0.0,0.0,0.0,0.0,0.0,0.0,0.0,0.0,0.0,0.0,0.0,0.0,0.0,0.0,0.0,0.0,0.0,0.0,0.0,0.0,0.0,0.0,0.0,0.0,0.0,0.0,0.0,0.0,0.0,0.0,0.0,0.0,0.0,0.0,0.0,0.0,0.0,0.0,0.0,0.0,0.0,0.0,0.0,0.0,0.0,0.0,0.0,0.0,0.0,0.0,0.0
4517,0.0,0.0,0.0,0.0,0.0,0.0,0.0,0.0,0.0,0.0,0.0,0.0,0.0,0.0,0.0,0.0,0.0,0.0,0.0,0.0,0.0,0.0,0.0,0.0,0.0,0.0,0.0,0.0,0.0,0.0,0.0,0.0,0.0,0.0,0.0,0.0,0.0,0.0,0.0,0.0,0.0,0.0,0.0,0.0,0.0,0.0,0.0,0.0,0.0,0.0,0.0,0.0,0.0,0.0,0.0,0.0,0.0,0.0,0.0,0.0,0.0,0.0,0.0,0.0
4518,0.0,0.0,0.0,0.0,0.0,0.0,0.0,0.0,0.0,0.0,0.0,0.0,0.0,0.0,0.0,0.0,0.0,0.0,0.0,0.0,0.0,0.0,0.0,0.0,0.0,0.0,0.0,0.0,0.0,0.0,0.0,0.0,0.0,0.0,0.0,0.0,0.0,0.0,0.0,0.0,0.0,0.0,0.0,0.0,0.0,0.0,0.0,0.0,0.0,0.0,0.0,0.0,0.0,0.0,0.0,0.0,0.0,0.0,0.0,0.0,0.0,0.0,0.0,0.0
4519,0.0,0.0,0.0,0.0,0.0,0.0,0.0,0.0,0.0,0.0,0.0,0.0,0.0,0.0,0.0,0.0,0.0,0.0,0.0,0.0,0.0,0.0,0.0,0.0,0.0,0.0,0.0,0.0,0.0,0.0,0.0,0.0,0.0,0.0,0.0,0.0,0.0,0.0,0.0,0.0,0.0,0.0,0.0,0.0,0.0,0.0,0.0,0.0,0.0,0.0,0.0,0.0,0.0,0.0,0.0,0.0,0.0,0.0,0.0,0.0,0.0,0.0,0.0,0.0
4520,0.0,0.0,0.0,0.0,0.0,0.0,0.0,0.0,0.0,0.0,0.0,0.0,0.0,0.0,0.0,0.0,0.0,0.0,0.0,0.0,0.0,0.0,0.0,0.0,0.0,0.0,0.0,0.0,0.0,0.0,0.0,0.0,0.0,0.0,0.0,0.0,0.0,0.0,0.0,0.0,0.0,0.0,0.0,0.0,0.0,0.0,0.0,0.0,0.0,0.0,0.0,0.0,0.0,0.0,0.0,0.0,0.0,0.0,0.0,0.0,0.0,0.0,0.0,0.0
4521,0.0,0.02,0.02,0.0,0.0,0.02,0.0,0.0,0.02,0.02,0.01,0.03,0.02,0.04,0.02,0.03,0.01,0.04,0.03,0.02,0.03,0.04,0.02,0.01,0.02,0.02,0.0,0.0,0.02,0.02,0.02,0.0,0.0,0.0,0.0,0.02,0.01,0.02,0.01,0.02,0.02,0.02,0.02,0.02,0.01,0.01,0.02,0.0,0.0,0.02,0.01,0.01,0.01,0.02,0.02,0.03,0.0,0.02,0.01,0.02,0.01,0.02,0.01,0.01
4522,0.0,0.07,0.07,0.0,0.0,0.1,0.0,0.0,0.13,0.15,0.12,0.13,0.18,0.15,0.15,0.14,0.12,0.17,0.16,0.14,0.15,0.15,0.18,0.11,0.12,0.07,0.0,0.0,0.07,0.07,0.07,0.0,0.0,0.0,0.0,0.08,0.1,0.11,0.08,0.12,0.1,0.09,0.09,0.11,0.11,0.09,0.1,0.0,0.0,0.1,0.07,0.06,0.09,0.07,0.1,0.07,0.0,0.08,0.07,0.1,0.07,0.07,0.07,0.07
4523,0.0,0.42,0.41,0.0,0.0,0.45,0.0,0.0,0.48,0.53,0.48,0.48,0.54,0.52,0.51,0.5,0.48,0.53,0.54,0.5,0.52,0.52,0.54,0.47,0.48,0.44,0.0,0.0,0.44,0.42,0.44,0.0,0.0,0.0,0.0,0.45,0.47,0.48,0.45,0.48,0.47,0.45,0.45,0.46,0.47,0.45,0.45,0.0,0.0,0.45,0.43,0.44,0.44,0.43,0.38,0.42,0.0,0.43,0.43,0.44,0.43,0.43,0.44,0.44
4524,0.0,0.61,0.61,0.0,0.0,0.61,0.0,0.0,0.61,0.65,0.6,0.59,0.64,0.62,0.63,0.61,0.58,0.66,0.66,0.61,0.64,0.64,0.64,0.6,0.63,0.63,0.0,0.0,0.62,0.61,0.62,0.0,0.0,0.0,0.0,0.62,0.61,0.63,0.61,0.64,0.63,0.61,0.62,0.59,0.59,0.61,0.61,0.0,0.0,0.61,0.61,0.63,0.62,0.61,0.63,0.61,0.0,0.61,0.59,0.61,0.62,0.61,0.63,0.6
4525,0.0,0.65,0.65,0.0,0.0,0.64,0.0,0.0,0.64,0.69,0.64,0.69,0.65,0.65,0.66,0.65,0.67,0.69,0.69,0.64,0.68,0.66,0.67,0.65,0.67,0.66,0.0,0.0,0.65,0.65,0.66,0.0,0.0,0.0,0.0,0.66,0.64,0.65,0.65,0.67,0.67,0.65,0.66,0.63,0.65,0.65,0.65,0.0,0.0,0.65,0.65,0.66,0.64,0.65,0.65,0.64,0.0,0.64,0.65,0.64,0.65,0.65,0.67,0.64
4526,0.0,0.65,0.65,0.0,0.0,0.64,0.0,0.0,0.64,0.68,0.64,0.68,0.66,0.65,0.64,0.64,0.65,0.69,0.69,0.65,0.67,0.66,0.68,0.66,0.67,0.67,0.0,0.0,0.65,0.66,0.66,0.0,0.0,0.0,0.0,0.66,0.66,0.67,0.64,0.65,0.68,0.65,0.65,0.65,0.67,0.65,0.65,0.0,0.0,0.65,0.67,0.67,0.65,0.66,0.64,0.65,0.0,0.66,0.67,0.64,0.67,0.67,0.67,0.66
4527,0.0,0.66,0.66,0.0,0.0,0.65,0.0,0.0,0.65,0.67,0.63,0.67,0.67,0.66,0.65,0.64,0.65,0.69,0.69,0.66,0.66,0.66,0.68,0.67,0.67,0.68,0.0,0.0,0.66,0.66,0.67,0.0,0.0,0.0,0.0,0.65,0.68,0.69,0.64,0.36,0.7,0.64,0.66,0.66,0.68,0.64,0.65,0.0,0.0,0.66,0.69,0.68,0.68,0.67,0.65,0.65,0.0,0.68,0.68,0.66,0.69,0.68,0.67,0.68
4528,0.0,0.67,0.67,0.0,0.0,0.66,0.0,0.0,0.65,0.62,0.64,0.67,0.66,0.64,0.63,0.63,0.3,0.68,0.68,0.64,0.68,0.65,0.68,0.67,0.66,0.68,0.0,0.0,0.67,0.67,0.68,0.0,0.0,0.0,0.0,0.66,0.68,0.7,0.66,0.21,0.7,0.65,0.66,0.67,0.68,0.66,0.66,0.0,0.0,0.66,0.69,0.68,0.68,0.68,0.67,0.67,0.0,0.68,0.68,0.66,0.69,0.69,0.68,0.68
4529,0.0,0.67,0.66,0.0,0.0,0.66,0.0,0.0,0.67,0.6,0.66,0.12,0.67,0.62,0.64,0.64,0.68,0.66,0.67,0.64,0.67,0.62,0.15,0.68,0.66,0.67,0.0,0.0,0.68,0.67,0.67,0.0,0.0,0.0,0.0,0.65,0.68,0.7,0.67,0.7,0.7,0.65,0.67,0.67,0.68,0.66,0.66,0.0,0.0,0.66,0.68,0.68,0.67,0.68,0.66,0.67,0.0,0.68,0.62,0.66,0.54,0.7,0.68,0.58
4530,0.0,0.66,0.66,0.0,0.0,0.67,0.0,0.0,0.67,0.37,0.67,0.06,0.66,0.65,0.56,0.67,0.67,0.66,0.24,0.66,0.07,0.64,0.68,0.68,0.66,0.67,0.0,0.0,0.68,0.66,0.67,0.0,0.0,0.0,0.0,0.64,0.67,0.69,0.66,0.69,0.66,0.65,0.66,0.67,0.68,0.66,0.66,0.0,0.0,0.67,0.69,0.6,0.68,0.69,0.65,0.22,0.0,0.66,0.68,0.66,0.56,0.7,0.67,0.65
4531,0.0,0.66,0.62,0.0,0.0,0.66,0.0,0.0,0.67,0.14,0.66,0.38,0.63,0.64,0.65,0.66,0.67,0.08,0.04,0.66,0.04,0.64,0.65,0.64,0.65,0.37,0.0,0.0,0.24,0.66,0.43,0.0,0.0,0.0,0.0,0.64,0.25,0.67,0.52,0.66,0.67,0.55,0.24,0.67,0.41,0.36,0.66,0.0,0.0,0.67,0.69,0.64,0.66,0.68,0.63,0.68,0.0,0.14,0.68,0.66,0.38,0.68,0.65,0.66
4532,0.0,0.6,0.62,0.0,0.0,0.61,0.0,0.0,0.6,0.16,0.47,0.03,0.56,0.59,0.6,0.6,0.62,0.0,0.01,0.6,0.01,0.06,0.03,0.32,0.6,0.25,0.0,0.0,0.18,0.59,0.17,0.0,0.0,0.0,0.0,0.12,0.13,0.6,0.46,0.6,0.36,0.21,0.2,0.21,0.25,0.27,0.61,0.0,0.0,0.62,0.64,0.63,0.62,0.63,0.09,0.65,0.0,0.64,0.63,0.63,0.64,0.64,0.61,0.63
4533,0.0,0.09,0.1,0.0,0.0,0.36,0.0,0.0,0.07,0.11,0.32,0.08,0.01,0.03,0.04,0.3,0.34,0.0,0.0,0.31,0.02,0.03,0.01,0.24,0.32,0.22,0.0,0.0,0.38,0.14,0.2,0.0,0.0,0.0,0.0,0.07,0.27,0.34,0.37,0.34,0.08,0.35,0.36,0.07,0.28,0.37,0.35,0.0,0.0,0.35,0.4,0.4,0.37,0.38,0.38,0.4,0.0,0.38,0.39,0.38,0.4,0.4,0.39,0.4
4534,0.0,0.07,0.08,0.0,0.0,0.06,0.0,0.0,0.05,0.05,0.05,0.06,0.0,0.0,0.02,0.02,0.06,0.01,0.05,0.05,0.01,0.02,0.01,0.06,0.06,0.06,0.0,0.0,0.06,0.08,0.06,0.0,0.0,0.0,0.0,0.07,0.06,0.05,0.06,0.05,0.02,0.06,0.06,0.06,0.06,0.06,0.06,0.0,0.0,0.07,0.06,0.06,0.06,0.07,0.06,0.07,0.0,0.06,0.06,0.06,0.06,0.07,0.06,0.06
4535,0.0,0.02,0.02,0.0,0.0,0.0,0.0,0.0,0.01,0.02,0.01,0.02,0.0,0.0,0.0,0.0,0.02,0.0,0.0,0.0,0.0,0.0,0.0,0.01,0.0,0.03,0.0,0.0,0.02,0.02,0.02,0.0,0.0,0.0,0.0,0.02,0.02,0.01,0.02,0.01,0.02,0.02,0.02,0.01,0.01,0.02,0.0,0.0,0.0,0.0,0.02,0.03,0.02,0.03,0.0,0.03,0.0,0.03,0.02,0.02,0.02,0.02,0.03,0.02
4536,0.0,0.0,0.0,0.0,0.0,0.0,0.0,0.0,0.0,0.0,0.0,0.0,0.0,0.0,0.0,0.0,0.0,0.0,0.0,0.0,0.0,0.0,0.0,0.0,0.0,0.0,0.0,0.0,0.0,0.0,0.0,0.0,0.0,0.0,0.0,0.0,0.0,0.0,0.0,0.0,0.0,0.0,0.0,0.0,0.0,0.0,0.0,0.0,0.0,0.0,0.0,0.0,0.0,0.0,0.0,0.0,0.0,0.0,0.0,0.0,0.0,0.0,0.0,0.0
4537,0.0,0.0,0.0,0.0,0.0,0.0,0.0,0.0,0.0,0.0,0.0,0.0,0.0,0.0,0.0,0.0,0.0,0.0,0.0,0.0,0.0,0.0,0.0,0.0,0.0,0.0,0.0,0.0,0.0,0.0,0.0,0.0,0.0,0.0,0.0,0.0,0.0,0.0,0.0,0.0,0.0,0.0,0.0,0.0,0.0,0.0,0.0,0.0,0.0,0.0,0.0,0.0,0.0,0.0,0.0,0.0,0.0,0.0,0.0,0.0,0.0,0.0,0.0,0.0
4538,0.0,0.0,0.0,0.0,0.0,0.0,0.0,0.0,0.0,0.0,0.0,0.0,0.0,0.0,0.0,0.0,0.0,0.0,0.0,0.0,0.0,0.0,0.0,0.0,0.0,0.0,0.0,0.0,0.0,0.0,0.0,0.0,0.0,0.0,0.0,0.0,0.0,0.0,0.0,0.0,0.0,0.0,0.0,0.0,0.0,0.0,0.0,0.0,0.0,0.0,0.0,0.0,0.0,0.0,0.0,0.0,0.0,0.0,0.0,0.0,0.0,0.0,0.0,0.0
4539,0.0,0.0,0.0,0.0,0.0,0.0,0.0,0.0,0.0,0.0,0.0,0.0,0.0,0.0,0.0,0.0,0.0,0.0,0.0,0.0,0.0,0.0,0.0,0.0,0.0,0.0,0.0,0.0,0.0,0.0,0.0,0.0,0.0,0.0,0.0,0.0,0.0,0.0,0.0,0.0,0.0,0.0,0.0,0.0,0.0,0.0,0.0,0.0,0.0,0.0,0.0,0.0,0.0,0.0,0.0,0.0,0.0,0.0,0.0,0.0,0.0,0.0,0.0,0.0
4540,0.0,0.0,0.0,0.0,0.0,0.0,0.0,0.0,0.0,0.0,0.0,0.0,0.0,0.0,0.0,0.0,0.0,0.0,0.0,0.0,0.0,0.0,0.0,0.0,0.0,0.0,0.0,0.0,0.0,0.0,0.0,0.0,0.0,0.0,0.0,0.0,0.0,0.0,0.0,0.0,0.0,0.0,0.0,0.0,0.0,0.0,0.0,0.0,0.0,0.0,0.0,0.0,0.0,0.0,0.0,0.0,0.0,0.0,0.0,0.0,0.0,0.0,0.0,0.0
4541,0.0,0.0,0.0,0.0,0.0,0.0,0.0,0.0,0.0,0.0,0.0,0.0,0.0,0.0,0.0,0.0,0.0,0.0,0.0,0.0,0.0,0.0,0.0,0.0,0.0,0.0,0.0,0.0,0.0,0.0,0.0,0.0,0.0,0.0,0.0,0.0,0.0,0.0,0.0,0.0,0.0,0.0,0.0,0.0,0.0,0.0,0.0,0.0,0.0,0.0,0.0,0.0,0.0,0.0,0.0,0.0,0.0,0.0,0.0,0.0,0.0,0.0,0.0,0.0
4542,0.0,0.0,0.0,0.0,0.0,0.0,0.0,0.0,0.0,0.0,0.0,0.0,0.0,0.0,0.0,0.0,0.0,0.0,0.0,0.0,0.0,0.0,0.0,0.0,0.0,0.0,0.0,0.0,0.0,0.0,0.0,0.0,0.0,0.0,0.0,0.0,0.0,0.0,0.0,0.0,0.0,0.0,0.0,0.0,0.0,0.0,0.0,0.0,0.0,0.0,0.0,0.0,0.0,0.0,0.0,0.0,0.0,0.0,0.0,0.0,0.0,0.0,0.0,0.0
4543,0.0,0.0,0.0,0.0,0.0,0.0,0.0,0.0,0.0,0.0,0.0,0.0,0.0,0.0,0.0,0.0,0.0,0.0,0.0,0.0,0.0,0.0,0.0,0.0,0.0,0.0,0.0,0.0,0.0,0.0,0.0,0.0,0.0,0.0,0.0,0.0,0.0,0.0,0.0,0.0,0.0,0.0,0.0,0.0,0.0,0.0,0.0,0.0,0.0,0.0,0.0,0.0,0.0,0.0,0.0,0.0,0.0,0.0,0.0,0.0,0.0,0.0,0.0,0.0
4544,0.0,0.0,0.0,0.0,0.0,0.0,0.0,0.0,0.0,0.0,0.0,0.0,0.0,0.0,0.0,0.0,0.0,0.0,0.0,0.0,0.0,0.0,0.0,0.0,0.0,0.0,0.0,0.0,0.0,0.0,0.0,0.0,0.0,0.0,0.0,0.0,0.0,0.0,0.0,0.0,0.0,0.0,0.0,0.0,0.0,0.0,0.0,0.0,0.0,0.0,0.0,0.0,0.0,0.0,0.0,0.0,0.0,0.0,0.0,0.0,0.0,0.0,0.0,0.0
4545,0.0,0.03,0.01,0.0,0.0,0.04,0.0,0.0,0.04,0.05,0.04,0.04,0.04,0.04,0.04,0.04,0.04,0.04,0.04,0.04,0.04,0.04,0.05,0.04,0.04,0.03,0.0,0.0,0.04,0.03,0.04,0.0,0.0,0.0,0.0,0.04,0.04,0.04,0.04,0.04,0.04,0.04,0.04,0.04,0.04,0.04,0.04,0.0,0.0,0.04,0.03,0.03,0.02,0.03,0.02,0.02,0.0,0.03,0.04,0.04,0.01,0.03,0.03,0.02
4546,0.0,0.06,0.06,0.0,0.0,0.09,0.0,0.0,0.13,0.15,0.12,0.13,0.18,0.15,0.15,0.14,0.12,0.09,0.16,0.14,0.14,0.15,0.18,0.11,0.12,0.06,0.0,0.0,0.07,0.06,0.07,0.0,0.0,0.0,0.0,0.08,0.1,0.11,0.08,0.11,0.1,0.08,0.09,0.1,0.11,0.08,0.09,0.0,0.0,0.09,0.06,0.06,0.09,0.06,0.07,0.08,0.0,0.07,0.07,0.08,0.08,0.06,0.07,0.07
4547,0.0,0.43,0.42,0.0,0.0,0.46,0.0,0.0,0.5,0.46,0.48,0.52,0.55,0.52,0.52,0.51,0.51,0.12,0.55,0.51,0.49,0.53,0.55,0.48,0.49,0.44,0.0,0.0,0.44,0.43,0.44,0.0,0.0,0.0,0.0,0.45,0.47,0.5,0.46,0.5,0.49,0.46,0.46,0.47,0.48,0.46,0.46,0.0,0.0,0.46,0.44,0.44,0.23,0.38,0.28,0.43,0.0,0.45,0.44,0.45,0.44,0.44,0.45,0.44
4548,0.0,0.63,0.63,0.0,0.0,0.63,0.0,0.0,0.64,0.63,0.64,0.66,0.64,0.64,0.64,0.64,0.68,0.62,0.61,0.64,0.6,0.64,0.65,0.64,0.64,0.65,0.0,0.0,0.64,0.64,0.64,0.0,0.0,0.0,0.0,0.64,0.64,0.68,0.64,0.68,0.67,0.64,0.65,0.63,0.64,0.65,0.63,0.0,0.0,0.63,0.65,0.64,0.66,0.63,0.64,0.6,0.0,0.64,0.64,0.63,0.64,0.65,0.65,0.64
4549,0.0,0.67,0.67,0.0,0.0,0.66,0.0,0.0,0.67,0.67,0.69,0.66,0.63,0.68,0.68,0.67,0.7,0.66,0.67,0.68,0.67,0.68,0.63,0.67,0.67,0.69,0.0,0.0,0.68,0.68,0.68,0.0,0.0,0.0,0.0,0.67,0.67,0.72,0.68,0.72,0.71,0.68,0.68,0.66,0.67,0.68,0.67,0.0,0.0,0.67,0.68,0.68,0.69,0.68,0.67,0.63,0.0,0.68,0.68,0.66,0.68,0.68,0.69,0.68
4550,0.0,0.67,0.67,0.0,0.0,0.66,0.0,0.0,0.67,0.67,0.69,0.69,0.61,0.67,0.67,0.68,0.69,0.67,0.67,0.67,0.68,0.65,0.65,0.67,0.66,0.69,0.0,0.0,0.65,0.68,0.68,0.0,0.0,0.0,0.0,0.67,0.67,0.7,0.67,0.71,0.7,0.67,0.67,0.66,0.67,0.68,0.67,0.0,0.0,0.67,0.68,0.68,0.68,0.68,0.67,0.65,0.0,0.67,0.68,0.67,0.68,0.68,0.68,0.68
4551,0.0,0.69,0.69,0.0,0.0,0.67,0.0,0.0,0.68,0.69,0.69,0.7,0.68,0.69,0.68,0.68,0.7,0.68,0.7,0.68,0.7,0.69,0.68,0.68,0.66,0.71,0.0,0.0,0.69,0.69,0.69,0.0,0.0,0.0,0.0,0.68,0.68,0.71,0.69,0.72,0.71,0.68,0.68,0.68,0.68,0.69,0.67,0.0,0.0,0.67,0.7,0.7,0.7,0.7,0.69,0.67,0.0,0.69,0.7,0.69,0.7,0.7,0.7,0.7
4552,0.0,0.69,0.7,0.0,0.0,0.68,0.0,0.0,0.68,0.67,0.69,0.71,0.68,0.68,0.69,0.68,0.7,0.68,0.7,0.68,0.7,0.69,0.68,0.69,0.63,0.71,0.0,0.0,0.7,0.7,0.7,0.0,0.0,0.0,0.0,0.69,0.69,0.71,0.69,0.72,0.71,0.69,0.69,0.68,0.69,0.7,0.68,0.0,0.0,0.68,0.7,0.7,0.7,0.65,0.7,0.67,0.0,0.69,0.69,0.7,0.7,0.68,0.7,0.7
4553,0.0,0.68,0.69,0.0,0.0,0.68,0.0,0.0,0.67,0.69,0.68,0.69,0.67,0.66,0.67,0.67,0.69,0.67,0.69,0.67,0.7,0.66,0.66,0.68,0.65,0.71,0.0,0.0,0.68,0.69,0.7,0.0,0.0,0.0,0.0,0.68,0.67,0.7,0.69,0.71,0.7,0.66,0.68,0.67,0.68,0.69,0.68,0.0,0.0,0.68,0.57,0.7,0.69,0.69,0.7,0.67,0.0,0.7,0.62,0.68,0.59,0.69,0.69,0.18
4554,0.0,0.67,0.68,0.0,0.0,0.66,0.0,0.0,0.65,0.67,0.66,0.68,0.65,0.64,0.65,0.65,0.68,0.66,0.67,0.64,0.68,0.62,0.63,0.67,0.64,0.69,0.0,0.0,0.67,0.68,0.68,0.0,0.0,0.0,0.0,0.65,0.66,0.69,0.68,0.69,0.69,0.67,0.66,0.63,0.66,0.67,0.66,0.0,0.0,0.66,0.68,0.68,0.68,0.68,0.69,0.67,0.0,0.68,0.68,0.68,0.34,0.68,0.68,0.53
4555,0.0,0.67,0.67,0.0,0.0,0.66,0.0,0.0,0.65,0.68,0.66,0.68,0.66,0.65,0.65,0.65,0.68,0.66,0.67,0.65,0.69,0.65,0.64,0.66,0.64,0.69,0.0,0.0,0.67,0.68,0.68,0.0,0.0,0.0,0.0,0.66,0.66,0.69,0.63,0.7,0.69,0.62,0.52,0.65,0.66,0.48,0.66,0.0,0.0,0.66,0.68,0.68,0.68,0.67,0.68,0.67,0.0,0.68,0.67,0.68,0.68,0.68,0.68,0.67
4556,0.0,0.62,0.62,0.0,0.0,0.6,0.0,0.0,0.6,0.53,0.57,0.63,0.58,0.59,0.59,0.59,0.62,0.6,0.61,0.59,0.63,0.59,0.6,0.61,0.57,0.64,0.0,0.0,0.63,0.61,0.61,0.0,0.0,0.0,0.0,0.62,0.18,0.62,0.63,0.63,0.64,0.6,0.3,0.6,0.61,0.6,0.61,0.0,0.0,0.61,0.64,0.63,0.63,0.63,0.63,0.63,0.0,0.63,0.63,0.64,0.63,0.64,0.63,0.63
4557,0.0,0.41,0.41,0.0,0.0,0.36,0.0,0.0,0.34,0.34,0.35,0.35,0.28,0.31,0.3,0.29,0.36,0.3,0.31,0.31,0.34,0.31,0.28,0.35,0.32,0.41,0.0,0.0,0.4,0.41,0.41,0.0,0.0,0.0,0.0,0.38,0.37,0.37,0.39,0.37,0.38,0.38,0.38,0.35,0.36,0.39,0.35,0.0,0.0,0.35,0.42,0.42,0.4,0.41,0.39,0.42,0.0,0.41,0.41,0.4,0.41,0.42,0.41,0.41
4558,0.0,0.05,0.05,0.0,0.0,0.05,0.0,0.0,0.04,0.04,0.04,0.04,0.04,0.04,0.04,0.04,0.04,0.04,0.04,0.04,0.04,0.04,0.04,0.07,0.04,0.05,0.0,0.0,0.05,0.05,0.06,0.0,0.0,0.0,0.0,0.05,0.04,0.04,0.05,0.04,0.04,0.05,0.05,0.05,0.06,0.06,0.06,0.0,0.0,0.06,0.05,0.05,0.05,0.05,0.04,0.05,0.0,0.05,0.05,0.05,0.05,0.05,0.05,0.05
4559,0.0,0.02,0.03,0.0,0.0,0.02,0.0,0.0,0.02,0.02,0.02,0.02,0.0,0.01,0.01,0.01,0.02,0.02,0.02,0.02,0.02,0.01,0.01,0.02,0.0,0.03,0.0,0.0,0.02,0.02,0.02,0.0,0.0,0.0,0.0,0.02,0.02,0.02,0.02,0.02,0.02,0.02,0.02,0.02,0.02,0.02,0.02,0.0,0.0,0.02,0.03,0.03,0.03,0.03,0.02,0.03,0.0,0.03,0.03,0.03,0.03,0.03,0.03,0.03
4560,0.0,0.0,0.0,0.0,0.0,0.0,0.0,0.0,0.0,0.0,0.0,0.0,0.0,0.0,0.0,0.0,0.0,0.0,0.0,0.0,0.0,0.0,0.0,0.0,0.0,0.0,0.0,0.0,0.0,0.0,0.0,0.0,0.0,0.0,0.0,0.0,0.0,0.0,0.0,0.0,0.0,0.0,0.0,0.0,0.0,0.0,0.0,0.0,0.0,0.0,0.0,0.0,0.0,0.0,0.0,0.0,0.0,0.0,0.0,0.0,0.0,0.0,0.0,0.0
4561,0.0,0.0,0.0,0.0,0.0,0.0,0.0,0.0,0.0,0.0,0.0,0.0,0.0,0.0,0.0,0.0,0.0,0.0,0.0,0.0,0.0,0.0,0.0,0.0,0.0,0.0,0.0,0.0,0.0,0.0,0.0,0.0,0.0,0.0,0.0,0.0,0.0,0.0,0.0,0.0,0.0,0.0,0.0,0.0,0.0,0.0,0.0,0.0,0.0,0.0,0.0,0.0,0.0,0.0,0.0,0.0,0.0,0.0,0.0,0.0,0.0,0.0,0.0,0.0
4562,0.0,0.0,0.0,0.0,0.0,0.0,0.0,0.0,0.0,0.0,0.0,0.0,0.0,0.0,0.0,0.0,0.0,0.0,0.0,0.0,0.0,0.0,0.0,0.0,0.0,0.0,0.0,0.0,0.0,0.0,0.0,0.0,0.0,0.0,0.0,0.0,0.0,0.0,0.0,0.0,0.0,0.0,0.0,0.0,0.0,0.0,0.0,0.0,0.0,0.0,0.0,0.0,0.0,0.0,0.0,0.0,0.0,0.0,0.0,0.0,0.0,0.0,0.0,0.0
4563,0.0,0.0,0.0,0.0,0.0,0.0,0.0,0.0,0.0,0.0,0.0,0.0,0.0,0.0,0.0,0.0,0.0,0.0,0.0,0.0,0.0,0.0,0.0,0.0,0.0,0.0,0.0,0.0,0.0,0.0,0.0,0.0,0.0,0.0,0.0,0.0,0.0,0.0,0.0,0.0,0.0,0.0,0.0,0.0,0.0,0.0,0.0,0.0,0.0,0.0,0.0,0.0,0.0,0.0,0.0,0.0,0.0,0.0,0.0,0.0,0.0,0.0,0.0,0.0
4564,0.0,0.0,0.0,0.0,0.0,0.0,0.0,0.0,0.0,0.0,0.0,0.0,0.0,0.0,0.0,0.0,0.0,0.0,0.0,0.0,0.0,0.0,0.0,0.0,0.0,0.0,0.0,0.0,0.0,0.0,0.0,0.0,0.0,0.0,0.0,0.0,0.0,0.0,0.0,0.0,0.0,0.0,0.0,0.0,0.0,0.0,0.0,0.0,0.0,0.0,0.0,0.0,0.0,0.0,0.0,0.0,0.0,0.0,0.0,0.0,0.0,0.0,0.0,0.0
4565,0.0,0.0,0.0,0.0,0.0,0.0,0.0,0.0,0.0,0.0,0.0,0.0,0.0,0.0,0.0,0.0,0.0,0.0,0.0,0.0,0.0,0.0,0.0,0.0,0.0,0.0,0.0,0.0,0.0,0.0,0.0,0.0,0.0,0.0,0.0,0.0,0.0,0.0,0.0,0.0,0.0,0.0,0.0,0.0,0.0,0.0,0.0,0.0,0.0,0.0,0.0,0.0,0.0,0.0,0.0,0.0,0.0,0.0,0.0,0.0,0.0,0.0,0.0,0.0
4566,0.0,0.0,0.0,0.0,0.0,0.0,0.0,0.0,0.0,0.0,0.0,0.0,0.0,0.0,0.0,0.0,0.0,0.0,0.0,0.0,0.0,0.0,0.0,0.0,0.0,0.0,0.0,0.0,0.0,0.0,0.0,0.0,0.0,0.0,0.0,0.0,0.0,0.0,0.0,0.0,0.0,0.0,0.0,0.0,0.0,0.0,0.0,0.0,0.0,0.0,0.0,0.0,0.0,0.0,0.0,0.0,0.0,0.0,0.0,0.0,0.0,0.0,0.0,0.0
4567,0.0,0.0,0.0,0.0,0.0,0.0,0.0,0.0,0.0,0.0,0.0,0.0,0.0,0.0,0.0,0.0,0.0,0.0,0.0,0.0,0.0,0.0,0.0,0.0,0.0,0.0,0.0,0.0,0.0,0.0,0.0,0.0,0.0,0.0,0.0,0.0,0.0,0.0,0.0,0.0,0.0,0.0,0.0,0.0,0.0,0.0,0.0,0.0,0.0,0.0,0.0,0.0,0.0,0.0,0.0,0.0,0.0,0.0,0.0,0.0,0.0,0.0,0.0,0.0
4568,0.0,0.0,0.0,0.0,0.0,0.0,0.0,0.0,0.0,0.0,0.0,0.0,0.0,0.0,0.0,0.0,0.0,0.0,0.0,0.0,0.0,0.0,0.0,0.0,0.0,0.0,0.0,0.0,0.0,0.0,0.0,0.0,0.0,0.0,0.0,0.0,0.0,0.0,0.0,0.0,0.0,0.0,0.0,0.0,0.0,0.0,0.0,0.0,0.0,0.0,0.0,0.0,0.0,0.0,0.0,0.0,0.0,0.0,0.0,0.0,0.0,0.0,0.0,0.0
4569,0.0,0.03,0.02,0.0,0.0,0.03,0.0,0.0,0.04,0.03,0.04,0.04,0.05,0.04,0.04,0.04,0.04,0.05,0.04,0.04,0.04,0.04,0.05,0.04,0.04,0.03,0.0,0.0,0.04,0.03,0.03,0.0,0.0,0.0,0.0,0.03,0.04,0.04,0.04,0.04,0.04,0.04,0.04,0.04,0.04,0.04,0.03,0.0,0.0,0.03,0.04,0.04,0.04,0.04,0.04,0.04,0.0,0.04,0.04,0.04,0.04,0.04,0.04,0.04
4570,0.0,0.07,0.07,0.0,0.0,0.1,0.0,0.0,0.13,0.11,0.12,0.13,0.18,0.15,0.15,0.14,0.12,0.15,0.15,0.14,0.15,0.15,0.18,0.11,0.12,0.07,0.0,0.0,0.08,0.07,0.08,0.0,0.0,0.0,0.0,0.09,0.1,0.11,0.09,0.11,0.1,0.09,0.09,0.11,0.11,0.09,0.1,0.0,0.0,0.1,0.07,0.07,0.09,0.07,0.09,0.08,0.0,0.08,0.07,0.08,0.07,0.07,0.08,0.07
4571,0.0,0.42,0.41,0.0,0.0,0.43,0.0,0.0,0.47,0.08,0.47,0.49,0.53,0.49,0.5,0.49,0.48,0.47,0.47,0.48,0.48,0.5,0.48,0.46,0.46,0.42,0.0,0.0,0.42,0.42,0.42,0.0,0.0,0.0,0.0,0.43,0.46,0.46,0.44,0.47,0.47,0.44,0.44,0.46,0.47,0.44,0.43,0.0,0.0,0.43,0.44,0.43,0.45,0.42,0.46,0.41,0.0,0.43,0.44,0.44,0.44,0.44,0.43,0.44
4572,0.0,0.61,0.61,0.0,0.0,0.6,0.0,0.0,0.62,0.21,0.62,0.64,0.62,0.62,0.62,0.61,0.63,0.63,0.64,0.61,0.6,0.62,0.61,0.62,0.6,0.63,0.0,0.0,0.62,0.62,0.62,0.0,0.0,0.0,0.0,0.61,0.62,0.62,0.62,0.64,0.65,0.62,0.61,0.61,0.62,0.62,0.6,0.0,0.0,0.6,0.63,0.63,0.63,0.58,0.63,0.6,0.0,0.6,0.63,0.57,0.63,0.62,0.63,0.64
4573,0.0,0.66,0.66,0.0,0.0,0.64,0.0,0.0,0.66,0.41,0.65,0.67,0.65,0.66,0.65,0.65,0.67,0.66,0.66,0.66,0.04,0.65,0.66,0.65,0.63,0.68,0.0,0.0,0.67,0.66,0.67,0.0,0.0,0.0,0.0,0.65,0.65,0.66,0.66,0.68,0.68,0.66,0.66,0.64,0.65,0.66,0.64,0.0,0.0,0.64,0.67,0.67,0.65,0.62,0.64,0.64,0.0,0.64,0.67,0.64,0.67,0.66,0.68,0.67
4574,0.0,0.68,0.69,0.0,0.0,0.66,0.0,0.0,0.67,0.42,0.65,0.69,0.67,0.68,0.67,0.67,0.7,0.09,0.08,0.68,0.66,0.68,0.67,0.67,0.65,0.7,0.0,0.0,0.7,0.69,0.7,0.0,0.0,0.0,0.0,0.68,0.68,0.68,0.69,0.7,0.69,0.69,0.68,0.67,0.67,0.69,0.67,0.0,0.0,0.66,0.69,0.69,0.66,0.69,0.7,0.67,0.0,0.7,0.69,0.69,0.7,0.69,0.7,0.7
4575,0.0,0.69,0.69,0.0,0.0,0.68,0.0,0.0,0.68,0.71,0.67,0.71,0.68,0.68,0.68,0.68,0.7,0.66,0.68,0.68,0.71,0.68,0.68,0.68,0.69,0.71,0.0,0.0,0.7,0.69,0.7,0.0,0.0,0.0,0.0,0.7,0.69,0.49,0.7,0.6,0.39,0.69,0.69,0.68,0.69,0.7,0.68,0.0,0.0,0.68,0.51,0.7,0.7,0.7,0.71,0.69,0.0,0.7,0.43,0.7,0.68,0.59,0.71,0.63
4576,0.0,0.7,0.7,0.0,0.0,0.68,0.0,0.0,0.64,0.71,0.39,0.72,0.18,0.68,0.61,0.68,0.71,0.4,0.1,0.67,0.71,0.68,0.68,0.68,0.7,0.72,0.0,0.0,0.71,0.7,0.7,0.0,0.0,0.0,0.0,0.69,0.69,0.46,0.71,0.6,0.7,0.71,0.7,0.69,0.69,0.7,0.68,0.0,0.0,0.68,0.72,0.3,0.71,0.71,0.72,0.7,0.0,0.71,0.71,0.7,0.71,0.72,0.67,0.71
4577,0.0,0.69,0.69,0.0,0.0,0.67,0.0,0.0,0.4,0.71,0.6,0.71,0.68,0.68,0.68,0.66,0.7,0.69,0.71,0.64,0.71,0.68,0.68,0.53,0.69,0.71,0.0,0.0,0.7,0.7,0.7,0.0,0.0,0.0,0.0,0.7,0.68,0.69,0.29,0.71,0.66,0.59,0.28,0.57,0.68,0.2,0.67,0.0,0.0,0.48,0.71,0.38,0.71,0.7,0.72,0.71,0.0,0.71,0.7,0.71,0.56,0.71,0.37,0.67
4578,0.0,0.69,0.69,0.0,0.0,0.65,0.0,0.0,0.66,0.7,0.54,0.7,0.18,0.26,0.55,0.63,0.69,0.68,0.7,0.64,0.71,0.47,0.67,0.62,0.68,0.33,0.0,0.0,0.4,0.69,0.65,0.0,0.0,0.0,0.0,0.51,0.26,0.68,0.3,0.7,0.56,0.24,0.19,0.42,0.31,0.44,0.66,0.0,0.0,0.66,0.69,0.29,0.7,0.7,0.71,0.7,0.0,0.7,0.69,0.7,0.58,0.7,0.29,0.62
4579,0.0,0.25,0.34,0.0,0.0,0.63,0.0,0.0,0.64,0.69,0.41,0.68,0.65,0.63,0.64,0.64,0.67,0.67,0.68,0.64,0.69,0.6,0.65,0.16,0.65,0.22,0.0,0.0,0.46,0.16,0.25,0.0,0.0,0.0,0.0,0.17,0.2,0.68,0.21,0.68,0.27,0.27,0.2,0.14,0.16,0.22,0.64,0.0,0.0,0.63,0.68,0.68,0.68,0.68,0.7,0.69,0.0,0.69,0.68,0.69,0.68,0.69,0.68,0.68
4580,0.0,0.24,0.21,0.0,0.0,0.54,0.0,0.0,0.44,0.66,0.61,0.66,0.61,0.61,0.61,0.38,0.65,0.64,0.66,0.36,0.66,0.61,0.62,0.15,0.62,0.4,0.0,0.0,0.64,0.48,0.32,0.0,0.0,0.0,0.0,0.33,0.54,0.66,0.64,0.66,0.66,0.62,0.64,0.13,0.18,0.65,0.55,0.0,0.0,0.53,0.67,0.58,0.14,0.66,0.67,0.68,0.0,0.67,0.66,0.67,0.67,0.67,0.3,0.66
4581,0.0,0.4,0.39,0.0,0.0,0.12,0.0,0.0,0.35,0.35,0.36,0.37,0.27,0.32,0.2,0.15,0.37,0.33,0.34,0.33,0.36,0.32,0.29,0.37,0.34,0.22,0.0,0.0,0.26,0.42,0.27,0.0,0.0,0.0,0.0,0.36,0.38,0.38,0.39,0.39,0.4,0.38,0.37,0.38,0.37,0.36,0.16,0.0,0.0,0.13,0.44,0.44,0.42,0.44,0.42,0.44,0.0,0.43,0.44,0.43,0.44,0.44,0.19,0.44
4582,0.0,0.05,0.05,0.0,0.0,0.06,0.0,0.0,0.04,0.04,0.04,0.04,0.01,0.04,0.04,0.04,0.04,0.04,0.04,0.04,0.04,0.06,0.04,0.04,0.04,0.05,0.0,0.0,0.05,0.05,0.05,0.0,0.0,0.0,0.0,0.05,0.04,0.04,0.05,0.04,0.04,0.06,0.05,0.05,0.04,0.05,0.05,0.0,0.0,0.05,0.05,0.05,0.05,0.05,0.05,0.05,0.0,0.05,0.05,0.05,0.05,0.05,0.05,0.05
4583,0.0,0.02,0.02,0.0,0.0,0.02,0.0,0.0,0.02,0.01,0.02,0.01,0.01,0.02,0.01,0.02,0.02,0.01,0.01,0.02,0.01,0.02,0.01,0.02,0.0,0.02,0.0,0.0,0.02,0.02,0.02,0.0,0.0,0.0,0.0,0.02,0.02,0.02,0.02,0.02,0.01,0.02,0.02,0.02,0.02,0.02,0.02,0.0,0.0,0.01,0.02,0.02,0.02,0.02,0.02,0.02,0.0,0.02,0.02,0.02,0.02,0.02,0.02,0.02
4584,0.0,0.0,0.0,0.0,0.0,0.0,0.0,0.0,0.0,0.0,0.0,0.0,0.0,0.0,0.0,0.0,0.0,0.0,0.0,0.0,0.0,0.0,0.0,0.0,0.0,0.0,0.0,0.0,0.0,0.0,0.0,0.0,0.0,0.0,0.0,0.0,0.0,0.0,0.0,0.0,0.0,0.0,0.0,0.0,0.0,0.0,0.0,0.0,0.0,0.0,0.0,0.0,0.0,0.0,0.0,0.0,0.0,0.0,0.0,0.0,0.0,0.0,0.0,0.0
4585,0.0,0.0,0.0,0.0,0.0,0.0,0.0,0.0,0.0,0.0,0.0,0.0,0.0,0.0,0.0,0.0,0.0,0.0,0.0,0.0,0.0,0.0,0.0,0.0,0.0,0.0,0.0,0.0,0.0,0.0,0.0,0.0,0.0,0.0,0.0,0.0,0.0,0.0,0.0,0.0,0.0,0.0,0.0,0.0,0.0,0.0,0.0,0.0,0.0,0.0,0.0,0.0,0.0,0.0,0.0,0.0,0.0,0.0,0.0,0.0,0.0,0.0,0.0,0.0
4586,0.0,0.0,0.0,0.0,0.0,0.0,0.0,0.0,0.0,0.0,0.0,0.0,0.0,0.0,0.0,0.0,0.0,0.0,0.0,0.0,0.0,0.0,0.0,0.0,0.0,0.0,0.0,0.0,0.0,0.0,0.0,0.0,0.0,0.0,0.0,0.0,0.0,0.0,0.0,0.0,0.0,0.0,0.0,0.0,0.0,0.0,0.0,0.0,0.0,0.0,0.0,0.0,0.0,0.0,0.0,0.0,0.0,0.0,0.0,0.0,0.0,0.0,0.0,0.0
4587,0.0,0.0,0.0,0.0,0.0,0.0,0.0,0.0,0.0,0.0,0.0,0.0,0.0,0.0,0.0,0.0,0.0,0.0,0.0,0.0,0.0,0.0,0.0,0.0,0.0,0.0,0.0,0.0,0.0,0.0,0.0,0.0,0.0,0.0,0.0,0.0,0.0,0.0,0.0,0.0,0.0,0.0,0.0,0.0,0.0,0.0,0.0,0.0,0.0,0.0,0.0,0.0,0.0,0.0,0.0,0.0,0.0,0.0,0.0,0.0,0.0,0.0,0.0,0.0
4588,0.0,0.0,0.0,0.0,0.0,0.0,0.0,0.0,0.0,0.0,0.0,0.0,0.0,0.0,0.0,0.0,0.0,0.0,0.0,0.0,0.0,0.0,0.0,0.0,0.0,0.0,0.0,0.0,0.0,0.0,0.0,0.0,0.0,0.0,0.0,0.0,0.0,0.0,0.0,0.0,0.0,0.0,0.0,0.0,0.0,0.0,0.0,0.0,0.0,0.0,0.0,0.0,0.0,0.0,0.0,0.0,0.0,0.0,0.0,0.0,0.0,0.0,0.0,0.0
4589,0.0,0.0,0.0,0.0,0.0,0.0,0.0,0.0,0.0,0.0,0.0,0.0,0.0,0.0,0.0,0.0,0.0,0.0,0.0,0.0,0.0,0.0,0.0,0.0,0.0,0.0,0.0,0.0,0.0,0.0,0.0,0.0,0.0,0.0,0.0,0.0,0.0,0.0,0.0,0.0,0.0,0.0,0.0,0.0,0.0,0.0,0.0,0.0,0.0,0.0,0.0,0.0,0.0,0.0,0.0,0.0,0.0,0.0,0.0,0.0,0.0,0.0,0.0,0.0
4590,0.0,0.0,0.0,0.0,0.0,0.0,0.0,0.0,0.0,0.0,0.0,0.0,0.0,0.0,0.0,0.0,0.0,0.0,0.0,0.0,0.0,0.0,0.0,0.0,0.0,0.0,0.0,0.0,0.0,0.0,0.0,0.0,0.0,0.0,0.0,0.0,0.0,0.0,0.0,0.0,0.0,0.0,0.0,0.0,0.0,0.0,0.0,0.0,0.0,0.0,0.0,0.0,0.0,0.0,0.0,0.0,0.0,0.0,0.0,0.0,0.0,0.0,0.0,0.0
4591,0.0,0.0,0.0,0.0,0.0,0.0,0.0,0.0,0.0,0.0,0.0,0.0,0.0,0.0,0.0,0.0,0.0,0.0,0.0,0.0,0.0,0.0,0.0,0.0,0.0,0.0,0.0,0.0,0.0,0.0,0.0,0.0,0.0,0.0,0.0,0.0,0.0,0.0,0.0,0.0,0.0,0.0,0.0,0.0,0.0,0.0,0.0,0.0,0.0,0.0,0.0,0.0,0.0,0.0,0.0,0.0,0.0,0.0,0.0,0.0,0.0,0.0,0.0,0.0
4592,0.0,0.0,0.0,0.0,0.0,0.0,0.0,0.0,0.0,0.0,0.0,0.0,0.0,0.0,0.0,0.0,0.0,0.0,0.0,0.0,0.0,0.0,0.0,0.0,0.0,0.0,0.0,0.0,0.0,0.0,0.0,0.0,0.0,0.0,0.0,0.0,0.0,0.0,0.0,0.0,0.0,0.0,0.0,0.0,0.0,0.0,0.0,0.0,0.0,0.0,0.0,0.0,0.0,0.0,0.0,0.0,0.0,0.0,0.0,0.0,0.0,0.0,0.0,0.0
4593,0.0,0.02,0.02,0.0,0.0,0.02,0.0,0.0,0.02,0.02,0.02,0.01,0.02,0.02,0.02,0.02,0.02,0.02,0.02,0.02,0.02,0.02,0.02,0.02,0.02,0.02,0.0,0.0,0.02,0.02,0.02,0.0,0.0,0.0,0.0,0.02,0.02,0.02,0.02,0.02,0.02,0.02,0.02,0.02,0.02,0.02,0.02,0.0,0.0,0.02,0.02,0.02,0.02,0.02,0.02,0.02,0.0,0.02,0.02,0.02,0.02,0.02,0.02,0.02
4594,0.0,0.05,0.05,0.0,0.0,0.08,0.0,0.0,0.12,0.15,0.11,0.13,0.19,0.15,0.15,0.14,0.11,0.17,0.17,0.14,0.14,0.15,0.19,0.11,0.11,0.06,0.0,0.0,0.06,0.05,0.06,0.0,0.0,0.0,0.0,0.08,0.1,0.1,0.08,0.11,0.09,0.08,0.08,0.1,0.1,0.08,0.08,0.0,0.0,0.08,0.06,0.05,0.07,0.05,0.08,0.05,0.0,0.06,0.06,0.07,0.06,0.06,0.06,0.06
4595,0.0,0.48,0.47,0.0,0.0,0.48,0.0,0.0,0.54,0.58,0.53,0.57,0.61,0.57,0.57,0.56,0.54,0.6,0.61,0.55,0.57,0.57,0.61,0.53,0.52,0.48,0.0,0.0,0.48,0.48,0.48,0.0,0.0,0.0,0.0,0.49,0.51,0.54,0.5,0.54,0.53,0.51,0.5,0.52,0.52,0.5,0.48,0.0,0.0,0.49,0.48,0.47,0.5,0.48,0.51,0.46,0.0,0.48,0.49,0.49,0.48,0.48,0.48,0.48
4596,0.0,0.65,0.65,0.0,0.0,0.62,0.0,0.0,0.64,0.68,0.64,0.69,0.67,0.66,0.66,0.65,0.67,0.69,0.69,0.65,0.68,0.66,0.67,0.65,0.64,0.65,0.0,0.0,0.64,0.65,0.65,0.0,0.0,0.0,0.0,0.65,0.64,0.68,0.65,0.68,0.68,0.66,0.65,0.64,0.65,0.66,0.63,0.0,0.0,0.63,0.66,0.65,0.66,0.64,0.66,0.63,0.0,0.65,0.66,0.66,0.66,0.66,0.65,0.66
4597,0.0,0.69,0.69,0.0,0.0,0.67,0.0,0.0,0.67,0.72,0.69,0.73,0.7,0.7,0.7,0.69,0.71,0.72,0.73,0.69,0.72,0.7,0.7,0.69,0.68,0.69,0.0,0.0,0.67,0.7,0.68,0.0,0.0,0.0,0.0,0.69,0.68,0.72,0.69,0.72,0.72,0.7,0.69,0.68,0.69,0.7,0.66,0.0,0.0,0.67,0.71,0.7,0.71,0.69,0.71,0.68,0.0,0.69,0.71,0.7,0.7,0.71,0.7,0.7
4598,0.0,0.7,0.7,0.0,0.0,0.68,0.0,0.0,0.7,0.74,0.71,0.75,0.72,0.72,0.71,0.71,0.73,0.74,0.75,0.7,0.74,0.72,0.73,0.71,0.68,0.71,0.0,0.0,0.7,0.7,0.7,0.0,0.0,0.0,0.0,0.7,0.7,0.73,0.71,0.73,0.73,0.71,0.71,0.69,0.71,0.72,0.69,0.0,0.0,0.69,0.73,0.71,0.73,0.72,0.74,0.71,0.0,0.72,0.72,0.73,0.72,0.73,0.71,0.72
4599,0.0,0.72,0.72,0.0,0.0,0.69,0.0,0.0,0.72,0.75,0.72,0.76,0.73,0.73,0.72,0.72,0.74,0.75,0.76,0.72,0.75,0.73,0.73,0.72,0.69,0.72,0.0,0.0,0.72,0.72,0.72,0.0,0.0,0.0,0.0,0.71,0.72,0.74,0.73,0.75,0.75,0.72,0.72,0.71,0.72,0.73,0.69,0.0,0.0,0.69,0.74,0.73,0.74,0.73,0.75,0.73,0.0,0.73,0.74,0.74,0.74,0.74,0.73,0.74
4600,0.0,0.73,0.73,0.0,0.0,0.69,0.0,0.0,0.72,0.75,0.72,0.76,0.73,0.72,0.72,0.72,0.75,0.75,0.76,0.72,0.75,0.73,0.74,0.72,0.67,0.73,0.0,0.0,0.73,0.72,0.72,0.0,0.0,0.0,0.0,0.71,0.73,0.75,0.73,0.75,0.75,0.73,0.73,0.72,0.73,0.74,0.69,0.0,0.0,0.7,0.74,0.74,0.75,0.73,0.75,0.74,0.0,0.74,0.74,0.75,0.74,0.74,0.74,0.74
4601,0.0,0.72,0.72,0.0,0.0,0.7,0.0,0.0,0.72,0.74,0.72,0.75,0.73,0.72,0.72,0.72,0.74,0.74,0.75,0.72,0.75,0.73,0.73,0.72,0.67,0.73,0.0,0.0,0.73,0.73,0.72,0.0,0.0,0.0,0.0,0.71,0.72,0.75,0.72,0.75,0.75,0.72,0.72,0.72,0.72,0.73,0.7,0.0,0.0,0.7,0.74,0.74,0.75,0.73,0.75,0.73,0.0,0.74,0.74,0.75,0.74,0.74,0.74,0.74
4602,0.0,0.71,0.71,0.0,0.0,0.69,0.0,0.0,0.71,0.72,0.7,0.73,0.71,0.71,0.7,0.7,0.73,0.72,0.73,0.7,0.73,0.71,0.71,0.71,0.68,0.72,0.0,0.0,0.71,0.72,0.71,0.0,0.0,0.0,0.0,0.7,0.71,0.74,0.71,0.74,0.74,0.7,0.7,0.7,0.71,0.72,0.68,0.0,0.0,0.67,0.73,0.72,0.73,0.72,0.73,0.72,0.0,0.72,0.72,0.73,0.72,0.73,0.72,0.72
4603,0.0,0.71,0.7,0.0,0.0,0.67,0.0,0.0,0.7,0.71,0.7,0.72,0.7,0.7,0.7,0.69,0.72,0.72,0.72,0.69,0.72,0.7,0.7,0.7,0.68,0.72,0.0,0.0,0.71,0.71,0.71,0.0,0.0,0.0,0.0,0.7,0.7,0.73,0.71,0.73,0.73,0.71,0.7,0.7,0.7,0.71,0.68,0.0,0.0,0.68,0.72,0.72,0.73,0.71,0.73,0.71,0.0,0.71,0.72,0.72,0.72,0.72,0.72,0.72
4604,0.0,0.66,0.66,0.0,0.0,0.64,0.0,0.0,0.64,0.66,0.64,0.67,0.63,0.64,0.64,0.64,0.66,0.65,0.66,0.64,0.66,0.64,0.63,0.64,0.63,0.68,0.0,0.0,0.66,0.67,0.66,0.0,0.0,0.0,0.0,0.65,0.65,0.68,0.65,0.68,0.68,0.65,0.66,0.64,0.65,0.66,0.64,0.0,0.0,0.63,0.67,0.66,0.68,0.67,0.68,0.66,0.0,0.66,0.67,0.68,0.67,0.68,0.67,0.67
4605,0.0,0.43,0.44,0.0,0.0,0.4,0.0,0.0,0.36,0.35,0.37,0.37,0.3,0.33,0.33,0.34,0.38,0.32,0.33,0.34,0.35,0.33,0.3,0.37,0.35,0.44,0.0,0.0,0.43,0.43,0.43,0.0,0.0,0.0,0.0,0.41,0.39,0.4,0.42,0.4,0.41,0.41,0.41,0.38,0.38,0.42,0.39,0.0,0.0,0.39,0.44,0.44,0.42,0.44,0.42,0.43,0.0,0.43,0.43,0.43,0.44,0.44,0.44,0.44
4606,0.0,0.05,0.05,0.0,0.0,0.04,0.0,0.0,0.04,0.04,0.04,0.04,0.04,0.04,0.04,0.04,0.04,0.04,0.04,0.04,0.04,0.04,0.04,0.04,0.04,0.05,0.0,0.0,0.05,0.05,0.05,0.0,0.0,0.0,0.0,0.05,0.04,0.04,0.05,0.04,0.04,0.05,0.05,0.04,0.04,0.05,0.04,0.0,0.0,0.04,0.05,0.05,0.05,0.05,0.05,0.05,0.0,0.05,0.05,0.05,0.07,0.05,0.05,0.06
4607,0.0,0.02,0.02,0.0,0.0,0.01,0.0,0.0,0.02,0.02,0.02,0.02,0.0,0.01,0.01,0.01,0.02,0.02,0.02,0.01,0.02,0.01,0.0,0.02,0.0,0.02,0.0,0.0,0.03,0.02,0.02,0.0,0.0,0.0,0.0,0.02,0.02,0.02,0.02,0.02,0.02,0.02,0.02,0.02,0.02,0.02,0.01,0.0,0.0,0.01,0.03,0.03,0.03,0.03,0.03,0.03,0.0,0.03,0.03,0.03,0.03,0.03,0.03,0.03
4608,0.0,0.0,0.0,0.0,0.0,0.0,0.0,0.0,0.0,0.0,0.0,0.0,0.0,0.0,0.0,0.0,0.0,0.0,0.0,0.0,0.0,0.0,0.0,0.0,0.0,0.0,0.0,0.0,0.0,0.0,0.0,0.0,0.0,0.0,0.0,0.0,0.0,0.0,0.0,0.0,0.0,0.0,0.0,0.0,0.0,0.0,0.0,0.0,0.0,0.0,0.0,0.0,0.0,0.0,0.0,0.0,0.0,0.0,0.0,0.0,0.0,0.0,0.0,0.0
4609,0.0,0.0,0.0,0.0,0.0,0.0,0.0,0.0,0.0,0.0,0.0,0.0,0.0,0.0,0.0,0.0,0.0,0.0,0.0,0.0,0.0,0.0,0.0,0.0,0.0,0.0,0.0,0.0,0.0,0.0,0.0,0.0,0.0,0.0,0.0,0.0,0.0,0.0,0.0,0.0,0.0,0.0,0.0,0.0,0.0,0.0,0.0,0.0,0.0,0.0,0.0,0.0,0.0,0.0,0.0,0.0,0.0,0.0,0.0,0.0,0.0,0.0,0.0,0.0
4610,0.0,0.0,0.0,0.0,0.0,0.0,0.0,0.0,0.0,0.0,0.0,0.0,0.0,0.0,0.0,0.0,0.0,0.0,0.0,0.0,0.0,0.0,0.0,0.0,0.0,0.0,0.0,0.0,0.0,0.0,0.0,0.0,0.0,0.0,0.0,0.0,0.0,0.0,0.0,0.0,0.0,0.0,0.0,0.0,0.0,0.0,0.0,0.0,0.0,0.0,0.0,0.0,0.0,0.0,0.0,0.0,0.0,0.0,0.0,0.0,0.0,0.0,0.0,0.0
4611,0.0,0.0,0.0,0.0,0.0,0.0,0.0,0.0,0.0,0.0,0.0,0.0,0.0,0.0,0.0,0.0,0.0,0.0,0.0,0.0,0.0,0.0,0.0,0.0,0.0,0.0,0.0,0.0,0.0,0.0,0.0,0.0,0.0,0.0,0.0,0.0,0.0,0.0,0.0,0.0,0.0,0.0,0.0,0.0,0.0,0.0,0.0,0.0,0.0,0.0,0.0,0.0,0.0,0.0,0.0,0.0,0.0,0.0,0.0,0.0,0.0,0.0,0.0,0.0
4612,0.0,0.0,0.0,0.0,0.0,0.0,0.0,0.0,0.0,0.0,0.0,0.0,0.0,0.0,0.0,0.0,0.0,0.0,0.0,0.0,0.0,0.0,0.0,0.0,0.0,0.0,0.0,0.0,0.0,0.0,0.0,0.0,0.0,0.0,0.0,0.0,0.0,0.0,0.0,0.0,0.0,0.0,0.0,0.0,0.0,0.0,0.0,0.0,0.0,0.0,0.0,0.0,0.0,0.0,0.0,0.0,0.0,0.0,0.0,0.0,0.0,0.0,0.0,0.0
4613,0.0,0.0,0.0,0.0,0.0,0.0,0.0,0.0,0.0,0.0,0.0,0.0,0.0,0.0,0.0,0.0,0.0,0.0,0.0,0.0,0.0,0.0,0.0,0.0,0.0,0.0,0.0,0.0,0.0,0.0,0.0,0.0,0.0,0.0,0.0,0.0,0.0,0.0,0.0,0.0,0.0,0.0,0.0,0.0,0.0,0.0,0.0,0.0,0.0,0.0,0.0,0.0,0.0,0.0,0.0,0.0,0.0,0.0,0.0,0.0,0.0,0.0,0.0,0.0
4614,0.0,0.0,0.0,0.0,0.0,0.0,0.0,0.0,0.0,0.0,0.0,0.0,0.0,0.0,0.0,0.0,0.0,0.0,0.0,0.0,0.0,0.0,0.0,0.0,0.0,0.0,0.0,0.0,0.0,0.0,0.0,0.0,0.0,0.0,0.0,0.0,0.0,0.0,0.0,0.0,0.0,0.0,0.0,0.0,0.0,0.0,0.0,0.0,0.0,0.0,0.0,0.0,0.0,0.0,0.0,0.0,0.0,0.0,0.0,0.0,0.0,0.0,0.0,0.0
4615,0.0,0.0,0.0,0.0,0.0,0.0,0.0,0.0,0.0,0.0,0.0,0.0,0.0,0.0,0.0,0.0,0.0,0.0,0.0,0.0,0.0,0.0,0.0,0.0,0.0,0.0,0.0,0.0,0.0,0.0,0.0,0.0,0.0,0.0,0.0,0.0,0.0,0.0,0.0,0.0,0.0,0.0,0.0,0.0,0.0,0.0,0.0,0.0,0.0,0.0,0.0,0.0,0.0,0.0,0.0,0.0,0.0,0.0,0.0,0.0,0.0,0.0,0.0,0.0
4616,0.0,0.0,0.0,0.0,0.0,0.0,0.0,0.0,0.0,0.0,0.0,0.0,0.0,0.0,0.0,0.0,0.0,0.0,0.0,0.0,0.0,0.0,0.0,0.0,0.0,0.0,0.0,0.0,0.0,0.0,0.0,0.0,0.0,0.0,0.0,0.0,0.0,0.0,0.0,0.0,0.0,0.0,0.0,0.0,0.0,0.0,0.0,0.0,0.0,0.0,0.0,0.0,0.0,0.0,0.0,0.0,0.0,0.0,0.0,0.0,0.0,0.0,0.0,0.0
4617,0.0,0.03,0.03,0.0,0.0,0.03,0.0,0.0,0.03,0.05,0.02,0.03,0.03,0.03,0.03,0.03,0.02,0.03,0.02,0.03,0.03,0.03,0.03,0.03,0.03,0.03,0.0,0.0,0.03,0.03,0.03,0.0,0.0,0.0,0.0,0.03,0.02,0.03,0.03,0.04,0.04,0.02,0.02,0.02,0.03,0.02,0.03,0.0,0.0,0.02,0.0,0.02,0.04,0.01,0.04,0.03,0.0,0.01,0.0,0.03,0.01,0.0,0.03,0.01
4618,0.0,0.05,0.04,0.0,0.0,0.08,0.0,0.0,0.12,0.11,0.12,0.12,0.18,0.14,0.14,0.14,0.11,0.16,0.16,0.13,0.1,0.15,0.18,0.1,0.11,0.05,0.0,0.0,0.09,0.05,0.05,0.0,0.0,0.0,0.0,0.07,0.09,0.1,0.07,0.1,0.07,0.08,0.08,0.1,0.1,0.07,0.08,0.0,0.0,0.08,0.03,0.05,0.05,0.05,0.1,0.02,0.0,0.07,0.04,0.04,0.05,0.03,0.08,0.04
4619,0.0,0.43,0.43,0.0,0.0,0.47,0.0,0.0,0.51,0.22,0.26,0.51,0.57,0.55,0.55,0.54,0.22,0.55,0.55,0.53,0.09,0.54,0.59,0.5,0.51,0.21,0.0,0.0,0.27,0.42,0.39,0.0,0.0,0.0,0.0,0.43,0.46,0.14,0.09,0.08,0.13,0.28,0.46,0.49,0.5,0.12,0.47,0.0,0.0,0.48,0.05,0.08,0.45,0.13,0.06,0.05,0.0,0.06,0.05,0.09,0.2,0.06,0.22,0.08
4620,0.0,0.58,0.59,0.0,0.0,0.64,0.0,0.0,0.19,0.33,0.18,0.13,0.66,0.64,0.66,0.63,0.21,0.61,0.43,0.28,0.14,0.64,0.4,0.56,0.65,0.17,0.0,0.0,0.47,0.33,0.31,0.0,0.0,0.0,0.0,0.18,0.52,0.1,0.18,0.07,0.1,0.31,0.3,0.62,0.51,0.14,0.64,0.0,0.0,0.64,0.07,0.1,0.04,0.02,0.06,0.44,0.0,0.04,0.05,0.05,0.11,0.04,0.59,0.19
4621,0.0,0.59,0.62,0.0,0.0,0.65,0.0,0.0,0.21,0.4,0.14,0.12,0.65,0.28,0.27,0.38,0.07,0.28,0.26,0.3,0.23,0.35,0.62,0.28,0.67,0.2,0.0,0.0,0.26,0.57,0.3,0.0,0.0,0.0,0.0,0.2,0.11,0.09,0.62,0.1,0.09,0.64,0.2,0.27,0.19,0.39,0.65,0.0,0.0,0.66,0.69,0.67,0.02,0.19,0.55,0.32,0.0,0.3,0.68,0.64,0.34,0.68,0.56,0.68
4622,0.0,0.67,0.68,0.0,0.0,0.67,0.0,0.0,0.1,0.24,0.05,0.07,0.68,0.32,0.47,0.47,0.05,0.28,0.28,0.32,0.18,0.33,0.62,0.16,0.69,0.69,0.0,0.0,0.68,0.66,0.45,0.0,0.0,0.0,0.0,0.31,0.24,0.03,0.48,0.03,0.04,0.7,0.69,0.36,0.18,0.41,0.68,0.0,0.0,0.68,0.3,0.7,0.07,0.69,0.39,0.38,0.0,0.07,0.69,0.06,0.71,0.29,0.43,0.7
4623,0.0,0.69,0.55,0.0,0.0,0.68,0.0,0.0,0.03,0.08,0.02,0.14,0.7,0.3,0.16,0.14,0.07,0.6,0.59,0.05,0.07,0.16,0.5,0.7,0.36,0.7,0.0,0.0,0.69,0.7,0.7,0.0,0.0,0.0,0.0,0.7,0.7,0.24,0.7,0.14,0.44,0.7,0.7,0.69,0.7,0.71,0.68,0.0,0.0,0.68,0.73,0.72,0.16,0.06,0.04,0.7,0.0,0.12,0.72,0.03,0.72,0.02,0.72,0.72
4624,0.0,0.7,0.7,0.0,0.0,0.69,0.0,0.0,0.22,0.51,0.51,0.11,0.2,0.12,0.11,0.05,0.17,0.12,0.06,0.03,0.05,0.12,0.43,0.65,0.7,0.71,0.0,0.0,0.7,0.71,0.7,0.0,0.0,0.0,0.0,0.69,0.7,0.59,0.71,0.71,0.56,0.71,0.7,0.27,0.29,0.71,0.69,0.0,0.0,0.69,0.73,0.53,0.11,0.72,0.05,0.1,0.0,0.72,0.72,0.22,0.73,0.72,0.73,0.73
4625,0.0,0.4,0.34,0.0,0.0,0.67,0.0,0.0,0.13,0.18,0.68,0.18,0.2,0.04,0.04,0.18,0.08,0.13,0.1,0.21,0.02,0.06,0.14,0.7,0.7,0.71,0.0,0.0,0.7,0.55,0.7,0.0,0.0,0.0,0.0,0.69,0.71,0.7,0.7,0.71,0.71,0.7,0.7,0.44,0.7,0.7,0.59,0.0,0.0,0.64,0.73,0.72,0.1,0.72,0.07,0.72,0.0,0.71,0.72,0.71,0.73,0.72,0.72,0.72
4626,0.0,0.67,0.69,0.0,0.0,0.68,0.0,0.0,0.7,0.04,0.18,0.1,0.07,0.02,0.06,0.18,0.7,0.1,0.13,0.29,0.02,0.04,0.09,0.69,0.7,0.28,0.0,0.0,0.64,0.68,0.39,0.0,0.0,0.0,0.0,0.67,0.69,0.71,0.67,0.05,0.71,0.65,0.68,0.68,0.7,0.66,0.67,0.0,0.0,0.67,0.72,0.7,0.36,0.71,0.72,0.7,0.0,0.71,0.72,0.69,0.43,0.72,0.72,0.72
4627,0.0,0.64,0.66,0.0,0.0,0.32,0.0,0.0,0.69,0.01,0.67,0.02,0.06,0.02,0.04,0.68,0.69,0.05,0.04,0.68,0.7,0.02,0.06,0.68,0.68,0.64,0.0,0.0,0.61,0.47,0.66,0.0,0.0,0.0,0.0,0.64,0.69,0.69,0.7,0.7,0.7,0.7,0.69,0.65,0.68,0.7,0.26,0.0,0.0,0.61,0.71,0.71,0.72,0.7,0.7,0.68,0.0,0.7,0.71,0.69,0.58,0.71,0.71,0.71
4628,0.0,0.63,0.64,0.0,0.0,0.21,0.0,0.0,0.64,0.01,0.64,0.64,0.04,0.63,0.63,0.63,0.64,0.05,0.04,0.63,0.65,0.63,0.62,0.63,0.62,0.54,0.0,0.0,0.63,0.64,0.44,0.0,0.0,0.0,0.0,0.64,0.63,0.63,0.64,0.62,0.64,0.64,0.64,0.62,0.63,0.65,0.19,0.0,0.0,0.14,0.66,0.67,0.65,0.65,0.64,0.64,0.0,0.65,0.66,0.65,0.18,0.66,0.66,0.66
4629,0.0,0.41,0.41,0.0,0.0,0.08,0.0,0.0,0.35,0.09,0.36,0.02,0.1,0.07,0.32,0.33,0.28,0.31,0.32,0.34,0.34,0.32,0.04,0.36,0.06,0.43,0.0,0.0,0.41,0.41,0.42,0.0,0.0,0.0,0.0,0.39,0.37,0.37,0.4,0.29,0.39,0.39,0.39,0.36,0.36,0.4,0.08,0.0,0.0,0.06,0.42,0.43,0.4,0.42,0.39,0.42,0.0,0.41,0.42,0.4,0.42,0.42,0.43,0.42
4630,0.0,0.06,0.06,0.0,0.0,0.06,0.0,0.0,0.05,0.03,0.05,0.05,0.04,0.04,0.04,0.05,0.05,0.01,0.01,0.05,0.05,0.05,0.05,0.05,0.05,0.05,0.0,0.0,0.05,0.05,0.05,0.0,0.0,0.0,0.0,0.05,0.05,0.05,0.05,0.05,0.05,0.05,0.05,0.05,0.05,0.05,0.06,0.0,0.0,0.06,0.05,0.05,0.05,0.05,0.05,0.05,0.0,0.05,0.05,0.05,0.05,0.05,0.05,0.05
4631,0.0,0.02,0.02,0.0,0.0,0.01,0.0,0.0,0.01,0.0,0.01,0.0,0.0,0.01,0.0,0.0,0.0,0.0,0.0,0.01,0.02,0.0,0.0,0.01,0.0,0.02,0.0,0.0,0.02,0.02,0.02,0.0,0.0,0.0,0.0,0.02,0.02,0.02,0.02,0.02,0.02,0.02,0.02,0.01,0.02,0.02,0.01,0.0,0.0,0.01,0.03,0.03,0.03,0.03,0.03,0.03,0.0,0.03,0.03,0.03,0.03,0.03,0.03,0.03
4632,0.0,0.0,0.0,0.0,0.0,0.0,0.0,0.0,0.0,0.0,0.0,0.0,0.0,0.0,0.0,0.0,0.0,0.0,0.0,0.0,0.0,0.0,0.0,0.0,0.0,0.0,0.0,0.0,0.0,0.0,0.0,0.0,0.0,0.0,0.0,0.0,0.0,0.0,0.0,0.0,0.0,0.0,0.0,0.0,0.0,0.0,0.0,0.0,0.0,0.0,0.0,0.0,0.0,0.0,0.0,0.0,0.0,0.0,0.0,0.0,0.0,0.0,0.0,0.0
4633,0.0,0.0,0.0,0.0,0.0,0.0,0.0,0.0,0.0,0.0,0.0,0.0,0.0,0.0,0.0,0.0,0.0,0.0,0.0,0.0,0.0,0.0,0.0,0.0,0.0,0.0,0.0,0.0,0.0,0.0,0.0,0.0,0.0,0.0,0.0,0.0,0.0,0.0,0.0,0.0,0.0,0.0,0.0,0.0,0.0,0.0,0.0,0.0,0.0,0.0,0.0,0.0,0.0,0.0,0.0,0.0,0.0,0.0,0.0,0.0,0.0,0.0,0.0,0.0
4634,0.0,0.0,0.0,0.0,0.0,0.0,0.0,0.0,0.0,0.0,0.0,0.0,0.0,0.0,0.0,0.0,0.0,0.0,0.0,0.0,0.0,0.0,0.0,0.0,0.0,0.0,0.0,0.0,0.0,0.0,0.0,0.0,0.0,0.0,0.0,0.0,0.0,0.0,0.0,0.0,0.0,0.0,0.0,0.0,0.0,0.0,0.0,0.0,0.0,0.0,0.0,0.0,0.0,0.0,0.0,0.0,0.0,0.0,0.0,0.0,0.0,0.0,0.0,0.0
4635,0.0,0.0,0.0,0.0,0.0,0.0,0.0,0.0,0.0,0.0,0.0,0.0,0.0,0.0,0.0,0.0,0.0,0.0,0.0,0.0,0.0,0.0,0.0,0.0,0.0,0.0,0.0,0.0,0.0,0.0,0.0,0.0,0.0,0.0,0.0,0.0,0.0,0.0,0.0,0.0,0.0,0.0,0.0,0.0,0.0,0.0,0.0,0.0,0.0,0.0,0.0,0.0,0.0,0.0,0.0,0.0,0.0,0.0,0.0,0.0,0.0,0.0,0.0,0.0
4636,0.0,0.0,0.0,0.0,0.0,0.0,0.0,0.0,0.0,0.0,0.0,0.0,0.0,0.0,0.0,0.0,0.0,0.0,0.0,0.0,0.0,0.0,0.0,0.0,0.0,0.0,0.0,0.0,0.0,0.0,0.0,0.0,0.0,0.0,0.0,0.0,0.0,0.0,0.0,0.0,0.0,0.0,0.0,0.0,0.0,0.0,0.0,0.0,0.0,0.0,0.0,0.0,0.0,0.0,0.0,0.0,0.0,0.0,0.0,0.0,0.0,0.0,0.0,0.0
4637,0.0,0.0,0.0,0.0,0.0,0.0,0.0,0.0,0.0,0.0,0.0,0.0,0.0,0.0,0.0,0.0,0.0,0.0,0.0,0.0,0.0,0.0,0.0,0.0,0.0,0.0,0.0,0.0,0.0,0.0,0.0,0.0,0.0,0.0,0.0,0.0,0.0,0.0,0.0,0.0,0.0,0.0,0.0,0.0,0.0,0.0,0.0,0.0,0.0,0.0,0.0,0.0,0.0,0.0,0.0,0.0,0.0,0.0,0.0,0.0,0.0,0.0,0.0,0.0
4638,0.0,0.0,0.0,0.0,0.0,0.0,0.0,0.0,0.0,0.0,0.0,0.0,0.0,0.0,0.0,0.0,0.0,0.0,0.0,0.0,0.0,0.0,0.0,0.0,0.0,0.0,0.0,0.0,0.0,0.0,0.0,0.0,0.0,0.0,0.0,0.0,0.0,0.0,0.0,0.0,0.0,0.0,0.0,0.0,0.0,0.0,0.0,0.0,0.0,0.0,0.0,0.0,0.0,0.0,0.0,0.0,0.0,0.0,0.0,0.0,0.0,0.0,0.0,0.0
4639,0.0,0.0,0.0,0.0,0.0,0.0,0.0,0.0,0.0,0.0,0.0,0.0,0.0,0.0,0.0,0.0,0.0,0.0,0.0,0.0,0.0,0.0,0.0,0.0,0.0,0.0,0.0,0.0,0.0,0.0,0.0,0.0,0.0,0.0,0.0,0.0,0.0,0.0,0.0,0.0,0.0,0.0,0.0,0.0,0.0,0.0,0.0,0.0,0.0,0.0,0.0,0.0,0.0,0.0,0.0,0.0,0.0,0.0,0.0,0.0,0.0,0.0,0.0,0.0
4640,0.0,0.0,0.0,0.0,0.0,0.0,0.0,0.0,0.0,0.0,0.0,0.0,0.0,0.0,0.0,0.0,0.0,0.0,0.0,0.0,0.0,0.0,0.0,0.0,0.0,0.0,0.0,0.0,0.0,0.0,0.0,0.0,0.0,0.0,0.0,0.0,0.0,0.0,0.0,0.0,0.0,0.0,0.0,0.0,0.0,0.0,0.0,0.0,0.0,0.0,0.0,0.0,0.0,0.0,0.0,0.0,0.0,0.0,0.0,0.0,0.0,0.0,0.0,0.0
4641,0.0,0.03,0.03,0.0,0.0,0.04,0.0,0.0,0.04,0.02,0.04,0.04,0.05,0.04,0.04,0.04,0.04,0.04,0.04,0.04,0.01,0.04,0.05,0.04,0.04,0.03,0.0,0.0,0.03,0.03,0.03,0.0,0.0,0.0,0.0,0.04,0.04,0.04,0.04,0.04,0.04,0.04,0.04,0.04,0.04,0.04,0.04,0.0,0.0,0.04,0.04,0.04,0.04,0.04,0.04,0.04,0.0,0.04,0.04,0.04,0.04,0.04,0.03,0.04
4642,0.0,0.06,0.05,0.0,0.0,0.08,0.0,0.0,0.12,0.06,0.12,0.13,0.18,0.15,0.15,0.14,0.11,0.16,0.16,0.14,0.03,0.15,0.18,0.11,0.12,0.06,0.0,0.0,0.06,0.06,0.06,0.0,0.0,0.0,0.0,0.08,0.1,0.1,0.08,0.11,0.1,0.08,0.08,0.1,0.11,0.08,0.09,0.0,0.0,0.09,0.06,0.06,0.08,0.06,0.09,0.06,0.0,0.07,0.07,0.08,0.06,0.06,0.06,0.07
4643,0.0,0.47,0.46,0.0,0.0,0.5,0.0,0.0,0.52,0.44,0.52,0.54,0.56,0.53,0.53,0.53,0.53,0.56,0.08,0.52,0.18,0.54,0.57,0.51,0.52,0.48,0.0,0.0,0.48,0.48,0.48,0.0,0.0,0.0,0.0,0.48,0.5,0.53,0.49,0.53,0.51,0.49,0.49,0.51,0.51,0.49,0.5,0.0,0.0,0.51,0.46,0.46,0.49,0.46,0.5,0.45,0.0,0.47,0.47,0.48,0.47,0.47,0.48,0.47
4644,0.0,0.7,0.7,0.0,0.0,0.69,0.0,0.0,0.68,0.68,0.68,0.7,0.66,0.67,0.67,0.67,0.7,0.68,0.46,0.67,0.48,0.67,0.66,0.69,0.68,0.71,0.0,0.0,0.7,0.71,0.71,0.0,0.0,0.0,0.0,0.69,0.68,0.71,0.69,0.71,0.71,0.69,0.69,0.69,0.69,0.69,0.69,0.0,0.0,0.69,0.68,0.68,0.7,0.68,0.69,0.67,0.0,0.68,0.68,0.69,0.68,0.68,0.7,0.68
4645,0.0,0.74,0.74,0.0,0.0,0.73,0.0,0.0,0.72,0.72,0.73,0.73,0.69,0.7,0.71,0.71,0.74,0.71,0.73,0.71,0.72,0.71,0.7,0.73,0.71,0.74,0.0,0.0,0.74,0.74,0.74,0.0,0.0,0.0,0.0,0.73,0.73,0.75,0.73,0.75,0.75,0.74,0.73,0.73,0.73,0.74,0.73,0.0,0.0,0.73,0.73,0.72,0.74,0.73,0.74,0.72,0.0,0.73,0.73,0.73,0.73,0.74,0.74,0.72
4646,0.0,0.74,0.74,0.0,0.0,0.74,0.0,0.0,0.74,0.74,0.74,0.74,0.72,0.72,0.72,0.72,0.74,0.73,0.75,0.72,0.74,0.72,0.72,0.75,0.72,0.75,0.0,0.0,0.75,0.74,0.75,0.0,0.0,0.0,0.0,0.74,0.74,0.76,0.75,0.76,0.76,0.75,0.74,0.75,0.75,0.75,0.74,0.0,0.0,0.74,0.75,0.74,0.76,0.75,0.76,0.75,0.0,0.75,0.75,0.75,0.75,0.76,0.76,0.75
4647,0.0,0.74,0.74,0.0,0.0,0.74,0.0,0.0,0.74,0.75,0.74,0.76,0.72,0.73,0.73,0.73,0.75,0.74,0.76,0.74,0.75,0.73,0.72,0.75,0.71,0.75,0.0,0.0,0.74,0.74,0.75,0.0,0.0,0.0,0.0,0.75,0.74,0.76,0.75,0.76,0.77,0.75,0.75,0.75,0.75,0.76,0.74,0.0,0.0,0.74,0.76,0.75,0.77,0.76,0.77,0.76,0.0,0.76,0.76,0.77,0.75,0.76,0.76,0.75
4648,0.0,0.74,0.74,0.0,0.0,0.73,0.0,0.0,0.74,0.75,0.74,0.76,0.72,0.73,0.73,0.73,0.75,0.75,0.76,0.73,0.76,0.73,0.73,0.74,0.71,0.76,0.0,0.0,0.75,0.74,0.75,0.0,0.0,0.0,0.0,0.75,0.75,0.76,0.75,0.76,0.77,0.75,0.75,0.75,0.75,0.75,0.73,0.0,0.0,0.73,0.77,0.76,0.78,0.76,0.78,0.76,0.0,0.76,0.77,0.77,0.76,0.77,0.76,0.76
4649,0.0,0.74,0.73,0.0,0.0,0.72,0.0,0.0,0.73,0.75,0.73,0.76,0.72,0.73,0.73,0.73,0.76,0.75,0.76,0.73,0.75,0.72,0.72,0.74,0.7,0.75,0.0,0.0,0.74,0.74,0.74,0.0,0.0,0.0,0.0,0.74,0.74,0.77,0.75,0.76,0.77,0.74,0.74,0.74,0.75,0.75,0.73,0.0,0.0,0.73,0.77,0.75,0.76,0.76,0.78,0.75,0.0,0.76,0.76,0.77,0.76,0.76,0.76,0.76
4650,0.0,0.72,0.71,0.0,0.0,0.71,0.0,0.0,0.72,0.72,0.73,0.75,0.16,0.71,0.71,0.71,0.76,0.72,0.71,0.72,0.63,0.71,0.71,0.73,0.68,0.74,0.0,0.0,0.72,0.72,0.72,0.0,0.0,0.0,0.0,0.72,0.73,0.76,0.73,0.76,0.76,0.73,0.73,0.73,0.73,0.74,0.72,0.0,0.0,0.72,0.74,0.74,0.75,0.74,0.77,0.74,0.0,0.75,0.74,0.75,0.74,0.75,0.74,0.74
4651,0.0,0.68,0.68,0.0,0.0,0.69,0.0,0.0,0.71,0.67,0.71,0.73,0.69,0.7,0.7,0.7,0.74,0.6,0.56,0.7,0.44,0.69,0.69,0.71,0.68,0.7,0.0,0.0,0.71,0.69,0.69,0.0,0.0,0.0,0.0,0.7,0.71,0.73,0.71,0.74,0.73,0.71,0.71,0.7,0.71,0.71,0.69,0.0,0.0,0.69,0.73,0.71,0.73,0.72,0.74,0.72,0.0,0.73,0.72,0.73,0.72,0.73,0.72,0.72
4652,0.0,0.63,0.63,0.0,0.0,0.63,0.0,0.0,0.66,0.65,0.65,0.68,0.62,0.64,0.64,0.64,0.67,0.46,0.52,0.64,0.39,0.63,0.63,0.65,0.63,0.64,0.0,0.0,0.66,0.64,0.64,0.0,0.0,0.0,0.0,0.65,0.65,0.68,0.66,0.67,0.67,0.65,0.65,0.64,0.66,0.66,0.63,0.0,0.0,0.63,0.68,0.66,0.68,0.67,0.68,0.68,0.0,0.68,0.67,0.68,0.67,0.67,0.67,0.67
4653,0.0,0.41,0.42,0.0,0.0,0.38,0.0,0.0,0.36,0.34,0.37,0.38,0.29,0.34,0.33,0.34,0.38,0.32,0.32,0.35,0.02,0.33,0.28,0.37,0.36,0.42,0.0,0.0,0.42,0.41,0.41,0.0,0.0,0.0,0.0,0.4,0.38,0.39,0.41,0.39,0.36,0.4,0.4,0.37,0.38,0.41,0.38,0.0,0.0,0.38,0.44,0.43,0.42,0.44,0.42,0.44,0.0,0.43,0.43,0.43,0.43,0.44,0.43,0.43
4654,0.0,0.06,0.06,0.0,0.0,0.06,0.0,0.0,0.05,0.05,0.05,0.05,0.05,0.04,0.05,0.04,0.05,0.05,0.05,0.05,0.05,0.05,0.05,0.06,0.05,0.06,0.0,0.0,0.06,0.06,0.06,0.0,0.0,0.0,0.0,0.06,0.05,0.05,0.05,0.05,0.05,0.05,0.06,0.06,0.06,0.05,0.06,0.0,0.0,0.06,0.05,0.05,0.06,0.05,0.05,0.05,0.0,0.05,0.05,0.05,0.05,0.05,0.05,0.05
4655,0.0,0.01,0.01,0.0,0.0,0.03,0.0,0.0,0.01,0.01,0.01,0.01,0.01,0.02,0.01,0.02,0.01,0.03,0.01,0.03,0.01,0.02,0.01,0.01,0.01,0.01,0.0,0.0,0.01,0.01,0.01,0.0,0.0,0.0,0.0,0.01,0.01,0.01,0.01,0.01,0.01,0.01,0.01,0.01,0.01,0.01,0.03,0.0,0.0,0.02,0.02,0.01,0.01,0.02,0.02,0.02,0.0,0.02,0.02,0.02,0.02,0.02,0.01,0.02
4656,0.0,0.0,0.0,0.0,0.0,0.0,0.0,0.0,0.0,0.0,0.0,0.0,0.0,0.0,0.0,0.0,0.0,0.0,0.0,0.0,0.0,0.0,0.0,0.0,0.0,0.0,0.0,0.0,0.0,0.0,0.0,0.0,0.0,0.0,0.0,0.0,0.0,0.0,0.0,0.0,0.0,0.0,0.0,0.0,0.0,0.0,0.0,0.0,0.0,0.0,0.0,0.0,0.0,0.0,0.0,0.0,0.0,0.0,0.0,0.0,0.0,0.0,0.0,0.0
4657,0.0,0.0,0.0,0.0,0.0,0.0,0.0,0.0,0.0,0.0,0.0,0.0,0.0,0.0,0.0,0.0,0.0,0.0,0.0,0.0,0.0,0.0,0.0,0.0,0.0,0.0,0.0,0.0,0.0,0.0,0.0,0.0,0.0,0.0,0.0,0.0,0.0,0.0,0.0,0.0,0.0,0.0,0.0,0.0,0.0,0.0,0.0,0.0,0.0,0.0,0.0,0.0,0.0,0.0,0.0,0.0,0.0,0.0,0.0,0.0,0.0,0.0,0.0,0.0
4658,0.0,0.0,0.0,0.0,0.0,0.0,0.0,0.0,0.0,0.0,0.0,0.0,0.0,0.0,0.0,0.0,0.0,0.0,0.0,0.0,0.0,0.0,0.0,0.0,0.0,0.0,0.0,0.0,0.0,0.0,0.0,0.0,0.0,0.0,0.0,0.0,0.0,0.0,0.0,0.0,0.0,0.0,0.0,0.0,0.0,0.0,0.0,0.0,0.0,0.0,0.0,0.0,0.0,0.0,0.0,0.0,0.0,0.0,0.0,0.0,0.0,0.0,0.0,0.0
4659,0.0,0.0,0.0,0.0,0.0,0.0,0.0,0.0,0.0,0.0,0.0,0.0,0.0,0.0,0.0,0.0,0.0,0.0,0.0,0.0,0.0,0.0,0.0,0.0,0.0,0.0,0.0,0.0,0.0,0.0,0.0,0.0,0.0,0.0,0.0,0.0,0.0,0.0,0.0,0.0,0.0,0.0,0.0,0.0,0.0,0.0,0.0,0.0,0.0,0.0,0.0,0.0,0.0,0.0,0.0,0.0,0.0,0.0,0.0,0.0,0.0,0.0,0.0,0.0
4660,0.0,0.0,0.0,0.0,0.0,0.0,0.0,0.0,0.0,0.0,0.0,0.0,0.0,0.0,0.0,0.0,0.0,0.0,0.0,0.0,0.0,0.0,0.0,0.0,0.0,0.0,0.0,0.0,0.0,0.0,0.0,0.0,0.0,0.0,0.0,0.0,0.0,0.0,0.0,0.0,0.0,0.0,0.0,0.0,0.0,0.0,0.0,0.0,0.0,0.0,0.0,0.0,0.0,0.0,0.0,0.0,0.0,0.0,0.0,0.0,0.0,0.0,0.0,0.0
4661,0.0,0.0,0.0,0.0,0.0,0.0,0.0,0.0,0.0,0.0,0.0,0.0,0.0,0.0,0.0,0.0,0.0,0.0,0.0,0.0,0.0,0.0,0.0,0.0,0.0,0.0,0.0,0.0,0.0,0.0,0.0,0.0,0.0,0.0,0.0,0.0,0.0,0.0,0.0,0.0,0.0,0.0,0.0,0.0,0.0,0.0,0.0,0.0,0.0,0.0,0.0,0.0,0.0,0.0,0.0,0.0,0.0,0.0,0.0,0.0,0.0,0.0,0.0,0.0
4662,0.0,0.0,0.0,0.0,0.0,0.0,0.0,0.0,0.0,0.0,0.0,0.0,0.0,0.0,0.0,0.0,0.0,0.0,0.0,0.0,0.0,0.0,0.0,0.0,0.0,0.0,0.0,0.0,0.0,0.0,0.0,0.0,0.0,0.0,0.0,0.0,0.0,0.0,0.0,0.0,0.0,0.0,0.0,0.0,0.0,0.0,0.0,0.0,0.0,0.0,0.0,0.0,0.0,0.0,0.0,0.0,0.0,0.0,0.0,0.0,0.0,0.0,0.0,0.0
4663,0.0,0.0,0.0,0.0,0.0,0.0,0.0,0.0,0.0,0.0,0.0,0.0,0.0,0.0,0.0,0.0,0.0,0.0,0.0,0.0,0.0,0.0,0.0,0.0,0.0,0.0,0.0,0.0,0.0,0.0,0.0,0.0,0.0,0.0,0.0,0.0,0.0,0.0,0.0,0.0,0.0,0.0,0.0,0.0,0.0,0.0,0.0,0.0,0.0,0.0,0.0,0.0,0.0,0.0,0.0,0.0,0.0,0.0,0.0,0.0,0.0,0.0,0.0,0.0
4664,0.0,0.0,0.0,0.0,0.0,0.0,0.0,0.0,0.0,0.0,0.0,0.0,0.0,0.0,0.0,0.0,0.0,0.0,0.0,0.0,0.0,0.0,0.0,0.0,0.0,0.0,0.0,0.0,0.0,0.0,0.0,0.0,0.0,0.0,0.0,0.0,0.0,0.0,0.0,0.0,0.0,0.0,0.0,0.0,0.0,0.0,0.0,0.0,0.0,0.0,0.0,0.0,0.0,0.0,0.0,0.0,0.0,0.0,0.0,0.0,0.0,0.0,0.0,0.0
4665,0.0,0.03,0.03,0.0,0.0,0.03,0.0,0.0,0.04,0.03,0.04,0.04,0.05,0.04,0.04,0.04,0.03,0.05,0.04,0.04,0.04,0.04,0.05,0.04,0.04,0.03,0.0,0.0,0.03,0.03,0.03,0.0,0.0,0.0,0.0,0.03,0.03,0.03,0.03,0.03,0.03,0.03,0.03,0.03,0.04,0.03,0.04,0.0,0.0,0.04,0.03,0.03,0.03,0.03,0.03,0.04,0.0,0.03,0.03,0.03,0.03,0.03,0.03,0.03
4666,0.0,0.06,0.05,0.0,0.0,0.08,0.0,0.0,0.12,0.14,0.11,0.12,0.14,0.14,0.14,0.14,0.11,0.14,0.14,0.13,0.14,0.15,0.15,0.1,0.12,0.07,0.0,0.0,0.09,0.06,0.06,0.0,0.0,0.0,0.0,0.09,0.09,0.1,0.07,0.1,0.09,0.07,0.08,0.1,0.1,0.07,0.09,0.0,0.0,0.09,0.07,0.05,0.09,0.08,0.08,0.08,0.0,0.08,0.07,0.09,0.07,0.08,0.08,0.07
4667,0.0,0.43,0.42,0.0,0.0,0.46,0.0,0.0,0.51,0.56,0.49,0.19,0.5,0.55,0.55,0.54,0.34,0.56,0.56,0.53,0.54,0.55,0.48,0.49,0.49,0.4,0.0,0.0,0.35,0.41,0.41,0.0,0.0,0.0,0.0,0.4,0.48,0.42,0.45,0.38,0.48,0.44,0.48,0.5,0.49,0.48,0.47,0.0,0.0,0.47,0.4,0.44,0.34,0.35,0.48,0.43,0.0,0.3,0.4,0.41,0.43,0.37,0.44,0.42
4668,0.0,0.64,0.63,0.0,0.0,0.62,0.0,0.0,0.62,0.69,0.6,0.56,0.64,0.56,0.58,0.57,0.57,0.66,0.66,0.61,0.68,0.62,0.67,0.63,0.64,0.63,0.0,0.0,0.63,0.64,0.63,0.0,0.0,0.0,0.0,0.63,0.62,0.52,0.66,0.49,0.58,0.66,0.65,0.64,0.64,0.66,0.63,0.0,0.0,0.62,0.5,0.61,0.56,0.41,0.64,0.63,0.0,0.52,0.52,0.64,0.59,0.48,0.64,0.56
4669,0.0,0.65,0.63,0.0,0.0,0.64,0.0,0.0,0.66,0.72,0.67,0.71,0.7,0.64,0.64,0.62,0.69,0.71,0.72,0.65,0.71,0.67,0.69,0.68,0.68,0.68,0.0,0.0,0.62,0.65,0.67,0.0,0.0,0.0,0.0,0.68,0.69,0.54,0.65,0.59,0.59,0.67,0.69,0.68,0.69,0.67,0.65,0.0,0.0,0.65,0.52,0.61,0.55,0.54,0.7,0.65,0.0,0.49,0.52,0.68,0.49,0.57,0.61,0.49
4670,0.0,0.67,0.68,0.0,0.0,0.64,0.0,0.0,0.61,0.73,0.55,0.73,0.7,0.71,0.7,0.67,0.7,0.73,0.74,0.63,0.74,0.7,0.71,0.6,0.7,0.69,0.0,0.0,0.63,0.68,0.68,0.0,0.0,0.0,0.0,0.67,0.57,0.44,0.61,0.44,0.61,0.62,0.59,0.61,0.58,0.6,0.65,0.0,0.0,0.64,0.71,0.69,0.71,0.71,0.71,0.65,0.0,0.7,0.7,0.7,0.69,0.7,0.64,0.71
4671,0.0,0.7,0.7,0.0,0.0,0.66,0.0,0.0,0.51,0.75,0.62,0.73,0.71,0.71,0.64,0.51,0.71,0.74,0.75,0.5,0.75,0.71,0.72,0.64,0.69,0.71,0.0,0.0,0.68,0.7,0.7,0.0,0.0,0.0,0.0,0.69,0.65,0.7,0.68,0.72,0.72,0.68,0.68,0.66,0.66,0.69,0.67,0.0,0.0,0.67,0.73,0.73,0.72,0.72,0.71,0.69,0.0,0.72,0.72,0.72,0.73,0.73,0.68,0.73
4672,0.0,0.7,0.7,0.0,0.0,0.67,0.0,0.0,0.7,0.75,0.69,0.6,0.72,0.69,0.68,0.7,0.71,0.73,0.75,0.69,0.75,0.69,0.72,0.68,0.67,0.72,0.0,0.0,0.7,0.7,0.71,0.0,0.0,0.0,0.0,0.7,0.71,0.71,0.72,0.72,0.73,0.72,0.71,0.69,0.7,0.72,0.68,0.0,0.0,0.68,0.73,0.72,0.73,0.72,0.73,0.72,0.0,0.72,0.73,0.72,0.73,0.73,0.73,0.73
4673,0.0,0.7,0.7,0.0,0.0,0.69,0.0,0.0,0.7,0.74,0.69,0.73,0.71,0.69,0.7,0.69,0.71,0.73,0.74,0.7,0.74,0.7,0.71,0.7,0.69,0.71,0.0,0.0,0.71,0.71,0.71,0.0,0.0,0.0,0.0,0.69,0.7,0.72,0.71,0.72,0.72,0.71,0.71,0.7,0.7,0.71,0.69,0.0,0.0,0.69,0.72,0.72,0.72,0.7,0.72,0.3,0.0,0.71,0.71,0.22,0.72,0.72,0.42,0.72
4674,0.0,0.69,0.68,0.0,0.0,0.69,0.0,0.0,0.55,0.72,0.67,0.71,0.7,0.68,0.69,0.68,0.69,0.72,0.73,0.68,0.72,0.69,0.7,0.69,0.68,0.7,0.0,0.0,0.37,0.69,0.69,0.0,0.0,0.0,0.0,0.68,0.69,0.7,0.7,0.7,0.7,0.69,0.69,0.68,0.69,0.7,0.68,0.0,0.0,0.68,0.71,0.15,0.71,0.7,0.12,0.14,0.0,0.69,0.7,0.19,0.7,0.71,0.7,0.7
4675,0.0,0.66,0.66,0.0,0.0,0.67,0.0,0.0,0.07,0.16,0.66,0.68,0.67,0.66,0.66,0.66,0.68,0.69,0.7,0.66,0.69,0.66,0.67,0.67,0.66,0.67,0.0,0.0,0.67,0.66,0.66,0.0,0.0,0.0,0.0,0.65,0.65,0.68,0.68,0.69,0.67,0.67,0.67,0.65,0.67,0.67,0.66,0.0,0.0,0.67,0.59,0.21,0.63,0.6,0.1,0.6,0.0,0.63,0.63,0.07,0.55,0.63,0.67,0.58
4676,0.0,0.52,0.48,0.0,0.0,0.62,0.0,0.0,0.57,0.64,0.58,0.56,0.61,0.6,0.59,0.61,0.59,0.55,0.54,0.6,0.07,0.6,0.61,0.6,0.61,0.44,0.0,0.0,0.34,0.55,0.49,0.0,0.0,0.0,0.0,0.47,0.51,0.58,0.3,0.58,0.55,0.36,0.55,0.58,0.56,0.38,0.62,0.0,0.0,0.62,0.32,0.06,0.59,0.3,0.1,0.5,0.0,0.55,0.34,0.07,0.63,0.3,0.22,0.57
4677,0.0,0.37,0.38,0.0,0.0,0.34,0.0,0.0,0.33,0.04,0.32,0.23,0.27,0.25,0.2,0.31,0.13,0.08,0.05,0.32,0.32,0.2,0.24,0.29,0.34,0.35,0.0,0.0,0.21,0.37,0.28,0.0,0.0,0.0,0.0,0.19,0.33,0.24,0.14,0.22,0.19,0.13,0.06,0.31,0.34,0.09,0.28,0.0,0.0,0.26,0.22,0.05,0.04,0.2,0.01,0.24,0.0,0.2,0.2,0.12,0.12,0.21,0.22,0.26
4678,0.0,0.06,0.07,0.0,0.0,0.07,0.0,0.0,0.06,0.02,0.05,0.03,0.06,0.07,0.06,0.06,0.06,0.06,0.07,0.06,0.02,0.06,0.06,0.07,0.06,0.06,0.0,0.0,0.07,0.07,0.06,0.0,0.0,0.0,0.0,0.06,0.07,0.05,0.07,0.05,0.06,0.07,0.07,0.04,0.07,0.07,0.07,0.0,0.0,0.07,0.03,0.02,0.08,0.07,0.08,0.07,0.0,0.03,0.02,0.08,0.01,0.04,0.08,0.01
4679,0.0,0.02,0.02,0.0,0.0,0.02,0.0,0.0,0.01,0.0,0.02,0.0,0.0,0.01,0.0,0.0,0.02,0.02,0.02,0.01,0.02,0.01,0.01,0.01,0.0,0.0,0.0,0.0,0.0,0.02,0.02,0.0,0.0,0.0,0.0,0.02,0.02,0.02,0.0,0.02,0.0,0.01,0.02,0.02,0.02,0.01,0.02,0.0,0.0,0.02,0.03,0.0,0.0,0.03,0.02,0.02,0.0,0.02,0.03,0.01,0.03,0.01,0.0,0.03
4680,0.0,0.0,0.0,0.0,0.0,0.0,0.0,0.0,0.0,0.0,0.0,0.0,0.0,0.0,0.0,0.0,0.0,0.0,0.0,0.0,0.0,0.0,0.0,0.0,0.0,0.0,0.0,0.0,0.0,0.0,0.0,0.0,0.0,0.0,0.0,0.0,0.0,0.0,0.0,0.0,0.0,0.0,0.0,0.0,0.0,0.0,0.0,0.0,0.0,0.0,0.0,0.0,0.0,0.0,0.0,0.0,0.0,0.0,0.0,0.0,0.0,0.0,0.0,0.0
4681,0.0,0.0,0.0,0.0,0.0,0.0,0.0,0.0,0.0,0.0,0.0,0.0,0.0,0.0,0.0,0.0,0.0,0.0,0.0,0.0,0.0,0.0,0.0,0.0,0.0,0.0,0.0,0.0,0.0,0.0,0.0,0.0,0.0,0.0,0.0,0.0,0.0,0.0,0.0,0.0,0.0,0.0,0.0,0.0,0.0,0.0,0.0,0.0,0.0,0.0,0.0,0.0,0.0,0.0,0.0,0.0,0.0,0.0,0.0,0.0,0.0,0.0,0.0,0.0
4682,0.0,0.0,0.0,0.0,0.0,0.0,0.0,0.0,0.0,0.0,0.0,0.0,0.0,0.0,0.0,0.0,0.0,0.0,0.0,0.0,0.0,0.0,0.0,0.0,0.0,0.0,0.0,0.0,0.0,0.0,0.0,0.0,0.0,0.0,0.0,0.0,0.0,0.0,0.0,0.0,0.0,0.0,0.0,0.0,0.0,0.0,0.0,0.0,0.0,0.0,0.0,0.0,0.0,0.0,0.0,0.0,0.0,0.0,0.0,0.0,0.0,0.0,0.0,0.0
4683,0.0,0.0,0.0,0.0,0.0,0.0,0.0,0.0,0.0,0.0,0.0,0.0,0.0,0.0,0.0,0.0,0.0,0.0,0.0,0.0,0.0,0.0,0.0,0.0,0.0,0.0,0.0,0.0,0.0,0.0,0.0,0.0,0.0,0.0,0.0,0.0,0.0,0.0,0.0,0.0,0.0,0.0,0.0,0.0,0.0,0.0,0.0,0.0,0.0,0.0,0.0,0.0,0.0,0.0,0.0,0.0,0.0,0.0,0.0,0.0,0.0,0.0,0.0,0.0
4684,0.0,0.0,0.0,0.0,0.0,0.0,0.0,0.0,0.0,0.0,0.0,0.0,0.0,0.0,0.0,0.0,0.0,0.0,0.0,0.0,0.0,0.0,0.0,0.0,0.0,0.0,0.0,0.0,0.0,0.0,0.0,0.0,0.0,0.0,0.0,0.0,0.0,0.0,0.0,0.0,0.0,0.0,0.0,0.0,0.0,0.0,0.0,0.0,0.0,0.0,0.0,0.0,0.0,0.0,0.0,0.0,0.0,0.0,0.0,0.0,0.0,0.0,0.0,0.0
4685,0.0,0.0,0.0,0.0,0.0,0.0,0.0,0.0,0.0,0.0,0.0,0.0,0.0,0.0,0.0,0.0,0.0,0.0,0.0,0.0,0.0,0.0,0.0,0.0,0.0,0.0,0.0,0.0,0.0,0.0,0.0,0.0,0.0,0.0,0.0,0.0,0.0,0.0,0.0,0.0,0.0,0.0,0.0,0.0,0.0,0.0,0.0,0.0,0.0,0.0,0.0,0.0,0.0,0.0,0.0,0.0,0.0,0.0,0.0,0.0,0.0,0.0,0.0,0.0
4686,0.0,0.0,0.0,0.0,0.0,0.0,0.0,0.0,0.0,0.0,0.0,0.0,0.0,0.0,0.0,0.0,0.0,0.0,0.0,0.0,0.0,0.0,0.0,0.0,0.0,0.0,0.0,0.0,0.0,0.0,0.0,0.0,0.0,0.0,0.0,0.0,0.0,0.0,0.0,0.0,0.0,0.0,0.0,0.0,0.0,0.0,0.0,0.0,0.0,0.0,0.0,0.0,0.0,0.0,0.0,0.0,0.0,0.0,0.0,0.0,0.0,0.0,0.0,0.0
4687,0.0,0.0,0.0,0.0,0.0,0.0,0.0,0.0,0.0,0.0,0.0,0.0,0.0,0.0,0.0,0.0,0.0,0.0,0.0,0.0,0.0,0.0,0.0,0.0,0.0,0.0,0.0,0.0,0.0,0.0,0.0,0.0,0.0,0.0,0.0,0.0,0.0,0.0,0.0,0.0,0.0,0.0,0.0,0.0,0.0,0.0,0.0,0.0,0.0,0.0,0.0,0.0,0.0,0.0,0.0,0.0,0.0,0.0,0.0,0.0,0.0,0.0,0.0,0.0
4688,0.0,0.0,0.0,0.0,0.0,0.0,0.0,0.0,0.0,0.0,0.0,0.0,0.0,0.0,0.0,0.0,0.0,0.0,0.0,0.0,0.0,0.0,0.0,0.0,0.0,0.0,0.0,0.0,0.0,0.0,0.0,0.0,0.0,0.0,0.0,0.0,0.0,0.0,0.0,0.0,0.0,0.0,0.0,0.0,0.0,0.0,0.0,0.0,0.0,0.0,0.0,0.0,0.0,0.0,0.0,0.0,0.0,0.0,0.0,0.0,0.0,0.0,0.0,0.0
4689,0.0,0.02,0.02,0.0,0.0,0.0,0.0,0.0,0.0,0.04,0.0,0.0,0.0,0.0,0.0,0.01,0.0,0.0,0.0,0.0,0.03,0.0,0.0,0.01,0.0,0.03,0.0,0.0,0.03,0.02,0.03,0.0,0.0,0.0,0.0,0.04,0.0,0.01,0.01,0.01,0.04,0.03,0.01,0.0,0.01,0.0,0.0,0.0,0.0,0.0,0.03,0.0,0.0,0.0,0.0,0.03,0.0,0.0,0.03,0.0,0.0,0.03,0.02,0.03
4690,0.0,0.08,0.07,0.0,0.0,0.05,0.0,0.0,0.1,0.14,0.04,0.04,0.0,0.02,0.0,0.01,0.1,0.06,0.07,0.01,0.14,0.02,0.01,0.01,0.01,0.09,0.0,0.0,0.06,0.08,0.08,0.0,0.0,0.0,0.0,0.08,0.02,0.1,0.06,0.1,0.09,0.04,0.03,0.04,0.02,0.02,0.05,0.0,0.0,0.04,0.05,0.05,0.07,0.01,0.02,0.06,0.0,0.06,0.05,0.06,0.05,0.05,0.05,0.05
4691,0.0,0.45,0.45,0.0,0.0,0.34,0.0,0.0,0.5,0.57,0.5,0.03,0.02,0.53,0.08,0.15,0.04,0.03,0.04,0.06,0.56,0.22,0.04,0.06,0.1,0.46,0.0,0.0,0.46,0.45,0.46,0.0,0.0,0.0,0.0,0.47,0.49,0.51,0.48,0.14,0.51,0.48,0.49,0.18,0.13,0.48,0.28,0.0,0.0,0.24,0.47,0.46,0.49,0.47,0.5,0.46,0.0,0.47,0.47,0.48,0.47,0.48,0.47,0.47
4692,0.0,0.66,0.67,0.0,0.0,0.64,0.0,0.0,0.63,0.7,0.64,0.7,0.05,0.09,0.13,0.65,0.05,0.7,0.72,0.64,0.7,0.12,0.02,0.65,0.44,0.68,0.0,0.0,0.67,0.67,0.68,0.0,0.0,0.0,0.0,0.67,0.66,0.68,0.68,0.25,0.69,0.68,0.68,0.66,0.66,0.69,0.64,0.0,0.0,0.64,0.7,0.67,0.69,0.69,0.69,0.68,0.0,0.69,0.69,0.69,0.69,0.69,0.68,0.69
4693,0.0,0.72,0.72,0.0,0.0,0.69,0.0,0.0,0.23,0.74,0.38,0.75,0.04,0.06,0.16,0.69,0.05,0.74,0.75,0.69,0.74,0.06,0.14,0.7,0.68,0.74,0.0,0.0,0.72,0.72,0.73,0.0,0.0,0.0,0.0,0.71,0.71,0.74,0.73,0.74,0.74,0.73,0.72,0.7,0.71,0.73,0.69,0.0,0.0,0.69,0.75,0.73,0.74,0.74,0.74,0.72,0.0,0.75,0.75,0.74,0.74,0.75,0.73,0.75
4694,0.0,0.74,0.74,0.0,0.0,0.71,0.0,0.0,0.73,0.76,0.73,0.76,0.09,0.29,0.12,0.11,0.74,0.75,0.76,0.2,0.75,0.72,0.74,0.72,0.7,0.75,0.0,0.0,0.73,0.74,0.74,0.0,0.0,0.0,0.0,0.73,0.74,0.76,0.75,0.76,0.76,0.74,0.74,0.73,0.73,0.75,0.72,0.0,0.0,0.71,0.77,0.75,0.76,0.76,0.76,0.74,0.0,0.76,0.76,0.75,0.76,0.77,0.75,0.76
4695,0.0,0.75,0.75,0.0,0.0,0.72,0.0,0.0,0.73,0.78,0.74,0.78,0.74,0.72,0.29,0.35,0.77,0.76,0.77,0.72,0.77,0.73,0.74,0.74,0.7,0.76,0.0,0.0,0.75,0.75,0.76,0.0,0.0,0.0,0.0,0.75,0.76,0.77,0.77,0.77,0.77,0.76,0.76,0.75,0.75,0.76,0.73,0.0,0.0,0.72,0.78,0.76,0.77,0.76,0.78,0.74,0.0,0.77,0.77,0.77,0.77,0.77,0.76,0.77
4696,0.0,0.75,0.75,0.0,0.0,0.73,0.0,0.0,0.74,0.78,0.74,0.78,0.73,0.73,0.72,0.73,0.77,0.76,0.56,0.74,0.63,0.74,0.74,0.74,0.72,0.77,0.0,0.0,0.75,0.75,0.76,0.0,0.0,0.0,0.0,0.75,0.76,0.78,0.77,0.78,0.78,0.76,0.76,0.75,0.75,0.77,0.73,0.0,0.0,0.73,0.78,0.77,0.78,0.77,0.78,0.76,0.0,0.77,0.78,0.77,0.78,0.78,0.77,0.78
4697,0.0,0.75,0.76,0.0,0.0,0.72,0.0,0.0,0.75,0.77,0.75,0.78,0.74,0.74,0.73,0.74,0.77,0.76,0.77,0.74,0.34,0.75,0.61,0.75,0.71,0.77,0.0,0.0,0.75,0.76,0.76,0.0,0.0,0.0,0.0,0.75,0.75,0.78,0.76,0.78,0.78,0.76,0.77,0.75,0.76,0.77,0.73,0.0,0.0,0.72,0.78,0.38,0.48,0.78,0.51,0.75,0.0,0.78,0.78,0.77,0.78,0.78,0.32,0.78
4698,0.0,0.74,0.74,0.0,0.0,0.72,0.0,0.0,0.73,0.77,0.74,0.77,0.32,0.73,0.72,0.72,0.76,0.75,0.49,0.73,0.3,0.73,0.73,0.74,0.72,0.75,0.0,0.0,0.74,0.74,0.75,0.0,0.0,0.0,0.0,0.74,0.74,0.76,0.75,0.77,0.76,0.75,0.75,0.74,0.74,0.76,0.72,0.0,0.0,0.72,0.77,0.5,0.6,0.76,0.68,0.74,0.0,0.76,0.76,0.75,0.76,0.77,0.76,0.76
4699,0.0,0.72,0.72,0.0,0.0,0.7,0.0,0.0,0.72,0.74,0.72,0.75,0.7,0.71,0.7,0.7,0.74,0.73,0.74,0.71,0.37,0.71,0.7,0.72,0.69,0.73,0.0,0.0,0.72,0.72,0.73,0.0,0.0,0.0,0.0,0.72,0.72,0.75,0.73,0.75,0.75,0.73,0.73,0.72,0.72,0.74,0.7,0.0,0.0,0.22,0.75,0.74,0.74,0.74,0.56,0.73,0.0,0.74,0.74,0.3,0.75,0.75,0.74,0.74
4700,0.0,0.67,0.68,0.0,0.0,0.65,0.0,0.0,0.66,0.67,0.66,0.69,0.64,0.66,0.65,0.65,0.68,0.67,0.68,0.66,0.67,0.66,0.64,0.66,0.63,0.68,0.0,0.0,0.67,0.67,0.67,0.0,0.0,0.0,0.0,0.66,0.67,0.69,0.68,0.69,0.69,0.68,0.68,0.66,0.66,0.68,0.65,0.0,0.0,0.1,0.7,0.69,0.69,0.69,0.68,0.67,0.0,0.69,0.69,0.68,0.7,0.7,0.69,0.7
4701,0.0,0.43,0.44,0.0,0.0,0.39,0.0,0.0,0.36,0.34,0.37,0.37,0.29,0.34,0.34,0.34,0.38,0.33,0.33,0.34,0.3,0.33,0.3,0.38,0.34,0.44,0.0,0.0,0.43,0.43,0.43,0.0,0.0,0.0,0.0,0.41,0.39,0.39,0.42,0.39,0.41,0.41,0.41,0.38,0.38,0.42,0.39,0.0,0.0,0.38,0.45,0.45,0.42,0.44,0.41,0.43,0.0,0.44,0.44,0.42,0.44,0.44,0.44,0.44
4702,0.0,0.06,0.06,0.0,0.0,0.06,0.0,0.0,0.06,0.05,0.06,0.06,0.05,0.05,0.05,0.05,0.06,0.05,0.06,0.05,0.06,0.05,0.05,0.06,0.06,0.05,0.0,0.0,0.05,0.06,0.06,0.0,0.0,0.0,0.0,0.06,0.05,0.05,0.05,0.06,0.05,0.05,0.05,0.05,0.06,0.05,0.06,0.0,0.0,0.06,0.06,0.06,0.06,0.06,0.06,0.06,0.0,0.06,0.06,0.06,0.05,0.06,0.05,0.05
4703,0.0,0.02,0.02,0.0,0.0,0.0,0.0,0.0,0.0,0.02,0.0,0.01,0.0,0.0,0.0,0.0,0.01,0.0,0.0,0.0,0.01,0.0,0.0,0.0,0.0,0.02,0.0,0.0,0.02,0.02,0.02,0.0,0.0,0.0,0.0,0.01,0.01,0.01,0.01,0.01,0.02,0.01,0.01,0.0,0.0,0.02,0.0,0.0,0.0,0.0,0.03,0.03,0.03,0.03,0.03,0.03,0.0,0.03,0.03,0.03,0.03,0.03,0.02,0.03
4704,0.0,0.0,0.0,0.0,0.0,0.0,0.0,0.0,0.0,0.0,0.0,0.0,0.0,0.0,0.0,0.0,0.0,0.0,0.0,0.0,0.0,0.0,0.0,0.0,0.0,0.0,0.0,0.0,0.0,0.0,0.0,0.0,0.0,0.0,0.0,0.0,0.0,0.0,0.0,0.0,0.0,0.0,0.0,0.0,0.0,0.0,0.0,0.0,0.0,0.0,0.0,0.0,0.0,0.0,0.0,0.0,0.0,0.0,0.0,0.0,0.0,0.0,0.0,0.0
4705,0.0,0.0,0.0,0.0,0.0,0.0,0.0,0.0,0.0,0.0,0.0,0.0,0.0,0.0,0.0,0.0,0.0,0.0,0.0,0.0,0.0,0.0,0.0,0.0,0.0,0.0,0.0,0.0,0.0,0.0,0.0,0.0,0.0,0.0,0.0,0.0,0.0,0.0,0.0,0.0,0.0,0.0,0.0,0.0,0.0,0.0,0.0,0.0,0.0,0.0,0.0,0.0,0.0,0.0,0.0,0.0,0.0,0.0,0.0,0.0,0.0,0.0,0.0,0.0
4706,0.0,0.0,0.0,0.0,0.0,0.0,0.0,0.0,0.0,0.0,0.0,0.0,0.0,0.0,0.0,0.0,0.0,0.0,0.0,0.0,0.0,0.0,0.0,0.0,0.0,0.0,0.0,0.0,0.0,0.0,0.0,0.0,0.0,0.0,0.0,0.0,0.0,0.0,0.0,0.0,0.0,0.0,0.0,0.0,0.0,0.0,0.0,0.0,0.0,0.0,0.0,0.0,0.0,0.0,0.0,0.0,0.0,0.0,0.0,0.0,0.0,0.0,0.0,0.0
4707,0.0,0.0,0.0,0.0,0.0,0.0,0.0,0.0,0.0,0.0,0.0,0.0,0.0,0.0,0.0,0.0,0.0,0.0,0.0,0.0,0.0,0.0,0.0,0.0,0.0,0.0,0.0,0.0,0.0,0.0,0.0,0.0,0.0,0.0,0.0,0.0,0.0,0.0,0.0,0.0,0.0,0.0,0.0,0.0,0.0,0.0,0.0,0.0,0.0,0.0,0.0,0.0,0.0,0.0,0.0,0.0,0.0,0.0,0.0,0.0,0.0,0.0,0.0,0.0
4708,0.0,0.0,0.0,0.0,0.0,0.0,0.0,0.0,0.0,0.0,0.0,0.0,0.0,0.0,0.0,0.0,0.0,0.0,0.0,0.0,0.0,0.0,0.0,0.0,0.0,0.0,0.0,0.0,0.0,0.0,0.0,0.0,0.0,0.0,0.0,0.0,0.0,0.0,0.0,0.0,0.0,0.0,0.0,0.0,0.0,0.0,0.0,0.0,0.0,0.0,0.0,0.0,0.0,0.0,0.0,0.0,0.0,0.0,0.0,0.0,0.0,0.0,0.0,0.0
4709,0.0,0.0,0.0,0.0,0.0,0.0,0.0,0.0,0.0,0.0,0.0,0.0,0.0,0.0,0.0,0.0,0.0,0.0,0.0,0.0,0.0,0.0,0.0,0.0,0.0,0.0,0.0,0.0,0.0,0.0,0.0,0.0,0.0,0.0,0.0,0.0,0.0,0.0,0.0,0.0,0.0,0.0,0.0,0.0,0.0,0.0,0.0,0.0,0.0,0.0,0.0,0.0,0.0,0.0,0.0,0.0,0.0,0.0,0.0,0.0,0.0,0.0,0.0,0.0
4710,0.0,0.0,0.0,0.0,0.0,0.0,0.0,0.0,0.0,0.0,0.0,0.0,0.0,0.0,0.0,0.0,0.0,0.0,0.0,0.0,0.0,0.0,0.0,0.0,0.0,0.0,0.0,0.0,0.0,0.0,0.0,0.0,0.0,0.0,0.0,0.0,0.0,0.0,0.0,0.0,0.0,0.0,0.0,0.0,0.0,0.0,0.0,0.0,0.0,0.0,0.0,0.0,0.0,0.0,0.0,0.0,0.0,0.0,0.0,0.0,0.0,0.0,0.0,0.0
4711,0.0,0.0,0.0,0.0,0.0,0.0,0.0,0.0,0.0,0.0,0.0,0.0,0.0,0.0,0.0,0.0,0.0,0.0,0.0,0.0,0.0,0.0,0.0,0.0,0.0,0.0,0.0,0.0,0.0,0.0,0.0,0.0,0.0,0.0,0.0,0.0,0.0,0.0,0.0,0.0,0.0,0.0,0.0,0.0,0.0,0.0,0.0,0.0,0.0,0.0,0.0,0.0,0.0,0.0,0.0,0.0,0.0,0.0,0.0,0.0,0.0,0.0,0.0,0.0
4712,0.0,0.0,0.0,0.0,0.0,0.0,0.0,0.0,0.0,0.0,0.0,0.0,0.0,0.0,0.0,0.0,0.0,0.0,0.0,0.0,0.0,0.0,0.0,0.0,0.0,0.0,0.0,0.0,0.0,0.0,0.0,0.0,0.0,0.0,0.0,0.0,0.0,0.0,0.0,0.0,0.0,0.0,0.0,0.0,0.0,0.0,0.0,0.0,0.0,0.0,0.0,0.0,0.0,0.0,0.0,0.0,0.0,0.0,0.0,0.0,0.0,0.0,0.0,0.0
4713,0.0,0.01,0.01,0.0,0.0,0.02,0.0,0.0,0.02,0.02,0.02,0.02,0.03,0.02,0.02,0.02,0.02,0.03,0.03,0.02,0.02,0.02,0.03,0.02,0.02,0.01,0.0,0.0,0.01,0.01,0.01,0.0,0.0,0.0,0.0,0.02,0.02,0.02,0.02,0.02,0.02,0.02,0.02,0.02,0.02,0.02,0.02,0.0,0.0,0.02,0.01,0.01,0.01,0.01,0.02,0.02,0.0,0.01,0.01,0.01,0.01,0.01,0.01,0.01
4714,0.0,0.06,0.06,0.0,0.0,0.09,0.0,0.0,0.12,0.15,0.12,0.13,0.18,0.15,0.15,0.14,0.12,0.16,0.16,0.14,0.14,0.15,0.18,0.11,0.12,0.06,0.0,0.0,0.07,0.06,0.06,0.0,0.0,0.0,0.0,0.08,0.1,0.11,0.08,0.11,0.1,0.08,0.08,0.1,0.11,0.08,0.09,0.0,0.0,0.09,0.06,0.06,0.08,0.06,0.09,0.07,0.0,0.07,0.07,0.08,0.06,0.06,0.06,0.07
4715,0.0,0.46,0.45,0.0,0.0,0.48,0.0,0.0,0.52,0.56,0.51,0.54,0.58,0.54,0.55,0.53,0.52,0.58,0.58,0.53,0.55,0.55,0.58,0.5,0.51,0.46,0.0,0.0,0.46,0.46,0.46,0.0,0.0,0.0,0.0,0.47,0.49,0.51,0.48,0.52,0.5,0.48,0.48,0.5,0.5,0.48,0.48,0.0,0.0,0.48,0.46,0.46,0.48,0.45,0.49,0.44,0.0,0.46,0.46,0.46,0.46,0.46,0.47,0.46
4716,0.0,0.69,0.69,0.0,0.0,0.68,0.0,0.0,0.69,0.7,0.69,0.72,0.69,0.7,0.69,0.69,0.7,0.71,0.72,0.69,0.71,0.7,0.7,0.69,0.69,0.7,0.0,0.0,0.69,0.7,0.7,0.0,0.0,0.0,0.0,0.68,0.68,0.71,0.69,0.71,0.71,0.69,0.69,0.68,0.69,0.7,0.68,0.0,0.0,0.68,0.69,0.69,0.69,0.69,0.69,0.68,0.0,0.69,0.69,0.69,0.7,0.69,0.7,0.69
4717,0.0,0.73,0.73,0.0,0.0,0.71,0.0,0.0,0.72,0.74,0.73,0.75,0.72,0.73,0.73,0.72,0.74,0.74,0.39,0.72,0.07,0.73,0.73,0.73,0.72,0.75,0.0,0.0,0.74,0.74,0.74,0.0,0.0,0.0,0.0,0.72,0.72,0.4,0.74,0.37,0.72,0.74,0.73,0.73,0.73,0.74,0.72,0.0,0.0,0.71,0.74,0.74,0.74,0.74,0.61,0.72,0.0,0.73,0.74,0.73,0.74,0.74,0.75,0.74
4718,0.0,0.75,0.75,0.0,0.0,0.74,0.0,0.0,0.73,0.58,0.71,0.51,0.74,0.74,0.74,0.74,0.76,0.76,0.78,0.73,0.28,0.74,0.72,0.74,0.74,0.76,0.0,0.0,0.76,0.76,0.76,0.0,0.0,0.0,0.0,0.74,0.74,0.76,0.76,0.77,0.27,0.75,0.75,0.74,0.74,0.76,0.74,0.0,0.0,0.74,0.76,0.77,0.77,0.75,0.51,0.45,0.0,0.76,0.76,0.76,0.76,0.76,0.77,0.76
4719,0.0,0.76,0.76,0.0,0.0,0.74,0.0,0.0,0.74,0.77,0.75,0.36,0.75,0.75,0.75,0.74,0.77,0.78,0.79,0.74,0.77,0.72,0.75,0.54,0.74,0.77,0.0,0.0,0.76,0.76,0.76,0.0,0.0,0.0,0.0,0.76,0.76,0.57,0.76,0.66,0.18,0.76,0.76,0.76,0.38,0.76,0.74,0.0,0.0,0.74,0.78,0.78,0.78,0.5,0.78,0.76,0.0,0.77,0.66,0.77,0.78,0.78,0.78,0.78
4720,0.0,0.77,0.77,0.0,0.0,0.74,0.0,0.0,0.75,0.77,0.28,0.79,0.76,0.75,0.61,0.75,0.77,0.78,0.79,0.75,0.31,0.56,0.76,0.39,0.74,0.78,0.0,0.0,0.77,0.77,0.77,0.0,0.0,0.0,0.0,0.77,0.76,0.28,0.77,0.65,0.24,0.77,0.76,0.75,0.42,0.77,0.76,0.0,0.0,0.75,0.74,0.78,0.78,0.78,0.1,0.48,0.0,0.78,0.32,0.78,0.78,0.5,0.78,0.39
4721,0.0,0.76,0.76,0.0,0.0,0.74,0.0,0.0,0.55,0.76,0.75,0.79,0.28,0.75,0.47,0.51,0.6,0.76,0.78,0.74,0.22,0.74,0.75,0.28,0.74,0.77,0.0,0.0,0.76,0.76,0.76,0.0,0.0,0.0,0.0,0.76,0.41,0.77,0.76,0.77,0.78,0.76,0.76,0.27,0.34,0.77,0.74,0.0,0.0,0.74,0.46,0.77,0.56,0.77,0.75,0.78,0.0,0.78,0.38,0.77,0.68,0.78,0.78,0.77
4722,0.0,0.75,0.75,0.0,0.0,0.73,0.0,0.0,0.41,0.76,0.68,0.78,0.73,0.61,0.32,0.61,0.77,0.29,0.37,0.38,0.48,0.74,0.74,0.74,0.73,0.76,0.0,0.0,0.75,0.75,0.75,0.0,0.0,0.0,0.0,0.74,0.27,0.76,0.43,0.69,0.77,0.37,0.75,0.74,0.74,0.58,0.73,0.0,0.0,0.73,0.77,0.76,0.46,0.58,0.47,0.76,0.0,0.6,0.76,0.32,0.76,0.76,0.41,0.76
4723,0.0,0.74,0.75,0.0,0.0,0.73,0.0,0.0,0.74,0.64,0.74,0.77,0.72,0.74,0.43,0.71,0.76,0.23,0.2,0.73,0.73,0.75,0.18,0.74,0.73,0.76,0.0,0.0,0.75,0.75,0.75,0.0,0.0,0.0,0.0,0.74,0.23,0.77,0.4,0.78,0.78,0.75,0.75,0.73,0.74,0.75,0.73,0.0,0.0,0.73,0.77,0.76,0.78,0.62,0.78,0.69,0.0,0.77,0.76,0.59,0.76,0.77,0.72,0.76
4724,0.0,0.7,0.7,0.0,0.0,0.68,0.0,0.0,0.68,0.61,0.69,0.72,0.66,0.68,0.67,0.67,0.72,0.31,0.12,0.67,0.3,0.68,0.17,0.69,0.67,0.71,0.0,0.0,0.7,0.7,0.7,0.0,0.0,0.0,0.0,0.69,0.69,0.72,0.7,0.73,0.72,0.7,0.7,0.68,0.69,0.7,0.68,0.0,0.0,0.67,0.72,0.71,0.73,0.72,0.12,0.49,0.0,0.55,0.72,0.51,0.71,0.72,0.71,0.72
4725,0.0,0.45,0.46,0.0,0.0,0.41,0.0,0.0,0.38,0.36,0.39,0.4,0.24,0.35,0.35,0.35,0.41,0.18,0.17,0.36,0.3,0.35,0.14,0.39,0.05,0.45,0.0,0.0,0.44,0.45,0.45,0.0,0.0,0.0,0.0,0.42,0.41,0.42,0.43,0.42,0.43,0.43,0.42,0.4,0.4,0.43,0.41,0.0,0.0,0.4,0.47,0.46,0.14,0.47,0.03,0.13,0.0,0.2,0.46,0.07,0.46,0.47,0.46,0.46
4726,0.0,0.05,0.05,0.0,0.0,0.05,0.0,0.0,0.04,0.06,0.05,0.05,0.04,0.04,0.04,0.04,0.05,0.07,0.07,0.04,0.05,0.04,0.06,0.05,0.02,0.05,0.0,0.0,0.05,0.05,0.05,0.0,0.0,0.0,0.0,0.05,0.05,0.05,0.05,0.05,0.05,0.05,0.05,0.05,0.05,0.05,0.05,0.0,0.0,0.05,0.05,0.05,0.06,0.05,0.05,0.06,0.0,0.08,0.05,0.03,0.05,0.05,0.05,0.05
4727,0.0,0.02,0.02,0.0,0.0,0.01,0.0,0.0,0.01,0.02,0.01,0.02,0.0,0.0,0.0,0.0,0.02,0.0,0.0,0.0,0.02,0.0,0.0,0.01,0.0,0.02,0.0,0.0,0.02,0.02,0.02,0.0,0.0,0.0,0.0,0.02,0.02,0.02,0.02,0.02,0.02,0.02,0.02,0.01,0.01,0.02,0.0,0.0,0.0,0.0,0.03,0.03,0.03,0.03,0.03,0.03,0.0,0.01,0.03,0.03,0.03,0.03,0.02,0.03
4728,0.0,0.0,0.0,0.0,0.0,0.0,0.0,0.0,0.0,0.0,0.0,0.0,0.0,0.0,0.0,0.0,0.0,0.0,0.0,0.0,0.0,0.0,0.0,0.0,0.0,0.0,0.0,0.0,0.0,0.0,0.0,0.0,0.0,0.0,0.0,0.0,0.0,0.0,0.0,0.0,0.0,0.0,0.0,0.0,0.0,0.0,0.0,0.0,0.0,0.0,0.0,0.0,0.0,0.0,0.0,0.0,0.0,0.0,0.0,0.0,0.0,0.0,0.0,0.0
4729,0.0,0.0,0.0,0.0,0.0,0.0,0.0,0.0,0.0,0.0,0.0,0.0,0.0,0.0,0.0,0.0,0.0,0.0,0.0,0.0,0.0,0.0,0.0,0.0,0.0,0.0,0.0,0.0,0.0,0.0,0.0,0.0,0.0,0.0,0.0,0.0,0.0,0.0,0.0,0.0,0.0,0.0,0.0,0.0,0.0,0.0,0.0,0.0,0.0,0.0,0.0,0.0,0.0,0.0,0.0,0.0,0.0,0.0,0.0,0.0,0.0,0.0,0.0,0.0
4730,0.0,0.0,0.0,0.0,0.0,0.0,0.0,0.0,0.0,0.0,0.0,0.0,0.0,0.0,0.0,0.0,0.0,0.0,0.0,0.0,0.0,0.0,0.0,0.0,0.0,0.0,0.0,0.0,0.0,0.0,0.0,0.0,0.0,0.0,0.0,0.0,0.0,0.0,0.0,0.0,0.0,0.0,0.0,0.0,0.0,0.0,0.0,0.0,0.0,0.0,0.0,0.0,0.0,0.0,0.0,0.0,0.0,0.0,0.0,0.0,0.0,0.0,0.0,0.0
4731,0.0,0.0,0.0,0.0,0.0,0.0,0.0,0.0,0.0,0.0,0.0,0.0,0.0,0.0,0.0,0.0,0.0,0.0,0.0,0.0,0.0,0.0,0.0,0.0,0.0,0.0,0.0,0.0,0.0,0.0,0.0,0.0,0.0,0.0,0.0,0.0,0.0,0.0,0.0,0.0,0.0,0.0,0.0,0.0,0.0,0.0,0.0,0.0,0.0,0.0,0.0,0.0,0.0,0.0,0.0,0.0,0.0,0.0,0.0,0.0,0.0,0.0,0.0,0.0
4732,0.0,0.0,0.0,0.0,0.0,0.0,0.0,0.0,0.0,0.0,0.0,0.0,0.0,0.0,0.0,0.0,0.0,0.0,0.0,0.0,0.0,0.0,0.0,0.0,0.0,0.0,0.0,0.0,0.0,0.0,0.0,0.0,0.0,0.0,0.0,0.0,0.0,0.0,0.0,0.0,0.0,0.0,0.0,0.0,0.0,0.0,0.0,0.0,0.0,0.0,0.0,0.0,0.0,0.0,0.0,0.0,0.0,0.0,0.0,0.0,0.0,0.0,0.0,0.0
4733,0.0,0.0,0.0,0.0,0.0,0.0,0.0,0.0,0.0,0.0,0.0,0.0,0.0,0.0,0.0,0.0,0.0,0.0,0.0,0.0,0.0,0.0,0.0,0.0,0.0,0.0,0.0,0.0,0.0,0.0,0.0,0.0,0.0,0.0,0.0,0.0,0.0,0.0,0.0,0.0,0.0,0.0,0.0,0.0,0.0,0.0,0.0,0.0,0.0,0.0,0.0,0.0,0.0,0.0,0.0,0.0,0.0,0.0,0.0,0.0,0.0,0.0,0.0,0.0
4734,0.0,0.0,0.0,0.0,0.0,0.0,0.0,0.0,0.0,0.0,0.0,0.0,0.0,0.0,0.0,0.0,0.0,0.0,0.0,0.0,0.0,0.0,0.0,0.0,0.0,0.0,0.0,0.0,0.0,0.0,0.0,0.0,0.0,0.0,0.0,0.0,0.0,0.0,0.0,0.0,0.0,0.0,0.0,0.0,0.0,0.0,0.0,0.0,0.0,0.0,0.0,0.0,0.0,0.0,0.0,0.0,0.0,0.0,0.0,0.0,0.0,0.0,0.0,0.0
4735,0.0,0.0,0.0,0.0,0.0,0.0,0.0,0.0,0.0,0.0,0.0,0.0,0.0,0.0,0.0,0.0,0.0,0.0,0.0,0.0,0.0,0.0,0.0,0.0,0.0,0.0,0.0,0.0,0.0,0.0,0.0,0.0,0.0,0.0,0.0,0.0,0.0,0.0,0.0,0.0,0.0,0.0,0.0,0.0,0.0,0.0,0.0,0.0,0.0,0.0,0.0,0.0,0.0,0.0,0.0,0.0,0.0,0.0,0.0,0.0,0.0,0.0,0.0,0.0
4736,0.0,0.0,0.0,0.0,0.0,0.0,0.0,0.0,0.0,0.0,0.0,0.0,0.0,0.0,0.0,0.0,0.0,0.0,0.0,0.0,0.0,0.0,0.0,0.0,0.0,0.0,0.0,0.0,0.0,0.0,0.0,0.0,0.0,0.0,0.0,0.0,0.0,0.0,0.0,0.0,0.0,0.0,0.0,0.0,0.0,0.0,0.0,0.0,0.0,0.0,0.0,0.0,0.0,0.0,0.0,0.0,0.0,0.0,0.0,0.0,0.0,0.0,0.0,0.0
4737,0.0,0.02,0.02,0.0,0.0,0.02,0.0,0.0,0.02,0.04,0.02,0.04,0.02,0.01,0.02,0.03,0.02,0.02,0.02,0.03,0.01,0.03,0.02,0.02,0.02,0.02,0.0,0.0,0.02,0.02,0.02,0.0,0.0,0.0,0.0,0.02,0.02,0.02,0.02,0.02,0.02,0.02,0.02,0.02,0.02,0.02,0.02,0.0,0.0,0.02,0.02,0.02,0.02,0.02,0.02,0.02,0.0,0.02,0.02,0.02,0.02,0.02,0.02,0.02
4738,0.0,0.06,0.06,0.0,0.0,0.09,0.0,0.0,0.12,0.15,0.11,0.13,0.19,0.15,0.15,0.14,0.11,0.17,0.16,0.13,0.05,0.15,0.19,0.11,0.12,0.05,0.0,0.0,0.06,0.06,0.06,0.0,0.0,0.0,0.0,0.08,0.1,0.1,0.08,0.1,0.09,0.08,0.08,0.1,0.1,0.08,0.09,0.0,0.0,0.09,0.06,0.05,0.07,0.05,0.08,0.05,0.0,0.06,0.06,0.07,0.06,0.06,0.06,0.06
4739,0.0,0.49,0.49,0.0,0.0,0.52,0.0,0.0,0.55,0.59,0.54,0.57,0.62,0.57,0.57,0.53,0.55,0.61,0.61,0.41,0.26,0.58,0.62,0.54,0.55,0.5,0.0,0.0,0.5,0.49,0.5,0.0,0.0,0.0,0.0,0.52,0.53,0.55,0.52,0.56,0.54,0.52,0.53,0.54,0.54,0.52,0.52,0.0,0.0,0.52,0.5,0.5,0.52,0.5,0.26,0.48,0.0,0.5,0.5,0.5,0.5,0.5,0.51,0.5
4740,0.0,0.72,0.73,0.0,0.0,0.71,0.0,0.0,0.7,0.72,0.7,0.73,0.72,0.71,0.71,0.7,0.73,0.73,0.74,0.64,0.67,0.71,0.72,0.71,0.72,0.73,0.0,0.0,0.72,0.72,0.72,0.0,0.0,0.0,0.0,0.72,0.72,0.74,0.73,0.74,0.74,0.73,0.73,0.72,0.71,0.73,0.71,0.0,0.0,0.71,0.74,0.73,0.72,0.72,0.72,0.7,0.0,0.72,0.73,0.72,0.73,0.73,0.74,0.73
4741,0.0,0.73,0.74,0.0,0.0,0.72,0.0,0.0,0.71,0.74,0.71,0.74,0.73,0.72,0.72,0.72,0.73,0.37,0.54,0.71,0.74,0.72,0.73,0.72,0.72,0.74,0.0,0.0,0.73,0.73,0.73,0.0,0.0,0.0,0.0,0.73,0.72,0.75,0.74,0.75,0.74,0.74,0.74,0.72,0.73,0.74,0.72,0.0,0.0,0.72,0.75,0.75,0.74,0.73,0.74,0.72,0.0,0.74,0.74,0.74,0.74,0.74,0.75,0.74
4742,0.0,0.75,0.76,0.0,0.0,0.74,0.0,0.0,0.73,0.77,0.73,0.76,0.45,0.74,0.74,0.74,0.75,0.29,0.77,0.73,0.76,0.74,0.76,0.74,0.74,0.77,0.0,0.0,0.75,0.76,0.76,0.0,0.0,0.0,0.0,0.76,0.74,0.76,0.76,0.77,0.76,0.76,0.76,0.74,0.74,0.76,0.74,0.0,0.0,0.74,0.77,0.77,0.76,0.75,0.77,0.74,0.0,0.76,0.76,0.76,0.77,0.76,0.78,0.76
4743,0.0,0.76,0.77,0.0,0.0,0.74,0.0,0.0,0.4,0.78,0.74,0.77,0.18,0.74,0.74,0.36,0.45,0.77,0.77,0.41,0.78,0.75,0.27,0.74,0.75,0.78,0.0,0.0,0.76,0.77,0.77,0.0,0.0,0.0,0.0,0.76,0.76,0.77,0.78,0.78,0.78,0.78,0.77,0.75,0.75,0.78,0.74,0.0,0.0,0.74,0.78,0.77,0.44,0.77,0.78,0.76,0.0,0.77,0.78,0.77,0.78,0.78,0.78,0.78
4744,0.0,0.77,0.78,0.0,0.0,0.75,0.0,0.0,0.56,0.78,0.74,0.77,0.27,0.74,0.34,0.33,0.77,0.78,0.65,0.36,0.78,0.75,0.77,0.42,0.76,0.78,0.0,0.0,0.77,0.78,0.78,0.0,0.0,0.0,0.0,0.77,0.76,0.77,0.77,0.78,0.78,0.77,0.77,0.75,0.44,0.78,0.75,0.0,0.0,0.75,0.78,0.78,0.78,0.77,0.77,0.76,0.0,0.77,0.78,0.77,0.78,0.78,0.79,0.78
4745,0.0,0.77,0.77,0.0,0.0,0.75,0.0,0.0,0.74,0.78,0.75,0.77,0.75,0.74,0.74,0.73,0.77,0.56,0.78,0.74,0.77,0.47,0.76,0.28,0.75,0.78,0.0,0.0,0.77,0.77,0.77,0.0,0.0,0.0,0.0,0.76,0.76,0.78,0.77,0.78,0.77,0.76,0.76,0.74,0.34,0.77,0.75,0.0,0.0,0.75,0.78,0.77,0.57,0.77,0.77,0.75,0.0,0.77,0.77,0.76,0.77,0.78,0.78,0.77
4746,0.0,0.74,0.75,0.0,0.0,0.72,0.0,0.0,0.73,0.77,0.74,0.76,0.73,0.73,0.72,0.72,0.76,0.76,0.77,0.72,0.76,0.74,0.75,0.74,0.73,0.76,0.0,0.0,0.75,0.75,0.75,0.0,0.0,0.0,0.0,0.74,0.75,0.77,0.75,0.77,0.76,0.75,0.75,0.74,0.74,0.76,0.72,0.0,0.0,0.72,0.69,0.76,0.2,0.3,0.76,0.74,0.0,0.76,0.76,0.75,0.76,0.76,0.76,0.76
4747,0.0,0.72,0.73,0.0,0.0,0.7,0.0,0.0,0.71,0.74,0.72,0.74,0.36,0.71,0.71,0.35,0.74,0.73,0.74,0.7,0.74,0.71,0.72,0.72,0.7,0.55,0.0,0.0,0.72,0.72,0.72,0.0,0.0,0.0,0.0,0.72,0.73,0.74,0.73,0.74,0.74,0.4,0.73,0.72,0.72,0.73,0.7,0.0,0.0,0.7,0.75,0.74,0.74,0.74,0.74,0.72,0.0,0.74,0.74,0.73,0.74,0.74,0.74,0.74
4748,0.0,0.67,0.67,0.0,0.0,0.64,0.0,0.0,0.3,0.67,0.65,0.67,0.64,0.64,0.63,0.63,0.67,0.66,0.67,0.32,0.67,0.64,0.3,0.66,0.61,0.67,0.0,0.0,0.67,0.19,0.66,0.0,0.0,0.0,0.0,0.66,0.66,0.68,0.67,0.68,0.68,0.67,0.67,0.65,0.66,0.67,0.64,0.0,0.0,0.64,0.68,0.68,0.68,0.67,0.68,0.65,0.0,0.67,0.68,0.67,0.68,0.68,0.68,0.68
4749,0.0,0.14,0.46,0.0,0.0,0.41,0.0,0.0,0.38,0.38,0.39,0.39,0.32,0.36,0.35,0.35,0.4,0.35,0.36,0.06,0.38,0.35,0.08,0.4,0.37,0.46,0.0,0.0,0.45,0.14,0.13,0.0,0.0,0.0,0.0,0.43,0.41,0.42,0.44,0.42,0.43,0.43,0.43,0.4,0.4,0.44,0.41,0.0,0.0,0.41,0.27,0.46,0.44,0.46,0.44,0.45,0.0,0.45,0.46,0.45,0.46,0.16,0.46,0.46
4750,0.0,0.05,0.05,0.0,0.0,0.05,0.0,0.0,0.05,0.05,0.05,0.05,0.04,0.05,0.04,0.04,0.05,0.05,0.05,0.05,0.05,0.05,0.06,0.05,0.05,0.05,0.0,0.0,0.05,0.05,0.08,0.0,0.0,0.0,0.0,0.05,0.05,0.05,0.05,0.05,0.05,0.05,0.08,0.05,0.05,0.05,0.05,0.0,0.0,0.05,0.05,0.05,0.05,0.05,0.05,0.05,0.0,0.05,0.05,0.05,0.05,0.05,0.05,0.05
4751,0.0,0.01,0.01,0.0,0.0,0.01,0.0,0.0,0.02,0.01,0.03,0.03,0.0,0.01,0.01,0.01,0.01,0.02,0.02,0.01,0.01,0.01,0.01,0.02,0.0,0.01,0.0,0.0,0.01,0.01,0.01,0.0,0.0,0.0,0.0,0.01,0.03,0.01,0.01,0.01,0.01,0.01,0.01,0.02,0.03,0.01,0.01,0.0,0.0,0.01,0.02,0.01,0.01,0.02,0.01,0.02,0.0,0.02,0.01,0.02,0.01,0.02,0.01,0.01
4752,0.0,0.0,0.0,0.0,0.0,0.0,0.0,0.0,0.0,0.0,0.0,0.0,0.0,0.0,0.0,0.0,0.0,0.0,0.0,0.0,0.0,0.0,0.0,0.0,0.0,0.0,0.0,0.0,0.0,0.0,0.0,0.0,0.0,0.0,0.0,0.0,0.0,0.0,0.0,0.0,0.0,0.0,0.0,0.0,0.0,0.0,0.0,0.0,0.0,0.0,0.0,0.0,0.0,0.0,0.0,0.0,0.0,0.0,0.0,0.0,0.0,0.0,0.0,0.0
4753,0.0,0.0,0.0,0.0,0.0,0.0,0.0,0.0,0.0,0.0,0.0,0.0,0.0,0.0,0.0,0.0,0.0,0.0,0.0,0.0,0.0,0.0,0.0,0.0,0.0,0.0,0.0,0.0,0.0,0.0,0.0,0.0,0.0,0.0,0.0,0.0,0.0,0.0,0.0,0.0,0.0,0.0,0.0,0.0,0.0,0.0,0.0,0.0,0.0,0.0,0.0,0.0,0.0,0.0,0.0,0.0,0.0,0.0,0.0,0.0,0.0,0.0,0.0,0.0
4754,0.0,0.0,0.0,0.0,0.0,0.0,0.0,0.0,0.0,0.0,0.0,0.0,0.0,0.0,0.0,0.0,0.0,0.0,0.0,0.0,0.0,0.0,0.0,0.0,0.0,0.0,0.0,0.0,0.0,0.0,0.0,0.0,0.0,0.0,0.0,0.0,0.0,0.0,0.0,0.0,0.0,0.0,0.0,0.0,0.0,0.0,0.0,0.0,0.0,0.0,0.0,0.0,0.0,0.0,0.0,0.0,0.0,0.0,0.0,0.0,0.0,0.0,0.0,0.0
4755,0.0,0.0,0.0,0.0,0.0,0.0,0.0,0.0,0.0,0.0,0.0,0.0,0.0,0.0,0.0,0.0,0.0,0.0,0.0,0.0,0.0,0.0,0.0,0.0,0.0,0.0,0.0,0.0,0.0,0.0,0.0,0.0,0.0,0.0,0.0,0.0,0.0,0.0,0.0,0.0,0.0,0.0,0.0,0.0,0.0,0.0,0.0,0.0,0.0,0.0,0.0,0.0,0.0,0.0,0.0,0.0,0.0,0.0,0.0,0.0,0.0,0.0,0.0,0.0
4756,0.0,0.0,0.0,0.0,0.0,0.0,0.0,0.0,0.0,0.0,0.0,0.0,0.0,0.0,0.0,0.0,0.0,0.0,0.0,0.0,0.0,0.0,0.0,0.0,0.0,0.0,0.0,0.0,0.0,0.0,0.0,0.0,0.0,0.0,0.0,0.0,0.0,0.0,0.0,0.0,0.0,0.0,0.0,0.0,0.0,0.0,0.0,0.0,0.0,0.0,0.0,0.0,0.0,0.0,0.0,0.0,0.0,0.0,0.0,0.0,0.0,0.0,0.0,0.0
4757,0.0,0.0,0.0,0.0,0.0,0.0,0.0,0.0,0.0,0.0,0.0,0.0,0.0,0.0,0.0,0.0,0.0,0.0,0.0,0.0,0.0,0.0,0.0,0.0,0.0,0.0,0.0,0.0,0.0,0.0,0.0,0.0,0.0,0.0,0.0,0.0,0.0,0.0,0.0,0.0,0.0,0.0,0.0,0.0,0.0,0.0,0.0,0.0,0.0,0.0,0.0,0.0,0.0,0.0,0.0,0.0,0.0,0.0,0.0,0.0,0.0,0.0,0.0,0.0
4758,0.0,0.0,0.0,0.0,0.0,0.0,0.0,0.0,0.0,0.0,0.0,0.0,0.0,0.0,0.0,0.0,0.0,0.0,0.0,0.0,0.0,0.0,0.0,0.0,0.0,0.0,0.0,0.0,0.0,0.0,0.0,0.0,0.0,0.0,0.0,0.0,0.0,0.0,0.0,0.0,0.0,0.0,0.0,0.0,0.0,0.0,0.0,0.0,0.0,0.0,0.0,0.0,0.0,0.0,0.0,0.0,0.0,0.0,0.0,0.0,0.0,0.0,0.0,0.0
4759,0.0,0.0,0.0,0.0,0.0,0.0,0.0,0.0,0.0,0.0,0.0,0.0,0.0,0.0,0.0,0.0,0.0,0.0,0.0,0.0,0.0,0.0,0.0,0.0,0.0,0.0,0.0,0.0,0.0,0.0,0.0,0.0,0.0,0.0,0.0,0.0,0.0,0.0,0.0,0.0,0.0,0.0,0.0,0.0,0.0,0.0,0.0,0.0,0.0,0.0,0.0,0.0,0.0,0.0,0.0,0.0,0.0,0.0,0.0,0.0,0.0,0.0,0.0,0.0
4760,0.0,0.0,0.0,0.0,0.0,0.0,0.0,0.0,0.0,0.0,0.0,0.0,0.0,0.0,0.0,0.0,0.0,0.0,0.0,0.0,0.0,0.0,0.0,0.0,0.0,0.0,0.0,0.0,0.0,0.0,0.0,0.0,0.0,0.0,0.0,0.0,0.0,0.0,0.0,0.0,0.0,0.0,0.0,0.0,0.0,0.0,0.0,0.0,0.0,0.0,0.0,0.0,0.0,0.0,0.0,0.0,0.0,0.0,0.0,0.0,0.0,0.0,0.0,0.0
4761,0.0,0.02,0.02,0.0,0.0,0.02,0.0,0.0,0.02,0.02,0.02,0.02,0.02,0.02,0.02,0.02,0.02,0.02,0.02,0.02,0.02,0.02,0.02,0.02,0.02,0.02,0.0,0.0,0.02,0.02,0.02,0.0,0.0,0.0,0.0,0.02,0.02,0.02,0.02,0.02,0.02,0.02,0.02,0.02,0.02,0.02,0.02,0.0,0.0,0.02,0.02,0.02,0.02,0.02,0.02,0.02,0.0,0.02,0.02,0.02,0.02,0.02,0.02,0.02
4762,0.0,0.06,0.06,0.0,0.0,0.09,0.0,0.0,0.14,0.16,0.13,0.14,0.2,0.16,0.16,0.15,0.13,0.18,0.18,0.15,0.16,0.17,0.21,0.12,0.13,0.06,0.0,0.0,0.07,0.06,0.06,0.0,0.0,0.0,0.0,0.09,0.11,0.12,0.09,0.12,0.11,0.09,0.1,0.11,0.12,0.09,0.1,0.0,0.0,0.1,0.07,0.06,0.09,0.06,0.1,0.06,0.0,0.07,0.07,0.08,0.07,0.07,0.07,0.07
4763,0.0,0.44,0.43,0.0,0.0,0.46,0.0,0.0,0.51,0.55,0.5,0.53,0.57,0.53,0.53,0.52,0.52,0.57,0.57,0.52,0.54,0.54,0.58,0.5,0.5,0.44,0.0,0.0,0.44,0.44,0.44,0.0,0.0,0.0,0.0,0.47,0.49,0.51,0.48,0.52,0.5,0.48,0.48,0.49,0.5,0.48,0.47,0.0,0.0,0.47,0.45,0.44,0.47,0.45,0.48,0.44,0.0,0.46,0.45,0.46,0.45,0.46,0.46,0.45
4764,0.0,0.65,0.66,0.0,0.0,0.66,0.0,0.0,0.66,0.7,0.66,0.69,0.68,0.67,0.67,0.65,0.69,0.7,0.7,0.66,0.69,0.67,0.69,0.67,0.66,0.67,0.0,0.0,0.67,0.66,0.67,0.0,0.0,0.0,0.0,0.68,0.67,0.7,0.68,0.7,0.69,0.68,0.68,0.67,0.67,0.68,0.66,0.0,0.0,0.66,0.68,0.67,0.67,0.67,0.67,0.66,0.0,0.67,0.68,0.66,0.68,0.68,0.68,0.68
4765,0.0,0.71,0.71,0.0,0.0,0.71,0.0,0.0,0.7,0.74,0.7,0.73,0.73,0.71,0.7,0.69,0.73,0.73,0.73,0.7,0.73,0.71,0.73,0.71,0.71,0.73,0.0,0.0,0.72,0.72,0.72,0.0,0.0,0.0,0.0,0.72,0.72,0.74,0.73,0.75,0.74,0.73,0.73,0.7,0.71,0.73,0.71,0.0,0.0,0.71,0.73,0.72,0.72,0.72,0.72,0.7,0.0,0.72,0.73,0.71,0.73,0.73,0.73,0.73
4766,0.0,0.72,0.73,0.0,0.0,0.73,0.0,0.0,0.71,0.75,0.7,0.74,0.74,0.71,0.71,0.7,0.74,0.72,0.73,0.71,0.74,0.72,0.74,0.72,0.72,0.74,0.0,0.0,0.73,0.73,0.73,0.0,0.0,0.0,0.0,0.74,0.73,0.76,0.74,0.76,0.76,0.74,0.74,0.71,0.72,0.75,0.73,0.0,0.0,0.72,0.75,0.75,0.74,0.73,0.74,0.7,0.0,0.73,0.74,0.73,0.74,0.75,0.75,0.74
4767,0.0,0.73,0.73,0.0,0.0,0.73,0.0,0.0,0.72,0.75,0.72,0.75,0.75,0.71,0.72,0.7,0.74,0.74,0.75,0.71,0.75,0.72,0.76,0.73,0.74,0.74,0.0,0.0,0.73,0.73,0.73,0.0,0.0,0.0,0.0,0.74,0.73,0.76,0.75,0.76,0.76,0.75,0.75,0.72,0.72,0.75,0.73,0.0,0.0,0.73,0.75,0.75,0.74,0.74,0.75,0.72,0.0,0.74,0.75,0.74,0.74,0.75,0.75,0.74
4768,0.0,0.74,0.74,0.0,0.0,0.72,0.0,0.0,0.71,0.75,0.72,0.76,0.75,0.72,0.72,0.69,0.74,0.75,0.76,0.7,0.75,0.73,0.76,0.72,0.75,0.75,0.0,0.0,0.74,0.74,0.74,0.0,0.0,0.0,0.0,0.74,0.73,0.76,0.74,0.76,0.75,0.74,0.74,0.71,0.72,0.74,0.72,0.0,0.0,0.73,0.75,0.76,0.75,0.74,0.75,0.72,0.0,0.74,0.74,0.75,0.75,0.75,0.75,0.74
4769,0.0,0.73,0.73,0.0,0.0,0.71,0.0,0.0,0.7,0.76,0.72,0.76,0.75,0.72,0.72,0.7,0.74,0.74,0.75,0.7,0.75,0.72,0.75,0.7,0.75,0.74,0.0,0.0,0.73,0.73,0.73,0.0,0.0,0.0,0.0,0.72,0.72,0.75,0.73,0.75,0.74,0.73,0.73,0.71,0.71,0.74,0.72,0.0,0.0,0.72,0.75,0.75,0.74,0.74,0.75,0.71,0.0,0.74,0.74,0.74,0.74,0.74,0.75,0.73
4770,0.0,0.71,0.71,0.0,0.0,0.7,0.0,0.0,0.69,0.75,0.7,0.74,0.73,0.7,0.69,0.71,0.73,0.73,0.75,0.68,0.74,0.7,0.73,0.7,0.72,0.72,0.0,0.0,0.71,0.71,0.71,0.0,0.0,0.0,0.0,0.7,0.7,0.73,0.72,0.74,0.73,0.71,0.71,0.69,0.7,0.72,0.7,0.0,0.0,0.71,0.72,0.73,0.73,0.72,0.74,0.7,0.0,0.72,0.72,0.72,0.72,0.73,0.73,0.72
4771,0.0,0.68,0.69,0.0,0.0,0.68,0.0,0.0,0.68,0.73,0.68,0.72,0.71,0.68,0.67,0.7,0.71,0.72,0.73,0.66,0.72,0.68,0.7,0.67,0.68,0.69,0.0,0.0,0.69,0.68,0.67,0.0,0.0,0.0,0.0,0.69,0.69,0.71,0.7,0.72,0.71,0.7,0.7,0.67,0.67,0.7,0.68,0.0,0.0,0.69,0.68,0.7,0.7,0.66,0.71,0.67,0.0,0.69,0.69,0.69,0.69,0.68,0.7,0.68
4772,0.0,0.66,0.68,0.0,0.0,0.64,0.0,0.0,0.65,0.68,0.66,0.69,0.67,0.65,0.64,0.67,0.68,0.68,0.69,0.66,0.69,0.64,0.67,0.65,0.66,0.68,0.0,0.0,0.66,0.66,0.66,0.0,0.0,0.0,0.0,0.66,0.66,0.68,0.65,0.69,0.68,0.65,0.65,0.64,0.66,0.65,0.65,0.0,0.0,0.66,0.66,0.69,0.66,0.67,0.68,0.63,0.0,0.64,0.62,0.66,0.64,0.65,0.68,0.61
4773,0.0,0.45,0.46,0.0,0.0,0.4,0.0,0.0,0.37,0.38,0.39,0.4,0.32,0.35,0.35,0.36,0.4,0.35,0.36,0.37,0.38,0.35,0.3,0.39,0.39,0.46,0.0,0.0,0.44,0.45,0.45,0.0,0.0,0.0,0.0,0.42,0.4,0.41,0.43,0.41,0.42,0.4,0.38,0.39,0.39,0.42,0.4,0.0,0.0,0.41,0.45,0.46,0.41,0.44,0.42,0.43,0.0,0.42,0.44,0.4,0.45,0.45,0.45,0.44
4774,0.0,0.05,0.05,0.0,0.0,0.05,0.0,0.0,0.04,0.04,0.04,0.05,0.04,0.04,0.04,0.04,0.04,0.04,0.04,0.04,0.05,0.04,0.04,0.04,0.04,0.05,0.0,0.0,0.05,0.05,0.05,0.0,0.0,0.0,0.0,0.05,0.07,0.05,0.05,0.05,0.06,0.05,0.05,0.05,0.04,0.05,0.05,0.0,0.0,0.05,0.05,0.06,0.06,0.05,0.07,0.07,0.0,0.05,0.05,0.06,0.05,0.05,0.05,0.05
4775,0.0,0.02,0.02,0.0,0.0,0.01,0.0,0.0,0.01,0.02,0.01,0.02,0.0,0.0,0.0,0.0,0.02,0.01,0.01,0.01,0.02,0.0,0.0,0.01,0.0,0.02,0.0,0.0,0.02,0.02,0.02,0.0,0.0,0.0,0.0,0.02,0.01,0.02,0.02,0.02,0.02,0.02,0.02,0.01,0.01,0.02,0.01,0.0,0.0,0.01,0.02,0.02,0.02,0.03,0.02,0.03,0.0,0.03,0.02,0.02,0.02,0.02,0.02,0.02
4776,0.0,0.0,0.0,0.0,0.0,0.0,0.0,0.0,0.0,0.0,0.0,0.0,0.0,0.0,0.0,0.0,0.0,0.0,0.0,0.0,0.0,0.0,0.0,0.0,0.0,0.0,0.0,0.0,0.0,0.0,0.0,0.0,0.0,0.0,0.0,0.0,0.0,0.0,0.0,0.0,0.0,0.0,0.0,0.0,0.0,0.0,0.0,0.0,0.0,0.0,0.0,0.0,0.0,0.0,0.0,0.0,0.0,0.0,0.0,0.0,0.0,0.0,0.0,0.0
4777,0.0,0.0,0.0,0.0,0.0,0.0,0.0,0.0,0.0,0.0,0.0,0.0,0.0,0.0,0.0,0.0,0.0,0.0,0.0,0.0,0.0,0.0,0.0,0.0,0.0,0.0,0.0,0.0,0.0,0.0,0.0,0.0,0.0,0.0,0.0,0.0,0.0,0.0,0.0,0.0,0.0,0.0,0.0,0.0,0.0,0.0,0.0,0.0,0.0,0.0,0.0,0.0,0.0,0.0,0.0,0.0,0.0,0.0,0.0,0.0,0.0,0.0,0.0,0.0
4778,0.0,0.0,0.0,0.0,0.0,0.0,0.0,0.0,0.0,0.0,0.0,0.0,0.0,0.0,0.0,0.0,0.0,0.0,0.0,0.0,0.0,0.0,0.0,0.0,0.0,0.0,0.0,0.0,0.0,0.0,0.0,0.0,0.0,0.0,0.0,0.0,0.0,0.0,0.0,0.0,0.0,0.0,0.0,0.0,0.0,0.0,0.0,0.0,0.0,0.0,0.0,0.0,0.0,0.0,0.0,0.0,0.0,0.0,0.0,0.0,0.0,0.0,0.0,0.0
4779,0.0,0.0,0.0,0.0,0.0,0.0,0.0,0.0,0.0,0.0,0.0,0.0,0.0,0.0,0.0,0.0,0.0,0.0,0.0,0.0,0.0,0.0,0.0,0.0,0.0,0.0,0.0,0.0,0.0,0.0,0.0,0.0,0.0,0.0,0.0,0.0,0.0,0.0,0.0,0.0,0.0,0.0,0.0,0.0,0.0,0.0,0.0,0.0,0.0,0.0,0.0,0.0,0.0,0.0,0.0,0.0,0.0,0.0,0.0,0.0,0.0,0.0,0.0,0.0
4780,0.0,0.0,0.0,0.0,0.0,0.0,0.0,0.0,0.0,0.0,0.0,0.0,0.0,0.0,0.0,0.0,0.0,0.0,0.0,0.0,0.0,0.0,0.0,0.0,0.0,0.0,0.0,0.0,0.0,0.0,0.0,0.0,0.0,0.0,0.0,0.0,0.0,0.0,0.0,0.0,0.0,0.0,0.0,0.0,0.0,0.0,0.0,0.0,0.0,0.0,0.0,0.0,0.0,0.0,0.0,0.0,0.0,0.0,0.0,0.0,0.0,0.0,0.0,0.0
4781,0.0,0.0,0.0,0.0,0.0,0.0,0.0,0.0,0.0,0.0,0.0,0.0,0.0,0.0,0.0,0.0,0.0,0.0,0.0,0.0,0.0,0.0,0.0,0.0,0.0,0.0,0.0,0.0,0.0,0.0,0.0,0.0,0.0,0.0,0.0,0.0,0.0,0.0,0.0,0.0,0.0,0.0,0.0,0.0,0.0,0.0,0.0,0.0,0.0,0.0,0.0,0.0,0.0,0.0,0.0,0.0,0.0,0.0,0.0,0.0,0.0,0.0,0.0,0.0
4782,0.0,0.0,0.0,0.0,0.0,0.0,0.0,0.0,0.0,0.0,0.0,0.0,0.0,0.0,0.0,0.0,0.0,0.0,0.0,0.0,0.0,0.0,0.0,0.0,0.0,0.0,0.0,0.0,0.0,0.0,0.0,0.0,0.0,0.0,0.0,0.0,0.0,0.0,0.0,0.0,0.0,0.0,0.0,0.0,0.0,0.0,0.0,0.0,0.0,0.0,0.0,0.0,0.0,0.0,0.0,0.0,0.0,0.0,0.0,0.0,0.0,0.0,0.0,0.0
4783,0.0,0.0,0.0,0.0,0.0,0.0,0.0,0.0,0.0,0.0,0.0,0.0,0.0,0.0,0.0,0.0,0.0,0.0,0.0,0.0,0.0,0.0,0.0,0.0,0.0,0.0,0.0,0.0,0.0,0.0,0.0,0.0,0.0,0.0,0.0,0.0,0.0,0.0,0.0,0.0,0.0,0.0,0.0,0.0,0.0,0.0,0.0,0.0,0.0,0.0,0.0,0.0,0.0,0.0,0.0,0.0,0.0,0.0,0.0,0.0,0.0,0.0,0.0,0.0
4784,0.0,0.0,0.0,0.0,0.0,0.0,0.0,0.0,0.0,0.0,0.0,0.0,0.0,0.0,0.0,0.0,0.0,0.0,0.0,0.0,0.0,0.0,0.0,0.0,0.0,0.0,0.0,0.0,0.0,0.0,0.0,0.0,0.0,0.0,0.0,0.0,0.0,0.0,0.0,0.0,0.0,0.0,0.0,0.0,0.0,0.0,0.0,0.0,0.0,0.0,0.0,0.0,0.0,0.0,0.0,0.0,0.0,0.0,0.0,0.0,0.0,0.0,0.0,0.0
4785,0.0,0.02,0.02,0.0,0.0,0.01,0.0,0.0,0.04,0.0,0.04,0.01,0.03,0.04,0.04,0.04,0.04,0.0,0.01,0.04,0.01,0.04,0.04,0.02,0.04,0.03,0.0,0.0,0.03,0.02,0.03,0.0,0.0,0.0,0.0,0.03,0.0,0.03,0.03,0.03,0.03,0.04,0.04,0.01,0.03,0.04,0.01,0.0,0.0,0.01,0.03,0.03,0.03,0.03,0.03,0.01,0.0,0.03,0.03,0.0,0.03,0.03,0.03,0.03
4786,0.0,0.05,0.04,0.0,0.0,0.09,0.0,0.0,0.08,0.01,0.02,0.04,0.19,0.15,0.15,0.14,0.03,0.02,0.02,0.14,0.03,0.15,0.02,0.06,0.12,0.05,0.0,0.0,0.08,0.05,0.05,0.0,0.0,0.0,0.0,0.08,0.11,0.03,0.1,0.09,0.07,0.1,0.08,0.09,0.05,0.09,0.09,0.0,0.0,0.1,0.05,0.08,0.07,0.05,0.06,0.04,0.0,0.06,0.06,0.06,0.05,0.05,0.08,0.05
4787,0.0,0.45,0.46,0.0,0.0,0.49,0.0,0.0,0.49,0.23,0.04,0.08,0.03,0.48,0.46,0.48,0.05,0.08,0.11,0.48,0.07,0.5,0.03,0.44,0.53,0.46,0.0,0.0,0.44,0.46,0.46,0.0,0.0,0.0,0.0,0.41,0.47,0.05,0.48,0.05,0.49,0.49,0.48,0.46,0.47,0.49,0.49,0.0,0.0,0.49,0.47,0.46,0.48,0.47,0.21,0.46,0.0,0.47,0.47,0.47,0.47,0.48,0.47,0.47
4788,0.0,0.62,0.61,0.0,0.0,0.63,0.0,0.0,0.58,0.65,0.6,0.62,0.08,0.55,0.54,0.56,0.61,0.63,0.31,0.59,0.56,0.55,0.03,0.6,0.63,0.6,0.0,0.0,0.63,0.6,0.62,0.0,0.0,0.0,0.0,0.63,0.61,0.62,0.64,0.63,0.63,0.64,0.63,0.61,0.61,0.65,0.63,0.0,0.0,0.63,0.63,0.64,0.65,0.65,0.66,0.63,0.0,0.64,0.62,0.65,0.61,0.65,0.64,0.62
4789,0.0,0.55,0.61,0.0,0.0,0.67,0.0,0.0,0.65,0.7,0.65,0.68,0.1,0.23,0.3,0.21,0.68,0.68,0.69,0.64,0.68,0.58,0.12,0.67,0.68,0.64,0.0,0.0,0.16,0.55,0.66,0.0,0.0,0.0,0.0,0.68,0.67,0.69,0.65,0.69,0.69,0.65,0.59,0.66,0.67,0.62,0.68,0.0,0.0,0.69,0.58,0.57,0.7,0.67,0.7,0.68,0.0,0.29,0.56,0.7,0.64,0.58,0.26,0.6
4790,0.0,0.65,0.63,0.0,0.0,0.66,0.0,0.0,0.69,0.73,0.69,0.71,0.7,0.36,0.18,0.31,0.7,0.71,0.72,0.67,0.69,0.4,0.44,0.69,0.72,0.31,0.0,0.0,0.67,0.62,0.67,0.0,0.0,0.0,0.0,0.67,0.63,0.72,0.59,0.71,0.68,0.57,0.63,0.65,0.68,0.59,0.67,0.0,0.0,0.68,0.67,0.67,0.7,0.7,0.73,0.7,0.0,0.69,0.65,0.72,0.65,0.7,0.68,0.63
4791,0.0,0.66,0.6,0.0,0.0,0.67,0.0,0.0,0.7,0.73,0.7,0.72,0.42,0.22,0.27,0.71,0.71,0.55,0.73,0.7,0.7,0.19,0.72,0.68,0.72,0.2,0.0,0.0,0.69,0.7,0.36,0.0,0.0,0.0,0.0,0.7,0.61,0.72,0.67,0.71,0.7,0.66,0.46,0.62,0.67,0.68,0.66,0.0,0.0,0.67,0.32,0.71,0.7,0.62,0.74,0.7,0.0,0.7,0.3,0.73,0.7,0.72,0.71,0.4
4792,0.0,0.18,0.11,0.0,0.0,0.7,0.0,0.0,0.7,0.2,0.68,0.73,0.21,0.71,0.72,0.73,0.14,0.74,0.73,0.72,0.14,0.71,0.31,0.64,0.71,0.16,0.0,0.0,0.72,0.14,0.22,0.0,0.0,0.0,0.0,0.72,0.64,0.71,0.72,0.71,0.69,0.71,0.7,0.66,0.65,0.72,0.68,0.0,0.0,0.69,0.2,0.74,0.72,0.72,0.74,0.64,0.0,0.37,0.2,0.07,0.34,0.42,0.09,0.23
4793,0.0,0.06,0.05,0.0,0.0,0.37,0.0,0.0,0.7,0.11,0.7,0.73,0.1,0.71,0.73,0.74,0.73,0.41,0.17,0.73,0.06,0.71,0.06,0.63,0.74,0.06,0.0,0.0,0.11,0.08,0.09,0.0,0.0,0.0,0.0,0.16,0.68,0.73,0.5,0.73,0.14,0.4,0.5,0.67,0.66,0.72,0.5,0.0,0.0,0.62,0.21,0.21,0.1,0.71,0.16,0.7,0.0,0.35,0.28,0.08,0.42,0.27,0.14,0.36
4794,0.0,0.1,0.06,0.0,0.0,0.19,0.0,0.0,0.72,0.13,0.68,0.71,0.7,0.72,0.73,0.73,0.71,0.67,0.39,0.72,0.22,0.72,0.09,0.64,0.73,0.07,0.0,0.0,0.14,0.08,0.07,0.0,0.0,0.0,0.0,0.16,0.21,0.2,0.05,0.17,0.08,0.03,0.04,0.14,0.65,0.02,0.17,0.0,0.0,0.27,0.71,0.74,0.43,0.33,0.27,0.06,0.0,0.71,0.7,0.08,0.71,0.71,0.16,0.7
4795,0.0,0.04,0.03,0.0,0.0,0.04,0.0,0.0,0.7,0.7,0.01,0.39,0.06,0.05,0.7,0.71,0.69,0.36,0.11,0.7,0.15,0.11,0.6,0.66,0.67,0.04,0.0,0.0,0.3,0.02,0.05,0.0,0.0,0.0,0.0,0.06,0.09,0.08,0.17,0.06,0.04,0.06,0.05,0.69,0.11,0.06,0.08,0.0,0.0,0.14,0.1,0.11,0.7,0.22,0.05,0.04,0.0,0.18,0.05,0.12,0.04,0.69,0.05,0.02
4796,0.0,0.02,0.01,0.0,0.0,0.02,0.0,0.0,0.63,0.05,0.63,0.64,0.22,0.07,0.31,0.64,0.06,0.02,0.03,0.64,0.2,0.05,0.55,0.63,0.46,0.03,0.0,0.0,0.12,0.07,0.02,0.0,0.0,0.0,0.0,0.09,0.04,0.04,0.65,0.03,0.01,0.65,0.16,0.39,0.64,0.65,0.02,0.0,0.0,0.03,0.34,0.06,0.1,0.08,0.03,0.02,0.0,0.08,0.17,0.03,0.65,0.07,0.13,0.63
4797,0.0,0.0,0.01,0.0,0.0,0.01,0.0,0.0,0.04,0.03,0.02,0.06,0.06,0.15,0.33,0.33,0.02,0.01,0.02,0.34,0.04,0.09,0.02,0.36,0.23,0.01,0.0,0.0,0.09,0.0,0.01,0.0,0.0,0.0,0.0,0.38,0.04,0.0,0.07,0.0,0.01,0.06,0.39,0.01,0.36,0.38,0.01,0.0,0.0,0.01,0.41,0.05,0.4,0.42,0.02,0.0,0.0,0.01,0.38,0.02,0.41,0.42,0.12,0.42
4798,0.0,0.0,0.0,0.0,0.0,0.0,0.0,0.0,0.01,0.01,0.0,0.07,0.0,0.06,0.06,0.01,0.0,0.01,0.02,0.0,0.07,0.06,0.0,0.06,0.01,0.0,0.0,0.0,0.06,0.0,0.0,0.0,0.0,0.0,0.0,0.02,0.06,0.0,0.07,0.0,0.03,0.07,0.07,0.04,0.06,0.07,0.0,0.0,0.0,0.0,0.06,0.01,0.03,0.06,0.0,0.0,0.0,0.06,0.06,0.0,0.06,0.06,0.0,0.06
4799,0.0,0.0,0.0,0.0,0.0,0.0,0.0,0.0,0.0,0.0,0.0,0.0,0.0,0.0,0.0,0.0,0.0,0.0,0.0,0.0,0.0,0.0,0.0,0.0,0.0,0.0,0.0,0.0,0.0,0.0,0.0,0.0,0.0,0.0,0.0,0.0,0.0,0.0,0.0,0.0,0.0,0.0,0.0,0.0,0.0,0.0,0.0,0.0,0.0,0.0,0.02,0.0,0.01,0.02,0.02,0.0,0.0,0.02,0.02,0.0,0.02,0.02,0.0,0.02
4800,0.0,0.0,0.0,0.0,0.0,0.0,0.0,0.0,0.0,0.0,0.0,0.0,0.0,0.0,0.0,0.0,0.0,0.0,0.0,0.0,0.0,0.0,0.0,0.0,0.0,0.0,0.0,0.0,0.0,0.0,0.0,0.0,0.0,0.0,0.0,0.0,0.0,0.0,0.0,0.0,0.0,0.0,0.0,0.0,0.0,0.0,0.0,0.0,0.0,0.0,0.0,0.0,0.0,0.0,0.0,0.0,0.0,0.0,0.0,0.0,0.0,0.0,0.0,0.0
4801,0.0,0.0,0.0,0.0,0.0,0.0,0.0,0.0,0.0,0.0,0.0,0.0,0.0,0.0,0.0,0.0,0.0,0.0,0.0,0.0,0.0,0.0,0.0,0.0,0.0,0.0,0.0,0.0,0.0,0.0,0.0,0.0,0.0,0.0,0.0,0.0,0.0,0.0,0.0,0.0,0.0,0.0,0.0,0.0,0.0,0.0,0.0,0.0,0.0,0.0,0.0,0.0,0.0,0.0,0.0,0.0,0.0,0.0,0.0,0.0,0.0,0.0,0.0,0.0
4802,0.0,0.0,0.0,0.0,0.0,0.0,0.0,0.0,0.0,0.0,0.0,0.0,0.0,0.0,0.0,0.0,0.0,0.0,0.0,0.0,0.0,0.0,0.0,0.0,0.0,0.0,0.0,0.0,0.0,0.0,0.0,0.0,0.0,0.0,0.0,0.0,0.0,0.0,0.0,0.0,0.0,0.0,0.0,0.0,0.0,0.0,0.0,0.0,0.0,0.0,0.0,0.0,0.0,0.0,0.0,0.0,0.0,0.0,0.0,0.0,0.0,0.0,0.0,0.0
4803,0.0,0.0,0.0,0.0,0.0,0.0,0.0,0.0,0.0,0.0,0.0,0.0,0.0,0.0,0.0,0.0,0.0,0.0,0.0,0.0,0.0,0.0,0.0,0.0,0.0,0.0,0.0,0.0,0.0,0.0,0.0,0.0,0.0,0.0,0.0,0.0,0.0,0.0,0.0,0.0,0.0,0.0,0.0,0.0,0.0,0.0,0.0,0.0,0.0,0.0,0.0,0.0,0.0,0.0,0.0,0.0,0.0,0.0,0.0,0.0,0.0,0.0,0.0,0.0
4804,0.0,0.0,0.0,0.0,0.0,0.0,0.0,0.0,0.0,0.0,0.0,0.0,0.0,0.0,0.0,0.0,0.0,0.0,0.0,0.0,0.0,0.0,0.0,0.0,0.0,0.0,0.0,0.0,0.0,0.0,0.0,0.0,0.0,0.0,0.0,0.0,0.0,0.0,0.0,0.0,0.0,0.0,0.0,0.0,0.0,0.0,0.0,0.0,0.0,0.0,0.0,0.0,0.0,0.0,0.0,0.0,0.0,0.0,0.0,0.0,0.0,0.0,0.0,0.0
4805,0.0,0.0,0.0,0.0,0.0,0.0,0.0,0.0,0.0,0.0,0.0,0.0,0.0,0.0,0.0,0.0,0.0,0.0,0.0,0.0,0.0,0.0,0.0,0.0,0.0,0.0,0.0,0.0,0.0,0.0,0.0,0.0,0.0,0.0,0.0,0.0,0.0,0.0,0.0,0.0,0.0,0.0,0.0,0.0,0.0,0.0,0.0,0.0,0.0,0.0,0.0,0.0,0.0,0.0,0.0,0.0,0.0,0.0,0.0,0.0,0.0,0.0,0.0,0.0
4806,0.0,0.0,0.0,0.0,0.0,0.0,0.0,0.0,0.0,0.0,0.0,0.0,0.0,0.0,0.0,0.0,0.0,0.0,0.0,0.0,0.0,0.0,0.0,0.0,0.0,0.0,0.0,0.0,0.0,0.0,0.0,0.0,0.0,0.0,0.0,0.0,0.0,0.0,0.0,0.0,0.0,0.0,0.0,0.0,0.0,0.0,0.0,0.0,0.0,0.0,0.0,0.0,0.0,0.0,0.0,0.0,0.0,0.0,0.0,0.0,0.0,0.0,0.0,0.0
4807,0.0,0.0,0.0,0.0,0.0,0.0,0.0,0.0,0.0,0.0,0.0,0.0,0.0,0.0,0.0,0.0,0.0,0.0,0.0,0.0,0.0,0.0,0.0,0.0,0.0,0.0,0.0,0.0,0.0,0.0,0.0,0.0,0.0,0.0,0.0,0.0,0.0,0.0,0.0,0.0,0.0,0.0,0.0,0.0,0.0,0.0,0.0,0.0,0.0,0.0,0.0,0.0,0.0,0.0,0.0,0.0,0.0,0.0,0.0,0.0,0.0,0.0,0.0,0.0
4808,0.0,0.0,0.0,0.0,0.0,0.0,0.0,0.0,0.0,0.0,0.0,0.0,0.0,0.0,0.0,0.0,0.0,0.0,0.0,0.0,0.0,0.0,0.0,0.0,0.0,0.0,0.0,0.0,0.0,0.0,0.0,0.0,0.0,0.0,0.0,0.0,0.0,0.0,0.0,0.0,0.0,0.0,0.0,0.0,0.0,0.0,0.0,0.0,0.0,0.0,0.0,0.0,0.0,0.0,0.0,0.0,0.0,0.0,0.0,0.0,0.0,0.0,0.0,0.0
4809,0.0,0.0,0.0,0.0,0.0,0.0,0.0,0.0,0.03,0.02,0.03,0.02,0.02,0.03,0.03,0.03,0.02,0.01,0.02,0.03,0.01,0.03,0.01,0.0,0.0,0.0,0.0,0.0,0.0,0.0,0.0,0.0,0.0,0.0,0.0,0.0,0.0,0.02,0.0,0.02,0.0,0.0,0.0,0.0,0.0,0.0,0.0,0.0,0.0,0.0,0.0,0.0,0.0,0.0,0.02,0.03,0.0,0.01,0.0,0.02,0.0,0.0,0.0,0.0
4810,0.0,0.0,0.0,0.0,0.0,0.0,0.0,0.0,0.12,0.02,0.03,0.12,0.12,0.14,0.15,0.14,0.11,0.02,0.06,0.13,0.14,0.15,0.18,0.0,0.0,0.0,0.0,0.0,0.0,0.0,0.0,0.0,0.0,0.0,0.0,0.0,0.0,0.01,0.0,0.02,0.0,0.0,0.0,0.0,0.0,0.01,0.0,0.0,0.0,0.0,0.01,0.01,0.01,0.03,0.08,0.05,0.0,0.06,0.01,0.06,0.01,0.01,0.0,0.01
4811,0.0,0.01,0.01,0.0,0.0,0.0,0.0,0.0,0.07,0.05,0.02,0.52,0.47,0.52,0.52,0.51,0.49,0.09,0.22,0.5,0.52,0.53,0.56,0.0,0.0,0.01,0.0,0.0,0.01,0.01,0.01,0.0,0.0,0.0,0.0,0.02,0.0,0.01,0.01,0.02,0.0,0.0,0.01,0.01,0.0,0.01,0.0,0.0,0.0,0.0,0.02,0.02,0.02,0.06,0.15,0.16,0.0,0.26,0.02,0.46,0.02,0.02,0.01,0.02
4812,0.0,0.02,0.03,0.0,0.0,0.01,0.0,0.0,0.03,0.68,0.01,0.69,0.67,0.67,0.66,0.66,0.06,0.69,0.7,0.11,0.68,0.66,0.67,0.01,0.01,0.02,0.0,0.0,0.02,0.02,0.02,0.0,0.0,0.0,0.0,0.04,0.01,0.01,0.02,0.01,0.01,0.01,0.01,0.02,0.01,0.02,0.01,0.0,0.0,0.01,0.03,0.04,0.06,0.1,0.06,0.14,0.0,0.14,0.03,0.67,0.05,0.05,0.02,0.04
4813,0.0,0.04,0.06,0.0,0.0,0.02,0.0,0.0,0.01,0.72,0.01,0.08,0.72,0.05,0.08,0.05,0.04,0.74,0.74,0.03,0.73,0.09,0.72,0.01,0.02,0.04,0.0,0.0,0.03,0.04,0.03,0.0,0.0,0.0,0.0,0.04,0.01,0.02,0.04,0.02,0.02,0.03,0.02,0.03,0.01,0.03,0.02,0.0,0.0,0.02,0.07,0.07,0.1,0.14,0.15,0.23,0.0,0.12,0.06,0.41,0.07,0.1,0.05,0.06
4814,0.0,0.1,0.14,0.0,0.0,0.05,0.0,0.0,0.01,0.31,0.01,0.04,0.74,0.04,0.05,0.04,0.04,0.76,0.76,0.03,0.74,0.07,0.74,0.04,0.06,0.07,0.0,0.0,0.06,0.08,0.06,0.0,0.0,0.0,0.0,0.07,0.02,0.02,0.05,0.03,0.03,0.04,0.03,0.04,0.03,0.05,0.06,0.0,0.0,0.04,0.16,0.16,0.12,0.19,0.18,0.23,0.0,0.15,0.13,0.55,0.13,0.18,0.07,0.13
4815,0.0,0.32,0.46,0.0,0.0,0.14,0.0,0.0,0.02,0.16,0.02,0.12,0.75,0.03,0.03,0.05,0.04,0.7,0.35,0.02,0.13,0.03,0.74,0.03,0.05,0.18,0.0,0.0,0.1,0.18,0.1,0.0,0.0,0.0,0.0,0.12,0.04,0.03,0.1,0.03,0.03,0.06,0.04,0.04,0.04,0.08,0.13,0.0,0.0,0.11,0.19,0.18,0.16,0.2,0.2,0.51,0.0,0.14,0.18,0.35,0.23,0.18,0.17,0.21
4816,0.0,0.35,0.39,0.0,0.0,0.2,0.0,0.0,0.02,0.75,0.02,0.05,0.26,0.03,0.04,0.05,0.04,0.05,0.04,0.02,0.04,0.02,0.05,0.04,0.06,0.24,0.0,0.0,0.16,0.31,0.21,0.0,0.0,0.0,0.0,0.14,0.04,0.03,0.11,0.03,0.03,0.1,0.06,0.04,0.04,0.09,0.18,0.0,0.0,0.16,0.21,0.19,0.14,0.74,0.17,0.7,0.0,0.19,0.16,0.22,0.17,0.31,0.2,0.17
4817,0.0,0.43,0.74,0.0,0.0,0.35,0.0,0.0,0.02,0.04,0.02,0.04,0.08,0.03,0.04,0.04,0.03,0.02,0.02,0.02,0.03,0.04,0.21,0.04,0.07,0.44,0.0,0.0,0.18,0.28,0.2,0.0,0.0,0.0,0.0,0.19,0.05,0.03,0.12,0.02,0.03,0.09,0.07,0.07,0.05,0.1,0.2,0.0,0.0,0.21,0.73,0.37,0.13,0.72,0.14,0.7,0.0,0.72,0.54,0.74,0.73,0.73,0.16,0.73
4818,0.0,0.71,0.71,0.0,0.0,0.29,0.0,0.0,0.01,0.03,0.02,0.03,0.07,0.02,0.08,0.04,0.04,0.03,0.03,0.02,0.02,0.03,0.06,0.04,0.08,0.71,0.0,0.0,0.28,0.72,0.72,0.0,0.0,0.0,0.0,0.2,0.06,0.03,0.15,0.03,0.04,0.12,0.07,0.06,0.06,0.12,0.26,0.0,0.0,0.23,0.7,0.67,0.49,0.68,0.27,0.69,0.0,0.7,0.72,0.71,0.69,0.7,0.4,0.7
4819,0.0,0.67,0.68,0.0,0.0,0.27,0.0,0.0,0.02,0.02,0.02,0.02,0.02,0.01,0.06,0.03,0.03,0.06,0.04,0.03,0.02,0.01,0.04,0.03,0.13,0.68,0.0,0.0,0.68,0.68,0.68,0.0,0.0,0.0,0.0,0.38,0.04,0.02,0.63,0.03,0.05,0.21,0.1,0.05,0.03,0.3,0.22,0.0,0.0,0.23,0.66,0.63,0.72,0.66,0.27,0.67,0.0,0.68,0.71,0.69,0.67,0.67,0.69,0.69
4820,0.0,0.62,0.63,0.0,0.0,0.22,0.0,0.0,0.01,0.02,0.01,0.01,0.01,0.02,0.05,0.03,0.02,0.06,0.04,0.02,0.01,0.04,0.0,0.02,0.18,0.62,0.0,0.0,0.62,0.62,0.62,0.0,0.0,0.0,0.0,0.63,0.06,0.03,0.62,0.04,0.05,0.09,0.06,0.05,0.02,0.17,0.17,0.0,0.0,0.13,0.62,0.61,0.66,0.62,0.66,0.62,0.0,0.64,0.65,0.64,0.63,0.63,0.61,0.64
4821,0.0,0.39,0.4,0.0,0.0,0.38,0.0,0.0,0.01,0.01,0.01,0.01,0.0,0.02,0.01,0.01,0.03,0.02,0.02,0.01,0.0,0.03,0.01,0.03,0.12,0.4,0.0,0.0,0.39,0.4,0.39,0.0,0.0,0.0,0.0,0.39,0.03,0.02,0.39,0.04,0.04,0.09,0.04,0.04,0.04,0.18,0.38,0.0,0.0,0.15,0.4,0.4,0.4,0.4,0.4,0.4,0.0,0.41,0.41,0.02,0.41,0.41,0.38,0.4
4822,0.0,0.05,0.05,0.0,0.0,0.05,0.0,0.0,0.01,0.01,0.01,0.0,0.0,0.0,0.0,0.0,0.02,0.01,0.0,0.0,0.0,0.0,0.0,0.02,0.05,0.05,0.0,0.0,0.05,0.05,0.05,0.0,0.0,0.0,0.0,0.05,0.01,0.0,0.05,0.02,0.02,0.07,0.03,0.02,0.02,0.07,0.05,0.0,0.0,0.05,0.06,0.05,0.05,0.05,0.05,0.05,0.0,0.05,0.05,0.03,0.05,0.05,0.05,0.05
4823,0.0,0.01,0.01,0.0,0.0,0.01,0.0,0.0,0.0,0.0,0.0,0.0,0.0,0.0,0.0,0.0,0.0,0.0,0.0,0.0,0.0,0.0,0.0,0.0,0.0,0.01,0.0,0.0,0.01,0.01,0.01,0.0,0.0,0.0,0.0,0.02,0.0,0.0,0.03,0.0,0.0,0.01,0.01,0.0,0.0,0.02,0.01,0.0,0.0,0.01,0.01,0.01,0.01,0.02,0.01,0.02,0.0,0.02,0.01,0.01,0.01,0.01,0.01,0.01
4824,0.0,0.0,0.0,0.0,0.0,0.0,0.0,0.0,0.0,0.0,0.0,0.0,0.0,0.0,0.0,0.0,0.0,0.0,0.0,0.0,0.0,0.0,0.0,0.0,0.0,0.0,0.0,0.0,0.0,0.0,0.0,0.0,0.0,0.0,0.0,0.0,0.0,0.0,0.0,0.0,0.0,0.0,0.0,0.0,0.0,0.0,0.0,0.0,0.0,0.0,0.0,0.0,0.0,0.0,0.0,0.0,0.0,0.0,0.0,0.0,0.0,0.0,0.0,0.0
4825,0.0,0.0,0.0,0.0,0.0,0.0,0.0,0.0,0.0,0.0,0.0,0.0,0.0,0.0,0.0,0.0,0.0,0.0,0.0,0.0,0.0,0.0,0.0,0.0,0.0,0.0,0.0,0.0,0.0,0.0,0.0,0.0,0.0,0.0,0.0,0.0,0.0,0.0,0.0,0.0,0.0,0.0,0.0,0.0,0.0,0.0,0.0,0.0,0.0,0.0,0.0,0.0,0.0,0.0,0.0,0.0,0.0,0.0,0.0,0.0,0.0,0.0,0.0,0.0
4826,0.0,0.0,0.0,0.0,0.0,0.0,0.0,0.0,0.0,0.0,0.0,0.0,0.0,0.0,0.0,0.0,0.0,0.0,0.0,0.0,0.0,0.0,0.0,0.0,0.0,0.0,0.0,0.0,0.0,0.0,0.0,0.0,0.0,0.0,0.0,0.0,0.0,0.0,0.0,0.0,0.0,0.0,0.0,0.0,0.0,0.0,0.0,0.0,0.0,0.0,0.0,0.0,0.0,0.0,0.0,0.0,0.0,0.0,0.0,0.0,0.0,0.0,0.0,0.0
4827,0.0,0.0,0.0,0.0,0.0,0.0,0.0,0.0,0.0,0.0,0.0,0.0,0.0,0.0,0.0,0.0,0.0,0.0,0.0,0.0,0.0,0.0,0.0,0.0,0.0,0.0,0.0,0.0,0.0,0.0,0.0,0.0,0.0,0.0,0.0,0.0,0.0,0.0,0.0,0.0,0.0,0.0,0.0,0.0,0.0,0.0,0.0,0.0,0.0,0.0,0.0,0.0,0.0,0.0,0.0,0.0,0.0,0.0,0.0,0.0,0.0,0.0,0.0,0.0
4828,0.0,0.0,0.0,0.0,0.0,0.0,0.0,0.0,0.0,0.0,0.0,0.0,0.0,0.0,0.0,0.0,0.0,0.0,0.0,0.0,0.0,0.0,0.0,0.0,0.0,0.0,0.0,0.0,0.0,0.0,0.0,0.0,0.0,0.0,0.0,0.0,0.0,0.0,0.0,0.0,0.0,0.0,0.0,0.0,0.0,0.0,0.0,0.0,0.0,0.0,0.0,0.0,0.0,0.0,0.0,0.0,0.0,0.0,0.0,0.0,0.0,0.0,0.0,0.0
4829,0.0,0.0,0.0,0.0,0.0,0.0,0.0,0.0,0.0,0.0,0.0,0.0,0.0,0.0,0.0,0.0,0.0,0.0,0.0,0.0,0.0,0.0,0.0,0.0,0.0,0.0,0.0,0.0,0.0,0.0,0.0,0.0,0.0,0.0,0.0,0.0,0.0,0.0,0.0,0.0,0.0,0.0,0.0,0.0,0.0,0.0,0.0,0.0,0.0,0.0,0.0,0.0,0.0,0.0,0.0,0.0,0.0,0.0,0.0,0.0,0.0,0.0,0.0,0.0
4830,0.0,0.0,0.0,0.0,0.0,0.0,0.0,0.0,0.0,0.0,0.0,0.0,0.0,0.0,0.0,0.0,0.0,0.0,0.0,0.0,0.0,0.0,0.0,0.0,0.0,0.0,0.0,0.0,0.0,0.0,0.0,0.0,0.0,0.0,0.0,0.0,0.0,0.0,0.0,0.0,0.0,0.0,0.0,0.0,0.0,0.0,0.0,0.0,0.0,0.0,0.0,0.0,0.0,0.0,0.0,0.0,0.0,0.0,0.0,0.0,0.0,0.0,0.0,0.0
4831,0.0,0.0,0.0,0.0,0.0,0.0,0.0,0.0,0.0,0.0,0.0,0.0,0.0,0.0,0.0,0.0,0.0,0.0,0.0,0.0,0.0,0.0,0.0,0.0,0.0,0.0,0.0,0.0,0.0,0.0,0.0,0.0,0.0,0.0,0.0,0.0,0.0,0.0,0.0,0.0,0.0,0.0,0.0,0.0,0.0,0.0,0.0,0.0,0.0,0.0,0.0,0.0,0.0,0.0,0.0,0.0,0.0,0.0,0.0,0.0,0.0,0.0,0.0,0.0
4832,0.0,0.0,0.0,0.0,0.0,0.0,0.0,0.0,0.0,0.0,0.0,0.0,0.0,0.0,0.0,0.0,0.0,0.0,0.0,0.0,0.0,0.0,0.0,0.0,0.0,0.0,0.0,0.0,0.0,0.0,0.0,0.0,0.0,0.0,0.0,0.0,0.0,0.0,0.0,0.0,0.0,0.0,0.0,0.0,0.0,0.0,0.0,0.0,0.0,0.0,0.0,0.0,0.0,0.0,0.0,0.0,0.0,0.0,0.0,0.0,0.0,0.0,0.0,0.0
4833,0.0,0.02,0.01,0.0,0.0,0.02,0.0,0.0,0.02,0.01,0.02,0.04,0.02,0.04,0.03,0.02,0.04,0.02,0.02,0.04,0.01,0.04,0.01,0.02,0.04,0.02,0.0,0.0,0.02,0.02,0.02,0.0,0.0,0.0,0.0,0.02,0.02,0.02,0.02,0.02,0.02,0.02,0.02,0.02,0.02,0.02,0.03,0.0,0.0,0.03,0.02,0.02,0.01,0.02,0.0,0.02,0.0,0.03,0.02,0.01,0.02,0.02,0.01,0.02
4834,0.0,0.05,0.05,0.0,0.0,0.09,0.0,0.0,0.12,0.05,0.12,0.1,0.05,0.15,0.15,0.14,0.12,0.17,0.17,0.13,0.03,0.15,0.04,0.11,0.12,0.06,0.0,0.0,0.07,0.06,0.06,0.0,0.0,0.0,0.0,0.08,0.1,0.12,0.08,0.12,0.1,0.09,0.09,0.11,0.11,0.09,0.09,0.0,0.0,0.09,0.06,0.06,0.04,0.06,0.02,0.06,0.0,0.08,0.07,0.07,0.07,0.09,0.07,0.07
4835,0.0,0.45,0.44,0.0,0.0,0.46,0.0,0.0,0.51,0.08,0.5,0.2,0.1,0.53,0.53,0.52,0.53,0.56,0.26,0.52,0.05,0.54,0.08,0.5,0.42,0.45,0.0,0.0,0.46,0.45,0.46,0.0,0.0,0.0,0.0,0.47,0.49,0.52,0.48,0.53,0.52,0.48,0.48,0.5,0.5,0.48,0.46,0.0,0.0,0.46,0.47,0.45,0.08,0.29,0.03,0.45,0.0,0.1,0.47,0.07,0.47,0.47,0.46,0.47
4836,0.0,0.68,0.68,0.0,0.0,0.65,0.0,0.0,0.69,0.05,0.68,0.38,0.55,0.68,0.66,0.67,0.48,0.7,0.3,0.67,0.13,0.68,0.36,0.69,0.64,0.69,0.0,0.0,0.68,0.69,0.69,0.0,0.0,0.0,0.0,0.67,0.68,0.73,0.69,0.72,0.73,0.69,0.7,0.69,0.69,0.7,0.66,0.0,0.0,0.65,0.7,0.68,0.14,0.21,0.06,0.68,0.0,0.12,0.7,0.13,0.7,0.7,0.69,0.7
4837,0.0,0.74,0.74,0.0,0.0,0.7,0.0,0.0,0.74,0.02,0.73,0.43,0.71,0.73,0.72,0.71,0.54,0.74,0.32,0.72,0.12,0.73,0.71,0.74,0.67,0.74,0.0,0.0,0.74,0.74,0.75,0.0,0.0,0.0,0.0,0.72,0.74,0.78,0.74,0.78,0.78,0.74,0.75,0.74,0.75,0.75,0.71,0.0,0.0,0.7,0.76,0.74,0.4,0.75,0.11,0.73,0.0,0.52,0.76,0.24,0.75,0.76,0.76,0.76
4838,0.0,0.75,0.75,0.0,0.0,0.72,0.0,0.0,0.76,0.09,0.75,0.67,0.73,0.75,0.74,0.74,0.79,0.76,0.46,0.75,0.08,0.75,0.73,0.76,0.71,0.76,0.0,0.0,0.76,0.76,0.76,0.0,0.0,0.0,0.0,0.74,0.76,0.8,0.76,0.8,0.8,0.75,0.76,0.76,0.77,0.76,0.72,0.0,0.0,0.72,0.78,0.76,0.78,0.77,0.2,0.75,0.0,0.77,0.77,0.77,0.77,0.78,0.77,0.77
4839,0.0,0.76,0.76,0.0,0.0,0.72,0.0,0.0,0.75,0.01,0.76,0.71,0.74,0.75,0.75,0.75,0.79,0.77,0.42,0.76,0.12,0.75,0.52,0.76,0.71,0.76,0.0,0.0,0.76,0.76,0.76,0.0,0.0,0.0,0.0,0.74,0.77,0.8,0.76,0.8,0.8,0.76,0.76,0.76,0.77,0.77,0.73,0.0,0.0,0.72,0.78,0.76,0.78,0.77,0.78,0.76,0.0,0.77,0.78,0.77,0.78,0.78,0.77,0.78
4840,0.0,0.76,0.77,0.0,0.0,0.74,0.0,0.0,0.75,0.77,0.75,0.81,0.75,0.76,0.76,0.75,0.79,0.77,0.46,0.74,0.65,0.76,0.54,0.76,0.72,0.77,0.0,0.0,0.77,0.76,0.77,0.0,0.0,0.0,0.0,0.75,0.76,0.79,0.76,0.79,0.79,0.76,0.76,0.76,0.77,0.77,0.74,0.0,0.0,0.74,0.79,0.78,0.79,0.78,0.79,0.76,0.0,0.78,0.78,0.78,0.78,0.79,0.78,0.78
4841,0.0,0.76,0.76,0.0,0.0,0.73,0.0,0.0,0.74,0.61,0.74,0.79,0.74,0.75,0.75,0.74,0.78,0.77,0.32,0.74,0.67,0.75,0.53,0.75,0.71,0.77,0.0,0.0,0.76,0.76,0.76,0.0,0.0,0.0,0.0,0.76,0.75,0.78,0.76,0.78,0.78,0.75,0.76,0.75,0.76,0.76,0.73,0.0,0.0,0.73,0.78,0.77,0.78,0.77,0.78,0.76,0.0,0.77,0.78,0.77,0.77,0.78,0.77,0.78
4842,0.0,0.74,0.74,0.0,0.0,0.71,0.0,0.0,0.73,0.61,0.73,0.77,0.73,0.74,0.73,0.73,0.76,0.76,0.77,0.72,0.51,0.74,0.37,0.74,0.69,0.76,0.0,0.0,0.74,0.75,0.74,0.0,0.0,0.0,0.0,0.74,0.74,0.77,0.75,0.77,0.77,0.74,0.74,0.74,0.75,0.75,0.71,0.0,0.0,0.71,0.77,0.76,0.76,0.76,0.76,0.74,0.0,0.76,0.76,0.76,0.76,0.77,0.76,0.76
4843,0.0,0.72,0.71,0.0,0.0,0.69,0.0,0.0,0.71,0.73,0.71,0.74,0.71,0.7,0.7,0.7,0.74,0.72,0.73,0.7,0.56,0.71,0.71,0.72,0.68,0.73,0.0,0.0,0.72,0.72,0.72,0.0,0.0,0.0,0.0,0.72,0.72,0.74,0.72,0.74,0.74,0.72,0.72,0.72,0.72,0.73,0.7,0.0,0.0,0.69,0.74,0.73,0.74,0.73,0.74,0.72,0.0,0.73,0.73,0.74,0.73,0.74,0.73,0.73
4844,0.0,0.66,0.66,0.0,0.0,0.64,0.0,0.0,0.65,0.66,0.65,0.68,0.64,0.64,0.64,0.64,0.67,0.66,0.67,0.64,0.67,0.64,0.64,0.66,0.63,0.67,0.0,0.0,0.67,0.66,0.67,0.0,0.0,0.0,0.0,0.66,0.66,0.67,0.67,0.68,0.67,0.66,0.66,0.65,0.66,0.67,0.65,0.0,0.0,0.64,0.69,0.68,0.68,0.68,0.68,0.67,0.0,0.68,0.68,0.68,0.68,0.69,0.68,0.68
4845,0.0,0.42,0.43,0.0,0.0,0.39,0.0,0.0,0.36,0.24,0.36,0.37,0.3,0.33,0.15,0.33,0.38,0.33,0.34,0.34,0.29,0.33,0.3,0.37,0.35,0.44,0.0,0.0,0.42,0.43,0.43,0.0,0.0,0.0,0.0,0.41,0.39,0.39,0.41,0.39,0.4,0.4,0.4,0.38,0.38,0.41,0.39,0.0,0.0,0.39,0.44,0.44,0.42,0.4,0.41,0.43,0.0,0.42,0.44,0.42,0.44,0.44,0.44,0.44
4846,0.0,0.05,0.05,0.0,0.0,0.05,0.0,0.0,0.05,0.05,0.05,0.05,0.05,0.05,0.05,0.05,0.05,0.05,0.05,0.05,0.06,0.05,0.05,0.05,0.05,0.05,0.0,0.0,0.05,0.05,0.05,0.0,0.0,0.0,0.0,0.05,0.05,0.05,0.05,0.05,0.05,0.05,0.05,0.05,0.05,0.05,0.05,0.0,0.0,0.05,0.05,0.05,0.07,0.08,0.05,0.05,0.0,0.06,0.05,0.06,0.05,0.07,0.05,0.05
4847,0.0,0.0,0.0,0.0,0.0,0.0,0.0,0.0,0.0,0.0,0.0,0.0,0.0,0.0,0.0,0.0,0.0,0.0,0.0,0.0,0.0,0.0,0.0,0.0,0.0,0.0,0.0,0.0,0.0,0.0,0.0,0.0,0.0,0.0,0.0,0.0,0.0,0.0,0.0,0.0,0.0,0.0,0.0,0.0,0.0,0.0,0.0,0.0,0.0,0.0,0.01,0.01,0.01,0.02,0.0,0.02,0.0,0.01,0.01,0.01,0.01,0.01,0.0,0.01
4848,0.0,0.0,0.0,0.0,0.0,0.0,0.0,0.0,0.0,0.0,0.0,0.0,0.0,0.0,0.0,0.0,0.0,0.0,0.0,0.0,0.0,0.0,0.0,0.0,0.0,0.0,0.0,0.0,0.0,0.0,0.0,0.0,0.0,0.0,0.0,0.0,0.0,0.0,0.0,0.0,0.0,0.0,0.0,0.0,0.0,0.0,0.0,0.0,0.0,0.0,0.0,0.0,0.0,0.0,0.0,0.0,0.0,0.0,0.0,0.0,0.0,0.0,0.0,0.0
4849,0.0,0.0,0.0,0.0,0.0,0.0,0.0,0.0,0.0,0.0,0.0,0.0,0.0,0.0,0.0,0.0,0.0,0.0,0.0,0.0,0.0,0.0,0.0,0.0,0.0,0.0,0.0,0.0,0.0,0.0,0.0,0.0,0.0,0.0,0.0,0.0,0.0,0.0,0.0,0.0,0.0,0.0,0.0,0.0,0.0,0.0,0.0,0.0,0.0,0.0,0.0,0.0,0.0,0.0,0.0,0.0,0.0,0.0,0.0,0.0,0.0,0.0,0.0,0.0
4850,0.0,0.0,0.0,0.0,0.0,0.0,0.0,0.0,0.0,0.0,0.0,0.0,0.0,0.0,0.0,0.0,0.0,0.0,0.0,0.0,0.0,0.0,0.0,0.0,0.0,0.0,0.0,0.0,0.0,0.0,0.0,0.0,0.0,0.0,0.0,0.0,0.0,0.0,0.0,0.0,0.0,0.0,0.0,0.0,0.0,0.0,0.0,0.0,0.0,0.0,0.0,0.0,0.0,0.0,0.0,0.0,0.0,0.0,0.0,0.0,0.0,0.0,0.0,0.0
4851,0.0,0.0,0.0,0.0,0.0,0.0,0.0,0.0,0.0,0.0,0.0,0.0,0.0,0.0,0.0,0.0,0.0,0.0,0.0,0.0,0.0,0.0,0.0,0.0,0.0,0.0,0.0,0.0,0.0,0.0,0.0,0.0,0.0,0.0,0.0,0.0,0.0,0.0,0.0,0.0,0.0,0.0,0.0,0.0,0.0,0.0,0.0,0.0,0.0,0.0,0.0,0.0,0.0,0.0,0.0,0.0,0.0,0.0,0.0,0.0,0.0,0.0,0.0,0.0
4852,0.0,0.0,0.0,0.0,0.0,0.0,0.0,0.0,0.0,0.0,0.0,0.0,0.0,0.0,0.0,0.0,0.0,0.0,0.0,0.0,0.0,0.0,0.0,0.0,0.0,0.0,0.0,0.0,0.0,0.0,0.0,0.0,0.0,0.0,0.0,0.0,0.0,0.0,0.0,0.0,0.0,0.0,0.0,0.0,0.0,0.0,0.0,0.0,0.0,0.0,0.0,0.0,0.0,0.0,0.0,0.0,0.0,0.0,0.0,0.0,0.0,0.0,0.0,0.0
4853,0.0,0.0,0.0,0.0,0.0,0.0,0.0,0.0,0.0,0.0,0.0,0.0,0.0,0.0,0.0,0.0,0.0,0.0,0.0,0.0,0.0,0.0,0.0,0.0,0.0,0.0,0.0,0.0,0.0,0.0,0.0,0.0,0.0,0.0,0.0,0.0,0.0,0.0,0.0,0.0,0.0,0.0,0.0,0.0,0.0,0.0,0.0,0.0,0.0,0.0,0.0,0.0,0.0,0.0,0.0,0.0,0.0,0.0,0.0,0.0,0.0,0.0,0.0,0.0
4854,0.0,0.0,0.0,0.0,0.0,0.0,0.0,0.0,0.0,0.0,0.0,0.0,0.0,0.0,0.0,0.0,0.0,0.0,0.0,0.0,0.0,0.0,0.0,0.0,0.0,0.0,0.0,0.0,0.0,0.0,0.0,0.0,0.0,0.0,0.0,0.0,0.0,0.0,0.0,0.0,0.0,0.0,0.0,0.0,0.0,0.0,0.0,0.0,0.0,0.0,0.0,0.0,0.0,0.0,0.0,0.0,0.0,0.0,0.0,0.0,0.0,0.0,0.0,0.0
4855,0.0,0.0,0.0,0.0,0.0,0.0,0.0,0.0,0.0,0.0,0.0,0.0,0.0,0.0,0.0,0.0,0.0,0.0,0.0,0.0,0.0,0.0,0.0,0.0,0.0,0.0,0.0,0.0,0.0,0.0,0.0,0.0,0.0,0.0,0.0,0.0,0.0,0.0,0.0,0.0,0.0,0.0,0.0,0.0,0.0,0.0,0.0,0.0,0.0,0.0,0.0,0.0,0.0,0.0,0.0,0.0,0.0,0.0,0.0,0.0,0.0,0.0,0.0,0.0
4856,0.0,0.0,0.0,0.0,0.0,0.0,0.0,0.0,0.0,0.0,0.0,0.0,0.0,0.0,0.0,0.0,0.0,0.0,0.0,0.0,0.0,0.0,0.0,0.0,0.0,0.0,0.0,0.0,0.0,0.0,0.0,0.0,0.0,0.0,0.0,0.0,0.0,0.0,0.0,0.0,0.0,0.0,0.0,0.0,0.0,0.0,0.0,0.0,0.0,0.0,0.0,0.0,0.0,0.0,0.0,0.0,0.0,0.0,0.0,0.0,0.0,0.0,0.0,0.0
4857,0.0,0.01,0.01,0.0,0.0,0.02,0.0,0.0,0.02,0.02,0.02,0.02,0.02,0.02,0.02,0.02,0.02,0.03,0.03,0.02,0.03,0.02,0.02,0.02,0.02,0.02,0.0,0.0,0.02,0.01,0.02,0.0,0.0,0.0,0.0,0.02,0.02,0.02,0.02,0.02,0.02,0.02,0.02,0.02,0.02,0.02,0.02,0.0,0.0,0.02,0.02,0.02,0.02,0.02,0.02,0.0,0.0,0.0,0.02,0.03,0.02,0.02,0.02,0.02
4858,0.0,0.06,0.05,0.0,0.0,0.09,0.0,0.0,0.12,0.12,0.11,0.13,0.18,0.15,0.15,0.14,0.11,0.17,0.17,0.13,0.12,0.15,0.18,0.11,0.13,0.06,0.0,0.0,0.06,0.06,0.06,0.0,0.0,0.0,0.0,0.08,0.09,0.1,0.07,0.1,0.09,0.08,0.08,0.1,0.1,0.08,0.09,0.0,0.0,0.1,0.05,0.05,0.02,0.05,0.01,0.02,0.0,0.06,0.06,0.02,0.06,0.05,0.06,0.06
4859,0.0,0.49,0.48,0.0,0.0,0.51,0.0,0.0,0.54,0.03,0.53,0.03,0.54,0.57,0.57,0.56,0.18,0.6,0.6,0.56,0.06,0.58,0.5,0.54,0.54,0.49,0.0,0.0,0.5,0.49,0.5,0.0,0.0,0.0,0.0,0.5,0.53,0.54,0.51,0.54,0.53,0.51,0.51,0.53,0.54,0.51,0.51,0.0,0.0,0.52,0.49,0.49,0.51,0.49,0.04,0.02,0.0,0.49,0.49,0.04,0.5,0.49,0.5,0.5
4860,0.0,0.68,0.68,0.0,0.0,0.67,0.0,0.0,0.62,0.02,0.66,0.07,0.68,0.68,0.68,0.67,0.42,0.68,0.68,0.67,0.01,0.68,0.68,0.67,0.67,0.68,0.0,0.0,0.68,0.68,0.69,0.0,0.0,0.0,0.0,0.67,0.68,0.67,0.69,0.69,0.69,0.69,0.68,0.68,0.68,0.69,0.67,0.0,0.0,0.67,0.68,0.68,0.69,0.68,0.02,0.02,0.0,0.68,0.68,0.06,0.69,0.69,0.69,0.68
4861,0.0,0.73,0.73,0.0,0.0,0.71,0.0,0.0,0.67,0.05,0.3,0.16,0.72,0.58,0.71,0.7,0.71,0.13,0.11,0.7,0.02,0.72,0.71,0.72,0.71,0.74,0.0,0.0,0.73,0.73,0.73,0.0,0.0,0.0,0.0,0.73,0.72,0.6,0.74,0.52,0.75,0.74,0.73,0.72,0.73,0.74,0.72,0.0,0.0,0.72,0.75,0.75,0.17,0.17,0.02,0.02,0.0,0.1,0.74,0.01,0.74,0.75,0.74,0.74
4862,0.0,0.75,0.75,0.0,0.0,0.74,0.0,0.0,0.18,0.04,0.6,0.33,0.53,0.57,0.66,0.67,0.54,0.04,0.03,0.62,0.22,0.59,0.73,0.75,0.74,0.76,0.0,0.0,0.76,0.75,0.76,0.0,0.0,0.0,0.0,0.75,0.74,0.75,0.77,0.77,0.45,0.76,0.76,0.73,0.75,0.77,0.74,0.0,0.0,0.74,0.77,0.77,0.03,0.1,0.02,0.03,0.0,0.08,0.76,0.02,0.77,0.32,0.77,0.77
4863,0.0,0.77,0.76,0.0,0.0,0.74,0.0,0.0,0.18,0.05,0.12,0.48,0.52,0.25,0.68,0.71,0.75,0.08,0.07,0.71,0.08,0.27,0.55,0.76,0.74,0.79,0.0,0.0,0.78,0.77,0.77,0.0,0.0,0.0,0.0,0.76,0.76,0.76,0.78,0.22,0.37,0.77,0.62,0.76,0.74,0.65,0.74,0.0,0.0,0.74,0.1,0.79,0.04,0.04,0.02,0.02,0.0,0.03,0.41,0.03,0.79,0.09,0.79,0.78
4864,0.0,0.77,0.77,0.0,0.0,0.75,0.0,0.0,0.13,0.05,0.08,0.06,0.08,0.28,0.17,0.11,0.09,0.75,0.77,0.08,0.06,0.36,0.06,0.27,0.74,0.79,0.0,0.0,0.78,0.78,0.78,0.0,0.0,0.0,0.0,0.77,0.26,0.26,0.78,0.17,0.06,0.78,0.78,0.76,0.12,0.79,0.76,0.0,0.0,0.76,0.05,0.79,0.03,0.04,0.04,0.1,0.0,0.04,0.07,0.12,0.26,0.05,0.79,0.11
4865,0.0,0.77,0.77,0.0,0.0,0.75,0.0,0.0,0.06,0.03,0.06,0.1,0.09,0.08,0.16,0.12,0.19,0.11,0.03,0.08,0.06,0.11,0.18,0.1,0.75,0.78,0.0,0.0,0.77,0.77,0.77,0.0,0.0,0.0,0.0,0.77,0.05,0.05,0.78,0.03,0.09,0.26,0.77,0.75,0.05,0.4,0.75,0.0,0.0,0.75,0.06,0.78,0.04,0.04,0.05,0.18,0.0,0.03,0.08,0.07,0.07,0.04,0.78,0.09
4866,0.0,0.75,0.75,0.0,0.0,0.73,0.0,0.0,0.04,0.03,0.09,0.04,0.33,0.05,0.08,0.06,0.12,0.03,0.03,0.03,0.04,0.04,0.68,0.09,0.3,0.77,0.0,0.0,0.76,0.76,0.76,0.0,0.0,0.0,0.0,0.75,0.05,0.04,0.13,0.04,0.07,0.25,0.2,0.24,0.04,0.15,0.74,0.0,0.0,0.73,0.03,0.76,0.04,0.04,0.09,0.32,0.0,0.05,0.07,0.25,0.06,0.03,0.47,0.06
4867,0.0,0.76,0.76,0.0,0.0,0.73,0.0,0.0,0.08,0.05,0.13,0.08,0.02,0.15,0.01,0.03,0.03,0.05,0.03,0.03,0.02,0.26,0.1,0.1,0.74,0.77,0.0,0.0,0.76,0.76,0.76,0.0,0.0,0.0,0.0,0.75,0.07,0.04,0.04,0.04,0.02,0.04,0.22,0.15,0.08,0.37,0.74,0.0,0.0,0.74,0.02,0.76,0.02,0.04,0.51,0.76,0.0,0.03,0.06,0.38,0.27,0.06,0.77,0.13
4868,0.0,0.68,0.68,0.0,0.0,0.66,0.0,0.0,0.05,0.08,0.06,0.06,0.02,0.2,0.04,0.04,0.04,0.02,0.02,0.07,0.04,0.66,0.03,0.1,0.3,0.69,0.0,0.0,0.68,0.68,0.68,0.0,0.0,0.0,0.0,0.67,0.54,0.03,0.67,0.02,0.05,0.66,0.61,0.66,0.43,0.67,0.66,0.0,0.0,0.66,0.26,0.67,0.04,0.02,0.1,0.66,0.0,0.02,0.64,0.68,0.59,0.07,0.13,0.63
4869,0.0,0.43,0.44,0.0,0.0,0.39,0.0,0.0,0.02,0.08,0.05,0.38,0.0,0.02,0.02,0.04,0.23,0.02,0.0,0.02,0.07,0.01,0.0,0.28,0.36,0.43,0.0,0.0,0.42,0.43,0.43,0.0,0.0,0.0,0.0,0.4,0.27,0.03,0.34,0.03,0.4,0.36,0.14,0.29,0.26,0.27,0.39,0.0,0.0,0.38,0.36,0.43,0.12,0.0,0.01,0.43,0.0,0.01,0.43,0.18,0.13,0.04,0.09,0.43
4870,0.0,0.06,0.06,0.0,0.0,0.05,0.0,0.0,0.02,0.0,0.05,0.05,0.0,0.02,0.01,0.02,0.01,0.0,0.0,0.02,0.0,0.03,0.01,0.06,0.05,0.03,0.0,0.0,0.07,0.06,0.05,0.0,0.0,0.0,0.0,0.05,0.05,0.02,0.05,0.05,0.04,0.05,0.05,0.07,0.07,0.05,0.05,0.0,0.0,0.05,0.05,0.01,0.06,0.0,0.01,0.05,0.0,0.0,0.05,0.05,0.05,0.05,0.05,0.05
4871,0.0,0.03,0.03,0.0,0.0,0.01,0.0,0.0,0.01,0.0,0.01,0.01,0.0,0.0,0.0,0.0,0.0,0.0,0.0,0.0,0.0,0.0,0.0,0.0,0.0,0.0,0.0,0.0,0.03,0.03,0.0,0.0,0.0,0.0,0.0,0.02,0.01,0.0,0.02,0.02,0.02,0.02,0.02,0.01,0.01,0.01,0.01,0.0,0.0,0.01,0.01,0.0,0.01,0.0,0.01,0.0,0.0,0.0,0.01,0.01,0.0,0.01,0.0,0.01
4872,0.0,0.0,0.0,0.0,0.0,0.0,0.0,0.0,0.0,0.0,0.0,0.0,0.0,0.0,0.0,0.0,0.0,0.0,0.0,0.0,0.0,0.0,0.0,0.0,0.0,0.0,0.0,0.0,0.0,0.0,0.0,0.0,0.0,0.0,0.0,0.0,0.0,0.0,0.0,0.0,0.0,0.0,0.0,0.0,0.0,0.0,0.0,0.0,0.0,0.0,0.0,0.0,0.0,0.0,0.0,0.0,0.0,0.0,0.0,0.0,0.0,0.0,0.0,0.0
4873,0.0,0.0,0.0,0.0,0.0,0.0,0.0,0.0,0.0,0.0,0.0,0.0,0.0,0.0,0.0,0.0,0.0,0.0,0.0,0.0,0.0,0.0,0.0,0.0,0.0,0.0,0.0,0.0,0.0,0.0,0.0,0.0,0.0,0.0,0.0,0.0,0.0,0.0,0.0,0.0,0.0,0.0,0.0,0.0,0.0,0.0,0.0,0.0,0.0,0.0,0.0,0.0,0.0,0.0,0.0,0.0,0.0,0.0,0.0,0.0,0.0,0.0,0.0,0.0
4874,0.0,0.0,0.0,0.0,0.0,0.0,0.0,0.0,0.0,0.0,0.0,0.0,0.0,0.0,0.0,0.0,0.0,0.0,0.0,0.0,0.0,0.0,0.0,0.0,0.0,0.0,0.0,0.0,0.0,0.0,0.0,0.0,0.0,0.0,0.0,0.0,0.0,0.0,0.0,0.0,0.0,0.0,0.0,0.0,0.0,0.0,0.0,0.0,0.0,0.0,0.0,0.0,0.0,0.0,0.0,0.0,0.0,0.0,0.0,0.0,0.0,0.0,0.0,0.0
4875,0.0,0.0,0.0,0.0,0.0,0.0,0.0,0.0,0.0,0.0,0.0,0.0,0.0,0.0,0.0,0.0,0.0,0.0,0.0,0.0,0.0,0.0,0.0,0.0,0.0,0.0,0.0,0.0,0.0,0.0,0.0,0.0,0.0,0.0,0.0,0.0,0.0,0.0,0.0,0.0,0.0,0.0,0.0,0.0,0.0,0.0,0.0,0.0,0.0,0.0,0.0,0.0,0.0,0.0,0.0,0.0,0.0,0.0,0.0,0.0,0.0,0.0,0.0,0.0
4876,0.0,0.0,0.0,0.0,0.0,0.0,0.0,0.0,0.0,0.0,0.0,0.0,0.0,0.0,0.0,0.0,0.0,0.0,0.0,0.0,0.0,0.0,0.0,0.0,0.0,0.0,0.0,0.0,0.0,0.0,0.0,0.0,0.0,0.0,0.0,0.0,0.0,0.0,0.0,0.0,0.0,0.0,0.0,0.0,0.0,0.0,0.0,0.0,0.0,0.0,0.0,0.0,0.0,0.0,0.0,0.0,0.0,0.0,0.0,0.0,0.0,0.0,0.0,0.0
4877,0.0,0.0,0.0,0.0,0.0,0.0,0.0,0.0,0.0,0.0,0.0,0.0,0.0,0.0,0.0,0.0,0.0,0.0,0.0,0.0,0.0,0.0,0.0,0.0,0.0,0.0,0.0,0.0,0.0,0.0,0.0,0.0,0.0,0.0,0.0,0.0,0.0,0.0,0.0,0.0,0.0,0.0,0.0,0.0,0.0,0.0,0.0,0.0,0.0,0.0,0.0,0.0,0.0,0.0,0.0,0.0,0.0,0.0,0.0,0.0,0.0,0.0,0.0,0.0
4878,0.0,0.0,0.0,0.0,0.0,0.0,0.0,0.0,0.0,0.0,0.0,0.0,0.0,0.0,0.0,0.0,0.0,0.0,0.0,0.0,0.0,0.0,0.0,0.0,0.0,0.0,0.0,0.0,0.0,0.0,0.0,0.0,0.0,0.0,0.0,0.0,0.0,0.0,0.0,0.0,0.0,0.0,0.0,0.0,0.0,0.0,0.0,0.0,0.0,0.0,0.0,0.0,0.0,0.0,0.0,0.0,0.0,0.0,0.0,0.0,0.0,0.0,0.0,0.0
4879,0.0,0.0,0.0,0.0,0.0,0.0,0.0,0.0,0.0,0.0,0.0,0.0,0.0,0.0,0.0,0.0,0.0,0.0,0.0,0.0,0.0,0.0,0.0,0.0,0.0,0.0,0.0,0.0,0.0,0.0,0.0,0.0,0.0,0.0,0.0,0.0,0.0,0.0,0.0,0.0,0.0,0.0,0.0,0.0,0.0,0.0,0.0,0.0,0.0,0.0,0.0,0.0,0.0,0.0,0.0,0.0,0.0,0.0,0.0,0.0,0.0,0.0,0.0,0.0
4880,0.0,0.0,0.0,0.0,0.0,0.0,0.0,0.0,0.0,0.0,0.0,0.0,0.0,0.0,0.0,0.0,0.0,0.0,0.0,0.0,0.0,0.0,0.0,0.0,0.0,0.0,0.0,0.0,0.0,0.0,0.0,0.0,0.0,0.0,0.0,0.0,0.0,0.0,0.0,0.0,0.0,0.0,0.0,0.0,0.0,0.0,0.0,0.0,0.0,0.0,0.0,0.0,0.0,0.0,0.0,0.0,0.0,0.0,0.0,0.0,0.0,0.0,0.0,0.0
4881,0.0,0.0,0.0,0.0,0.0,0.01,0.0,0.0,0.0,0.01,0.04,0.04,0.05,0.04,0.04,0.04,0.04,0.04,0.04,0.04,0.04,0.04,0.05,0.0,0.03,0.0,0.0,0.0,0.01,0.0,0.0,0.0,0.0,0.0,0.0,0.01,0.03,0.01,0.02,0.04,0.03,0.02,0.02,0.03,0.03,0.02,0.01,0.0,0.0,0.01,0.0,0.0,0.0,0.0,0.0,0.0,0.0,0.0,0.0,0.0,0.0,0.0,0.01,0.0
4882,0.0,0.07,0.06,0.0,0.0,0.09,0.0,0.0,0.02,0.08,0.02,0.13,0.18,0.14,0.15,0.14,0.11,0.16,0.16,0.13,0.14,0.15,0.18,0.11,0.12,0.07,0.0,0.0,0.07,0.07,0.07,0.0,0.0,0.0,0.0,0.08,0.1,0.1,0.08,0.04,0.06,0.09,0.09,0.11,0.11,0.09,0.09,0.0,0.0,0.09,0.0,0.05,0.01,0.01,0.01,0.02,0.0,0.01,0.0,0.01,0.0,0.0,0.07,0.0
4883,0.0,0.44,0.44,0.0,0.0,0.46,0.0,0.0,0.07,0.55,0.51,0.16,0.58,0.06,0.54,0.53,0.52,0.57,0.58,0.11,0.54,0.08,0.58,0.5,0.5,0.45,0.0,0.0,0.46,0.45,0.45,0.0,0.0,0.0,0.0,0.47,0.49,0.51,0.47,0.44,0.11,0.48,0.47,0.5,0.5,0.48,0.47,0.0,0.0,0.48,0.02,0.45,0.03,0.04,0.02,0.04,0.0,0.03,0.03,0.05,0.02,0.02,0.46,0.02
4884,0.0,0.68,0.68,0.0,0.0,0.66,0.0,0.0,0.68,0.54,0.68,0.35,0.69,0.05,0.68,0.67,0.7,0.7,0.71,0.68,0.36,0.04,0.69,0.68,0.67,0.69,0.0,0.0,0.68,0.68,0.68,0.0,0.0,0.0,0.0,0.67,0.69,0.7,0.3,0.7,0.2,0.29,0.69,0.68,0.68,0.69,0.66,0.0,0.0,0.66,0.06,0.33,0.08,0.12,0.03,0.08,0.0,0.08,0.06,0.18,0.05,0.07,0.69,0.06
4885,0.0,0.73,0.74,0.0,0.0,0.71,0.0,0.0,0.71,0.27,0.3,0.74,0.72,0.26,0.72,0.71,0.16,0.74,0.74,0.72,0.11,0.12,0.72,0.73,0.7,0.75,0.0,0.0,0.73,0.74,0.74,0.0,0.0,0.0,0.0,0.72,0.74,0.75,0.74,0.76,0.37,0.74,0.75,0.74,0.73,0.75,0.71,0.0,0.0,0.71,0.1,0.16,0.13,0.07,0.06,0.09,0.0,0.07,0.13,0.17,0.14,0.08,0.75,0.15
4886,0.0,0.76,0.76,0.0,0.0,0.73,0.0,0.0,0.26,0.26,0.18,0.4,0.73,0.34,0.73,0.48,0.11,0.75,0.76,0.74,0.1,0.3,0.74,0.74,0.71,0.77,0.0,0.0,0.76,0.76,0.76,0.0,0.0,0.0,0.0,0.75,0.76,0.78,0.77,0.78,0.79,0.76,0.76,0.75,0.75,0.77,0.74,0.0,0.0,0.73,0.13,0.3,0.11,0.1,0.08,0.11,0.0,0.08,0.15,0.13,0.14,0.1,0.77,0.17
4887,0.0,0.76,0.77,0.0,0.0,0.74,0.0,0.0,0.41,0.37,0.13,0.21,0.54,0.4,0.19,0.35,0.11,0.76,0.31,0.75,0.63,0.37,0.71,0.76,0.38,0.78,0.0,0.0,0.76,0.76,0.77,0.0,0.0,0.0,0.0,0.76,0.54,0.79,0.78,0.8,0.48,0.77,0.78,0.77,0.76,0.66,0.74,0.0,0.0,0.74,0.11,0.48,0.16,0.12,0.14,0.14,0.0,0.13,0.13,0.13,0.19,0.09,0.78,0.19
4888,0.0,0.76,0.55,0.0,0.0,0.74,0.0,0.0,0.18,0.36,0.14,0.19,0.37,0.74,0.25,0.25,0.2,0.39,0.33,0.38,0.61,0.47,0.42,0.63,0.14,0.77,0.0,0.0,0.76,0.76,0.77,0.0,0.0,0.0,0.0,0.76,0.45,0.79,0.78,0.8,0.3,0.77,0.78,0.76,0.76,0.55,0.74,0.0,0.0,0.73,0.11,0.46,0.15,0.11,0.2,0.23,0.0,0.12,0.12,0.27,0.16,0.1,0.78,0.18
4889,0.0,0.76,0.76,0.0,0.0,0.74,0.0,0.0,0.18,0.73,0.22,0.28,0.4,0.38,0.2,0.17,0.37,0.27,0.78,0.28,0.28,0.69,0.35,0.48,0.05,0.77,0.0,0.0,0.76,0.76,0.76,0.0,0.0,0.0,0.0,0.53,0.21,0.79,0.78,0.8,0.16,0.77,0.78,0.77,0.77,0.6,0.74,0.0,0.0,0.74,0.1,0.6,0.15,0.08,0.22,0.28,0.0,0.1,0.1,0.25,0.43,0.1,0.78,0.14
4890,0.0,0.75,0.75,0.0,0.0,0.71,0.0,0.0,0.29,0.74,0.29,0.76,0.38,0.31,0.38,0.47,0.75,0.75,0.75,0.31,0.31,0.72,0.29,0.75,0.13,0.76,0.0,0.0,0.75,0.75,0.75,0.0,0.0,0.0,0.0,0.75,0.19,0.78,0.76,0.78,0.15,0.76,0.76,0.26,0.76,0.76,0.73,0.0,0.0,0.72,0.12,0.77,0.19,0.08,0.75,0.11,0.0,0.1,0.1,0.31,0.77,0.08,0.77,0.14
4891,0.0,0.3,0.25,0.0,0.0,0.7,0.0,0.0,0.71,0.74,0.72,0.74,0.46,0.34,0.71,0.72,0.74,0.73,0.66,0.24,0.2,0.7,0.28,0.74,0.05,0.74,0.0,0.0,0.74,0.24,0.73,0.0,0.0,0.0,0.0,0.72,0.3,0.76,0.75,0.76,0.36,0.75,0.75,0.36,0.75,0.75,0.71,0.0,0.0,0.71,0.26,0.75,0.23,0.17,0.15,0.06,0.0,0.15,0.16,0.73,0.76,0.15,0.75,0.2
4892,0.0,0.68,0.68,0.0,0.0,0.13,0.0,0.0,0.2,0.64,0.13,0.42,0.19,0.12,0.65,0.64,0.22,0.46,0.23,0.65,0.22,0.61,0.25,0.68,0.63,0.69,0.0,0.0,0.68,0.68,0.69,0.0,0.0,0.0,0.0,0.67,0.69,0.59,0.69,0.41,0.71,0.69,0.7,0.68,0.69,0.7,0.65,0.0,0.0,0.65,0.71,0.7,0.69,0.06,0.62,0.5,0.0,0.05,0.7,0.11,0.7,0.71,0.69,0.7
4893,0.0,0.44,0.45,0.0,0.0,0.05,0.0,0.0,0.12,0.36,0.14,0.19,0.1,0.11,0.17,0.34,0.38,0.22,0.12,0.33,0.34,0.2,0.11,0.39,0.36,0.45,0.0,0.0,0.44,0.44,0.44,0.0,0.0,0.0,0.0,0.42,0.41,0.26,0.43,0.3,0.42,0.42,0.42,0.4,0.4,0.43,0.04,0.0,0.0,0.39,0.46,0.45,0.05,0.13,0.29,0.18,0.0,0.03,0.45,0.26,0.45,0.45,0.45,0.45
4894,0.0,0.05,0.05,0.0,0.0,0.04,0.0,0.0,0.02,0.06,0.07,0.03,0.02,0.06,0.04,0.05,0.05,0.06,0.06,0.06,0.06,0.05,0.03,0.05,0.05,0.05,0.0,0.0,0.05,0.05,0.05,0.0,0.0,0.0,0.0,0.05,0.05,0.08,0.05,0.07,0.05,0.05,0.05,0.05,0.05,0.05,0.05,0.0,0.0,0.04,0.05,0.05,0.05,0.05,0.02,0.05,0.0,0.05,0.05,0.05,0.05,0.05,0.05,0.05
4895,0.0,0.0,0.01,0.0,0.0,0.0,0.0,0.0,0.0,0.0,0.0,0.0,0.0,0.0,0.0,0.0,0.0,0.0,0.0,0.0,0.0,0.0,0.0,0.0,0.0,0.01,0.0,0.0,0.01,0.0,0.01,0.0,0.0,0.0,0.0,0.0,0.0,0.0,0.0,0.0,0.0,0.0,0.0,0.0,0.0,0.0,0.0,0.0,0.0,0.0,0.02,0.02,0.02,0.02,0.02,0.03,0.0,0.02,0.02,0.02,0.02,0.02,0.01,0.02
4896,0.0,0.0,0.0,0.0,0.0,0.0,0.0,0.0,0.0,0.0,0.0,0.0,0.0,0.0,0.0,0.0,0.0,0.0,0.0,0.0,0.0,0.0,0.0,0.0,0.0,0.0,0.0,0.0,0.0,0.0,0.0,0.0,0.0,0.0,0.0,0.0,0.0,0.0,0.0,0.0,0.0,0.0,0.0,0.0,0.0,0.0,0.0,0.0,0.0,0.0,0.0,0.0,0.0,0.0,0.0,0.0,0.0,0.0,0.0,0.0,0.0,0.0,0.0,0.0
4897,0.0,0.0,0.0,0.0,0.0,0.0,0.0,0.0,0.0,0.0,0.0,0.0,0.0,0.0,0.0,0.0,0.0,0.0,0.0,0.0,0.0,0.0,0.0,0.0,0.0,0.0,0.0,0.0,0.0,0.0,0.0,0.0,0.0,0.0,0.0,0.0,0.0,0.0,0.0,0.0,0.0,0.0,0.0,0.0,0.0,0.0,0.0,0.0,0.0,0.0,0.0,0.0,0.0,0.0,0.0,0.0,0.0,0.0,0.0,0.0,0.0,0.0,0.0,0.0
4898,0.0,0.0,0.0,0.0,0.0,0.0,0.0,0.0,0.0,0.0,0.0,0.0,0.0,0.0,0.0,0.0,0.0,0.0,0.0,0.0,0.0,0.0,0.0,0.0,0.0,0.0,0.0,0.0,0.0,0.0,0.0,0.0,0.0,0.0,0.0,0.0,0.0,0.0,0.0,0.0,0.0,0.0,0.0,0.0,0.0,0.0,0.0,0.0,0.0,0.0,0.0,0.0,0.0,0.0,0.0,0.0,0.0,0.0,0.0,0.0,0.0,0.0,0.0,0.0
4899,0.0,0.0,0.0,0.0,0.0,0.0,0.0,0.0,0.0,0.0,0.0,0.0,0.0,0.0,0.0,0.0,0.0,0.0,0.0,0.0,0.0,0.0,0.0,0.0,0.0,0.0,0.0,0.0,0.0,0.0,0.0,0.0,0.0,0.0,0.0,0.0,0.0,0.0,0.0,0.0,0.0,0.0,0.0,0.0,0.0,0.0,0.0,0.0,0.0,0.0,0.0,0.0,0.0,0.0,0.0,0.0,0.0,0.0,0.0,0.0,0.0,0.0,0.0,0.0
4900,0.0,0.0,0.0,0.0,0.0,0.0,0.0,0.0,0.0,0.0,0.0,0.0,0.0,0.0,0.0,0.0,0.0,0.0,0.0,0.0,0.0,0.0,0.0,0.0,0.0,0.0,0.0,0.0,0.0,0.0,0.0,0.0,0.0,0.0,0.0,0.0,0.0,0.0,0.0,0.0,0.0,0.0,0.0,0.0,0.0,0.0,0.0,0.0,0.0,0.0,0.0,0.0,0.0,0.0,0.0,0.0,0.0,0.0,0.0,0.0,0.0,0.0,0.0,0.0
4901,0.0,0.0,0.0,0.0,0.0,0.0,0.0,0.0,0.0,0.0,0.0,0.0,0.0,0.0,0.0,0.0,0.0,0.0,0.0,0.0,0.0,0.0,0.0,0.0,0.0,0.0,0.0,0.0,0.0,0.0,0.0,0.0,0.0,0.0,0.0,0.0,0.0,0.0,0.0,0.0,0.0,0.0,0.0,0.0,0.0,0.0,0.0,0.0,0.0,0.0,0.0,0.0,0.0,0.0,0.0,0.0,0.0,0.0,0.0,0.0,0.0,0.0,0.0,0.0
4902,0.0,0.0,0.0,0.0,0.0,0.0,0.0,0.0,0.0,0.0,0.0,0.0,0.0,0.0,0.0,0.0,0.0,0.0,0.0,0.0,0.0,0.0,0.0,0.0,0.0,0.0,0.0,0.0,0.0,0.0,0.0,0.0,0.0,0.0,0.0,0.0,0.0,0.0,0.0,0.0,0.0,0.0,0.0,0.0,0.0,0.0,0.0,0.0,0.0,0.0,0.0,0.0,0.0,0.0,0.0,0.0,0.0,0.0,0.0,0.0,0.0,0.0,0.0,0.0
4903,0.0,0.0,0.0,0.0,0.0,0.0,0.0,0.0,0.0,0.0,0.0,0.0,0.0,0.0,0.0,0.0,0.0,0.0,0.0,0.0,0.0,0.0,0.0,0.0,0.0,0.0,0.0,0.0,0.0,0.0,0.0,0.0,0.0,0.0,0.0,0.0,0.0,0.0,0.0,0.0,0.0,0.0,0.0,0.0,0.0,0.0,0.0,0.0,0.0,0.0,0.0,0.0,0.0,0.0,0.0,0.0,0.0,0.0,0.0,0.0,0.0,0.0,0.0,0.0
4904,0.0,0.0,0.0,0.0,0.0,0.0,0.0,0.0,0.0,0.0,0.0,0.0,0.0,0.0,0.0,0.0,0.0,0.0,0.0,0.0,0.0,0.0,0.0,0.0,0.0,0.0,0.0,0.0,0.0,0.0,0.0,0.0,0.0,0.0,0.0,0.0,0.0,0.0,0.0,0.0,0.0,0.0,0.0,0.0,0.0,0.0,0.0,0.0,0.0,0.0,0.0,0.0,0.0,0.0,0.0,0.0,0.0,0.0,0.0,0.0,0.0,0.0,0.0,0.0
4905,0.0,0.02,0.01,0.0,0.0,0.03,0.0,0.0,0.04,0.04,0.04,0.04,0.04,0.04,0.04,0.04,0.04,0.01,0.04,0.04,0.04,0.04,0.01,0.04,0.04,0.02,0.0,0.0,0.02,0.02,0.02,0.0,0.0,0.0,0.0,0.03,0.03,0.04,0.03,0.04,0.03,0.03,0.03,0.04,0.04,0.03,0.03,0.0,0.0,0.03,0.02,0.02,0.03,0.03,0.04,0.03,0.0,0.03,0.03,0.03,0.03,0.03,0.02,0.03
4906,0.0,0.05,0.04,0.0,0.0,0.08,0.0,0.0,0.12,0.14,0.11,0.12,0.06,0.14,0.14,0.14,0.11,0.16,0.16,0.13,0.14,0.15,0.03,0.1,0.11,0.05,0.0,0.0,0.05,0.05,0.05,0.0,0.0,0.0,0.0,0.07,0.09,0.1,0.07,0.1,0.09,0.07,0.07,0.09,0.1,0.07,0.08,0.0,0.0,0.08,0.05,0.04,0.07,0.05,0.08,0.05,0.0,0.05,0.05,0.06,0.05,0.05,0.05,0.05
4907,0.0,0.46,0.46,0.0,0.0,0.49,0.0,0.0,0.53,0.56,0.52,0.55,0.16,0.56,0.56,0.55,0.54,0.59,0.59,0.54,0.56,0.57,0.04,0.51,0.52,0.47,0.0,0.0,0.47,0.47,0.47,0.0,0.0,0.0,0.0,0.48,0.51,0.52,0.49,0.53,0.52,0.49,0.5,0.51,0.51,0.49,0.49,0.0,0.0,0.49,0.47,0.47,0.49,0.47,0.5,0.45,0.0,0.48,0.47,0.48,0.47,0.47,0.48,0.47
4908,0.0,0.64,0.64,0.0,0.0,0.63,0.0,0.0,0.65,0.67,0.64,0.67,0.68,0.66,0.67,0.66,0.67,0.68,0.69,0.65,0.67,0.66,0.1,0.65,0.65,0.66,0.0,0.0,0.64,0.65,0.65,0.0,0.0,0.0,0.0,0.63,0.65,0.66,0.65,0.67,0.67,0.66,0.66,0.66,0.65,0.65,0.63,0.0,0.0,0.63,0.66,0.65,0.65,0.65,0.65,0.63,0.0,0.65,0.66,0.65,0.66,0.66,0.66,0.66
4909,0.0,0.7,0.69,0.0,0.0,0.68,0.0,0.0,0.69,0.71,0.68,0.53,0.46,0.71,0.71,0.7,0.71,0.71,0.72,0.7,0.71,0.71,0.7,0.69,0.69,0.71,0.0,0.0,0.69,0.7,0.7,0.0,0.0,0.0,0.0,0.68,0.69,0.71,0.71,0.72,0.72,0.7,0.71,0.7,0.69,0.71,0.68,0.0,0.0,0.68,0.72,0.7,0.71,0.71,0.71,0.69,0.0,0.71,0.72,0.7,0.72,0.72,0.71,0.72
4910,0.0,0.72,0.72,0.0,0.0,0.7,0.0,0.0,0.7,0.74,0.7,0.73,0.33,0.73,0.73,0.72,0.73,0.73,0.74,0.71,0.74,0.73,0.52,0.7,0.7,0.74,0.0,0.0,0.72,0.72,0.72,0.0,0.0,0.0,0.0,0.71,0.71,0.73,0.73,0.74,0.74,0.72,0.72,0.71,0.71,0.73,0.7,0.0,0.0,0.7,0.75,0.74,0.74,0.74,0.74,0.72,0.0,0.74,0.75,0.73,0.74,0.75,0.74,0.74
4911,0.0,0.74,0.74,0.0,0.0,0.72,0.0,0.0,0.7,0.76,0.71,0.74,0.73,0.73,0.73,0.72,0.74,0.44,0.74,0.71,0.74,0.73,0.72,0.71,0.71,0.75,0.0,0.0,0.73,0.74,0.74,0.0,0.0,0.0,0.0,0.72,0.72,0.74,0.74,0.75,0.75,0.74,0.74,0.72,0.72,0.75,0.72,0.0,0.0,0.72,0.75,0.74,0.54,0.74,0.44,0.73,0.0,0.75,0.75,0.74,0.74,0.75,0.75,0.75
4912,0.0,0.74,0.74,0.0,0.0,0.72,0.0,0.0,0.7,0.76,0.7,0.74,0.72,0.7,0.72,0.71,0.74,0.74,0.75,0.7,0.74,0.72,0.72,0.72,0.7,0.74,0.0,0.0,0.73,0.74,0.74,0.0,0.0,0.0,0.0,0.72,0.73,0.74,0.74,0.75,0.75,0.74,0.74,0.72,0.72,0.75,0.72,0.0,0.0,0.72,0.68,0.75,0.75,0.75,0.75,0.73,0.0,0.74,0.74,0.74,0.74,0.75,0.75,0.74
4913,0.0,0.73,0.73,0.0,0.0,0.71,0.0,0.0,0.7,0.76,0.57,0.73,0.71,0.7,0.7,0.69,0.73,0.44,0.74,0.69,0.72,0.7,0.72,0.71,0.7,0.74,0.0,0.0,0.73,0.73,0.73,0.0,0.0,0.0,0.0,0.72,0.72,0.53,0.73,0.74,0.51,0.73,0.73,0.71,0.72,0.73,0.71,0.0,0.0,0.71,0.75,0.74,0.74,0.74,0.74,0.72,0.0,0.74,0.74,0.74,0.74,0.54,0.74,0.74
4914,0.0,0.72,0.72,0.0,0.0,0.7,0.0,0.0,0.69,0.76,0.69,0.73,0.37,0.69,0.68,0.7,0.46,0.25,0.24,0.7,0.73,0.69,0.24,0.69,0.7,0.27,0.0,0.0,0.72,0.18,0.26,0.0,0.0,0.0,0.0,0.71,0.71,0.3,0.72,0.73,0.74,0.37,0.71,0.7,0.71,0.72,0.7,0.0,0.0,0.7,0.74,0.73,0.74,0.73,0.23,0.71,0.0,0.73,0.73,0.73,0.48,0.74,0.73,0.73
4915,0.0,0.1,0.7,0.0,0.0,0.68,0.0,0.0,0.18,0.73,0.67,0.7,0.54,0.67,0.66,0.69,0.72,0.26,0.23,0.13,0.21,0.68,0.2,0.67,0.7,0.1,0.0,0.0,0.7,0.15,0.7,0.0,0.0,0.0,0.0,0.69,0.7,0.71,0.7,0.72,0.72,0.7,0.4,0.68,0.69,0.5,0.69,0.0,0.0,0.69,0.72,0.32,0.72,0.71,0.16,0.32,0.0,0.71,0.71,0.71,0.39,0.72,0.23,0.2
4916,0.0,0.14,0.66,0.0,0.0,0.64,0.0,0.0,0.62,0.49,0.13,0.64,0.09,0.59,0.46,0.62,0.42,0.17,0.16,0.19,0.29,0.59,0.2,0.61,0.64,0.07,0.0,0.0,0.65,0.66,0.65,0.0,0.0,0.0,0.0,0.64,0.64,0.66,0.65,0.66,0.16,0.31,0.65,0.63,0.64,0.66,0.64,0.0,0.0,0.65,0.67,0.1,0.66,0.66,0.66,0.13,0.0,0.66,0.66,0.36,0.67,0.67,0.16,0.67
4917,0.0,0.06,0.42,0.0,0.0,0.39,0.0,0.0,0.0,0.04,0.35,0.35,0.21,0.07,0.03,0.2,0.07,0.21,0.08,0.07,0.35,0.29,0.1,0.21,0.35,0.04,0.0,0.0,0.07,0.06,0.41,0.0,0.0,0.0,0.0,0.13,0.38,0.38,0.05,0.38,0.4,0.4,0.39,0.36,0.36,0.4,0.38,0.0,0.0,0.38,0.43,0.05,0.12,0.43,0.19,0.42,0.0,0.42,0.42,0.05,0.43,0.43,0.03,0.43
4918,0.0,0.02,0.01,0.0,0.0,0.06,0.0,0.0,0.0,0.04,0.01,0.05,0.02,0.04,0.04,0.05,0.01,0.06,0.03,0.03,0.03,0.06,0.06,0.06,0.06,0.02,0.0,0.0,0.03,0.06,0.06,0.0,0.0,0.0,0.0,0.06,0.06,0.05,0.02,0.05,0.05,0.02,0.06,0.06,0.03,0.06,0.06,0.0,0.0,0.06,0.05,0.02,0.06,0.05,0.06,0.06,0.0,0.05,0.05,0.06,0.05,0.05,0.01,0.05
4919,0.0,0.0,0.0,0.0,0.0,0.0,0.0,0.0,0.0,0.0,0.0,0.0,0.0,0.0,0.0,0.0,0.0,0.0,0.0,0.0,0.0,0.0,0.0,0.0,0.0,0.0,0.0,0.0,0.0,0.0,0.0,0.0,0.0,0.0,0.0,0.0,0.0,0.0,0.0,0.0,0.0,0.0,0.0,0.0,0.0,0.0,0.0,0.0,0.0,0.0,0.02,0.02,0.02,0.02,0.02,0.02,0.0,0.02,0.02,0.02,0.02,0.02,0.0,0.02
4920,0.0,0.0,0.0,0.0,0.0,0.0,0.0,0.0,0.0,0.0,0.0,0.0,0.0,0.0,0.0,0.0,0.0,0.0,0.0,0.0,0.0,0.0,0.0,0.0,0.0,0.0,0.0,0.0,0.0,0.0,0.0,0.0,0.0,0.0,0.0,0.0,0.0,0.0,0.0,0.0,0.0,0.0,0.0,0.0,0.0,0.0,0.0,0.0,0.0,0.0,0.0,0.0,0.0,0.0,0.0,0.0,0.0,0.0,0.0,0.0,0.0,0.0,0.0,0.0
4921,0.0,0.0,0.0,0.0,0.0,0.0,0.0,0.0,0.0,0.0,0.0,0.0,0.0,0.0,0.0,0.0,0.0,0.0,0.0,0.0,0.0,0.0,0.0,0.0,0.0,0.0,0.0,0.0,0.0,0.0,0.0,0.0,0.0,0.0,0.0,0.0,0.0,0.0,0.0,0.0,0.0,0.0,0.0,0.0,0.0,0.0,0.0,0.0,0.0,0.0,0.0,0.0,0.0,0.0,0.0,0.0,0.0,0.0,0.0,0.0,0.0,0.0,0.0,0.0
4922,0.0,0.0,0.0,0.0,0.0,0.0,0.0,0.0,0.0,0.0,0.0,0.0,0.0,0.0,0.0,0.0,0.0,0.0,0.0,0.0,0.0,0.0,0.0,0.0,0.0,0.0,0.0,0.0,0.0,0.0,0.0,0.0,0.0,0.0,0.0,0.0,0.0,0.0,0.0,0.0,0.0,0.0,0.0,0.0,0.0,0.0,0.0,0.0,0.0,0.0,0.0,0.0,0.0,0.0,0.0,0.0,0.0,0.0,0.0,0.0,0.0,0.0,0.0,0.0
4923,0.0,0.0,0.0,0.0,0.0,0.0,0.0,0.0,0.0,0.0,0.0,0.0,0.0,0.0,0.0,0.0,0.0,0.0,0.0,0.0,0.0,0.0,0.0,0.0,0.0,0.0,0.0,0.0,0.0,0.0,0.0,0.0,0.0,0.0,0.0,0.0,0.0,0.0,0.0,0.0,0.0,0.0,0.0,0.0,0.0,0.0,0.0,0.0,0.0,0.0,0.0,0.0,0.0,0.0,0.0,0.0,0.0,0.0,0.0,0.0,0.0,0.0,0.0,0.0
4924,0.0,0.0,0.0,0.0,0.0,0.0,0.0,0.0,0.0,0.0,0.0,0.0,0.0,0.0,0.0,0.0,0.0,0.0,0.0,0.0,0.0,0.0,0.0,0.0,0.0,0.0,0.0,0.0,0.0,0.0,0.0,0.0,0.0,0.0,0.0,0.0,0.0,0.0,0.0,0.0,0.0,0.0,0.0,0.0,0.0,0.0,0.0,0.0,0.0,0.0,0.0,0.0,0.0,0.0,0.0,0.0,0.0,0.0,0.0,0.0,0.0,0.0,0.0,0.0
4925,0.0,0.0,0.0,0.0,0.0,0.0,0.0,0.0,0.0,0.0,0.0,0.0,0.0,0.0,0.0,0.0,0.0,0.0,0.0,0.0,0.0,0.0,0.0,0.0,0.0,0.0,0.0,0.0,0.0,0.0,0.0,0.0,0.0,0.0,0.0,0.0,0.0,0.0,0.0,0.0,0.0,0.0,0.0,0.0,0.0,0.0,0.0,0.0,0.0,0.0,0.0,0.0,0.0,0.0,0.0,0.0,0.0,0.0,0.0,0.0,0.0,0.0,0.0,0.0
4926,0.0,0.0,0.0,0.0,0.0,0.0,0.0,0.0,0.0,0.0,0.0,0.0,0.0,0.0,0.0,0.0,0.0,0.0,0.0,0.0,0.0,0.0,0.0,0.0,0.0,0.0,0.0,0.0,0.0,0.0,0.0,0.0,0.0,0.0,0.0,0.0,0.0,0.0,0.0,0.0,0.0,0.0,0.0,0.0,0.0,0.0,0.0,0.0,0.0,0.0,0.0,0.0,0.0,0.0,0.0,0.0,0.0,0.0,0.0,0.0,0.0,0.0,0.0,0.0
4927,0.0,0.0,0.0,0.0,0.0,0.0,0.0,0.0,0.0,0.0,0.0,0.0,0.0,0.0,0.0,0.0,0.0,0.0,0.0,0.0,0.0,0.0,0.0,0.0,0.0,0.0,0.0,0.0,0.0,0.0,0.0,0.0,0.0,0.0,0.0,0.0,0.0,0.0,0.0,0.0,0.0,0.0,0.0,0.0,0.0,0.0,0.0,0.0,0.0,0.0,0.0,0.0,0.0,0.0,0.0,0.0,0.0,0.0,0.0,0.0,0.0,0.0,0.0,0.0
4928,0.0,0.0,0.0,0.0,0.0,0.0,0.0,0.0,0.0,0.0,0.0,0.0,0.0,0.0,0.0,0.0,0.0,0.0,0.0,0.0,0.0,0.0,0.0,0.0,0.0,0.0,0.0,0.0,0.0,0.0,0.0,0.0,0.0,0.0,0.0,0.0,0.0,0.0,0.0,0.0,0.0,0.0,0.0,0.0,0.0,0.0,0.0,0.0,0.0,0.0,0.0,0.0,0.0,0.0,0.0,0.0,0.0,0.0,0.0,0.0,0.0,0.0,0.0,0.0
4929,0.0,0.02,0.02,0.0,0.0,0.02,0.0,0.0,0.02,0.02,0.02,0.02,0.01,0.02,0.03,0.03,0.02,0.02,0.02,0.03,0.02,0.02,0.02,0.02,0.02,0.01,0.0,0.0,0.02,0.03,0.01,0.0,0.0,0.0,0.0,0.02,0.02,0.02,0.02,0.02,0.02,0.02,0.02,0.02,0.02,0.02,0.02,0.0,0.0,0.02,0.02,0.02,0.0,0.02,0.02,0.02,0.0,0.02,0.02,0.02,0.02,0.02,0.02,0.02
4930,0.0,0.05,0.04,0.0,0.0,0.08,0.0,0.0,0.12,0.15,0.11,0.13,0.18,0.15,0.15,0.14,0.11,0.17,0.17,0.13,0.14,0.15,0.19,0.1,0.11,0.05,0.0,0.0,0.05,0.05,0.05,0.0,0.0,0.0,0.0,0.07,0.09,0.1,0.07,0.1,0.09,0.07,0.07,0.09,0.1,0.07,0.08,0.0,0.0,0.08,0.05,0.05,0.06,0.05,0.08,0.05,0.0,0.05,0.05,0.06,0.05,0.05,0.05,0.05
4931,0.0,0.45,0.44,0.0,0.0,0.49,0.0,0.0,0.55,0.58,0.55,0.57,0.61,0.58,0.58,0.14,0.54,0.61,0.61,0.56,0.58,0.58,0.62,0.53,0.53,0.46,0.0,0.0,0.46,0.45,0.46,0.0,0.0,0.0,0.0,0.48,0.52,0.54,0.49,0.54,0.51,0.49,0.49,0.52,0.53,0.49,0.49,0.0,0.0,0.5,0.47,0.46,0.49,0.46,0.51,0.46,0.0,0.47,0.47,0.49,0.47,0.47,0.47,0.47
4932,0.0,0.63,0.62,0.0,0.0,0.64,0.0,0.0,0.68,0.7,0.68,0.7,0.69,0.68,0.68,0.68,0.67,0.71,0.72,0.68,0.7,0.68,0.7,0.67,0.66,0.64,0.0,0.0,0.64,0.64,0.64,0.0,0.0,0.0,0.0,0.64,0.68,0.69,0.65,0.69,0.66,0.65,0.65,0.67,0.68,0.65,0.65,0.0,0.0,0.65,0.65,0.65,0.66,0.65,0.68,0.65,0.0,0.65,0.65,0.66,0.65,0.65,0.64,0.65
4933,0.0,0.22,0.68,0.0,0.0,0.69,0.0,0.0,0.72,0.76,0.71,0.75,0.74,0.72,0.72,0.72,0.72,0.76,0.77,0.72,0.75,0.73,0.74,0.72,0.72,0.46,0.0,0.0,0.68,0.69,0.68,0.0,0.0,0.0,0.0,0.68,0.71,0.74,0.69,0.73,0.7,0.7,0.7,0.71,0.73,0.69,0.69,0.0,0.0,0.7,0.71,0.7,0.72,0.71,0.73,0.71,0.0,0.71,0.71,0.72,0.7,0.71,0.69,0.71
4934,0.0,0.48,0.7,0.0,0.0,0.71,0.0,0.0,0.72,0.77,0.72,0.76,0.68,0.74,0.74,0.73,0.74,0.78,0.79,0.73,0.77,0.75,0.46,0.74,0.75,0.71,0.0,0.0,0.69,0.71,0.37,0.0,0.0,0.0,0.0,0.7,0.73,0.74,0.71,0.74,0.71,0.71,0.71,0.73,0.73,0.71,0.71,0.0,0.0,0.72,0.73,0.72,0.74,0.73,0.75,0.73,0.0,0.73,0.73,0.74,0.72,0.74,0.72,0.72
4935,0.0,0.72,0.71,0.0,0.0,0.72,0.0,0.0,0.74,0.78,0.73,0.77,0.28,0.75,0.75,0.74,0.74,0.79,0.79,0.74,0.78,0.76,0.77,0.74,0.76,0.72,0.0,0.0,0.7,0.72,0.71,0.0,0.0,0.0,0.0,0.71,0.73,0.74,0.72,0.75,0.72,0.72,0.72,0.74,0.74,0.72,0.72,0.0,0.0,0.73,0.75,0.74,0.75,0.75,0.76,0.73,0.0,0.74,0.74,0.75,0.74,0.75,0.73,0.74
4936,0.0,0.71,0.71,0.0,0.0,0.73,0.0,0.0,0.74,0.77,0.74,0.77,0.34,0.75,0.75,0.75,0.76,0.79,0.79,0.74,0.77,0.76,0.21,0.74,0.77,0.73,0.0,0.0,0.48,0.71,0.71,0.0,0.0,0.0,0.0,0.71,0.73,0.76,0.73,0.76,0.74,0.73,0.72,0.73,0.74,0.71,0.72,0.0,0.0,0.73,0.76,0.74,0.75,0.75,0.76,0.73,0.0,0.75,0.75,0.74,0.61,0.76,0.73,0.74
4937,0.0,0.7,0.71,0.0,0.0,0.72,0.0,0.0,0.74,0.77,0.73,0.77,0.35,0.74,0.74,0.74,0.75,0.77,0.78,0.74,0.76,0.75,0.24,0.72,0.76,0.73,0.0,0.0,0.72,0.71,0.71,0.0,0.0,0.0,0.0,0.71,0.71,0.74,0.72,0.76,0.73,0.72,0.72,0.73,0.73,0.73,0.72,0.0,0.0,0.73,0.75,0.74,0.74,0.74,0.75,0.73,0.0,0.74,0.75,0.74,0.74,0.75,0.73,0.74
4938,0.0,0.69,0.7,0.0,0.0,0.19,0.0,0.0,0.72,0.75,0.71,0.75,0.75,0.74,0.73,0.72,0.73,0.75,0.76,0.72,0.75,0.73,0.49,0.71,0.75,0.71,0.0,0.0,0.71,0.69,0.7,0.0,0.0,0.0,0.0,0.7,0.7,0.73,0.71,0.73,0.72,0.7,0.71,0.72,0.72,0.72,0.28,0.0,0.0,0.72,0.74,0.73,0.73,0.72,0.74,0.72,0.0,0.73,0.74,0.73,0.72,0.73,0.72,0.73
4939,0.0,0.69,0.7,0.0,0.0,0.17,0.0,0.0,0.72,0.75,0.72,0.75,0.75,0.73,0.73,0.73,0.73,0.75,0.76,0.72,0.76,0.74,0.75,0.71,0.75,0.7,0.0,0.0,0.7,0.14,0.25,0.0,0.0,0.0,0.0,0.7,0.7,0.73,0.71,0.73,0.72,0.7,0.7,0.71,0.71,0.72,0.72,0.0,0.0,0.72,0.74,0.72,0.74,0.73,0.74,0.73,0.0,0.74,0.73,0.73,0.73,0.74,0.71,0.73
4940,0.0,0.66,0.65,0.0,0.0,0.27,0.0,0.0,0.66,0.68,0.66,0.69,0.68,0.68,0.67,0.66,0.68,0.69,0.7,0.66,0.69,0.68,0.68,0.67,0.69,0.65,0.0,0.0,0.66,0.67,0.12,0.0,0.0,0.0,0.0,0.66,0.65,0.68,0.67,0.68,0.67,0.4,0.65,0.67,0.66,0.67,0.67,0.0,0.0,0.67,0.69,0.68,0.68,0.68,0.69,0.68,0.0,0.69,0.68,0.68,0.68,0.69,0.67,0.68
4941,0.0,0.43,0.43,0.0,0.0,0.41,0.0,0.0,0.38,0.37,0.39,0.39,0.32,0.36,0.36,0.36,0.4,0.35,0.36,0.36,0.38,0.36,0.32,0.4,0.39,0.44,0.0,0.0,0.43,0.43,0.44,0.0,0.0,0.0,0.0,0.43,0.4,0.41,0.42,0.41,0.41,0.42,0.42,0.4,0.4,0.43,0.42,0.0,0.0,0.41,0.46,0.45,0.44,0.45,0.43,0.45,0.0,0.45,0.44,0.44,0.45,0.46,0.44,0.45
4942,0.0,0.05,0.05,0.0,0.0,0.05,0.0,0.0,0.05,0.05,0.05,0.05,0.04,0.04,0.04,0.04,0.05,0.04,0.05,0.04,0.05,0.04,0.04,0.05,0.05,0.05,0.0,0.0,0.05,0.04,0.05,0.0,0.0,0.0,0.0,0.05,0.05,0.05,0.05,0.05,0.05,0.05,0.05,0.05,0.05,0.05,0.05,0.0,0.0,0.05,0.05,0.05,0.05,0.05,0.05,0.05,0.0,0.05,0.05,0.05,0.05,0.05,0.05,0.05
4943,0.0,0.01,0.01,0.0,0.0,0.0,0.0,0.0,0.0,0.01,0.0,0.01,0.0,0.0,0.0,0.0,0.01,0.0,0.0,0.0,0.01,0.0,0.0,0.0,0.0,0.02,0.0,0.0,0.01,0.01,0.01,0.0,0.0,0.0,0.0,0.01,0.01,0.01,0.01,0.01,0.01,0.01,0.01,0.0,0.0,0.01,0.0,0.0,0.0,0.0,0.01,0.02,0.03,0.01,0.02,0.02,0.0,0.01,0.03,0.01,0.03,0.01,0.02,0.03
4944,0.0,0.0,0.0,0.0,0.0,0.0,0.0,0.0,0.0,0.0,0.0,0.0,0.0,0.0,0.0,0.0,0.0,0.0,0.0,0.0,0.0,0.0,0.0,0.0,0.0,0.0,0.0,0.0,0.0,0.0,0.0,0.0,0.0,0.0,0.0,0.0,0.0,0.0,0.0,0.0,0.0,0.0,0.0,0.0,0.0,0.0,0.0,0.0,0.0,0.0,0.0,0.0,0.0,0.0,0.0,0.0,0.0,0.0,0.0,0.0,0.0,0.0,0.0,0.0
4945,0.0,0.0,0.0,0.0,0.0,0.0,0.0,0.0,0.0,0.0,0.0,0.0,0.0,0.0,0.0,0.0,0.0,0.0,0.0,0.0,0.0,0.0,0.0,0.0,0.0,0.0,0.0,0.0,0.0,0.0,0.0,0.0,0.0,0.0,0.0,0.0,0.0,0.0,0.0,0.0,0.0,0.0,0.0,0.0,0.0,0.0,0.0,0.0,0.0,0.0,0.0,0.0,0.0,0.0,0.0,0.0,0.0,0.0,0.0,0.0,0.0,0.0,0.0,0.0
4946,0.0,0.0,0.0,0.0,0.0,0.0,0.0,0.0,0.0,0.0,0.0,0.0,0.0,0.0,0.0,0.0,0.0,0.0,0.0,0.0,0.0,0.0,0.0,0.0,0.0,0.0,0.0,0.0,0.0,0.0,0.0,0.0,0.0,0.0,0.0,0.0,0.0,0.0,0.0,0.0,0.0,0.0,0.0,0.0,0.0,0.0,0.0,0.0,0.0,0.0,0.0,0.0,0.0,0.0,0.0,0.0,0.0,0.0,0.0,0.0,0.0,0.0,0.0,0.0
4947,0.0,0.0,0.0,0.0,0.0,0.0,0.0,0.0,0.0,0.0,0.0,0.0,0.0,0.0,0.0,0.0,0.0,0.0,0.0,0.0,0.0,0.0,0.0,0.0,0.0,0.0,0.0,0.0,0.0,0.0,0.0,0.0,0.0,0.0,0.0,0.0,0.0,0.0,0.0,0.0,0.0,0.0,0.0,0.0,0.0,0.0,0.0,0.0,0.0,0.0,0.0,0.0,0.0,0.0,0.0,0.0,0.0,0.0,0.0,0.0,0.0,0.0,0.0,0.0
4948,0.0,0.0,0.0,0.0,0.0,0.0,0.0,0.0,0.0,0.0,0.0,0.0,0.0,0.0,0.0,0.0,0.0,0.0,0.0,0.0,0.0,0.0,0.0,0.0,0.0,0.0,0.0,0.0,0.0,0.0,0.0,0.0,0.0,0.0,0.0,0.0,0.0,0.0,0.0,0.0,0.0,0.0,0.0,0.0,0.0,0.0,0.0,0.0,0.0,0.0,0.0,0.0,0.0,0.0,0.0,0.0,0.0,0.0,0.0,0.0,0.0,0.0,0.0,0.0
4949,0.0,0.0,0.0,0.0,0.0,0.0,0.0,0.0,0.0,0.0,0.0,0.0,0.0,0.0,0.0,0.0,0.0,0.0,0.0,0.0,0.0,0.0,0.0,0.0,0.0,0.0,0.0,0.0,0.0,0.0,0.0,0.0,0.0,0.0,0.0,0.0,0.0,0.0,0.0,0.0,0.0,0.0,0.0,0.0,0.0,0.0,0.0,0.0,0.0,0.0,0.0,0.0,0.0,0.0,0.0,0.0,0.0,0.0,0.0,0.0,0.0,0.0,0.0,0.0
4950,0.0,0.0,0.0,0.0,0.0,0.0,0.0,0.0,0.0,0.0,0.0,0.0,0.0,0.0,0.0,0.0,0.0,0.0,0.0,0.0,0.0,0.0,0.0,0.0,0.0,0.0,0.0,0.0,0.0,0.0,0.0,0.0,0.0,0.0,0.0,0.0,0.0,0.0,0.0,0.0,0.0,0.0,0.0,0.0,0.0,0.0,0.0,0.0,0.0,0.0,0.0,0.0,0.0,0.0,0.0,0.0,0.0,0.0,0.0,0.0,0.0,0.0,0.0,0.0
4951,0.0,0.0,0.0,0.0,0.0,0.0,0.0,0.0,0.0,0.0,0.0,0.0,0.0,0.0,0.0,0.0,0.0,0.0,0.0,0.0,0.0,0.0,0.0,0.0,0.0,0.0,0.0,0.0,0.0,0.0,0.0,0.0,0.0,0.0,0.0,0.0,0.0,0.0,0.0,0.0,0.0,0.0,0.0,0.0,0.0,0.0,0.0,0.0,0.0,0.0,0.0,0.0,0.0,0.0,0.0,0.0,0.0,0.0,0.0,0.0,0.0,0.0,0.0,0.0
4952,0.0,0.0,0.0,0.0,0.0,0.0,0.0,0.0,0.0,0.0,0.0,0.0,0.0,0.0,0.0,0.0,0.0,0.0,0.0,0.0,0.0,0.0,0.0,0.0,0.0,0.0,0.0,0.0,0.0,0.0,0.0,0.0,0.0,0.0,0.0,0.0,0.0,0.0,0.0,0.0,0.0,0.0,0.0,0.0,0.0,0.0,0.0,0.0,0.0,0.0,0.0,0.0,0.0,0.0,0.0,0.0,0.0,0.0,0.0,0.0,0.0,0.0,0.0,0.0
4953,0.0,0.0,0.0,0.0,0.0,0.02,0.0,0.0,0.04,0.04,0.04,0.04,0.04,0.04,0.04,0.04,0.04,0.04,0.04,0.02,0.04,0.04,0.04,0.02,0.01,0.01,0.0,0.0,0.01,0.01,0.01,0.0,0.0,0.0,0.0,0.02,0.03,0.04,0.03,0.04,0.03,0.03,0.03,0.03,0.02,0.03,0.02,0.0,0.0,0.02,0.02,0.01,0.03,0.02,0.03,0.03,0.0,0.03,0.03,0.03,0.02,0.03,0.01,0.03
4954,0.0,0.05,0.05,0.0,0.0,0.08,0.0,0.0,0.12,0.14,0.11,0.12,0.18,0.14,0.14,0.14,0.1,0.16,0.16,0.13,0.13,0.14,0.18,0.11,0.11,0.06,0.0,0.0,0.06,0.05,0.06,0.0,0.0,0.0,0.0,0.07,0.09,0.1,0.07,0.1,0.08,0.08,0.08,0.1,0.1,0.07,0.08,0.0,0.0,0.09,0.06,0.05,0.07,0.06,0.08,0.06,0.0,0.06,0.06,0.06,0.06,0.06,0.06,0.06
4955,0.0,0.45,0.44,0.0,0.0,0.48,0.0,0.0,0.52,0.56,0.52,0.54,0.57,0.54,0.54,0.54,0.52,0.57,0.57,0.54,0.55,0.54,0.57,0.51,0.53,0.44,0.0,0.0,0.44,0.45,0.43,0.0,0.0,0.0,0.0,0.47,0.5,0.48,0.48,0.5,0.5,0.48,0.47,0.5,0.51,0.48,0.48,0.0,0.0,0.48,0.46,0.46,0.49,0.46,0.5,0.45,0.0,0.46,0.46,0.48,0.46,0.46,0.46,0.46
4956,0.0,0.67,0.67,0.0,0.0,0.67,0.0,0.0,0.69,0.7,0.68,0.7,0.67,0.67,0.67,0.68,0.7,0.7,0.7,0.68,0.7,0.66,0.67,0.69,0.71,0.66,0.0,0.0,0.66,0.67,0.65,0.0,0.0,0.0,0.0,0.68,0.68,0.69,0.68,0.7,0.7,0.68,0.68,0.68,0.69,0.69,0.67,0.0,0.0,0.68,0.69,0.66,0.7,0.68,0.67,0.68,0.0,0.69,0.68,0.7,0.69,0.69,0.68,0.68
4957,0.0,0.69,0.68,0.0,0.0,0.7,0.0,0.0,0.72,0.73,0.71,0.75,0.69,0.68,0.7,0.7,0.74,0.73,0.74,0.71,0.74,0.69,0.7,0.72,0.75,0.69,0.0,0.0,0.69,0.69,0.67,0.0,0.0,0.0,0.0,0.71,0.72,0.73,0.72,0.73,0.74,0.72,0.73,0.72,0.73,0.73,0.7,0.0,0.0,0.71,0.73,0.67,0.74,0.72,0.74,0.69,0.0,0.72,0.73,0.74,0.72,0.73,0.71,0.72
4958,0.0,0.5,0.39,0.0,0.0,0.72,0.0,0.0,0.73,0.74,0.73,0.76,0.7,0.7,0.71,0.72,0.74,0.74,0.75,0.72,0.75,0.7,0.7,0.74,0.76,0.74,0.0,0.0,0.72,0.62,0.72,0.0,0.0,0.0,0.0,0.72,0.72,0.75,0.7,0.76,0.75,0.69,0.7,0.72,0.73,0.7,0.72,0.0,0.0,0.72,0.74,0.7,0.74,0.74,0.76,0.72,0.0,0.74,0.74,0.74,0.74,0.74,0.72,0.74
4959,0.0,0.58,0.62,0.0,0.0,0.71,0.0,0.0,0.74,0.74,0.74,0.76,0.71,0.72,0.73,0.73,0.75,0.75,0.75,0.73,0.75,0.72,0.7,0.74,0.76,0.71,0.0,0.0,0.75,0.62,0.74,0.0,0.0,0.0,0.0,0.72,0.73,0.76,0.74,0.76,0.75,0.73,0.72,0.74,0.73,0.73,0.71,0.0,0.0,0.72,0.73,0.74,0.76,0.74,0.76,0.74,0.0,0.74,0.74,0.76,0.72,0.74,0.76,0.73
4960,0.0,0.52,0.55,0.0,0.0,0.74,0.0,0.0,0.74,0.74,0.74,0.76,0.71,0.72,0.73,0.74,0.75,0.75,0.75,0.73,0.75,0.72,0.7,0.74,0.74,0.48,0.0,0.0,0.75,0.45,0.63,0.0,0.0,0.0,0.0,0.72,0.75,0.75,0.73,0.76,0.76,0.73,0.71,0.75,0.74,0.74,0.72,0.0,0.0,0.73,0.71,0.73,0.75,0.75,0.76,0.72,0.0,0.76,0.71,0.73,0.71,0.71,0.76,0.7
4961,0.0,0.52,0.7,0.0,0.0,0.73,0.0,0.0,0.74,0.75,0.74,0.76,0.71,0.73,0.74,0.76,0.75,0.75,0.76,0.75,0.75,0.72,0.7,0.76,0.74,0.52,0.0,0.0,0.64,0.5,0.51,0.0,0.0,0.0,0.0,0.7,0.74,0.75,0.72,0.75,0.75,0.73,0.75,0.74,0.76,0.73,0.73,0.0,0.0,0.74,0.7,0.72,0.73,0.67,0.73,0.66,0.0,0.7,0.71,0.72,0.72,0.69,0.72,0.71
4962,0.0,0.74,0.72,0.0,0.0,0.66,0.0,0.0,0.75,0.74,0.74,0.76,0.72,0.73,0.75,0.75,0.75,0.74,0.75,0.75,0.75,0.72,0.7,0.74,0.74,0.55,0.0,0.0,0.7,0.7,0.57,0.0,0.0,0.0,0.0,0.69,0.73,0.74,0.7,0.74,0.72,0.69,0.72,0.73,0.74,0.71,0.69,0.0,0.0,0.72,0.71,0.74,0.71,0.67,0.71,0.52,0.0,0.71,0.72,0.68,0.73,0.71,0.72,0.73
4963,0.0,0.66,0.73,0.0,0.0,0.66,0.0,0.0,0.74,0.74,0.73,0.74,0.7,0.72,0.74,0.74,0.72,0.73,0.74,0.74,0.74,0.72,0.7,0.72,0.73,0.45,0.0,0.0,0.73,0.59,0.6,0.0,0.0,0.0,0.0,0.7,0.74,0.71,0.72,0.71,0.72,0.71,0.7,0.73,0.72,0.72,0.65,0.0,0.0,0.67,0.27,0.26,0.47,0.23,0.71,0.16,0.0,0.23,0.28,0.27,0.34,0.24,0.49,0.32
4964,0.0,0.68,0.68,0.0,0.0,0.67,0.0,0.0,0.66,0.66,0.66,0.67,0.64,0.67,0.67,0.67,0.66,0.67,0.68,0.67,0.66,0.66,0.64,0.66,0.68,0.6,0.0,0.0,0.64,0.58,0.44,0.0,0.0,0.0,0.0,0.37,0.62,0.67,0.56,0.67,0.33,0.66,0.49,0.67,0.67,0.61,0.68,0.0,0.0,0.68,0.13,0.41,0.37,0.13,0.18,0.12,0.0,0.11,0.14,0.5,0.14,0.17,0.66,0.13
4965,0.0,0.13,0.14,0.0,0.0,0.26,0.0,0.0,0.37,0.33,0.28,0.16,0.31,0.34,0.34,0.35,0.35,0.33,0.33,0.35,0.35,0.32,0.3,0.16,0.38,0.29,0.0,0.0,0.22,0.13,0.32,0.0,0.0,0.0,0.0,0.33,0.11,0.12,0.08,0.13,0.12,0.12,0.17,0.13,0.16,0.07,0.33,0.0,0.0,0.39,0.18,0.42,0.11,0.06,0.27,0.04,0.0,0.06,0.09,0.07,0.27,0.12,0.25,0.18
4966,0.0,0.07,0.07,0.0,0.0,0.06,0.0,0.0,0.06,0.06,0.04,0.07,0.05,0.06,0.06,0.06,0.05,0.06,0.06,0.05,0.06,0.05,0.05,0.07,0.06,0.05,0.0,0.0,0.06,0.08,0.07,0.0,0.0,0.0,0.0,0.04,0.06,0.06,0.04,0.07,0.06,0.07,0.03,0.06,0.05,0.07,0.06,0.0,0.0,0.07,0.07,0.02,0.03,0.06,0.05,0.02,0.0,0.02,0.08,0.02,0.06,0.07,0.06,0.06
4967,0.0,0.0,0.0,0.0,0.0,0.0,0.0,0.0,0.0,0.0,0.0,0.0,0.0,0.0,0.0,0.0,0.0,0.0,0.0,0.0,0.0,0.0,0.0,0.0,0.0,0.0,0.0,0.0,0.0,0.0,0.0,0.0,0.0,0.0,0.0,0.0,0.0,0.0,0.0,0.0,0.0,0.0,0.0,0.0,0.0,0.0,0.0,0.0,0.0,0.0,0.0,0.0,0.0,0.0,0.0,0.01,0.0,0.0,0.0,0.0,0.0,0.0,0.0,0.0
4968,0.0,0.0,0.0,0.0,0.0,0.0,0.0,0.0,0.0,0.0,0.0,0.0,0.0,0.0,0.0,0.0,0.0,0.0,0.0,0.0,0.0,0.0,0.0,0.0,0.0,0.0,0.0,0.0,0.0,0.0,0.0,0.0,0.0,0.0,0.0,0.0,0.0,0.0,0.0,0.0,0.0,0.0,0.0,0.0,0.0,0.0,0.0,0.0,0.0,0.0,0.0,0.0,0.0,0.0,0.0,0.0,0.0,0.0,0.0,0.0,0.0,0.0,0.0,0.0
4969,0.0,0.0,0.0,0.0,0.0,0.0,0.0,0.0,0.0,0.0,0.0,0.0,0.0,0.0,0.0,0.0,0.0,0.0,0.0,0.0,0.0,0.0,0.0,0.0,0.0,0.0,0.0,0.0,0.0,0.0,0.0,0.0,0.0,0.0,0.0,0.0,0.0,0.0,0.0,0.0,0.0,0.0,0.0,0.0,0.0,0.0,0.0,0.0,0.0,0.0,0.0,0.0,0.0,0.0,0.0,0.0,0.0,0.0,0.0,0.0,0.0,0.0,0.0,0.0
4970,0.0,0.0,0.0,0.0,0.0,0.0,0.0,0.0,0.0,0.0,0.0,0.0,0.0,0.0,0.0,0.0,0.0,0.0,0.0,0.0,0.0,0.0,0.0,0.0,0.0,0.0,0.0,0.0,0.0,0.0,0.0,0.0,0.0,0.0,0.0,0.0,0.0,0.0,0.0,0.0,0.0,0.0,0.0,0.0,0.0,0.0,0.0,0.0,0.0,0.0,0.0,0.0,0.0,0.0,0.0,0.0,0.0,0.0,0.0,0.0,0.0,0.0,0.0,0.0
4971,0.0,0.0,0.0,0.0,0.0,0.0,0.0,0.0,0.0,0.0,0.0,0.0,0.0,0.0,0.0,0.0,0.0,0.0,0.0,0.0,0.0,0.0,0.0,0.0,0.0,0.0,0.0,0.0,0.0,0.0,0.0,0.0,0.0,0.0,0.0,0.0,0.0,0.0,0.0,0.0,0.0,0.0,0.0,0.0,0.0,0.0,0.0,0.0,0.0,0.0,0.0,0.0,0.0,0.0,0.0,0.0,0.0,0.0,0.0,0.0,0.0,0.0,0.0,0.0
4972,0.0,0.0,0.0,0.0,0.0,0.0,0.0,0.0,0.0,0.0,0.0,0.0,0.0,0.0,0.0,0.0,0.0,0.0,0.0,0.0,0.0,0.0,0.0,0.0,0.0,0.0,0.0,0.0,0.0,0.0,0.0,0.0,0.0,0.0,0.0,0.0,0.0,0.0,0.0,0.0,0.0,0.0,0.0,0.0,0.0,0.0,0.0,0.0,0.0,0.0,0.0,0.0,0.0,0.0,0.0,0.0,0.0,0.0,0.0,0.0,0.0,0.0,0.0,0.0
4973,0.0,0.0,0.0,0.0,0.0,0.0,0.0,0.0,0.0,0.0,0.0,0.0,0.0,0.0,0.0,0.0,0.0,0.0,0.0,0.0,0.0,0.0,0.0,0.0,0.0,0.0,0.0,0.0,0.0,0.0,0.0,0.0,0.0,0.0,0.0,0.0,0.0,0.0,0.0,0.0,0.0,0.0,0.0,0.0,0.0,0.0,0.0,0.0,0.0,0.0,0.0,0.0,0.0,0.0,0.0,0.0,0.0,0.0,0.0,0.0,0.0,0.0,0.0,0.0
4974,0.0,0.0,0.0,0.0,0.0,0.0,0.0,0.0,0.0,0.0,0.0,0.0,0.0,0.0,0.0,0.0,0.0,0.0,0.0,0.0,0.0,0.0,0.0,0.0,0.0,0.0,0.0,0.0,0.0,0.0,0.0,0.0,0.0,0.0,0.0,0.0,0.0,0.0,0.0,0.0,0.0,0.0,0.0,0.0,0.0,0.0,0.0,0.0,0.0,0.0,0.0,0.0,0.0,0.0,0.0,0.0,0.0,0.0,0.0,0.0,0.0,0.0,0.0,0.0
4975,0.0,0.0,0.0,0.0,0.0,0.0,0.0,0.0,0.0,0.0,0.0,0.0,0.0,0.0,0.0,0.0,0.0,0.0,0.0,0.0,0.0,0.0,0.0,0.0,0.0,0.0,0.0,0.0,0.0,0.0,0.0,0.0,0.0,0.0,0.0,0.0,0.0,0.0,0.0,0.0,0.0,0.0,0.0,0.0,0.0,0.0,0.0,0.0,0.0,0.0,0.0,0.0,0.0,0.0,0.0,0.0,0.0,0.0,0.0,0.0,0.0,0.0,0.0,0.0
4976,0.0,0.0,0.0,0.0,0.0,0.0,0.0,0.0,0.0,0.0,0.0,0.0,0.0,0.0,0.0,0.0,0.0,0.0,0.0,0.0,0.0,0.0,0.0,0.0,0.0,0.0,0.0,0.0,0.0,0.0,0.0,0.0,0.0,0.0,0.0,0.0,0.0,0.0,0.0,0.0,0.0,0.0,0.0,0.0,0.0,0.0,0.0,0.0,0.0,0.0,0.0,0.0,0.0,0.0,0.0,0.0,0.0,0.0,0.0,0.0,0.0,0.0,0.0,0.0
4977,0.0,0.0,0.01,0.0,0.0,0.0,0.0,0.0,0.0,0.04,0.0,0.0,0.02,0.02,0.02,0.03,0.0,0.03,0.04,0.03,0.01,0.02,0.04,0.0,0.0,0.0,0.0,0.0,0.0,0.0,0.0,0.0,0.0,0.0,0.0,0.0,0.03,0.0,0.0,0.0,0.0,0.0,0.0,0.02,0.0,0.0,0.0,0.0,0.0,0.0,0.0,0.0,0.0,0.0,0.0,0.03,0.0,0.01,0.0,0.03,0.0,0.0,0.0,0.0
4978,0.0,0.01,0.0,0.0,0.0,0.01,0.0,0.0,0.07,0.14,0.02,0.02,0.11,0.12,0.1,0.14,0.01,0.16,0.13,0.14,0.0,0.12,0.2,0.0,0.02,0.02,0.0,0.0,0.0,0.01,0.0,0.0,0.0,0.0,0.0,0.0,0.0,0.03,0.0,0.02,0.0,0.0,0.0,0.0,0.0,0.0,0.0,0.0,0.0,0.0,0.01,0.01,0.04,0.02,0.04,0.05,0.0,0.07,0.01,0.07,0.01,0.01,0.01,0.01
4979,0.0,0.04,0.03,0.0,0.0,0.04,0.0,0.0,0.01,0.02,0.03,0.02,0.28,0.53,0.53,0.08,0.02,0.23,0.2,0.02,0.01,0.54,0.58,0.01,0.03,0.03,0.0,0.0,0.02,0.07,0.04,0.0,0.0,0.0,0.0,0.08,0.01,0.02,0.02,0.01,0.01,0.01,0.0,0.0,0.01,0.01,0.0,0.0,0.0,0.02,0.02,0.03,0.04,0.06,0.48,0.15,0.0,0.07,0.02,0.44,0.02,0.02,0.03,0.02
4980,0.0,0.08,0.04,0.0,0.0,0.02,0.0,0.0,0.03,0.11,0.03,0.12,0.71,0.02,0.02,0.03,0.03,0.32,0.2,0.04,0.12,0.02,0.71,0.02,0.12,0.07,0.0,0.0,0.06,0.1,0.11,0.0,0.0,0.0,0.0,0.1,0.14,0.03,0.15,0.06,0.02,0.08,0.11,0.01,0.04,0.11,0.02,0.0,0.0,0.02,0.04,0.06,0.06,0.05,0.18,0.64,0.0,0.08,0.03,0.28,0.03,0.04,0.14,0.04
4981,0.0,0.26,0.2,0.0,0.0,0.09,0.0,0.0,0.08,0.1,0.04,0.06,0.76,0.07,0.1,0.06,0.07,0.03,0.01,0.11,0.12,0.02,0.76,0.36,0.22,0.12,0.0,0.0,0.08,0.23,0.22,0.0,0.0,0.0,0.0,0.14,0.06,0.08,0.1,0.21,0.05,0.09,0.24,0.04,0.28,0.11,0.03,0.0,0.0,0.03,0.08,0.21,0.07,0.1,0.22,0.46,0.0,0.09,0.07,0.2,0.09,0.07,0.25,0.09
4982,0.0,0.35,0.44,0.0,0.0,0.03,0.0,0.0,0.07,0.04,0.13,0.14,0.77,0.16,0.13,0.15,0.68,0.03,0.75,0.07,0.12,0.16,0.76,0.07,0.1,0.45,0.0,0.0,0.11,0.32,0.46,0.0,0.0,0.0,0.0,0.12,0.19,0.11,0.13,0.14,0.07,0.15,0.13,0.33,0.09,0.13,0.04,0.0,0.0,0.05,0.08,0.33,0.09,0.04,0.18,0.09,0.0,0.09,0.09,0.26,0.13,0.05,0.19,0.12
4983,0.0,0.21,0.18,0.0,0.0,0.44,0.0,0.0,0.13,0.09,0.08,0.16,0.71,0.42,0.49,0.06,0.25,0.09,0.19,0.04,0.04,0.17,0.76,0.16,0.06,0.28,0.0,0.0,0.08,0.21,0.25,0.0,0.0,0.0,0.0,0.12,0.17,0.06,0.22,0.09,0.08,0.12,0.15,0.16,0.14,0.17,0.75,0.0,0.0,0.75,0.03,0.34,0.11,0.04,0.31,0.16,0.0,0.21,0.03,0.3,0.06,0.02,0.47,0.03
4984,0.0,0.16,0.14,0.0,0.0,0.25,0.0,0.0,0.05,0.04,0.04,0.15,0.35,0.04,0.04,0.07,0.1,0.46,0.31,0.06,0.36,0.09,0.72,0.13,0.06,0.21,0.0,0.0,0.2,0.15,0.16,0.0,0.0,0.0,0.0,0.16,0.31,0.06,0.47,0.06,0.05,0.38,0.34,0.27,0.18,0.54,0.16,0.0,0.0,0.18,0.21,0.4,0.31,0.09,0.47,0.3,0.0,0.05,0.12,0.13,0.08,0.11,0.45,0.13
4985,0.0,0.19,0.22,0.0,0.0,0.38,0.0,0.0,0.04,0.07,0.05,0.07,0.04,0.04,0.05,0.07,0.05,0.21,0.35,0.06,0.26,0.04,0.12,0.38,0.11,0.11,0.0,0.0,0.1,0.19,0.11,0.0,0.0,0.0,0.0,0.1,0.13,0.04,0.14,0.04,0.05,0.18,0.16,0.22,0.3,0.15,0.29,0.0,0.0,0.38,0.05,0.64,0.07,0.09,0.21,0.07,0.0,0.01,0.04,0.22,0.25,0.02,0.14,0.13
4986,0.0,0.26,0.25,0.0,0.0,0.18,0.0,0.0,0.04,0.05,0.04,0.03,0.24,0.04,0.03,0.04,0.06,0.15,0.22,0.03,0.07,0.03,0.11,0.13,0.16,0.06,0.0,0.0,0.04,0.39,0.08,0.0,0.0,0.0,0.0,0.06,0.08,0.04,0.1,0.08,0.05,0.1,0.08,0.13,0.1,0.1,0.15,0.0,0.0,0.26,0.17,0.29,0.08,0.34,0.68,0.1,0.0,0.0,0.01,0.06,0.03,0.41,0.18,0.02
4987,0.0,0.26,0.54,0.0,0.0,0.05,0.0,0.0,0.02,0.03,0.04,0.02,0.04,0.02,0.01,0.02,0.1,0.06,0.08,0.02,0.04,0.03,0.25,0.08,0.1,0.24,0.0,0.0,0.13,0.22,0.24,0.0,0.0,0.0,0.0,0.11,0.04,0.02,0.1,0.03,0.04,0.07,0.06,0.06,0.07,0.09,0.04,0.0,0.0,0.07,0.33,0.12,0.02,0.34,0.04,0.13,0.0,0.09,0.59,0.2,0.12,0.61,0.15,0.2
4988,0.0,0.18,0.2,0.0,0.0,0.02,0.0,0.0,0.02,0.02,0.02,0.04,0.01,0.03,0.03,0.02,0.09,0.03,0.04,0.01,0.02,0.02,0.01,0.03,0.04,0.1,0.0,0.0,0.11,0.14,0.1,0.0,0.0,0.0,0.0,0.09,0.04,0.0,0.1,0.01,0.0,0.11,0.18,0.05,0.03,0.12,0.02,0.0,0.0,0.03,0.29,0.14,0.04,0.41,0.02,0.1,0.0,0.18,0.4,0.05,0.07,0.54,0.12,0.16
4989,0.0,0.06,0.09,0.0,0.0,0.02,0.0,0.0,0.02,0.01,0.02,0.02,0.0,0.01,0.01,0.0,0.05,0.03,0.01,0.0,0.01,0.01,0.03,0.02,0.02,0.17,0.0,0.0,0.06,0.08,0.09,0.0,0.0,0.0,0.0,0.05,0.04,0.01,0.12,0.02,0.01,0.18,0.2,0.04,0.02,0.21,0.02,0.0,0.0,0.02,0.04,0.08,0.01,0.02,0.05,0.08,0.0,0.01,0.06,0.05,0.04,0.06,0.04,0.04
4990,0.0,0.07,0.07,0.0,0.0,0.0,0.0,0.0,0.0,0.0,0.0,0.01,0.0,0.0,0.0,0.0,0.02,0.0,0.0,0.01,0.01,0.0,0.0,0.01,0.01,0.07,0.0,0.0,0.02,0.08,0.07,0.0,0.0,0.0,0.0,0.02,0.01,0.0,0.04,0.0,0.0,0.04,0.02,0.01,0.01,0.03,0.0,0.0,0.0,0.0,0.0,0.06,0.02,0.0,0.03,0.03,0.0,0.0,0.0,0.02,0.0,0.0,0.01,0.01
4991,0.0,0.0,0.0,0.0,0.0,0.0,0.0,0.0,0.0,0.0,0.0,0.0,0.0,0.0,0.0,0.0,0.0,0.0,0.0,0.0,0.0,0.0,0.0,0.0,0.0,0.0,0.0,0.0,0.0,0.0,0.0,0.0,0.0,0.0,0.0,0.0,0.0,0.0,0.0,0.0,0.0,0.0,0.0,0.0,0.0,0.0,0.0,0.0,0.0,0.0,0.0,0.0,0.0,0.0,0.0,0.0,0.0,0.0,0.0,0.0,0.0,0.0,0.0,0.0
4992,0.0,0.0,0.0,0.0,0.0,0.0,0.0,0.0,0.0,0.0,0.0,0.0,0.0,0.0,0.0,0.0,0.0,0.0,0.0,0.0,0.0,0.0,0.0,0.0,0.0,0.0,0.0,0.0,0.0,0.0,0.0,0.0,0.0,0.0,0.0,0.0,0.0,0.0,0.0,0.0,0.0,0.0,0.0,0.0,0.0,0.0,0.0,0.0,0.0,0.0,0.0,0.0,0.0,0.0,0.0,0.0,0.0,0.0,0.0,0.0,0.0,0.0,0.0,0.0
4993,0.0,0.0,0.0,0.0,0.0,0.0,0.0,0.0,0.0,0.0,0.0,0.0,0.0,0.0,0.0,0.0,0.0,0.0,0.0,0.0,0.0,0.0,0.0,0.0,0.0,0.0,0.0,0.0,0.0,0.0,0.0,0.0,0.0,0.0,0.0,0.0,0.0,0.0,0.0,0.0,0.0,0.0,0.0,0.0,0.0,0.0,0.0,0.0,0.0,0.0,0.0,0.0,0.0,0.0,0.0,0.0,0.0,0.0,0.0,0.0,0.0,0.0,0.0,0.0
4994,0.0,0.0,0.0,0.0,0.0,0.0,0.0,0.0,0.0,0.0,0.0,0.0,0.0,0.0,0.0,0.0,0.0,0.0,0.0,0.0,0.0,0.0,0.0,0.0,0.0,0.0,0.0,0.0,0.0,0.0,0.0,0.0,0.0,0.0,0.0,0.0,0.0,0.0,0.0,0.0,0.0,0.0,0.0,0.0,0.0,0.0,0.0,0.0,0.0,0.0,0.0,0.0,0.0,0.0,0.0,0.0,0.0,0.0,0.0,0.0,0.0,0.0,0.0,0.0
4995,0.0,0.0,0.0,0.0,0.0,0.0,0.0,0.0,0.0,0.0,0.0,0.0,0.0,0.0,0.0,0.0,0.0,0.0,0.0,0.0,0.0,0.0,0.0,0.0,0.0,0.0,0.0,0.0,0.0,0.0,0.0,0.0,0.0,0.0,0.0,0.0,0.0,0.0,0.0,0.0,0.0,0.0,0.0,0.0,0.0,0.0,0.0,0.0,0.0,0.0,0.0,0.0,0.0,0.0,0.0,0.0,0.0,0.0,0.0,0.0,0.0,0.0,0.0,0.0
4996,0.0,0.0,0.0,0.0,0.0,0.0,0.0,0.0,0.0,0.0,0.0,0.0,0.0,0.0,0.0,0.0,0.0,0.0,0.0,0.0,0.0,0.0,0.0,0.0,0.0,0.0,0.0,0.0,0.0,0.0,0.0,0.0,0.0,0.0,0.0,0.0,0.0,0.0,0.0,0.0,0.0,0.0,0.0,0.0,0.0,0.0,0.0,0.0,0.0,0.0,0.0,0.0,0.0,0.0,0.0,0.0,0.0,0.0,0.0,0.0,0.0,0.0,0.0,0.0
4997,0.0,0.0,0.0,0.0,0.0,0.0,0.0,0.0,0.0,0.0,0.0,0.0,0.0,0.0,0.0,0.0,0.0,0.0,0.0,0.0,0.0,0.0,0.0,0.0,0.0,0.0,0.0,0.0,0.0,0.0,0.0,0.0,0.0,0.0,0.0,0.0,0.0,0.0,0.0,0.0,0.0,0.0,0.0,0.0,0.0,0.0,0.0,0.0,0.0,0.0,0.0,0.0,0.0,0.0,0.0,0.0,0.0,0.0,0.0,0.0,0.0,0.0,0.0,0.0
4998,0.0,0.0,0.0,0.0,0.0,0.0,0.0,0.0,0.0,0.0,0.0,0.0,0.0,0.0,0.0,0.0,0.0,0.0,0.0,0.0,0.0,0.0,0.0,0.0,0.0,0.0,0.0,0.0,0.0,0.0,0.0,0.0,0.0,0.0,0.0,0.0,0.0,0.0,0.0,0.0,0.0,0.0,0.0,0.0,0.0,0.0,0.0,0.0,0.0,0.0,0.0,0.0,0.0,0.0,0.0,0.0,0.0,0.0,0.0,0.0,0.0,0.0,0.0,0.0
4999,0.0,0.0,0.0,0.0,0.0,0.0,0.0,0.0,0.0,0.0,0.0,0.0,0.0,0.0,0.0,0.0,0.0,0.0,0.0,0.0,0.0,0.0,0.0,0.0,0.0,0.0,0.0,0.0,0.0,0.0,0.0,0.0,0.0,0.0,0.0,0.0,0.0,0.0,0.0,0.0,0.0,0.0,0.0,0.0,0.0,0.0,0.0,0.0,0.0,0.0,0.0,0.0,0.0,0.0,0.0,0.0,0.0,0.0,0.0,0.0,0.0,0.0,0.0,0.0
5000,0.0,0.0,0.0,0.0,0.0,0.0,0.0,0.0,0.0,0.0,0.0,0.0,0.0,0.0,0.0,0.0,0.0,0.0,0.0,0.0,0.0,0.0,0.0,0.0,0.0,0.0,0.0,0.0,0.0,0.0,0.0,0.0,0.0,0.0,0.0,0.0,0.0,0.0,0.0,0.0,0.0,0.0,0.0,0.0,0.0,0.0,0.0,0.0,0.0,0.0,0.0,0.0,0.0,0.0,0.0,0.0,0.0,0.0,0.0,0.0,0.0,0.0,0.0,0.0
5001,0.0,0.0,0.0,0.0,0.0,0.0,0.0,0.0,0.01,0.0,0.01,0.0,0.0,0.0,0.0,0.0,0.0,0.0,0.0,0.0,0.0,0.0,0.0,0.0,0.0,0.01,0.0,0.0,0.01,0.01,0.01,0.0,0.0,0.0,0.0,0.0,0.0,0.0,0.0,0.0,0.0,0.0,0.02,0.0,0.0,0.0,0.0,0.0,0.0,0.0,0.02,0.01,0.0,0.02,0.01,0.0,0.0,0.0,0.02,0.03,0.02,0.02,0.01,0.02
5002,0.0,0.04,0.04,0.0,0.0,0.04,0.0,0.0,0.09,0.01,0.07,0.0,0.0,0.01,0.01,0.01,0.03,0.0,0.01,0.04,0.02,0.0,0.02,0.06,0.02,0.04,0.0,0.0,0.05,0.04,0.05,0.0,0.0,0.0,0.0,0.07,0.06,0.01,0.07,0.03,0.02,0.08,0.07,0.06,0.06,0.09,0.04,0.0,0.0,0.03,0.05,0.04,0.05,0.05,0.04,0.04,0.0,0.07,0.05,0.06,0.05,0.05,0.05,0.05
5003,0.0,0.45,0.44,0.0,0.0,0.1,0.0,0.0,0.21,0.01,0.1,0.02,0.0,0.04,0.04,0.06,0.37,0.02,0.03,0.15,0.03,0.04,0.01,0.2,0.06,0.46,0.0,0.0,0.46,0.45,0.46,0.0,0.0,0.0,0.0,0.47,0.46,0.07,0.47,0.06,0.03,0.48,0.48,0.16,0.31,0.47,0.14,0.0,0.0,0.12,0.46,0.45,0.09,0.45,0.07,0.44,0.0,0.46,0.46,0.46,0.46,0.46,0.46,0.46
5004,0.0,0.62,0.62,0.0,0.0,0.21,0.0,0.0,0.62,0.07,0.17,0.45,0.04,0.18,0.1,0.13,0.11,0.04,0.06,0.43,0.03,0.13,0.03,0.5,0.17,0.64,0.0,0.0,0.62,0.62,0.63,0.0,0.0,0.0,0.0,0.62,0.61,0.42,0.62,0.07,0.07,0.62,0.62,0.62,0.62,0.62,0.56,0.0,0.0,0.22,0.62,0.62,0.62,0.62,0.06,0.6,0.0,0.62,0.62,0.62,0.63,0.63,0.63,0.63
5005,0.0,0.67,0.67,0.0,0.0,0.66,0.0,0.0,0.65,0.15,0.64,0.1,0.02,0.27,0.25,0.34,0.1,0.07,0.25,0.65,0.13,0.33,0.05,0.65,0.68,0.68,0.0,0.0,0.67,0.68,0.68,0.0,0.0,0.0,0.0,0.66,0.65,0.08,0.66,0.07,0.68,0.66,0.66,0.65,0.66,0.66,0.65,0.0,0.0,0.66,0.68,0.68,0.68,0.67,0.04,0.22,0.0,0.68,0.67,0.67,0.67,0.68,0.68,0.67
5006,0.0,0.7,0.7,0.0,0.0,0.67,0.0,0.0,0.66,0.3,0.65,0.23,0.03,0.5,0.7,0.67,0.49,0.5,0.73,0.68,0.38,0.42,0.04,0.68,0.7,0.71,0.0,0.0,0.69,0.7,0.7,0.0,0.0,0.0,0.0,0.68,0.68,0.42,0.68,0.31,0.71,0.68,0.69,0.68,0.68,0.69,0.68,0.0,0.0,0.68,0.71,0.7,0.7,0.7,0.71,0.37,0.0,0.7,0.7,0.7,0.69,0.71,0.7,0.7
5007,0.0,0.71,0.71,0.0,0.0,0.69,0.0,0.0,0.69,0.31,0.67,0.71,0.05,0.59,0.39,0.26,0.59,0.73,0.45,0.29,0.25,0.37,0.08,0.68,0.71,0.72,0.0,0.0,0.7,0.71,0.7,0.0,0.0,0.0,0.0,0.68,0.68,0.67,0.68,0.7,0.71,0.69,0.69,0.36,0.68,0.69,0.69,0.0,0.0,0.69,0.72,0.72,0.71,0.71,0.72,0.7,0.0,0.71,0.71,0.71,0.71,0.72,0.71,0.71
5008,0.0,0.71,0.71,0.0,0.0,0.69,0.0,0.0,0.68,0.34,0.66,0.7,0.17,0.69,0.31,0.25,0.71,0.25,0.13,0.68,0.7,0.34,0.18,0.68,0.71,0.72,0.0,0.0,0.71,0.71,0.71,0.0,0.0,0.0,0.0,0.69,0.68,0.68,0.7,0.7,0.71,0.69,0.69,0.68,0.68,0.7,0.69,0.0,0.0,0.68,0.72,0.72,0.72,0.71,0.72,0.7,0.0,0.71,0.71,0.71,0.71,0.72,0.72,0.71
5009,0.0,0.71,0.71,0.0,0.0,0.7,0.0,0.0,0.68,0.34,0.67,0.26,0.19,0.68,0.46,0.56,0.71,0.12,0.07,0.67,0.71,0.69,0.21,0.66,0.73,0.72,0.0,0.0,0.72,0.71,0.71,0.0,0.0,0.0,0.0,0.69,0.69,0.68,0.7,0.7,0.72,0.7,0.7,0.68,0.69,0.71,0.69,0.0,0.0,0.68,0.72,0.72,0.72,0.71,0.73,0.71,0.0,0.71,0.71,0.72,0.72,0.72,0.72,0.71
5010,0.0,0.7,0.7,0.0,0.0,0.72,0.0,0.0,0.67,0.16,0.68,0.7,0.24,0.66,0.5,0.72,0.69,0.08,0.09,0.68,0.7,0.67,0.17,0.7,0.72,0.71,0.0,0.0,0.7,0.71,0.7,0.0,0.0,0.0,0.0,0.69,0.69,0.59,0.7,0.69,0.72,0.7,0.69,0.66,0.66,0.7,0.7,0.0,0.0,0.71,0.71,0.71,0.71,0.7,0.72,0.7,0.0,0.71,0.7,0.72,0.7,0.71,0.71,0.7
5011,0.0,0.68,0.69,0.0,0.0,0.7,0.0,0.0,0.69,0.24,0.67,0.68,0.21,0.64,0.69,0.7,0.68,0.25,0.71,0.71,0.68,0.67,0.18,0.7,0.7,0.7,0.0,0.0,0.68,0.69,0.69,0.0,0.0,0.0,0.0,0.68,0.68,0.68,0.68,0.44,0.7,0.68,0.68,0.68,0.7,0.68,0.7,0.0,0.0,0.7,0.69,0.7,0.69,0.68,0.7,0.68,0.0,0.69,0.44,0.7,0.69,0.69,0.7,0.68
5012,0.0,0.64,0.64,0.0,0.0,0.66,0.0,0.0,0.64,0.07,0.63,0.63,0.19,0.63,0.65,0.64,0.62,0.65,0.37,0.64,0.61,0.64,0.11,0.65,0.64,0.65,0.0,0.0,0.63,0.64,0.64,0.0,0.0,0.0,0.0,0.63,0.62,0.06,0.63,0.62,0.64,0.63,0.62,0.64,0.65,0.63,0.65,0.0,0.0,0.65,0.64,0.65,0.64,0.63,0.64,0.63,0.0,0.63,0.64,0.64,0.64,0.64,0.65,0.63
5013,0.0,0.42,0.43,0.0,0.0,0.4,0.0,0.0,0.36,0.34,0.36,0.35,0.04,0.34,0.34,0.34,0.36,0.32,0.07,0.35,0.31,0.33,0.06,0.38,0.36,0.44,0.0,0.0,0.42,0.42,0.43,0.0,0.0,0.0,0.0,0.4,0.38,0.38,0.4,0.37,0.39,0.4,0.39,0.38,0.38,0.4,0.4,0.0,0.0,0.4,0.42,0.43,0.12,0.42,0.4,0.41,0.0,0.42,0.42,0.41,0.43,0.42,0.43,0.42
5014,0.0,0.05,0.05,0.0,0.0,0.04,0.0,0.0,0.04,0.06,0.04,0.04,0.05,0.04,0.04,0.04,0.04,0.05,0.06,0.04,0.06,0.02,0.06,0.04,0.04,0.05,0.0,0.0,0.05,0.05,0.05,0.0,0.0,0.0,0.0,0.04,0.04,0.04,0.04,0.04,0.04,0.04,0.04,0.04,0.04,0.04,0.04,0.0,0.0,0.04,0.05,0.05,0.05,0.06,0.05,0.08,0.0,0.05,0.05,0.06,0.05,0.05,0.05,0.05
5015,0.0,0.0,0.0,0.0,0.0,0.0,0.0,0.0,0.0,0.0,0.0,0.0,0.0,0.0,0.0,0.0,0.0,0.0,0.0,0.0,0.0,0.0,0.0,0.0,0.0,0.0,0.0,0.0,0.0,0.0,0.0,0.0,0.0,0.0,0.0,0.0,0.0,0.0,0.0,0.0,0.0,0.0,0.0,0.0,0.0,0.0,0.0,0.0,0.0,0.0,0.0,0.0,0.0,0.0,0.0,0.0,0.0,0.0,0.0,0.0,0.0,0.0,0.0,0.0
5016,0.0,0.0,0.0,0.0,0.0,0.0,0.0,0.0,0.0,0.0,0.0,0.0,0.0,0.0,0.0,0.0,0.0,0.0,0.0,0.0,0.0,0.0,0.0,0.0,0.0,0.0,0.0,0.0,0.0,0.0,0.0,0.0,0.0,0.0,0.0,0.0,0.0,0.0,0.0,0.0,0.0,0.0,0.0,0.0,0.0,0.0,0.0,0.0,0.0,0.0,0.0,0.0,0.0,0.0,0.0,0.0,0.0,0.0,0.0,0.0,0.0,0.0,0.0,0.0
5017,0.0,0.0,0.0,0.0,0.0,0.0,0.0,0.0,0.0,0.0,0.0,0.0,0.0,0.0,0.0,0.0,0.0,0.0,0.0,0.0,0.0,0.0,0.0,0.0,0.0,0.0,0.0,0.0,0.0,0.0,0.0,0.0,0.0,0.0,0.0,0.0,0.0,0.0,0.0,0.0,0.0,0.0,0.0,0.0,0.0,0.0,0.0,0.0,0.0,0.0,0.0,0.0,0.0,0.0,0.0,0.0,0.0,0.0,0.0,0.0,0.0,0.0,0.0,0.0
5018,0.0,0.0,0.0,0.0,0.0,0.0,0.0,0.0,0.0,0.0,0.0,0.0,0.0,0.0,0.0,0.0,0.0,0.0,0.0,0.0,0.0,0.0,0.0,0.0,0.0,0.0,0.0,0.0,0.0,0.0,0.0,0.0,0.0,0.0,0.0,0.0,0.0,0.0,0.0,0.0,0.0,0.0,0.0,0.0,0.0,0.0,0.0,0.0,0.0,0.0,0.0,0.0,0.0,0.0,0.0,0.0,0.0,0.0,0.0,0.0,0.0,0.0,0.0,0.0
5019,0.0,0.0,0.0,0.0,0.0,0.0,0.0,0.0,0.0,0.0,0.0,0.0,0.0,0.0,0.0,0.0,0.0,0.0,0.0,0.0,0.0,0.0,0.0,0.0,0.0,0.0,0.0,0.0,0.0,0.0,0.0,0.0,0.0,0.0,0.0,0.0,0.0,0.0,0.0,0.0,0.0,0.0,0.0,0.0,0.0,0.0,0.0,0.0,0.0,0.0,0.0,0.0,0.0,0.0,0.0,0.0,0.0,0.0,0.0,0.0,0.0,0.0,0.0,0.0
5020,0.0,0.0,0.0,0.0,0.0,0.0,0.0,0.0,0.0,0.0,0.0,0.0,0.0,0.0,0.0,0.0,0.0,0.0,0.0,0.0,0.0,0.0,0.0,0.0,0.0,0.0,0.0,0.0,0.0,0.0,0.0,0.0,0.0,0.0,0.0,0.0,0.0,0.0,0.0,0.0,0.0,0.0,0.0,0.0,0.0,0.0,0.0,0.0,0.0,0.0,0.0,0.0,0.0,0.0,0.0,0.0,0.0,0.0,0.0,0.0,0.0,0.0,0.0,0.0
5021,0.0,0.0,0.0,0.0,0.0,0.0,0.0,0.0,0.0,0.0,0.0,0.0,0.0,0.0,0.0,0.0,0.0,0.0,0.0,0.0,0.0,0.0,0.0,0.0,0.0,0.0,0.0,0.0,0.0,0.0,0.0,0.0,0.0,0.0,0.0,0.0,0.0,0.0,0.0,0.0,0.0,0.0,0.0,0.0,0.0,0.0,0.0,0.0,0.0,0.0,0.0,0.0,0.0,0.0,0.0,0.0,0.0,0.0,0.0,0.0,0.0,0.0,0.0,0.0
5022,0.0,0.0,0.0,0.0,0.0,0.0,0.0,0.0,0.0,0.0,0.0,0.0,0.0,0.0,0.0,0.0,0.0,0.0,0.0,0.0,0.0,0.0,0.0,0.0,0.0,0.0,0.0,0.0,0.0,0.0,0.0,0.0,0.0,0.0,0.0,0.0,0.0,0.0,0.0,0.0,0.0,0.0,0.0,0.0,0.0,0.0,0.0,0.0,0.0,0.0,0.0,0.0,0.0,0.0,0.0,0.0,0.0,0.0,0.0,0.0,0.0,0.0,0.0,0.0
5023,0.0,0.0,0.0,0.0,0.0,0.0,0.0,0.0,0.0,0.0,0.0,0.0,0.0,0.0,0.0,0.0,0.0,0.0,0.0,0.0,0.0,0.0,0.0,0.0,0.0,0.0,0.0,0.0,0.0,0.0,0.0,0.0,0.0,0.0,0.0,0.0,0.0,0.0,0.0,0.0,0.0,0.0,0.0,0.0,0.0,0.0,0.0,0.0,0.0,0.0,0.0,0.0,0.0,0.0,0.0,0.0,0.0,0.0,0.0,0.0,0.0,0.0,0.0,0.0
5024,0.0,0.0,0.0,0.0,0.0,0.0,0.0,0.0,0.0,0.0,0.0,0.0,0.0,0.0,0.0,0.0,0.0,0.0,0.0,0.0,0.0,0.0,0.0,0.0,0.0,0.0,0.0,0.0,0.0,0.0,0.0,0.0,0.0,0.0,0.0,0.0,0.0,0.0,0.0,0.0,0.0,0.0,0.0,0.0,0.0,0.0,0.0,0.0,0.0,0.0,0.0,0.0,0.0,0.0,0.0,0.0,0.0,0.0,0.0,0.0,0.0,0.0,0.0,0.0
5025,0.0,0.0,0.0,0.0,0.0,0.01,0.0,0.0,0.01,0.01,0.01,0.03,0.01,0.01,0.0,0.01,0.01,0.0,0.01,0.01,0.01,0.01,0.01,0.01,0.03,0.0,0.0,0.0,0.0,0.0,0.0,0.0,0.0,0.0,0.0,0.01,0.01,0.03,0.01,0.02,0.02,0.01,0.01,0.01,0.01,0.01,0.01,0.0,0.0,0.02,0.01,0.0,0.01,0.02,0.02,0.02,0.0,0.02,0.01,0.02,0.01,0.01,0.0,0.01
5026,0.0,0.06,0.05,0.0,0.0,0.09,0.0,0.0,0.04,0.03,0.05,0.09,0.07,0.05,0.04,0.05,0.04,0.03,0.07,0.06,0.07,0.05,0.06,0.06,0.11,0.05,0.0,0.0,0.07,0.06,0.06,0.0,0.0,0.0,0.0,0.07,0.1,0.11,0.02,0.11,0.1,0.07,0.08,0.11,0.11,0.02,0.09,0.0,0.0,0.09,0.02,0.04,0.08,0.01,0.09,0.08,0.0,0.07,0.09,0.08,0.0,0.06,0.07,0.0
5027,0.0,0.21,0.21,0.0,0.0,0.39,0.0,0.0,0.08,0.07,0.15,0.15,0.26,0.11,0.09,0.16,0.08,0.11,0.25,0.12,0.25,0.1,0.28,0.31,0.45,0.26,0.0,0.0,0.19,0.22,0.21,0.0,0.0,0.0,0.0,0.2,0.34,0.37,0.14,0.37,0.04,0.24,0.14,0.28,0.37,0.14,0.38,0.0,0.0,0.41,0.44,0.42,0.06,0.44,0.48,0.4,0.0,0.45,0.44,0.37,0.44,0.44,0.27,0.13
5028,0.0,0.6,0.62,0.0,0.0,0.54,0.0,0.0,0.24,0.12,0.38,0.19,0.66,0.25,0.22,0.22,0.11,0.25,0.69,0.21,0.46,0.23,0.67,0.63,0.57,0.64,0.0,0.0,0.61,0.6,0.62,0.0,0.0,0.0,0.0,0.42,0.09,0.58,0.13,0.57,0.08,0.17,0.17,0.38,0.13,0.14,0.51,0.0,0.0,0.54,0.66,0.62,0.18,0.3,0.67,0.65,0.0,0.19,0.65,0.17,0.66,0.66,0.65,0.66
5029,0.0,0.65,0.66,0.0,0.0,0.46,0.0,0.0,0.44,0.14,0.46,0.28,0.65,0.49,0.46,0.33,0.24,0.32,0.66,0.4,0.68,0.36,0.67,0.38,0.64,0.66,0.0,0.0,0.66,0.65,0.66,0.0,0.0,0.0,0.0,0.36,0.15,0.13,0.48,0.16,0.34,0.53,0.32,0.41,0.24,0.65,0.65,0.0,0.0,0.63,0.46,0.68,0.11,0.05,0.1,0.11,0.0,0.03,0.67,0.09,0.68,0.1,0.66,0.67
5030,0.0,0.68,0.69,0.0,0.0,0.66,0.0,0.0,0.47,0.48,0.14,0.33,0.67,0.71,0.71,0.5,0.67,0.58,0.73,0.61,0.7,0.7,0.66,0.16,0.64,0.7,0.0,0.0,0.69,0.68,0.68,0.0,0.0,0.0,0.0,0.69,0.11,0.3,0.33,0.71,0.34,0.09,0.11,0.18,0.16,0.31,0.68,0.0,0.0,0.66,0.26,0.69,0.06,0.05,0.07,0.7,0.0,0.08,0.28,0.03,0.7,0.27,0.7,0.39
5031,0.0,0.7,0.7,0.0,0.0,0.71,0.0,0.0,0.28,0.31,0.45,0.18,0.68,0.7,0.72,0.7,0.72,0.73,0.74,0.31,0.5,0.72,0.68,0.08,0.71,0.71,0.0,0.0,0.71,0.7,0.7,0.0,0.0,0.0,0.0,0.7,0.07,0.31,0.27,0.36,0.11,0.36,0.03,0.08,0.07,0.34,0.7,0.0,0.0,0.69,0.12,0.37,0.02,0.06,0.02,0.69,0.0,0.04,0.18,0.72,0.42,0.14,0.34,0.4
5032,0.0,0.7,0.71,0.0,0.0,0.72,0.0,0.0,0.42,0.18,0.71,0.29,0.71,0.33,0.34,0.3,0.18,0.39,0.26,0.29,0.47,0.35,0.71,0.02,0.72,0.71,0.0,0.0,0.7,0.7,0.58,0.0,0.0,0.0,0.0,0.7,0.06,0.12,0.19,0.1,0.02,0.71,0.71,0.05,0.03,0.48,0.72,0.0,0.0,0.72,0.16,0.72,0.72,0.72,0.73,0.69,0.0,0.72,0.2,0.72,0.71,0.34,0.07,0.16
5033,0.0,0.7,0.7,0.0,0.0,0.72,0.0,0.0,0.71,0.16,0.27,0.73,0.68,0.34,0.28,0.27,0.22,0.72,0.73,0.43,0.62,0.35,0.7,0.02,0.72,0.71,0.0,0.0,0.7,0.51,0.7,0.0,0.0,0.0,0.0,0.07,0.03,0.05,0.08,0.15,0.34,0.71,0.06,0.04,0.03,0.11,0.72,0.0,0.0,0.72,0.72,0.72,0.71,0.7,0.72,0.71,0.0,0.69,0.7,0.72,0.71,0.71,0.72,0.71
5034,0.0,0.69,0.69,0.0,0.0,0.71,0.0,0.0,0.06,0.14,0.09,0.66,0.52,0.38,0.32,0.31,0.22,0.7,0.72,0.1,0.7,0.31,0.67,0.07,0.7,0.7,0.0,0.0,0.69,0.69,0.69,0.0,0.0,0.0,0.0,0.42,0.01,0.06,0.71,0.06,0.12,0.7,0.18,0.53,0.01,0.7,0.71,0.0,0.0,0.71,0.7,0.69,0.33,0.67,0.7,0.63,0.0,0.68,0.69,0.69,0.7,0.69,0.7,0.69
5035,0.0,0.71,0.71,0.0,0.0,0.72,0.0,0.0,0.07,0.06,0.65,0.27,0.31,0.23,0.34,0.08,0.06,0.57,0.59,0.04,0.33,0.24,0.6,0.08,0.69,0.7,0.0,0.0,0.37,0.7,0.7,0.0,0.0,0.0,0.0,0.7,0.0,0.01,0.7,0.01,0.01,0.46,0.7,0.61,0.02,0.69,0.72,0.0,0.0,0.72,0.6,0.68,0.71,0.58,0.71,0.25,0.0,0.6,0.57,0.7,0.63,0.64,0.7,0.69
5036,0.0,0.65,0.14,0.0,0.0,0.67,0.0,0.0,0.0,0.08,0.21,0.07,0.2,0.1,0.05,0.02,0.1,0.09,0.1,0.02,0.06,0.12,0.24,0.05,0.61,0.66,0.0,0.0,0.65,0.65,0.66,0.0,0.0,0.0,0.0,0.65,0.05,0.0,0.11,0.0,0.01,0.11,0.57,0.61,0.02,0.47,0.66,0.0,0.0,0.66,0.66,0.66,0.18,0.26,0.51,0.59,0.0,0.19,0.4,0.11,0.22,0.56,0.66,0.51
5037,0.0,0.04,0.43,0.0,0.0,0.4,0.0,0.0,0.01,0.22,0.02,0.01,0.1,0.05,0.06,0.0,0.19,0.12,0.04,0.01,0.06,0.06,0.07,0.38,0.29,0.43,0.0,0.0,0.42,0.42,0.42,0.0,0.0,0.0,0.0,0.09,0.11,0.0,0.08,0.0,0.0,0.08,0.2,0.19,0.16,0.09,0.4,0.0,0.0,0.39,0.2,0.43,0.2,0.35,0.07,0.36,0.0,0.27,0.2,0.29,0.24,0.07,0.42,0.3
5038,0.0,0.02,0.05,0.0,0.0,0.05,0.0,0.0,0.05,0.05,0.0,0.01,0.01,0.01,0.0,0.01,0.02,0.0,0.0,0.01,0.06,0.01,0.04,0.04,0.05,0.05,0.0,0.0,0.07,0.05,0.05,0.0,0.0,0.0,0.0,0.05,0.06,0.0,0.05,0.01,0.0,0.05,0.06,0.03,0.02,0.05,0.05,0.0,0.0,0.05,0.07,0.07,0.01,0.07,0.07,0.06,0.0,0.07,0.08,0.02,0.05,0.06,0.03,0.07
5039,0.0,0.0,0.0,0.0,0.0,0.0,0.0,0.0,0.0,0.0,0.0,0.0,0.0,0.0,0.0,0.0,0.0,0.0,0.0,0.0,0.0,0.0,0.0,0.0,0.0,0.0,0.0,0.0,0.0,0.0,0.0,0.0,0.0,0.0,0.0,0.0,0.0,0.0,0.0,0.0,0.0,0.0,0.0,0.0,0.0,0.0,0.0,0.0,0.0,0.0,0.0,0.0,0.0,0.01,0.0,0.01,0.0,0.0,0.0,0.0,0.0,0.0,0.0,0.0
5040,0.0,0.0,0.0,0.0,0.0,0.0,0.0,0.0,0.0,0.0,0.0,0.0,0.0,0.0,0.0,0.0,0.0,0.0,0.0,0.0,0.0,0.0,0.0,0.0,0.0,0.0,0.0,0.0,0.0,0.0,0.0,0.0,0.0,0.0,0.0,0.0,0.0,0.0,0.0,0.0,0.0,0.0,0.0,0.0,0.0,0.0,0.0,0.0,0.0,0.0,0.0,0.0,0.0,0.0,0.0,0.0,0.0,0.0,0.0,0.0,0.0,0.0,0.0,0.0
5041,0.0,0.0,0.0,0.0,0.0,0.0,0.0,0.0,0.0,0.0,0.0,0.0,0.0,0.0,0.0,0.0,0.0,0.0,0.0,0.0,0.0,0.0,0.0,0.0,0.0,0.0,0.0,0.0,0.0,0.0,0.0,0.0,0.0,0.0,0.0,0.0,0.0,0.0,0.0,0.0,0.0,0.0,0.0,0.0,0.0,0.0,0.0,0.0,0.0,0.0,0.0,0.0,0.0,0.0,0.0,0.0,0.0,0.0,0.0,0.0,0.0,0.0,0.0,0.0
5042,0.0,0.0,0.0,0.0,0.0,0.0,0.0,0.0,0.0,0.0,0.0,0.0,0.0,0.0,0.0,0.0,0.0,0.0,0.0,0.0,0.0,0.0,0.0,0.0,0.0,0.0,0.0,0.0,0.0,0.0,0.0,0.0,0.0,0.0,0.0,0.0,0.0,0.0,0.0,0.0,0.0,0.0,0.0,0.0,0.0,0.0,0.0,0.0,0.0,0.0,0.0,0.0,0.0,0.0,0.0,0.0,0.0,0.0,0.0,0.0,0.0,0.0,0.0,0.0
5043,0.0,0.0,0.0,0.0,0.0,0.0,0.0,0.0,0.0,0.0,0.0,0.0,0.0,0.0,0.0,0.0,0.0,0.0,0.0,0.0,0.0,0.0,0.0,0.0,0.0,0.0,0.0,0.0,0.0,0.0,0.0,0.0,0.0,0.0,0.0,0.0,0.0,0.0,0.0,0.0,0.0,0.0,0.0,0.0,0.0,0.0,0.0,0.0,0.0,0.0,0.0,0.0,0.0,0.0,0.0,0.0,0.0,0.0,0.0,0.0,0.0,0.0,0.0,0.0
5044,0.0,0.0,0.0,0.0,0.0,0.0,0.0,0.0,0.0,0.0,0.0,0.0,0.0,0.0,0.0,0.0,0.0,0.0,0.0,0.0,0.0,0.0,0.0,0.0,0.0,0.0,0.0,0.0,0.0,0.0,0.0,0.0,0.0,0.0,0.0,0.0,0.0,0.0,0.0,0.0,0.0,0.0,0.0,0.0,0.0,0.0,0.0,0.0,0.0,0.0,0.0,0.0,0.0,0.0,0.0,0.0,0.0,0.0,0.0,0.0,0.0,0.0,0.0,0.0
5045,0.0,0.0,0.0,0.0,0.0,0.0,0.0,0.0,0.0,0.0,0.0,0.0,0.0,0.0,0.0,0.0,0.0,0.0,0.0,0.0,0.0,0.0,0.0,0.0,0.0,0.0,0.0,0.0,0.0,0.0,0.0,0.0,0.0,0.0,0.0,0.0,0.0,0.0,0.0,0.0,0.0,0.0,0.0,0.0,0.0,0.0,0.0,0.0,0.0,0.0,0.0,0.0,0.0,0.0,0.0,0.0,0.0,0.0,0.0,0.0,0.0,0.0,0.0,0.0
5046,0.0,0.0,0.0,0.0,0.0,0.0,0.0,0.0,0.0,0.0,0.0,0.0,0.0,0.0,0.0,0.0,0.0,0.0,0.0,0.0,0.0,0.0,0.0,0.0,0.0,0.0,0.0,0.0,0.0,0.0,0.0,0.0,0.0,0.0,0.0,0.0,0.0,0.0,0.0,0.0,0.0,0.0,0.0,0.0,0.0,0.0,0.0,0.0,0.0,0.0,0.0,0.0,0.0,0.0,0.0,0.0,0.0,0.0,0.0,0.0,0.0,0.0,0.0,0.0
5047,0.0,0.0,0.0,0.0,0.0,0.0,0.0,0.0,0.0,0.0,0.0,0.0,0.0,0.0,0.0,0.0,0.0,0.0,0.0,0.0,0.0,0.0,0.0,0.0,0.0,0.0,0.0,0.0,0.0,0.0,0.0,0.0,0.0,0.0,0.0,0.0,0.0,0.0,0.0,0.0,0.0,0.0,0.0,0.0,0.0,0.0,0.0,0.0,0.0,0.0,0.0,0.0,0.0,0.0,0.0,0.0,0.0,0.0,0.0,0.0,0.0,0.0,0.0,0.0
5048,0.0,0.0,0.0,0.0,0.0,0.0,0.0,0.0,0.0,0.0,0.0,0.0,0.0,0.0,0.0,0.0,0.0,0.0,0.0,0.0,0.0,0.0,0.0,0.0,0.0,0.0,0.0,0.0,0.0,0.0,0.0,0.0,0.0,0.0,0.0,0.0,0.0,0.0,0.0,0.0,0.0,0.0,0.0,0.0,0.0,0.0,0.0,0.0,0.0,0.0,0.0,0.0,0.0,0.0,0.0,0.0,0.0,0.0,0.0,0.0,0.0,0.0,0.0,0.0
5049,0.0,0.0,0.0,0.0,0.0,0.0,0.0,0.0,0.0,0.0,0.0,0.0,0.0,0.0,0.0,0.0,0.0,0.0,0.0,0.0,0.0,0.0,0.0,0.0,0.0,0.0,0.0,0.0,0.0,0.0,0.0,0.0,0.0,0.0,0.0,0.0,0.0,0.0,0.0,0.0,0.0,0.0,0.0,0.0,0.0,0.0,0.0,0.0,0.0,0.0,0.01,0.01,0.0,0.02,0.0,0.02,0.0,0.0,0.0,0.0,0.01,0.02,0.01,0.0
5050,0.0,0.05,0.05,0.0,0.0,0.08,0.0,0.0,0.01,0.02,0.01,0.0,0.04,0.02,0.02,0.01,0.01,0.0,0.0,0.01,0.0,0.03,0.0,0.05,0.07,0.05,0.0,0.0,0.06,0.05,0.06,0.0,0.0,0.0,0.0,0.07,0.04,0.06,0.08,0.07,0.03,0.07,0.04,0.04,0.05,0.08,0.08,0.0,0.0,0.08,0.05,0.05,0.04,0.05,0.08,0.05,0.0,0.07,0.06,0.04,0.06,0.06,0.06,0.06
5051,0.0,0.43,0.43,0.0,0.0,0.46,0.0,0.0,0.05,0.02,0.04,0.04,0.03,0.02,0.03,0.02,0.04,0.0,0.0,0.03,0.01,0.02,0.01,0.14,0.51,0.44,0.0,0.0,0.44,0.44,0.44,0.0,0.0,0.0,0.0,0.45,0.12,0.49,0.46,0.49,0.08,0.46,0.46,0.14,0.14,0.46,0.46,0.0,0.0,0.47,0.45,0.44,0.1,0.44,0.46,0.35,0.0,0.45,0.44,0.13,0.43,0.45,0.44,0.44
5052,0.0,0.64,0.64,0.0,0.0,0.65,0.0,0.0,0.09,0.04,0.07,0.11,0.05,0.04,0.04,0.05,0.05,0.01,0.04,0.05,0.02,0.06,0.03,0.25,0.67,0.65,0.0,0.0,0.64,0.65,0.65,0.0,0.0,0.0,0.0,0.65,0.24,0.67,0.65,0.66,0.18,0.65,0.63,0.42,0.38,0.65,0.65,0.0,0.0,0.65,0.67,0.66,0.3,0.67,0.68,0.41,0.0,0.65,0.66,0.44,0.66,0.67,0.66,0.66
5053,0.0,0.7,0.7,0.0,0.0,0.71,0.0,0.0,0.15,0.34,0.12,0.18,0.18,0.08,0.09,0.1,0.12,0.02,0.02,0.1,0.16,0.07,0.12,0.68,0.71,0.71,0.0,0.0,0.7,0.7,0.7,0.0,0.0,0.0,0.0,0.7,0.69,0.71,0.7,0.71,0.71,0.7,0.69,0.67,0.68,0.71,0.7,0.0,0.0,0.7,0.72,0.71,0.72,0.72,0.72,0.54,0.0,0.71,0.71,0.62,0.69,0.72,0.7,0.7
5054,0.0,0.72,0.72,0.0,0.0,0.72,0.0,0.0,0.23,0.1,0.17,0.17,0.52,0.14,0.19,0.17,0.32,0.08,0.1,0.25,0.2,0.14,0.38,0.69,0.72,0.73,0.0,0.0,0.71,0.72,0.72,0.0,0.0,0.0,0.0,0.72,0.7,0.73,0.73,0.73,0.73,0.73,0.69,0.7,0.7,0.73,0.72,0.0,0.0,0.71,0.73,0.43,0.59,0.73,0.73,0.65,0.0,0.72,0.73,0.51,0.69,0.73,0.45,0.71
5055,0.0,0.72,0.72,0.0,0.0,0.72,0.0,0.0,0.21,0.19,0.18,0.35,0.61,0.3,0.33,0.32,0.28,0.04,0.06,0.33,0.19,0.25,0.73,0.7,0.73,0.73,0.0,0.0,0.72,0.72,0.71,0.0,0.0,0.0,0.0,0.72,0.71,0.73,0.73,0.57,0.72,0.72,0.72,0.7,0.7,0.73,0.71,0.0,0.0,0.72,0.7,0.42,0.62,0.72,0.69,0.57,0.0,0.71,0.72,0.63,0.45,0.72,0.73,0.63
5056,0.0,0.73,0.73,0.0,0.0,0.72,0.0,0.0,0.3,0.14,0.63,0.32,0.12,0.4,0.55,0.72,0.21,0.03,0.05,0.71,0.18,0.41,0.73,0.72,0.74,0.74,0.0,0.0,0.52,0.73,0.73,0.0,0.0,0.0,0.0,0.72,0.73,0.74,0.74,0.74,0.28,0.73,0.72,0.68,0.72,0.74,0.72,0.0,0.0,0.73,0.66,0.3,0.26,0.73,0.54,0.36,0.0,0.68,0.73,0.47,0.48,0.74,0.38,0.58
5057,0.0,0.62,0.66,0.0,0.0,0.22,0.0,0.0,0.71,0.14,0.71,0.33,0.32,0.72,0.73,0.72,0.71,0.04,0.05,0.71,0.19,0.73,0.15,0.67,0.74,0.13,0.0,0.0,0.51,0.74,0.36,0.0,0.0,0.0,0.0,0.73,0.36,0.28,0.74,0.3,0.2,0.73,0.72,0.6,0.68,0.74,0.73,0.0,0.0,0.73,0.26,0.23,0.47,0.37,0.42,0.31,0.0,0.34,0.28,0.54,0.32,0.31,0.45,0.41
5058,0.0,0.23,0.26,0.0,0.0,0.73,0.0,0.0,0.69,0.12,0.57,0.22,0.51,0.7,0.72,0.72,0.15,0.05,0.06,0.71,0.13,0.71,0.18,0.62,0.73,0.14,0.0,0.0,0.15,0.26,0.16,0.0,0.0,0.0,0.0,0.37,0.25,0.12,0.28,0.12,0.14,0.59,0.32,0.36,0.64,0.26,0.72,0.0,0.0,0.72,0.22,0.35,0.16,0.31,0.18,0.25,0.0,0.24,0.33,0.25,0.2,0.29,0.15,0.2
5059,0.0,0.15,0.69,0.0,0.0,0.7,0.0,0.0,0.69,0.09,0.37,0.15,0.7,0.69,0.7,0.7,0.11,0.05,0.06,0.69,0.14,0.69,0.25,0.16,0.71,0.1,0.0,0.0,0.13,0.07,0.06,0.0,0.0,0.0,0.0,0.11,0.19,0.07,0.15,0.02,0.08,0.24,0.21,0.43,0.34,0.2,0.7,0.0,0.0,0.7,0.28,0.39,0.12,0.2,0.13,0.15,0.0,0.21,0.43,0.25,0.24,0.38,0.14,0.36
5060,0.0,0.29,0.04,0.0,0.0,0.64,0.0,0.0,0.64,0.03,0.41,0.12,0.63,0.63,0.63,0.63,0.01,0.08,0.08,0.62,0.26,0.63,0.24,0.31,0.65,0.3,0.0,0.0,0.14,0.17,0.29,0.0,0.0,0.0,0.0,0.06,0.18,0.04,0.06,0.02,0.05,0.1,0.09,0.15,0.36,0.1,0.64,0.0,0.0,0.64,0.42,0.27,0.16,0.28,0.12,0.13,0.0,0.17,0.51,0.13,0.28,0.42,0.14,0.41
5061,0.0,0.35,0.44,0.0,0.0,0.39,0.0,0.0,0.12,0.02,0.0,0.03,0.3,0.33,0.33,0.33,0.01,0.09,0.07,0.28,0.2,0.33,0.19,0.1,0.26,0.11,0.0,0.0,0.27,0.34,0.13,0.0,0.0,0.0,0.0,0.06,0.06,0.03,0.02,0.02,0.08,0.0,0.04,0.06,0.08,0.05,0.39,0.0,0.0,0.39,0.11,0.39,0.1,0.38,0.07,0.11,0.0,0.38,0.14,0.11,0.14,0.18,0.3,0.17
5062,0.0,0.05,0.05,0.0,0.0,0.05,0.0,0.0,0.04,0.04,0.03,0.01,0.04,0.06,0.05,0.05,0.01,0.04,0.02,0.06,0.05,0.05,0.05,0.04,0.03,0.05,0.0,0.0,0.08,0.05,0.05,0.0,0.0,0.0,0.0,0.02,0.03,0.01,0.02,0.02,0.02,0.02,0.0,0.04,0.03,0.01,0.07,0.0,0.0,0.05,0.04,0.05,0.04,0.04,0.02,0.07,0.0,0.07,0.04,0.05,0.07,0.03,0.08,0.05
5063,0.0,0.0,0.0,0.0,0.0,0.0,0.0,0.0,0.0,0.0,0.0,0.0,0.0,0.0,0.0,0.0,0.0,0.0,0.0,0.0,0.0,0.0,0.0,0.0,0.0,0.0,0.0,0.0,0.0,0.0,0.0,0.0,0.0,0.0,0.0,0.0,0.0,0.0,0.0,0.0,0.0,0.0,0.0,0.0,0.0,0.0,0.0,0.0,0.0,0.0,0.0,0.0,0.0,0.0,0.0,0.01,0.0,0.0,0.0,0.0,0.0,0.0,0.0,0.0
5064,0.0,0.0,0.0,0.0,0.0,0.0,0.0,0.0,0.0,0.0,0.0,0.0,0.0,0.0,0.0,0.0,0.0,0.0,0.0,0.0,0.0,0.0,0.0,0.0,0.0,0.0,0.0,0.0,0.0,0.0,0.0,0.0,0.0,0.0,0.0,0.0,0.0,0.0,0.0,0.0,0.0,0.0,0.0,0.0,0.0,0.0,0.0,0.0,0.0,0.0,0.0,0.0,0.0,0.0,0.0,0.0,0.0,0.0,0.0,0.0,0.0,0.0,0.0,0.0
5065,0.0,0.0,0.0,0.0,0.0,0.0,0.0,0.0,0.0,0.0,0.0,0.0,0.0,0.0,0.0,0.0,0.0,0.0,0.0,0.0,0.0,0.0,0.0,0.0,0.0,0.0,0.0,0.0,0.0,0.0,0.0,0.0,0.0,0.0,0.0,0.0,0.0,0.0,0.0,0.0,0.0,0.0,0.0,0.0,0.0,0.0,0.0,0.0,0.0,0.0,0.0,0.0,0.0,0.0,0.0,0.0,0.0,0.0,0.0,0.0,0.0,0.0,0.0,0.0
5066,0.0,0.0,0.0,0.0,0.0,0.0,0.0,0.0,0.0,0.0,0.0,0.0,0.0,0.0,0.0,0.0,0.0,0.0,0.0,0.0,0.0,0.0,0.0,0.0,0.0,0.0,0.0,0.0,0.0,0.0,0.0,0.0,0.0,0.0,0.0,0.0,0.0,0.0,0.0,0.0,0.0,0.0,0.0,0.0,0.0,0.0,0.0,0.0,0.0,0.0,0.0,0.0,0.0,0.0,0.0,0.0,0.0,0.0,0.0,0.0,0.0,0.0,0.0,0.0
5067,0.0,0.0,0.0,0.0,0.0,0.0,0.0,0.0,0.0,0.0,0.0,0.0,0.0,0.0,0.0,0.0,0.0,0.0,0.0,0.0,0.0,0.0,0.0,0.0,0.0,0.0,0.0,0.0,0.0,0.0,0.0,0.0,0.0,0.0,0.0,0.0,0.0,0.0,0.0,0.0,0.0,0.0,0.0,0.0,0.0,0.0,0.0,0.0,0.0,0.0,0.0,0.0,0.0,0.0,0.0,0.0,0.0,0.0,0.0,0.0,0.0,0.0,0.0,0.0
5068,0.0,0.0,0.0,0.0,0.0,0.0,0.0,0.0,0.0,0.0,0.0,0.0,0.0,0.0,0.0,0.0,0.0,0.0,0.0,0.0,0.0,0.0,0.0,0.0,0.0,0.0,0.0,0.0,0.0,0.0,0.0,0.0,0.0,0.0,0.0,0.0,0.0,0.0,0.0,0.0,0.0,0.0,0.0,0.0,0.0,0.0,0.0,0.0,0.0,0.0,0.0,0.0,0.0,0.0,0.0,0.0,0.0,0.0,0.0,0.0,0.0,0.0,0.0,0.0
5069,0.0,0.0,0.0,0.0,0.0,0.0,0.0,0.0,0.0,0.0,0.0,0.0,0.0,0.0,0.0,0.0,0.0,0.0,0.0,0.0,0.0,0.0,0.0,0.0,0.0,0.0,0.0,0.0,0.0,0.0,0.0,0.0,0.0,0.0,0.0,0.0,0.0,0.0,0.0,0.0,0.0,0.0,0.0,0.0,0.0,0.0,0.0,0.0,0.0,0.0,0.0,0.0,0.0,0.0,0.0,0.0,0.0,0.0,0.0,0.0,0.0,0.0,0.0,0.0
5070,0.0,0.0,0.0,0.0,0.0,0.0,0.0,0.0,0.0,0.0,0.0,0.0,0.0,0.0,0.0,0.0,0.0,0.0,0.0,0.0,0.0,0.0,0.0,0.0,0.0,0.0,0.0,0.0,0.0,0.0,0.0,0.0,0.0,0.0,0.0,0.0,0.0,0.0,0.0,0.0,0.0,0.0,0.0,0.0,0.0,0.0,0.0,0.0,0.0,0.0,0.0,0.0,0.0,0.0,0.0,0.0,0.0,0.0,0.0,0.0,0.0,0.0,0.0,0.0
5071,0.0,0.0,0.0,0.0,0.0,0.0,0.0,0.0,0.0,0.0,0.0,0.0,0.0,0.0,0.0,0.0,0.0,0.0,0.0,0.0,0.0,0.0,0.0,0.0,0.0,0.0,0.0,0.0,0.0,0.0,0.0,0.0,0.0,0.0,0.0,0.0,0.0,0.0,0.0,0.0,0.0,0.0,0.0,0.0,0.0,0.0,0.0,0.0,0.0,0.0,0.0,0.0,0.0,0.0,0.0,0.0,0.0,0.0,0.0,0.0,0.0,0.0,0.0,0.0
5072,0.0,0.0,0.0,0.0,0.0,0.0,0.0,0.0,0.0,0.0,0.0,0.0,0.0,0.0,0.0,0.0,0.0,0.0,0.0,0.0,0.0,0.0,0.0,0.0,0.0,0.0,0.0,0.0,0.0,0.0,0.0,0.0,0.0,0.0,0.0,0.0,0.0,0.0,0.0,0.0,0.0,0.0,0.0,0.0,0.0,0.0,0.0,0.0,0.0,0.0,0.0,0.0,0.0,0.0,0.0,0.0,0.0,0.0,0.0,0.0,0.0,0.0,0.0,0.0
5073,0.0,0.0,0.0,0.0,0.0,0.0,0.0,0.0,0.0,0.0,0.0,0.0,0.0,0.0,0.0,0.0,0.0,0.0,0.0,0.0,0.0,0.0,0.0,0.0,0.0,0.0,0.0,0.0,0.0,0.0,0.0,0.0,0.0,0.0,0.0,0.0,0.0,0.0,0.0,0.0,0.0,0.0,0.0,0.01,0.0,0.0,0.0,0.0,0.0,0.0,0.0,0.0,0.0,0.0,0.02,0.0,0.0,0.0,0.0,0.0,0.0,0.0,0.0,0.0
5074,0.0,0.05,0.05,0.0,0.0,0.08,0.0,0.0,0.02,0.08,0.05,0.01,0.02,0.02,0.02,0.01,0.1,0.02,0.03,0.01,0.02,0.02,0.02,0.06,0.06,0.05,0.0,0.0,0.06,0.06,0.06,0.0,0.0,0.0,0.0,0.07,0.09,0.1,0.07,0.1,0.1,0.08,0.08,0.1,0.08,0.07,0.08,0.0,0.0,0.08,0.06,0.05,0.01,0.06,0.05,0.06,0.0,0.02,0.06,0.05,0.06,0.06,0.06,0.06
5075,0.0,0.42,0.42,0.0,0.0,0.45,0.0,0.0,0.04,0.15,0.36,0.04,0.05,0.06,0.05,0.03,0.48,0.1,0.26,0.02,0.03,0.06,0.04,0.25,0.48,0.43,0.0,0.0,0.44,0.42,0.43,0.0,0.0,0.0,0.0,0.45,0.47,0.48,0.45,0.48,0.47,0.46,0.46,0.47,0.32,0.46,0.45,0.0,0.0,0.45,0.44,0.44,0.02,0.43,0.46,0.43,0.0,0.43,0.44,0.22,0.44,0.43,0.44,0.44
5076,0.0,0.59,0.63,0.0,0.0,0.61,0.0,0.0,0.1,0.24,0.2,0.03,0.12,0.09,0.11,0.08,0.08,0.2,0.33,0.05,0.65,0.19,0.1,0.55,0.61,0.47,0.0,0.0,0.64,0.5,0.57,0.0,0.0,0.0,0.0,0.63,0.63,0.64,0.64,0.29,0.64,0.11,0.12,0.64,0.63,0.42,0.62,0.0,0.0,0.63,0.64,0.65,0.09,0.64,0.64,0.63,0.0,0.63,0.64,0.65,0.65,0.64,0.65,0.64
5077,0.0,0.65,0.67,0.0,0.0,0.66,0.0,0.0,0.38,0.69,0.67,0.02,0.29,0.09,0.11,0.13,0.13,0.71,0.71,0.16,0.69,0.12,0.22,0.68,0.66,0.7,0.0,0.0,0.68,0.67,0.69,0.0,0.0,0.0,0.0,0.69,0.68,0.67,0.7,0.69,0.7,0.7,0.7,0.68,0.68,0.71,0.66,0.0,0.0,0.67,0.7,0.71,0.67,0.69,0.7,0.68,0.0,0.69,0.68,0.7,0.7,0.7,0.71,0.7
5078,0.0,0.25,0.68,0.0,0.0,0.68,0.0,0.0,0.67,0.71,0.68,0.12,0.71,0.08,0.08,0.12,0.49,0.7,0.72,0.63,0.71,0.06,0.71,0.7,0.7,0.7,0.0,0.0,0.71,0.32,0.71,0.0,0.0,0.0,0.0,0.25,0.7,0.27,0.25,0.69,0.56,0.72,0.71,0.71,0.7,0.72,0.67,0.0,0.0,0.66,0.72,0.72,0.3,0.71,0.72,0.69,0.0,0.71,0.7,0.71,0.73,0.71,0.32,0.72
5079,0.0,0.7,0.39,0.0,0.0,0.7,0.0,0.0,0.68,0.72,0.7,0.68,0.71,0.09,0.1,0.7,0.64,0.6,0.19,0.66,0.72,0.09,0.71,0.72,0.71,0.58,0.0,0.0,0.72,0.71,0.72,0.0,0.0,0.0,0.0,0.72,0.72,0.21,0.21,0.61,0.47,0.2,0.26,0.72,0.72,0.17,0.7,0.0,0.0,0.7,0.72,0.73,0.72,0.71,0.72,0.7,0.0,0.71,0.32,0.72,0.73,0.72,0.73,0.35
5080,0.0,0.69,0.7,0.0,0.0,0.71,0.0,0.0,0.37,0.72,0.45,0.46,0.71,0.7,0.7,0.65,0.7,0.71,0.43,0.68,0.72,0.5,0.71,0.71,0.72,0.72,0.0,0.0,0.71,0.7,0.71,0.0,0.0,0.0,0.0,0.72,0.72,0.46,0.73,0.64,0.73,0.73,0.21,0.72,0.72,0.22,0.71,0.0,0.0,0.71,0.72,0.72,0.52,0.52,0.47,0.7,0.0,0.7,0.72,0.72,0.73,0.72,0.61,0.72
5081,0.0,0.69,0.69,0.0,0.0,0.71,0.0,0.0,0.61,0.72,0.54,0.6,0.34,0.65,0.67,0.62,0.7,0.72,0.71,0.13,0.7,0.68,0.67,0.7,0.72,0.71,0.0,0.0,0.71,0.7,0.7,0.0,0.0,0.0,0.0,0.7,0.71,0.58,0.72,0.52,0.71,0.72,0.19,0.71,0.71,0.31,0.71,0.0,0.0,0.71,0.72,0.32,0.72,0.31,0.72,0.7,0.0,0.24,0.71,0.26,0.72,0.72,0.21,0.71
5082,0.0,0.68,0.68,0.0,0.0,0.71,0.0,0.0,0.69,0.71,0.63,0.68,0.15,0.34,0.19,0.32,0.68,0.67,0.51,0.3,0.29,0.46,0.63,0.38,0.72,0.69,0.0,0.0,0.68,0.68,0.68,0.0,0.0,0.0,0.0,0.7,0.7,0.68,0.7,0.67,0.65,0.7,0.69,0.7,0.32,0.71,0.7,0.0,0.0,0.7,0.71,0.72,0.71,0.19,0.17,0.7,0.0,0.22,0.7,0.4,0.71,0.71,0.16,0.7
5083,0.0,0.65,0.65,0.0,0.0,0.68,0.0,0.0,0.66,0.68,0.55,0.64,0.19,0.31,0.45,0.66,0.37,0.36,0.12,0.66,0.39,0.49,0.62,0.42,0.68,0.66,0.0,0.0,0.27,0.65,0.65,0.0,0.0,0.0,0.0,0.67,0.67,0.67,0.67,0.66,0.67,0.14,0.66,0.67,0.38,0.67,0.67,0.0,0.0,0.68,0.7,0.7,0.68,0.69,0.16,0.67,0.0,0.68,0.67,0.67,0.68,0.69,0.66,0.68
5084,0.0,0.62,0.62,0.0,0.0,0.65,0.0,0.0,0.64,0.65,0.63,0.65,0.62,0.25,0.63,0.64,0.63,0.09,0.15,0.63,0.06,0.26,0.63,0.64,0.65,0.64,0.0,0.0,0.64,0.62,0.62,0.0,0.0,0.0,0.0,0.64,0.1,0.64,0.64,0.64,0.64,0.64,0.64,0.63,0.17,0.64,0.65,0.0,0.0,0.65,0.67,0.67,0.13,0.66,0.66,0.65,0.0,0.66,0.66,0.64,0.67,0.67,0.66,0.66
5085,0.0,0.42,0.42,0.0,0.0,0.4,0.0,0.0,0.27,0.34,0.37,0.36,0.3,0.1,0.33,0.34,0.03,0.1,0.05,0.25,0.34,0.1,0.3,0.38,0.37,0.44,0.0,0.0,0.07,0.42,0.07,0.0,0.0,0.0,0.0,0.4,0.38,0.38,0.4,0.37,0.39,0.4,0.39,0.21,0.03,0.4,0.4,0.0,0.0,0.39,0.43,0.44,0.41,0.43,0.39,0.15,0.0,0.42,0.43,0.14,0.43,0.43,0.43,0.43
5086,0.0,0.05,0.05,0.0,0.0,0.05,0.0,0.0,0.06,0.04,0.05,0.01,0.05,0.05,0.05,0.05,0.04,0.03,0.04,0.06,0.04,0.05,0.05,0.05,0.04,0.05,0.0,0.0,0.05,0.05,0.05,0.0,0.0,0.0,0.0,0.04,0.02,0.05,0.04,0.05,0.04,0.04,0.04,0.05,0.05,0.04,0.05,0.0,0.0,0.05,0.05,0.05,0.05,0.05,0.02,0.01,0.0,0.05,0.05,0.05,0.05,0.05,0.05,0.05
5087,0.0,0.0,0.0,0.0,0.0,0.0,0.0,0.0,0.0,0.0,0.0,0.0,0.0,0.0,0.0,0.0,0.0,0.0,0.0,0.0,0.0,0.0,0.0,0.0,0.0,0.0,0.0,0.0,0.0,0.0,0.0,0.0,0.0,0.0,0.0,0.0,0.0,0.0,0.0,0.0,0.0,0.0,0.0,0.0,0.0,0.0,0.0,0.0,0.0,0.0,0.0,0.0,0.0,0.0,0.0,0.0,0.0,0.0,0.0,0.0,0.0,0.0,0.0,0.0
5088,0.0,0.0,0.0,0.0,0.0,0.0,0.0,0.0,0.0,0.0,0.0,0.0,0.0,0.0,0.0,0.0,0.0,0.0,0.0,0.0,0.0,0.0,0.0,0.0,0.0,0.0,0.0,0.0,0.0,0.0,0.0,0.0,0.0,0.0,0.0,0.0,0.0,0.0,0.0,0.0,0.0,0.0,0.0,0.0,0.0,0.0,0.0,0.0,0.0,0.0,0.0,0.0,0.0,0.0,0.0,0.0,0.0,0.0,0.0,0.0,0.0,0.0,0.0,0.0
5089,0.0,0.0,0.0,0.0,0.0,0.0,0.0,0.0,0.0,0.0,0.0,0.0,0.0,0.0,0.0,0.0,0.0,0.0,0.0,0.0,0.0,0.0,0.0,0.0,0.0,0.0,0.0,0.0,0.0,0.0,0.0,0.0,0.0,0.0,0.0,0.0,0.0,0.0,0.0,0.0,0.0,0.0,0.0,0.0,0.0,0.0,0.0,0.0,0.0,0.0,0.0,0.0,0.0,0.0,0.0,0.0,0.0,0.0,0.0,0.0,0.0,0.0,0.0,0.0
5090,0.0,0.0,0.0,0.0,0.0,0.0,0.0,0.0,0.0,0.0,0.0,0.0,0.0,0.0,0.0,0.0,0.0,0.0,0.0,0.0,0.0,0.0,0.0,0.0,0.0,0.0,0.0,0.0,0.0,0.0,0.0,0.0,0.0,0.0,0.0,0.0,0.0,0.0,0.0,0.0,0.0,0.0,0.0,0.0,0.0,0.0,0.0,0.0,0.0,0.0,0.0,0.0,0.0,0.0,0.0,0.0,0.0,0.0,0.0,0.0,0.0,0.0,0.0,0.0
5091,0.0,0.0,0.0,0.0,0.0,0.0,0.0,0.0,0.0,0.0,0.0,0.0,0.0,0.0,0.0,0.0,0.0,0.0,0.0,0.0,0.0,0.0,0.0,0.0,0.0,0.0,0.0,0.0,0.0,0.0,0.0,0.0,0.0,0.0,0.0,0.0,0.0,0.0,0.0,0.0,0.0,0.0,0.0,0.0,0.0,0.0,0.0,0.0,0.0,0.0,0.0,0.0,0.0,0.0,0.0,0.0,0.0,0.0,0.0,0.0,0.0,0.0,0.0,0.0
5092,0.0,0.0,0.0,0.0,0.0,0.0,0.0,0.0,0.0,0.0,0.0,0.0,0.0,0.0,0.0,0.0,0.0,0.0,0.0,0.0,0.0,0.0,0.0,0.0,0.0,0.0,0.0,0.0,0.0,0.0,0.0,0.0,0.0,0.0,0.0,0.0,0.0,0.0,0.0,0.0,0.0,0.0,0.0,0.0,0.0,0.0,0.0,0.0,0.0,0.0,0.0,0.0,0.0,0.0,0.0,0.0,0.0,0.0,0.0,0.0,0.0,0.0,0.0,0.0
5093,0.0,0.0,0.0,0.0,0.0,0.0,0.0,0.0,0.0,0.0,0.0,0.0,0.0,0.0,0.0,0.0,0.0,0.0,0.0,0.0,0.0,0.0,0.0,0.0,0.0,0.0,0.0,0.0,0.0,0.0,0.0,0.0,0.0,0.0,0.0,0.0,0.0,0.0,0.0,0.0,0.0,0.0,0.0,0.0,0.0,0.0,0.0,0.0,0.0,0.0,0.0,0.0,0.0,0.0,0.0,0.0,0.0,0.0,0.0,0.0,0.0,0.0,0.0,0.0
5094,0.0,0.0,0.0,0.0,0.0,0.0,0.0,0.0,0.0,0.0,0.0,0.0,0.0,0.0,0.0,0.0,0.0,0.0,0.0,0.0,0.0,0.0,0.0,0.0,0.0,0.0,0.0,0.0,0.0,0.0,0.0,0.0,0.0,0.0,0.0,0.0,0.0,0.0,0.0,0.0,0.0,0.0,0.0,0.0,0.0,0.0,0.0,0.0,0.0,0.0,0.0,0.0,0.0,0.0,0.0,0.0,0.0,0.0,0.0,0.0,0.0,0.0,0.0,0.0
5095,0.0,0.0,0.0,0.0,0.0,0.0,0.0,0.0,0.0,0.0,0.0,0.0,0.0,0.0,0.0,0.0,0.0,0.0,0.0,0.0,0.0,0.0,0.0,0.0,0.0,0.0,0.0,0.0,0.0,0.0,0.0,0.0,0.0,0.0,0.0,0.0,0.0,0.0,0.0,0.0,0.0,0.0,0.0,0.0,0.0,0.0,0.0,0.0,0.0,0.0,0.0,0.0,0.0,0.0,0.0,0.0,0.0,0.0,0.0,0.0,0.0,0.0,0.0,0.0
5096,0.0,0.0,0.0,0.0,0.0,0.0,0.0,0.0,0.0,0.0,0.0,0.0,0.0,0.0,0.0,0.0,0.0,0.0,0.0,0.0,0.0,0.0,0.0,0.0,0.0,0.0,0.0,0.0,0.0,0.0,0.0,0.0,0.0,0.0,0.0,0.0,0.0,0.0,0.0,0.0,0.0,0.0,0.0,0.0,0.0,0.0,0.0,0.0,0.0,0.0,0.0,0.0,0.0,0.0,0.0,0.0,0.0,0.0,0.0,0.0,0.0,0.0,0.0,0.0
5097,0.0,0.01,0.0,0.0,0.0,0.01,0.0,0.0,0.02,0.02,0.02,0.02,0.03,0.03,0.04,0.04,0.02,0.02,0.02,0.02,0.02,0.03,0.03,0.02,0.02,0.01,0.0,0.0,0.01,0.01,0.01,0.0,0.0,0.0,0.0,0.02,0.02,0.02,0.02,0.02,0.02,0.03,0.03,0.02,0.02,0.03,0.02,0.0,0.0,0.02,0.02,0.01,0.02,0.02,0.02,0.02,0.0,0.03,0.02,0.02,0.02,0.02,0.01,0.02
5098,0.0,0.07,0.07,0.0,0.0,0.06,0.0,0.0,0.12,0.14,0.12,0.12,0.17,0.14,0.14,0.14,0.11,0.16,0.15,0.13,0.14,0.15,0.17,0.11,0.12,0.07,0.0,0.0,0.08,0.07,0.07,0.0,0.0,0.0,0.0,0.09,0.1,0.11,0.09,0.11,0.1,0.09,0.09,0.1,0.11,0.09,0.09,0.0,0.0,0.1,0.07,0.07,0.08,0.07,0.09,0.07,0.0,0.08,0.08,0.08,0.07,0.07,0.07,0.08
5099,0.0,0.41,0.41,0.0,0.0,0.36,0.0,0.0,0.47,0.5,0.46,0.48,0.54,0.5,0.5,0.5,0.46,0.51,0.52,0.49,0.51,0.51,0.55,0.46,0.48,0.42,0.0,0.0,0.42,0.42,0.42,0.0,0.0,0.0,0.0,0.43,0.45,0.46,0.43,0.47,0.46,0.44,0.44,0.45,0.46,0.44,0.44,0.0,0.0,0.45,0.42,0.41,0.43,0.42,0.45,0.41,0.0,0.42,0.42,0.43,0.42,0.42,0.42,0.42
5100,0.0,0.62,0.61,0.0,0.0,0.64,0.0,0.0,0.63,0.62,0.62,0.65,0.66,0.65,0.64,0.63,0.64,0.65,0.63,0.63,0.64,0.65,0.65,0.63,0.65,0.62,0.0,0.0,0.62,0.62,0.62,0.0,0.0,0.0,0.0,0.61,0.62,0.63,0.61,0.65,0.64,0.62,0.62,0.63,0.63,0.62,0.64,0.0,0.0,0.64,0.63,0.61,0.63,0.63,0.64,0.61,0.0,0.63,0.6,0.62,0.62,0.63,0.62,0.62
5101,0.0,0.66,0.64,0.0,0.0,0.68,0.0,0.0,0.68,0.68,0.67,0.47,0.69,0.69,0.68,0.68,0.69,0.7,0.7,0.68,0.68,0.69,0.69,0.67,0.7,0.65,0.0,0.0,0.66,0.66,0.65,0.0,0.0,0.0,0.0,0.66,0.66,0.68,0.65,0.7,0.68,0.65,0.66,0.67,0.67,0.65,0.68,0.0,0.0,0.68,0.68,0.65,0.67,0.67,0.68,0.65,0.0,0.67,0.66,0.66,0.67,0.67,0.67,0.29
5102,0.0,0.68,0.66,0.0,0.0,0.7,0.0,0.0,0.69,0.7,0.69,0.72,0.71,0.7,0.7,0.7,0.7,0.71,0.72,0.7,0.71,0.7,0.7,0.7,0.72,0.68,0.0,0.0,0.68,0.69,0.69,0.0,0.0,0.0,0.0,0.67,0.69,0.71,0.67,0.71,0.71,0.67,0.68,0.69,0.7,0.67,0.7,0.0,0.0,0.7,0.7,0.68,0.69,0.69,0.7,0.68,0.0,0.29,0.68,0.68,0.69,0.69,0.69,0.68
5103,0.0,0.7,0.68,0.0,0.0,0.71,0.0,0.0,0.7,0.71,0.7,0.32,0.71,0.71,0.72,0.72,0.26,0.71,0.72,0.71,0.72,0.71,0.7,0.71,0.74,0.7,0.0,0.0,0.7,0.7,0.7,0.0,0.0,0.0,0.0,0.66,0.7,0.72,0.59,0.72,0.72,0.69,0.69,0.7,0.7,0.68,0.7,0.0,0.0,0.7,0.19,0.33,0.69,0.7,0.7,0.69,0.0,0.25,0.2,0.69,0.7,0.26,0.7,0.3
5104,0.0,0.7,0.47,0.0,0.0,0.72,0.0,0.0,0.71,0.71,0.7,0.25,0.7,0.7,0.73,0.73,0.71,0.71,0.71,0.72,0.71,0.71,0.7,0.71,0.74,0.71,0.0,0.0,0.7,0.7,0.71,0.0,0.0,0.0,0.0,0.66,0.7,0.72,0.46,0.72,0.72,0.7,0.69,0.7,0.7,0.43,0.7,0.0,0.0,0.71,0.13,0.69,0.69,0.24,0.69,0.68,0.0,0.68,0.16,0.28,0.2,0.15,0.7,0.17
5105,0.0,0.7,0.7,0.0,0.0,0.74,0.0,0.0,0.72,0.71,0.71,0.72,0.71,0.72,0.74,0.74,0.71,0.72,0.72,0.73,0.71,0.72,0.71,0.73,0.75,0.71,0.0,0.0,0.71,0.7,0.7,0.0,0.0,0.0,0.0,0.68,0.7,0.72,0.34,0.72,0.72,0.7,0.7,0.72,0.71,0.52,0.73,0.0,0.0,0.74,0.12,0.69,0.26,0.15,0.2,0.68,0.0,0.67,0.2,0.7,0.25,0.13,0.71,0.21
5106,0.0,0.68,0.68,0.0,0.0,0.72,0.0,0.0,0.72,0.7,0.71,0.71,0.71,0.72,0.73,0.73,0.7,0.7,0.7,0.73,0.69,0.72,0.69,0.73,0.74,0.69,0.0,0.0,0.69,0.68,0.69,0.0,0.0,0.0,0.0,0.67,0.7,0.7,0.69,0.71,0.7,0.7,0.69,0.73,0.73,0.7,0.72,0.0,0.0,0.72,0.21,0.68,0.23,0.18,0.18,0.65,0.0,0.68,0.69,0.68,0.68,0.14,0.7,0.68
5107,0.0,0.67,0.18,0.0,0.0,0.71,0.0,0.0,0.71,0.68,0.71,0.7,0.69,0.71,0.7,0.71,0.69,0.68,0.69,0.71,0.68,0.71,0.67,0.71,0.72,0.12,0.0,0.0,0.67,0.67,0.67,0.0,0.0,0.0,0.0,0.15,0.71,0.69,0.68,0.69,0.69,0.69,0.68,0.71,0.71,0.68,0.71,0.0,0.0,0.71,0.67,0.22,0.66,0.55,0.68,0.65,0.0,0.67,0.64,0.66,0.67,0.69,0.68,0.65
5108,0.0,0.63,0.17,0.0,0.0,0.65,0.0,0.0,0.64,0.62,0.64,0.63,0.62,0.64,0.64,0.64,0.64,0.61,0.62,0.64,0.19,0.64,0.61,0.64,0.65,0.05,0.0,0.0,0.18,0.09,0.09,0.0,0.0,0.0,0.0,0.63,0.65,0.65,0.64,0.65,0.64,0.63,0.63,0.64,0.65,0.63,0.65,0.0,0.0,0.64,0.61,0.13,0.61,0.61,0.62,0.61,0.0,0.61,0.07,0.6,0.61,0.62,0.11,0.07
5109,0.0,0.4,0.4,0.0,0.0,0.38,0.0,0.0,0.34,0.32,0.35,0.34,0.28,0.32,0.32,0.33,0.36,0.3,0.31,0.33,0.05,0.31,0.28,0.36,0.35,0.01,0.0,0.0,0.02,0.13,0.02,0.0,0.0,0.0,0.0,0.38,0.37,0.36,0.38,0.37,0.38,0.38,0.38,0.36,0.36,0.38,0.38,0.0,0.0,0.37,0.4,0.01,0.37,0.38,0.36,0.39,0.0,0.38,0.04,0.37,0.11,0.39,0.07,0.06
5110,0.0,0.06,0.06,0.0,0.0,0.06,0.0,0.0,0.06,0.05,0.06,0.06,0.05,0.06,0.06,0.04,0.06,0.05,0.06,0.06,0.01,0.06,0.05,0.06,0.06,0.0,0.0,0.0,0.01,0.06,0.0,0.0,0.0,0.0,0.0,0.06,0.06,0.06,0.06,0.06,0.06,0.06,0.06,0.06,0.06,0.06,0.06,0.0,0.0,0.06,0.02,0.0,0.01,0.06,0.06,0.06,0.0,0.06,0.01,0.06,0.01,0.02,0.02,0.01
5111,0.0,0.0,0.0,0.0,0.0,0.0,0.0,0.0,0.0,0.0,0.0,0.0,0.0,0.0,0.0,0.0,0.0,0.0,0.0,0.0,0.0,0.0,0.0,0.0,0.0,0.0,0.0,0.0,0.0,0.0,0.0,0.0,0.0,0.0,0.0,0.0,0.0,0.0,0.0,0.0,0.0,0.0,0.0,0.0,0.0,0.0,0.0,0.0,0.0,0.0,0.0,0.0,0.0,0.0,0.0,0.0,0.0,0.0,0.0,0.0,0.0,0.0,0.0,0.0
5112,0.0,0.0,0.0,0.0,0.0,0.0,0.0,0.0,0.0,0.0,0.0,0.0,0.0,0.0,0.0,0.0,0.0,0.0,0.0,0.0,0.0,0.0,0.0,0.0,0.0,0.0,0.0,0.0,0.0,0.0,0.0,0.0,0.0,0.0,0.0,0.0,0.0,0.0,0.0,0.0,0.0,0.0,0.0,0.0,0.0,0.0,0.0,0.0,0.0,0.0,0.0,0.0,0.0,0.0,0.0,0.0,0.0,0.0,0.0,0.0,0.0,0.0,0.0,0.0
5113,0.0,0.0,0.0,0.0,0.0,0.0,0.0,0.0,0.0,0.0,0.0,0.0,0.0,0.0,0.0,0.0,0.0,0.0,0.0,0.0,0.0,0.0,0.0,0.0,0.0,0.0,0.0,0.0,0.0,0.0,0.0,0.0,0.0,0.0,0.0,0.0,0.0,0.0,0.0,0.0,0.0,0.0,0.0,0.0,0.0,0.0,0.0,0.0,0.0,0.0,0.0,0.0,0.0,0.0,0.0,0.0,0.0,0.0,0.0,0.0,0.0,0.0,0.0,0.0
5114,0.0,0.0,0.0,0.0,0.0,0.0,0.0,0.0,0.0,0.0,0.0,0.0,0.0,0.0,0.0,0.0,0.0,0.0,0.0,0.0,0.0,0.0,0.0,0.0,0.0,0.0,0.0,0.0,0.0,0.0,0.0,0.0,0.0,0.0,0.0,0.0,0.0,0.0,0.0,0.0,0.0,0.0,0.0,0.0,0.0,0.0,0.0,0.0,0.0,0.0,0.0,0.0,0.0,0.0,0.0,0.0,0.0,0.0,0.0,0.0,0.0,0.0,0.0,0.0
5115,0.0,0.0,0.0,0.0,0.0,0.0,0.0,0.0,0.0,0.0,0.0,0.0,0.0,0.0,0.0,0.0,0.0,0.0,0.0,0.0,0.0,0.0,0.0,0.0,0.0,0.0,0.0,0.0,0.0,0.0,0.0,0.0,0.0,0.0,0.0,0.0,0.0,0.0,0.0,0.0,0.0,0.0,0.0,0.0,0.0,0.0,0.0,0.0,0.0,0.0,0.0,0.0,0.0,0.0,0.0,0.0,0.0,0.0,0.0,0.0,0.0,0.0,0.0,0.0
5116,0.0,0.0,0.0,0.0,0.0,0.0,0.0,0.0,0.0,0.0,0.0,0.0,0.0,0.0,0.0,0.0,0.0,0.0,0.0,0.0,0.0,0.0,0.0,0.0,0.0,0.0,0.0,0.0,0.0,0.0,0.0,0.0,0.0,0.0,0.0,0.0,0.0,0.0,0.0,0.0,0.0,0.0,0.0,0.0,0.0,0.0,0.0,0.0,0.0,0.0,0.0,0.0,0.0,0.0,0.0,0.0,0.0,0.0,0.0,0.0,0.0,0.0,0.0,0.0
5117,0.0,0.0,0.0,0.0,0.0,0.0,0.0,0.0,0.0,0.0,0.0,0.0,0.0,0.0,0.0,0.0,0.0,0.0,0.0,0.0,0.0,0.0,0.0,0.0,0.0,0.0,0.0,0.0,0.0,0.0,0.0,0.0,0.0,0.0,0.0,0.0,0.0,0.0,0.0,0.0,0.0,0.0,0.0,0.0,0.0,0.0,0.0,0.0,0.0,0.0,0.0,0.0,0.0,0.0,0.0,0.0,0.0,0.0,0.0,0.0,0.0,0.0,0.0,0.0
5118,0.0,0.0,0.0,0.0,0.0,0.0,0.0,0.0,0.0,0.0,0.0,0.0,0.0,0.0,0.0,0.0,0.0,0.0,0.0,0.0,0.0,0.0,0.0,0.0,0.0,0.0,0.0,0.0,0.0,0.0,0.0,0.0,0.0,0.0,0.0,0.0,0.0,0.0,0.0,0.0,0.0,0.0,0.0,0.0,0.0,0.0,0.0,0.0,0.0,0.0,0.0,0.0,0.0,0.0,0.0,0.0,0.0,0.0,0.0,0.0,0.0,0.0,0.0,0.0
5119,0.0,0.0,0.0,0.0,0.0,0.0,0.0,0.0,0.0,0.0,0.0,0.0,0.0,0.0,0.0,0.0,0.0,0.0,0.0,0.0,0.0,0.0,0.0,0.0,0.0,0.0,0.0,0.0,0.0,0.0,0.0,0.0,0.0,0.0,0.0,0.0,0.0,0.0,0.0,0.0,0.0,0.0,0.0,0.0,0.0,0.0,0.0,0.0,0.0,0.0,0.0,0.0,0.0,0.0,0.0,0.0,0.0,0.0,0.0,0.0,0.0,0.0,0.0,0.0
5120,0.0,0.0,0.0,0.0,0.0,0.0,0.0,0.0,0.0,0.0,0.0,0.0,0.0,0.0,0.0,0.0,0.0,0.0,0.0,0.0,0.0,0.0,0.0,0.0,0.0,0.0,0.0,0.0,0.0,0.0,0.0,0.0,0.0,0.0,0.0,0.0,0.0,0.0,0.0,0.0,0.0,0.0,0.0,0.0,0.0,0.0,0.0,0.0,0.0,0.0,0.0,0.0,0.0,0.0,0.0,0.0,0.0,0.0,0.0,0.0,0.0,0.0,0.0,0.0
5121,0.0,0.0,0.0,0.0,0.0,0.0,0.0,0.0,0.0,0.0,0.0,0.01,0.01,0.01,0.0,0.0,0.0,0.02,0.02,0.0,0.03,0.01,0.01,0.01,0.01,0.0,0.0,0.0,0.01,0.0,0.01,0.0,0.0,0.0,0.0,0.01,0.0,0.02,0.02,0.02,0.02,0.0,0.01,0.0,0.01,0.0,0.0,0.0,0.0,0.0,0.01,0.01,0.02,0.02,0.0,0.02,0.0,0.02,0.02,0.02,0.01,0.02,0.01,0.01
5122,0.0,0.08,0.07,0.0,0.0,0.09,0.0,0.0,0.03,0.01,0.03,0.03,0.04,0.04,0.02,0.02,0.02,0.07,0.16,0.02,0.04,0.03,0.04,0.05,0.06,0.08,0.0,0.0,0.08,0.08,0.08,0.0,0.0,0.0,0.0,0.09,0.05,0.11,0.09,0.11,0.08,0.09,0.01,0.05,0.02,0.09,0.06,0.0,0.0,0.07,0.08,0.07,0.09,0.08,0.05,0.07,0.0,0.08,0.08,0.08,0.08,0.08,0.08,0.08
5123,0.0,0.39,0.38,0.0,0.0,0.44,0.0,0.0,0.09,0.01,0.08,0.09,0.18,0.09,0.07,0.07,0.06,0.34,0.55,0.08,0.22,0.07,0.18,0.24,0.48,0.35,0.0,0.0,0.4,0.38,0.38,0.0,0.0,0.0,0.0,0.43,0.24,0.47,0.43,0.47,0.28,0.44,0.38,0.24,0.26,0.43,0.44,0.0,0.0,0.44,0.38,0.35,0.44,0.36,0.45,0.33,0.0,0.42,0.39,0.43,0.39,0.38,0.39,0.39
5124,0.0,0.62,0.6,0.0,0.0,0.62,0.0,0.0,0.21,0.65,0.23,0.21,0.66,0.26,0.21,0.31,0.12,0.35,0.68,0.06,0.56,0.19,0.66,0.45,0.65,0.58,0.0,0.0,0.63,0.62,0.61,0.0,0.0,0.0,0.0,0.63,0.63,0.65,0.64,0.65,0.65,0.62,0.62,0.63,0.64,0.64,0.62,0.0,0.0,0.62,0.65,0.62,0.62,0.64,0.65,0.6,0.0,0.63,0.62,0.61,0.64,0.65,0.64,0.63
5125,0.0,0.68,0.67,0.0,0.0,0.68,0.0,0.0,0.48,0.68,0.64,0.4,0.7,0.62,0.7,0.21,0.44,0.72,0.73,0.69,0.71,0.45,0.69,0.23,0.69,0.6,0.0,0.0,0.62,0.67,0.58,0.0,0.0,0.0,0.0,0.69,0.68,0.68,0.7,0.7,0.69,0.69,0.68,0.66,0.55,0.7,0.68,0.0,0.0,0.68,0.7,0.66,0.71,0.7,0.69,0.68,0.0,0.7,0.69,0.7,0.69,0.7,0.65,0.7
5126,0.0,0.64,0.64,0.0,0.0,0.7,0.0,0.0,0.7,0.71,0.7,0.3,0.71,0.04,0.71,0.64,0.72,0.74,0.75,0.71,0.73,0.49,0.72,0.7,0.72,0.13,0.0,0.0,0.15,0.66,0.62,0.0,0.0,0.0,0.0,0.7,0.71,0.72,0.71,0.73,0.72,0.72,0.71,0.7,0.71,0.72,0.7,0.0,0.0,0.7,0.45,0.17,0.72,0.71,0.73,0.61,0.0,0.72,0.67,0.71,0.68,0.69,0.23,0.66
5127,0.0,0.64,0.64,0.0,0.0,0.73,0.0,0.0,0.71,0.72,0.71,0.75,0.73,0.72,0.72,0.73,0.73,0.74,0.75,0.72,0.73,0.12,0.73,0.71,0.73,0.72,0.0,0.0,0.08,0.63,0.49,0.0,0.0,0.0,0.0,0.69,0.72,0.73,0.71,0.74,0.73,0.7,0.7,0.71,0.72,0.7,0.72,0.0,0.0,0.72,0.15,0.05,0.73,0.08,0.74,0.62,0.0,0.61,0.11,0.72,0.13,0.08,0.08,0.13
5128,0.0,0.72,0.7,0.0,0.0,0.73,0.0,0.0,0.72,0.34,0.72,0.75,0.73,0.72,0.73,0.74,0.73,0.75,0.76,0.73,0.74,0.73,0.73,0.72,0.74,0.39,0.0,0.0,0.55,0.57,0.41,0.0,0.0,0.0,0.0,0.72,0.72,0.74,0.35,0.74,0.72,0.14,0.61,0.7,0.72,0.45,0.73,0.0,0.0,0.73,0.14,0.66,0.51,0.56,0.53,0.68,0.0,0.67,0.17,0.38,0.2,0.29,0.42,0.11
5129,0.0,0.25,0.5,0.0,0.0,0.73,0.0,0.0,0.73,0.33,0.72,0.74,0.73,0.72,0.73,0.73,0.73,0.74,0.75,0.73,0.71,0.72,0.72,0.71,0.74,0.44,0.0,0.0,0.7,0.23,0.31,0.0,0.0,0.0,0.0,0.43,0.7,0.6,0.64,0.64,0.52,0.56,0.6,0.63,0.71,0.64,0.72,0.0,0.0,0.73,0.74,0.71,0.73,0.73,0.67,0.03,0.0,0.06,0.73,0.69,0.2,0.74,0.66,0.73
5130,0.0,0.7,0.71,0.0,0.0,0.72,0.0,0.0,0.72,0.21,0.61,0.73,0.72,0.72,0.72,0.72,0.42,0.72,0.73,0.72,0.46,0.71,0.71,0.7,0.72,0.72,0.0,0.0,0.71,0.68,0.69,0.0,0.0,0.0,0.0,0.28,0.7,0.69,0.72,0.64,0.72,0.72,0.71,0.66,0.67,0.71,0.72,0.0,0.0,0.72,0.73,0.72,0.47,0.7,0.28,0.69,0.0,0.71,0.72,0.04,0.33,0.72,0.73,0.72
5131,0.0,0.36,0.23,0.0,0.0,0.7,0.0,0.0,0.69,0.32,0.68,0.59,0.69,0.7,0.7,0.7,0.68,0.7,0.7,0.69,0.32,0.7,0.68,0.68,0.7,0.62,0.0,0.0,0.69,0.5,0.49,0.0,0.0,0.0,0.0,0.67,0.61,0.7,0.7,0.7,0.64,0.69,0.69,0.67,0.68,0.7,0.7,0.0,0.0,0.7,0.7,0.7,0.69,0.2,0.06,0.27,0.0,0.16,0.69,0.14,0.71,0.44,0.7,0.71
5132,0.0,0.32,0.29,0.0,0.0,0.63,0.0,0.0,0.62,0.12,0.55,0.6,0.61,0.62,0.62,0.61,0.55,0.61,0.47,0.61,0.28,0.62,0.6,0.49,0.63,0.51,0.0,0.0,0.63,0.2,0.31,0.0,0.0,0.0,0.0,0.63,0.61,0.48,0.64,0.59,0.4,0.64,0.62,0.18,0.14,0.64,0.62,0.0,0.0,0.63,0.18,0.64,0.09,0.08,0.16,0.11,0.0,0.07,0.47,0.1,0.62,0.11,0.64,0.63
5133,0.0,0.17,0.17,0.0,0.0,0.36,0.0,0.0,0.3,0.03,0.06,0.02,0.28,0.31,0.31,0.31,0.28,0.14,0.12,0.32,0.31,0.31,0.28,0.34,0.33,0.25,0.0,0.0,0.39,0.14,0.18,0.0,0.0,0.0,0.0,0.34,0.36,0.15,0.38,0.19,0.16,0.37,0.37,0.35,0.35,0.38,0.37,0.0,0.0,0.37,0.04,0.35,0.06,0.04,0.06,0.2,0.0,0.05,0.04,0.04,0.06,0.04,0.3,0.05
5134,0.0,0.07,0.07,0.0,0.0,0.05,0.0,0.0,0.04,0.04,0.07,0.04,0.04,0.04,0.04,0.04,0.04,0.04,0.04,0.04,0.01,0.04,0.04,0.04,0.04,0.05,0.0,0.0,0.06,0.07,0.05,0.0,0.0,0.0,0.0,0.04,0.04,0.04,0.04,0.06,0.07,0.05,0.05,0.06,0.04,0.06,0.04,0.0,0.0,0.04,0.02,0.02,0.01,0.03,0.04,0.03,0.0,0.02,0.02,0.02,0.02,0.02,0.07,0.02
5135,0.0,0.0,0.0,0.0,0.0,0.0,0.0,0.0,0.0,0.0,0.0,0.0,0.0,0.0,0.0,0.0,0.0,0.0,0.0,0.0,0.0,0.0,0.0,0.0,0.0,0.0,0.0,0.0,0.0,0.0,0.0,0.0,0.0,0.0,0.0,0.0,0.0,0.0,0.0,0.0,0.0,0.0,0.0,0.0,0.0,0.0,0.0,0.0,0.0,0.0,0.0,0.0,0.0,0.0,0.0,0.0,0.0,0.0,0.0,0.0,0.0,0.0,0.0,0.0
5136,0.0,0.0,0.0,0.0,0.0,0.0,0.0,0.0,0.0,0.0,0.0,0.0,0.0,0.0,0.0,0.0,0.0,0.0,0.0,0.0,0.0,0.0,0.0,0.0,0.0,0.0,0.0,0.0,0.0,0.0,0.0,0.0,0.0,0.0,0.0,0.0,0.0,0.0,0.0,0.0,0.0,0.0,0.0,0.0,0.0,0.0,0.0,0.0,0.0,0.0,0.0,0.0,0.0,0.0,0.0,0.0,0.0,0.0,0.0,0.0,0.0,0.0,0.0,0.0
5137,0.0,0.0,0.0,0.0,0.0,0.0,0.0,0.0,0.0,0.0,0.0,0.0,0.0,0.0,0.0,0.0,0.0,0.0,0.0,0.0,0.0,0.0,0.0,0.0,0.0,0.0,0.0,0.0,0.0,0.0,0.0,0.0,0.0,0.0,0.0,0.0,0.0,0.0,0.0,0.0,0.0,0.0,0.0,0.0,0.0,0.0,0.0,0.0,0.0,0.0,0.0,0.0,0.0,0.0,0.0,0.0,0.0,0.0,0.0,0.0,0.0,0.0,0.0,0.0
5138,0.0,0.0,0.0,0.0,0.0,0.0,0.0,0.0,0.0,0.0,0.0,0.0,0.0,0.0,0.0,0.0,0.0,0.0,0.0,0.0,0.0,0.0,0.0,0.0,0.0,0.0,0.0,0.0,0.0,0.0,0.0,0.0,0.0,0.0,0.0,0.0,0.0,0.0,0.0,0.0,0.0,0.0,0.0,0.0,0.0,0.0,0.0,0.0,0.0,0.0,0.0,0.0,0.0,0.0,0.0,0.0,0.0,0.0,0.0,0.0,0.0,0.0,0.0,0.0
5139,0.0,0.0,0.0,0.0,0.0,0.0,0.0,0.0,0.0,0.0,0.0,0.0,0.0,0.0,0.0,0.0,0.0,0.0,0.0,0.0,0.0,0.0,0.0,0.0,0.0,0.0,0.0,0.0,0.0,0.0,0.0,0.0,0.0,0.0,0.0,0.0,0.0,0.0,0.0,0.0,0.0,0.0,0.0,0.0,0.0,0.0,0.0,0.0,0.0,0.0,0.0,0.0,0.0,0.0,0.0,0.0,0.0,0.0,0.0,0.0,0.0,0.0,0.0,0.0
5140,0.0,0.0,0.0,0.0,0.0,0.0,0.0,0.0,0.0,0.0,0.0,0.0,0.0,0.0,0.0,0.0,0.0,0.0,0.0,0.0,0.0,0.0,0.0,0.0,0.0,0.0,0.0,0.0,0.0,0.0,0.0,0.0,0.0,0.0,0.0,0.0,0.0,0.0,0.0,0.0,0.0,0.0,0.0,0.0,0.0,0.0,0.0,0.0,0.0,0.0,0.0,0.0,0.0,0.0,0.0,0.0,0.0,0.0,0.0,0.0,0.0,0.0,0.0,0.0
5141,0.0,0.0,0.0,0.0,0.0,0.0,0.0,0.0,0.0,0.0,0.0,0.0,0.0,0.0,0.0,0.0,0.0,0.0,0.0,0.0,0.0,0.0,0.0,0.0,0.0,0.0,0.0,0.0,0.0,0.0,0.0,0.0,0.0,0.0,0.0,0.0,0.0,0.0,0.0,0.0,0.0,0.0,0.0,0.0,0.0,0.0,0.0,0.0,0.0,0.0,0.0,0.0,0.0,0.0,0.0,0.0,0.0,0.0,0.0,0.0,0.0,0.0,0.0,0.0
5142,0.0,0.0,0.0,0.0,0.0,0.0,0.0,0.0,0.0,0.0,0.0,0.0,0.0,0.0,0.0,0.0,0.0,0.0,0.0,0.0,0.0,0.0,0.0,0.0,0.0,0.0,0.0,0.0,0.0,0.0,0.0,0.0,0.0,0.0,0.0,0.0,0.0,0.0,0.0,0.0,0.0,0.0,0.0,0.0,0.0,0.0,0.0,0.0,0.0,0.0,0.0,0.0,0.0,0.0,0.0,0.0,0.0,0.0,0.0,0.0,0.0,0.0,0.0,0.0
5143,0.0,0.0,0.0,0.0,0.0,0.0,0.0,0.0,0.0,0.0,0.0,0.0,0.0,0.0,0.0,0.0,0.0,0.0,0.0,0.0,0.0,0.0,0.0,0.0,0.0,0.0,0.0,0.0,0.0,0.0,0.0,0.0,0.0,0.0,0.0,0.0,0.0,0.0,0.0,0.0,0.0,0.0,0.0,0.0,0.0,0.0,0.0,0.0,0.0,0.0,0.0,0.0,0.0,0.0,0.0,0.0,0.0,0.0,0.0,0.0,0.0,0.0,0.0,0.0
5144,0.0,0.0,0.0,0.0,0.0,0.0,0.0,0.0,0.0,0.0,0.0,0.0,0.0,0.0,0.0,0.0,0.0,0.0,0.0,0.0,0.0,0.0,0.0,0.0,0.0,0.0,0.0,0.0,0.0,0.0,0.0,0.0,0.0,0.0,0.0,0.0,0.0,0.0,0.0,0.0,0.0,0.0,0.0,0.0,0.0,0.0,0.0,0.0,0.0,0.0,0.0,0.0,0.0,0.0,0.0,0.0,0.0,0.0,0.0,0.0,0.0,0.0,0.0,0.0
5145,0.0,0.0,0.0,0.0,0.0,0.0,0.0,0.0,0.02,0.02,0.03,0.03,0.01,0.0,0.0,0.0,0.03,0.0,0.0,0.0,0.04,0.0,0.0,0.02,0.0,0.0,0.0,0.0,0.0,0.0,0.0,0.0,0.0,0.0,0.0,0.0,0.0,0.02,0.01,0.02,0.02,0.01,0.01,0.02,0.02,0.01,0.0,0.0,0.0,0.0,0.0,0.0,0.0,0.01,0.02,0.01,0.0,0.01,0.01,0.02,0.0,0.01,0.0,0.0
5146,0.0,0.05,0.05,0.0,0.0,0.06,0.0,0.0,0.12,0.11,0.11,0.12,0.01,0.03,0.03,0.03,0.1,0.04,0.04,0.04,0.13,0.03,0.02,0.1,0.02,0.05,0.0,0.0,0.05,0.05,0.05,0.0,0.0,0.0,0.0,0.07,0.09,0.09,0.07,0.09,0.08,0.07,0.07,0.1,0.1,0.07,0.06,0.0,0.0,0.1,0.05,0.04,0.05,0.05,0.08,0.05,0.0,0.08,0.05,0.06,0.05,0.05,0.05,0.05
5147,0.0,0.43,0.43,0.0,0.0,0.18,0.0,0.0,0.51,0.55,0.5,0.54,0.04,0.15,0.1,0.16,0.51,0.27,0.45,0.16,0.54,0.12,0.06,0.5,0.0,0.44,0.0,0.0,0.46,0.43,0.44,0.0,0.0,0.0,0.0,0.46,0.49,0.51,0.47,0.51,0.5,0.48,0.48,0.49,0.5,0.48,0.16,0.0,0.0,0.16,0.48,0.46,0.3,0.46,0.49,0.44,0.0,0.47,0.48,0.47,0.47,0.48,0.47,0.48
5148,0.0,0.64,0.65,0.0,0.0,0.65,0.0,0.0,0.66,0.7,0.67,0.69,0.09,0.68,0.49,0.46,0.67,0.68,0.7,0.68,0.69,0.68,0.1,0.67,0.14,0.67,0.0,0.0,0.67,0.64,0.65,0.0,0.0,0.0,0.0,0.65,0.67,0.68,0.68,0.68,0.69,0.68,0.68,0.66,0.67,0.68,0.65,0.0,0.0,0.66,0.71,0.7,0.69,0.68,0.69,0.66,0.0,0.68,0.7,0.68,0.7,0.71,0.7,0.71
5149,0.0,0.66,0.67,0.0,0.0,0.66,0.0,0.0,0.69,0.71,0.69,0.71,0.28,0.69,0.7,0.69,0.69,0.7,0.71,0.69,0.7,0.69,0.27,0.68,0.65,0.68,0.0,0.0,0.68,0.66,0.67,0.0,0.0,0.0,0.0,0.67,0.68,0.69,0.7,0.69,0.71,0.7,0.7,0.67,0.68,0.7,0.66,0.0,0.0,0.66,0.72,0.71,0.71,0.7,0.7,0.68,0.0,0.7,0.72,0.69,0.72,0.72,0.7,0.72
5150,0.0,0.69,0.7,0.0,0.0,0.7,0.0,0.0,0.72,0.74,0.71,0.73,0.73,0.71,0.71,0.71,0.71,0.72,0.73,0.71,0.73,0.71,0.72,0.7,0.71,0.71,0.0,0.0,0.71,0.69,0.7,0.0,0.0,0.0,0.0,0.69,0.71,0.73,0.72,0.72,0.74,0.72,0.72,0.7,0.71,0.73,0.69,0.0,0.0,0.69,0.75,0.73,0.73,0.73,0.73,0.7,0.0,0.72,0.74,0.72,0.74,0.75,0.72,0.75
5151,0.0,0.7,0.72,0.0,0.0,0.7,0.0,0.0,0.73,0.75,0.73,0.75,0.73,0.73,0.72,0.72,0.74,0.73,0.74,0.72,0.74,0.72,0.72,0.72,0.72,0.72,0.0,0.0,0.72,0.69,0.71,0.0,0.0,0.0,0.0,0.7,0.72,0.75,0.73,0.74,0.75,0.73,0.73,0.71,0.72,0.74,0.7,0.0,0.0,0.7,0.76,0.75,0.75,0.75,0.74,0.73,0.0,0.75,0.76,0.74,0.76,0.76,0.74,0.76
5152,0.0,0.42,0.72,0.0,0.0,0.7,0.0,0.0,0.74,0.75,0.73,0.74,0.73,0.72,0.72,0.72,0.74,0.73,0.74,0.73,0.74,0.72,0.72,0.72,0.73,0.73,0.0,0.0,0.72,0.65,0.72,0.0,0.0,0.0,0.0,0.71,0.73,0.76,0.74,0.75,0.76,0.74,0.73,0.71,0.73,0.74,0.7,0.0,0.0,0.7,0.77,0.76,0.75,0.75,0.75,0.74,0.0,0.75,0.76,0.75,0.76,0.77,0.74,0.76
5153,0.0,0.36,0.68,0.0,0.0,0.53,0.0,0.0,0.73,0.74,0.73,0.74,0.72,0.72,0.73,0.74,0.74,0.6,0.73,0.72,0.74,0.72,0.72,0.72,0.73,0.72,0.0,0.0,0.71,0.62,0.67,0.0,0.0,0.0,0.0,0.71,0.73,0.75,0.73,0.75,0.75,0.73,0.73,0.71,0.73,0.74,0.3,0.0,0.0,0.59,0.76,0.74,0.75,0.74,0.75,0.73,0.0,0.75,0.76,0.75,0.75,0.76,0.7,0.76
5154,0.0,0.48,0.49,0.0,0.0,0.64,0.0,0.0,0.72,0.73,0.71,0.73,0.71,0.71,0.72,0.72,0.73,0.71,0.72,0.71,0.72,0.7,0.7,0.7,0.7,0.68,0.0,0.0,0.67,0.6,0.51,0.0,0.0,0.0,0.0,0.66,0.71,0.73,0.7,0.73,0.73,0.71,0.7,0.7,0.71,0.71,0.64,0.0,0.0,0.69,0.73,0.64,0.73,0.71,0.73,0.72,0.0,0.72,0.72,0.73,0.7,0.73,0.64,0.71
5155,0.0,0.53,0.58,0.0,0.0,0.69,0.0,0.0,0.71,0.73,0.71,0.74,0.71,0.71,0.72,0.72,0.72,0.71,0.72,0.71,0.72,0.71,0.7,0.69,0.71,0.71,0.0,0.0,0.69,0.7,0.43,0.0,0.0,0.0,0.0,0.37,0.7,0.73,0.7,0.73,0.73,0.7,0.68,0.69,0.7,0.7,0.65,0.0,0.0,0.66,0.72,0.6,0.72,0.69,0.73,0.72,0.0,0.71,0.72,0.72,0.69,0.72,0.62,0.72
5156,0.0,0.27,0.51,0.0,0.0,0.37,0.0,0.0,0.65,0.21,0.65,0.66,0.65,0.65,0.65,0.65,0.62,0.57,0.64,0.65,0.64,0.65,0.61,0.64,0.65,0.66,0.0,0.0,0.64,0.35,0.63,0.0,0.0,0.0,0.0,0.59,0.6,0.51,0.59,0.51,0.55,0.61,0.57,0.63,0.63,0.6,0.28,0.0,0.0,0.45,0.68,0.58,0.66,0.68,0.67,0.67,0.0,0.66,0.65,0.66,0.62,0.69,0.66,0.62
5157,0.0,0.39,0.38,0.0,0.0,0.11,0.0,0.0,0.35,0.35,0.35,0.34,0.3,0.32,0.34,0.34,0.32,0.12,0.14,0.34,0.35,0.33,0.28,0.34,0.36,0.4,0.0,0.0,0.37,0.39,0.4,0.0,0.0,0.0,0.0,0.4,0.37,0.36,0.41,0.35,0.38,0.41,0.39,0.35,0.34,0.41,0.07,0.0,0.0,0.1,0.45,0.45,0.42,0.44,0.4,0.44,0.0,0.43,0.44,0.39,0.45,0.44,0.44,0.45
5158,0.0,0.06,0.06,0.0,0.0,0.07,0.0,0.0,0.05,0.04,0.04,0.06,0.05,0.06,0.05,0.05,0.04,0.05,0.06,0.06,0.05,0.05,0.05,0.04,0.06,0.05,0.0,0.0,0.05,0.05,0.05,0.0,0.0,0.0,0.0,0.07,0.05,0.04,0.04,0.04,0.04,0.05,0.04,0.06,0.04,0.04,0.06,0.0,0.0,0.06,0.05,0.05,0.05,0.05,0.04,0.05,0.0,0.05,0.05,0.05,0.05,0.05,0.05,0.05
5159,0.0,0.0,0.0,0.0,0.0,0.0,0.0,0.0,0.0,0.0,0.0,0.0,0.0,0.0,0.0,0.0,0.0,0.0,0.0,0.0,0.0,0.0,0.0,0.0,0.0,0.0,0.0,0.0,0.0,0.0,0.0,0.0,0.0,0.0,0.0,0.0,0.0,0.0,0.0,0.0,0.0,0.0,0.0,0.0,0.0,0.0,0.0,0.0,0.0,0.0,0.0,0.0,0.0,0.0,0.0,0.0,0.0,0.0,0.0,0.0,0.0,0.0,0.0,0.0
5160,0.0,0.0,0.0,0.0,0.0,0.0,0.0,0.0,0.0,0.0,0.0,0.0,0.0,0.0,0.0,0.0,0.0,0.0,0.0,0.0,0.0,0.0,0.0,0.0,0.0,0.0,0.0,0.0,0.0,0.0,0.0,0.0,0.0,0.0,0.0,0.0,0.0,0.0,0.0,0.0,0.0,0.0,0.0,0.0,0.0,0.0,0.0,0.0,0.0,0.0,0.0,0.0,0.0,0.0,0.0,0.0,0.0,0.0,0.0,0.0,0.0,0.0,0.0,0.0
5161,0.0,0.0,0.0,0.0,0.0,0.0,0.0,0.0,0.0,0.0,0.0,0.0,0.0,0.0,0.0,0.0,0.0,0.0,0.0,0.0,0.0,0.0,0.0,0.0,0.0,0.0,0.0,0.0,0.0,0.0,0.0,0.0,0.0,0.0,0.0,0.0,0.0,0.0,0.0,0.0,0.0,0.0,0.0,0.0,0.0,0.0,0.0,0.0,0.0,0.0,0.0,0.0,0.0,0.0,0.0,0.0,0.0,0.0,0.0,0.0,0.0,0.0,0.0,0.0
5162,0.0,0.0,0.0,0.0,0.0,0.0,0.0,0.0,0.0,0.0,0.0,0.0,0.0,0.0,0.0,0.0,0.0,0.0,0.0,0.0,0.0,0.0,0.0,0.0,0.0,0.0,0.0,0.0,0.0,0.0,0.0,0.0,0.0,0.0,0.0,0.0,0.0,0.0,0.0,0.0,0.0,0.0,0.0,0.0,0.0,0.0,0.0,0.0,0.0,0.0,0.0,0.0,0.0,0.0,0.0,0.0,0.0,0.0,0.0,0.0,0.0,0.0,0.0,0.0
5163,0.0,0.0,0.0,0.0,0.0,0.0,0.0,0.0,0.0,0.0,0.0,0.0,0.0,0.0,0.0,0.0,0.0,0.0,0.0,0.0,0.0,0.0,0.0,0.0,0.0,0.0,0.0,0.0,0.0,0.0,0.0,0.0,0.0,0.0,0.0,0.0,0.0,0.0,0.0,0.0,0.0,0.0,0.0,0.0,0.0,0.0,0.0,0.0,0.0,0.0,0.0,0.0,0.0,0.0,0.0,0.0,0.0,0.0,0.0,0.0,0.0,0.0,0.0,0.0
5164,0.0,0.0,0.0,0.0,0.0,0.0,0.0,0.0,0.0,0.0,0.0,0.0,0.0,0.0,0.0,0.0,0.0,0.0,0.0,0.0,0.0,0.0,0.0,0.0,0.0,0.0,0.0,0.0,0.0,0.0,0.0,0.0,0.0,0.0,0.0,0.0,0.0,0.0,0.0,0.0,0.0,0.0,0.0,0.0,0.0,0.0,0.0,0.0,0.0,0.0,0.0,0.0,0.0,0.0,0.0,0.0,0.0,0.0,0.0,0.0,0.0,0.0,0.0,0.0
5165,0.0,0.0,0.0,0.0,0.0,0.0,0.0,0.0,0.0,0.0,0.0,0.0,0.0,0.0,0.0,0.0,0.0,0.0,0.0,0.0,0.0,0.0,0.0,0.0,0.0,0.0,0.0,0.0,0.0,0.0,0.0,0.0,0.0,0.0,0.0,0.0,0.0,0.0,0.0,0.0,0.0,0.0,0.0,0.0,0.0,0.0,0.0,0.0,0.0,0.0,0.0,0.0,0.0,0.0,0.0,0.0,0.0,0.0,0.0,0.0,0.0,0.0,0.0,0.0
5166,0.0,0.0,0.0,0.0,0.0,0.0,0.0,0.0,0.0,0.0,0.0,0.0,0.0,0.0,0.0,0.0,0.0,0.0,0.0,0.0,0.0,0.0,0.0,0.0,0.0,0.0,0.0,0.0,0.0,0.0,0.0,0.0,0.0,0.0,0.0,0.0,0.0,0.0,0.0,0.0,0.0,0.0,0.0,0.0,0.0,0.0,0.0,0.0,0.0,0.0,0.0,0.0,0.0,0.0,0.0,0.0,0.0,0.0,0.0,0.0,0.0,0.0,0.0,0.0
5167,0.0,0.0,0.0,0.0,0.0,0.0,0.0,0.0,0.0,0.0,0.0,0.0,0.0,0.0,0.0,0.0,0.0,0.0,0.0,0.0,0.0,0.0,0.0,0.0,0.0,0.0,0.0,0.0,0.0,0.0,0.0,0.0,0.0,0.0,0.0,0.0,0.0,0.0,0.0,0.0,0.0,0.0,0.0,0.0,0.0,0.0,0.0,0.0,0.0,0.0,0.0,0.0,0.0,0.0,0.0,0.0,0.0,0.0,0.0,0.0,0.0,0.0,0.0,0.0
5168,0.0,0.0,0.0,0.0,0.0,0.0,0.0,0.0,0.0,0.0,0.0,0.0,0.0,0.0,0.0,0.0,0.0,0.0,0.0,0.0,0.0,0.0,0.0,0.0,0.0,0.0,0.0,0.0,0.0,0.0,0.0,0.0,0.0,0.0,0.0,0.0,0.0,0.0,0.0,0.0,0.0,0.0,0.0,0.0,0.0,0.0,0.0,0.0,0.0,0.0,0.0,0.0,0.0,0.0,0.0,0.0,0.0,0.0,0.0,0.0,0.0,0.0,0.0,0.0
5169,0.0,0.0,0.0,0.0,0.0,0.0,0.0,0.0,0.02,0.02,0.02,0.03,0.01,0.03,0.02,0.02,0.03,0.03,0.03,0.02,0.03,0.02,0.04,0.02,0.0,0.0,0.0,0.0,0.0,0.0,0.0,0.0,0.0,0.0,0.0,0.01,0.03,0.02,0.01,0.02,0.02,0.01,0.01,0.03,0.02,0.01,0.0,0.0,0.0,0.0,0.0,0.0,0.02,0.0,0.02,0.0,0.0,0.01,0.0,0.01,0.0,0.0,0.0,0.0
5170,0.0,0.03,0.02,0.0,0.0,0.08,0.0,0.0,0.12,0.13,0.12,0.12,0.08,0.13,0.11,0.13,0.1,0.16,0.16,0.13,0.13,0.15,0.08,0.1,0.06,0.05,0.0,0.0,0.06,0.04,0.06,0.0,0.0,0.0,0.0,0.08,0.09,0.1,0.08,0.1,0.09,0.08,0.08,0.09,0.1,0.07,0.08,0.0,0.0,0.01,0.08,0.08,0.08,0.06,0.09,0.08,0.0,0.08,0.08,0.08,0.08,0.07,0.08,0.08
5171,0.0,0.05,0.06,0.0,0.0,0.05,0.0,0.0,0.5,0.56,0.48,0.49,0.39,0.52,0.5,0.51,0.42,0.55,0.54,0.51,0.43,0.53,0.24,0.46,0.02,0.06,0.0,0.0,0.43,0.04,0.21,0.0,0.0,0.0,0.0,0.06,0.45,0.48,0.46,0.48,0.46,0.45,0.45,0.44,0.46,0.46,0.06,0.0,0.0,0.01,0.4,0.45,0.38,0.28,0.28,0.28,0.0,0.29,0.4,0.33,0.42,0.35,0.45,0.42
5172,0.0,0.07,0.14,0.0,0.0,0.04,0.0,0.0,0.59,0.6,0.57,0.6,0.64,0.62,0.58,0.49,0.62,0.65,0.65,0.56,0.54,0.59,0.39,0.58,0.04,0.04,0.0,0.0,0.12,0.04,0.04,0.0,0.0,0.0,0.0,0.1,0.59,0.6,0.58,0.61,0.6,0.59,0.61,0.36,0.6,0.61,0.04,0.0,0.0,0.03,0.5,0.56,0.5,0.42,0.51,0.44,0.0,0.39,0.51,0.43,0.55,0.49,0.61,0.52
5173,0.0,0.06,0.06,0.0,0.0,0.64,0.0,0.0,0.64,0.67,0.65,0.64,0.68,0.64,0.65,0.66,0.63,0.69,0.68,0.63,0.62,0.64,0.68,0.13,0.22,0.08,0.0,0.0,0.12,0.07,0.09,0.0,0.0,0.0,0.0,0.13,0.67,0.7,0.11,0.7,0.67,0.66,0.55,0.14,0.32,0.1,0.32,0.0,0.0,0.25,0.58,0.7,0.61,0.6,0.66,0.45,0.0,0.59,0.61,0.64,0.69,0.56,0.69,0.65
5174,0.0,0.19,0.16,0.0,0.0,0.67,0.0,0.0,0.68,0.7,0.67,0.69,0.69,0.66,0.7,0.7,0.66,0.7,0.71,0.69,0.67,0.6,0.71,0.69,0.19,0.73,0.0,0.0,0.72,0.43,0.23,0.0,0.0,0.0,0.0,0.14,0.68,0.72,0.1,0.7,0.72,0.15,0.29,0.7,0.67,0.14,0.67,0.0,0.0,0.67,0.72,0.56,0.67,0.62,0.28,0.25,0.0,0.65,0.73,0.24,0.73,0.71,0.17,0.73
5175,0.0,0.36,0.72,0.0,0.0,0.68,0.0,0.0,0.68,0.68,0.71,0.73,0.67,0.7,0.68,0.7,0.72,0.71,0.73,0.69,0.66,0.7,0.7,0.72,0.7,0.72,0.0,0.0,0.72,0.72,0.73,0.0,0.0,0.0,0.0,0.23,0.08,0.73,0.73,0.73,0.73,0.36,0.73,0.71,0.15,0.74,0.68,0.0,0.0,0.68,0.74,0.74,0.7,0.72,0.7,0.46,0.0,0.67,0.72,0.47,0.72,0.74,0.3,0.72
5176,0.0,0.71,0.7,0.0,0.0,0.68,0.0,0.0,0.71,0.71,0.7,0.73,0.66,0.52,0.12,0.08,0.2,0.71,0.73,0.49,0.73,0.46,0.72,0.04,0.59,0.72,0.0,0.0,0.72,0.72,0.72,0.0,0.0,0.0,0.0,0.72,0.14,0.74,0.73,0.56,0.73,0.73,0.73,0.2,0.04,0.73,0.4,0.0,0.0,0.68,0.75,0.74,0.72,0.74,0.72,0.58,0.0,0.73,0.75,0.7,0.75,0.75,0.73,0.75
5177,0.0,0.7,0.7,0.0,0.0,0.6,0.0,0.0,0.29,0.34,0.3,0.72,0.28,0.72,0.12,0.72,0.72,0.72,0.73,0.39,0.45,0.25,0.68,0.12,0.68,0.71,0.0,0.0,0.7,0.7,0.71,0.0,0.0,0.0,0.0,0.7,0.64,0.73,0.72,0.72,0.74,0.71,0.72,0.73,0.72,0.72,0.63,0.0,0.0,0.57,0.74,0.72,0.58,0.72,0.65,0.26,0.0,0.72,0.74,0.56,0.74,0.74,0.72,0.74
5178,0.0,0.31,0.67,0.0,0.0,0.54,0.0,0.0,0.71,0.24,0.71,0.71,0.57,0.71,0.17,0.37,0.7,0.7,0.71,0.72,0.67,0.72,0.68,0.71,0.66,0.7,0.0,0.0,0.69,0.63,0.66,0.0,0.0,0.0,0.0,0.69,0.7,0.72,0.7,0.72,0.71,0.7,0.69,0.7,0.71,0.7,0.54,0.0,0.0,0.58,0.41,0.68,0.1,0.27,0.72,0.17,0.0,0.31,0.5,0.44,0.66,0.33,0.7,0.58
5179,0.0,0.4,0.42,0.0,0.0,0.54,0.0,0.0,0.71,0.59,0.56,0.48,0.71,0.71,0.71,0.71,0.28,0.71,0.71,0.71,0.6,0.71,0.69,0.7,0.61,0.69,0.0,0.0,0.68,0.42,0.58,0.0,0.0,0.0,0.0,0.63,0.69,0.56,0.68,0.66,0.72,0.69,0.68,0.69,0.7,0.66,0.63,0.0,0.0,0.54,0.33,0.7,0.24,0.26,0.16,0.33,0.0,0.2,0.31,0.31,0.39,0.62,0.68,0.26
5180,0.0,0.61,0.6,0.0,0.0,0.38,0.0,0.0,0.64,0.58,0.64,0.49,0.63,0.64,0.1,0.64,0.61,0.27,0.06,0.64,0.21,0.64,0.62,0.63,0.08,0.66,0.0,0.0,0.62,0.65,0.66,0.0,0.0,0.0,0.0,0.64,0.61,0.38,0.63,0.52,0.55,0.62,0.59,0.58,0.62,0.61,0.55,0.0,0.0,0.28,0.08,0.63,0.15,0.08,0.04,0.08,0.0,0.08,0.09,0.12,0.12,0.09,0.64,0.09
5181,0.0,0.42,0.43,0.0,0.0,0.11,0.0,0.0,0.34,0.32,0.34,0.35,0.29,0.33,0.33,0.33,0.16,0.15,0.19,0.34,0.27,0.32,0.29,0.36,0.08,0.39,0.0,0.0,0.39,0.42,0.4,0.0,0.0,0.0,0.0,0.4,0.38,0.24,0.4,0.21,0.34,0.4,0.39,0.36,0.37,0.4,0.12,0.0,0.0,0.13,0.2,0.24,0.06,0.08,0.04,0.06,0.0,0.06,0.17,0.05,0.2,0.14,0.35,0.21
5182,0.0,0.05,0.05,0.0,0.0,0.02,0.0,0.0,0.06,0.03,0.06,0.03,0.05,0.05,0.05,0.05,0.05,0.05,0.04,0.05,0.02,0.05,0.05,0.05,0.02,0.06,0.0,0.0,0.04,0.05,0.06,0.0,0.0,0.0,0.0,0.05,0.06,0.07,0.06,0.07,0.07,0.06,0.06,0.05,0.05,0.06,0.02,0.0,0.0,0.02,0.06,0.07,0.03,0.02,0.06,0.07,0.0,0.02,0.05,0.02,0.05,0.03,0.02,0.05
5183,0.0,0.0,0.0,0.0,0.0,0.0,0.0,0.0,0.0,0.0,0.0,0.0,0.0,0.0,0.0,0.0,0.0,0.0,0.0,0.0,0.0,0.0,0.0,0.0,0.0,0.0,0.0,0.0,0.0,0.0,0.0,0.0,0.0,0.0,0.0,0.0,0.0,0.0,0.0,0.0,0.0,0.0,0.0,0.0,0.0,0.0,0.0,0.0,0.0,0.0,0.0,0.0,0.0,0.0,0.0,0.0,0.0,0.0,0.0,0.0,0.0,0.0,0.0,0.0
5184,0.0,0.0,0.0,0.0,0.0,0.0,0.0,0.0,0.0,0.0,0.0,0.0,0.0,0.0,0.0,0.0,0.0,0.0,0.0,0.0,0.0,0.0,0.0,0.0,0.0,0.0,0.0,0.0,0.0,0.0,0.0,0.0,0.0,0.0,0.0,0.0,0.0,0.0,0.0,0.0,0.0,0.0,0.0,0.0,0.0,0.0,0.0,0.0,0.0,0.0,0.0,0.0,0.0,0.0,0.0,0.0,0.0,0.0,0.0,0.0,0.0,0.0,0.0,0.0
5185,0.0,0.0,0.0,0.0,0.0,0.0,0.0,0.0,0.0,0.0,0.0,0.0,0.0,0.0,0.0,0.0,0.0,0.0,0.0,0.0,0.0,0.0,0.0,0.0,0.0,0.0,0.0,0.0,0.0,0.0,0.0,0.0,0.0,0.0,0.0,0.0,0.0,0.0,0.0,0.0,0.0,0.0,0.0,0.0,0.0,0.0,0.0,0.0,0.0,0.0,0.0,0.0,0.0,0.0,0.0,0.0,0.0,0.0,0.0,0.0,0.0,0.0,0.0,0.0
5186,0.0,0.0,0.0,0.0,0.0,0.0,0.0,0.0,0.0,0.0,0.0,0.0,0.0,0.0,0.0,0.0,0.0,0.0,0.0,0.0,0.0,0.0,0.0,0.0,0.0,0.0,0.0,0.0,0.0,0.0,0.0,0.0,0.0,0.0,0.0,0.0,0.0,0.0,0.0,0.0,0.0,0.0,0.0,0.0,0.0,0.0,0.0,0.0,0.0,0.0,0.0,0.0,0.0,0.0,0.0,0.0,0.0,0.0,0.0,0.0,0.0,0.0,0.0,0.0
5187,0.0,0.0,0.0,0.0,0.0,0.0,0.0,0.0,0.0,0.0,0.0,0.0,0.0,0.0,0.0,0.0,0.0,0.0,0.0,0.0,0.0,0.0,0.0,0.0,0.0,0.0,0.0,0.0,0.0,0.0,0.0,0.0,0.0,0.0,0.0,0.0,0.0,0.0,0.0,0.0,0.0,0.0,0.0,0.0,0.0,0.0,0.0,0.0,0.0,0.0,0.0,0.0,0.0,0.0,0.0,0.0,0.0,0.0,0.0,0.0,0.0,0.0,0.0,0.0
5188,0.0,0.0,0.0,0.0,0.0,0.0,0.0,0.0,0.0,0.0,0.0,0.0,0.0,0.0,0.0,0.0,0.0,0.0,0.0,0.0,0.0,0.0,0.0,0.0,0.0,0.0,0.0,0.0,0.0,0.0,0.0,0.0,0.0,0.0,0.0,0.0,0.0,0.0,0.0,0.0,0.0,0.0,0.0,0.0,0.0,0.0,0.0,0.0,0.0,0.0,0.0,0.0,0.0,0.0,0.0,0.0,0.0,0.0,0.0,0.0,0.0,0.0,0.0,0.0
5189,0.0,0.0,0.0,0.0,0.0,0.0,0.0,0.0,0.0,0.0,0.0,0.0,0.0,0.0,0.0,0.0,0.0,0.0,0.0,0.0,0.0,0.0,0.0,0.0,0.0,0.0,0.0,0.0,0.0,0.0,0.0,0.0,0.0,0.0,0.0,0.0,0.0,0.0,0.0,0.0,0.0,0.0,0.0,0.0,0.0,0.0,0.0,0.0,0.0,0.0,0.0,0.0,0.0,0.0,0.0,0.0,0.0,0.0,0.0,0.0,0.0,0.0,0.0,0.0
5190,0.0,0.0,0.0,0.0,0.0,0.0,0.0,0.0,0.0,0.0,0.0,0.0,0.0,0.0,0.0,0.0,0.0,0.0,0.0,0.0,0.0,0.0,0.0,0.0,0.0,0.0,0.0,0.0,0.0,0.0,0.0,0.0,0.0,0.0,0.0,0.0,0.0,0.0,0.0,0.0,0.0,0.0,0.0,0.0,0.0,0.0,0.0,0.0,0.0,0.0,0.0,0.0,0.0,0.0,0.0,0.0,0.0,0.0,0.0,0.0,0.0,0.0,0.0,0.0
5191,0.0,0.0,0.0,0.0,0.0,0.0,0.0,0.0,0.0,0.0,0.0,0.0,0.0,0.0,0.0,0.0,0.0,0.0,0.0,0.0,0.0,0.0,0.0,0.0,0.0,0.0,0.0,0.0,0.0,0.0,0.0,0.0,0.0,0.0,0.0,0.0,0.0,0.0,0.0,0.0,0.0,0.0,0.0,0.0,0.0,0.0,0.0,0.0,0.0,0.0,0.0,0.0,0.0,0.0,0.0,0.0,0.0,0.0,0.0,0.0,0.0,0.0,0.0,0.0
5192,0.0,0.0,0.0,0.0,0.0,0.0,0.0,0.0,0.0,0.0,0.0,0.0,0.0,0.0,0.0,0.0,0.0,0.0,0.0,0.0,0.0,0.0,0.0,0.0,0.0,0.0,0.0,0.0,0.0,0.0,0.0,0.0,0.0,0.0,0.0,0.0,0.0,0.0,0.0,0.0,0.0,0.0,0.0,0.0,0.0,0.0,0.0,0.0,0.0,0.0,0.0,0.0,0.0,0.0,0.0,0.0,0.0,0.0,0.0,0.0,0.0,0.0,0.0,0.0
5193,0.0,0.0,0.0,0.0,0.0,0.0,0.0,0.0,0.02,0.01,0.02,0.02,0.03,0.03,0.02,0.02,0.02,0.03,0.03,0.02,0.01,0.04,0.03,0.02,0.01,0.0,0.0,0.0,0.0,0.0,0.0,0.0,0.0,0.0,0.0,0.01,0.02,0.02,0.01,0.02,0.03,0.01,0.01,0.02,0.03,0.01,0.0,0.0,0.0,0.0,0.01,0.0,0.02,0.01,0.0,0.01,0.0,0.01,0.01,0.02,0.01,0.01,0.0,0.01
5194,0.0,0.07,0.07,0.0,0.0,0.09,0.0,0.0,0.12,0.07,0.12,0.12,0.17,0.1,0.09,0.09,0.11,0.16,0.12,0.09,0.05,0.15,0.17,0.11,0.11,0.07,0.0,0.0,0.07,0.07,0.07,0.0,0.0,0.0,0.0,0.08,0.1,0.11,0.08,0.1,0.09,0.09,0.09,0.1,0.11,0.08,0.09,0.0,0.0,0.1,0.07,0.07,0.08,0.07,0.06,0.07,0.0,0.07,0.07,0.08,0.07,0.07,0.07,0.07
5195,0.0,0.45,0.45,0.0,0.0,0.44,0.0,0.0,0.5,0.18,0.49,0.54,0.55,0.52,0.52,0.52,0.53,0.56,0.57,0.51,0.29,0.52,0.55,0.49,0.49,0.46,0.0,0.0,0.46,0.46,0.46,0.0,0.0,0.0,0.0,0.47,0.49,0.51,0.48,0.52,0.5,0.48,0.48,0.49,0.49,0.48,0.44,0.0,0.0,0.45,0.47,0.46,0.48,0.46,0.49,0.45,0.0,0.47,0.46,0.48,0.47,0.47,0.47,0.46
5196,0.0,0.7,0.7,0.0,0.0,0.67,0.0,0.0,0.67,0.71,0.66,0.73,0.66,0.67,0.66,0.66,0.73,0.7,0.72,0.67,0.72,0.66,0.66,0.68,0.56,0.72,0.0,0.0,0.71,0.71,0.71,0.0,0.0,0.0,0.0,0.69,0.69,0.71,0.7,0.72,0.72,0.71,0.71,0.68,0.69,0.71,0.68,0.0,0.0,0.68,0.72,0.72,0.71,0.71,0.71,0.7,0.0,0.72,0.7,0.72,0.71,0.72,0.73,0.7
5197,0.0,0.75,0.75,0.0,0.0,0.68,0.0,0.0,0.71,0.75,0.7,0.77,0.63,0.72,0.71,0.71,0.77,0.74,0.76,0.71,0.76,0.71,0.7,0.73,0.56,0.78,0.0,0.0,0.76,0.76,0.77,0.0,0.0,0.0,0.0,0.74,0.74,0.76,0.76,0.78,0.78,0.76,0.76,0.74,0.74,0.76,0.65,0.0,0.0,0.62,0.78,0.78,0.77,0.77,0.77,0.76,0.0,0.78,0.76,0.78,0.76,0.78,0.79,0.76
5198,0.0,0.75,0.75,0.0,0.0,0.67,0.0,0.0,0.71,0.51,0.7,0.76,0.7,0.71,0.71,0.71,0.76,0.74,0.75,0.71,0.77,0.71,0.72,0.74,0.47,0.78,0.0,0.0,0.76,0.75,0.76,0.0,0.0,0.0,0.0,0.74,0.74,0.76,0.75,0.77,0.77,0.75,0.75,0.74,0.74,0.76,0.68,0.0,0.0,0.62,0.77,0.78,0.77,0.77,0.77,0.76,0.0,0.77,0.76,0.77,0.76,0.77,0.77,0.76
5199,0.0,0.76,0.76,0.0,0.0,0.54,0.0,0.0,0.72,0.77,0.73,0.77,0.71,0.73,0.72,0.72,0.76,0.75,0.77,0.73,0.78,0.73,0.73,0.74,0.51,0.78,0.0,0.0,0.76,0.77,0.77,0.0,0.0,0.0,0.0,0.75,0.75,0.76,0.76,0.77,0.77,0.76,0.76,0.74,0.75,0.76,0.54,0.0,0.0,0.57,0.78,0.78,0.78,0.78,0.78,0.76,0.0,0.78,0.77,0.77,0.77,0.78,0.78,0.76
5200,0.0,0.77,0.76,0.0,0.0,0.73,0.0,0.0,0.74,0.77,0.74,0.77,0.72,0.7,0.63,0.63,0.76,0.76,0.77,0.69,0.79,0.69,0.74,0.75,0.65,0.79,0.0,0.0,0.78,0.77,0.78,0.0,0.0,0.0,0.0,0.76,0.75,0.76,0.77,0.77,0.78,0.76,0.76,0.76,0.76,0.77,0.74,0.0,0.0,0.73,0.78,0.78,0.78,0.78,0.78,0.76,0.0,0.78,0.77,0.77,0.77,0.68,0.78,0.77
5201,0.0,0.76,0.76,0.0,0.0,0.66,0.0,0.0,0.73,0.76,0.73,0.78,0.4,0.73,0.69,0.7,0.76,0.76,0.78,0.7,0.78,0.73,0.65,0.75,0.53,0.78,0.0,0.0,0.77,0.77,0.77,0.0,0.0,0.0,0.0,0.76,0.75,0.76,0.76,0.77,0.78,0.76,0.75,0.76,0.75,0.76,0.7,0.0,0.0,0.63,0.78,0.77,0.78,0.77,0.77,0.62,0.0,0.77,0.3,0.77,0.76,0.78,0.77,0.57
5202,0.0,0.75,0.75,0.0,0.0,0.7,0.0,0.0,0.72,0.76,0.41,0.77,0.6,0.65,0.71,0.66,0.75,0.76,0.77,0.7,0.76,0.68,0.71,0.74,0.59,0.77,0.0,0.0,0.75,0.75,0.76,0.0,0.0,0.0,0.0,0.75,0.74,0.76,0.75,0.76,0.77,0.75,0.74,0.74,0.75,0.76,0.7,0.0,0.0,0.71,0.77,0.77,0.77,0.75,0.76,0.74,0.0,0.76,0.27,0.76,0.76,0.77,0.76,0.48
5203,0.0,0.73,0.72,0.0,0.0,0.71,0.0,0.0,0.7,0.73,0.71,0.74,0.5,0.69,0.68,0.68,0.73,0.73,0.73,0.69,0.74,0.69,0.6,0.71,0.64,0.74,0.0,0.0,0.72,0.73,0.73,0.0,0.0,0.0,0.0,0.72,0.71,0.74,0.72,0.74,0.74,0.72,0.72,0.71,0.72,0.72,0.71,0.0,0.0,0.71,0.75,0.74,0.74,0.73,0.14,0.72,0.0,0.73,0.74,0.16,0.75,0.74,0.74,0.74
5204,0.0,0.7,0.7,0.0,0.0,0.67,0.0,0.0,0.67,0.68,0.68,0.7,0.65,0.65,0.08,0.45,0.7,0.68,0.69,0.65,0.7,0.65,0.66,0.68,0.67,0.72,0.0,0.0,0.7,0.7,0.71,0.0,0.0,0.0,0.0,0.69,0.68,0.71,0.7,0.71,0.71,0.69,0.68,0.68,0.69,0.7,0.68,0.0,0.0,0.68,0.71,0.71,0.71,0.7,0.71,0.7,0.0,0.7,0.7,0.7,0.71,0.71,0.71,0.7
5205,0.0,0.45,0.46,0.0,0.0,0.41,0.0,0.0,0.37,0.36,0.38,0.39,0.3,0.09,0.34,0.34,0.4,0.34,0.35,0.36,0.37,0.34,0.31,0.39,0.38,0.46,0.0,0.0,0.45,0.46,0.46,0.0,0.0,0.0,0.0,0.43,0.4,0.41,0.44,0.41,0.42,0.43,0.42,0.4,0.4,0.43,0.4,0.0,0.0,0.4,0.46,0.46,0.44,0.46,0.43,0.45,0.0,0.45,0.45,0.44,0.45,0.46,0.46,0.45
5206,0.0,0.05,0.05,0.0,0.0,0.04,0.0,0.0,0.04,0.04,0.04,0.04,0.05,0.04,0.04,0.04,0.04,0.04,0.04,0.04,0.04,0.04,0.04,0.04,0.04,0.05,0.0,0.0,0.05,0.05,0.05,0.0,0.0,0.0,0.0,0.04,0.04,0.04,0.05,0.04,0.04,0.05,0.04,0.04,0.04,0.05,0.04,0.0,0.0,0.04,0.05,0.05,0.05,0.05,0.05,0.05,0.0,0.05,0.05,0.05,0.05,0.05,0.05,0.05
5207,0.0,0.0,0.0,0.0,0.0,0.0,0.0,0.0,0.0,0.0,0.0,0.0,0.0,0.0,0.0,0.0,0.0,0.0,0.0,0.0,0.0,0.0,0.0,0.0,0.0,0.0,0.0,0.0,0.0,0.0,0.0,0.0,0.0,0.0,0.0,0.0,0.0,0.0,0.0,0.0,0.0,0.0,0.0,0.0,0.0,0.0,0.0,0.0,0.0,0.0,0.0,0.0,0.0,0.0,0.0,0.0,0.0,0.0,0.0,0.0,0.0,0.0,0.0,0.0
5208,0.0,0.0,0.0,0.0,0.0,0.0,0.0,0.0,0.0,0.0,0.0,0.0,0.0,0.0,0.0,0.0,0.0,0.0,0.0,0.0,0.0,0.0,0.0,0.0,0.0,0.0,0.0,0.0,0.0,0.0,0.0,0.0,0.0,0.0,0.0,0.0,0.0,0.0,0.0,0.0,0.0,0.0,0.0,0.0,0.0,0.0,0.0,0.0,0.0,0.0,0.0,0.0,0.0,0.0,0.0,0.0,0.0,0.0,0.0,0.0,0.0,0.0,0.0,0.0
5209,0.0,0.0,0.0,0.0,0.0,0.0,0.0,0.0,0.0,0.0,0.0,0.0,0.0,0.0,0.0,0.0,0.0,0.0,0.0,0.0,0.0,0.0,0.0,0.0,0.0,0.0,0.0,0.0,0.0,0.0,0.0,0.0,0.0,0.0,0.0,0.0,0.0,0.0,0.0,0.0,0.0,0.0,0.0,0.0,0.0,0.0,0.0,0.0,0.0,0.0,0.0,0.0,0.0,0.0,0.0,0.0,0.0,0.0,0.0,0.0,0.0,0.0,0.0,0.0
5210,0.0,0.0,0.0,0.0,0.0,0.0,0.0,0.0,0.0,0.0,0.0,0.0,0.0,0.0,0.0,0.0,0.0,0.0,0.0,0.0,0.0,0.0,0.0,0.0,0.0,0.0,0.0,0.0,0.0,0.0,0.0,0.0,0.0,0.0,0.0,0.0,0.0,0.0,0.0,0.0,0.0,0.0,0.0,0.0,0.0,0.0,0.0,0.0,0.0,0.0,0.0,0.0,0.0,0.0,0.0,0.0,0.0,0.0,0.0,0.0,0.0,0.0,0.0,0.0
5211,0.0,0.0,0.0,0.0,0.0,0.0,0.0,0.0,0.0,0.0,0.0,0.0,0.0,0.0,0.0,0.0,0.0,0.0,0.0,0.0,0.0,0.0,0.0,0.0,0.0,0.0,0.0,0.0,0.0,0.0,0.0,0.0,0.0,0.0,0.0,0.0,0.0,0.0,0.0,0.0,0.0,0.0,0.0,0.0,0.0,0.0,0.0,0.0,0.0,0.0,0.0,0.0,0.0,0.0,0.0,0.0,0.0,0.0,0.0,0.0,0.0,0.0,0.0,0.0
5212,0.0,0.0,0.0,0.0,0.0,0.0,0.0,0.0,0.0,0.0,0.0,0.0,0.0,0.0,0.0,0.0,0.0,0.0,0.0,0.0,0.0,0.0,0.0,0.0,0.0,0.0,0.0,0.0,0.0,0.0,0.0,0.0,0.0,0.0,0.0,0.0,0.0,0.0,0.0,0.0,0.0,0.0,0.0,0.0,0.0,0.0,0.0,0.0,0.0,0.0,0.0,0.0,0.0,0.0,0.0,0.0,0.0,0.0,0.0,0.0,0.0,0.0,0.0,0.0
5213,0.0,0.0,0.0,0.0,0.0,0.0,0.0,0.0,0.0,0.0,0.0,0.0,0.0,0.0,0.0,0.0,0.0,0.0,0.0,0.0,0.0,0.0,0.0,0.0,0.0,0.0,0.0,0.0,0.0,0.0,0.0,0.0,0.0,0.0,0.0,0.0,0.0,0.0,0.0,0.0,0.0,0.0,0.0,0.0,0.0,0.0,0.0,0.0,0.0,0.0,0.0,0.0,0.0,0.0,0.0,0.0,0.0,0.0,0.0,0.0,0.0,0.0,0.0,0.0
5214,0.0,0.0,0.0,0.0,0.0,0.0,0.0,0.0,0.0,0.0,0.0,0.0,0.0,0.0,0.0,0.0,0.0,0.0,0.0,0.0,0.0,0.0,0.0,0.0,0.0,0.0,0.0,0.0,0.0,0.0,0.0,0.0,0.0,0.0,0.0,0.0,0.0,0.0,0.0,0.0,0.0,0.0,0.0,0.0,0.0,0.0,0.0,0.0,0.0,0.0,0.0,0.0,0.0,0.0,0.0,0.0,0.0,0.0,0.0,0.0,0.0,0.0,0.0,0.0
5215,0.0,0.0,0.0,0.0,0.0,0.0,0.0,0.0,0.0,0.0,0.0,0.0,0.0,0.0,0.0,0.0,0.0,0.0,0.0,0.0,0.0,0.0,0.0,0.0,0.0,0.0,0.0,0.0,0.0,0.0,0.0,0.0,0.0,0.0,0.0,0.0,0.0,0.0,0.0,0.0,0.0,0.0,0.0,0.0,0.0,0.0,0.0,0.0,0.0,0.0,0.0,0.0,0.0,0.0,0.0,0.0,0.0,0.0,0.0,0.0,0.0,0.0,0.0,0.0
5216,0.0,0.0,0.0,0.0,0.0,0.0,0.0,0.0,0.0,0.0,0.0,0.0,0.0,0.0,0.0,0.0,0.0,0.0,0.0,0.0,0.0,0.0,0.0,0.0,0.0,0.0,0.0,0.0,0.0,0.0,0.0,0.0,0.0,0.0,0.0,0.0,0.0,0.0,0.0,0.0,0.0,0.0,0.0,0.0,0.0,0.0,0.0,0.0,0.0,0.0,0.0,0.0,0.0,0.0,0.0,0.0,0.0,0.0,0.0,0.0,0.0,0.0,0.0,0.0
5217,0.0,0.0,0.0,0.0,0.0,0.0,0.0,0.0,0.01,0.04,0.0,0.01,0.04,0.03,0.03,0.02,0.01,0.04,0.04,0.02,0.03,0.03,0.04,0.0,0.0,0.0,0.0,0.0,0.0,0.0,0.0,0.0,0.0,0.0,0.0,0.0,0.0,0.0,0.0,0.0,0.0,0.0,0.0,0.0,0.0,0.0,0.0,0.0,0.0,0.0,0.0,0.0,0.0,0.0,0.0,0.0,0.0,0.0,0.0,0.0,0.0,0.0,0.0,0.0
5218,0.0,0.08,0.08,0.0,0.0,0.08,0.0,0.0,0.12,0.14,0.11,0.12,0.18,0.14,0.14,0.14,0.11,0.16,0.16,0.13,0.14,0.15,0.18,0.11,0.11,0.06,0.0,0.0,0.06,0.07,0.06,0.0,0.0,0.0,0.0,0.08,0.1,0.1,0.08,0.1,0.09,0.08,0.08,0.1,0.1,0.08,0.08,0.0,0.0,0.07,0.06,0.06,0.08,0.06,0.08,0.06,0.0,0.07,0.06,0.07,0.06,0.06,0.06,0.06
5219,0.0,0.42,0.42,0.0,0.0,0.34,0.0,0.0,0.52,0.55,0.5,0.53,0.57,0.54,0.55,0.54,0.52,0.57,0.58,0.53,0.55,0.55,0.57,0.5,0.47,0.43,0.0,0.0,0.46,0.43,0.41,0.0,0.0,0.0,0.0,0.47,0.5,0.51,0.48,0.52,0.5,0.48,0.49,0.5,0.5,0.48,0.38,0.0,0.0,0.37,0.47,0.46,0.48,0.46,0.49,0.45,0.0,0.47,0.47,0.47,0.47,0.47,0.47,0.47
5220,0.0,0.62,0.58,0.0,0.0,0.61,0.0,0.0,0.67,0.7,0.66,0.71,0.68,0.69,0.69,0.68,0.7,0.7,0.71,0.68,0.7,0.69,0.68,0.68,0.57,0.69,0.0,0.0,0.68,0.67,0.69,0.0,0.0,0.0,0.0,0.67,0.69,0.7,0.69,0.71,0.7,0.69,0.69,0.69,0.68,0.69,0.61,0.0,0.0,0.6,0.7,0.7,0.69,0.69,0.7,0.67,0.0,0.69,0.69,0.69,0.7,0.7,0.69,0.7
5221,0.0,0.71,0.72,0.0,0.0,0.68,0.0,0.0,0.69,0.74,0.69,0.74,0.71,0.72,0.72,0.71,0.73,0.73,0.74,0.71,0.74,0.71,0.71,0.72,0.68,0.74,0.0,0.0,0.73,0.7,0.73,0.0,0.0,0.0,0.0,0.72,0.73,0.73,0.72,0.74,0.74,0.73,0.73,0.72,0.72,0.73,0.69,0.0,0.0,0.69,0.74,0.74,0.73,0.74,0.73,0.71,0.0,0.73,0.73,0.72,0.74,0.74,0.73,0.73
5222,0.0,0.72,0.72,0.0,0.0,0.7,0.0,0.0,0.48,0.3,0.71,0.76,0.72,0.73,0.72,0.72,0.74,0.74,0.76,0.72,0.76,0.73,0.73,0.73,0.7,0.74,0.0,0.0,0.74,0.72,0.74,0.0,0.0,0.0,0.0,0.72,0.74,0.74,0.73,0.75,0.76,0.73,0.73,0.74,0.73,0.74,0.7,0.0,0.0,0.69,0.76,0.75,0.75,0.75,0.75,0.71,0.0,0.75,0.74,0.74,0.75,0.76,0.74,0.74
5223,0.0,0.71,0.71,0.0,0.0,0.7,0.0,0.0,0.73,0.76,0.73,0.77,0.73,0.73,0.73,0.73,0.75,0.75,0.77,0.73,0.76,0.74,0.74,0.71,0.72,0.74,0.0,0.0,0.73,0.72,0.73,0.0,0.0,0.0,0.0,0.71,0.74,0.74,0.72,0.76,0.76,0.72,0.71,0.74,0.73,0.73,0.69,0.0,0.0,0.69,0.75,0.74,0.75,0.75,0.75,0.71,0.0,0.74,0.75,0.74,0.76,0.75,0.74,0.75
5224,0.0,0.71,0.71,0.0,0.0,0.69,0.0,0.0,0.72,0.43,0.72,0.77,0.43,0.73,0.74,0.72,0.75,0.75,0.77,0.72,0.76,0.3,0.75,0.72,0.74,0.74,0.0,0.0,0.74,0.72,0.73,0.0,0.0,0.0,0.0,0.71,0.74,0.74,0.72,0.75,0.76,0.71,0.7,0.73,0.74,0.72,0.69,0.0,0.0,0.68,0.75,0.75,0.75,0.74,0.76,0.71,0.0,0.75,0.74,0.75,0.76,0.75,0.74,0.75
5225,0.0,0.64,0.66,0.0,0.0,0.71,0.0,0.0,0.72,0.76,0.71,0.76,0.74,0.73,0.73,0.74,0.74,0.74,0.76,0.72,0.76,0.73,0.74,0.73,0.73,0.72,0.0,0.0,0.72,0.66,0.7,0.0,0.0,0.0,0.0,0.7,0.73,0.74,0.71,0.74,0.75,0.71,0.69,0.72,0.74,0.71,0.69,0.0,0.0,0.72,0.74,0.73,0.75,0.73,0.76,0.71,0.0,0.75,0.73,0.75,0.72,0.74,0.73,0.72
5226,0.0,0.61,0.56,0.0,0.0,0.53,0.0,0.0,0.71,0.76,0.71,0.75,0.73,0.72,0.74,0.76,0.74,0.73,0.75,0.73,0.75,0.73,0.73,0.7,0.69,0.67,0.0,0.0,0.68,0.66,0.66,0.0,0.0,0.0,0.0,0.71,0.71,0.73,0.69,0.73,0.74,0.71,0.71,0.7,0.73,0.69,0.53,0.0,0.0,0.57,0.72,0.69,0.74,0.7,0.75,0.7,0.0,0.73,0.7,0.74,0.7,0.72,0.7,0.7
5227,0.0,0.49,0.45,0.0,0.0,0.47,0.0,0.0,0.69,0.74,0.68,0.73,0.71,0.7,0.73,0.73,0.72,0.71,0.73,0.73,0.73,0.71,0.71,0.68,0.6,0.5,0.0,0.0,0.53,0.52,0.52,0.0,0.0,0.0,0.0,0.52,0.66,0.69,0.65,0.7,0.7,0.63,0.34,0.67,0.69,0.62,0.47,0.0,0.0,0.46,0.66,0.65,0.72,0.69,0.73,0.69,0.0,0.71,0.65,0.72,0.67,0.68,0.67,0.67
5228,0.0,0.12,0.09,0.0,0.0,0.27,0.0,0.0,0.66,0.66,0.58,0.65,0.64,0.62,0.66,0.66,0.63,0.64,0.66,0.65,0.66,0.63,0.63,0.6,0.58,0.33,0.0,0.0,0.38,0.32,0.31,0.0,0.0,0.0,0.0,0.4,0.54,0.58,0.48,0.12,0.6,0.51,0.49,0.55,0.59,0.48,0.28,0.0,0.0,0.3,0.52,0.47,0.59,0.48,0.62,0.6,0.0,0.57,0.56,0.64,0.49,0.46,0.4,0.55
5229,0.0,0.02,0.02,0.0,0.0,0.06,0.0,0.0,0.34,0.34,0.32,0.36,0.29,0.26,0.24,0.3,0.27,0.31,0.32,0.3,0.35,0.29,0.29,0.24,0.17,0.13,0.0,0.0,0.14,0.14,0.13,0.0,0.0,0.0,0.0,0.17,0.06,0.28,0.22,0.23,0.36,0.21,0.24,0.24,0.27,0.24,0.11,0.0,0.0,0.08,0.35,0.11,0.28,0.24,0.38,0.39,0.0,0.26,0.12,0.39,0.4,0.31,0.19,0.06
5230,0.0,0.04,0.04,0.0,0.0,0.05,0.0,0.0,0.06,0.06,0.06,0.06,0.05,0.05,0.06,0.06,0.06,0.06,0.06,0.06,0.06,0.05,0.05,0.04,0.03,0.03,0.0,0.0,0.03,0.04,0.03,0.0,0.0,0.0,0.0,0.03,0.05,0.05,0.04,0.06,0.05,0.04,0.05,0.04,0.05,0.05,0.05,0.0,0.0,0.04,0.06,0.06,0.06,0.07,0.07,0.06,0.0,0.06,0.07,0.07,0.06,0.06,0.04,0.06
5231,0.0,0.0,0.0,0.0,0.0,0.0,0.0,0.0,0.0,0.0,0.0,0.0,0.0,0.0,0.0,0.0,0.0,0.0,0.0,0.0,0.0,0.0,0.0,0.0,0.0,0.0,0.0,0.0,0.0,0.0,0.0,0.0,0.0,0.0,0.0,0.0,0.0,0.0,0.0,0.0,0.0,0.0,0.0,0.0,0.0,0.0,0.0,0.0,0.0,0.0,0.0,0.0,0.0,0.0,0.0,0.0,0.0,0.0,0.0,0.0,0.0,0.0,0.0,0.0
5232,0.0,0.0,0.0,0.0,0.0,0.0,0.0,0.0,0.0,0.0,0.0,0.0,0.0,0.0,0.0,0.0,0.0,0.0,0.0,0.0,0.0,0.0,0.0,0.0,0.0,0.0,0.0,0.0,0.0,0.0,0.0,0.0,0.0,0.0,0.0,0.0,0.0,0.0,0.0,0.0,0.0,0.0,0.0,0.0,0.0,0.0,0.0,0.0,0.0,0.0,0.0,0.0,0.0,0.0,0.0,0.0,0.0,0.0,0.0,0.0,0.0,0.0,0.0,0.0
5233,0.0,0.0,0.0,0.0,0.0,0.0,0.0,0.0,0.0,0.0,0.0,0.0,0.0,0.0,0.0,0.0,0.0,0.0,0.0,0.0,0.0,0.0,0.0,0.0,0.0,0.0,0.0,0.0,0.0,0.0,0.0,0.0,0.0,0.0,0.0,0.0,0.0,0.0,0.0,0.0,0.0,0.0,0.0,0.0,0.0,0.0,0.0,0.0,0.0,0.0,0.0,0.0,0.0,0.0,0.0,0.0,0.0,0.0,0.0,0.0,0.0,0.0,0.0,0.0
5234,0.0,0.0,0.0,0.0,0.0,0.0,0.0,0.0,0.0,0.0,0.0,0.0,0.0,0.0,0.0,0.0,0.0,0.0,0.0,0.0,0.0,0.0,0.0,0.0,0.0,0.0,0.0,0.0,0.0,0.0,0.0,0.0,0.0,0.0,0.0,0.0,0.0,0.0,0.0,0.0,0.0,0.0,0.0,0.0,0.0,0.0,0.0,0.0,0.0,0.0,0.0,0.0,0.0,0.0,0.0,0.0,0.0,0.0,0.0,0.0,0.0,0.0,0.0,0.0
5235,0.0,0.0,0.0,0.0,0.0,0.0,0.0,0.0,0.0,0.0,0.0,0.0,0.0,0.0,0.0,0.0,0.0,0.0,0.0,0.0,0.0,0.0,0.0,0.0,0.0,0.0,0.0,0.0,0.0,0.0,0.0,0.0,0.0,0.0,0.0,0.0,0.0,0.0,0.0,0.0,0.0,0.0,0.0,0.0,0.0,0.0,0.0,0.0,0.0,0.0,0.0,0.0,0.0,0.0,0.0,0.0,0.0,0.0,0.0,0.0,0.0,0.0,0.0,0.0
5236,0.0,0.0,0.0,0.0,0.0,0.0,0.0,0.0,0.0,0.0,0.0,0.0,0.0,0.0,0.0,0.0,0.0,0.0,0.0,0.0,0.0,0.0,0.0,0.0,0.0,0.0,0.0,0.0,0.0,0.0,0.0,0.0,0.0,0.0,0.0,0.0,0.0,0.0,0.0,0.0,0.0,0.0,0.0,0.0,0.0,0.0,0.0,0.0,0.0,0.0,0.0,0.0,0.0,0.0,0.0,0.0,0.0,0.0,0.0,0.0,0.0,0.0,0.0,0.0
5237,0.0,0.0,0.0,0.0,0.0,0.0,0.0,0.0,0.0,0.0,0.0,0.0,0.0,0.0,0.0,0.0,0.0,0.0,0.0,0.0,0.0,0.0,0.0,0.0,0.0,0.0,0.0,0.0,0.0,0.0,0.0,0.0,0.0,0.0,0.0,0.0,0.0,0.0,0.0,0.0,0.0,0.0,0.0,0.0,0.0,0.0,0.0,0.0,0.0,0.0,0.0,0.0,0.0,0.0,0.0,0.0,0.0,0.0,0.0,0.0,0.0,0.0,0.0,0.0
5238,0.0,0.0,0.0,0.0,0.0,0.0,0.0,0.0,0.0,0.0,0.0,0.0,0.0,0.0,0.0,0.0,0.0,0.0,0.0,0.0,0.0,0.0,0.0,0.0,0.0,0.0,0.0,0.0,0.0,0.0,0.0,0.0,0.0,0.0,0.0,0.0,0.0,0.0,0.0,0.0,0.0,0.0,0.0,0.0,0.0,0.0,0.0,0.0,0.0,0.0,0.0,0.0,0.0,0.0,0.0,0.0,0.0,0.0,0.0,0.0,0.0,0.0,0.0,0.0
5239,0.0,0.0,0.0,0.0,0.0,0.0,0.0,0.0,0.0,0.0,0.0,0.0,0.0,0.0,0.0,0.0,0.0,0.0,0.0,0.0,0.0,0.0,0.0,0.0,0.0,0.0,0.0,0.0,0.0,0.0,0.0,0.0,0.0,0.0,0.0,0.0,0.0,0.0,0.0,0.0,0.0,0.0,0.0,0.0,0.0,0.0,0.0,0.0,0.0,0.0,0.0,0.0,0.0,0.0,0.0,0.0,0.0,0.0,0.0,0.0,0.0,0.0,0.0,0.0
5240,0.0,0.0,0.0,0.0,0.0,0.0,0.0,0.0,0.0,0.0,0.0,0.0,0.0,0.0,0.0,0.0,0.0,0.0,0.0,0.0,0.0,0.0,0.0,0.0,0.0,0.0,0.0,0.0,0.0,0.0,0.0,0.0,0.0,0.0,0.0,0.0,0.0,0.0,0.0,0.0,0.0,0.0,0.0,0.0,0.0,0.0,0.0,0.0,0.0,0.0,0.0,0.0,0.0,0.0,0.0,0.0,0.0,0.0,0.0,0.0,0.0,0.0,0.0,0.0
5241,0.0,0.0,0.0,0.0,0.0,0.0,0.0,0.0,0.02,0.04,0.01,0.02,0.04,0.03,0.03,0.03,0.02,0.04,0.04,0.03,0.03,0.03,0.04,0.0,0.0,0.0,0.0,0.0,0.0,0.0,0.0,0.0,0.0,0.0,0.0,0.0,0.0,0.01,0.0,0.01,0.0,0.0,0.0,0.0,0.0,0.0,0.0,0.0,0.0,0.0,0.0,0.0,0.0,0.0,0.0,0.0,0.0,0.0,0.0,0.0,0.0,0.0,0.0,0.0
5242,0.0,0.06,0.07,0.0,0.0,0.08,0.0,0.0,0.12,0.14,0.11,0.12,0.18,0.15,0.15,0.14,0.11,0.16,0.16,0.13,0.13,0.15,0.18,0.11,0.0,0.02,0.0,0.0,0.01,0.06,0.03,0.0,0.0,0.0,0.0,0.03,0.1,0.1,0.01,0.1,0.09,0.05,0.08,0.07,0.11,0.08,0.08,0.0,0.0,0.09,0.05,0.0,0.07,0.05,0.09,0.06,0.0,0.06,0.06,0.08,0.02,0.05,0.01,0.06
5243,0.0,0.44,0.44,0.0,0.0,0.44,0.0,0.0,0.51,0.55,0.5,0.54,0.59,0.54,0.54,0.49,0.52,0.56,0.57,0.52,0.54,0.56,0.59,0.49,0.03,0.06,0.0,0.0,0.07,0.44,0.45,0.0,0.0,0.0,0.0,0.22,0.5,0.5,0.08,0.51,0.5,0.15,0.48,0.49,0.5,0.1,0.44,0.0,0.0,0.46,0.47,0.09,0.48,0.46,0.48,0.44,0.0,0.47,0.46,0.47,0.47,0.47,0.46,0.46
5244,0.0,0.65,0.65,0.0,0.0,0.12,0.0,0.0,0.66,0.68,0.66,0.7,0.68,0.67,0.66,0.66,0.69,0.69,0.7,0.67,0.68,0.68,0.68,0.67,0.19,0.14,0.0,0.0,0.23,0.65,0.21,0.0,0.0,0.0,0.0,0.66,0.67,0.68,0.67,0.69,0.69,0.67,0.68,0.67,0.67,0.68,0.12,0.0,0.0,0.5,0.7,0.68,0.68,0.69,0.68,0.6,0.0,0.68,0.68,0.67,0.68,0.7,0.67,0.68
5245,0.0,0.7,0.71,0.0,0.0,0.73,0.0,0.0,0.7,0.72,0.69,0.74,0.71,0.71,0.72,0.71,0.73,0.73,0.73,0.71,0.72,0.72,0.71,0.72,0.74,0.72,0.0,0.0,0.71,0.71,0.72,0.0,0.0,0.0,0.0,0.71,0.72,0.73,0.71,0.74,0.73,0.71,0.72,0.72,0.72,0.72,0.73,0.0,0.0,0.73,0.74,0.73,0.72,0.74,0.72,0.66,0.0,0.72,0.73,0.71,0.73,0.74,0.72,0.73
5246,0.0,0.73,0.73,0.0,0.0,0.73,0.0,0.0,0.72,0.73,0.72,0.76,0.73,0.72,0.73,0.73,0.74,0.75,0.75,0.72,0.72,0.73,0.71,0.74,0.76,0.75,0.0,0.0,0.73,0.74,0.74,0.0,0.0,0.0,0.0,0.74,0.73,0.74,0.74,0.75,0.75,0.74,0.74,0.74,0.74,0.74,0.74,0.0,0.0,0.74,0.75,0.75,0.73,0.75,0.73,0.67,0.0,0.74,0.75,0.73,0.75,0.75,0.74,0.75
5247,0.0,0.74,0.74,0.0,0.0,0.74,0.0,0.0,0.73,0.74,0.73,0.76,0.73,0.73,0.74,0.74,0.75,0.75,0.76,0.73,0.72,0.73,0.71,0.74,0.76,0.74,0.0,0.0,0.3,0.74,0.74,0.0,0.0,0.0,0.0,0.31,0.74,0.75,0.75,0.75,0.76,0.75,0.75,0.75,0.75,0.75,0.74,0.0,0.0,0.74,0.74,0.73,0.73,0.61,0.73,0.68,0.0,0.72,0.76,0.73,0.6,0.7,0.56,0.76
5248,0.0,0.74,0.74,0.0,0.0,0.74,0.0,0.0,0.74,0.74,0.74,0.77,0.74,0.73,0.75,0.75,0.76,0.75,0.6,0.74,0.66,0.73,0.72,0.76,0.77,0.09,0.0,0.0,0.15,0.74,0.16,0.0,0.0,0.0,0.0,0.26,0.75,0.76,0.14,0.76,0.77,0.32,0.75,0.76,0.75,0.48,0.74,0.0,0.0,0.75,0.13,0.23,0.33,0.5,0.73,0.55,0.0,0.24,0.76,0.71,0.1,0.72,0.3,0.47
5249,0.0,0.74,0.4,0.0,0.0,0.74,0.0,0.0,0.73,0.69,0.74,0.76,0.73,0.73,0.75,0.74,0.75,0.75,0.75,0.74,0.66,0.73,0.72,0.75,0.77,0.05,0.0,0.0,0.19,0.75,0.75,0.0,0.0,0.0,0.0,0.75,0.74,0.75,0.05,0.76,0.76,0.13,0.75,0.75,0.11,0.14,0.74,0.0,0.0,0.74,0.03,0.04,0.04,0.72,0.31,0.14,0.0,0.16,0.11,0.56,0.03,0.03,0.03,0.06
5250,0.0,0.72,0.72,0.0,0.0,0.72,0.0,0.0,0.73,0.64,0.72,0.76,0.73,0.73,0.74,0.74,0.75,0.74,0.75,0.73,0.66,0.73,0.71,0.75,0.76,0.05,0.0,0.0,0.48,0.42,0.3,0.0,0.0,0.0,0.0,0.73,0.1,0.74,0.04,0.75,0.75,0.03,0.18,0.75,0.75,0.03,0.72,0.0,0.0,0.73,0.74,0.08,0.04,0.29,0.42,0.04,0.0,0.48,0.75,0.05,0.14,0.74,0.04,0.43
5251,0.0,0.7,0.14,0.0,0.0,0.69,0.0,0.0,0.71,0.66,0.15,0.73,0.71,0.71,0.72,0.72,0.72,0.7,0.72,0.71,0.68,0.72,0.68,0.72,0.74,0.02,0.0,0.0,0.03,0.71,0.08,0.0,0.0,0.0,0.0,0.72,0.23,0.08,0.04,0.11,0.21,0.04,0.02,0.72,0.72,0.03,0.7,0.0,0.0,0.7,0.05,0.02,0.14,0.39,0.2,0.47,0.0,0.04,0.04,0.63,0.03,0.1,0.02,0.02
5252,0.0,0.1,0.06,0.0,0.0,0.2,0.0,0.0,0.65,0.63,0.66,0.66,0.63,0.65,0.65,0.64,0.18,0.63,0.64,0.65,0.62,0.65,0.62,0.65,0.68,0.02,0.0,0.0,0.02,0.04,0.06,0.0,0.0,0.0,0.0,0.08,0.67,0.06,0.06,0.08,0.03,0.12,0.04,0.66,0.66,0.07,0.64,0.0,0.0,0.64,0.03,0.02,0.03,0.09,0.22,0.28,0.0,0.01,0.03,0.62,0.06,0.04,0.02,0.03
5253,0.0,0.03,0.02,0.0,0.0,0.01,0.0,0.0,0.35,0.33,0.36,0.35,0.29,0.32,0.32,0.33,0.06,0.31,0.31,0.34,0.32,0.32,0.28,0.36,0.36,0.01,0.0,0.0,0.02,0.0,0.02,0.0,0.0,0.0,0.0,0.01,0.38,0.03,0.01,0.02,0.07,0.02,0.01,0.37,0.37,0.01,0.04,0.0,0.0,0.38,0.02,0.06,0.01,0.09,0.39,0.05,0.0,0.03,0.01,0.03,0.01,0.02,0.03,0.01
5254,0.0,0.0,0.0,0.0,0.0,0.06,0.0,0.0,0.06,0.06,0.06,0.06,0.05,0.06,0.06,0.06,0.01,0.05,0.06,0.06,0.05,0.06,0.05,0.06,0.06,0.0,0.0,0.0,0.0,0.0,0.0,0.0,0.0,0.0,0.0,0.0,0.06,0.01,0.0,0.01,0.06,0.0,0.0,0.06,0.06,0.0,0.03,0.0,0.0,0.06,0.0,0.0,0.02,0.0,0.0,0.04,0.0,0.03,0.0,0.01,0.01,0.0,0.04,0.0
5255,0.0,0.0,0.0,0.0,0.0,0.0,0.0,0.0,0.0,0.0,0.0,0.0,0.0,0.0,0.0,0.0,0.0,0.0,0.0,0.0,0.0,0.0,0.0,0.0,0.0,0.0,0.0,0.0,0.0,0.0,0.0,0.0,0.0,0.0,0.0,0.0,0.0,0.0,0.0,0.0,0.0,0.0,0.0,0.0,0.0,0.0,0.0,0.0,0.0,0.0,0.0,0.0,0.0,0.0,0.0,0.0,0.0,0.0,0.0,0.0,0.0,0.0,0.0,0.0
5256,0.0,0.0,0.0,0.0,0.0,0.0,0.0,0.0,0.0,0.0,0.0,0.0,0.0,0.0,0.0,0.0,0.0,0.0,0.0,0.0,0.0,0.0,0.0,0.0,0.0,0.0,0.0,0.0,0.0,0.0,0.0,0.0,0.0,0.0,0.0,0.0,0.0,0.0,0.0,0.0,0.0,0.0,0.0,0.0,0.0,0.0,0.0,0.0,0.0,0.0,0.0,0.0,0.0,0.0,0.0,0.0,0.0,0.0,0.0,0.0,0.0,0.0,0.0,0.0
5257,0.0,0.0,0.0,0.0,0.0,0.0,0.0,0.0,0.0,0.0,0.0,0.0,0.0,0.0,0.0,0.0,0.0,0.0,0.0,0.0,0.0,0.0,0.0,0.0,0.0,0.0,0.0,0.0,0.0,0.0,0.0,0.0,0.0,0.0,0.0,0.0,0.0,0.0,0.0,0.0,0.0,0.0,0.0,0.0,0.0,0.0,0.0,0.0,0.0,0.0,0.0,0.0,0.0,0.0,0.0,0.0,0.0,0.0,0.0,0.0,0.0,0.0,0.0,0.0
5258,0.0,0.0,0.0,0.0,0.0,0.0,0.0,0.0,0.0,0.0,0.0,0.0,0.0,0.0,0.0,0.0,0.0,0.0,0.0,0.0,0.0,0.0,0.0,0.0,0.0,0.0,0.0,0.0,0.0,0.0,0.0,0.0,0.0,0.0,0.0,0.0,0.0,0.0,0.0,0.0,0.0,0.0,0.0,0.0,0.0,0.0,0.0,0.0,0.0,0.0,0.0,0.0,0.0,0.0,0.0,0.0,0.0,0.0,0.0,0.0,0.0,0.0,0.0,0.0
5259,0.0,0.0,0.0,0.0,0.0,0.0,0.0,0.0,0.0,0.0,0.0,0.0,0.0,0.0,0.0,0.0,0.0,0.0,0.0,0.0,0.0,0.0,0.0,0.0,0.0,0.0,0.0,0.0,0.0,0.0,0.0,0.0,0.0,0.0,0.0,0.0,0.0,0.0,0.0,0.0,0.0,0.0,0.0,0.0,0.0,0.0,0.0,0.0,0.0,0.0,0.0,0.0,0.0,0.0,0.0,0.0,0.0,0.0,0.0,0.0,0.0,0.0,0.0,0.0
5260,0.0,0.0,0.0,0.0,0.0,0.0,0.0,0.0,0.0,0.0,0.0,0.0,0.0,0.0,0.0,0.0,0.0,0.0,0.0,0.0,0.0,0.0,0.0,0.0,0.0,0.0,0.0,0.0,0.0,0.0,0.0,0.0,0.0,0.0,0.0,0.0,0.0,0.0,0.0,0.0,0.0,0.0,0.0,0.0,0.0,0.0,0.0,0.0,0.0,0.0,0.0,0.0,0.0,0.0,0.0,0.0,0.0,0.0,0.0,0.0,0.0,0.0,0.0,0.0
5261,0.0,0.0,0.0,0.0,0.0,0.0,0.0,0.0,0.0,0.0,0.0,0.0,0.0,0.0,0.0,0.0,0.0,0.0,0.0,0.0,0.0,0.0,0.0,0.0,0.0,0.0,0.0,0.0,0.0,0.0,0.0,0.0,0.0,0.0,0.0,0.0,0.0,0.0,0.0,0.0,0.0,0.0,0.0,0.0,0.0,0.0,0.0,0.0,0.0,0.0,0.0,0.0,0.0,0.0,0.0,0.0,0.0,0.0,0.0,0.0,0.0,0.0,0.0,0.0
5262,0.0,0.0,0.0,0.0,0.0,0.0,0.0,0.0,0.0,0.0,0.0,0.0,0.0,0.0,0.0,0.0,0.0,0.0,0.0,0.0,0.0,0.0,0.0,0.0,0.0,0.0,0.0,0.0,0.0,0.0,0.0,0.0,0.0,0.0,0.0,0.0,0.0,0.0,0.0,0.0,0.0,0.0,0.0,0.0,0.0,0.0,0.0,0.0,0.0,0.0,0.0,0.0,0.0,0.0,0.0,0.0,0.0,0.0,0.0,0.0,0.0,0.0,0.0,0.0
5263,0.0,0.0,0.0,0.0,0.0,0.0,0.0,0.0,0.0,0.0,0.0,0.0,0.0,0.0,0.0,0.0,0.0,0.0,0.0,0.0,0.0,0.0,0.0,0.0,0.0,0.0,0.0,0.0,0.0,0.0,0.0,0.0,0.0,0.0,0.0,0.0,0.0,0.0,0.0,0.0,0.0,0.0,0.0,0.0,0.0,0.0,0.0,0.0,0.0,0.0,0.0,0.0,0.0,0.0,0.0,0.0,0.0,0.0,0.0,0.0,0.0,0.0,0.0,0.0
5264,0.0,0.0,0.0,0.0,0.0,0.0,0.0,0.0,0.0,0.0,0.0,0.0,0.0,0.0,0.0,0.0,0.0,0.0,0.0,0.0,0.0,0.0,0.0,0.0,0.0,0.0,0.0,0.0,0.0,0.0,0.0,0.0,0.0,0.0,0.0,0.0,0.0,0.0,0.0,0.0,0.0,0.0,0.0,0.0,0.0,0.0,0.0,0.0,0.0,0.0,0.0,0.0,0.0,0.0,0.0,0.0,0.0,0.0,0.0,0.0,0.0,0.0,0.0,0.0
5265,0.0,0.0,0.0,0.0,0.0,0.0,0.0,0.0,0.02,0.03,0.0,0.0,0.04,0.03,0.03,0.03,0.0,0.03,0.02,0.03,0.03,0.03,0.04,0.0,0.0,0.0,0.0,0.0,0.0,0.0,0.0,0.0,0.0,0.0,0.0,0.0,0.0,0.0,0.0,0.0,0.0,0.0,0.0,0.0,0.0,0.0,0.0,0.0,0.0,0.0,0.0,0.0,0.0,0.0,0.0,0.0,0.0,0.0,0.0,0.0,0.0,0.0,0.0,0.0
5266,0.0,0.02,0.02,0.0,0.0,0.09,0.0,0.0,0.04,0.14,0.01,0.04,0.18,0.15,0.15,0.14,0.01,0.16,0.08,0.13,0.09,0.15,0.18,0.03,0.12,0.02,0.0,0.0,0.06,0.03,0.04,0.0,0.0,0.0,0.0,0.07,0.1,0.1,0.07,0.01,0.09,0.09,0.08,0.1,0.01,0.07,0.09,0.0,0.0,0.1,0.05,0.02,0.07,0.08,0.0,0.06,0.0,0.08,0.06,0.03,0.05,0.05,0.06,0.06
5267,0.0,0.12,0.11,0.0,0.0,0.47,0.0,0.0,0.1,0.56,0.06,0.1,0.56,0.54,0.54,0.55,0.01,0.53,0.15,0.53,0.33,0.54,0.54,0.5,0.51,0.08,0.0,0.0,0.07,0.12,0.09,0.0,0.0,0.0,0.0,0.48,0.49,0.02,0.48,0.09,0.5,0.48,0.28,0.49,0.1,0.48,0.48,0.0,0.0,0.48,0.46,0.06,0.47,0.2,0.0,0.45,0.0,0.28,0.46,0.13,0.47,0.46,0.06,0.46
5268,0.0,0.23,0.69,0.0,0.0,0.12,0.0,0.0,0.69,0.7,0.68,0.32,0.67,0.66,0.67,0.68,0.05,0.5,0.44,0.68,0.64,0.66,0.68,0.66,0.67,0.32,0.0,0.0,0.12,0.28,0.23,0.0,0.0,0.0,0.0,0.2,0.65,0.67,0.68,0.68,0.69,0.67,0.66,0.65,0.31,0.68,0.13,0.0,0.0,0.39,0.29,0.27,0.67,0.66,0.03,0.67,0.0,0.58,0.24,0.68,0.12,0.63,0.19,0.1
5269,0.0,0.59,0.7,0.0,0.0,0.12,0.0,0.0,0.71,0.7,0.7,0.69,0.68,0.68,0.66,0.67,0.72,0.57,0.56,0.25,0.25,0.68,0.67,0.68,0.69,0.55,0.0,0.0,0.69,0.7,0.53,0.0,0.0,0.0,0.0,0.38,0.69,0.7,0.71,0.7,0.71,0.7,0.68,0.68,0.69,0.7,0.12,0.0,0.0,0.16,0.7,0.44,0.66,0.67,0.08,0.68,0.0,0.69,0.71,0.69,0.24,0.69,0.6,0.71
5270,0.0,0.72,0.72,0.0,0.0,0.18,0.0,0.0,0.73,0.73,0.71,0.73,0.7,0.69,0.69,0.41,0.73,0.68,0.7,0.71,0.67,0.41,0.67,0.71,0.72,0.73,0.0,0.0,0.7,0.71,0.7,0.0,0.0,0.0,0.0,0.72,0.72,0.74,0.73,0.74,0.74,0.53,0.72,0.71,0.72,0.59,0.15,0.0,0.0,0.3,0.71,0.7,0.66,0.7,0.74,0.68,0.0,0.71,0.73,0.71,0.72,0.7,0.72,0.72
5271,0.0,0.73,0.74,0.0,0.0,0.73,0.0,0.0,0.67,0.75,0.7,0.73,0.71,0.7,0.71,0.72,0.54,0.69,0.72,0.71,0.75,0.7,0.69,0.73,0.73,0.74,0.0,0.0,0.72,0.73,0.72,0.0,0.0,0.0,0.0,0.72,0.73,0.74,0.74,0.74,0.75,0.73,0.73,0.72,0.73,0.47,0.72,0.0,0.0,0.73,0.69,0.71,0.72,0.69,0.74,0.69,0.0,0.52,0.7,0.72,0.72,0.55,0.72,0.72
5272,0.0,0.74,0.74,0.0,0.0,0.74,0.0,0.0,0.69,0.75,0.71,0.7,0.71,0.69,0.72,0.73,0.46,0.6,0.71,0.7,0.3,0.72,0.7,0.72,0.72,0.74,0.0,0.0,0.72,0.74,0.73,0.0,0.0,0.0,0.0,0.72,0.69,0.74,0.74,0.42,0.75,0.73,0.65,0.72,0.73,0.59,0.73,0.0,0.0,0.72,0.72,0.73,0.71,0.7,0.72,0.7,0.0,0.71,0.52,0.72,0.18,0.68,0.7,0.16
5273,0.0,0.74,0.74,0.0,0.0,0.74,0.0,0.0,0.7,0.74,0.69,0.71,0.7,0.57,0.72,0.72,0.68,0.45,0.39,0.68,0.32,0.68,0.72,0.55,0.53,0.74,0.0,0.0,0.72,0.74,0.73,0.0,0.0,0.0,0.0,0.71,0.73,0.59,0.72,0.33,0.16,0.72,0.69,0.63,0.72,0.7,0.73,0.0,0.0,0.72,0.72,0.73,0.69,0.7,0.58,0.69,0.0,0.72,0.72,0.7,0.73,0.72,0.45,0.72
5274,0.0,0.73,0.73,0.0,0.0,0.74,0.0,0.0,0.55,0.68,0.58,0.53,0.7,0.48,0.72,0.69,0.73,0.34,0.58,0.69,0.73,0.49,0.57,0.73,0.41,0.73,0.0,0.0,0.71,0.73,0.72,0.0,0.0,0.0,0.0,0.7,0.72,0.51,0.69,0.42,0.69,0.69,0.71,0.59,0.72,0.7,0.73,0.0,0.0,0.73,0.7,0.72,0.72,0.69,0.71,0.68,0.0,0.71,0.72,0.72,0.72,0.7,0.39,0.72
5275,0.0,0.7,0.7,0.0,0.0,0.72,0.0,0.0,0.45,0.7,0.55,0.43,0.34,0.57,0.68,0.68,0.7,0.26,0.43,0.68,0.7,0.44,0.6,0.7,0.39,0.7,0.0,0.0,0.68,0.7,0.69,0.0,0.0,0.0,0.0,0.68,0.69,0.15,0.66,0.25,0.46,0.68,0.68,0.69,0.7,0.68,0.71,0.0,0.0,0.71,0.67,0.69,0.68,0.66,0.69,0.65,0.0,0.67,0.69,0.68,0.69,0.68,0.69,0.7
5276,0.0,0.66,0.67,0.0,0.0,0.68,0.0,0.0,0.63,0.16,0.64,0.32,0.15,0.59,0.64,0.64,0.66,0.28,0.63,0.64,0.66,0.63,0.34,0.66,0.64,0.67,0.0,0.0,0.63,0.66,0.64,0.0,0.0,0.0,0.0,0.64,0.64,0.12,0.65,0.26,0.67,0.66,0.65,0.66,0.66,0.66,0.68,0.0,0.0,0.68,0.64,0.66,0.65,0.63,0.65,0.62,0.0,0.64,0.66,0.64,0.65,0.65,0.65,0.66
5277,0.0,0.42,0.43,0.0,0.0,0.4,0.0,0.0,0.35,0.08,0.36,0.35,0.1,0.31,0.32,0.33,0.37,0.27,0.32,0.34,0.34,0.18,0.08,0.37,0.35,0.43,0.0,0.0,0.4,0.42,0.41,0.0,0.0,0.0,0.0,0.39,0.38,0.36,0.4,0.06,0.39,0.4,0.4,0.38,0.37,0.4,0.4,0.0,0.0,0.39,0.42,0.42,0.4,0.41,0.39,0.41,0.0,0.41,0.42,0.4,0.42,0.42,0.42,0.42
5278,0.0,0.06,0.06,0.0,0.0,0.06,0.0,0.0,0.05,0.05,0.05,0.05,0.05,0.06,0.05,0.05,0.05,0.05,0.05,0.05,0.06,0.05,0.02,0.05,0.05,0.05,0.0,0.0,0.06,0.05,0.05,0.0,0.0,0.0,0.0,0.02,0.05,0.05,0.06,0.05,0.05,0.06,0.06,0.06,0.05,0.06,0.06,0.0,0.0,0.06,0.05,0.05,0.05,0.05,0.05,0.06,0.0,0.06,0.06,0.06,0.06,0.05,0.06,0.06
5279,0.0,0.0,0.0,0.0,0.0,0.0,0.0,0.0,0.0,0.0,0.0,0.0,0.0,0.0,0.0,0.0,0.0,0.0,0.0,0.0,0.0,0.0,0.0,0.0,0.0,0.0,0.0,0.0,0.0,0.0,0.0,0.0,0.0,0.0,0.0,0.0,0.0,0.0,0.0,0.0,0.0,0.0,0.0,0.0,0.0,0.0,0.0,0.0,0.0,0.0,0.0,0.0,0.0,0.0,0.0,0.0,0.0,0.0,0.0,0.0,0.0,0.0,0.0,0.0
5280,0.0,0.0,0.0,0.0,0.0,0.0,0.0,0.0,0.0,0.0,0.0,0.0,0.0,0.0,0.0,0.0,0.0,0.0,0.0,0.0,0.0,0.0,0.0,0.0,0.0,0.0,0.0,0.0,0.0,0.0,0.0,0.0,0.0,0.0,0.0,0.0,0.0,0.0,0.0,0.0,0.0,0.0,0.0,0.0,0.0,0.0,0.0,0.0,0.0,0.0,0.0,0.0,0.0,0.0,0.0,0.0,0.0,0.0,0.0,0.0,0.0,0.0,0.0,0.0
5281,0.0,0.0,0.0,0.0,0.0,0.0,0.0,0.0,0.0,0.0,0.0,0.0,0.0,0.0,0.0,0.0,0.0,0.0,0.0,0.0,0.0,0.0,0.0,0.0,0.0,0.0,0.0,0.0,0.0,0.0,0.0,0.0,0.0,0.0,0.0,0.0,0.0,0.0,0.0,0.0,0.0,0.0,0.0,0.0,0.0,0.0,0.0,0.0,0.0,0.0,0.0,0.0,0.0,0.0,0.0,0.0,0.0,0.0,0.0,0.0,0.0,0.0,0.0,0.0
5282,0.0,0.0,0.0,0.0,0.0,0.0,0.0,0.0,0.0,0.0,0.0,0.0,0.0,0.0,0.0,0.0,0.0,0.0,0.0,0.0,0.0,0.0,0.0,0.0,0.0,0.0,0.0,0.0,0.0,0.0,0.0,0.0,0.0,0.0,0.0,0.0,0.0,0.0,0.0,0.0,0.0,0.0,0.0,0.0,0.0,0.0,0.0,0.0,0.0,0.0,0.0,0.0,0.0,0.0,0.0,0.0,0.0,0.0,0.0,0.0,0.0,0.0,0.0,0.0
5283,0.0,0.0,0.0,0.0,0.0,0.0,0.0,0.0,0.0,0.0,0.0,0.0,0.0,0.0,0.0,0.0,0.0,0.0,0.0,0.0,0.0,0.0,0.0,0.0,0.0,0.0,0.0,0.0,0.0,0.0,0.0,0.0,0.0,0.0,0.0,0.0,0.0,0.0,0.0,0.0,0.0,0.0,0.0,0.0,0.0,0.0,0.0,0.0,0.0,0.0,0.0,0.0,0.0,0.0,0.0,0.0,0.0,0.0,0.0,0.0,0.0,0.0,0.0,0.0
5284,0.0,0.0,0.0,0.0,0.0,0.0,0.0,0.0,0.0,0.0,0.0,0.0,0.0,0.0,0.0,0.0,0.0,0.0,0.0,0.0,0.0,0.0,0.0,0.0,0.0,0.0,0.0,0.0,0.0,0.0,0.0,0.0,0.0,0.0,0.0,0.0,0.0,0.0,0.0,0.0,0.0,0.0,0.0,0.0,0.0,0.0,0.0,0.0,0.0,0.0,0.0,0.0,0.0,0.0,0.0,0.0,0.0,0.0,0.0,0.0,0.0,0.0,0.0,0.0
5285,0.0,0.0,0.0,0.0,0.0,0.0,0.0,0.0,0.0,0.0,0.0,0.0,0.0,0.0,0.0,0.0,0.0,0.0,0.0,0.0,0.0,0.0,0.0,0.0,0.0,0.0,0.0,0.0,0.0,0.0,0.0,0.0,0.0,0.0,0.0,0.0,0.0,0.0,0.0,0.0,0.0,0.0,0.0,0.0,0.0,0.0,0.0,0.0,0.0,0.0,0.0,0.0,0.0,0.0,0.0,0.0,0.0,0.0,0.0,0.0,0.0,0.0,0.0,0.0
5286,0.0,0.0,0.0,0.0,0.0,0.0,0.0,0.0,0.0,0.0,0.0,0.0,0.0,0.0,0.0,0.0,0.0,0.0,0.0,0.0,0.0,0.0,0.0,0.0,0.0,0.0,0.0,0.0,0.0,0.0,0.0,0.0,0.0,0.0,0.0,0.0,0.0,0.0,0.0,0.0,0.0,0.0,0.0,0.0,0.0,0.0,0.0,0.0,0.0,0.0,0.0,0.0,0.0,0.0,0.0,0.0,0.0,0.0,0.0,0.0,0.0,0.0,0.0,0.0
5287,0.0,0.0,0.0,0.0,0.0,0.0,0.0,0.0,0.0,0.0,0.0,0.0,0.0,0.0,0.0,0.0,0.0,0.0,0.0,0.0,0.0,0.0,0.0,0.0,0.0,0.0,0.0,0.0,0.0,0.0,0.0,0.0,0.0,0.0,0.0,0.0,0.0,0.0,0.0,0.0,0.0,0.0,0.0,0.0,0.0,0.0,0.0,0.0,0.0,0.0,0.0,0.0,0.0,0.0,0.0,0.0,0.0,0.0,0.0,0.0,0.0,0.0,0.0,0.0
5288,0.0,0.0,0.0,0.0,0.0,0.0,0.0,0.0,0.0,0.0,0.0,0.0,0.0,0.0,0.0,0.0,0.0,0.0,0.0,0.0,0.0,0.0,0.0,0.0,0.0,0.0,0.0,0.0,0.0,0.0,0.0,0.0,0.0,0.0,0.0,0.0,0.0,0.0,0.0,0.0,0.0,0.0,0.0,0.0,0.0,0.0,0.0,0.0,0.0,0.0,0.0,0.0,0.0,0.0,0.0,0.0,0.0,0.0,0.0,0.0,0.0,0.0,0.0,0.0
5289,0.0,0.0,0.0,0.0,0.0,0.0,0.0,0.0,0.02,0.0,0.01,0.03,0.04,0.03,0.03,0.0,0.01,0.04,0.04,0.0,0.03,0.03,0.04,0.0,0.0,0.0,0.0,0.0,0.0,0.0,0.0,0.0,0.0,0.0,0.0,0.0,0.0,0.01,0.0,0.01,0.0,0.0,0.0,0.0,0.0,0.0,0.0,0.0,0.0,0.0,0.0,0.0,0.0,0.0,0.0,0.0,0.0,0.0,0.0,0.0,0.0,0.0,0.0,0.0
5290,0.0,0.08,0.07,0.0,0.0,0.09,0.0,0.0,0.12,0.04,0.11,0.12,0.18,0.14,0.08,0.06,0.11,0.16,0.16,0.06,0.14,0.15,0.18,0.1,0.11,0.05,0.0,0.0,0.05,0.07,0.06,0.0,0.0,0.0,0.0,0.04,0.09,0.1,0.07,0.1,0.09,0.05,0.09,0.07,0.1,0.09,0.09,0.0,0.0,0.09,0.05,0.05,0.07,0.05,0.08,0.05,0.0,0.06,0.06,0.07,0.05,0.05,0.06,0.06
5291,0.0,0.41,0.41,0.0,0.0,0.43,0.0,0.0,0.47,0.06,0.46,0.49,0.56,0.51,0.21,0.2,0.46,0.54,0.54,0.18,0.49,0.52,0.55,0.45,0.47,0.38,0.0,0.0,0.4,0.4,0.4,0.0,0.0,0.0,0.0,0.42,0.45,0.47,0.43,0.47,0.45,0.35,0.44,0.46,0.45,0.44,0.41,0.0,0.0,0.41,0.42,0.42,0.44,0.41,0.45,0.41,0.0,0.43,0.42,0.43,0.42,0.42,0.42,0.42
5292,0.0,0.62,0.61,0.0,0.0,0.63,0.0,0.0,0.63,0.12,0.62,0.65,0.66,0.65,0.66,0.65,0.63,0.67,0.67,0.63,0.66,0.66,0.66,0.62,0.61,0.62,0.0,0.0,0.61,0.61,0.6,0.0,0.0,0.0,0.0,0.62,0.62,0.65,0.63,0.64,0.64,0.63,0.63,0.62,0.62,0.64,0.63,0.0,0.0,0.63,0.64,0.64,0.63,0.63,0.65,0.62,0.0,0.63,0.63,0.63,0.64,0.64,0.64,0.63
5293,0.0,0.68,0.67,0.0,0.0,0.69,0.0,0.0,0.68,0.16,0.68,0.7,0.71,0.7,0.7,0.69,0.69,0.71,0.7,0.69,0.22,0.7,0.71,0.67,0.69,0.69,0.0,0.0,0.66,0.68,0.66,0.0,0.0,0.0,0.0,0.67,0.66,0.7,0.69,0.7,0.69,0.68,0.67,0.66,0.66,0.69,0.68,0.0,0.0,0.68,0.7,0.7,0.68,0.69,0.7,0.67,0.0,0.68,0.68,0.68,0.69,0.69,0.69,0.68
5294,0.0,0.71,0.69,0.0,0.0,0.72,0.0,0.0,0.72,0.25,0.71,0.68,0.73,0.72,0.72,0.72,0.72,0.68,0.52,0.72,0.3,0.72,0.72,0.71,0.72,0.69,0.0,0.0,0.7,0.72,0.67,0.0,0.0,0.0,0.0,0.68,0.67,0.73,0.69,0.72,0.72,0.68,0.68,0.7,0.7,0.69,0.71,0.0,0.0,0.71,0.72,0.72,0.71,0.71,0.73,0.69,0.0,0.71,0.69,0.72,0.71,0.72,0.69,0.7
5295,0.0,0.72,0.7,0.0,0.0,0.74,0.0,0.0,0.73,0.32,0.72,0.53,0.73,0.73,0.73,0.73,0.73,0.65,0.4,0.72,0.2,0.73,0.74,0.72,0.74,0.68,0.0,0.0,0.71,0.72,0.71,0.0,0.0,0.0,0.0,0.69,0.7,0.7,0.7,0.73,0.72,0.69,0.7,0.71,0.71,0.69,0.72,0.0,0.0,0.73,0.72,0.73,0.72,0.73,0.74,0.72,0.0,0.72,0.7,0.73,0.73,0.72,0.7,0.72
5296,0.0,0.72,0.71,0.0,0.0,0.74,0.0,0.0,0.73,0.17,0.72,0.47,0.74,0.73,0.74,0.75,0.43,0.29,0.26,0.73,0.2,0.73,0.74,0.72,0.74,0.7,0.0,0.0,0.7,0.71,0.71,0.0,0.0,0.0,0.0,0.71,0.7,0.46,0.7,0.64,0.73,0.69,0.7,0.71,0.71,0.69,0.73,0.0,0.0,0.74,0.73,0.73,0.72,0.73,0.28,0.72,0.0,0.73,0.7,0.74,0.73,0.72,0.72,0.72
5297,0.0,0.71,0.71,0.0,0.0,0.74,0.0,0.0,0.57,0.16,0.3,0.4,0.74,0.68,0.74,0.74,0.62,0.24,0.2,0.74,0.16,0.73,0.73,0.72,0.74,0.72,0.0,0.0,0.7,0.7,0.69,0.0,0.0,0.0,0.0,0.7,0.7,0.67,0.69,0.61,0.72,0.68,0.7,0.7,0.72,0.68,0.73,0.0,0.0,0.73,0.72,0.72,0.71,0.72,0.28,0.71,0.0,0.72,0.29,0.73,0.73,0.72,0.68,0.71
5298,0.0,0.71,0.7,0.0,0.0,0.74,0.0,0.0,0.19,0.16,0.28,0.4,0.74,0.21,0.74,0.73,0.71,0.16,0.16,0.72,0.17,0.22,0.55,0.71,0.74,0.7,0.0,0.0,0.71,0.7,0.71,0.0,0.0,0.0,0.0,0.69,0.7,0.61,0.7,0.71,0.71,0.68,0.7,0.7,0.7,0.68,0.73,0.0,0.0,0.73,0.71,0.71,0.71,0.72,0.71,0.68,0.0,0.71,0.7,0.71,0.72,0.7,0.67,0.7
5299,0.0,0.67,0.66,0.0,0.0,0.7,0.0,0.0,0.65,0.26,0.38,0.7,0.42,0.18,0.26,0.24,0.52,0.1,0.1,0.2,0.52,0.19,0.54,0.68,0.7,0.67,0.0,0.0,0.67,0.67,0.67,0.0,0.0,0.0,0.0,0.66,0.66,0.68,0.66,0.69,0.66,0.66,0.66,0.68,0.59,0.66,0.69,0.0,0.0,0.69,0.68,0.68,0.66,0.67,0.67,0.64,0.0,0.67,0.66,0.67,0.68,0.67,0.67,0.66
5300,0.0,0.65,0.65,0.0,0.0,0.68,0.0,0.0,0.66,0.11,0.65,0.67,0.64,0.59,0.63,0.49,0.66,0.09,0.09,0.66,0.38,0.48,0.27,0.16,0.66,0.66,0.0,0.0,0.65,0.66,0.66,0.0,0.0,0.0,0.0,0.64,0.66,0.66,0.63,0.67,0.66,0.66,0.66,0.66,0.37,0.64,0.67,0.0,0.0,0.67,0.59,0.66,0.65,0.65,0.65,0.63,0.0,0.65,0.65,0.63,0.66,0.61,0.66,0.64
5301,0.0,0.42,0.43,0.0,0.0,0.4,0.0,0.0,0.36,0.35,0.37,0.37,0.17,0.34,0.34,0.34,0.37,0.18,0.2,0.35,0.32,0.3,0.05,0.38,0.37,0.43,0.0,0.0,0.42,0.42,0.42,0.0,0.0,0.0,0.0,0.4,0.39,0.39,0.41,0.39,0.4,0.41,0.4,0.38,0.38,0.41,0.4,0.0,0.0,0.4,0.43,0.43,0.41,0.42,0.4,0.41,0.0,0.42,0.41,0.4,0.43,0.42,0.43,0.42
5302,0.0,0.05,0.05,0.0,0.0,0.05,0.0,0.0,0.05,0.03,0.05,0.05,0.01,0.05,0.05,0.05,0.05,0.05,0.06,0.05,0.03,0.05,0.02,0.05,0.05,0.05,0.0,0.0,0.05,0.05,0.05,0.0,0.0,0.0,0.0,0.05,0.05,0.05,0.05,0.05,0.05,0.05,0.05,0.05,0.05,0.05,0.05,0.0,0.0,0.05,0.05,0.05,0.05,0.05,0.05,0.05,0.0,0.05,0.05,0.05,0.04,0.05,0.05,0.04
5303,0.0,0.0,0.0,0.0,0.0,0.0,0.0,0.0,0.0,0.0,0.0,0.0,0.0,0.0,0.0,0.0,0.0,0.0,0.0,0.0,0.0,0.0,0.0,0.0,0.0,0.0,0.0,0.0,0.0,0.0,0.0,0.0,0.0,0.0,0.0,0.0,0.0,0.0,0.0,0.0,0.0,0.0,0.0,0.0,0.0,0.0,0.0,0.0,0.0,0.0,0.0,0.0,0.0,0.0,0.0,0.0,0.0,0.0,0.0,0.0,0.0,0.0,0.0,0.0
5304,0.0,0.0,0.0,0.0,0.0,0.0,0.0,0.0,0.0,0.0,0.0,0.0,0.0,0.0,0.0,0.0,0.0,0.0,0.0,0.0,0.0,0.0,0.0,0.0,0.0,0.0,0.0,0.0,0.0,0.0,0.0,0.0,0.0,0.0,0.0,0.0,0.0,0.0,0.0,0.0,0.0,0.0,0.0,0.0,0.0,0.0,0.0,0.0,0.0,0.0,0.0,0.0,0.0,0.0,0.0,0.0,0.0,0.0,0.0,0.0,0.0,0.0,0.0,0.0
5305,0.0,0.0,0.0,0.0,0.0,0.0,0.0,0.0,0.0,0.0,0.0,0.0,0.0,0.0,0.0,0.0,0.0,0.0,0.0,0.0,0.0,0.0,0.0,0.0,0.0,0.0,0.0,0.0,0.0,0.0,0.0,0.0,0.0,0.0,0.0,0.0,0.0,0.0,0.0,0.0,0.0,0.0,0.0,0.0,0.0,0.0,0.0,0.0,0.0,0.0,0.0,0.0,0.0,0.0,0.0,0.0,0.0,0.0,0.0,0.0,0.0,0.0,0.0,0.0
5306,0.0,0.0,0.0,0.0,0.0,0.0,0.0,0.0,0.0,0.0,0.0,0.0,0.0,0.0,0.0,0.0,0.0,0.0,0.0,0.0,0.0,0.0,0.0,0.0,0.0,0.0,0.0,0.0,0.0,0.0,0.0,0.0,0.0,0.0,0.0,0.0,0.0,0.0,0.0,0.0,0.0,0.0,0.0,0.0,0.0,0.0,0.0,0.0,0.0,0.0,0.0,0.0,0.0,0.0,0.0,0.0,0.0,0.0,0.0,0.0,0.0,0.0,0.0,0.0
5307,0.0,0.0,0.0,0.0,0.0,0.0,0.0,0.0,0.0,0.0,0.0,0.0,0.0,0.0,0.0,0.0,0.0,0.0,0.0,0.0,0.0,0.0,0.0,0.0,0.0,0.0,0.0,0.0,0.0,0.0,0.0,0.0,0.0,0.0,0.0,0.0,0.0,0.0,0.0,0.0,0.0,0.0,0.0,0.0,0.0,0.0,0.0,0.0,0.0,0.0,0.0,0.0,0.0,0.0,0.0,0.0,0.0,0.0,0.0,0.0,0.0,0.0,0.0,0.0
5308,0.0,0.0,0.0,0.0,0.0,0.0,0.0,0.0,0.0,0.0,0.0,0.0,0.0,0.0,0.0,0.0,0.0,0.0,0.0,0.0,0.0,0.0,0.0,0.0,0.0,0.0,0.0,0.0,0.0,0.0,0.0,0.0,0.0,0.0,0.0,0.0,0.0,0.0,0.0,0.0,0.0,0.0,0.0,0.0,0.0,0.0,0.0,0.0,0.0,0.0,0.0,0.0,0.0,0.0,0.0,0.0,0.0,0.0,0.0,0.0,0.0,0.0,0.0,0.0
5309,0.0,0.0,0.0,0.0,0.0,0.0,0.0,0.0,0.0,0.0,0.0,0.0,0.0,0.0,0.0,0.0,0.0,0.0,0.0,0.0,0.0,0.0,0.0,0.0,0.0,0.0,0.0,0.0,0.0,0.0,0.0,0.0,0.0,0.0,0.0,0.0,0.0,0.0,0.0,0.0,0.0,0.0,0.0,0.0,0.0,0.0,0.0,0.0,0.0,0.0,0.0,0.0,0.0,0.0,0.0,0.0,0.0,0.0,0.0,0.0,0.0,0.0,0.0,0.0
5310,0.0,0.0,0.0,0.0,0.0,0.0,0.0,0.0,0.0,0.0,0.0,0.0,0.0,0.0,0.0,0.0,0.0,0.0,0.0,0.0,0.0,0.0,0.0,0.0,0.0,0.0,0.0,0.0,0.0,0.0,0.0,0.0,0.0,0.0,0.0,0.0,0.0,0.0,0.0,0.0,0.0,0.0,0.0,0.0,0.0,0.0,0.0,0.0,0.0,0.0,0.0,0.0,0.0,0.0,0.0,0.0,0.0,0.0,0.0,0.0,0.0,0.0,0.0,0.0
5311,0.0,0.0,0.0,0.0,0.0,0.0,0.0,0.0,0.0,0.0,0.0,0.0,0.0,0.0,0.0,0.0,0.0,0.0,0.0,0.0,0.0,0.0,0.0,0.0,0.0,0.0,0.0,0.0,0.0,0.0,0.0,0.0,0.0,0.0,0.0,0.0,0.0,0.0,0.0,0.0,0.0,0.0,0.0,0.0,0.0,0.0,0.0,0.0,0.0,0.0,0.0,0.0,0.0,0.0,0.0,0.0,0.0,0.0,0.0,0.0,0.0,0.0,0.0,0.0
5312,0.0,0.0,0.0,0.0,0.0,0.0,0.0,0.0,0.0,0.0,0.0,0.0,0.0,0.0,0.0,0.0,0.0,0.0,0.0,0.0,0.0,0.0,0.0,0.0,0.0,0.0,0.0,0.0,0.0,0.0,0.0,0.0,0.0,0.0,0.0,0.0,0.0,0.0,0.0,0.0,0.0,0.0,0.0,0.0,0.0,0.0,0.0,0.0,0.0,0.0,0.0,0.0,0.0,0.0,0.0,0.0,0.0,0.0,0.0,0.0,0.0,0.0,0.0,0.0
5313,0.0,0.0,0.0,0.0,0.0,0.0,0.0,0.0,0.0,0.0,0.0,0.0,0.0,0.0,0.0,0.0,0.0,0.0,0.0,0.0,0.0,0.0,0.0,0.0,0.0,0.0,0.0,0.0,0.0,0.0,0.0,0.0,0.0,0.0,0.0,0.0,0.0,0.0,0.0,0.0,0.0,0.0,0.0,0.0,0.0,0.0,0.0,0.0,0.0,0.0,0.0,0.0,0.0,0.0,0.0,0.0,0.0,0.0,0.0,0.0,0.0,0.0,0.0,0.0
5314,0.0,0.07,0.06,0.0,0.0,0.07,0.0,0.0,0.06,0.08,0.09,0.08,0.08,0.14,0.14,0.14,0.04,0.04,0.16,0.12,0.06,0.15,0.09,0.08,0.12,0.07,0.0,0.0,0.08,0.07,0.07,0.0,0.0,0.0,0.0,0.08,0.1,0.1,0.09,0.1,0.09,0.08,0.09,0.11,0.08,0.09,0.07,0.0,0.0,0.09,0.08,0.07,0.09,0.07,0.09,0.07,0.0,0.08,0.08,0.08,0.08,0.08,0.07,0.08
5315,0.0,0.44,0.44,0.0,0.0,0.46,0.0,0.0,0.24,0.53,0.49,0.3,0.57,0.53,0.53,0.52,0.16,0.09,0.57,0.51,0.39,0.54,0.57,0.49,0.49,0.44,0.0,0.0,0.43,0.44,0.44,0.0,0.0,0.0,0.0,0.46,0.48,0.48,0.45,0.49,0.46,0.46,0.44,0.48,0.49,0.44,0.46,0.0,0.0,0.46,0.35,0.41,0.36,0.36,0.48,0.34,0.0,0.36,0.29,0.29,0.32,0.38,0.42,0.27
5316,0.0,0.65,0.66,0.0,0.0,0.65,0.0,0.0,0.66,0.67,0.64,0.68,0.68,0.67,0.67,0.67,0.62,0.28,0.7,0.66,0.68,0.68,0.68,0.65,0.67,0.66,0.0,0.0,0.65,0.65,0.66,0.0,0.0,0.0,0.0,0.64,0.65,0.65,0.63,0.63,0.64,0.64,0.61,0.65,0.65,0.62,0.65,0.0,0.0,0.65,0.66,0.65,0.61,0.64,0.54,0.63,0.0,0.64,0.66,0.59,0.66,0.66,0.64,0.66
5317,0.0,0.7,0.7,0.0,0.0,0.7,0.0,0.0,0.67,0.71,0.68,0.72,0.71,0.71,0.71,0.71,0.61,0.74,0.74,0.71,0.72,0.71,0.71,0.7,0.71,0.71,0.0,0.0,0.7,0.7,0.7,0.0,0.0,0.0,0.0,0.7,0.66,0.68,0.69,0.67,0.63,0.69,0.67,0.69,0.7,0.68,0.7,0.0,0.0,0.7,0.57,0.67,0.66,0.68,0.63,0.7,0.0,0.69,0.55,0.64,0.6,0.56,0.7,0.58
5318,0.0,0.73,0.72,0.0,0.0,0.72,0.0,0.0,0.65,0.73,0.64,0.57,0.73,0.72,0.73,0.72,0.61,0.75,0.76,0.7,0.74,0.73,0.73,0.69,0.73,0.73,0.0,0.0,0.73,0.73,0.73,0.0,0.0,0.0,0.0,0.69,0.71,0.66,0.71,0.64,0.71,0.71,0.71,0.71,0.69,0.71,0.72,0.0,0.0,0.72,0.71,0.7,0.7,0.72,0.7,0.7,0.0,0.72,0.66,0.74,0.69,0.72,0.71,0.68
5319,0.0,0.74,0.73,0.0,0.0,0.74,0.0,0.0,0.65,0.74,0.63,0.63,0.74,0.68,0.67,0.68,0.64,0.76,0.77,0.7,0.68,0.68,0.74,0.73,0.74,0.71,0.0,0.0,0.72,0.74,0.73,0.0,0.0,0.0,0.0,0.73,0.72,0.68,0.73,0.65,0.71,0.72,0.72,0.73,0.73,0.73,0.73,0.0,0.0,0.74,0.66,0.71,0.69,0.61,0.74,0.72,0.0,0.65,0.63,0.72,0.65,0.62,0.72,0.65
5320,0.0,0.73,0.72,0.0,0.0,0.74,0.0,0.0,0.69,0.75,0.69,0.64,0.69,0.7,0.74,0.71,0.65,0.72,0.73,0.69,0.71,0.71,0.69,0.74,0.74,0.66,0.0,0.0,0.71,0.73,0.73,0.0,0.0,0.0,0.0,0.73,0.72,0.66,0.68,0.64,0.68,0.67,0.68,0.72,0.73,0.68,0.74,0.0,0.0,0.75,0.63,0.67,0.58,0.63,0.74,0.72,0.0,0.55,0.61,0.7,0.62,0.61,0.7,0.61
5321,0.0,0.72,0.72,0.0,0.0,0.74,0.0,0.0,0.72,0.75,0.65,0.73,0.68,0.72,0.7,0.72,0.63,0.74,0.74,0.73,0.71,0.72,0.72,0.74,0.75,0.22,0.0,0.0,0.3,0.72,0.74,0.0,0.0,0.0,0.0,0.72,0.68,0.63,0.64,0.62,0.63,0.64,0.66,0.7,0.71,0.65,0.74,0.0,0.0,0.75,0.7,0.7,0.55,0.66,0.72,0.13,0.0,0.62,0.68,0.64,0.68,0.7,0.69,0.68
5322,0.0,0.72,0.73,0.0,0.0,0.73,0.0,0.0,0.66,0.73,0.63,0.73,0.72,0.72,0.72,0.72,0.6,0.74,0.75,0.71,0.69,0.74,0.71,0.69,0.75,0.15,0.0,0.0,0.64,0.73,0.26,0.0,0.0,0.0,0.0,0.68,0.65,0.65,0.66,0.66,0.61,0.63,0.62,0.68,0.68,0.66,0.72,0.0,0.0,0.73,0.7,0.7,0.65,0.65,0.3,0.06,0.0,0.61,0.68,0.19,0.65,0.7,0.64,0.68
5323,0.0,0.72,0.71,0.0,0.0,0.71,0.0,0.0,0.63,0.7,0.59,0.71,0.51,0.67,0.65,0.63,0.14,0.72,0.73,0.61,0.7,0.69,0.67,0.61,0.71,0.69,0.0,0.0,0.64,0.72,0.69,0.0,0.0,0.0,0.0,0.61,0.59,0.52,0.13,0.5,0.49,0.55,0.57,0.61,0.61,0.16,0.71,0.0,0.0,0.71,0.66,0.67,0.61,0.67,0.54,0.1,0.0,0.39,0.61,0.36,0.63,0.67,0.64,0.6
5324,0.0,0.56,0.53,0.0,0.0,0.64,0.0,0.0,0.41,0.62,0.38,0.58,0.54,0.52,0.54,0.51,0.22,0.6,0.61,0.5,0.62,0.58,0.61,0.45,0.64,0.59,0.0,0.0,0.58,0.57,0.56,0.0,0.0,0.0,0.0,0.56,0.47,0.42,0.53,0.5,0.12,0.1,0.13,0.42,0.46,0.51,0.64,0.0,0.0,0.65,0.64,0.57,0.38,0.62,0.22,0.04,0.0,0.4,0.61,0.26,0.62,0.64,0.56,0.62
5325,0.0,0.34,0.37,0.0,0.0,0.33,0.0,0.0,0.19,0.32,0.2,0.22,0.27,0.21,0.21,0.2,0.11,0.24,0.29,0.18,0.3,0.26,0.21,0.21,0.34,0.37,0.0,0.0,0.33,0.35,0.33,0.0,0.0,0.0,0.0,0.3,0.24,0.23,0.34,0.22,0.31,0.36,0.32,0.22,0.24,0.34,0.34,0.0,0.0,0.33,0.25,0.32,0.21,0.06,0.15,0.1,0.0,0.1,0.32,0.07,0.29,0.14,0.29,0.3
5326,0.0,0.06,0.06,0.0,0.0,0.06,0.0,0.0,0.06,0.04,0.06,0.04,0.05,0.05,0.06,0.06,0.06,0.04,0.04,0.06,0.04,0.05,0.05,0.06,0.04,0.05,0.0,0.0,0.06,0.06,0.06,0.0,0.0,0.0,0.0,0.06,0.06,0.04,0.06,0.05,0.06,0.06,0.06,0.06,0.06,0.06,0.06,0.0,0.0,0.05,0.02,0.06,0.04,0.0,0.04,0.05,0.0,0.02,0.03,0.07,0.06,0.03,0.06,0.04
5327,0.0,0.0,0.0,0.0,0.0,0.0,0.0,0.0,0.0,0.0,0.0,0.0,0.0,0.0,0.0,0.0,0.0,0.0,0.0,0.0,0.0,0.0,0.0,0.0,0.0,0.0,0.0,0.0,0.0,0.0,0.0,0.0,0.0,0.0,0.0,0.0,0.0,0.0,0.0,0.0,0.0,0.0,0.0,0.0,0.0,0.0,0.0,0.0,0.0,0.0,0.0,0.0,0.0,0.0,0.0,0.0,0.0,0.0,0.0,0.0,0.0,0.0,0.0,0.0
5328,0.0,0.0,0.0,0.0,0.0,0.0,0.0,0.0,0.0,0.0,0.0,0.0,0.0,0.0,0.0,0.0,0.0,0.0,0.0,0.0,0.0,0.0,0.0,0.0,0.0,0.0,0.0,0.0,0.0,0.0,0.0,0.0,0.0,0.0,0.0,0.0,0.0,0.0,0.0,0.0,0.0,0.0,0.0,0.0,0.0,0.0,0.0,0.0,0.0,0.0,0.0,0.0,0.0,0.0,0.0,0.0,0.0,0.0,0.0,0.0,0.0,0.0,0.0,0.0
5329,0.0,0.0,0.0,0.0,0.0,0.0,0.0,0.0,0.0,0.0,0.0,0.0,0.0,0.0,0.0,0.0,0.0,0.0,0.0,0.0,0.0,0.0,0.0,0.0,0.0,0.0,0.0,0.0,0.0,0.0,0.0,0.0,0.0,0.0,0.0,0.0,0.0,0.0,0.0,0.0,0.0,0.0,0.0,0.0,0.0,0.0,0.0,0.0,0.0,0.0,0.0,0.0,0.0,0.0,0.0,0.0,0.0,0.0,0.0,0.0,0.0,0.0,0.0,0.0
5330,0.0,0.0,0.0,0.0,0.0,0.0,0.0,0.0,0.0,0.0,0.0,0.0,0.0,0.0,0.0,0.0,0.0,0.0,0.0,0.0,0.0,0.0,0.0,0.0,0.0,0.0,0.0,0.0,0.0,0.0,0.0,0.0,0.0,0.0,0.0,0.0,0.0,0.0,0.0,0.0,0.0,0.0,0.0,0.0,0.0,0.0,0.0,0.0,0.0,0.0,0.0,0.0,0.0,0.0,0.0,0.0,0.0,0.0,0.0,0.0,0.0,0.0,0.0,0.0
5331,0.0,0.0,0.0,0.0,0.0,0.0,0.0,0.0,0.0,0.0,0.0,0.0,0.0,0.0,0.0,0.0,0.0,0.0,0.0,0.0,0.0,0.0,0.0,0.0,0.0,0.0,0.0,0.0,0.0,0.0,0.0,0.0,0.0,0.0,0.0,0.0,0.0,0.0,0.0,0.0,0.0,0.0,0.0,0.0,0.0,0.0,0.0,0.0,0.0,0.0,0.0,0.0,0.0,0.0,0.0,0.0,0.0,0.0,0.0,0.0,0.0,0.0,0.0,0.0
5332,0.0,0.0,0.0,0.0,0.0,0.0,0.0,0.0,0.0,0.0,0.0,0.0,0.0,0.0,0.0,0.0,0.0,0.0,0.0,0.0,0.0,0.0,0.0,0.0,0.0,0.0,0.0,0.0,0.0,0.0,0.0,0.0,0.0,0.0,0.0,0.0,0.0,0.0,0.0,0.0,0.0,0.0,0.0,0.0,0.0,0.0,0.0,0.0,0.0,0.0,0.0,0.0,0.0,0.0,0.0,0.0,0.0,0.0,0.0,0.0,0.0,0.0,0.0,0.0
5333,0.0,0.0,0.0,0.0,0.0,0.0,0.0,0.0,0.0,0.0,0.0,0.0,0.0,0.0,0.0,0.0,0.0,0.0,0.0,0.0,0.0,0.0,0.0,0.0,0.0,0.0,0.0,0.0,0.0,0.0,0.0,0.0,0.0,0.0,0.0,0.0,0.0,0.0,0.0,0.0,0.0,0.0,0.0,0.0,0.0,0.0,0.0,0.0,0.0,0.0,0.0,0.0,0.0,0.0,0.0,0.0,0.0,0.0,0.0,0.0,0.0,0.0,0.0,0.0
5334,0.0,0.0,0.0,0.0,0.0,0.0,0.0,0.0,0.0,0.0,0.0,0.0,0.0,0.0,0.0,0.0,0.0,0.0,0.0,0.0,0.0,0.0,0.0,0.0,0.0,0.0,0.0,0.0,0.0,0.0,0.0,0.0,0.0,0.0,0.0,0.0,0.0,0.0,0.0,0.0,0.0,0.0,0.0,0.0,0.0,0.0,0.0,0.0,0.0,0.0,0.0,0.0,0.0,0.0,0.0,0.0,0.0,0.0,0.0,0.0,0.0,0.0,0.0,0.0
5335,0.0,0.0,0.0,0.0,0.0,0.0,0.0,0.0,0.0,0.0,0.0,0.0,0.0,0.0,0.0,0.0,0.0,0.0,0.0,0.0,0.0,0.0,0.0,0.0,0.0,0.0,0.0,0.0,0.0,0.0,0.0,0.0,0.0,0.0,0.0,0.0,0.0,0.0,0.0,0.0,0.0,0.0,0.0,0.0,0.0,0.0,0.0,0.0,0.0,0.0,0.0,0.0,0.0,0.0,0.0,0.0,0.0,0.0,0.0,0.0,0.0,0.0,0.0,0.0
5336,0.0,0.0,0.0,0.0,0.0,0.0,0.0,0.0,0.0,0.0,0.0,0.0,0.0,0.0,0.0,0.0,0.0,0.0,0.0,0.0,0.0,0.0,0.0,0.0,0.0,0.0,0.0,0.0,0.0,0.0,0.0,0.0,0.0,0.0,0.0,0.0,0.0,0.0,0.0,0.0,0.0,0.0,0.0,0.0,0.0,0.0,0.0,0.0,0.0,0.0,0.0,0.0,0.0,0.0,0.0,0.0,0.0,0.0,0.0,0.0,0.0,0.0,0.0,0.0
5337,0.0,0.0,0.0,0.0,0.0,0.0,0.0,0.0,0.0,0.0,0.0,0.0,0.0,0.0,0.0,0.0,0.0,0.0,0.0,0.0,0.0,0.0,0.0,0.0,0.0,0.0,0.0,0.0,0.0,0.0,0.0,0.0,0.0,0.0,0.0,0.0,0.0,0.0,0.0,0.0,0.0,0.0,0.0,0.0,0.0,0.0,0.0,0.0,0.0,0.0,0.0,0.0,0.0,0.0,0.0,0.0,0.0,0.0,0.0,0.0,0.0,0.0,0.0,0.0
5338,0.0,0.04,0.03,0.0,0.0,0.07,0.0,0.0,0.04,0.11,0.03,0.03,0.06,0.04,0.03,0.04,0.06,0.14,0.14,0.05,0.02,0.04,0.08,0.04,0.08,0.04,0.0,0.0,0.03,0.04,0.03,0.0,0.0,0.0,0.0,0.09,0.04,0.09,0.09,0.11,0.04,0.09,0.09,0.07,0.04,0.09,0.07,0.0,0.0,0.07,0.08,0.08,0.05,0.06,0.04,0.08,0.0,0.04,0.08,0.03,0.08,0.08,0.08,0.08
5339,0.0,0.19,0.18,0.0,0.0,0.43,0.0,0.0,0.23,0.32,0.15,0.06,0.17,0.12,0.11,0.14,0.51,0.21,0.08,0.2,0.31,0.14,0.59,0.5,0.5,0.46,0.0,0.0,0.37,0.28,0.34,0.0,0.0,0.0,0.0,0.27,0.23,0.5,0.47,0.51,0.34,0.47,0.48,0.49,0.5,0.48,0.33,0.0,0.0,0.3,0.41,0.36,0.48,0.27,0.09,0.03,0.0,0.18,0.44,0.12,0.43,0.43,0.32,0.43
5340,0.0,0.68,0.69,0.0,0.0,0.67,0.0,0.0,0.67,0.24,0.66,0.1,0.7,0.36,0.42,0.35,0.68,0.1,0.13,0.49,0.3,0.4,0.69,0.67,0.66,0.49,0.0,0.0,0.66,0.68,0.66,0.0,0.0,0.0,0.0,0.68,0.68,0.67,0.56,0.68,0.69,0.55,0.62,0.67,0.68,0.57,0.67,0.0,0.0,0.67,0.4,0.66,0.66,0.24,0.24,0.03,0.0,0.56,0.45,0.42,0.44,0.43,0.66,0.42
5341,0.0,0.73,0.73,0.0,0.0,0.7,0.0,0.0,0.72,0.16,0.72,0.15,0.71,0.72,0.72,0.72,0.73,0.66,0.26,0.72,0.03,0.72,0.74,0.72,0.68,0.73,0.0,0.0,0.29,0.73,0.73,0.0,0.0,0.0,0.0,0.73,0.68,0.72,0.73,0.74,0.7,0.73,0.73,0.67,0.72,0.74,0.7,0.0,0.0,0.71,0.43,0.69,0.66,0.09,0.68,0.26,0.0,0.09,0.5,0.06,0.57,0.38,0.46,0.5
5342,0.0,0.73,0.7,0.0,0.0,0.71,0.0,0.0,0.72,0.64,0.7,0.19,0.76,0.73,0.74,0.73,0.74,0.2,0.14,0.73,0.23,0.73,0.75,0.62,0.73,0.74,0.0,0.0,0.74,0.73,0.74,0.0,0.0,0.0,0.0,0.74,0.74,0.68,0.38,0.72,0.68,0.48,0.62,0.73,0.64,0.44,0.71,0.0,0.0,0.71,0.53,0.69,0.48,0.14,0.18,0.15,0.0,0.1,0.54,0.03,0.61,0.6,0.42,0.57
5343,0.0,0.63,0.7,0.0,0.0,0.6,0.0,0.0,0.73,0.14,0.62,0.26,0.76,0.74,0.75,0.75,0.69,0.55,0.13,0.75,0.49,0.75,0.76,0.74,0.74,0.74,0.0,0.0,0.75,0.6,0.74,0.0,0.0,0.0,0.0,0.74,0.6,0.66,0.75,0.65,0.76,0.75,0.53,0.71,0.74,0.7,0.67,0.0,0.0,0.68,0.65,0.65,0.68,0.14,0.13,0.19,0.0,0.12,0.55,0.04,0.67,0.7,0.73,0.6
5344,0.0,0.74,0.73,0.0,0.0,0.7,0.0,0.0,0.75,0.06,0.74,0.76,0.77,0.75,0.76,0.76,0.63,0.19,0.07,0.7,0.19,0.75,0.75,0.61,0.73,0.74,0.0,0.0,0.72,0.73,0.73,0.0,0.0,0.0,0.0,0.7,0.62,0.75,0.75,0.76,0.75,0.74,0.74,0.74,0.54,0.74,0.68,0.0,0.0,0.69,0.12,0.72,0.74,0.05,0.2,0.74,0.0,0.26,0.69,0.09,0.69,0.08,0.74,0.7
5345,0.0,0.73,0.74,0.0,0.0,0.72,0.0,0.0,0.73,0.08,0.71,0.73,0.76,0.73,0.75,0.64,0.76,0.24,0.11,0.76,0.07,0.77,0.75,0.75,0.7,0.72,0.0,0.0,0.74,0.73,0.74,0.0,0.0,0.0,0.0,0.64,0.74,0.75,0.72,0.75,0.76,0.66,0.74,0.74,0.75,0.74,0.7,0.0,0.0,0.73,0.15,0.73,0.73,0.04,0.19,0.52,0.0,0.08,0.7,0.06,0.71,0.09,0.74,0.7
5346,0.0,0.73,0.72,0.0,0.0,0.74,0.0,0.0,0.6,0.12,0.72,0.65,0.75,0.75,0.76,0.71,0.75,0.17,0.26,0.52,0.27,0.76,0.74,0.74,0.68,0.74,0.0,0.0,0.73,0.73,0.74,0.0,0.0,0.0,0.0,0.7,0.66,0.75,0.74,0.75,0.74,0.66,0.7,0.65,0.74,0.74,0.73,0.0,0.0,0.69,0.08,0.72,0.29,0.33,0.19,0.73,0.0,0.4,0.16,0.09,0.68,0.08,0.73,0.68
5347,0.0,0.71,0.7,0.0,0.0,0.73,0.0,0.0,0.73,0.2,0.72,0.73,0.72,0.54,0.68,0.73,0.72,0.67,0.71,0.74,0.23,0.58,0.71,0.5,0.65,0.72,0.0,0.0,0.72,0.71,0.72,0.0,0.0,0.0,0.0,0.67,0.61,0.72,0.7,0.72,0.72,0.7,0.71,0.49,0.54,0.71,0.73,0.0,0.0,0.73,0.14,0.36,0.35,0.2,0.07,0.71,0.0,0.72,0.06,0.72,0.7,0.1,0.72,0.14
5348,0.0,0.65,0.65,0.0,0.0,0.67,0.0,0.0,0.39,0.14,0.61,0.66,0.65,0.66,0.66,0.66,0.66,0.63,0.62,0.61,0.62,0.66,0.6,0.56,0.59,0.67,0.0,0.0,0.66,0.66,0.66,0.0,0.0,0.0,0.0,0.66,0.66,0.66,0.64,0.67,0.66,0.65,0.65,0.65,0.67,0.64,0.67,0.0,0.0,0.67,0.66,0.09,0.66,0.66,0.66,0.65,0.0,0.66,0.05,0.66,0.17,0.66,0.67,0.08
5349,0.0,0.41,0.41,0.0,0.0,0.39,0.0,0.0,0.25,0.11,0.35,0.35,0.23,0.23,0.29,0.23,0.36,0.3,0.31,0.16,0.3,0.28,0.28,0.34,0.36,0.41,0.0,0.0,0.4,0.41,0.41,0.0,0.0,0.0,0.0,0.38,0.37,0.37,0.38,0.37,0.38,0.38,0.38,0.32,0.35,0.38,0.39,0.0,0.0,0.38,0.41,0.17,0.39,0.4,0.38,0.38,0.0,0.4,0.4,0.39,0.41,0.41,0.41,0.41
5350,0.0,0.06,0.06,0.0,0.0,0.06,0.0,0.0,0.03,0.06,0.06,0.06,0.05,0.03,0.05,0.06,0.06,0.05,0.05,0.05,0.05,0.03,0.05,0.06,0.05,0.07,0.0,0.0,0.05,0.06,0.06,0.0,0.0,0.0,0.0,0.06,0.06,0.06,0.06,0.06,0.06,0.06,0.06,0.06,0.06,0.06,0.06,0.0,0.0,0.06,0.04,0.04,0.06,0.06,0.06,0.06,0.0,0.06,0.05,0.06,0.04,0.06,0.03,0.04
5351,0.0,0.0,0.0,0.0,0.0,0.0,0.0,0.0,0.0,0.0,0.0,0.0,0.0,0.0,0.0,0.0,0.0,0.0,0.0,0.0,0.0,0.0,0.0,0.0,0.0,0.0,0.0,0.0,0.0,0.0,0.0,0.0,0.0,0.0,0.0,0.0,0.0,0.0,0.0,0.0,0.0,0.0,0.0,0.0,0.0,0.0,0.0,0.0,0.0,0.0,0.0,0.0,0.0,0.0,0.0,0.0,0.0,0.0,0.0,0.0,0.0,0.0,0.0,0.0
5352,0.0,0.0,0.0,0.0,0.0,0.0,0.0,0.0,0.0,0.0,0.0,0.0,0.0,0.0,0.0,0.0,0.0,0.0,0.0,0.0,0.0,0.0,0.0,0.0,0.0,0.0,0.0,0.0,0.0,0.0,0.0,0.0,0.0,0.0,0.0,0.0,0.0,0.0,0.0,0.0,0.0,0.0,0.0,0.0,0.0,0.0,0.0,0.0,0.0,0.0,0.0,0.0,0.0,0.0,0.0,0.0,0.0,0.0,0.0,0.0,0.0,0.0,0.0,0.0
5353,0.0,0.0,0.0,0.0,0.0,0.0,0.0,0.0,0.0,0.0,0.0,0.0,0.0,0.0,0.0,0.0,0.0,0.0,0.0,0.0,0.0,0.0,0.0,0.0,0.0,0.0,0.0,0.0,0.0,0.0,0.0,0.0,0.0,0.0,0.0,0.0,0.0,0.0,0.0,0.0,0.0,0.0,0.0,0.0,0.0,0.0,0.0,0.0,0.0,0.0,0.0,0.0,0.0,0.0,0.0,0.0,0.0,0.0,0.0,0.0,0.0,0.0,0.0,0.0
5354,0.0,0.0,0.0,0.0,0.0,0.0,0.0,0.0,0.0,0.0,0.0,0.0,0.0,0.0,0.0,0.0,0.0,0.0,0.0,0.0,0.0,0.0,0.0,0.0,0.0,0.0,0.0,0.0,0.0,0.0,0.0,0.0,0.0,0.0,0.0,0.0,0.0,0.0,0.0,0.0,0.0,0.0,0.0,0.0,0.0,0.0,0.0,0.0,0.0,0.0,0.0,0.0,0.0,0.0,0.0,0.0,0.0,0.0,0.0,0.0,0.0,0.0,0.0,0.0
5355,0.0,0.0,0.0,0.0,0.0,0.0,0.0,0.0,0.0,0.0,0.0,0.0,0.0,0.0,0.0,0.0,0.0,0.0,0.0,0.0,0.0,0.0,0.0,0.0,0.0,0.0,0.0,0.0,0.0,0.0,0.0,0.0,0.0,0.0,0.0,0.0,0.0,0.0,0.0,0.0,0.0,0.0,0.0,0.0,0.0,0.0,0.0,0.0,0.0,0.0,0.0,0.0,0.0,0.0,0.0,0.0,0.0,0.0,0.0,0.0,0.0,0.0,0.0,0.0
5356,0.0,0.0,0.0,0.0,0.0,0.0,0.0,0.0,0.0,0.0,0.0,0.0,0.0,0.0,0.0,0.0,0.0,0.0,0.0,0.0,0.0,0.0,0.0,0.0,0.0,0.0,0.0,0.0,0.0,0.0,0.0,0.0,0.0,0.0,0.0,0.0,0.0,0.0,0.0,0.0,0.0,0.0,0.0,0.0,0.0,0.0,0.0,0.0,0.0,0.0,0.0,0.0,0.0,0.0,0.0,0.0,0.0,0.0,0.0,0.0,0.0,0.0,0.0,0.0
5357,0.0,0.0,0.0,0.0,0.0,0.0,0.0,0.0,0.0,0.0,0.0,0.0,0.0,0.0,0.0,0.0,0.0,0.0,0.0,0.0,0.0,0.0,0.0,0.0,0.0,0.0,0.0,0.0,0.0,0.0,0.0,0.0,0.0,0.0,0.0,0.0,0.0,0.0,0.0,0.0,0.0,0.0,0.0,0.0,0.0,0.0,0.0,0.0,0.0,0.0,0.0,0.0,0.0,0.0,0.0,0.0,0.0,0.0,0.0,0.0,0.0,0.0,0.0,0.0
5358,0.0,0.0,0.0,0.0,0.0,0.0,0.0,0.0,0.0,0.0,0.0,0.0,0.0,0.0,0.0,0.0,0.0,0.0,0.0,0.0,0.0,0.0,0.0,0.0,0.0,0.0,0.0,0.0,0.0,0.0,0.0,0.0,0.0,0.0,0.0,0.0,0.0,0.0,0.0,0.0,0.0,0.0,0.0,0.0,0.0,0.0,0.0,0.0,0.0,0.0,0.0,0.0,0.0,0.0,0.0,0.0,0.0,0.0,0.0,0.0,0.0,0.0,0.0,0.0
5359,0.0,0.0,0.0,0.0,0.0,0.0,0.0,0.0,0.0,0.0,0.0,0.0,0.0,0.0,0.0,0.0,0.0,0.0,0.0,0.0,0.0,0.0,0.0,0.0,0.0,0.0,0.0,0.0,0.0,0.0,0.0,0.0,0.0,0.0,0.0,0.0,0.0,0.0,0.0,0.0,0.0,0.0,0.0,0.0,0.0,0.0,0.0,0.0,0.0,0.0,0.0,0.0,0.0,0.0,0.0,0.0,0.0,0.0,0.0,0.0,0.0,0.0,0.0,0.0
5360,0.0,0.0,0.0,0.0,0.0,0.0,0.0,0.0,0.0,0.0,0.0,0.0,0.0,0.0,0.0,0.0,0.0,0.0,0.0,0.0,0.0,0.0,0.0,0.0,0.0,0.0,0.0,0.0,0.0,0.0,0.0,0.0,0.0,0.0,0.0,0.0,0.0,0.0,0.0,0.0,0.0,0.0,0.0,0.0,0.0,0.0,0.0,0.0,0.0,0.0,0.0,0.0,0.0,0.0,0.0,0.0,0.0,0.0,0.0,0.0,0.0,0.0,0.0,0.0
5361,0.0,0.0,0.0,0.0,0.0,0.0,0.0,0.0,0.0,0.01,0.0,0.01,0.04,0.0,0.0,0.0,0.0,0.03,0.03,0.0,0.03,0.0,0.04,0.0,0.0,0.0,0.0,0.0,0.0,0.0,0.0,0.0,0.0,0.0,0.0,0.0,0.0,0.0,0.0,0.0,0.0,0.0,0.0,0.0,0.0,0.0,0.0,0.0,0.0,0.0,0.0,0.0,0.0,0.0,0.0,0.0,0.0,0.0,0.0,0.0,0.0,0.0,0.0,0.0
5362,0.0,0.03,0.04,0.0,0.0,0.08,0.0,0.0,0.06,0.07,0.06,0.12,0.19,0.04,0.06,0.06,0.11,0.17,0.16,0.05,0.14,0.04,0.19,0.08,0.1,0.07,0.0,0.0,0.08,0.02,0.04,0.0,0.0,0.0,0.0,0.06,0.09,0.1,0.07,0.1,0.09,0.08,0.05,0.09,0.09,0.08,0.08,0.0,0.0,0.08,0.05,0.05,0.07,0.05,0.1,0.05,0.0,0.06,0.06,0.07,0.06,0.06,0.06,0.06
5363,0.0,0.14,0.12,0.0,0.0,0.4,0.0,0.0,0.3,0.56,0.29,0.55,0.61,0.2,0.25,0.16,0.53,0.6,0.6,0.15,0.56,0.13,0.61,0.52,0.5,0.43,0.0,0.0,0.45,0.09,0.19,0.0,0.0,0.0,0.0,0.06,0.51,0.52,0.49,0.52,0.51,0.5,0.28,0.49,0.52,0.49,0.34,0.0,0.0,0.42,0.48,0.46,0.49,0.47,0.49,0.45,0.0,0.48,0.47,0.49,0.47,0.48,0.47,0.47
5364,0.0,0.12,0.07,0.0,0.0,0.62,0.0,0.0,0.34,0.66,0.64,0.67,0.68,0.42,0.49,0.41,0.66,0.68,0.68,0.35,0.66,0.3,0.68,0.64,0.61,0.53,0.0,0.0,0.63,0.33,0.39,0.0,0.0,0.0,0.0,0.61,0.64,0.65,0.64,0.66,0.64,0.63,0.64,0.64,0.64,0.64,0.64,0.0,0.0,0.62,0.65,0.48,0.65,0.64,0.66,0.63,0.0,0.64,0.64,0.65,0.64,0.65,0.64,0.63
5365,0.0,0.1,0.29,0.0,0.0,0.68,0.0,0.0,0.6,0.69,0.7,0.71,0.71,0.72,0.72,0.71,0.71,0.72,0.72,0.7,0.7,0.72,0.71,0.69,0.68,0.51,0.0,0.0,0.57,0.11,0.36,0.0,0.0,0.0,0.0,0.68,0.69,0.71,0.69,0.71,0.67,0.69,0.7,0.67,0.69,0.7,0.68,0.0,0.0,0.69,0.7,0.21,0.71,0.69,0.71,0.68,0.0,0.7,0.69,0.7,0.69,0.7,0.57,0.69
5366,0.0,0.51,0.37,0.0,0.0,0.7,0.0,0.0,0.72,0.53,0.71,0.74,0.73,0.73,0.73,0.74,0.73,0.74,0.74,0.72,0.72,0.73,0.72,0.71,0.72,0.38,0.0,0.0,0.7,0.58,0.49,0.0,0.0,0.0,0.0,0.7,0.72,0.73,0.72,0.73,0.73,0.72,0.72,0.72,0.72,0.72,0.7,0.0,0.0,0.71,0.73,0.19,0.73,0.72,0.74,0.71,0.0,0.7,0.72,0.73,0.72,0.73,0.38,0.72
5367,0.0,0.48,0.41,0.0,0.0,0.68,0.0,0.0,0.72,0.71,0.72,0.75,0.74,0.74,0.74,0.74,0.74,0.75,0.75,0.73,0.73,0.74,0.74,0.73,0.73,0.3,0.0,0.0,0.7,0.44,0.53,0.0,0.0,0.0,0.0,0.65,0.73,0.74,0.73,0.75,0.74,0.73,0.73,0.72,0.73,0.73,0.69,0.0,0.0,0.7,0.69,0.26,0.74,0.74,0.75,0.72,0.0,0.62,0.71,0.73,0.44,0.73,0.53,0.72
5368,0.0,0.41,0.7,0.0,0.0,0.71,0.0,0.0,0.73,0.09,0.73,0.75,0.74,0.74,0.75,0.75,0.74,0.75,0.75,0.74,0.73,0.74,0.74,0.74,0.74,0.31,0.0,0.0,0.72,0.35,0.36,0.0,0.0,0.0,0.0,0.71,0.68,0.75,0.73,0.76,0.74,0.73,0.73,0.73,0.74,0.73,0.71,0.0,0.0,0.72,0.53,0.34,0.73,0.59,0.74,0.65,0.0,0.58,0.59,0.74,0.38,0.67,0.34,0.34
5369,0.0,0.73,0.3,0.0,0.0,0.74,0.0,0.0,0.74,0.73,0.73,0.75,0.74,0.74,0.75,0.75,0.74,0.75,0.76,0.75,0.73,0.74,0.73,0.75,0.74,0.56,0.0,0.0,0.53,0.44,0.34,0.0,0.0,0.0,0.0,0.72,0.73,0.74,0.73,0.76,0.74,0.73,0.73,0.74,0.74,0.73,0.73,0.0,0.0,0.74,0.65,0.67,0.73,0.74,0.74,0.3,0.0,0.73,0.65,0.74,0.74,0.46,0.73,0.74
5370,0.0,0.37,0.13,0.0,0.0,0.73,0.0,0.0,0.74,0.72,0.72,0.75,0.73,0.73,0.74,0.74,0.51,0.74,0.75,0.74,0.67,0.74,0.73,0.74,0.73,0.73,0.0,0.0,0.24,0.38,0.36,0.0,0.0,0.0,0.0,0.71,0.72,0.73,0.15,0.74,0.71,0.13,0.25,0.74,0.74,0.22,0.72,0.0,0.0,0.72,0.73,0.61,0.74,0.3,0.73,0.42,0.0,0.18,0.42,0.35,0.64,0.38,0.62,0.69
5371,0.0,0.68,0.68,0.0,0.0,0.68,0.0,0.0,0.7,0.68,0.69,0.71,0.7,0.7,0.71,0.71,0.7,0.7,0.71,0.7,0.25,0.7,0.68,0.7,0.7,0.68,0.0,0.0,0.67,0.69,0.69,0.0,0.0,0.0,0.0,0.43,0.69,0.7,0.7,0.7,0.7,0.7,0.69,0.7,0.7,0.7,0.68,0.0,0.0,0.68,0.65,0.23,0.24,0.42,0.55,0.41,0.0,0.07,0.51,0.19,0.68,0.56,0.6,0.48
5372,0.0,0.66,0.66,0.0,0.0,0.65,0.0,0.0,0.66,0.64,0.65,0.67,0.66,0.66,0.67,0.67,0.66,0.66,0.67,0.66,0.54,0.66,0.64,0.67,0.66,0.38,0.0,0.0,0.23,0.66,0.66,0.0,0.0,0.0,0.0,0.66,0.66,0.67,0.66,0.67,0.67,0.66,0.66,0.67,0.67,0.67,0.65,0.0,0.0,0.66,0.68,0.21,0.12,0.23,0.2,0.64,0.0,0.12,0.65,0.18,0.66,0.67,0.33,0.68
5373,0.0,0.42,0.42,0.0,0.0,0.37,0.0,0.0,0.36,0.18,0.36,0.36,0.3,0.33,0.34,0.34,0.37,0.32,0.32,0.35,0.26,0.33,0.29,0.38,0.36,0.26,0.0,0.0,0.38,0.3,0.26,0.0,0.0,0.0,0.0,0.39,0.38,0.38,0.33,0.38,0.39,0.4,0.36,0.38,0.38,0.34,0.38,0.0,0.0,0.38,0.39,0.43,0.07,0.43,0.1,0.23,0.0,0.35,0.42,0.07,0.32,0.24,0.14,0.42
5374,0.0,0.06,0.05,0.0,0.0,0.06,0.0,0.0,0.05,0.01,0.05,0.05,0.05,0.05,0.05,0.05,0.05,0.05,0.05,0.05,0.03,0.05,0.05,0.05,0.05,0.06,0.0,0.0,0.05,0.06,0.05,0.0,0.0,0.0,0.0,0.06,0.05,0.05,0.06,0.05,0.05,0.06,0.05,0.05,0.05,0.06,0.06,0.0,0.0,0.06,0.06,0.06,0.05,0.05,0.05,0.03,0.0,0.06,0.06,0.04,0.06,0.05,0.05,0.06
5375,0.0,0.0,0.0,0.0,0.0,0.0,0.0,0.0,0.0,0.0,0.0,0.0,0.0,0.0,0.0,0.0,0.0,0.0,0.0,0.0,0.0,0.0,0.0,0.0,0.0,0.0,0.0,0.0,0.0,0.0,0.0,0.0,0.0,0.0,0.0,0.0,0.0,0.0,0.0,0.0,0.0,0.0,0.0,0.0,0.0,0.0,0.0,0.0,0.0,0.0,0.0,0.0,0.0,0.0,0.0,0.0,0.0,0.0,0.0,0.0,0.0,0.0,0.0,0.0
5376,0.0,0.0,0.0,0.0,0.0,0.0,0.0,0.0,0.0,0.0,0.0,0.0,0.0,0.0,0.0,0.0,0.0,0.0,0.0,0.0,0.0,0.0,0.0,0.0,0.0,0.0,0.0,0.0,0.0,0.0,0.0,0.0,0.0,0.0,0.0,0.0,0.0,0.0,0.0,0.0,0.0,0.0,0.0,0.0,0.0,0.0,0.0,0.0,0.0,0.0,0.0,0.0,0.0,0.0,0.0,0.0,0.0,0.0,0.0,0.0,0.0,0.0,0.0,0.0
5377,0.0,0.0,0.0,0.0,0.0,0.0,0.0,0.0,0.0,0.0,0.0,0.0,0.0,0.0,0.0,0.0,0.0,0.0,0.0,0.0,0.0,0.0,0.0,0.0,0.0,0.0,0.0,0.0,0.0,0.0,0.0,0.0,0.0,0.0,0.0,0.0,0.0,0.0,0.0,0.0,0.0,0.0,0.0,0.0,0.0,0.0,0.0,0.0,0.0,0.0,0.0,0.0,0.0,0.0,0.0,0.0,0.0,0.0,0.0,0.0,0.0,0.0,0.0,0.0
5378,0.0,0.0,0.0,0.0,0.0,0.0,0.0,0.0,0.0,0.0,0.0,0.0,0.0,0.0,0.0,0.0,0.0,0.0,0.0,0.0,0.0,0.0,0.0,0.0,0.0,0.0,0.0,0.0,0.0,0.0,0.0,0.0,0.0,0.0,0.0,0.0,0.0,0.0,0.0,0.0,0.0,0.0,0.0,0.0,0.0,0.0,0.0,0.0,0.0,0.0,0.0,0.0,0.0,0.0,0.0,0.0,0.0,0.0,0.0,0.0,0.0,0.0,0.0,0.0
5379,0.0,0.0,0.0,0.0,0.0,0.0,0.0,0.0,0.0,0.0,0.0,0.0,0.0,0.0,0.0,0.0,0.0,0.0,0.0,0.0,0.0,0.0,0.0,0.0,0.0,0.0,0.0,0.0,0.0,0.0,0.0,0.0,0.0,0.0,0.0,0.0,0.0,0.0,0.0,0.0,0.0,0.0,0.0,0.0,0.0,0.0,0.0,0.0,0.0,0.0,0.0,0.0,0.0,0.0,0.0,0.0,0.0,0.0,0.0,0.0,0.0,0.0,0.0,0.0
5380,0.0,0.0,0.0,0.0,0.0,0.0,0.0,0.0,0.0,0.0,0.0,0.0,0.0,0.0,0.0,0.0,0.0,0.0,0.0,0.0,0.0,0.0,0.0,0.0,0.0,0.0,0.0,0.0,0.0,0.0,0.0,0.0,0.0,0.0,0.0,0.0,0.0,0.0,0.0,0.0,0.0,0.0,0.0,0.0,0.0,0.0,0.0,0.0,0.0,0.0,0.0,0.0,0.0,0.0,0.0,0.0,0.0,0.0,0.0,0.0,0.0,0.0,0.0,0.0
5381,0.0,0.0,0.0,0.0,0.0,0.0,0.0,0.0,0.0,0.0,0.0,0.0,0.0,0.0,0.0,0.0,0.0,0.0,0.0,0.0,0.0,0.0,0.0,0.0,0.0,0.0,0.0,0.0,0.0,0.0,0.0,0.0,0.0,0.0,0.0,0.0,0.0,0.0,0.0,0.0,0.0,0.0,0.0,0.0,0.0,0.0,0.0,0.0,0.0,0.0,0.0,0.0,0.0,0.0,0.0,0.0,0.0,0.0,0.0,0.0,0.0,0.0,0.0,0.0
5382,0.0,0.0,0.0,0.0,0.0,0.0,0.0,0.0,0.0,0.0,0.0,0.0,0.0,0.0,0.0,0.0,0.0,0.0,0.0,0.0,0.0,0.0,0.0,0.0,0.0,0.0,0.0,0.0,0.0,0.0,0.0,0.0,0.0,0.0,0.0,0.0,0.0,0.0,0.0,0.0,0.0,0.0,0.0,0.0,0.0,0.0,0.0,0.0,0.0,0.0,0.0,0.0,0.0,0.0,0.0,0.0,0.0,0.0,0.0,0.0,0.0,0.0,0.0,0.0
5383,0.0,0.0,0.0,0.0,0.0,0.0,0.0,0.0,0.0,0.0,0.0,0.0,0.0,0.0,0.0,0.0,0.0,0.0,0.0,0.0,0.0,0.0,0.0,0.0,0.0,0.0,0.0,0.0,0.0,0.0,0.0,0.0,0.0,0.0,0.0,0.0,0.0,0.0,0.0,0.0,0.0,0.0,0.0,0.0,0.0,0.0,0.0,0.0,0.0,0.0,0.0,0.0,0.0,0.0,0.0,0.0,0.0,0.0,0.0,0.0,0.0,0.0,0.0,0.0
5384,0.0,0.0,0.0,0.0,0.0,0.0,0.0,0.0,0.0,0.0,0.0,0.0,0.0,0.0,0.0,0.0,0.0,0.0,0.0,0.0,0.0,0.0,0.0,0.0,0.0,0.0,0.0,0.0,0.0,0.0,0.0,0.0,0.0,0.0,0.0,0.0,0.0,0.0,0.0,0.0,0.0,0.0,0.0,0.0,0.0,0.0,0.0,0.0,0.0,0.0,0.0,0.0,0.0,0.0,0.0,0.0,0.0,0.0,0.0,0.0,0.0,0.0,0.0,0.0
5385,0.0,0.0,0.0,0.0,0.0,0.0,0.0,0.0,0.0,0.0,0.0,0.0,0.01,0.0,0.0,0.0,0.0,0.0,0.0,0.0,0.0,0.0,0.01,0.0,0.0,0.0,0.0,0.0,0.0,0.0,0.0,0.0,0.0,0.0,0.0,0.0,0.0,0.0,0.0,0.0,0.0,0.0,0.0,0.0,0.0,0.0,0.0,0.0,0.0,0.0,0.0,0.0,0.0,0.0,0.0,0.0,0.0,0.0,0.0,0.0,0.0,0.0,0.0,0.0
5386,0.0,0.0,0.0,0.0,0.0,0.06,0.0,0.0,0.13,0.07,0.12,0.13,0.18,0.15,0.15,0.09,0.12,0.16,0.16,0.09,0.14,0.15,0.18,0.11,0.08,0.01,0.0,0.0,0.01,0.0,0.01,0.0,0.0,0.0,0.0,0.06,0.1,0.11,0.09,0.11,0.1,0.09,0.1,0.11,0.11,0.09,0.06,0.0,0.0,0.07,0.08,0.08,0.09,0.08,0.1,0.08,0.0,0.08,0.08,0.09,0.08,0.08,0.07,0.08
5387,0.0,0.06,0.02,0.0,0.0,0.43,0.0,0.0,0.47,0.49,0.46,0.47,0.56,0.51,0.52,0.51,0.46,0.51,0.51,0.49,0.48,0.52,0.53,0.46,0.46,0.01,0.0,0.0,0.01,0.08,0.01,0.0,0.0,0.0,0.0,0.06,0.45,0.46,0.44,0.46,0.45,0.42,0.44,0.45,0.45,0.44,0.43,0.0,0.0,0.44,0.42,0.19,0.44,0.42,0.45,0.41,0.0,0.43,0.42,0.44,0.42,0.43,0.24,0.42
5388,0.0,0.39,0.2,0.0,0.0,0.62,0.0,0.0,0.62,0.57,0.63,0.65,0.67,0.65,0.65,0.64,0.64,0.65,0.13,0.64,0.64,0.65,0.64,0.62,0.59,0.01,0.0,0.0,0.53,0.57,0.01,0.0,0.0,0.0,0.0,0.08,0.64,0.65,0.23,0.64,0.64,0.33,0.61,0.62,0.62,0.32,0.61,0.0,0.0,0.61,0.65,0.12,0.65,0.64,0.65,0.63,0.0,0.65,0.64,0.64,0.57,0.64,0.18,0.64
5389,0.0,0.06,0.64,0.0,0.0,0.63,0.0,0.0,0.67,0.66,0.67,0.69,0.7,0.66,0.67,0.68,0.69,0.69,0.69,0.68,0.66,0.67,0.66,0.67,0.58,0.08,0.0,0.0,0.04,0.01,0.01,0.0,0.0,0.0,0.0,0.08,0.67,0.69,0.66,0.7,0.7,0.23,0.57,0.66,0.67,0.26,0.63,0.0,0.0,0.63,0.68,0.28,0.69,0.66,0.7,0.67,0.0,0.69,0.68,0.68,0.69,0.67,0.45,0.66
5390,0.0,0.1,0.38,0.0,0.0,0.66,0.0,0.0,0.69,0.69,0.68,0.72,0.71,0.68,0.69,0.68,0.71,0.72,0.69,0.7,0.67,0.69,0.69,0.69,0.67,0.06,0.0,0.0,0.16,0.19,0.01,0.0,0.0,0.0,0.0,0.07,0.68,0.72,0.07,0.72,0.72,0.05,0.7,0.69,0.69,0.06,0.65,0.0,0.0,0.66,0.66,0.69,0.7,0.69,0.7,0.67,0.0,0.7,0.71,0.69,0.68,0.52,0.09,0.7
5391,0.0,0.28,0.11,0.0,0.0,0.17,0.0,0.0,0.7,0.7,0.7,0.73,0.71,0.7,0.71,0.71,0.72,0.73,0.61,0.7,0.68,0.71,0.7,0.71,0.7,0.09,0.0,0.0,0.46,0.12,0.74,0.0,0.0,0.0,0.0,0.72,0.7,0.74,0.26,0.73,0.73,0.73,0.33,0.7,0.71,0.04,0.12,0.0,0.0,0.05,0.49,0.39,0.71,0.71,0.7,0.67,0.0,0.7,0.7,0.7,0.4,0.58,0.46,0.53
5392,0.0,0.74,0.02,0.0,0.0,0.35,0.0,0.0,0.7,0.24,0.7,0.74,0.72,0.7,0.72,0.73,0.73,0.73,0.71,0.71,0.52,0.71,0.71,0.72,0.73,0.17,0.0,0.0,0.34,0.42,0.09,0.0,0.0,0.0,0.0,0.73,0.72,0.74,0.69,0.74,0.73,0.18,0.14,0.69,0.72,0.07,0.41,0.0,0.0,0.08,0.38,0.58,0.71,0.65,0.68,0.61,0.0,0.69,0.59,0.69,0.29,0.51,0.65,0.54
5393,0.0,0.04,0.14,0.0,0.0,0.42,0.0,0.0,0.71,0.17,0.71,0.66,0.71,0.7,0.72,0.73,0.72,0.72,0.51,0.71,0.39,0.71,0.7,0.72,0.74,0.72,0.0,0.0,0.73,0.29,0.19,0.0,0.0,0.0,0.0,0.72,0.54,0.73,0.36,0.74,0.64,0.28,0.16,0.67,0.71,0.48,0.51,0.0,0.0,0.28,0.31,0.45,0.71,0.51,0.66,0.68,0.0,0.66,0.63,0.65,0.34,0.33,0.66,0.34
5394,0.0,0.71,0.72,0.0,0.0,0.68,0.0,0.0,0.7,0.44,0.7,0.7,0.69,0.68,0.71,0.72,0.68,0.41,0.3,0.71,0.15,0.69,0.68,0.71,0.72,0.32,0.0,0.0,0.46,0.65,0.63,0.0,0.0,0.0,0.0,0.6,0.71,0.71,0.38,0.7,0.71,0.36,0.44,0.69,0.69,0.36,0.67,0.0,0.0,0.66,0.67,0.38,0.71,0.48,0.33,0.48,0.0,0.3,0.7,0.6,0.65,0.56,0.26,0.66
5395,0.0,0.42,0.71,0.0,0.0,0.68,0.0,0.0,0.71,0.2,0.7,0.62,0.66,0.69,0.7,0.72,0.7,0.26,0.2,0.72,0.11,0.69,0.66,0.71,0.72,0.35,0.0,0.0,0.26,0.36,0.34,0.0,0.0,0.0,0.0,0.33,0.7,0.71,0.32,0.71,0.49,0.39,0.58,0.69,0.69,0.35,0.68,0.0,0.0,0.65,0.31,0.65,0.71,0.19,0.65,0.47,0.0,0.07,0.58,0.24,0.68,0.22,0.23,0.68
5396,0.0,0.32,0.5,0.0,0.0,0.64,0.0,0.0,0.64,0.06,0.65,0.12,0.59,0.64,0.62,0.64,0.54,0.2,0.08,0.65,0.08,0.62,0.6,0.66,0.65,0.5,0.0,0.0,0.18,0.28,0.32,0.0,0.0,0.0,0.0,0.25,0.64,0.63,0.21,0.61,0.32,0.37,0.26,0.64,0.64,0.26,0.64,0.0,0.0,0.64,0.16,0.44,0.37,0.12,0.1,0.44,0.0,0.12,0.22,0.11,0.26,0.13,0.17,0.26
5397,0.0,0.07,0.06,0.0,0.0,0.2,0.0,0.0,0.35,0.15,0.35,0.05,0.28,0.32,0.31,0.32,0.07,0.23,0.04,0.34,0.04,0.31,0.27,0.36,0.35,0.12,0.0,0.0,0.17,0.07,0.18,0.0,0.0,0.0,0.0,0.16,0.36,0.34,0.19,0.23,0.18,0.24,0.29,0.37,0.37,0.24,0.1,0.0,0.0,0.08,0.1,0.08,0.05,0.1,0.07,0.15,0.0,0.12,0.16,0.07,0.1,0.08,0.24,0.16
5398,0.0,0.02,0.02,0.0,0.0,0.06,0.0,0.0,0.05,0.02,0.05,0.01,0.05,0.05,0.05,0.05,0.02,0.05,0.06,0.05,0.01,0.05,0.05,0.05,0.05,0.02,0.0,0.0,0.04,0.02,0.03,0.0,0.0,0.0,0.0,0.06,0.06,0.04,0.06,0.02,0.03,0.06,0.06,0.05,0.05,0.06,0.06,0.0,0.0,0.05,0.03,0.06,0.02,0.06,0.02,0.05,0.0,0.06,0.05,0.04,0.06,0.05,0.03,0.07
5399,0.0,0.0,0.0,0.0,0.0,0.0,0.0,0.0,0.0,0.0,0.0,0.0,0.0,0.0,0.0,0.0,0.0,0.0,0.0,0.0,0.0,0.0,0.0,0.0,0.0,0.0,0.0,0.0,0.0,0.0,0.0,0.0,0.0,0.0,0.0,0.0,0.0,0.0,0.0,0.0,0.0,0.0,0.0,0.0,0.0,0.0,0.0,0.0,0.0,0.0,0.0,0.0,0.0,0.0,0.0,0.0,0.0,0.0,0.0,0.0,0.0,0.0,0.0,0.0
5400,0.0,0.0,0.0,0.0,0.0,0.0,0.0,0.0,0.0,0.0,0.0,0.0,0.0,0.0,0.0,0.0,0.0,0.0,0.0,0.0,0.0,0.0,0.0,0.0,0.0,0.0,0.0,0.0,0.0,0.0,0.0,0.0,0.0,0.0,0.0,0.0,0.0,0.0,0.0,0.0,0.0,0.0,0.0,0.0,0.0,0.0,0.0,0.0,0.0,0.0,0.0,0.0,0.0,0.0,0.0,0.0,0.0,0.0,0.0,0.0,0.0,0.0,0.0,0.0
5401,0.0,0.0,0.0,0.0,0.0,0.0,0.0,0.0,0.0,0.0,0.0,0.0,0.0,0.0,0.0,0.0,0.0,0.0,0.0,0.0,0.0,0.0,0.0,0.0,0.0,0.0,0.0,0.0,0.0,0.0,0.0,0.0,0.0,0.0,0.0,0.0,0.0,0.0,0.0,0.0,0.0,0.0,0.0,0.0,0.0,0.0,0.0,0.0,0.0,0.0,0.0,0.0,0.0,0.0,0.0,0.0,0.0,0.0,0.0,0.0,0.0,0.0,0.0,0.0
5402,0.0,0.0,0.0,0.0,0.0,0.0,0.0,0.0,0.0,0.0,0.0,0.0,0.0,0.0,0.0,0.0,0.0,0.0,0.0,0.0,0.0,0.0,0.0,0.0,0.0,0.0,0.0,0.0,0.0,0.0,0.0,0.0,0.0,0.0,0.0,0.0,0.0,0.0,0.0,0.0,0.0,0.0,0.0,0.0,0.0,0.0,0.0,0.0,0.0,0.0,0.0,0.0,0.0,0.0,0.0,0.0,0.0,0.0,0.0,0.0,0.0,0.0,0.0,0.0
5403,0.0,0.0,0.0,0.0,0.0,0.0,0.0,0.0,0.0,0.0,0.0,0.0,0.0,0.0,0.0,0.0,0.0,0.0,0.0,0.0,0.0,0.0,0.0,0.0,0.0,0.0,0.0,0.0,0.0,0.0,0.0,0.0,0.0,0.0,0.0,0.0,0.0,0.0,0.0,0.0,0.0,0.0,0.0,0.0,0.0,0.0,0.0,0.0,0.0,0.0,0.0,0.0,0.0,0.0,0.0,0.0,0.0,0.0,0.0,0.0,0.0,0.0,0.0,0.0
5404,0.0,0.0,0.0,0.0,0.0,0.0,0.0,0.0,0.0,0.0,0.0,0.0,0.0,0.0,0.0,0.0,0.0,0.0,0.0,0.0,0.0,0.0,0.0,0.0,0.0,0.0,0.0,0.0,0.0,0.0,0.0,0.0,0.0,0.0,0.0,0.0,0.0,0.0,0.0,0.0,0.0,0.0,0.0,0.0,0.0,0.0,0.0,0.0,0.0,0.0,0.0,0.0,0.0,0.0,0.0,0.0,0.0,0.0,0.0,0.0,0.0,0.0,0.0,0.0
5405,0.0,0.0,0.0,0.0,0.0,0.0,0.0,0.0,0.0,0.0,0.0,0.0,0.0,0.0,0.0,0.0,0.0,0.0,0.0,0.0,0.0,0.0,0.0,0.0,0.0,0.0,0.0,0.0,0.0,0.0,0.0,0.0,0.0,0.0,0.0,0.0,0.0,0.0,0.0,0.0,0.0,0.0,0.0,0.0,0.0,0.0,0.0,0.0,0.0,0.0,0.0,0.0,0.0,0.0,0.0,0.0,0.0,0.0,0.0,0.0,0.0,0.0,0.0,0.0
5406,0.0,0.0,0.0,0.0,0.0,0.0,0.0,0.0,0.0,0.0,0.0,0.0,0.0,0.0,0.0,0.0,0.0,0.0,0.0,0.0,0.0,0.0,0.0,0.0,0.0,0.0,0.0,0.0,0.0,0.0,0.0,0.0,0.0,0.0,0.0,0.0,0.0,0.0,0.0,0.0,0.0,0.0,0.0,0.0,0.0,0.0,0.0,0.0,0.0,0.0,0.0,0.0,0.0,0.0,0.0,0.0,0.0,0.0,0.0,0.0,0.0,0.0,0.0,0.0
5407,0.0,0.0,0.0,0.0,0.0,0.0,0.0,0.0,0.0,0.0,0.0,0.0,0.0,0.0,0.0,0.0,0.0,0.0,0.0,0.0,0.0,0.0,0.0,0.0,0.0,0.0,0.0,0.0,0.0,0.0,0.0,0.0,0.0,0.0,0.0,0.0,0.0,0.0,0.0,0.0,0.0,0.0,0.0,0.0,0.0,0.0,0.0,0.0,0.0,0.0,0.0,0.0,0.0,0.0,0.0,0.0,0.0,0.0,0.0,0.0,0.0,0.0,0.0,0.0
5408,0.0,0.0,0.0,0.0,0.0,0.0,0.0,0.0,0.0,0.0,0.0,0.0,0.0,0.0,0.0,0.0,0.0,0.0,0.0,0.0,0.0,0.0,0.0,0.0,0.0,0.0,0.0,0.0,0.0,0.0,0.0,0.0,0.0,0.0,0.0,0.0,0.0,0.0,0.0,0.0,0.0,0.0,0.0,0.0,0.0,0.0,0.0,0.0,0.0,0.0,0.0,0.0,0.0,0.0,0.0,0.0,0.0,0.0,0.0,0.0,0.0,0.0,0.0,0.0
5409,0.0,0.0,0.0,0.0,0.0,0.0,0.0,0.0,0.0,0.03,0.0,0.01,0.03,0.01,0.01,0.01,0.0,0.03,0.03,0.0,0.0,0.01,0.03,0.0,0.0,0.0,0.0,0.0,0.0,0.0,0.0,0.0,0.0,0.0,0.0,0.0,0.0,0.0,0.0,0.0,0.0,0.0,0.0,0.0,0.0,0.0,0.0,0.0,0.0,0.0,0.0,0.0,0.0,0.0,0.0,0.0,0.0,0.0,0.0,0.0,0.0,0.0,0.0,0.0
5410,0.0,0.02,0.01,0.0,0.0,0.08,0.0,0.0,0.12,0.15,0.12,0.12,0.17,0.15,0.15,0.14,0.11,0.16,0.08,0.14,0.07,0.15,0.17,0.11,0.11,0.07,0.0,0.0,0.06,0.02,0.06,0.0,0.0,0.0,0.0,0.05,0.09,0.11,0.08,0.11,0.09,0.08,0.08,0.1,0.11,0.08,0.09,0.0,0.0,0.01,0.06,0.05,0.07,0.06,0.08,0.05,0.0,0.06,0.06,0.07,0.06,0.06,0.06,0.06
5411,0.0,0.06,0.08,0.0,0.0,0.42,0.0,0.0,0.47,0.52,0.39,0.48,0.47,0.45,0.48,0.25,0.46,0.5,0.34,0.49,0.21,0.48,0.46,0.35,0.47,0.26,0.0,0.0,0.42,0.06,0.41,0.0,0.0,0.0,0.0,0.15,0.45,0.44,0.43,0.46,0.43,0.43,0.44,0.45,0.44,0.43,0.4,0.0,0.0,0.13,0.42,0.41,0.43,0.42,0.44,0.4,0.0,0.42,0.42,0.42,0.42,0.42,0.42,0.42
5412,0.0,0.19,0.6,0.0,0.0,0.6,0.0,0.0,0.61,0.64,0.61,0.64,0.64,0.59,0.6,0.33,0.61,0.64,0.62,0.16,0.64,0.62,0.62,0.57,0.64,0.61,0.0,0.0,0.62,0.28,0.62,0.0,0.0,0.0,0.0,0.35,0.61,0.61,0.61,0.61,0.61,0.62,0.62,0.61,0.61,0.62,0.6,0.0,0.0,0.61,0.64,0.62,0.63,0.63,0.63,0.6,0.0,0.63,0.63,0.62,0.63,0.63,0.63,0.63
5413,0.0,0.66,0.66,0.0,0.0,0.66,0.0,0.0,0.22,0.69,0.67,0.7,0.68,0.65,0.63,0.66,0.67,0.68,0.67,0.25,0.69,0.66,0.66,0.65,0.69,0.66,0.0,0.0,0.67,0.67,0.67,0.0,0.0,0.0,0.0,0.68,0.66,0.67,0.67,0.68,0.66,0.68,0.67,0.66,0.65,0.68,0.66,0.0,0.0,0.66,0.7,0.68,0.7,0.69,0.7,0.65,0.0,0.69,0.69,0.69,0.69,0.7,0.68,0.69
5414,0.0,0.68,0.68,0.0,0.0,0.69,0.0,0.0,0.29,0.7,0.67,0.72,0.69,0.67,0.67,0.69,0.7,0.7,0.69,0.7,0.7,0.68,0.7,0.68,0.69,0.67,0.0,0.0,0.68,0.68,0.68,0.0,0.0,0.0,0.0,0.69,0.67,0.7,0.67,0.71,0.68,0.68,0.68,0.67,0.67,0.68,0.69,0.0,0.0,0.68,0.72,0.7,0.71,0.71,0.72,0.69,0.0,0.71,0.72,0.71,0.7,0.72,0.71,0.71
5415,0.0,0.67,0.68,0.0,0.0,0.7,0.0,0.0,0.7,0.72,0.66,0.72,0.69,0.69,0.69,0.7,0.71,0.7,0.5,0.7,0.72,0.69,0.71,0.68,0.67,0.64,0.0,0.0,0.68,0.67,0.68,0.0,0.0,0.0,0.0,0.69,0.69,0.7,0.68,0.72,0.69,0.68,0.69,0.68,0.68,0.67,0.7,0.0,0.0,0.7,0.73,0.68,0.71,0.72,0.73,0.7,0.0,0.71,0.73,0.72,0.71,0.73,0.71,0.72
5416,0.0,0.64,0.66,0.0,0.0,0.7,0.0,0.0,0.69,0.72,0.67,0.72,0.71,0.7,0.67,0.7,0.71,0.71,0.41,0.69,0.72,0.69,0.72,0.69,0.39,0.44,0.0,0.0,0.64,0.59,0.66,0.0,0.0,0.0,0.0,0.71,0.66,0.72,0.69,0.71,0.7,0.69,0.67,0.68,0.67,0.62,0.7,0.0,0.0,0.69,0.73,0.68,0.72,0.72,0.73,0.71,0.0,0.7,0.72,0.72,0.33,0.73,0.64,0.7
5417,0.0,0.62,0.65,0.0,0.0,0.72,0.0,0.0,0.7,0.72,0.67,0.72,0.7,0.7,0.68,0.7,0.7,0.71,0.49,0.69,0.72,0.69,0.72,0.7,0.71,0.39,0.0,0.0,0.6,0.54,0.47,0.0,0.0,0.0,0.0,0.71,0.68,0.69,0.54,0.7,0.71,0.45,0.7,0.68,0.69,0.55,0.7,0.0,0.0,0.7,0.74,0.72,0.73,0.73,0.74,0.72,0.0,0.72,0.73,0.72,0.73,0.73,0.32,0.72
5418,0.0,0.67,0.67,0.0,0.0,0.6,0.0,0.0,0.7,0.71,0.68,0.6,0.7,0.67,0.7,0.7,0.72,0.7,0.47,0.68,0.72,0.68,0.71,0.7,0.71,0.38,0.0,0.0,0.63,0.41,0.66,0.0,0.0,0.0,0.0,0.68,0.66,0.67,0.65,0.71,0.67,0.69,0.68,0.63,0.69,0.63,0.57,0.0,0.0,0.63,0.73,0.7,0.73,0.73,0.73,0.44,0.0,0.73,0.73,0.72,0.72,0.73,0.71,0.72
5419,0.0,0.67,0.65,0.0,0.0,0.28,0.0,0.0,0.67,0.69,0.65,0.6,0.67,0.64,0.68,0.68,0.68,0.65,0.7,0.67,0.7,0.64,0.68,0.68,0.7,0.27,0.0,0.0,0.59,0.42,0.69,0.0,0.0,0.0,0.0,0.61,0.67,0.66,0.64,0.61,0.69,0.6,0.2,0.66,0.67,0.7,0.42,0.0,0.0,0.58,0.59,0.66,0.71,0.55,0.71,0.22,0.0,0.65,0.71,0.66,0.67,0.61,0.28,0.7
5420,0.0,0.6,0.63,0.0,0.0,0.49,0.0,0.0,0.6,0.62,0.6,0.62,0.6,0.59,0.61,0.61,0.29,0.6,0.57,0.61,0.63,0.6,0.6,0.55,0.64,0.61,0.0,0.0,0.61,0.47,0.64,0.0,0.0,0.0,0.0,0.61,0.62,0.64,0.57,0.64,0.64,0.63,0.63,0.61,0.58,0.64,0.51,0.0,0.0,0.54,0.19,0.2,0.27,0.2,0.61,0.09,0.0,0.18,0.26,0.14,0.12,0.19,0.18,0.16
5421,0.0,0.1,0.39,0.0,0.0,0.37,0.0,0.0,0.32,0.32,0.34,0.34,0.27,0.31,0.3,0.31,0.29,0.28,0.28,0.32,0.33,0.3,0.27,0.33,0.34,0.13,0.0,0.0,0.13,0.12,0.1,0.0,0.0,0.0,0.0,0.33,0.36,0.32,0.36,0.36,0.37,0.38,0.38,0.34,0.34,0.37,0.36,0.0,0.0,0.34,0.08,0.11,0.08,0.07,0.12,0.05,0.0,0.09,0.09,0.08,0.05,0.07,0.12,0.05
5422,0.0,0.02,0.02,0.0,0.0,0.05,0.0,0.0,0.05,0.05,0.06,0.05,0.05,0.05,0.05,0.05,0.05,0.05,0.02,0.05,0.05,0.05,0.05,0.05,0.05,0.04,0.0,0.0,0.04,0.02,0.02,0.0,0.0,0.0,0.0,0.04,0.05,0.05,0.05,0.05,0.05,0.06,0.06,0.06,0.05,0.05,0.05,0.0,0.0,0.06,0.03,0.06,0.02,0.06,0.05,0.03,0.0,0.07,0.04,0.02,0.05,0.05,0.03,0.05
5423,0.0,0.0,0.0,0.0,0.0,0.0,0.0,0.0,0.0,0.0,0.0,0.0,0.0,0.0,0.0,0.0,0.0,0.0,0.0,0.0,0.0,0.0,0.0,0.0,0.0,0.0,0.0,0.0,0.0,0.0,0.0,0.0,0.0,0.0,0.0,0.0,0.0,0.0,0.0,0.0,0.0,0.0,0.0,0.0,0.0,0.0,0.0,0.0,0.0,0.0,0.0,0.0,0.0,0.0,0.0,0.0,0.0,0.0,0.0,0.0,0.0,0.0,0.0,0.0
5424,0.0,0.0,0.0,0.0,0.0,0.0,0.0,0.0,0.0,0.0,0.0,0.0,0.0,0.0,0.0,0.0,0.0,0.0,0.0,0.0,0.0,0.0,0.0,0.0,0.0,0.0,0.0,0.0,0.0,0.0,0.0,0.0,0.0,0.0,0.0,0.0,0.0,0.0,0.0,0.0,0.0,0.0,0.0,0.0,0.0,0.0,0.0,0.0,0.0,0.0,0.0,0.0,0.0,0.0,0.0,0.0,0.0,0.0,0.0,0.0,0.0,0.0,0.0,0.0
5425,0.0,0.0,0.0,0.0,0.0,0.0,0.0,0.0,0.0,0.0,0.0,0.0,0.0,0.0,0.0,0.0,0.0,0.0,0.0,0.0,0.0,0.0,0.0,0.0,0.0,0.0,0.0,0.0,0.0,0.0,0.0,0.0,0.0,0.0,0.0,0.0,0.0,0.0,0.0,0.0,0.0,0.0,0.0,0.0,0.0,0.0,0.0,0.0,0.0,0.0,0.0,0.0,0.0,0.0,0.0,0.0,0.0,0.0,0.0,0.0,0.0,0.0,0.0,0.0
5426,0.0,0.0,0.0,0.0,0.0,0.0,0.0,0.0,0.0,0.0,0.0,0.0,0.0,0.0,0.0,0.0,0.0,0.0,0.0,0.0,0.0,0.0,0.0,0.0,0.0,0.0,0.0,0.0,0.0,0.0,0.0,0.0,0.0,0.0,0.0,0.0,0.0,0.0,0.0,0.0,0.0,0.0,0.0,0.0,0.0,0.0,0.0,0.0,0.0,0.0,0.0,0.0,0.0,0.0,0.0,0.0,0.0,0.0,0.0,0.0,0.0,0.0,0.0,0.0
5427,0.0,0.0,0.0,0.0,0.0,0.0,0.0,0.0,0.0,0.0,0.0,0.0,0.0,0.0,0.0,0.0,0.0,0.0,0.0,0.0,0.0,0.0,0.0,0.0,0.0,0.0,0.0,0.0,0.0,0.0,0.0,0.0,0.0,0.0,0.0,0.0,0.0,0.0,0.0,0.0,0.0,0.0,0.0,0.0,0.0,0.0,0.0,0.0,0.0,0.0,0.0,0.0,0.0,0.0,0.0,0.0,0.0,0.0,0.0,0.0,0.0,0.0,0.0,0.0
5428,0.0,0.0,0.0,0.0,0.0,0.0,0.0,0.0,0.0,0.0,0.0,0.0,0.0,0.0,0.0,0.0,0.0,0.0,0.0,0.0,0.0,0.0,0.0,0.0,0.0,0.0,0.0,0.0,0.0,0.0,0.0,0.0,0.0,0.0,0.0,0.0,0.0,0.0,0.0,0.0,0.0,0.0,0.0,0.0,0.0,0.0,0.0,0.0,0.0,0.0,0.0,0.0,0.0,0.0,0.0,0.0,0.0,0.0,0.0,0.0,0.0,0.0,0.0,0.0
5429,0.0,0.0,0.0,0.0,0.0,0.0,0.0,0.0,0.0,0.0,0.0,0.0,0.0,0.0,0.0,0.0,0.0,0.0,0.0,0.0,0.0,0.0,0.0,0.0,0.0,0.0,0.0,0.0,0.0,0.0,0.0,0.0,0.0,0.0,0.0,0.0,0.0,0.0,0.0,0.0,0.0,0.0,0.0,0.0,0.0,0.0,0.0,0.0,0.0,0.0,0.0,0.0,0.0,0.0,0.0,0.0,0.0,0.0,0.0,0.0,0.0,0.0,0.0,0.0
5430,0.0,0.0,0.0,0.0,0.0,0.0,0.0,0.0,0.0,0.0,0.0,0.0,0.0,0.0,0.0,0.0,0.0,0.0,0.0,0.0,0.0,0.0,0.0,0.0,0.0,0.0,0.0,0.0,0.0,0.0,0.0,0.0,0.0,0.0,0.0,0.0,0.0,0.0,0.0,0.0,0.0,0.0,0.0,0.0,0.0,0.0,0.0,0.0,0.0,0.0,0.0,0.0,0.0,0.0,0.0,0.0,0.0,0.0,0.0,0.0,0.0,0.0,0.0,0.0
5431,0.0,0.0,0.0,0.0,0.0,0.0,0.0,0.0,0.0,0.0,0.0,0.0,0.0,0.0,0.0,0.0,0.0,0.0,0.0,0.0,0.0,0.0,0.0,0.0,0.0,0.0,0.0,0.0,0.0,0.0,0.0,0.0,0.0,0.0,0.0,0.0,0.0,0.0,0.0,0.0,0.0,0.0,0.0,0.0,0.0,0.0,0.0,0.0,0.0,0.0,0.0,0.0,0.0,0.0,0.0,0.0,0.0,0.0,0.0,0.0,0.0,0.0,0.0,0.0
5432,0.0,0.0,0.0,0.0,0.0,0.0,0.0,0.0,0.0,0.0,0.0,0.0,0.0,0.0,0.0,0.0,0.0,0.0,0.0,0.0,0.0,0.0,0.0,0.0,0.0,0.0,0.0,0.0,0.0,0.0,0.0,0.0,0.0,0.0,0.0,0.0,0.0,0.0,0.0,0.0,0.0,0.0,0.0,0.0,0.0,0.0,0.0,0.0,0.0,0.0,0.0,0.0,0.0,0.0,0.0,0.0,0.0,0.0,0.0,0.0,0.0,0.0,0.0,0.0
5433,0.0,0.0,0.0,0.0,0.0,0.0,0.0,0.0,0.0,0.01,0.0,0.0,0.0,0.0,0.0,0.0,0.0,0.01,0.0,0.0,0.0,0.0,0.0,0.0,0.0,0.0,0.0,0.0,0.0,0.0,0.0,0.0,0.0,0.0,0.0,0.0,0.0,0.0,0.0,0.0,0.0,0.0,0.0,0.0,0.0,0.0,0.0,0.0,0.0,0.0,0.0,0.0,0.0,0.0,0.0,0.0,0.0,0.0,0.0,0.0,0.0,0.0,0.0,0.0
5434,0.0,0.07,0.07,0.0,0.0,0.06,0.0,0.0,0.12,0.02,0.11,0.12,0.16,0.14,0.11,0.08,0.12,0.11,0.07,0.06,0.14,0.15,0.13,0.06,0.09,0.07,0.0,0.0,0.08,0.07,0.08,0.0,0.0,0.0,0.0,0.09,0.1,0.11,0.09,0.11,0.1,0.09,0.09,0.04,0.07,0.09,0.06,0.0,0.0,0.1,0.04,0.07,0.09,0.03,0.1,0.05,0.0,0.04,0.06,0.08,0.06,0.04,0.08,0.04
5435,0.0,0.43,0.42,0.0,0.0,0.44,0.0,0.0,0.49,0.03,0.49,0.51,0.5,0.5,0.51,0.51,0.49,0.3,0.33,0.36,0.53,0.33,0.18,0.47,0.48,0.43,0.0,0.0,0.43,0.43,0.43,0.0,0.0,0.0,0.0,0.44,0.47,0.49,0.45,0.49,0.48,0.45,0.46,0.44,0.47,0.45,0.45,0.0,0.0,0.45,0.44,0.42,0.45,0.43,0.46,0.42,0.0,0.27,0.44,0.45,0.44,0.44,0.43,0.44
5436,0.0,0.64,0.63,0.0,0.0,0.63,0.0,0.0,0.63,0.03,0.64,0.66,0.65,0.65,0.65,0.65,0.64,0.67,0.67,0.64,0.13,0.5,0.39,0.64,0.63,0.64,0.0,0.0,0.63,0.64,0.64,0.0,0.0,0.0,0.0,0.64,0.64,0.65,0.65,0.66,0.66,0.64,0.65,0.63,0.64,0.65,0.63,0.0,0.0,0.63,0.65,0.63,0.64,0.64,0.64,0.63,0.0,0.64,0.65,0.64,0.64,0.65,0.64,0.65
5437,0.0,0.68,0.67,0.0,0.0,0.67,0.0,0.0,0.68,0.01,0.68,0.69,0.5,0.68,0.69,0.68,0.68,0.68,0.68,0.69,0.73,0.69,0.68,0.68,0.69,0.7,0.0,0.0,0.67,0.69,0.69,0.0,0.0,0.0,0.0,0.69,0.69,0.69,0.69,0.7,0.7,0.68,0.69,0.68,0.68,0.69,0.67,0.0,0.0,0.67,0.7,0.58,0.69,0.69,0.69,0.63,0.0,0.69,0.69,0.69,0.68,0.7,0.69,0.68
5438,0.0,0.6,0.42,0.0,0.0,0.69,0.0,0.0,0.7,0.02,0.7,0.72,0.71,0.67,0.7,0.7,0.7,0.23,0.16,0.71,0.1,0.68,0.69,0.7,0.69,0.56,0.0,0.0,0.42,0.57,0.42,0.0,0.0,0.0,0.0,0.7,0.7,0.71,0.67,0.72,0.71,0.69,0.7,0.7,0.7,0.68,0.68,0.0,0.0,0.68,0.61,0.6,0.69,0.62,0.66,0.59,0.0,0.63,0.65,0.66,0.3,0.63,0.42,0.36
5439,0.0,0.67,0.55,0.0,0.0,0.65,0.0,0.0,0.7,0.62,0.7,0.73,0.72,0.67,0.7,0.7,0.68,0.72,0.24,0.68,0.75,0.67,0.13,0.71,0.7,0.71,0.0,0.0,0.63,0.68,0.4,0.0,0.0,0.0,0.0,0.4,0.69,0.71,0.36,0.72,0.64,0.47,0.43,0.7,0.7,0.42,0.64,0.0,0.0,0.68,0.66,0.69,0.68,0.64,0.68,0.62,0.0,0.65,0.67,0.68,0.42,0.68,0.39,0.46
5440,0.0,0.52,0.66,0.0,0.0,0.32,0.0,0.0,0.7,0.75,0.68,0.72,0.71,0.69,0.67,0.71,0.62,0.62,0.69,0.68,0.36,0.7,0.23,0.7,0.71,0.7,0.0,0.0,0.71,0.36,0.35,0.0,0.0,0.0,0.0,0.29,0.66,0.49,0.36,0.5,0.22,0.33,0.31,0.69,0.68,0.31,0.27,0.0,0.0,0.29,0.6,0.4,0.66,0.6,0.63,0.64,0.0,0.63,0.62,0.63,0.44,0.62,0.52,0.4
5441,0.0,0.27,0.61,0.0,0.0,0.19,0.0,0.0,0.7,0.74,0.48,0.7,0.2,0.7,0.71,0.72,0.37,0.2,0.3,0.69,0.3,0.72,0.67,0.53,0.7,0.54,0.0,0.0,0.24,0.26,0.24,0.0,0.0,0.0,0.0,0.16,0.11,0.18,0.28,0.17,0.26,0.21,0.3,0.4,0.42,0.47,0.19,0.0,0.0,0.16,0.66,0.54,0.59,0.66,0.38,0.67,0.0,0.6,0.62,0.58,0.42,0.67,0.29,0.4
5442,0.0,0.36,0.59,0.0,0.0,0.24,0.0,0.0,0.22,0.69,0.18,0.26,0.71,0.7,0.46,0.71,0.15,0.02,0.04,0.61,0.07,0.51,0.24,0.16,0.63,0.27,0.0,0.0,0.32,0.26,0.22,0.0,0.0,0.0,0.0,0.22,0.29,0.17,0.27,0.17,0.26,0.33,0.32,0.15,0.13,0.35,0.24,0.0,0.0,0.17,0.7,0.33,0.56,0.7,0.51,0.63,0.0,0.66,0.68,0.58,0.38,0.7,0.28,0.7
5443,0.0,0.68,0.68,0.0,0.0,0.16,0.0,0.0,0.13,0.69,0.09,0.1,0.13,0.4,0.56,0.29,0.13,0.0,0.19,0.34,0.3,0.55,0.1,0.14,0.25,0.68,0.0,0.0,0.47,0.65,0.68,0.0,0.0,0.0,0.0,0.21,0.09,0.23,0.23,0.12,0.6,0.19,0.33,0.12,0.26,0.23,0.11,0.0,0.0,0.08,0.69,0.68,0.61,0.66,0.53,0.61,0.0,0.62,0.66,0.53,0.56,0.66,0.63,0.59
5444,0.0,0.52,0.61,0.0,0.0,0.08,0.0,0.0,0.07,0.55,0.08,0.06,0.07,0.25,0.58,0.16,0.06,0.13,0.05,0.08,0.1,0.17,0.05,0.18,0.2,0.61,0.0,0.0,0.61,0.5,0.56,0.0,0.0,0.0,0.0,0.39,0.12,0.09,0.28,0.09,0.1,0.25,0.2,0.19,0.2,0.3,0.07,0.0,0.0,0.07,0.63,0.61,0.48,0.63,0.11,0.47,0.0,0.43,0.61,0.26,0.6,0.63,0.62,0.6
5445,0.0,0.36,0.37,0.0,0.0,0.29,0.0,0.0,0.05,0.28,0.07,0.03,0.02,0.04,0.03,0.04,0.1,0.04,0.05,0.03,0.07,0.06,0.04,0.09,0.04,0.35,0.0,0.0,0.36,0.36,0.36,0.0,0.0,0.0,0.0,0.34,0.17,0.06,0.32,0.07,0.06,0.17,0.1,0.07,0.11,0.27,0.29,0.0,0.0,0.1,0.38,0.37,0.29,0.38,0.06,0.36,0.0,0.37,0.36,0.25,0.36,0.38,0.37,0.36
5446,0.0,0.04,0.04,0.0,0.0,0.04,0.0,0.0,0.01,0.04,0.03,0.01,0.0,0.01,0.01,0.01,0.01,0.03,0.04,0.01,0.05,0.02,0.01,0.02,0.01,0.04,0.0,0.0,0.04,0.04,0.04,0.0,0.0,0.0,0.0,0.04,0.05,0.06,0.04,0.04,0.04,0.04,0.04,0.02,0.02,0.04,0.04,0.0,0.0,0.04,0.04,0.04,0.04,0.04,0.06,0.04,0.0,0.04,0.04,0.04,0.04,0.04,0.04,0.04
5447,0.0,0.0,0.0,0.0,0.0,0.0,0.0,0.0,0.0,0.0,0.0,0.0,0.0,0.0,0.0,0.0,0.0,0.0,0.0,0.0,0.0,0.0,0.0,0.0,0.0,0.0,0.0,0.0,0.0,0.0,0.0,0.0,0.0,0.0,0.0,0.0,0.0,0.0,0.0,0.0,0.0,0.0,0.0,0.0,0.0,0.0,0.0,0.0,0.0,0.0,0.0,0.0,0.0,0.0,0.0,0.0,0.0,0.0,0.0,0.0,0.0,0.0,0.0,0.0
5448,0.0,0.0,0.0,0.0,0.0,0.0,0.0,0.0,0.0,0.0,0.0,0.0,0.0,0.0,0.0,0.0,0.0,0.0,0.0,0.0,0.0,0.0,0.0,0.0,0.0,0.0,0.0,0.0,0.0,0.0,0.0,0.0,0.0,0.0,0.0,0.0,0.0,0.0,0.0,0.0,0.0,0.0,0.0,0.0,0.0,0.0,0.0,0.0,0.0,0.0,0.0,0.0,0.0,0.0,0.0,0.0,0.0,0.0,0.0,0.0,0.0,0.0,0.0,0.0
5449,0.0,0.0,0.0,0.0,0.0,0.0,0.0,0.0,0.0,0.0,0.0,0.0,0.0,0.0,0.0,0.0,0.0,0.0,0.0,0.0,0.0,0.0,0.0,0.0,0.0,0.0,0.0,0.0,0.0,0.0,0.0,0.0,0.0,0.0,0.0,0.0,0.0,0.0,0.0,0.0,0.0,0.0,0.0,0.0,0.0,0.0,0.0,0.0,0.0,0.0,0.0,0.0,0.0,0.0,0.0,0.0,0.0,0.0,0.0,0.0,0.0,0.0,0.0,0.0
5450,0.0,0.0,0.0,0.0,0.0,0.0,0.0,0.0,0.0,0.0,0.0,0.0,0.0,0.0,0.0,0.0,0.0,0.0,0.0,0.0,0.0,0.0,0.0,0.0,0.0,0.0,0.0,0.0,0.0,0.0,0.0,0.0,0.0,0.0,0.0,0.0,0.0,0.0,0.0,0.0,0.0,0.0,0.0,0.0,0.0,0.0,0.0,0.0,0.0,0.0,0.0,0.0,0.0,0.0,0.0,0.0,0.0,0.0,0.0,0.0,0.0,0.0,0.0,0.0
5451,0.0,0.0,0.0,0.0,0.0,0.0,0.0,0.0,0.0,0.0,0.0,0.0,0.0,0.0,0.0,0.0,0.0,0.0,0.0,0.0,0.0,0.0,0.0,0.0,0.0,0.0,0.0,0.0,0.0,0.0,0.0,0.0,0.0,0.0,0.0,0.0,0.0,0.0,0.0,0.0,0.0,0.0,0.0,0.0,0.0,0.0,0.0,0.0,0.0,0.0,0.0,0.0,0.0,0.0,0.0,0.0,0.0,0.0,0.0,0.0,0.0,0.0,0.0,0.0
5452,0.0,0.0,0.0,0.0,0.0,0.0,0.0,0.0,0.0,0.0,0.0,0.0,0.0,0.0,0.0,0.0,0.0,0.0,0.0,0.0,0.0,0.0,0.0,0.0,0.0,0.0,0.0,0.0,0.0,0.0,0.0,0.0,0.0,0.0,0.0,0.0,0.0,0.0,0.0,0.0,0.0,0.0,0.0,0.0,0.0,0.0,0.0,0.0,0.0,0.0,0.0,0.0,0.0,0.0,0.0,0.0,0.0,0.0,0.0,0.0,0.0,0.0,0.0,0.0
5453,0.0,0.0,0.0,0.0,0.0,0.0,0.0,0.0,0.0,0.0,0.0,0.0,0.0,0.0,0.0,0.0,0.0,0.0,0.0,0.0,0.0,0.0,0.0,0.0,0.0,0.0,0.0,0.0,0.0,0.0,0.0,0.0,0.0,0.0,0.0,0.0,0.0,0.0,0.0,0.0,0.0,0.0,0.0,0.0,0.0,0.0,0.0,0.0,0.0,0.0,0.0,0.0,0.0,0.0,0.0,0.0,0.0,0.0,0.0,0.0,0.0,0.0,0.0,0.0
5454,0.0,0.0,0.0,0.0,0.0,0.0,0.0,0.0,0.0,0.0,0.0,0.0,0.0,0.0,0.0,0.0,0.0,0.0,0.0,0.0,0.0,0.0,0.0,0.0,0.0,0.0,0.0,0.0,0.0,0.0,0.0,0.0,0.0,0.0,0.0,0.0,0.0,0.0,0.0,0.0,0.0,0.0,0.0,0.0,0.0,0.0,0.0,0.0,0.0,0.0,0.0,0.0,0.0,0.0,0.0,0.0,0.0,0.0,0.0,0.0,0.0,0.0,0.0,0.0
5455,0.0,0.0,0.0,0.0,0.0,0.0,0.0,0.0,0.0,0.0,0.0,0.0,0.0,0.0,0.0,0.0,0.0,0.0,0.0,0.0,0.0,0.0,0.0,0.0,0.0,0.0,0.0,0.0,0.0,0.0,0.0,0.0,0.0,0.0,0.0,0.0,0.0,0.0,0.0,0.0,0.0,0.0,0.0,0.0,0.0,0.0,0.0,0.0,0.0,0.0,0.0,0.0,0.0,0.0,0.0,0.0,0.0,0.0,0.0,0.0,0.0,0.0,0.0,0.0
5456,0.0,0.0,0.0,0.0,0.0,0.0,0.0,0.0,0.0,0.0,0.0,0.0,0.0,0.0,0.0,0.0,0.0,0.0,0.0,0.0,0.0,0.0,0.0,0.0,0.0,0.0,0.0,0.0,0.0,0.0,0.0,0.0,0.0,0.0,0.0,0.0,0.0,0.0,0.0,0.0,0.0,0.0,0.0,0.0,0.0,0.0,0.0,0.0,0.0,0.0,0.0,0.0,0.0,0.0,0.0,0.0,0.0,0.0,0.0,0.0,0.0,0.0,0.0,0.0
5457,0.0,0.0,0.0,0.0,0.0,0.0,0.0,0.0,0.0,0.0,0.0,0.0,0.01,0.0,0.0,0.0,0.0,0.0,0.0,0.0,0.0,0.0,0.0,0.0,0.0,0.0,0.0,0.0,0.0,0.0,0.0,0.0,0.0,0.0,0.0,0.0,0.0,0.0,0.0,0.0,0.0,0.0,0.0,0.0,0.0,0.0,0.0,0.0,0.0,0.0,0.0,0.0,0.0,0.0,0.0,0.0,0.0,0.0,0.0,0.0,0.0,0.0,0.0,0.0
5458,0.0,0.03,0.05,0.0,0.0,0.03,0.0,0.0,0.08,0.03,0.12,0.1,0.18,0.15,0.09,0.08,0.04,0.0,0.0,0.08,0.06,0.15,0.03,0.07,0.02,0.08,0.0,0.0,0.07,0.04,0.08,0.0,0.0,0.0,0.0,0.07,0.05,0.09,0.09,0.08,0.06,0.09,0.09,0.04,0.11,0.09,0.03,0.0,0.0,0.03,0.08,0.06,0.08,0.08,0.1,0.06,0.0,0.08,0.07,0.04,0.08,0.07,0.04,0.08
5459,0.0,0.14,0.27,0.0,0.0,0.15,0.0,0.0,0.45,0.1,0.09,0.44,0.57,0.53,0.53,0.53,0.12,0.16,0.03,0.52,0.06,0.54,0.05,0.12,0.09,0.44,0.0,0.0,0.43,0.25,0.44,0.0,0.0,0.0,0.0,0.24,0.33,0.3,0.41,0.28,0.21,0.42,0.43,0.09,0.15,0.41,0.15,0.0,0.0,0.13,0.25,0.44,0.45,0.26,0.16,0.43,0.0,0.42,0.24,0.4,0.28,0.21,0.44,0.26
5460,0.0,0.65,0.57,0.0,0.0,0.66,0.0,0.0,0.17,0.23,0.22,0.16,0.66,0.65,0.65,0.64,0.22,0.36,0.23,0.64,0.08,0.67,0.48,0.17,0.2,0.65,0.0,0.0,0.64,0.64,0.65,0.0,0.0,0.0,0.0,0.62,0.62,0.24,0.61,0.06,0.6,0.59,0.61,0.65,0.3,0.61,0.66,0.0,0.0,0.49,0.66,0.63,0.66,0.65,0.64,0.61,0.0,0.57,0.65,0.63,0.65,0.66,0.65,0.63
5461,0.0,0.56,0.5,0.0,0.0,0.71,0.0,0.0,0.22,0.24,0.2,0.24,0.7,0.57,0.57,0.65,0.32,0.3,0.24,0.65,0.17,0.69,0.25,0.65,0.71,0.71,0.0,0.0,0.7,0.63,0.7,0.0,0.0,0.0,0.0,0.7,0.69,0.62,0.71,0.64,0.7,0.71,0.71,0.66,0.67,0.71,0.71,0.0,0.0,0.71,0.68,0.59,0.68,0.61,0.68,0.66,0.0,0.65,0.7,0.66,0.64,0.68,0.7,0.68
5462,0.0,0.59,0.59,0.0,0.0,0.72,0.0,0.0,0.38,0.64,0.67,0.56,0.7,0.51,0.41,0.49,0.62,0.32,0.24,0.35,0.2,0.49,0.7,0.7,0.72,0.71,0.0,0.0,0.72,0.59,0.72,0.0,0.0,0.0,0.0,0.72,0.73,0.48,0.73,0.5,0.72,0.72,0.73,0.73,0.7,0.73,0.72,0.0,0.0,0.72,0.74,0.61,0.72,0.64,0.73,0.68,0.0,0.68,0.68,0.7,0.74,0.73,0.72,0.72
5463,0.0,0.44,0.28,0.0,0.0,0.73,0.0,0.0,0.71,0.67,0.53,0.73,0.72,0.36,0.32,0.28,0.69,0.26,0.2,0.57,0.15,0.63,0.7,0.72,0.73,0.72,0.0,0.0,0.72,0.65,0.71,0.0,0.0,0.0,0.0,0.73,0.73,0.71,0.73,0.65,0.74,0.72,0.73,0.73,0.72,0.73,0.73,0.0,0.0,0.73,0.73,0.58,0.68,0.66,0.72,0.68,0.0,0.64,0.72,0.71,0.73,0.73,0.73,0.72
5464,0.0,0.22,0.26,0.0,0.0,0.74,0.0,0.0,0.54,0.73,0.5,0.66,0.38,0.4,0.52,0.74,0.29,0.22,0.2,0.66,0.7,0.3,0.34,0.74,0.74,0.31,0.0,0.0,0.42,0.22,0.35,0.0,0.0,0.0,0.0,0.73,0.73,0.69,0.74,0.53,0.72,0.74,0.74,0.74,0.72,0.75,0.74,0.0,0.0,0.74,0.33,0.27,0.74,0.21,0.73,0.71,0.0,0.63,0.42,0.67,0.4,0.3,0.56,0.35
5465,0.0,0.18,0.17,0.0,0.0,0.41,0.0,0.0,0.33,0.4,0.71,0.57,0.3,0.74,0.74,0.52,0.45,0.74,0.75,0.51,0.27,0.74,0.24,0.74,0.75,0.24,0.0,0.0,0.36,0.17,0.27,0.0,0.0,0.0,0.0,0.44,0.74,0.73,0.54,0.75,0.75,0.64,0.74,0.74,0.74,0.72,0.44,0.0,0.0,0.6,0.39,0.17,0.65,0.21,0.74,0.7,0.0,0.24,0.24,0.73,0.39,0.2,0.42,0.41
5466,0.0,0.06,0.08,0.0,0.0,0.27,0.0,0.0,0.74,0.14,0.72,0.72,0.46,0.73,0.6,0.67,0.71,0.62,0.65,0.32,0.18,0.73,0.4,0.73,0.74,0.15,0.0,0.0,0.3,0.06,0.17,0.0,0.0,0.0,0.0,0.59,0.49,0.73,0.16,0.74,0.32,0.23,0.29,0.73,0.73,0.16,0.25,0.0,0.0,0.28,0.41,0.18,0.23,0.65,0.71,0.7,0.0,0.47,0.44,0.43,0.43,0.37,0.3,0.23
5467,0.0,0.2,0.06,0.0,0.0,0.11,0.0,0.0,0.7,0.12,0.37,0.33,0.52,0.69,0.69,0.34,0.65,0.12,0.14,0.7,0.08,0.67,0.24,0.24,0.38,0.18,0.0,0.0,0.1,0.16,0.16,0.0,0.0,0.0,0.0,0.34,0.44,0.24,0.12,0.36,0.32,0.13,0.19,0.61,0.24,0.12,0.11,0.0,0.0,0.12,0.23,0.18,0.69,0.34,0.45,0.67,0.0,0.25,0.14,0.69,0.15,0.32,0.12,0.14
5468,0.0,0.03,0.03,0.0,0.0,0.07,0.0,0.0,0.54,0.06,0.18,0.11,0.13,0.65,0.63,0.66,0.42,0.33,0.23,0.67,0.07,0.64,0.47,0.1,0.57,0.01,0.0,0.0,0.08,0.03,0.05,0.0,0.0,0.0,0.0,0.08,0.12,0.42,0.09,0.49,0.22,0.05,0.1,0.18,0.1,0.09,0.06,0.0,0.0,0.07,0.18,0.08,0.67,0.67,0.67,0.61,0.0,0.67,0.12,0.67,0.08,0.11,0.08,0.14
5469,0.0,0.02,0.0,0.0,0.0,0.04,0.0,0.0,0.25,0.2,0.36,0.09,0.2,0.29,0.3,0.33,0.37,0.04,0.03,0.32,0.04,0.27,0.09,0.04,0.15,0.01,0.0,0.0,0.04,0.02,0.02,0.0,0.0,0.0,0.0,0.04,0.17,0.38,0.05,0.39,0.16,0.05,0.04,0.09,0.05,0.06,0.04,0.0,0.0,0.04,0.22,0.04,0.4,0.3,0.16,0.41,0.0,0.42,0.12,0.41,0.06,0.07,0.04,0.23
5470,0.0,0.0,0.0,0.0,0.0,0.0,0.0,0.0,0.05,0.01,0.05,0.01,0.05,0.01,0.04,0.05,0.04,0.0,0.0,0.05,0.01,0.03,0.02,0.01,0.02,0.01,0.0,0.0,0.0,0.0,0.01,0.0,0.0,0.0,0.0,0.01,0.01,0.04,0.01,0.04,0.04,0.01,0.01,0.01,0.02,0.01,0.0,0.0,0.0,0.01,0.06,0.01,0.04,0.05,0.04,0.02,0.0,0.06,0.02,0.05,0.02,0.06,0.01,0.02
5471,0.0,0.0,0.0,0.0,0.0,0.0,0.0,0.0,0.0,0.0,0.0,0.0,0.0,0.0,0.0,0.0,0.0,0.0,0.0,0.0,0.0,0.0,0.0,0.0,0.0,0.0,0.0,0.0,0.0,0.0,0.0,0.0,0.0,0.0,0.0,0.0,0.0,0.0,0.0,0.0,0.0,0.0,0.0,0.0,0.0,0.0,0.0,0.0,0.0,0.0,0.0,0.0,0.0,0.0,0.0,0.0,0.0,0.0,0.0,0.0,0.0,0.0,0.0,0.0
5472,0.0,0.0,0.0,0.0,0.0,0.0,0.0,0.0,0.0,0.0,0.0,0.0,0.0,0.0,0.0,0.0,0.0,0.0,0.0,0.0,0.0,0.0,0.0,0.0,0.0,0.0,0.0,0.0,0.0,0.0,0.0,0.0,0.0,0.0,0.0,0.0,0.0,0.0,0.0,0.0,0.0,0.0,0.0,0.0,0.0,0.0,0.0,0.0,0.0,0.0,0.0,0.0,0.0,0.0,0.0,0.0,0.0,0.0,0.0,0.0,0.0,0.0,0.0,0.0
5473,0.0,0.0,0.0,0.0,0.0,0.0,0.0,0.0,0.0,0.0,0.0,0.0,0.0,0.0,0.0,0.0,0.0,0.0,0.0,0.0,0.0,0.0,0.0,0.0,0.0,0.0,0.0,0.0,0.0,0.0,0.0,0.0,0.0,0.0,0.0,0.0,0.0,0.0,0.0,0.0,0.0,0.0,0.0,0.0,0.0,0.0,0.0,0.0,0.0,0.0,0.0,0.0,0.0,0.0,0.0,0.0,0.0,0.0,0.0,0.0,0.0,0.0,0.0,0.0
5474,0.0,0.0,0.0,0.0,0.0,0.0,0.0,0.0,0.0,0.0,0.0,0.0,0.0,0.0,0.0,0.0,0.0,0.0,0.0,0.0,0.0,0.0,0.0,0.0,0.0,0.0,0.0,0.0,0.0,0.0,0.0,0.0,0.0,0.0,0.0,0.0,0.0,0.0,0.0,0.0,0.0,0.0,0.0,0.0,0.0,0.0,0.0,0.0,0.0,0.0,0.0,0.0,0.0,0.0,0.0,0.0,0.0,0.0,0.0,0.0,0.0,0.0,0.0,0.0
5475,0.0,0.0,0.0,0.0,0.0,0.0,0.0,0.0,0.0,0.0,0.0,0.0,0.0,0.0,0.0,0.0,0.0,0.0,0.0,0.0,0.0,0.0,0.0,0.0,0.0,0.0,0.0,0.0,0.0,0.0,0.0,0.0,0.0,0.0,0.0,0.0,0.0,0.0,0.0,0.0,0.0,0.0,0.0,0.0,0.0,0.0,0.0,0.0,0.0,0.0,0.0,0.0,0.0,0.0,0.0,0.0,0.0,0.0,0.0,0.0,0.0,0.0,0.0,0.0
5476,0.0,0.0,0.0,0.0,0.0,0.0,0.0,0.0,0.0,0.0,0.0,0.0,0.0,0.0,0.0,0.0,0.0,0.0,0.0,0.0,0.0,0.0,0.0,0.0,0.0,0.0,0.0,0.0,0.0,0.0,0.0,0.0,0.0,0.0,0.0,0.0,0.0,0.0,0.0,0.0,0.0,0.0,0.0,0.0,0.0,0.0,0.0,0.0,0.0,0.0,0.0,0.0,0.0,0.0,0.0,0.0,0.0,0.0,0.0,0.0,0.0,0.0,0.0,0.0
5477,0.0,0.0,0.0,0.0,0.0,0.0,0.0,0.0,0.0,0.0,0.0,0.0,0.0,0.0,0.0,0.0,0.0,0.0,0.0,0.0,0.0,0.0,0.0,0.0,0.0,0.0,0.0,0.0,0.0,0.0,0.0,0.0,0.0,0.0,0.0,0.0,0.0,0.0,0.0,0.0,0.0,0.0,0.0,0.0,0.0,0.0,0.0,0.0,0.0,0.0,0.0,0.0,0.0,0.0,0.0,0.0,0.0,0.0,0.0,0.0,0.0,0.0,0.0,0.0
5478,0.0,0.0,0.0,0.0,0.0,0.0,0.0,0.0,0.0,0.0,0.0,0.0,0.0,0.0,0.0,0.0,0.0,0.0,0.0,0.0,0.0,0.0,0.0,0.0,0.0,0.0,0.0,0.0,0.0,0.0,0.0,0.0,0.0,0.0,0.0,0.0,0.0,0.0,0.0,0.0,0.0,0.0,0.0,0.0,0.0,0.0,0.0,0.0,0.0,0.0,0.0,0.0,0.0,0.0,0.0,0.0,0.0,0.0,0.0,0.0,0.0,0.0,0.0,0.0
5479,0.0,0.0,0.0,0.0,0.0,0.0,0.0,0.0,0.0,0.0,0.0,0.0,0.0,0.0,0.0,0.0,0.0,0.0,0.0,0.0,0.0,0.0,0.0,0.0,0.0,0.0,0.0,0.0,0.0,0.0,0.0,0.0,0.0,0.0,0.0,0.0,0.0,0.0,0.0,0.0,0.0,0.0,0.0,0.0,0.0,0.0,0.0,0.0,0.0,0.0,0.0,0.0,0.0,0.0,0.0,0.0,0.0,0.0,0.0,0.0,0.0,0.0,0.0,0.0
5480,0.0,0.0,0.0,0.0,0.0,0.0,0.0,0.0,0.0,0.0,0.0,0.0,0.0,0.0,0.0,0.0,0.0,0.0,0.0,0.0,0.0,0.0,0.0,0.0,0.0,0.0,0.0,0.0,0.0,0.0,0.0,0.0,0.0,0.0,0.0,0.0,0.0,0.0,0.0,0.0,0.0,0.0,0.0,0.0,0.0,0.0,0.0,0.0,0.0,0.0,0.0,0.0,0.0,0.0,0.0,0.0,0.0,0.0,0.0,0.0,0.0,0.0,0.0,0.0
5481,0.0,0.0,0.0,0.0,0.0,0.0,0.0,0.0,0.0,0.0,0.0,0.0,0.01,0.0,0.0,0.0,0.0,0.02,0.02,0.0,0.0,0.0,0.01,0.0,0.0,0.0,0.0,0.0,0.0,0.0,0.0,0.0,0.0,0.0,0.0,0.0,0.0,0.0,0.0,0.0,0.0,0.0,0.0,0.0,0.0,0.0,0.0,0.0,0.0,0.0,0.0,0.0,0.0,0.0,0.0,0.0,0.0,0.0,0.0,0.0,0.0,0.0,0.0,0.0
5482,0.0,0.0,0.0,0.0,0.0,0.0,0.0,0.0,0.02,0.06,0.01,0.13,0.03,0.03,0.03,0.03,0.02,0.15,0.06,0.03,0.02,0.04,0.02,0.02,0.03,0.0,0.0,0.0,0.0,0.0,0.0,0.0,0.0,0.0,0.0,0.0,0.01,0.1,0.0,0.11,0.04,0.01,0.01,0.01,0.02,0.01,0.01,0.0,0.0,0.01,0.0,0.0,0.05,0.0,0.09,0.03,0.0,0.01,0.0,0.07,0.0,0.0,0.0,0.0
5483,0.0,0.0,0.03,0.0,0.0,0.01,0.0,0.0,0.12,0.03,0.08,0.5,0.04,0.09,0.08,0.13,0.08,0.09,0.09,0.14,0.16,0.17,0.05,0.03,0.21,0.0,0.0,0.0,0.0,0.0,0.0,0.0,0.0,0.0,0.0,0.0,0.05,0.42,0.0,0.44,0.1,0.0,0.02,0.03,0.04,0.0,0.02,0.0,0.0,0.03,0.01,0.0,0.13,0.02,0.37,0.07,0.0,0.02,0.0,0.09,0.0,0.01,0.0,0.0
5484,0.0,0.0,0.0,0.0,0.0,0.05,0.0,0.0,0.32,0.23,0.22,0.67,0.65,0.4,0.28,0.43,0.62,0.6,0.19,0.57,0.35,0.67,0.2,0.06,0.27,0.0,0.0,0.0,0.04,0.0,0.0,0.0,0.0,0.0,0.0,0.01,0.07,0.51,0.01,0.5,0.3,0.01,0.01,0.06,0.06,0.0,0.03,0.0,0.0,0.04,0.03,0.0,0.38,0.06,0.43,0.37,0.0,0.05,0.0,0.21,0.01,0.03,0.03,0.01
5485,0.0,0.04,0.08,0.0,0.0,0.1,0.0,0.0,0.63,0.29,0.69,0.72,0.33,0.71,0.72,0.71,0.57,0.66,0.61,0.7,0.4,0.71,0.35,0.08,0.2,0.0,0.0,0.0,0.1,0.02,0.0,0.0,0.0,0.0,0.0,0.09,0.08,0.7,0.1,0.72,0.33,0.06,0.02,0.05,0.08,0.01,0.1,0.0,0.0,0.09,0.05,0.0,0.21,0.06,0.61,0.65,0.0,0.1,0.0,0.38,0.02,0.04,0.04,0.01
5486,0.0,0.05,0.08,0.0,0.0,0.15,0.0,0.0,0.74,0.47,0.72,0.75,0.36,0.74,0.74,0.72,0.75,0.23,0.2,0.66,0.31,0.74,0.28,0.07,0.44,0.01,0.0,0.0,0.18,0.04,0.01,0.0,0.0,0.0,0.0,0.2,0.08,0.74,0.02,0.75,0.14,0.02,0.02,0.19,0.07,0.02,0.12,0.0,0.0,0.09,0.07,0.02,0.32,0.06,0.14,0.14,0.0,0.2,0.01,0.08,0.08,0.04,0.02,0.04
5487,0.0,0.02,0.01,0.0,0.0,0.16,0.0,0.0,0.74,0.73,0.61,0.76,0.64,0.74,0.72,0.72,0.74,0.5,0.3,0.74,0.06,0.74,0.74,0.26,0.58,0.01,0.0,0.0,0.04,0.01,0.01,0.0,0.0,0.0,0.0,0.1,0.21,0.53,0.44,0.7,0.29,0.53,0.26,0.22,0.24,0.33,0.17,0.0,0.0,0.13,0.11,0.13,0.66,0.07,0.26,0.29,0.0,0.12,0.04,0.74,0.32,0.09,0.03,0.34
5488,0.0,0.02,0.06,0.0,0.0,0.09,0.0,0.0,0.61,0.28,0.55,0.75,0.5,0.75,0.75,0.73,0.73,0.76,0.26,0.7,0.74,0.74,0.74,0.48,0.52,0.17,0.0,0.0,0.19,0.01,0.18,0.0,0.0,0.0,0.0,0.32,0.37,0.37,0.39,0.51,0.51,0.36,0.2,0.44,0.47,0.47,0.1,0.0,0.0,0.26,0.67,0.32,0.52,0.49,0.74,0.71,0.0,0.56,0.2,0.73,0.1,0.58,0.21,0.35
5489,0.0,0.01,0.02,0.0,0.0,0.34,0.0,0.0,0.46,0.26,0.4,0.76,0.74,0.74,0.73,0.66,0.64,0.12,0.07,0.61,0.29,0.75,0.74,0.5,0.53,0.11,0.0,0.0,0.13,0.01,0.12,0.0,0.0,0.0,0.0,0.12,0.46,0.33,0.22,0.29,0.72,0.3,0.34,0.53,0.4,0.27,0.52,0.0,0.0,0.57,0.42,0.07,0.6,0.25,0.7,0.7,0.0,0.73,0.41,0.7,0.07,0.26,0.12,0.35
5490,0.0,0.01,0.02,0.0,0.0,0.31,0.0,0.0,0.35,0.17,0.29,0.73,0.72,0.72,0.7,0.59,0.64,0.04,0.04,0.56,0.15,0.72,0.71,0.6,0.32,0.11,0.0,0.0,0.09,0.04,0.09,0.0,0.0,0.0,0.0,0.11,0.35,0.72,0.08,0.51,0.11,0.1,0.09,0.32,0.57,0.06,0.28,0.0,0.0,0.36,0.7,0.17,0.19,0.1,0.71,0.7,0.0,0.15,0.68,0.7,0.71,0.19,0.16,0.7
5491,0.0,0.04,0.07,0.0,0.0,0.03,0.0,0.0,0.43,0.02,0.69,0.74,0.72,0.66,0.57,0.44,0.63,0.29,0.26,0.33,0.13,0.71,0.71,0.38,0.67,0.15,0.0,0.0,0.07,0.04,0.09,0.0,0.0,0.0,0.0,0.22,0.42,0.16,0.04,0.65,0.09,0.05,0.04,0.24,0.45,0.02,0.05,0.0,0.0,0.06,0.66,0.25,0.05,0.07,0.73,0.71,0.0,0.12,0.69,0.73,0.7,0.65,0.04,0.71
5492,0.0,0.06,0.05,0.0,0.0,0.01,0.0,0.0,0.6,0.05,0.59,0.64,0.6,0.58,0.46,0.48,0.63,0.16,0.15,0.5,0.16,0.6,0.36,0.31,0.47,0.06,0.0,0.0,0.0,0.05,0.05,0.0,0.0,0.0,0.0,0.1,0.03,0.62,0.2,0.62,0.04,0.05,0.02,0.04,0.31,0.09,0.02,0.0,0.0,0.02,0.5,0.2,0.49,0.36,0.62,0.61,0.0,0.53,0.3,0.62,0.06,0.43,0.0,0.06
5493,0.0,0.02,0.05,0.0,0.0,0.01,0.0,0.0,0.31,0.01,0.32,0.32,0.26,0.3,0.29,0.3,0.32,0.05,0.05,0.3,0.15,0.29,0.05,0.06,0.11,0.0,0.0,0.0,0.0,0.02,0.0,0.0,0.0,0.0,0.0,0.01,0.01,0.33,0.07,0.33,0.33,0.09,0.04,0.01,0.14,0.03,0.03,0.0,0.0,0.03,0.22,0.08,0.36,0.37,0.34,0.36,0.0,0.37,0.24,0.36,0.04,0.24,0.07,0.35
5494,0.0,0.0,0.0,0.0,0.0,0.01,0.0,0.0,0.04,0.01,0.05,0.04,0.04,0.04,0.04,0.04,0.04,0.0,0.0,0.04,0.03,0.04,0.04,0.05,0.02,0.0,0.0,0.0,0.0,0.0,0.0,0.0,0.0,0.0,0.0,0.0,0.05,0.04,0.04,0.04,0.01,0.05,0.0,0.02,0.05,0.02,0.01,0.0,0.0,0.01,0.06,0.03,0.04,0.04,0.04,0.06,0.0,0.04,0.06,0.04,0.06,0.06,0.0,0.06
5495,0.0,0.0,0.0,0.0,0.0,0.0,0.0,0.0,0.0,0.0,0.0,0.0,0.0,0.0,0.0,0.0,0.0,0.0,0.0,0.0,0.0,0.0,0.0,0.0,0.0,0.0,0.0,0.0,0.0,0.0,0.0,0.0,0.0,0.0,0.0,0.0,0.0,0.0,0.0,0.0,0.0,0.0,0.0,0.0,0.0,0.0,0.0,0.0,0.0,0.0,0.0,0.0,0.0,0.0,0.0,0.0,0.0,0.0,0.0,0.0,0.0,0.0,0.0,0.0
5496,0.0,0.0,0.0,0.0,0.0,0.0,0.0,0.0,0.0,0.0,0.0,0.0,0.0,0.0,0.0,0.0,0.0,0.0,0.0,0.0,0.0,0.0,0.0,0.0,0.0,0.0,0.0,0.0,0.0,0.0,0.0,0.0,0.0,0.0,0.0,0.0,0.0,0.0,0.0,0.0,0.0,0.0,0.0,0.0,0.0,0.0,0.0,0.0,0.0,0.0,0.0,0.0,0.0,0.0,0.0,0.0,0.0,0.0,0.0,0.0,0.0,0.0,0.0,0.0
5497,0.0,0.0,0.0,0.0,0.0,0.0,0.0,0.0,0.0,0.0,0.0,0.0,0.0,0.0,0.0,0.0,0.0,0.0,0.0,0.0,0.0,0.0,0.0,0.0,0.0,0.0,0.0,0.0,0.0,0.0,0.0,0.0,0.0,0.0,0.0,0.0,0.0,0.0,0.0,0.0,0.0,0.0,0.0,0.0,0.0,0.0,0.0,0.0,0.0,0.0,0.0,0.0,0.0,0.0,0.0,0.0,0.0,0.0,0.0,0.0,0.0,0.0,0.0,0.0
5498,0.0,0.0,0.0,0.0,0.0,0.0,0.0,0.0,0.0,0.0,0.0,0.0,0.0,0.0,0.0,0.0,0.0,0.0,0.0,0.0,0.0,0.0,0.0,0.0,0.0,0.0,0.0,0.0,0.0,0.0,0.0,0.0,0.0,0.0,0.0,0.0,0.0,0.0,0.0,0.0,0.0,0.0,0.0,0.0,0.0,0.0,0.0,0.0,0.0,0.0,0.0,0.0,0.0,0.0,0.0,0.0,0.0,0.0,0.0,0.0,0.0,0.0,0.0,0.0
5499,0.0,0.0,0.0,0.0,0.0,0.0,0.0,0.0,0.0,0.0,0.0,0.0,0.0,0.0,0.0,0.0,0.0,0.0,0.0,0.0,0.0,0.0,0.0,0.0,0.0,0.0,0.0,0.0,0.0,0.0,0.0,0.0,0.0,0.0,0.0,0.0,0.0,0.0,0.0,0.0,0.0,0.0,0.0,0.0,0.0,0.0,0.0,0.0,0.0,0.0,0.0,0.0,0.0,0.0,0.0,0.0,0.0,0.0,0.0,0.0,0.0,0.0,0.0,0.0
5500,0.0,0.0,0.0,0.0,0.0,0.0,0.0,0.0,0.0,0.0,0.0,0.0,0.0,0.0,0.0,0.0,0.0,0.0,0.0,0.0,0.0,0.0,0.0,0.0,0.0,0.0,0.0,0.0,0.0,0.0,0.0,0.0,0.0,0.0,0.0,0.0,0.0,0.0,0.0,0.0,0.0,0.0,0.0,0.0,0.0,0.0,0.0,0.0,0.0,0.0,0.0,0.0,0.0,0.0,0.0,0.0,0.0,0.0,0.0,0.0,0.0,0.0,0.0,0.0
5501,0.0,0.0,0.0,0.0,0.0,0.0,0.0,0.0,0.0,0.0,0.0,0.0,0.0,0.0,0.0,0.0,0.0,0.0,0.0,0.0,0.0,0.0,0.0,0.0,0.0,0.0,0.0,0.0,0.0,0.0,0.0,0.0,0.0,0.0,0.0,0.0,0.0,0.0,0.0,0.0,0.0,0.0,0.0,0.0,0.0,0.0,0.0,0.0,0.0,0.0,0.0,0.0,0.0,0.0,0.0,0.0,0.0,0.0,0.0,0.0,0.0,0.0,0.0,0.0
5502,0.0,0.0,0.0,0.0,0.0,0.0,0.0,0.0,0.0,0.0,0.0,0.0,0.0,0.0,0.0,0.0,0.0,0.0,0.0,0.0,0.0,0.0,0.0,0.0,0.0,0.0,0.0,0.0,0.0,0.0,0.0,0.0,0.0,0.0,0.0,0.0,0.0,0.0,0.0,0.0,0.0,0.0,0.0,0.0,0.0,0.0,0.0,0.0,0.0,0.0,0.0,0.0,0.0,0.0,0.0,0.0,0.0,0.0,0.0,0.0,0.0,0.0,0.0,0.0
5503,0.0,0.0,0.0,0.0,0.0,0.0,0.0,0.0,0.0,0.0,0.0,0.0,0.0,0.0,0.0,0.0,0.0,0.0,0.0,0.0,0.0,0.0,0.0,0.0,0.0,0.0,0.0,0.0,0.0,0.0,0.0,0.0,0.0,0.0,0.0,0.0,0.0,0.0,0.0,0.0,0.0,0.0,0.0,0.0,0.0,0.0,0.0,0.0,0.0,0.0,0.0,0.0,0.0,0.0,0.0,0.0,0.0,0.0,0.0,0.0,0.0,0.0,0.0,0.0
5504,0.0,0.0,0.0,0.0,0.0,0.0,0.0,0.0,0.0,0.0,0.0,0.0,0.0,0.0,0.0,0.0,0.0,0.0,0.0,0.0,0.0,0.0,0.0,0.0,0.0,0.0,0.0,0.0,0.0,0.0,0.0,0.0,0.0,0.0,0.0,0.0,0.0,0.0,0.0,0.0,0.0,0.0,0.0,0.0,0.0,0.0,0.0,0.0,0.0,0.0,0.0,0.0,0.0,0.0,0.0,0.0,0.0,0.0,0.0,0.0,0.0,0.0,0.0,0.0
5505,0.0,0.0,0.0,0.0,0.0,0.0,0.0,0.0,0.0,0.0,0.0,0.0,0.0,0.0,0.0,0.0,0.0,0.0,0.0,0.0,0.0,0.0,0.0,0.0,0.0,0.0,0.0,0.0,0.0,0.0,0.0,0.0,0.0,0.0,0.0,0.0,0.0,0.0,0.0,0.0,0.0,0.0,0.0,0.0,0.0,0.0,0.0,0.0,0.0,0.0,0.0,0.0,0.0,0.0,0.0,0.0,0.0,0.0,0.0,0.0,0.0,0.0,0.0,0.0
5506,0.0,0.0,0.01,0.0,0.0,0.01,0.0,0.0,0.05,0.03,0.07,0.1,0.05,0.06,0.1,0.04,0.03,0.11,0.14,0.04,0.1,0.06,0.06,0.07,0.01,0.02,0.0,0.0,0.01,0.0,0.0,0.0,0.0,0.0,0.0,0.02,0.05,0.11,0.04,0.11,0.1,0.03,0.06,0.1,0.07,0.04,0.01,0.0,0.0,0.01,0.06,0.02,0.08,0.08,0.09,0.08,0.0,0.04,0.02,0.08,0.04,0.06,0.01,0.03
5507,0.0,0.02,0.03,0.0,0.0,0.02,0.0,0.0,0.25,0.14,0.34,0.27,0.15,0.35,0.41,0.32,0.07,0.56,0.58,0.25,0.55,0.38,0.1,0.44,0.4,0.08,0.0,0.0,0.05,0.02,0.07,0.0,0.0,0.0,0.0,0.41,0.48,0.44,0.3,0.4,0.42,0.18,0.46,0.48,0.39,0.35,0.03,0.0,0.0,0.03,0.43,0.17,0.49,0.46,0.5,0.28,0.0,0.21,0.13,0.48,0.26,0.39,0.06,0.18
5508,0.0,0.22,0.08,0.0,0.0,0.03,0.0,0.0,0.32,0.06,0.52,0.65,0.18,0.66,0.5,0.54,0.13,0.65,0.66,0.65,0.64,0.67,0.08,0.51,0.2,0.12,0.0,0.0,0.11,0.08,0.06,0.0,0.0,0.0,0.0,0.6,0.58,0.46,0.62,0.46,0.39,0.62,0.62,0.62,0.59,0.62,0.18,0.0,0.0,0.32,0.6,0.59,0.62,0.61,0.26,0.07,0.0,0.62,0.59,0.53,0.5,0.62,0.12,0.52
5509,0.0,0.39,0.73,0.0,0.0,0.33,0.0,0.0,0.68,0.07,0.7,0.72,0.59,0.72,0.74,0.73,0.48,0.73,0.73,0.71,0.2,0.73,0.2,0.68,0.7,0.2,0.0,0.0,0.34,0.7,0.16,0.0,0.0,0.0,0.0,0.71,0.68,0.54,0.7,0.56,0.54,0.7,0.7,0.68,0.67,0.7,0.65,0.0,0.0,0.71,0.69,0.69,0.69,0.56,0.22,0.58,0.0,0.52,0.7,0.69,0.68,0.68,0.71,0.69
5510,0.0,0.71,0.72,0.0,0.0,0.71,0.0,0.0,0.7,0.09,0.7,0.72,0.71,0.73,0.73,0.72,0.71,0.73,0.73,0.7,0.1,0.73,0.74,0.68,0.7,0.72,0.0,0.0,0.69,0.71,0.71,0.0,0.0,0.0,0.0,0.71,0.69,0.68,0.69,0.7,0.71,0.7,0.7,0.69,0.69,0.7,0.71,0.0,0.0,0.71,0.66,0.69,0.66,0.6,0.69,0.65,0.0,0.66,0.7,0.67,0.68,0.64,0.7,0.69
5511,0.0,0.72,0.72,0.0,0.0,0.71,0.0,0.0,0.72,0.15,0.71,0.74,0.73,0.74,0.75,0.74,0.73,0.74,0.74,0.73,0.13,0.74,0.74,0.71,0.47,0.72,0.0,0.0,0.71,0.72,0.71,0.0,0.0,0.0,0.0,0.73,0.57,0.73,0.72,0.73,0.73,0.72,0.72,0.71,0.71,0.72,0.72,0.0,0.0,0.72,0.64,0.71,0.71,0.68,0.68,0.28,0.0,0.7,0.68,0.7,0.34,0.69,0.71,0.45
5512,0.0,0.72,0.73,0.0,0.0,0.73,0.0,0.0,0.73,0.12,0.72,0.75,0.74,0.75,0.76,0.76,0.74,0.75,0.75,0.74,0.4,0.76,0.74,0.72,0.37,0.72,0.0,0.0,0.26,0.72,0.72,0.0,0.0,0.0,0.0,0.74,0.31,0.74,0.73,0.74,0.6,0.26,0.24,0.72,0.72,0.36,0.72,0.0,0.0,0.72,0.73,0.42,0.71,0.69,0.69,0.73,0.0,0.71,0.71,0.71,0.55,0.72,0.7,0.61
5513,0.0,0.72,0.46,0.0,0.0,0.74,0.0,0.0,0.73,0.09,0.72,0.76,0.74,0.75,0.75,0.75,0.74,0.74,0.75,0.75,0.75,0.76,0.73,0.73,0.73,0.19,0.0,0.0,0.29,0.28,0.18,0.0,0.0,0.0,0.0,0.68,0.72,0.74,0.2,0.74,0.4,0.4,0.7,0.73,0.72,0.21,0.73,0.0,0.0,0.73,0.64,0.67,0.63,0.21,0.7,0.73,0.0,0.69,0.73,0.7,0.73,0.6,0.32,0.73
5514,0.0,0.18,0.14,0.0,0.0,0.72,0.0,0.0,0.73,0.1,0.72,0.75,0.72,0.74,0.74,0.74,0.74,0.73,0.73,0.74,0.73,0.75,0.71,0.72,0.72,0.43,0.0,0.0,0.3,0.4,0.32,0.0,0.0,0.0,0.0,0.47,0.68,0.74,0.6,0.74,0.58,0.52,0.53,0.72,0.72,0.42,0.72,0.0,0.0,0.72,0.51,0.73,0.67,0.26,0.7,0.72,0.0,0.56,0.53,0.15,0.68,0.51,0.4,0.59
5515,0.0,0.7,0.65,0.0,0.0,0.7,0.0,0.0,0.71,0.1,0.7,0.72,0.7,0.72,0.72,0.72,0.71,0.71,0.72,0.72,0.69,0.73,0.69,0.72,0.7,0.43,0.0,0.0,0.36,0.65,0.43,0.0,0.0,0.0,0.0,0.44,0.7,0.71,0.23,0.71,0.71,0.32,0.36,0.71,0.71,0.34,0.7,0.0,0.0,0.7,0.65,0.71,0.6,0.69,0.45,0.71,0.0,0.61,0.69,0.69,0.6,0.7,0.59,0.68
5516,0.0,0.45,0.41,0.0,0.0,0.16,0.0,0.0,0.65,0.05,0.64,0.65,0.62,0.65,0.64,0.65,0.64,0.63,0.64,0.65,0.25,0.65,0.6,0.64,0.62,0.64,0.0,0.0,0.58,0.39,0.58,0.0,0.0,0.0,0.0,0.19,0.64,0.64,0.38,0.64,0.64,0.5,0.51,0.64,0.64,0.44,0.17,0.0,0.0,0.3,0.64,0.61,0.63,0.55,0.61,0.64,0.0,0.62,0.64,0.62,0.64,0.64,0.64,0.64
5517,0.0,0.33,0.34,0.0,0.0,0.14,0.0,0.0,0.32,0.31,0.33,0.32,0.26,0.3,0.3,0.3,0.33,0.28,0.29,0.31,0.31,0.3,0.26,0.34,0.32,0.38,0.0,0.0,0.37,0.34,0.38,0.0,0.0,0.0,0.0,0.28,0.35,0.34,0.35,0.34,0.35,0.16,0.06,0.34,0.34,0.35,0.22,0.0,0.0,0.28,0.38,0.39,0.34,0.37,0.04,0.38,0.0,0.04,0.38,0.36,0.38,0.38,0.38,0.38
5518,0.0,0.06,0.06,0.0,0.0,0.05,0.0,0.0,0.05,0.05,0.05,0.05,0.05,0.05,0.05,0.05,0.05,0.05,0.05,0.05,0.05,0.05,0.05,0.05,0.05,0.06,0.0,0.0,0.06,0.06,0.06,0.0,0.0,0.0,0.0,0.06,0.06,0.06,0.06,0.06,0.06,0.06,0.06,0.05,0.05,0.06,0.05,0.0,0.0,0.06,0.06,0.06,0.06,0.06,0.06,0.06,0.0,0.06,0.06,0.06,0.06,0.06,0.06,0.06
5519,0.0,0.0,0.0,0.0,0.0,0.0,0.0,0.0,0.0,0.0,0.0,0.0,0.0,0.0,0.0,0.0,0.0,0.0,0.0,0.0,0.0,0.0,0.0,0.0,0.0,0.0,0.0,0.0,0.0,0.0,0.0,0.0,0.0,0.0,0.0,0.0,0.0,0.0,0.0,0.0,0.0,0.0,0.0,0.0,0.0,0.0,0.0,0.0,0.0,0.0,0.0,0.0,0.0,0.0,0.0,0.0,0.0,0.0,0.0,0.0,0.0,0.0,0.0,0.0
5520,0.0,0.0,0.0,0.0,0.0,0.0,0.0,0.0,0.0,0.0,0.0,0.0,0.0,0.0,0.0,0.0,0.0,0.0,0.0,0.0,0.0,0.0,0.0,0.0,0.0,0.0,0.0,0.0,0.0,0.0,0.0,0.0,0.0,0.0,0.0,0.0,0.0,0.0,0.0,0.0,0.0,0.0,0.0,0.0,0.0,0.0,0.0,0.0,0.0,0.0,0.0,0.0,0.0,0.0,0.0,0.0,0.0,0.0,0.0,0.0,0.0,0.0,0.0,0.0
5521,0.0,0.0,0.0,0.0,0.0,0.0,0.0,0.0,0.0,0.0,0.0,0.0,0.0,0.0,0.0,0.0,0.0,0.0,0.0,0.0,0.0,0.0,0.0,0.0,0.0,0.0,0.0,0.0,0.0,0.0,0.0,0.0,0.0,0.0,0.0,0.0,0.0,0.0,0.0,0.0,0.0,0.0,0.0,0.0,0.0,0.0,0.0,0.0,0.0,0.0,0.0,0.0,0.0,0.0,0.0,0.0,0.0,0.0,0.0,0.0,0.0,0.0,0.0,0.0
5522,0.0,0.0,0.0,0.0,0.0,0.0,0.0,0.0,0.0,0.0,0.0,0.0,0.0,0.0,0.0,0.0,0.0,0.0,0.0,0.0,0.0,0.0,0.0,0.0,0.0,0.0,0.0,0.0,0.0,0.0,0.0,0.0,0.0,0.0,0.0,0.0,0.0,0.0,0.0,0.0,0.0,0.0,0.0,0.0,0.0,0.0,0.0,0.0,0.0,0.0,0.0,0.0,0.0,0.0,0.0,0.0,0.0,0.0,0.0,0.0,0.0,0.0,0.0,0.0
5523,0.0,0.0,0.0,0.0,0.0,0.0,0.0,0.0,0.0,0.0,0.0,0.0,0.0,0.0,0.0,0.0,0.0,0.0,0.0,0.0,0.0,0.0,0.0,0.0,0.0,0.0,0.0,0.0,0.0,0.0,0.0,0.0,0.0,0.0,0.0,0.0,0.0,0.0,0.0,0.0,0.0,0.0,0.0,0.0,0.0,0.0,0.0,0.0,0.0,0.0,0.0,0.0,0.0,0.0,0.0,0.0,0.0,0.0,0.0,0.0,0.0,0.0,0.0,0.0
5524,0.0,0.0,0.0,0.0,0.0,0.0,0.0,0.0,0.0,0.0,0.0,0.0,0.0,0.0,0.0,0.0,0.0,0.0,0.0,0.0,0.0,0.0,0.0,0.0,0.0,0.0,0.0,0.0,0.0,0.0,0.0,0.0,0.0,0.0,0.0,0.0,0.0,0.0,0.0,0.0,0.0,0.0,0.0,0.0,0.0,0.0,0.0,0.0,0.0,0.0,0.0,0.0,0.0,0.0,0.0,0.0,0.0,0.0,0.0,0.0,0.0,0.0,0.0,0.0
5525,0.0,0.0,0.0,0.0,0.0,0.0,0.0,0.0,0.0,0.0,0.0,0.0,0.0,0.0,0.0,0.0,0.0,0.0,0.0,0.0,0.0,0.0,0.0,0.0,0.0,0.0,0.0,0.0,0.0,0.0,0.0,0.0,0.0,0.0,0.0,0.0,0.0,0.0,0.0,0.0,0.0,0.0,0.0,0.0,0.0,0.0,0.0,0.0,0.0,0.0,0.0,0.0,0.0,0.0,0.0,0.0,0.0,0.0,0.0,0.0,0.0,0.0,0.0,0.0
5526,0.0,0.0,0.0,0.0,0.0,0.0,0.0,0.0,0.0,0.0,0.0,0.0,0.0,0.0,0.0,0.0,0.0,0.0,0.0,0.0,0.0,0.0,0.0,0.0,0.0,0.0,0.0,0.0,0.0,0.0,0.0,0.0,0.0,0.0,0.0,0.0,0.0,0.0,0.0,0.0,0.0,0.0,0.0,0.0,0.0,0.0,0.0,0.0,0.0,0.0,0.0,0.0,0.0,0.0,0.0,0.0,0.0,0.0,0.0,0.0,0.0,0.0,0.0,0.0
5527,0.0,0.0,0.0,0.0,0.0,0.0,0.0,0.0,0.0,0.0,0.0,0.0,0.0,0.0,0.0,0.0,0.0,0.0,0.0,0.0,0.0,0.0,0.0,0.0,0.0,0.0,0.0,0.0,0.0,0.0,0.0,0.0,0.0,0.0,0.0,0.0,0.0,0.0,0.0,0.0,0.0,0.0,0.0,0.0,0.0,0.0,0.0,0.0,0.0,0.0,0.0,0.0,0.0,0.0,0.0,0.0,0.0,0.0,0.0,0.0,0.0,0.0,0.0,0.0
5528,0.0,0.0,0.0,0.0,0.0,0.0,0.0,0.0,0.0,0.0,0.0,0.0,0.0,0.0,0.0,0.0,0.0,0.0,0.0,0.0,0.0,0.0,0.0,0.0,0.0,0.0,0.0,0.0,0.0,0.0,0.0,0.0,0.0,0.0,0.0,0.0,0.0,0.0,0.0,0.0,0.0,0.0,0.0,0.0,0.0,0.0,0.0,0.0,0.0,0.0,0.0,0.0,0.0,0.0,0.0,0.0,0.0,0.0,0.0,0.0,0.0,0.0,0.0,0.0
5529,0.0,0.0,0.0,0.0,0.0,0.0,0.0,0.0,0.0,0.0,0.0,0.0,0.0,0.0,0.0,0.0,0.0,0.0,0.0,0.0,0.0,0.0,0.0,0.0,0.0,0.0,0.0,0.0,0.0,0.0,0.0,0.0,0.0,0.0,0.0,0.0,0.0,0.0,0.0,0.0,0.0,0.0,0.0,0.0,0.0,0.0,0.0,0.0,0.0,0.0,0.0,0.0,0.0,0.0,0.0,0.0,0.0,0.0,0.0,0.0,0.0,0.0,0.0,0.0
5530,0.0,0.07,0.06,0.0,0.0,0.02,0.0,0.0,0.02,0.14,0.02,0.13,0.07,0.05,0.06,0.04,0.04,0.17,0.17,0.03,0.06,0.05,0.04,0.02,0.12,0.07,0.0,0.0,0.07,0.07,0.07,0.0,0.0,0.0,0.0,0.03,0.03,0.11,0.03,0.11,0.1,0.02,0.01,0.03,0.03,0.03,0.02,0.0,0.0,0.01,0.08,0.07,0.09,0.08,0.09,0.07,0.0,0.08,0.08,0.08,0.07,0.08,0.07,0.07
5531,0.0,0.46,0.46,0.0,0.0,0.12,0.0,0.0,0.06,0.56,0.06,0.55,0.45,0.39,0.33,0.33,0.19,0.58,0.57,0.21,0.56,0.31,0.17,0.14,0.54,0.46,0.0,0.0,0.14,0.38,0.18,0.0,0.0,0.0,0.0,0.2,0.12,0.52,0.18,0.52,0.51,0.08,0.06,0.14,0.13,0.18,0.12,0.0,0.0,0.07,0.47,0.46,0.49,0.46,0.51,0.46,0.0,0.47,0.47,0.49,0.47,0.47,0.47,0.47
5532,0.0,0.63,0.63,0.0,0.0,0.66,0.0,0.0,0.09,0.65,0.1,0.67,0.64,0.64,0.66,0.66,0.3,0.66,0.67,0.65,0.66,0.66,0.41,0.2,0.66,0.63,0.0,0.0,0.33,0.63,0.41,0.0,0.0,0.0,0.0,0.41,0.24,0.65,0.64,0.65,0.64,0.2,0.17,0.2,0.3,0.57,0.49,0.0,0.0,0.2,0.63,0.61,0.64,0.62,0.65,0.62,0.0,0.62,0.5,0.63,0.63,0.63,0.63,0.62
5533,0.0,0.7,0.7,0.0,0.0,0.71,0.0,0.0,0.39,0.66,0.24,0.72,0.7,0.69,0.69,0.69,0.5,0.72,0.72,0.69,0.71,0.7,0.7,0.34,0.73,0.7,0.0,0.0,0.7,0.7,0.7,0.0,0.0,0.0,0.0,0.7,0.69,0.71,0.7,0.71,0.71,0.71,0.46,0.43,0.54,0.71,0.71,0.0,0.0,0.72,0.7,0.67,0.69,0.67,0.7,0.66,0.0,0.69,0.68,0.69,0.69,0.69,0.7,0.68
5534,0.0,0.72,0.72,0.0,0.0,0.73,0.0,0.0,0.71,0.72,0.72,0.73,0.73,0.7,0.72,0.72,0.72,0.74,0.74,0.69,0.66,0.71,0.72,0.7,0.76,0.72,0.0,0.0,0.72,0.72,0.72,0.0,0.0,0.0,0.0,0.71,0.71,0.71,0.72,0.73,0.71,0.72,0.73,0.71,0.71,0.73,0.72,0.0,0.0,0.74,0.71,0.7,0.72,0.67,0.72,0.62,0.0,0.67,0.7,0.68,0.7,0.7,0.73,0.7
5535,0.0,0.72,0.72,0.0,0.0,0.74,0.0,0.0,0.71,0.59,0.71,0.75,0.73,0.7,0.72,0.73,0.74,0.71,0.7,0.71,0.74,0.71,0.72,0.71,0.77,0.73,0.0,0.0,0.73,0.73,0.73,0.0,0.0,0.0,0.0,0.72,0.71,0.74,0.69,0.73,0.74,0.71,0.72,0.73,0.72,0.71,0.74,0.0,0.0,0.74,0.7,0.7,0.71,0.65,0.72,0.6,0.0,0.71,0.71,0.7,0.71,0.7,0.73,0.71
5536,0.0,0.73,0.73,0.0,0.0,0.74,0.0,0.0,0.72,0.65,0.72,0.74,0.73,0.71,0.74,0.75,0.7,0.74,0.76,0.72,0.74,0.72,0.72,0.73,0.78,0.73,0.0,0.0,0.69,0.73,0.72,0.0,0.0,0.0,0.0,0.72,0.69,0.68,0.72,0.57,0.73,0.73,0.73,0.73,0.72,0.73,0.73,0.0,0.0,0.74,0.66,0.67,0.65,0.69,0.47,0.21,0.0,0.38,0.42,0.26,0.64,0.65,0.66,0.62
5537,0.0,0.72,0.72,0.0,0.0,0.7,0.0,0.0,0.71,0.71,0.72,0.62,0.7,0.72,0.75,0.75,0.72,0.75,0.76,0.72,0.72,0.72,0.62,0.72,0.77,0.72,0.0,0.0,0.72,0.72,0.72,0.0,0.0,0.0,0.0,0.61,0.7,0.73,0.67,0.74,0.68,0.61,0.6,0.74,0.73,0.68,0.72,0.0,0.0,0.7,0.7,0.25,0.17,0.07,0.16,0.05,0.0,0.04,0.66,0.69,0.44,0.69,0.72,0.67
5538,0.0,0.72,0.72,0.0,0.0,0.67,0.0,0.0,0.72,0.08,0.71,0.74,0.71,0.69,0.73,0.74,0.7,0.73,0.74,0.72,0.71,0.71,0.7,0.71,0.72,0.72,0.0,0.0,0.72,0.72,0.72,0.0,0.0,0.0,0.0,0.7,0.67,0.57,0.7,0.56,0.7,0.71,0.68,0.6,0.61,0.7,0.65,0.0,0.0,0.7,0.69,0.72,0.72,0.07,0.72,0.06,0.0,0.09,0.66,0.64,0.72,0.57,0.72,0.7
5539,0.0,0.7,0.7,0.0,0.0,0.68,0.0,0.0,0.62,0.23,0.56,0.52,0.69,0.71,0.67,0.52,0.32,0.69,0.72,0.71,0.7,0.71,0.68,0.7,0.73,0.71,0.0,0.0,0.7,0.7,0.7,0.0,0.0,0.0,0.0,0.69,0.7,0.71,0.7,0.71,0.72,0.7,0.7,0.71,0.72,0.71,0.7,0.0,0.0,0.71,0.19,0.7,0.01,0.02,0.24,0.48,0.0,0.12,0.69,0.04,0.69,0.07,0.7,0.67
5540,0.0,0.64,0.64,0.0,0.0,0.63,0.0,0.0,0.64,0.05,0.61,0.59,0.63,0.6,0.63,0.63,0.38,0.63,0.64,0.59,0.53,0.62,0.6,0.66,0.34,0.65,0.0,0.0,0.64,0.64,0.64,0.0,0.0,0.0,0.0,0.64,0.35,0.4,0.64,0.35,0.47,0.64,0.64,0.66,0.63,0.64,0.65,0.0,0.0,0.66,0.04,0.61,0.02,0.63,0.06,0.38,0.0,0.02,0.63,0.27,0.63,0.05,0.61,0.62
5541,0.0,0.38,0.38,0.0,0.0,0.36,0.0,0.0,0.15,0.2,0.2,0.13,0.26,0.28,0.27,0.29,0.27,0.24,0.26,0.26,0.08,0.28,0.25,0.32,0.34,0.05,0.0,0.0,0.38,0.38,0.38,0.0,0.0,0.0,0.0,0.36,0.31,0.05,0.34,0.02,0.01,0.34,0.34,0.35,0.33,0.34,0.36,0.0,0.0,0.36,0.12,0.38,0.0,0.34,0.16,0.37,0.0,0.15,0.27,0.11,0.31,0.29,0.38,0.29
5542,0.0,0.06,0.06,0.0,0.0,0.05,0.0,0.0,0.04,0.02,0.02,0.04,0.03,0.02,0.03,0.03,0.0,0.01,0.01,0.04,0.03,0.03,0.04,0.04,0.05,0.01,0.0,0.0,0.06,0.06,0.01,0.0,0.0,0.0,0.0,0.06,0.06,0.0,0.06,0.0,0.01,0.06,0.06,0.06,0.04,0.06,0.05,0.0,0.0,0.05,0.06,0.02,0.04,0.02,0.04,0.04,0.0,0.02,0.06,0.03,0.04,0.01,0.06,0.06
5543,0.0,0.0,0.0,0.0,0.0,0.0,0.0,0.0,0.0,0.0,0.0,0.0,0.0,0.0,0.0,0.0,0.0,0.0,0.0,0.0,0.0,0.0,0.0,0.0,0.0,0.0,0.0,0.0,0.0,0.0,0.0,0.0,0.0,0.0,0.0,0.0,0.0,0.0,0.0,0.0,0.0,0.0,0.0,0.0,0.0,0.0,0.0,0.0,0.0,0.0,0.0,0.0,0.0,0.0,0.0,0.0,0.0,0.0,0.0,0.0,0.0,0.0,0.0,0.0
5544,0.0,0.0,0.0,0.0,0.0,0.0,0.0,0.0,0.0,0.0,0.0,0.0,0.0,0.0,0.0,0.0,0.0,0.0,0.0,0.0,0.0,0.0,0.0,0.0,0.0,0.0,0.0,0.0,0.0,0.0,0.0,0.0,0.0,0.0,0.0,0.0,0.0,0.0,0.0,0.0,0.0,0.0,0.0,0.0,0.0,0.0,0.0,0.0,0.0,0.0,0.0,0.0,0.0,0.0,0.0,0.0,0.0,0.0,0.0,0.0,0.0,0.0,0.0,0.0
5545,0.0,0.0,0.0,0.0,0.0,0.0,0.0,0.0,0.0,0.0,0.0,0.0,0.0,0.0,0.0,0.0,0.0,0.0,0.0,0.0,0.0,0.0,0.0,0.0,0.0,0.0,0.0,0.0,0.0,0.0,0.0,0.0,0.0,0.0,0.0,0.0,0.0,0.0,0.0,0.0,0.0,0.0,0.0,0.0,0.0,0.0,0.0,0.0,0.0,0.0,0.0,0.0,0.0,0.0,0.0,0.0,0.0,0.0,0.0,0.0,0.0,0.0,0.0,0.0
5546,0.0,0.0,0.0,0.0,0.0,0.0,0.0,0.0,0.0,0.0,0.0,0.0,0.0,0.0,0.0,0.0,0.0,0.0,0.0,0.0,0.0,0.0,0.0,0.0,0.0,0.0,0.0,0.0,0.0,0.0,0.0,0.0,0.0,0.0,0.0,0.0,0.0,0.0,0.0,0.0,0.0,0.0,0.0,0.0,0.0,0.0,0.0,0.0,0.0,0.0,0.0,0.0,0.0,0.0,0.0,0.0,0.0,0.0,0.0,0.0,0.0,0.0,0.0,0.0
5547,0.0,0.0,0.0,0.0,0.0,0.0,0.0,0.0,0.0,0.0,0.0,0.0,0.0,0.0,0.0,0.0,0.0,0.0,0.0,0.0,0.0,0.0,0.0,0.0,0.0,0.0,0.0,0.0,0.0,0.0,0.0,0.0,0.0,0.0,0.0,0.0,0.0,0.0,0.0,0.0,0.0,0.0,0.0,0.0,0.0,0.0,0.0,0.0,0.0,0.0,0.0,0.0,0.0,0.0,0.0,0.0,0.0,0.0,0.0,0.0,0.0,0.0,0.0,0.0
5548,0.0,0.0,0.0,0.0,0.0,0.0,0.0,0.0,0.0,0.0,0.0,0.0,0.0,0.0,0.0,0.0,0.0,0.0,0.0,0.0,0.0,0.0,0.0,0.0,0.0,0.0,0.0,0.0,0.0,0.0,0.0,0.0,0.0,0.0,0.0,0.0,0.0,0.0,0.0,0.0,0.0,0.0,0.0,0.0,0.0,0.0,0.0,0.0,0.0,0.0,0.0,0.0,0.0,0.0,0.0,0.0,0.0,0.0,0.0,0.0,0.0,0.0,0.0,0.0
5549,0.0,0.0,0.0,0.0,0.0,0.0,0.0,0.0,0.0,0.0,0.0,0.0,0.0,0.0,0.0,0.0,0.0,0.0,0.0,0.0,0.0,0.0,0.0,0.0,0.0,0.0,0.0,0.0,0.0,0.0,0.0,0.0,0.0,0.0,0.0,0.0,0.0,0.0,0.0,0.0,0.0,0.0,0.0,0.0,0.0,0.0,0.0,0.0,0.0,0.0,0.0,0.0,0.0,0.0,0.0,0.0,0.0,0.0,0.0,0.0,0.0,0.0,0.0,0.0
5550,0.0,0.0,0.0,0.0,0.0,0.0,0.0,0.0,0.0,0.0,0.0,0.0,0.0,0.0,0.0,0.0,0.0,0.0,0.0,0.0,0.0,0.0,0.0,0.0,0.0,0.0,0.0,0.0,0.0,0.0,0.0,0.0,0.0,0.0,0.0,0.0,0.0,0.0,0.0,0.0,0.0,0.0,0.0,0.0,0.0,0.0,0.0,0.0,0.0,0.0,0.0,0.0,0.0,0.0,0.0,0.0,0.0,0.0,0.0,0.0,0.0,0.0,0.0,0.0
5551,0.0,0.0,0.0,0.0,0.0,0.0,0.0,0.0,0.0,0.0,0.0,0.0,0.0,0.0,0.0,0.0,0.0,0.0,0.0,0.0,0.0,0.0,0.0,0.0,0.0,0.0,0.0,0.0,0.0,0.0,0.0,0.0,0.0,0.0,0.0,0.0,0.0,0.0,0.0,0.0,0.0,0.0,0.0,0.0,0.0,0.0,0.0,0.0,0.0,0.0,0.0,0.0,0.0,0.0,0.0,0.0,0.0,0.0,0.0,0.0,0.0,0.0,0.0,0.0
5552,0.0,0.0,0.0,0.0,0.0,0.0,0.0,0.0,0.0,0.0,0.0,0.0,0.0,0.0,0.0,0.0,0.0,0.0,0.0,0.0,0.0,0.0,0.0,0.0,0.0,0.0,0.0,0.0,0.0,0.0,0.0,0.0,0.0,0.0,0.0,0.0,0.0,0.0,0.0,0.0,0.0,0.0,0.0,0.0,0.0,0.0,0.0,0.0,0.0,0.0,0.0,0.0,0.0,0.0,0.0,0.0,0.0,0.0,0.0,0.0,0.0,0.0,0.0,0.0
5553,0.0,0.0,0.0,0.0,0.0,0.0,0.0,0.0,0.0,0.0,0.0,0.0,0.0,0.0,0.0,0.0,0.0,0.0,0.0,0.0,0.0,0.0,0.0,0.0,0.0,0.0,0.0,0.0,0.0,0.0,0.0,0.0,0.0,0.0,0.0,0.0,0.0,0.0,0.0,0.0,0.0,0.0,0.0,0.0,0.0,0.0,0.0,0.0,0.0,0.0,0.0,0.0,0.0,0.0,0.0,0.0,0.0,0.0,0.0,0.0,0.0,0.0,0.0,0.0
5554,0.0,0.08,0.06,0.0,0.0,0.09,0.0,0.0,0.12,0.06,0.11,0.04,0.16,0.06,0.11,0.14,0.11,0.16,0.16,0.1,0.08,0.07,0.17,0.11,0.05,0.08,0.0,0.0,0.02,0.08,0.02,0.0,0.0,0.0,0.0,0.01,0.1,0.11,0.01,0.11,0.02,0.01,0.05,0.1,0.11,0.01,0.09,0.0,0.0,0.01,0.08,0.01,0.04,0.05,0.09,0.0,0.0,0.01,0.08,0.06,0.08,0.01,0.01,0.08
5555,0.0,0.11,0.11,0.0,0.0,0.44,0.0,0.0,0.49,0.14,0.48,0.32,0.43,0.25,0.42,0.5,0.48,0.54,0.54,0.5,0.15,0.2,0.55,0.48,0.48,0.04,0.0,0.0,0.05,0.07,0.04,0.0,0.0,0.0,0.0,0.06,0.2,0.37,0.07,0.48,0.37,0.42,0.08,0.44,0.45,0.38,0.45,0.0,0.0,0.45,0.03,0.03,0.45,0.01,0.21,0.01,0.0,0.43,0.14,0.03,0.04,0.04,0.04,0.06
5556,0.0,0.05,0.05,0.0,0.0,0.43,0.0,0.0,0.65,0.31,0.57,0.65,0.66,0.67,0.66,0.66,0.1,0.64,0.52,0.66,0.3,0.66,0.66,0.64,0.64,0.08,0.0,0.0,0.05,0.1,0.14,0.0,0.0,0.0,0.0,0.05,0.66,0.12,0.06,0.22,0.05,0.08,0.1,0.1,0.64,0.62,0.46,0.0,0.0,0.48,0.02,0.01,0.03,0.03,0.02,0.03,0.0,0.02,0.03,0.01,0.03,0.02,0.02,0.03
5557,0.0,0.09,0.07,0.0,0.0,0.24,0.0,0.0,0.16,0.36,0.06,0.13,0.67,0.7,0.71,0.7,0.14,0.55,0.55,0.7,0.43,0.71,0.69,0.7,0.65,0.06,0.0,0.0,0.12,0.04,0.22,0.0,0.0,0.0,0.0,0.09,0.61,0.14,0.05,0.17,0.1,0.05,0.19,0.21,0.7,0.07,0.42,0.0,0.0,0.56,0.02,0.05,0.03,0.04,0.02,0.04,0.0,0.09,0.03,0.04,0.03,0.02,0.1,0.03
5558,0.0,0.02,0.02,0.0,0.0,0.5,0.0,0.0,0.22,0.26,0.18,0.73,0.72,0.71,0.72,0.41,0.67,0.63,0.6,0.66,0.23,0.72,0.64,0.17,0.69,0.11,0.0,0.0,0.24,0.04,0.11,0.0,0.0,0.0,0.0,0.11,0.34,0.13,0.1,0.39,0.16,0.12,0.09,0.61,0.57,0.06,0.42,0.0,0.0,0.37,0.04,0.12,0.08,0.02,0.09,0.1,0.0,0.03,0.18,0.06,0.03,0.05,0.09,0.06
5559,0.0,0.02,0.03,0.0,0.0,0.27,0.0,0.0,0.67,0.21,0.28,0.73,0.73,0.63,0.68,0.62,0.17,0.39,0.36,0.53,0.32,0.65,0.73,0.67,0.52,0.01,0.0,0.0,0.07,0.03,0.01,0.0,0.0,0.0,0.0,0.44,0.2,0.08,0.35,0.05,0.19,0.34,0.63,0.22,0.6,0.66,0.36,0.0,0.0,0.65,0.63,0.16,0.11,0.06,0.14,0.04,0.0,0.05,0.56,0.24,0.48,0.12,0.24,0.22
5560,0.0,0.48,0.08,0.0,0.0,0.08,0.0,0.0,0.66,0.17,0.7,0.07,0.68,0.72,0.73,0.4,0.44,0.49,0.44,0.21,0.34,0.71,0.73,0.61,0.59,0.03,0.0,0.0,0.02,0.21,0.04,0.0,0.0,0.0,0.0,0.04,0.71,0.5,0.11,0.4,0.61,0.14,0.42,0.64,0.63,0.27,0.1,0.0,0.0,0.08,0.74,0.23,0.14,0.11,0.53,0.04,0.0,0.05,0.75,0.06,0.74,0.33,0.05,0.75
5561,0.0,0.04,0.13,0.0,0.0,0.02,0.0,0.0,0.67,0.33,0.68,0.08,0.73,0.67,0.73,0.55,0.13,0.72,0.15,0.62,0.28,0.69,0.73,0.6,0.39,0.01,0.0,0.0,0.05,0.06,0.01,0.0,0.0,0.0,0.0,0.01,0.29,0.68,0.18,0.62,0.61,0.13,0.17,0.25,0.59,0.18,0.02,0.0,0.0,0.02,0.42,0.4,0.07,0.06,0.07,0.51,0.0,0.06,0.43,0.04,0.53,0.22,0.32,0.43
5562,0.0,0.16,0.14,0.0,0.0,0.17,0.0,0.0,0.56,0.1,0.48,0.5,0.71,0.61,0.64,0.65,0.49,0.04,0.03,0.67,0.17,0.14,0.71,0.17,0.08,0.04,0.0,0.0,0.03,0.18,0.03,0.0,0.0,0.0,0.0,0.02,0.3,0.67,0.08,0.62,0.63,0.25,0.38,0.13,0.24,0.44,0.08,0.0,0.0,0.44,0.09,0.03,0.04,0.35,0.09,0.02,0.0,0.12,0.08,0.03,0.09,0.06,0.15,0.08
5563,0.0,0.24,0.57,0.0,0.0,0.12,0.0,0.0,0.55,0.03,0.51,0.1,0.58,0.6,0.42,0.34,0.12,0.02,0.04,0.51,0.13,0.46,0.09,0.11,0.21,0.06,0.0,0.0,0.04,0.33,0.06,0.0,0.0,0.0,0.0,0.0,0.1,0.32,0.0,0.05,0.19,0.0,0.06,0.44,0.61,0.01,0.13,0.0,0.0,0.05,0.21,0.08,0.56,0.47,0.01,0.11,0.0,0.1,0.26,0.02,0.36,0.14,0.09,0.33
5564,0.0,0.12,0.19,0.0,0.0,0.01,0.0,0.0,0.07,0.02,0.08,0.09,0.1,0.28,0.36,0.24,0.01,0.03,0.02,0.18,0.07,0.27,0.03,0.05,0.04,0.04,0.0,0.0,0.02,0.17,0.04,0.0,0.0,0.0,0.0,0.01,0.04,0.09,0.02,0.08,0.0,0.01,0.02,0.02,0.06,0.03,0.01,0.0,0.0,0.01,0.12,0.08,0.05,0.04,0.24,0.03,0.0,0.12,0.07,0.01,0.09,0.1,0.03,0.05
5565,0.0,0.05,0.05,0.0,0.0,0.02,0.0,0.0,0.01,0.13,0.0,0.0,0.01,0.02,0.05,0.1,0.0,0.01,0.01,0.04,0.01,0.02,0.01,0.01,0.0,0.03,0.0,0.0,0.01,0.05,0.06,0.0,0.0,0.0,0.0,0.02,0.01,0.0,0.01,0.02,0.0,0.01,0.02,0.0,0.01,0.02,0.02,0.0,0.0,0.0,0.01,0.07,0.0,0.04,0.0,0.0,0.0,0.11,0.02,0.0,0.11,0.01,0.03,0.05
5566,0.0,0.04,0.03,0.0,0.0,0.0,0.0,0.0,0.0,0.0,0.0,0.0,0.01,0.0,0.0,0.0,0.0,0.0,0.0,0.0,0.0,0.0,0.0,0.0,0.0,0.01,0.0,0.0,0.0,0.06,0.01,0.0,0.0,0.0,0.0,0.0,0.0,0.0,0.0,0.0,0.0,0.0,0.0,0.0,0.0,0.0,0.01,0.0,0.0,0.01,0.02,0.0,0.0,0.01,0.0,0.0,0.0,0.0,0.0,0.0,0.0,0.02,0.0,0.0
5567,0.0,0.0,0.0,0.0,0.0,0.0,0.0,0.0,0.0,0.0,0.0,0.0,0.0,0.0,0.0,0.0,0.0,0.0,0.0,0.0,0.0,0.0,0.0,0.0,0.0,0.0,0.0,0.0,0.0,0.0,0.0,0.0,0.0,0.0,0.0,0.0,0.0,0.0,0.0,0.0,0.0,0.0,0.0,0.0,0.0,0.0,0.0,0.0,0.0,0.0,0.0,0.0,0.0,0.0,0.0,0.0,0.0,0.0,0.0,0.0,0.0,0.0,0.0,0.0
5568,0.0,0.0,0.0,0.0,0.0,0.0,0.0,0.0,0.0,0.0,0.0,0.0,0.0,0.0,0.0,0.0,0.0,0.0,0.0,0.0,0.0,0.0,0.0,0.0,0.0,0.0,0.0,0.0,0.0,0.0,0.0,0.0,0.0,0.0,0.0,0.0,0.0,0.0,0.0,0.0,0.0,0.0,0.0,0.0,0.0,0.0,0.0,0.0,0.0,0.0,0.0,0.0,0.0,0.0,0.0,0.0,0.0,0.0,0.0,0.0,0.0,0.0,0.0,0.0
5569,0.0,0.0,0.0,0.0,0.0,0.0,0.0,0.0,0.0,0.0,0.0,0.0,0.0,0.0,0.0,0.0,0.0,0.0,0.0,0.0,0.0,0.0,0.0,0.0,0.0,0.0,0.0,0.0,0.0,0.0,0.0,0.0,0.0,0.0,0.0,0.0,0.0,0.0,0.0,0.0,0.0,0.0,0.0,0.0,0.0,0.0,0.0,0.0,0.0,0.0,0.0,0.0,0.0,0.0,0.0,0.0,0.0,0.0,0.0,0.0,0.0,0.0,0.0,0.0
5570,0.0,0.0,0.0,0.0,0.0,0.0,0.0,0.0,0.0,0.0,0.0,0.0,0.0,0.0,0.0,0.0,0.0,0.0,0.0,0.0,0.0,0.0,0.0,0.0,0.0,0.0,0.0,0.0,0.0,0.0,0.0,0.0,0.0,0.0,0.0,0.0,0.0,0.0,0.0,0.0,0.0,0.0,0.0,0.0,0.0,0.0,0.0,0.0,0.0,0.0,0.0,0.0,0.0,0.0,0.0,0.0,0.0,0.0,0.0,0.0,0.0,0.0,0.0,0.0
5571,0.0,0.0,0.0,0.0,0.0,0.0,0.0,0.0,0.0,0.0,0.0,0.0,0.0,0.0,0.0,0.0,0.0,0.0,0.0,0.0,0.0,0.0,0.0,0.0,0.0,0.0,0.0,0.0,0.0,0.0,0.0,0.0,0.0,0.0,0.0,0.0,0.0,0.0,0.0,0.0,0.0,0.0,0.0,0.0,0.0,0.0,0.0,0.0,0.0,0.0,0.0,0.0,0.0,0.0,0.0,0.0,0.0,0.0,0.0,0.0,0.0,0.0,0.0,0.0
5572,0.0,0.0,0.0,0.0,0.0,0.0,0.0,0.0,0.0,0.0,0.0,0.0,0.0,0.0,0.0,0.0,0.0,0.0,0.0,0.0,0.0,0.0,0.0,0.0,0.0,0.0,0.0,0.0,0.0,0.0,0.0,0.0,0.0,0.0,0.0,0.0,0.0,0.0,0.0,0.0,0.0,0.0,0.0,0.0,0.0,0.0,0.0,0.0,0.0,0.0,0.0,0.0,0.0,0.0,0.0,0.0,0.0,0.0,0.0,0.0,0.0,0.0,0.0,0.0
5573,0.0,0.0,0.0,0.0,0.0,0.0,0.0,0.0,0.0,0.0,0.0,0.0,0.0,0.0,0.0,0.0,0.0,0.0,0.0,0.0,0.0,0.0,0.0,0.0,0.0,0.0,0.0,0.0,0.0,0.0,0.0,0.0,0.0,0.0,0.0,0.0,0.0,0.0,0.0,0.0,0.0,0.0,0.0,0.0,0.0,0.0,0.0,0.0,0.0,0.0,0.0,0.0,0.0,0.0,0.0,0.0,0.0,0.0,0.0,0.0,0.0,0.0,0.0,0.0
5574,0.0,0.0,0.0,0.0,0.0,0.0,0.0,0.0,0.0,0.0,0.0,0.0,0.0,0.0,0.0,0.0,0.0,0.0,0.0,0.0,0.0,0.0,0.0,0.0,0.0,0.0,0.0,0.0,0.0,0.0,0.0,0.0,0.0,0.0,0.0,0.0,0.0,0.0,0.0,0.0,0.0,0.0,0.0,0.0,0.0,0.0,0.0,0.0,0.0,0.0,0.0,0.0,0.0,0.0,0.0,0.0,0.0,0.0,0.0,0.0,0.0,0.0,0.0,0.0
5575,0.0,0.0,0.0,0.0,0.0,0.0,0.0,0.0,0.0,0.0,0.0,0.0,0.0,0.0,0.0,0.0,0.0,0.0,0.0,0.0,0.0,0.0,0.0,0.0,0.0,0.0,0.0,0.0,0.0,0.0,0.0,0.0,0.0,0.0,0.0,0.0,0.0,0.0,0.0,0.0,0.0,0.0,0.0,0.0,0.0,0.0,0.0,0.0,0.0,0.0,0.0,0.0,0.0,0.0,0.0,0.0,0.0,0.0,0.0,0.0,0.0,0.0,0.0,0.0
5576,0.0,0.0,0.0,0.0,0.0,0.0,0.0,0.0,0.0,0.0,0.0,0.0,0.0,0.0,0.0,0.0,0.0,0.0,0.0,0.0,0.0,0.0,0.0,0.0,0.0,0.0,0.0,0.0,0.0,0.0,0.0,0.0,0.0,0.0,0.0,0.0,0.0,0.0,0.0,0.0,0.0,0.0,0.0,0.0,0.0,0.0,0.0,0.0,0.0,0.0,0.0,0.0,0.0,0.0,0.0,0.0,0.0,0.0,0.0,0.0,0.0,0.0,0.0,0.0
5577,0.0,0.0,0.0,0.0,0.0,0.0,0.0,0.0,0.0,0.0,0.0,0.0,0.0,0.0,0.0,0.0,0.0,0.0,0.0,0.0,0.0,0.0,0.0,0.0,0.0,0.0,0.0,0.0,0.0,0.0,0.0,0.0,0.0,0.0,0.0,0.0,0.0,0.0,0.0,0.0,0.0,0.0,0.0,0.0,0.0,0.0,0.0,0.0,0.0,0.0,0.0,0.0,0.0,0.0,0.0,0.0,0.0,0.0,0.0,0.0,0.0,0.0,0.0,0.0
5578,0.0,0.08,0.03,0.0,0.0,0.1,0.0,0.0,0.13,0.16,0.12,0.14,0.02,0.13,0.06,0.14,0.12,0.17,0.16,0.12,0.15,0.14,0.18,0.11,0.12,0.08,0.0,0.0,0.08,0.08,0.08,0.0,0.0,0.0,0.0,0.04,0.11,0.05,0.06,0.04,0.03,0.1,0.1,0.11,0.11,0.03,0.1,0.0,0.0,0.1,0.02,0.08,0.02,0.02,0.03,0.08,0.0,0.02,0.02,0.09,0.02,0.01,0.08,0.02
5579,0.0,0.46,0.46,0.0,0.0,0.48,0.0,0.0,0.54,0.62,0.53,0.58,0.6,0.56,0.55,0.55,0.54,0.62,0.63,0.55,0.61,0.56,0.6,0.52,0.51,0.47,0.0,0.0,0.48,0.47,0.48,0.0,0.0,0.0,0.0,0.49,0.52,0.53,0.23,0.54,0.24,0.5,0.22,0.52,0.14,0.15,0.48,0.0,0.0,0.48,0.17,0.48,0.13,0.08,0.54,0.15,0.0,0.11,0.18,0.52,0.12,0.12,0.49,0.14
5580,0.0,0.7,0.7,0.0,0.0,0.67,0.0,0.0,0.71,0.77,0.71,0.77,0.71,0.72,0.71,0.71,0.74,0.77,0.78,0.71,0.77,0.72,0.72,0.7,0.68,0.71,0.0,0.0,0.7,0.7,0.7,0.0,0.0,0.0,0.0,0.71,0.7,0.74,0.72,0.75,0.73,0.72,0.42,0.69,0.7,0.32,0.67,0.0,0.0,0.67,0.6,0.7,0.76,0.39,0.76,0.74,0.0,0.76,0.45,0.74,0.45,0.3,0.72,0.5
5581,0.0,0.75,0.76,0.0,0.0,0.72,0.0,0.0,0.76,0.81,0.76,0.82,0.76,0.76,0.76,0.75,0.79,0.82,0.82,0.76,0.81,0.76,0.77,0.74,0.73,0.76,0.0,0.0,0.75,0.75,0.75,0.0,0.0,0.0,0.0,0.76,0.74,0.8,0.77,0.81,0.78,0.77,0.78,0.73,0.74,0.78,0.72,0.0,0.0,0.72,0.82,0.79,0.81,0.8,0.8,0.78,0.0,0.8,0.82,0.79,0.82,0.82,0.78,0.82
5582,0.0,0.76,0.78,0.0,0.0,0.74,0.0,0.0,0.79,0.83,0.79,0.83,0.78,0.8,0.78,0.78,0.81,0.83,0.84,0.78,0.82,0.8,0.8,0.76,0.76,0.78,0.0,0.0,0.77,0.77,0.77,0.0,0.0,0.0,0.0,0.78,0.76,0.82,0.8,0.83,0.81,0.79,0.8,0.75,0.76,0.8,0.75,0.0,0.0,0.74,0.83,0.82,0.82,0.82,0.81,0.8,0.0,0.81,0.83,0.8,0.83,0.83,0.81,0.83
5583,0.0,0.78,0.79,0.0,0.0,0.75,0.0,0.0,0.81,0.83,0.8,0.83,0.8,0.81,0.8,0.8,0.82,0.84,0.84,0.8,0.83,0.81,0.82,0.78,0.77,0.8,0.0,0.0,0.79,0.78,0.78,0.0,0.0,0.0,0.0,0.79,0.77,0.83,0.82,0.83,0.82,0.81,0.81,0.76,0.78,0.82,0.75,0.0,0.0,0.75,0.83,0.83,0.82,0.82,0.82,0.8,0.0,0.82,0.83,0.81,0.83,0.83,0.83,0.82
5584,0.0,0.78,0.79,0.0,0.0,0.75,0.0,0.0,0.8,0.83,0.79,0.83,0.81,0.81,0.8,0.8,0.82,0.83,0.84,0.8,0.83,0.81,0.81,0.78,0.78,0.81,0.0,0.0,0.8,0.78,0.79,0.0,0.0,0.0,0.0,0.8,0.77,0.82,0.82,0.83,0.82,0.82,0.82,0.76,0.78,0.82,0.75,0.0,0.0,0.75,0.83,0.82,0.82,0.82,0.82,0.8,0.0,0.82,0.82,0.81,0.82,0.83,0.83,0.82
5585,0.0,0.78,0.79,0.0,0.0,0.75,0.0,0.0,0.79,0.82,0.78,0.82,0.8,0.8,0.79,0.79,0.81,0.82,0.83,0.8,0.82,0.8,0.8,0.77,0.78,0.81,0.0,0.0,0.8,0.78,0.79,0.0,0.0,0.0,0.0,0.8,0.77,0.81,0.82,0.82,0.81,0.81,0.81,0.75,0.77,0.82,0.75,0.0,0.0,0.74,0.82,0.82,0.82,0.82,0.82,0.8,0.0,0.81,0.81,0.8,0.81,0.82,0.81,0.81
5586,0.0,0.78,0.79,0.0,0.0,0.73,0.0,0.0,0.77,0.8,0.77,0.81,0.78,0.78,0.77,0.78,0.79,0.8,0.81,0.77,0.8,0.78,0.78,0.76,0.77,0.8,0.0,0.0,0.78,0.78,0.78,0.0,0.0,0.0,0.0,0.78,0.76,0.8,0.8,0.8,0.8,0.79,0.79,0.73,0.77,0.8,0.73,0.0,0.0,0.73,0.81,0.81,0.8,0.8,0.8,0.78,0.0,0.8,0.8,0.79,0.8,0.81,0.8,0.8
5587,0.0,0.78,0.8,0.0,0.0,0.72,0.0,0.0,0.76,0.79,0.76,0.8,0.77,0.77,0.77,0.77,0.79,0.79,0.8,0.77,0.79,0.77,0.77,0.76,0.76,0.8,0.0,0.0,0.78,0.78,0.78,0.0,0.0,0.0,0.0,0.78,0.76,0.79,0.79,0.8,0.79,0.79,0.79,0.76,0.76,0.8,0.72,0.0,0.0,0.72,0.81,0.8,0.79,0.8,0.8,0.78,0.0,0.8,0.8,0.79,0.8,0.81,0.8,0.8
5588,0.0,0.73,0.74,0.0,0.0,0.66,0.0,0.0,0.69,0.71,0.7,0.73,0.69,0.69,0.69,0.69,0.72,0.71,0.72,0.69,0.72,0.69,0.69,0.7,0.69,0.74,0.0,0.0,0.73,0.73,0.73,0.0,0.0,0.0,0.0,0.72,0.71,0.73,0.73,0.73,0.73,0.73,0.72,0.69,0.7,0.74,0.66,0.0,0.0,0.66,0.75,0.75,0.73,0.74,0.74,0.72,0.0,0.74,0.74,0.73,0.74,0.75,0.74,0.74
5589,0.0,0.44,0.45,0.0,0.0,0.37,0.0,0.0,0.35,0.34,0.36,0.36,0.28,0.32,0.32,0.32,0.37,0.32,0.32,0.34,0.35,0.32,0.28,0.36,0.35,0.44,0.0,0.0,0.43,0.44,0.43,0.0,0.0,0.0,0.0,0.41,0.38,0.38,0.42,0.38,0.4,0.41,0.41,0.37,0.37,0.42,0.37,0.0,0.0,0.37,0.45,0.45,0.42,0.44,0.41,0.43,0.0,0.44,0.44,0.42,0.44,0.45,0.44,0.44
5590,0.0,0.05,0.05,0.0,0.0,0.05,0.0,0.0,0.05,0.05,0.05,0.05,0.04,0.05,0.05,0.05,0.05,0.05,0.05,0.05,0.05,0.05,0.04,0.05,0.05,0.05,0.0,0.0,0.05,0.05,0.05,0.0,0.0,0.0,0.0,0.05,0.05,0.05,0.05,0.05,0.05,0.05,0.05,0.05,0.05,0.05,0.05,0.0,0.0,0.05,0.05,0.05,0.05,0.05,0.05,0.05,0.0,0.05,0.05,0.05,0.05,0.05,0.05,0.05
5591,0.0,0.0,0.0,0.0,0.0,0.0,0.0,0.0,0.0,0.0,0.0,0.0,0.0,0.0,0.0,0.0,0.0,0.0,0.0,0.0,0.0,0.0,0.0,0.0,0.0,0.0,0.0,0.0,0.0,0.0,0.0,0.0,0.0,0.0,0.0,0.0,0.0,0.0,0.0,0.0,0.0,0.0,0.0,0.0,0.0,0.0,0.0,0.0,0.0,0.0,0.0,0.0,0.0,0.0,0.0,0.0,0.0,0.0,0.0,0.0,0.0,0.0,0.0,0.0
5592,0.0,0.0,0.0,0.0,0.0,0.0,0.0,0.0,0.0,0.0,0.0,0.0,0.0,0.0,0.0,0.0,0.0,0.0,0.0,0.0,0.0,0.0,0.0,0.0,0.0,0.0,0.0,0.0,0.0,0.0,0.0,0.0,0.0,0.0,0.0,0.0,0.0,0.0,0.0,0.0,0.0,0.0,0.0,0.0,0.0,0.0,0.0,0.0,0.0,0.0,0.0,0.0,0.0,0.0,0.0,0.0,0.0,0.0,0.0,0.0,0.0,0.0,0.0,0.0
5593,0.0,0.0,0.0,0.0,0.0,0.0,0.0,0.0,0.0,0.0,0.0,0.0,0.0,0.0,0.0,0.0,0.0,0.0,0.0,0.0,0.0,0.0,0.0,0.0,0.0,0.0,0.0,0.0,0.0,0.0,0.0,0.0,0.0,0.0,0.0,0.0,0.0,0.0,0.0,0.0,0.0,0.0,0.0,0.0,0.0,0.0,0.0,0.0,0.0,0.0,0.0,0.0,0.0,0.0,0.0,0.0,0.0,0.0,0.0,0.0,0.0,0.0,0.0,0.0
5594,0.0,0.0,0.0,0.0,0.0,0.0,0.0,0.0,0.0,0.0,0.0,0.0,0.0,0.0,0.0,0.0,0.0,0.0,0.0,0.0,0.0,0.0,0.0,0.0,0.0,0.0,0.0,0.0,0.0,0.0,0.0,0.0,0.0,0.0,0.0,0.0,0.0,0.0,0.0,0.0,0.0,0.0,0.0,0.0,0.0,0.0,0.0,0.0,0.0,0.0,0.0,0.0,0.0,0.0,0.0,0.0,0.0,0.0,0.0,0.0,0.0,0.0,0.0,0.0
5595,0.0,0.0,0.0,0.0,0.0,0.0,0.0,0.0,0.0,0.0,0.0,0.0,0.0,0.0,0.0,0.0,0.0,0.0,0.0,0.0,0.0,0.0,0.0,0.0,0.0,0.0,0.0,0.0,0.0,0.0,0.0,0.0,0.0,0.0,0.0,0.0,0.0,0.0,0.0,0.0,0.0,0.0,0.0,0.0,0.0,0.0,0.0,0.0,0.0,0.0,0.0,0.0,0.0,0.0,0.0,0.0,0.0,0.0,0.0,0.0,0.0,0.0,0.0,0.0
5596,0.0,0.0,0.0,0.0,0.0,0.0,0.0,0.0,0.0,0.0,0.0,0.0,0.0,0.0,0.0,0.0,0.0,0.0,0.0,0.0,0.0,0.0,0.0,0.0,0.0,0.0,0.0,0.0,0.0,0.0,0.0,0.0,0.0,0.0,0.0,0.0,0.0,0.0,0.0,0.0,0.0,0.0,0.0,0.0,0.0,0.0,0.0,0.0,0.0,0.0,0.0,0.0,0.0,0.0,0.0,0.0,0.0,0.0,0.0,0.0,0.0,0.0,0.0,0.0
5597,0.0,0.0,0.0,0.0,0.0,0.0,0.0,0.0,0.0,0.0,0.0,0.0,0.0,0.0,0.0,0.0,0.0,0.0,0.0,0.0,0.0,0.0,0.0,0.0,0.0,0.0,0.0,0.0,0.0,0.0,0.0,0.0,0.0,0.0,0.0,0.0,0.0,0.0,0.0,0.0,0.0,0.0,0.0,0.0,0.0,0.0,0.0,0.0,0.0,0.0,0.0,0.0,0.0,0.0,0.0,0.0,0.0,0.0,0.0,0.0,0.0,0.0,0.0,0.0
5598,0.0,0.0,0.0,0.0,0.0,0.0,0.0,0.0,0.0,0.0,0.0,0.0,0.0,0.0,0.0,0.0,0.0,0.0,0.0,0.0,0.0,0.0,0.0,0.0,0.0,0.0,0.0,0.0,0.0,0.0,0.0,0.0,0.0,0.0,0.0,0.0,0.0,0.0,0.0,0.0,0.0,0.0,0.0,0.0,0.0,0.0,0.0,0.0,0.0,0.0,0.0,0.0,0.0,0.0,0.0,0.0,0.0,0.0,0.0,0.0,0.0,0.0,0.0,0.0
5599,0.0,0.0,0.0,0.0,0.0,0.0,0.0,0.0,0.0,0.0,0.0,0.0,0.0,0.0,0.0,0.0,0.0,0.0,0.0,0.0,0.0,0.0,0.0,0.0,0.0,0.0,0.0,0.0,0.0,0.0,0.0,0.0,0.0,0.0,0.0,0.0,0.0,0.0,0.0,0.0,0.0,0.0,0.0,0.0,0.0,0.0,0.0,0.0,0.0,0.0,0.0,0.0,0.0,0.0,0.0,0.0,0.0,0.0,0.0,0.0,0.0,0.0,0.0,0.0
5600,0.0,0.0,0.0,0.0,0.0,0.0,0.0,0.0,0.0,0.0,0.0,0.0,0.0,0.0,0.0,0.0,0.0,0.0,0.0,0.0,0.0,0.0,0.0,0.0,0.0,0.0,0.0,0.0,0.0,0.0,0.0,0.0,0.0,0.0,0.0,0.0,0.0,0.0,0.0,0.0,0.0,0.0,0.0,0.0,0.0,0.0,0.0,0.0,0.0,0.0,0.0,0.0,0.0,0.0,0.0,0.0,0.0,0.0,0.0,0.0,0.0,0.0,0.0,0.0
5601,0.0,0.0,0.0,0.0,0.0,0.0,0.0,0.0,0.0,0.0,0.0,0.0,0.0,0.0,0.0,0.0,0.0,0.0,0.0,0.0,0.0,0.0,0.0,0.0,0.0,0.0,0.0,0.0,0.0,0.0,0.0,0.0,0.0,0.0,0.0,0.0,0.0,0.0,0.0,0.0,0.0,0.0,0.0,0.0,0.0,0.0,0.0,0.0,0.0,0.0,0.0,0.0,0.0,0.0,0.0,0.0,0.0,0.0,0.0,0.0,0.0,0.0,0.0,0.0
5602,0.0,0.08,0.08,0.0,0.0,0.1,0.0,0.0,0.14,0.16,0.13,0.13,0.19,0.16,0.16,0.15,0.12,0.17,0.17,0.15,0.15,0.16,0.19,0.12,0.11,0.08,0.0,0.0,0.08,0.08,0.08,0.0,0.0,0.0,0.0,0.1,0.11,0.12,0.1,0.12,0.11,0.1,0.1,0.12,0.12,0.1,0.1,0.0,0.0,0.1,0.08,0.08,0.1,0.08,0.1,0.08,0.0,0.09,0.08,0.09,0.08,0.08,0.08,0.08
5603,0.0,0.48,0.47,0.0,0.0,0.49,0.0,0.0,0.54,0.56,0.53,0.54,0.6,0.56,0.56,0.56,0.54,0.59,0.59,0.55,0.56,0.57,0.61,0.52,0.52,0.48,0.0,0.0,0.48,0.48,0.48,0.0,0.0,0.0,0.0,0.48,0.5,0.54,0.5,0.54,0.52,0.5,0.5,0.51,0.51,0.5,0.49,0.0,0.0,0.5,0.44,0.46,0.48,0.44,0.49,0.46,0.0,0.46,0.44,0.46,0.46,0.44,0.48,0.44
5604,0.0,0.7,0.7,0.0,0.0,0.68,0.0,0.0,0.69,0.7,0.68,0.69,0.7,0.69,0.68,0.68,0.7,0.71,0.71,0.69,0.7,0.69,0.71,0.69,0.7,0.71,0.0,0.0,0.69,0.7,0.7,0.0,0.0,0.0,0.0,0.69,0.67,0.7,0.69,0.7,0.69,0.69,0.69,0.68,0.69,0.69,0.68,0.0,0.0,0.68,0.66,0.68,0.68,0.66,0.68,0.68,0.0,0.65,0.66,0.66,0.67,0.66,0.7,0.67
5605,0.0,0.75,0.75,0.0,0.0,0.73,0.0,0.0,0.71,0.73,0.7,0.73,0.72,0.71,0.71,0.71,0.67,0.73,0.74,0.71,0.74,0.7,0.73,0.72,0.75,0.76,0.0,0.0,0.74,0.75,0.75,0.0,0.0,0.0,0.0,0.73,0.71,0.71,0.71,0.73,0.71,0.71,0.7,0.71,0.7,0.71,0.73,0.0,0.0,0.74,0.72,0.72,0.7,0.71,0.72,0.73,0.0,0.71,0.71,0.71,0.7,0.72,0.75,0.69
5606,0.0,0.75,0.75,0.0,0.0,0.74,0.0,0.0,0.71,0.76,0.74,0.75,0.73,0.73,0.72,0.7,0.74,0.72,0.76,0.69,0.76,0.74,0.74,0.72,0.77,0.76,0.0,0.0,0.74,0.75,0.76,0.0,0.0,0.0,0.0,0.73,0.75,0.74,0.74,0.73,0.76,0.74,0.73,0.72,0.73,0.73,0.74,0.0,0.0,0.75,0.73,0.72,0.74,0.72,0.74,0.74,0.0,0.73,0.71,0.73,0.73,0.73,0.75,0.7
5607,0.0,0.75,0.75,0.0,0.0,0.72,0.0,0.0,0.74,0.77,0.76,0.77,0.74,0.74,0.74,0.73,0.76,0.73,0.77,0.74,0.77,0.75,0.74,0.75,0.78,0.76,0.0,0.0,0.76,0.76,0.77,0.0,0.0,0.0,0.0,0.74,0.77,0.77,0.75,0.74,0.78,0.75,0.74,0.74,0.76,0.75,0.72,0.0,0.0,0.74,0.76,0.74,0.76,0.75,0.77,0.75,0.0,0.75,0.73,0.75,0.75,0.76,0.75,0.74
5608,0.0,0.75,0.75,0.0,0.0,0.71,0.0,0.0,0.76,0.77,0.76,0.78,0.73,0.75,0.75,0.75,0.76,0.76,0.78,0.75,0.78,0.75,0.74,0.76,0.8,0.76,0.0,0.0,0.76,0.74,0.75,0.0,0.0,0.0,0.0,0.75,0.77,0.78,0.76,0.76,0.78,0.76,0.75,0.75,0.76,0.76,0.71,0.0,0.0,0.74,0.78,0.76,0.77,0.76,0.77,0.75,0.0,0.76,0.76,0.75,0.78,0.78,0.76,0.77
5609,0.0,0.75,0.75,0.0,0.0,0.71,0.0,0.0,0.76,0.78,0.76,0.77,0.74,0.76,0.76,0.78,0.76,0.72,0.74,0.75,0.72,0.76,0.75,0.76,0.81,0.72,0.0,0.0,0.74,0.75,0.74,0.0,0.0,0.0,0.0,0.76,0.77,0.77,0.77,0.76,0.78,0.77,0.75,0.74,0.75,0.76,0.71,0.0,0.0,0.72,0.78,0.72,0.74,0.76,0.76,0.72,0.0,0.76,0.75,0.74,0.78,0.77,0.74,0.77
5610,0.0,0.69,0.7,0.0,0.0,0.73,0.0,0.0,0.75,0.76,0.75,0.71,0.74,0.75,0.78,0.78,0.75,0.74,0.73,0.76,0.76,0.75,0.75,0.75,0.8,0.75,0.0,0.0,0.74,0.7,0.74,0.0,0.0,0.0,0.0,0.72,0.76,0.76,0.72,0.75,0.77,0.72,0.73,0.75,0.76,0.73,0.69,0.0,0.0,0.72,0.72,0.74,0.73,0.71,0.75,0.72,0.0,0.72,0.72,0.71,0.75,0.71,0.75,0.74
5611,0.0,0.73,0.74,0.0,0.0,0.74,0.0,0.0,0.73,0.69,0.72,0.72,0.72,0.73,0.75,0.75,0.73,0.71,0.73,0.75,0.74,0.72,0.72,0.73,0.76,0.75,0.0,0.0,0.74,0.74,0.74,0.0,0.0,0.0,0.0,0.73,0.74,0.73,0.73,0.7,0.75,0.73,0.73,0.73,0.74,0.73,0.71,0.0,0.0,0.72,0.73,0.73,0.73,0.73,0.73,0.64,0.0,0.72,0.72,0.71,0.73,0.73,0.7,0.73
5612,0.0,0.67,0.64,0.0,0.0,0.59,0.0,0.0,0.64,0.66,0.65,0.66,0.63,0.67,0.67,0.68,0.65,0.66,0.66,0.68,0.63,0.66,0.64,0.67,0.68,0.62,0.0,0.0,0.65,0.67,0.66,0.0,0.0,0.0,0.0,0.68,0.66,0.65,0.62,0.63,0.66,0.63,0.63,0.66,0.66,0.63,0.55,0.0,0.0,0.6,0.63,0.67,0.66,0.64,0.64,0.61,0.0,0.62,0.63,0.59,0.69,0.64,0.66,0.69
5613,0.0,0.28,0.3,0.0,0.0,0.36,0.0,0.0,0.33,0.33,0.34,0.34,0.27,0.32,0.32,0.32,0.36,0.28,0.27,0.33,0.33,0.31,0.27,0.31,0.33,0.3,0.0,0.0,0.32,0.28,0.32,0.0,0.0,0.0,0.0,0.34,0.34,0.36,0.37,0.36,0.38,0.37,0.38,0.33,0.31,0.37,0.33,0.0,0.0,0.35,0.41,0.4,0.36,0.41,0.29,0.39,0.0,0.4,0.38,0.39,0.38,0.41,0.37,0.38
5614,0.0,0.06,0.06,0.0,0.0,0.05,0.0,0.0,0.05,0.05,0.05,0.05,0.04,0.04,0.04,0.05,0.05,0.04,0.04,0.05,0.05,0.04,0.04,0.05,0.05,0.05,0.0,0.0,0.05,0.06,0.06,0.0,0.0,0.0,0.0,0.06,0.05,0.05,0.05,0.05,0.05,0.05,0.05,0.05,0.05,0.05,0.05,0.0,0.0,0.05,0.05,0.04,0.05,0.05,0.05,0.06,0.0,0.05,0.06,0.04,0.04,0.05,0.04,0.05
5615,0.0,0.0,0.0,0.0,0.0,0.0,0.0,0.0,0.0,0.0,0.0,0.0,0.0,0.0,0.0,0.0,0.0,0.0,0.0,0.0,0.0,0.0,0.0,0.0,0.0,0.0,0.0,0.0,0.0,0.0,0.0,0.0,0.0,0.0,0.0,0.0,0.0,0.0,0.0,0.0,0.0,0.0,0.0,0.0,0.0,0.0,0.0,0.0,0.0,0.0,0.0,0.0,0.0,0.0,0.0,0.0,0.0,0.0,0.0,0.0,0.0,0.0,0.0,0.0
5616,0.0,0.0,0.0,0.0,0.0,0.0,0.0,0.0,0.0,0.0,0.0,0.0,0.0,0.0,0.0,0.0,0.0,0.0,0.0,0.0,0.0,0.0,0.0,0.0,0.0,0.0,0.0,0.0,0.0,0.0,0.0,0.0,0.0,0.0,0.0,0.0,0.0,0.0,0.0,0.0,0.0,0.0,0.0,0.0,0.0,0.0,0.0,0.0,0.0,0.0,0.0,0.0,0.0,0.0,0.0,0.0,0.0,0.0,0.0,0.0,0.0,0.0,0.0,0.0
5617,0.0,0.0,0.0,0.0,0.0,0.0,0.0,0.0,0.0,0.0,0.0,0.0,0.0,0.0,0.0,0.0,0.0,0.0,0.0,0.0,0.0,0.0,0.0,0.0,0.0,0.0,0.0,0.0,0.0,0.0,0.0,0.0,0.0,0.0,0.0,0.0,0.0,0.0,0.0,0.0,0.0,0.0,0.0,0.0,0.0,0.0,0.0,0.0,0.0,0.0,0.0,0.0,0.0,0.0,0.0,0.0,0.0,0.0,0.0,0.0,0.0,0.0,0.0,0.0
5618,0.0,0.0,0.0,0.0,0.0,0.0,0.0,0.0,0.0,0.0,0.0,0.0,0.0,0.0,0.0,0.0,0.0,0.0,0.0,0.0,0.0,0.0,0.0,0.0,0.0,0.0,0.0,0.0,0.0,0.0,0.0,0.0,0.0,0.0,0.0,0.0,0.0,0.0,0.0,0.0,0.0,0.0,0.0,0.0,0.0,0.0,0.0,0.0,0.0,0.0,0.0,0.0,0.0,0.0,0.0,0.0,0.0,0.0,0.0,0.0,0.0,0.0,0.0,0.0
5619,0.0,0.0,0.0,0.0,0.0,0.0,0.0,0.0,0.0,0.0,0.0,0.0,0.0,0.0,0.0,0.0,0.0,0.0,0.0,0.0,0.0,0.0,0.0,0.0,0.0,0.0,0.0,0.0,0.0,0.0,0.0,0.0,0.0,0.0,0.0,0.0,0.0,0.0,0.0,0.0,0.0,0.0,0.0,0.0,0.0,0.0,0.0,0.0,0.0,0.0,0.0,0.0,0.0,0.0,0.0,0.0,0.0,0.0,0.0,0.0,0.0,0.0,0.0,0.0
5620,0.0,0.0,0.0,0.0,0.0,0.0,0.0,0.0,0.0,0.0,0.0,0.0,0.0,0.0,0.0,0.0,0.0,0.0,0.0,0.0,0.0,0.0,0.0,0.0,0.0,0.0,0.0,0.0,0.0,0.0,0.0,0.0,0.0,0.0,0.0,0.0,0.0,0.0,0.0,0.0,0.0,0.0,0.0,0.0,0.0,0.0,0.0,0.0,0.0,0.0,0.0,0.0,0.0,0.0,0.0,0.0,0.0,0.0,0.0,0.0,0.0,0.0,0.0,0.0
5621,0.0,0.0,0.0,0.0,0.0,0.0,0.0,0.0,0.0,0.0,0.0,0.0,0.0,0.0,0.0,0.0,0.0,0.0,0.0,0.0,0.0,0.0,0.0,0.0,0.0,0.0,0.0,0.0,0.0,0.0,0.0,0.0,0.0,0.0,0.0,0.0,0.0,0.0,0.0,0.0,0.0,0.0,0.0,0.0,0.0,0.0,0.0,0.0,0.0,0.0,0.0,0.0,0.0,0.0,0.0,0.0,0.0,0.0,0.0,0.0,0.0,0.0,0.0,0.0
5622,0.0,0.0,0.0,0.0,0.0,0.0,0.0,0.0,0.0,0.0,0.0,0.0,0.0,0.0,0.0,0.0,0.0,0.0,0.0,0.0,0.0,0.0,0.0,0.0,0.0,0.0,0.0,0.0,0.0,0.0,0.0,0.0,0.0,0.0,0.0,0.0,0.0,0.0,0.0,0.0,0.0,0.0,0.0,0.0,0.0,0.0,0.0,0.0,0.0,0.0,0.0,0.0,0.0,0.0,0.0,0.0,0.0,0.0,0.0,0.0,0.0,0.0,0.0,0.0
5623,0.0,0.0,0.0,0.0,0.0,0.0,0.0,0.0,0.0,0.0,0.0,0.0,0.0,0.0,0.0,0.0,0.0,0.0,0.0,0.0,0.0,0.0,0.0,0.0,0.0,0.0,0.0,0.0,0.0,0.0,0.0,0.0,0.0,0.0,0.0,0.0,0.0,0.0,0.0,0.0,0.0,0.0,0.0,0.0,0.0,0.0,0.0,0.0,0.0,0.0,0.0,0.0,0.0,0.0,0.0,0.0,0.0,0.0,0.0,0.0,0.0,0.0,0.0,0.0
5624,0.0,0.0,0.0,0.0,0.0,0.0,0.0,0.0,0.0,0.0,0.0,0.0,0.0,0.0,0.0,0.0,0.0,0.0,0.0,0.0,0.0,0.0,0.0,0.0,0.0,0.0,0.0,0.0,0.0,0.0,0.0,0.0,0.0,0.0,0.0,0.0,0.0,0.0,0.0,0.0,0.0,0.0,0.0,0.0,0.0,0.0,0.0,0.0,0.0,0.0,0.0,0.0,0.0,0.0,0.0,0.0,0.0,0.0,0.0,0.0,0.0,0.0,0.0,0.0
5625,0.0,0.0,0.0,0.0,0.0,0.0,0.0,0.0,0.0,0.0,0.0,0.0,0.0,0.0,0.0,0.0,0.0,0.0,0.0,0.0,0.0,0.0,0.0,0.0,0.0,0.0,0.0,0.0,0.0,0.0,0.0,0.0,0.0,0.0,0.0,0.0,0.0,0.0,0.0,0.0,0.0,0.0,0.0,0.0,0.0,0.0,0.0,0.0,0.0,0.0,0.0,0.0,0.0,0.0,0.0,0.0,0.0,0.0,0.0,0.0,0.0,0.0,0.0,0.0
5626,0.0,0.06,0.05,0.0,0.0,0.1,0.0,0.0,0.14,0.16,0.13,0.16,0.22,0.18,0.18,0.17,0.14,0.19,0.19,0.16,0.16,0.18,0.22,0.12,0.12,0.07,0.0,0.0,0.08,0.06,0.07,0.0,0.0,0.0,0.0,0.09,0.11,0.12,0.1,0.12,0.11,0.1,0.1,0.12,0.12,0.1,0.1,0.0,0.0,0.1,0.07,0.07,0.09,0.07,0.11,0.07,0.0,0.08,0.08,0.09,0.08,0.07,0.08,0.08
5627,0.0,0.46,0.19,0.0,0.0,0.47,0.0,0.0,0.53,0.55,0.51,0.56,0.6,0.56,0.57,0.55,0.53,0.58,0.58,0.54,0.55,0.57,0.59,0.51,0.51,0.46,0.0,0.0,0.46,0.46,0.47,0.0,0.0,0.0,0.0,0.47,0.5,0.52,0.48,0.52,0.5,0.49,0.5,0.51,0.51,0.49,0.47,0.0,0.0,0.48,0.46,0.45,0.48,0.41,0.5,0.43,0.0,0.46,0.46,0.48,0.47,0.46,0.47,0.46
5628,0.0,0.66,0.66,0.0,0.0,0.65,0.0,0.0,0.66,0.7,0.66,0.69,0.69,0.69,0.7,0.68,0.71,0.71,0.71,0.67,0.69,0.7,0.68,0.66,0.66,0.67,0.0,0.0,0.66,0.66,0.66,0.0,0.0,0.0,0.0,0.67,0.67,0.68,0.69,0.7,0.69,0.69,0.7,0.68,0.66,0.7,0.65,0.0,0.0,0.66,0.65,0.69,0.65,0.66,0.68,0.67,0.0,0.66,0.64,0.66,0.66,0.65,0.67,0.65
5629,0.0,0.72,0.72,0.0,0.0,0.71,0.0,0.0,0.7,0.74,0.7,0.75,0.72,0.72,0.74,0.72,0.76,0.75,0.76,0.72,0.74,0.73,0.71,0.69,0.72,0.73,0.0,0.0,0.71,0.72,0.71,0.0,0.0,0.0,0.0,0.72,0.72,0.7,0.74,0.74,0.75,0.74,0.75,0.73,0.7,0.76,0.72,0.0,0.0,0.72,0.72,0.75,0.7,0.69,0.71,0.72,0.0,0.7,0.71,0.71,0.74,0.7,0.74,0.72
5630,0.0,0.74,0.74,0.0,0.0,0.73,0.0,0.0,0.71,0.75,0.71,0.75,0.73,0.75,0.75,0.74,0.75,0.76,0.76,0.73,0.75,0.75,0.73,0.7,0.74,0.75,0.0,0.0,0.73,0.74,0.73,0.0,0.0,0.0,0.0,0.74,0.73,0.74,0.76,0.72,0.76,0.76,0.76,0.74,0.71,0.77,0.74,0.0,0.0,0.74,0.75,0.77,0.74,0.74,0.73,0.72,0.0,0.73,0.73,0.73,0.77,0.74,0.76,0.74
5631,0.0,0.75,0.75,0.0,0.0,0.74,0.0,0.0,0.72,0.77,0.72,0.74,0.74,0.73,0.75,0.73,0.75,0.75,0.77,0.72,0.77,0.74,0.75,0.74,0.75,0.76,0.0,0.0,0.75,0.75,0.75,0.0,0.0,0.0,0.0,0.75,0.75,0.75,0.76,0.73,0.78,0.76,0.76,0.76,0.74,0.77,0.75,0.0,0.0,0.75,0.76,0.76,0.74,0.73,0.74,0.71,0.0,0.74,0.74,0.73,0.78,0.75,0.77,0.76
5632,0.0,0.75,0.73,0.0,0.0,0.75,0.0,0.0,0.74,0.77,0.74,0.75,0.74,0.74,0.74,0.74,0.76,0.75,0.77,0.74,0.77,0.74,0.75,0.74,0.77,0.76,0.0,0.0,0.71,0.75,0.75,0.0,0.0,0.0,0.0,0.74,0.74,0.75,0.74,0.74,0.77,0.74,0.74,0.76,0.74,0.74,0.75,0.0,0.0,0.74,0.79,0.77,0.68,0.76,0.75,0.74,0.0,0.7,0.77,0.62,0.79,0.78,0.73,0.79
5633,0.0,0.75,0.75,0.0,0.0,0.74,0.0,0.0,0.73,0.77,0.73,0.75,0.74,0.76,0.76,0.74,0.76,0.75,0.76,0.73,0.76,0.76,0.75,0.74,0.78,0.75,0.0,0.0,0.72,0.75,0.75,0.0,0.0,0.0,0.0,0.74,0.73,0.74,0.76,0.71,0.69,0.75,0.76,0.75,0.74,0.77,0.74,0.0,0.0,0.74,0.77,0.77,0.75,0.77,0.74,0.74,0.0,0.75,0.77,0.74,0.78,0.78,0.73,0.77
5634,0.0,0.73,0.74,0.0,0.0,0.75,0.0,0.0,0.71,0.76,0.71,0.72,0.73,0.74,0.74,0.74,0.76,0.73,0.74,0.72,0.73,0.74,0.73,0.73,0.77,0.75,0.0,0.0,0.74,0.74,0.74,0.0,0.0,0.0,0.0,0.74,0.74,0.71,0.74,0.7,0.74,0.74,0.74,0.74,0.73,0.75,0.74,0.0,0.0,0.74,0.74,0.75,0.74,0.73,0.74,0.72,0.0,0.73,0.74,0.72,0.76,0.74,0.75,0.75
5635,0.0,0.72,0.71,0.0,0.0,0.73,0.0,0.0,0.69,0.72,0.69,0.7,0.7,0.7,0.71,0.72,0.73,0.69,0.71,0.7,0.71,0.71,0.69,0.7,0.74,0.72,0.0,0.0,0.72,0.72,0.72,0.0,0.0,0.0,0.0,0.7,0.71,0.7,0.72,0.71,0.73,0.71,0.72,0.71,0.71,0.72,0.72,0.0,0.0,0.73,0.72,0.72,0.71,0.67,0.71,0.64,0.0,0.68,0.69,0.7,0.73,0.7,0.74,0.72
5636,0.0,0.66,0.67,0.0,0.0,0.67,0.0,0.0,0.63,0.65,0.62,0.64,0.62,0.63,0.65,0.66,0.66,0.62,0.64,0.65,0.64,0.64,0.62,0.64,0.67,0.67,0.0,0.0,0.65,0.66,0.66,0.0,0.0,0.0,0.0,0.65,0.64,0.65,0.66,0.66,0.66,0.63,0.6,0.64,0.64,0.66,0.67,0.0,0.0,0.68,0.64,0.65,0.58,0.56,0.6,0.48,0.0,0.58,0.66,0.6,0.66,0.63,0.66,0.66
5637,0.0,0.4,0.41,0.0,0.0,0.35,0.0,0.0,0.32,0.31,0.32,0.32,0.26,0.3,0.3,0.31,0.34,0.04,0.29,0.31,0.31,0.29,0.26,0.34,0.34,0.4,0.0,0.0,0.39,0.4,0.4,0.0,0.0,0.0,0.0,0.36,0.27,0.33,0.37,0.34,0.28,0.37,0.36,0.28,0.34,0.37,0.34,0.0,0.0,0.36,0.4,0.41,0.32,0.34,0.34,0.27,0.0,0.3,0.33,0.33,0.4,0.39,0.4,0.37
5638,0.0,0.06,0.05,0.0,0.0,0.05,0.0,0.0,0.05,0.05,0.05,0.05,0.02,0.04,0.04,0.04,0.05,0.04,0.04,0.05,0.05,0.04,0.03,0.04,0.04,0.06,0.0,0.0,0.06,0.06,0.06,0.0,0.0,0.0,0.0,0.05,0.05,0.05,0.05,0.05,0.06,0.05,0.04,0.04,0.04,0.05,0.05,0.0,0.0,0.05,0.05,0.06,0.04,0.04,0.06,0.04,0.0,0.06,0.06,0.06,0.06,0.05,0.06,0.06
5639,0.0,0.0,0.0,0.0,0.0,0.0,0.0,0.0,0.0,0.0,0.0,0.0,0.0,0.0,0.0,0.0,0.0,0.0,0.0,0.0,0.0,0.0,0.0,0.0,0.0,0.0,0.0,0.0,0.0,0.0,0.0,0.0,0.0,0.0,0.0,0.0,0.0,0.0,0.0,0.0,0.0,0.0,0.0,0.0,0.0,0.0,0.0,0.0,0.0,0.0,0.0,0.0,0.0,0.0,0.0,0.0,0.0,0.0,0.0,0.0,0.0,0.0,0.0,0.0
5640,0.0,0.0,0.0,0.0,0.0,0.0,0.0,0.0,0.0,0.0,0.0,0.0,0.0,0.0,0.0,0.0,0.0,0.0,0.0,0.0,0.0,0.0,0.0,0.0,0.0,0.0,0.0,0.0,0.0,0.0,0.0,0.0,0.0,0.0,0.0,0.0,0.0,0.0,0.0,0.0,0.0,0.0,0.0,0.0,0.0,0.0,0.0,0.0,0.0,0.0,0.0,0.0,0.0,0.0,0.0,0.0,0.0,0.0,0.0,0.0,0.0,0.0,0.0,0.0
5641,0.0,0.0,0.0,0.0,0.0,0.0,0.0,0.0,0.0,0.0,0.0,0.0,0.0,0.0,0.0,0.0,0.0,0.0,0.0,0.0,0.0,0.0,0.0,0.0,0.0,0.0,0.0,0.0,0.0,0.0,0.0,0.0,0.0,0.0,0.0,0.0,0.0,0.0,0.0,0.0,0.0,0.0,0.0,0.0,0.0,0.0,0.0,0.0,0.0,0.0,0.0,0.0,0.0,0.0,0.0,0.0,0.0,0.0,0.0,0.0,0.0,0.0,0.0,0.0
5642,0.0,0.0,0.0,0.0,0.0,0.0,0.0,0.0,0.0,0.0,0.0,0.0,0.0,0.0,0.0,0.0,0.0,0.0,0.0,0.0,0.0,0.0,0.0,0.0,0.0,0.0,0.0,0.0,0.0,0.0,0.0,0.0,0.0,0.0,0.0,0.0,0.0,0.0,0.0,0.0,0.0,0.0,0.0,0.0,0.0,0.0,0.0,0.0,0.0,0.0,0.0,0.0,0.0,0.0,0.0,0.0,0.0,0.0,0.0,0.0,0.0,0.0,0.0,0.0
5643,0.0,0.0,0.0,0.0,0.0,0.0,0.0,0.0,0.0,0.0,0.0,0.0,0.0,0.0,0.0,0.0,0.0,0.0,0.0,0.0,0.0,0.0,0.0,0.0,0.0,0.0,0.0,0.0,0.0,0.0,0.0,0.0,0.0,0.0,0.0,0.0,0.0,0.0,0.0,0.0,0.0,0.0,0.0,0.0,0.0,0.0,0.0,0.0,0.0,0.0,0.0,0.0,0.0,0.0,0.0,0.0,0.0,0.0,0.0,0.0,0.0,0.0,0.0,0.0
5644,0.0,0.0,0.0,0.0,0.0,0.0,0.0,0.0,0.0,0.0,0.0,0.0,0.0,0.0,0.0,0.0,0.0,0.0,0.0,0.0,0.0,0.0,0.0,0.0,0.0,0.0,0.0,0.0,0.0,0.0,0.0,0.0,0.0,0.0,0.0,0.0,0.0,0.0,0.0,0.0,0.0,0.0,0.0,0.0,0.0,0.0,0.0,0.0,0.0,0.0,0.0,0.0,0.0,0.0,0.0,0.0,0.0,0.0,0.0,0.0,0.0,0.0,0.0,0.0
5645,0.0,0.0,0.0,0.0,0.0,0.0,0.0,0.0,0.0,0.0,0.0,0.0,0.0,0.0,0.0,0.0,0.0,0.0,0.0,0.0,0.0,0.0,0.0,0.0,0.0,0.0,0.0,0.0,0.0,0.0,0.0,0.0,0.0,0.0,0.0,0.0,0.0,0.0,0.0,0.0,0.0,0.0,0.0,0.0,0.0,0.0,0.0,0.0,0.0,0.0,0.0,0.0,0.0,0.0,0.0,0.0,0.0,0.0,0.0,0.0,0.0,0.0,0.0,0.0
5646,0.0,0.0,0.0,0.0,0.0,0.0,0.0,0.0,0.0,0.0,0.0,0.0,0.0,0.0,0.0,0.0,0.0,0.0,0.0,0.0,0.0,0.0,0.0,0.0,0.0,0.0,0.0,0.0,0.0,0.0,0.0,0.0,0.0,0.0,0.0,0.0,0.0,0.0,0.0,0.0,0.0,0.0,0.0,0.0,0.0,0.0,0.0,0.0,0.0,0.0,0.0,0.0,0.0,0.0,0.0,0.0,0.0,0.0,0.0,0.0,0.0,0.0,0.0,0.0
5647,0.0,0.0,0.0,0.0,0.0,0.0,0.0,0.0,0.0,0.0,0.0,0.0,0.0,0.0,0.0,0.0,0.0,0.0,0.0,0.0,0.0,0.0,0.0,0.0,0.0,0.0,0.0,0.0,0.0,0.0,0.0,0.0,0.0,0.0,0.0,0.0,0.0,0.0,0.0,0.0,0.0,0.0,0.0,0.0,0.0,0.0,0.0,0.0,0.0,0.0,0.0,0.0,0.0,0.0,0.0,0.0,0.0,0.0,0.0,0.0,0.0,0.0,0.0,0.0
5648,0.0,0.0,0.0,0.0,0.0,0.0,0.0,0.0,0.0,0.0,0.0,0.0,0.0,0.0,0.0,0.0,0.0,0.0,0.0,0.0,0.0,0.0,0.0,0.0,0.0,0.0,0.0,0.0,0.0,0.0,0.0,0.0,0.0,0.0,0.0,0.0,0.0,0.0,0.0,0.0,0.0,0.0,0.0,0.0,0.0,0.0,0.0,0.0,0.0,0.0,0.0,0.0,0.0,0.0,0.0,0.0,0.0,0.0,0.0,0.0,0.0,0.0,0.0,0.0
5649,0.0,0.0,0.0,0.0,0.0,0.0,0.0,0.0,0.0,0.0,0.0,0.0,0.0,0.0,0.0,0.0,0.0,0.0,0.0,0.0,0.0,0.0,0.0,0.0,0.0,0.0,0.0,0.0,0.0,0.0,0.0,0.0,0.0,0.0,0.0,0.0,0.0,0.0,0.0,0.0,0.0,0.0,0.0,0.0,0.0,0.0,0.0,0.0,0.0,0.0,0.0,0.0,0.0,0.0,0.0,0.0,0.0,0.0,0.0,0.0,0.0,0.0,0.0,0.0
5650,0.0,0.0,0.0,0.0,0.0,0.01,0.0,0.0,0.13,0.05,0.12,0.13,0.2,0.16,0.16,0.15,0.11,0.16,0.16,0.15,0.15,0.16,0.2,0.01,0.07,0.0,0.0,0.0,0.0,0.0,0.0,0.0,0.0,0.0,0.0,0.0,0.0,0.01,0.0,0.12,0.0,0.0,0.0,0.0,0.01,0.0,0.01,0.0,0.0,0.01,0.0,0.01,0.0,0.0,0.09,0.0,0.0,0.0,0.0,0.0,0.0,0.0,0.0,0.0
5651,0.0,0.04,0.02,0.0,0.0,0.02,0.0,0.0,0.42,0.42,0.42,0.44,0.43,0.5,0.51,0.5,0.36,0.48,0.5,0.49,0.43,0.48,0.46,0.02,0.42,0.04,0.0,0.0,0.01,0.08,0.07,0.0,0.0,0.0,0.0,0.0,0.0,0.02,0.0,0.03,0.0,0.0,0.0,0.01,0.01,0.0,0.44,0.0,0.0,0.02,0.04,0.01,0.0,0.01,0.02,0.03,0.0,0.0,0.02,0.01,0.41,0.02,0.02,0.41
5652,0.0,0.62,0.62,0.0,0.0,0.1,0.0,0.0,0.56,0.19,0.02,0.49,0.64,0.63,0.64,0.62,0.07,0.62,0.63,0.59,0.41,0.65,0.64,0.01,0.09,0.06,0.0,0.0,0.09,0.62,0.02,0.0,0.0,0.0,0.0,0.01,0.0,0.01,0.05,0.02,0.0,0.01,0.0,0.01,0.01,0.04,0.08,0.0,0.0,0.08,0.57,0.23,0.01,0.05,0.01,0.04,0.0,0.2,0.62,0.08,0.63,0.64,0.02,0.63
5653,0.0,0.69,0.69,0.0,0.0,0.16,0.0,0.0,0.04,0.28,0.02,0.58,0.68,0.65,0.6,0.55,0.02,0.48,0.44,0.62,0.37,0.68,0.68,0.02,0.72,0.7,0.0,0.0,0.69,0.69,0.69,0.0,0.0,0.0,0.0,0.24,0.01,0.04,0.07,0.03,0.01,0.11,0.07,0.01,0.01,0.1,0.69,0.0,0.0,0.7,0.04,0.12,0.1,0.1,0.01,0.01,0.0,0.02,0.47,0.03,0.19,0.46,0.25,0.09
5654,0.0,0.72,0.72,0.0,0.0,0.7,0.0,0.0,0.02,0.3,0.02,0.06,0.53,0.65,0.7,0.07,0.02,0.49,0.52,0.06,0.33,0.69,0.47,0.04,0.74,0.18,0.0,0.0,0.72,0.72,0.72,0.0,0.0,0.0,0.0,0.73,0.29,0.53,0.74,0.57,0.26,0.74,0.39,0.29,0.56,0.74,0.72,0.0,0.0,0.72,0.53,0.73,0.02,0.41,0.05,0.1,0.0,0.07,0.63,0.05,0.49,0.69,0.73,0.33
5655,0.0,0.74,0.74,0.0,0.0,0.74,0.0,0.0,0.02,0.23,0.18,0.04,0.68,0.06,0.03,0.03,0.35,0.29,0.28,0.03,0.51,0.55,0.6,0.09,0.42,0.74,0.0,0.0,0.73,0.74,0.45,0.0,0.0,0.0,0.0,0.74,0.08,0.11,0.74,0.13,0.2,0.37,0.05,0.29,0.08,0.74,0.74,0.0,0.0,0.74,0.75,0.72,0.08,0.34,0.18,0.28,0.0,0.14,0.7,0.46,0.67,0.12,0.75,0.69
5656,0.0,0.74,0.75,0.0,0.0,0.75,0.0,0.0,0.12,0.64,0.17,0.62,0.66,0.04,0.03,0.02,0.03,0.66,0.58,0.02,0.2,0.06,0.34,0.35,0.76,0.75,0.0,0.0,0.74,0.74,0.74,0.0,0.0,0.0,0.0,0.74,0.04,0.17,0.74,0.12,0.27,0.53,0.11,0.03,0.1,0.29,0.75,0.0,0.0,0.75,0.33,0.75,0.28,0.42,0.54,0.26,0.0,0.28,0.05,0.1,0.74,0.72,0.74,0.25
5657,0.0,0.73,0.74,0.0,0.0,0.75,0.0,0.0,0.27,0.4,0.38,0.28,0.34,0.02,0.01,0.03,0.17,0.24,0.25,0.08,0.06,0.01,0.52,0.07,0.76,0.74,0.0,0.0,0.73,0.74,0.73,0.0,0.0,0.0,0.0,0.74,0.39,0.7,0.74,0.43,0.12,0.74,0.72,0.05,0.69,0.74,0.74,0.0,0.0,0.74,0.65,0.74,0.34,0.64,0.24,0.63,0.0,0.7,0.73,0.25,0.74,0.73,0.74,0.74
5658,0.0,0.72,0.72,0.0,0.0,0.73,0.0,0.0,0.69,0.07,0.7,0.12,0.35,0.34,0.03,0.21,0.64,0.06,0.04,0.7,0.25,0.1,0.41,0.7,0.74,0.72,0.0,0.0,0.71,0.72,0.71,0.0,0.0,0.0,0.0,0.72,0.41,0.7,0.72,0.71,0.71,0.72,0.71,0.69,0.7,0.72,0.73,0.0,0.0,0.73,0.72,0.72,0.72,0.31,0.68,0.33,0.0,0.62,0.27,0.68,0.72,0.1,0.72,0.29
5659,0.0,0.69,0.69,0.0,0.0,0.7,0.0,0.0,0.67,0.03,0.66,0.0,0.04,0.63,0.66,0.68,0.66,0.06,0.32,0.67,0.02,0.52,0.03,0.66,0.7,0.69,0.0,0.0,0.69,0.69,0.69,0.0,0.0,0.0,0.0,0.69,0.43,0.67,0.69,0.68,0.66,0.69,0.68,0.67,0.66,0.69,0.69,0.0,0.0,0.69,0.62,0.69,0.07,0.13,0.46,0.07,0.0,0.18,0.65,0.42,0.34,0.64,0.69,0.66
5660,0.0,0.67,0.67,0.0,0.0,0.68,0.0,0.0,0.64,0.17,0.64,0.0,0.03,0.47,0.61,0.64,0.66,0.39,0.47,0.64,0.3,0.06,0.04,0.63,0.67,0.67,0.0,0.0,0.67,0.67,0.67,0.0,0.0,0.0,0.0,0.67,0.65,0.08,0.67,0.64,0.66,0.67,0.66,0.64,0.64,0.67,0.68,0.0,0.0,0.67,0.66,0.67,0.04,0.02,0.04,0.51,0.0,0.05,0.64,0.1,0.67,0.65,0.67,0.66
5661,0.0,0.4,0.41,0.0,0.0,0.37,0.0,0.0,0.31,0.02,0.32,0.05,0.05,0.3,0.3,0.3,0.05,0.09,0.12,0.31,0.13,0.28,0.14,0.33,0.34,0.4,0.0,0.0,0.39,0.4,0.4,0.0,0.0,0.0,0.0,0.04,0.35,0.3,0.38,0.28,0.03,0.38,0.37,0.34,0.34,0.38,0.37,0.0,0.0,0.37,0.24,0.4,0.22,0.28,0.34,0.31,0.0,0.36,0.29,0.32,0.29,0.33,0.4,0.31
5662,0.0,0.05,0.05,0.0,0.0,0.05,0.0,0.0,0.04,0.0,0.05,0.01,0.0,0.04,0.04,0.04,0.05,0.03,0.03,0.04,0.01,0.04,0.0,0.05,0.04,0.05,0.0,0.0,0.05,0.05,0.05,0.0,0.0,0.0,0.0,0.01,0.05,0.04,0.05,0.04,0.05,0.05,0.05,0.05,0.05,0.05,0.05,0.0,0.0,0.05,0.0,0.05,0.01,0.0,0.04,0.06,0.0,0.04,0.01,0.02,0.01,0.0,0.05,0.01
5663,0.0,0.0,0.0,0.0,0.0,0.0,0.0,0.0,0.0,0.0,0.0,0.0,0.0,0.0,0.0,0.0,0.0,0.0,0.0,0.0,0.0,0.0,0.0,0.0,0.0,0.0,0.0,0.0,0.0,0.0,0.0,0.0,0.0,0.0,0.0,0.0,0.0,0.0,0.0,0.0,0.0,0.0,0.0,0.0,0.0,0.0,0.0,0.0,0.0,0.0,0.0,0.0,0.0,0.0,0.0,0.0,0.0,0.0,0.0,0.0,0.0,0.0,0.0,0.0
5664,0.0,0.0,0.0,0.0,0.0,0.0,0.0,0.0,0.0,0.0,0.0,0.0,0.0,0.0,0.0,0.0,0.0,0.0,0.0,0.0,0.0,0.0,0.0,0.0,0.0,0.0,0.0,0.0,0.0,0.0,0.0,0.0,0.0,0.0,0.0,0.0,0.0,0.0,0.0,0.0,0.0,0.0,0.0,0.0,0.0,0.0,0.0,0.0,0.0,0.0,0.0,0.0,0.0,0.0,0.0,0.0,0.0,0.0,0.0,0.0,0.0,0.0,0.0,0.0
5665,0.0,0.0,0.0,0.0,0.0,0.0,0.0,0.0,0.0,0.0,0.0,0.0,0.0,0.0,0.0,0.0,0.0,0.0,0.0,0.0,0.0,0.0,0.0,0.0,0.0,0.0,0.0,0.0,0.0,0.0,0.0,0.0,0.0,0.0,0.0,0.0,0.0,0.0,0.0,0.0,0.0,0.0,0.0,0.0,0.0,0.0,0.0,0.0,0.0,0.0,0.0,0.0,0.0,0.0,0.0,0.0,0.0,0.0,0.0,0.0,0.0,0.0,0.0,0.0
5666,0.0,0.0,0.0,0.0,0.0,0.0,0.0,0.0,0.0,0.0,0.0,0.0,0.0,0.0,0.0,0.0,0.0,0.0,0.0,0.0,0.0,0.0,0.0,0.0,0.0,0.0,0.0,0.0,0.0,0.0,0.0,0.0,0.0,0.0,0.0,0.0,0.0,0.0,0.0,0.0,0.0,0.0,0.0,0.0,0.0,0.0,0.0,0.0,0.0,0.0,0.0,0.0,0.0,0.0,0.0,0.0,0.0,0.0,0.0,0.0,0.0,0.0,0.0,0.0
5667,0.0,0.0,0.0,0.0,0.0,0.0,0.0,0.0,0.0,0.0,0.0,0.0,0.0,0.0,0.0,0.0,0.0,0.0,0.0,0.0,0.0,0.0,0.0,0.0,0.0,0.0,0.0,0.0,0.0,0.0,0.0,0.0,0.0,0.0,0.0,0.0,0.0,0.0,0.0,0.0,0.0,0.0,0.0,0.0,0.0,0.0,0.0,0.0,0.0,0.0,0.0,0.0,0.0,0.0,0.0,0.0,0.0,0.0,0.0,0.0,0.0,0.0,0.0,0.0
5668,0.0,0.0,0.0,0.0,0.0,0.0,0.0,0.0,0.0,0.0,0.0,0.0,0.0,0.0,0.0,0.0,0.0,0.0,0.0,0.0,0.0,0.0,0.0,0.0,0.0,0.0,0.0,0.0,0.0,0.0,0.0,0.0,0.0,0.0,0.0,0.0,0.0,0.0,0.0,0.0,0.0,0.0,0.0,0.0,0.0,0.0,0.0,0.0,0.0,0.0,0.0,0.0,0.0,0.0,0.0,0.0,0.0,0.0,0.0,0.0,0.0,0.0,0.0,0.0
5669,0.0,0.0,0.0,0.0,0.0,0.0,0.0,0.0,0.0,0.0,0.0,0.0,0.0,0.0,0.0,0.0,0.0,0.0,0.0,0.0,0.0,0.0,0.0,0.0,0.0,0.0,0.0,0.0,0.0,0.0,0.0,0.0,0.0,0.0,0.0,0.0,0.0,0.0,0.0,0.0,0.0,0.0,0.0,0.0,0.0,0.0,0.0,0.0,0.0,0.0,0.0,0.0,0.0,0.0,0.0,0.0,0.0,0.0,0.0,0.0,0.0,0.0,0.0,0.0
5670,0.0,0.0,0.0,0.0,0.0,0.0,0.0,0.0,0.0,0.0,0.0,0.0,0.0,0.0,0.0,0.0,0.0,0.0,0.0,0.0,0.0,0.0,0.0,0.0,0.0,0.0,0.0,0.0,0.0,0.0,0.0,0.0,0.0,0.0,0.0,0.0,0.0,0.0,0.0,0.0,0.0,0.0,0.0,0.0,0.0,0.0,0.0,0.0,0.0,0.0,0.0,0.0,0.0,0.0,0.0,0.0,0.0,0.0,0.0,0.0,0.0,0.0,0.0,0.0
5671,0.0,0.0,0.0,0.0,0.0,0.0,0.0,0.0,0.0,0.0,0.0,0.0,0.0,0.0,0.0,0.0,0.0,0.0,0.0,0.0,0.0,0.0,0.0,0.0,0.0,0.0,0.0,0.0,0.0,0.0,0.0,0.0,0.0,0.0,0.0,0.0,0.0,0.0,0.0,0.0,0.0,0.0,0.0,0.0,0.0,0.0,0.0,0.0,0.0,0.0,0.0,0.0,0.0,0.0,0.0,0.0,0.0,0.0,0.0,0.0,0.0,0.0,0.0,0.0
5672,0.0,0.0,0.0,0.0,0.0,0.0,0.0,0.0,0.0,0.0,0.0,0.0,0.0,0.0,0.0,0.0,0.0,0.0,0.0,0.0,0.0,0.0,0.0,0.0,0.0,0.0,0.0,0.0,0.0,0.0,0.0,0.0,0.0,0.0,0.0,0.0,0.0,0.0,0.0,0.0,0.0,0.0,0.0,0.0,0.0,0.0,0.0,0.0,0.0,0.0,0.0,0.0,0.0,0.0,0.0,0.0,0.0,0.0,0.0,0.0,0.0,0.0,0.0,0.0
5673,0.0,0.0,0.0,0.0,0.0,0.0,0.0,0.0,0.0,0.0,0.0,0.0,0.0,0.0,0.0,0.0,0.0,0.0,0.0,0.0,0.0,0.0,0.0,0.0,0.0,0.0,0.0,0.0,0.0,0.0,0.0,0.0,0.0,0.0,0.0,0.0,0.0,0.0,0.0,0.0,0.0,0.0,0.0,0.0,0.0,0.0,0.0,0.0,0.0,0.0,0.0,0.0,0.0,0.0,0.0,0.0,0.0,0.0,0.0,0.0,0.0,0.0,0.0,0.0
5674,0.0,0.01,0.01,0.0,0.0,0.01,0.0,0.0,0.13,0.0,0.12,0.13,0.02,0.15,0.15,0.14,0.12,0.16,0.04,0.14,0.0,0.15,0.0,0.12,0.02,0.08,0.0,0.0,0.08,0.02,0.08,0.0,0.0,0.0,0.0,0.09,0.11,0.11,0.1,0.11,0.11,0.1,0.1,0.11,0.12,0.1,0.03,0.0,0.0,0.01,0.02,0.08,0.09,0.08,0.01,0.08,0.0,0.08,0.08,0.09,0.02,0.08,0.08,0.05
5675,0.0,0.24,0.28,0.0,0.0,0.43,0.0,0.0,0.52,0.02,0.51,0.54,0.58,0.55,0.55,0.54,0.51,0.24,0.07,0.54,0.02,0.56,0.02,0.51,0.07,0.46,0.0,0.0,0.46,0.44,0.45,0.0,0.0,0.0,0.0,0.48,0.49,0.5,0.48,0.5,0.5,0.49,0.49,0.5,0.51,0.49,0.29,0.0,0.0,0.45,0.1,0.46,0.48,0.46,0.06,0.44,0.0,0.46,0.47,0.47,0.07,0.47,0.47,0.25
5676,0.0,0.67,0.67,0.0,0.0,0.66,0.0,0.0,0.66,0.05,0.65,0.71,0.68,0.68,0.68,0.68,0.69,0.09,0.08,0.67,0.06,0.68,0.5,0.68,0.67,0.67,0.0,0.0,0.66,0.67,0.66,0.0,0.0,0.0,0.0,0.67,0.66,0.66,0.68,0.67,0.68,0.69,0.67,0.67,0.68,0.68,0.67,0.0,0.0,0.67,0.48,0.67,0.68,0.67,0.13,0.65,0.0,0.67,0.68,0.68,0.21,0.68,0.68,0.54
5677,0.0,0.67,0.68,0.0,0.0,0.65,0.0,0.0,0.66,0.16,0.65,0.72,0.69,0.68,0.68,0.67,0.71,0.7,0.08,0.66,0.07,0.68,0.69,0.68,0.69,0.69,0.0,0.0,0.68,0.67,0.67,0.0,0.0,0.0,0.0,0.68,0.68,0.67,0.68,0.68,0.7,0.69,0.68,0.68,0.68,0.69,0.68,0.0,0.0,0.68,0.69,0.69,0.69,0.68,0.33,0.67,0.0,0.68,0.69,0.69,0.35,0.69,0.69,0.69
5678,0.0,0.7,0.7,0.0,0.0,0.71,0.0,0.0,0.68,0.22,0.67,0.75,0.71,0.7,0.7,0.69,0.74,0.26,0.15,0.68,0.11,0.71,0.71,0.71,0.73,0.72,0.0,0.0,0.71,0.7,0.71,0.0,0.0,0.0,0.0,0.71,0.7,0.73,0.71,0.73,0.74,0.72,0.71,0.7,0.71,0.72,0.72,0.0,0.0,0.72,0.73,0.72,0.73,0.72,0.74,0.71,0.0,0.73,0.73,0.73,0.72,0.73,0.73,0.72
5679,0.0,0.72,0.71,0.0,0.0,0.72,0.0,0.0,0.7,0.76,0.7,0.77,0.72,0.72,0.71,0.7,0.75,0.75,0.76,0.7,0.5,0.72,0.2,0.72,0.73,0.73,0.0,0.0,0.73,0.72,0.73,0.0,0.0,0.0,0.0,0.72,0.72,0.75,0.72,0.75,0.74,0.73,0.72,0.71,0.73,0.73,0.72,0.0,0.0,0.72,0.75,0.74,0.75,0.74,0.75,0.72,0.0,0.74,0.75,0.75,0.74,0.75,0.74,0.74
5680,0.0,0.72,0.72,0.0,0.0,0.72,0.0,0.0,0.72,0.76,0.72,0.77,0.72,0.73,0.72,0.7,0.76,0.75,0.76,0.71,0.76,0.72,0.72,0.73,0.75,0.74,0.0,0.0,0.74,0.73,0.73,0.0,0.0,0.0,0.0,0.72,0.73,0.76,0.73,0.76,0.76,0.73,0.72,0.72,0.73,0.74,0.72,0.0,0.0,0.73,0.76,0.75,0.76,0.75,0.76,0.73,0.0,0.75,0.75,0.75,0.75,0.76,0.75,0.75
5681,0.0,0.72,0.72,0.0,0.0,0.72,0.0,0.0,0.72,0.75,0.72,0.76,0.71,0.72,0.72,0.7,0.75,0.75,0.76,0.72,0.76,0.72,0.51,0.72,0.75,0.74,0.0,0.0,0.73,0.72,0.72,0.0,0.0,0.0,0.0,0.72,0.73,0.76,0.74,0.76,0.76,0.73,0.72,0.72,0.73,0.74,0.72,0.0,0.0,0.72,0.75,0.75,0.75,0.74,0.76,0.73,0.0,0.74,0.74,0.75,0.74,0.75,0.74,0.74
5682,0.0,0.71,0.71,0.0,0.0,0.71,0.0,0.0,0.7,0.74,0.71,0.75,0.69,0.7,0.7,0.69,0.74,0.74,0.75,0.7,0.74,0.7,0.71,0.71,0.74,0.72,0.0,0.0,0.72,0.71,0.71,0.0,0.0,0.0,0.0,0.71,0.72,0.75,0.72,0.75,0.74,0.72,0.71,0.71,0.72,0.72,0.7,0.0,0.0,0.7,0.74,0.74,0.74,0.73,0.74,0.71,0.0,0.73,0.73,0.73,0.73,0.74,0.73,0.73
5683,0.0,0.69,0.68,0.0,0.0,0.67,0.0,0.0,0.68,0.71,0.68,0.72,0.68,0.4,0.67,0.67,0.72,0.7,0.72,0.67,0.71,0.33,0.68,0.69,0.71,0.7,0.0,0.0,0.69,0.69,0.69,0.0,0.0,0.0,0.0,0.68,0.69,0.72,0.7,0.73,0.72,0.69,0.69,0.68,0.69,0.7,0.67,0.0,0.0,0.67,0.71,0.71,0.71,0.7,0.71,0.69,0.0,0.71,0.71,0.7,0.71,0.71,0.71,0.71
5684,0.0,0.63,0.63,0.0,0.0,0.6,0.0,0.0,0.61,0.64,0.61,0.64,0.59,0.6,0.59,0.59,0.64,0.62,0.63,0.6,0.63,0.6,0.59,0.62,0.62,0.25,0.0,0.0,0.63,0.63,0.63,0.0,0.0,0.0,0.0,0.61,0.62,0.65,0.63,0.66,0.65,0.62,0.62,0.61,0.62,0.63,0.6,0.0,0.0,0.6,0.65,0.64,0.65,0.64,0.64,0.63,0.0,0.64,0.64,0.64,0.64,0.65,0.65,0.64
5685,0.0,0.35,0.36,0.0,0.0,0.32,0.0,0.0,0.28,0.28,0.29,0.3,0.23,0.26,0.26,0.26,0.31,0.26,0.27,0.27,0.28,0.26,0.23,0.3,0.29,0.36,0.0,0.0,0.35,0.35,0.35,0.0,0.0,0.0,0.0,0.33,0.32,0.32,0.34,0.32,0.33,0.33,0.33,0.31,0.31,0.34,0.31,0.0,0.0,0.31,0.36,0.36,0.35,0.36,0.34,0.36,0.0,0.36,0.36,0.35,0.36,0.36,0.36,0.36
5686,0.0,0.04,0.04,0.0,0.0,0.03,0.0,0.0,0.02,0.02,0.02,0.02,0.0,0.01,0.0,0.01,0.04,0.0,0.01,0.01,0.02,0.0,0.0,0.02,0.01,0.04,0.0,0.0,0.04,0.04,0.04,0.0,0.0,0.0,0.0,0.04,0.04,0.04,0.04,0.04,0.04,0.04,0.04,0.03,0.03,0.04,0.03,0.0,0.0,0.03,0.06,0.06,0.04,0.06,0.04,0.06,0.0,0.06,0.06,0.04,0.06,0.06,0.04,0.06
5687,0.0,0.0,0.0,0.0,0.0,0.0,0.0,0.0,0.0,0.0,0.0,0.0,0.0,0.0,0.0,0.0,0.0,0.0,0.0,0.0,0.0,0.0,0.0,0.0,0.0,0.0,0.0,0.0,0.0,0.0,0.0,0.0,0.0,0.0,0.0,0.0,0.0,0.0,0.0,0.0,0.0,0.0,0.0,0.0,0.0,0.0,0.0,0.0,0.0,0.0,0.0,0.0,0.0,0.0,0.0,0.0,0.0,0.0,0.0,0.0,0.0,0.0,0.0,0.0
5688,0.0,0.0,0.0,0.0,0.0,0.0,0.0,0.0,0.0,0.0,0.0,0.0,0.0,0.0,0.0,0.0,0.0,0.0,0.0,0.0,0.0,0.0,0.0,0.0,0.0,0.0,0.0,0.0,0.0,0.0,0.0,0.0,0.0,0.0,0.0,0.0,0.0,0.0,0.0,0.0,0.0,0.0,0.0,0.0,0.0,0.0,0.0,0.0,0.0,0.0,0.0,0.0,0.0,0.0,0.0,0.0,0.0,0.0,0.0,0.0,0.0,0.0,0.0,0.0
5689,0.0,0.0,0.0,0.0,0.0,0.0,0.0,0.0,0.0,0.0,0.0,0.0,0.0,0.0,0.0,0.0,0.0,0.0,0.0,0.0,0.0,0.0,0.0,0.0,0.0,0.0,0.0,0.0,0.0,0.0,0.0,0.0,0.0,0.0,0.0,0.0,0.0,0.0,0.0,0.0,0.0,0.0,0.0,0.0,0.0,0.0,0.0,0.0,0.0,0.0,0.0,0.0,0.0,0.0,0.0,0.0,0.0,0.0,0.0,0.0,0.0,0.0,0.0,0.0
5690,0.0,0.0,0.0,0.0,0.0,0.0,0.0,0.0,0.0,0.0,0.0,0.0,0.0,0.0,0.0,0.0,0.0,0.0,0.0,0.0,0.0,0.0,0.0,0.0,0.0,0.0,0.0,0.0,0.0,0.0,0.0,0.0,0.0,0.0,0.0,0.0,0.0,0.0,0.0,0.0,0.0,0.0,0.0,0.0,0.0,0.0,0.0,0.0,0.0,0.0,0.0,0.0,0.0,0.0,0.0,0.0,0.0,0.0,0.0,0.0,0.0,0.0,0.0,0.0
5691,0.0,0.0,0.0,0.0,0.0,0.0,0.0,0.0,0.0,0.0,0.0,0.0,0.0,0.0,0.0,0.0,0.0,0.0,0.0,0.0,0.0,0.0,0.0,0.0,0.0,0.0,0.0,0.0,0.0,0.0,0.0,0.0,0.0,0.0,0.0,0.0,0.0,0.0,0.0,0.0,0.0,0.0,0.0,0.0,0.0,0.0,0.0,0.0,0.0,0.0,0.0,0.0,0.0,0.0,0.0,0.0,0.0,0.0,0.0,0.0,0.0,0.0,0.0,0.0
5692,0.0,0.0,0.0,0.0,0.0,0.0,0.0,0.0,0.0,0.0,0.0,0.0,0.0,0.0,0.0,0.0,0.0,0.0,0.0,0.0,0.0,0.0,0.0,0.0,0.0,0.0,0.0,0.0,0.0,0.0,0.0,0.0,0.0,0.0,0.0,0.0,0.0,0.0,0.0,0.0,0.0,0.0,0.0,0.0,0.0,0.0,0.0,0.0,0.0,0.0,0.0,0.0,0.0,0.0,0.0,0.0,0.0,0.0,0.0,0.0,0.0,0.0,0.0,0.0
5693,0.0,0.0,0.0,0.0,0.0,0.0,0.0,0.0,0.0,0.0,0.0,0.0,0.0,0.0,0.0,0.0,0.0,0.0,0.0,0.0,0.0,0.0,0.0,0.0,0.0,0.0,0.0,0.0,0.0,0.0,0.0,0.0,0.0,0.0,0.0,0.0,0.0,0.0,0.0,0.0,0.0,0.0,0.0,0.0,0.0,0.0,0.0,0.0,0.0,0.0,0.0,0.0,0.0,0.0,0.0,0.0,0.0,0.0,0.0,0.0,0.0,0.0,0.0,0.0
5694,0.0,0.0,0.0,0.0,0.0,0.0,0.0,0.0,0.0,0.0,0.0,0.0,0.0,0.0,0.0,0.0,0.0,0.0,0.0,0.0,0.0,0.0,0.0,0.0,0.0,0.0,0.0,0.0,0.0,0.0,0.0,0.0,0.0,0.0,0.0,0.0,0.0,0.0,0.0,0.0,0.0,0.0,0.0,0.0,0.0,0.0,0.0,0.0,0.0,0.0,0.0,0.0,0.0,0.0,0.0,0.0,0.0,0.0,0.0,0.0,0.0,0.0,0.0,0.0
5695,0.0,0.0,0.0,0.0,0.0,0.0,0.0,0.0,0.0,0.0,0.0,0.0,0.0,0.0,0.0,0.0,0.0,0.0,0.0,0.0,0.0,0.0,0.0,0.0,0.0,0.0,0.0,0.0,0.0,0.0,0.0,0.0,0.0,0.0,0.0,0.0,0.0,0.0,0.0,0.0,0.0,0.0,0.0,0.0,0.0,0.0,0.0,0.0,0.0,0.0,0.0,0.0,0.0,0.0,0.0,0.0,0.0,0.0,0.0,0.0,0.0,0.0,0.0,0.0
5696,0.0,0.0,0.0,0.0,0.0,0.0,0.0,0.0,0.0,0.0,0.0,0.0,0.0,0.0,0.0,0.0,0.0,0.0,0.0,0.0,0.0,0.0,0.0,0.0,0.0,0.0,0.0,0.0,0.0,0.0,0.0,0.0,0.0,0.0,0.0,0.0,0.0,0.0,0.0,0.0,0.0,0.0,0.0,0.0,0.0,0.0,0.0,0.0,0.0,0.0,0.0,0.0,0.0,0.0,0.0,0.0,0.0,0.0,0.0,0.0,0.0,0.0,0.0,0.0
5697,0.0,0.0,0.0,0.0,0.0,0.0,0.0,0.0,0.0,0.0,0.0,0.0,0.0,0.0,0.0,0.0,0.0,0.0,0.0,0.0,0.0,0.0,0.0,0.0,0.0,0.0,0.0,0.0,0.0,0.0,0.0,0.0,0.0,0.0,0.0,0.0,0.0,0.0,0.0,0.0,0.0,0.0,0.0,0.0,0.0,0.0,0.0,0.0,0.0,0.0,0.0,0.0,0.0,0.0,0.0,0.0,0.0,0.0,0.0,0.0,0.0,0.0,0.0,0.0
5698,0.0,0.08,0.08,0.0,0.0,0.1,0.0,0.0,0.13,0.15,0.12,0.12,0.15,0.15,0.15,0.15,0.12,0.16,0.16,0.14,0.14,0.15,0.18,0.12,0.07,0.08,0.0,0.0,0.08,0.08,0.08,0.0,0.0,0.0,0.0,0.09,0.1,0.12,0.1,0.12,0.1,0.1,0.1,0.11,0.12,0.1,0.1,0.0,0.0,0.1,0.08,0.08,0.09,0.08,0.1,0.08,0.0,0.08,0.08,0.09,0.08,0.08,0.08,0.08
5699,0.0,0.44,0.43,0.0,0.0,0.47,0.0,0.0,0.5,0.55,0.39,0.49,0.51,0.49,0.51,0.52,0.52,0.57,0.57,0.51,0.55,0.5,0.58,0.5,0.5,0.45,0.0,0.0,0.46,0.44,0.45,0.0,0.0,0.0,0.0,0.48,0.5,0.4,0.5,0.42,0.48,0.5,0.5,0.51,0.5,0.5,0.46,0.0,0.0,0.47,0.47,0.46,0.48,0.45,0.48,0.44,0.0,0.46,0.47,0.47,0.46,0.47,0.47,0.47
5700,0.0,0.64,0.64,0.0,0.0,0.64,0.0,0.0,0.59,0.68,0.56,0.68,0.64,0.64,0.64,0.63,0.69,0.69,0.7,0.64,0.69,0.64,0.68,0.63,0.63,0.64,0.0,0.0,0.66,0.64,0.64,0.0,0.0,0.0,0.0,0.67,0.66,0.65,0.69,0.65,0.69,0.69,0.69,0.67,0.63,0.7,0.64,0.0,0.0,0.64,0.67,0.67,0.67,0.66,0.66,0.63,0.0,0.66,0.67,0.66,0.67,0.67,0.68,0.67
5701,0.0,0.68,0.68,0.0,0.0,0.69,0.0,0.0,0.67,0.73,0.69,0.74,0.71,0.69,0.69,0.67,0.74,0.73,0.74,0.68,0.73,0.7,0.72,0.66,0.68,0.68,0.0,0.0,0.71,0.68,0.69,0.0,0.0,0.0,0.0,0.72,0.71,0.74,0.73,0.74,0.73,0.73,0.72,0.68,0.67,0.74,0.68,0.0,0.0,0.69,0.72,0.72,0.72,0.71,0.71,0.68,0.0,0.71,0.72,0.71,0.72,0.72,0.73,0.72
5702,0.0,0.66,0.66,0.0,0.0,0.68,0.0,0.0,0.68,0.73,0.69,0.73,0.71,0.7,0.69,0.68,0.73,0.73,0.74,0.69,0.73,0.71,0.72,0.69,0.67,0.68,0.0,0.0,0.7,0.67,0.69,0.0,0.0,0.0,0.0,0.72,0.67,0.72,0.72,0.73,0.72,0.71,0.71,0.69,0.7,0.72,0.67,0.0,0.0,0.68,0.72,0.71,0.71,0.71,0.71,0.68,0.0,0.71,0.71,0.71,0.71,0.72,0.71,0.7
5703,0.0,0.68,0.7,0.0,0.0,0.7,0.0,0.0,0.7,0.74,0.7,0.74,0.73,0.71,0.72,0.71,0.73,0.74,0.75,0.71,0.73,0.72,0.73,0.72,0.68,0.7,0.0,0.0,0.7,0.68,0.69,0.0,0.0,0.0,0.0,0.72,0.68,0.72,0.72,0.74,0.73,0.71,0.72,0.71,0.71,0.72,0.7,0.0,0.0,0.7,0.73,0.72,0.72,0.72,0.72,0.7,0.0,0.72,0.71,0.72,0.73,0.73,0.71,0.72
5704,0.0,0.7,0.72,0.0,0.0,0.71,0.0,0.0,0.71,0.74,0.71,0.74,0.73,0.71,0.71,0.71,0.72,0.74,0.75,0.71,0.74,0.72,0.73,0.72,0.7,0.72,0.0,0.0,0.7,0.68,0.69,0.0,0.0,0.0,0.0,0.72,0.7,0.72,0.72,0.73,0.73,0.72,0.71,0.71,0.72,0.72,0.71,0.0,0.0,0.71,0.73,0.72,0.73,0.73,0.73,0.71,0.0,0.72,0.71,0.72,0.73,0.73,0.7,0.72
5705,0.0,0.71,0.72,0.0,0.0,0.7,0.0,0.0,0.71,0.73,0.7,0.73,0.72,0.7,0.71,0.71,0.72,0.73,0.74,0.71,0.73,0.71,0.72,0.71,0.71,0.72,0.0,0.0,0.69,0.41,0.7,0.0,0.0,0.0,0.0,0.72,0.7,0.71,0.71,0.72,0.73,0.7,0.7,0.7,0.71,0.71,0.7,0.0,0.0,0.7,0.74,0.72,0.72,0.73,0.73,0.71,0.0,0.72,0.72,0.72,0.73,0.73,0.69,0.73
5706,0.0,0.7,0.71,0.0,0.0,0.69,0.0,0.0,0.69,0.71,0.68,0.71,0.69,0.68,0.69,0.69,0.7,0.71,0.72,0.68,0.71,0.68,0.7,0.69,0.7,0.72,0.0,0.0,0.68,0.7,0.69,0.0,0.0,0.0,0.0,0.7,0.7,0.69,0.69,0.7,0.71,0.69,0.67,0.69,0.7,0.69,0.69,0.0,0.0,0.67,0.72,0.71,0.71,0.71,0.71,0.7,0.0,0.71,0.71,0.71,0.72,0.72,0.68,0.72
5707,0.0,0.68,0.68,0.0,0.0,0.68,0.0,0.0,0.66,0.68,0.65,0.68,0.66,0.65,0.66,0.65,0.67,0.67,0.68,0.65,0.68,0.65,0.67,0.67,0.68,0.69,0.0,0.0,0.67,0.68,0.68,0.0,0.0,0.0,0.0,0.67,0.68,0.67,0.67,0.68,0.69,0.66,0.65,0.67,0.68,0.67,0.67,0.0,0.0,0.67,0.7,0.69,0.69,0.69,0.69,0.67,0.0,0.69,0.7,0.69,0.7,0.7,0.65,0.69
5708,0.0,0.62,0.62,0.0,0.0,0.62,0.0,0.0,0.57,0.59,0.57,0.6,0.56,0.56,0.57,0.57,0.6,0.58,0.59,0.57,0.6,0.57,0.57,0.6,0.61,0.63,0.0,0.0,0.62,0.62,0.62,0.0,0.0,0.0,0.0,0.61,0.6,0.6,0.6,0.61,0.62,0.6,0.6,0.6,0.6,0.61,0.61,0.0,0.0,0.61,0.64,0.63,0.62,0.63,0.62,0.6,0.0,0.62,0.64,0.62,0.64,0.64,0.6,0.64
5709,0.0,0.36,0.36,0.0,0.0,0.32,0.0,0.0,0.27,0.26,0.28,0.28,0.21,0.24,0.24,0.25,0.29,0.24,0.25,0.26,0.27,0.24,0.22,0.29,0.29,0.36,0.0,0.0,0.35,0.35,0.35,0.0,0.0,0.0,0.0,0.33,0.3,0.3,0.33,0.3,0.32,0.32,0.32,0.3,0.3,0.33,0.32,0.0,0.0,0.32,0.36,0.36,0.33,0.35,0.32,0.34,0.0,0.34,0.36,0.34,0.36,0.36,0.35,0.35
5710,0.0,0.04,0.04,0.0,0.0,0.03,0.0,0.0,0.04,0.04,0.04,0.04,0.02,0.03,0.03,0.03,0.03,0.03,0.03,0.03,0.04,0.03,0.02,0.04,0.04,0.04,0.0,0.0,0.04,0.04,0.04,0.0,0.0,0.0,0.0,0.04,0.03,0.03,0.04,0.03,0.04,0.04,0.04,0.03,0.03,0.04,0.03,0.0,0.0,0.03,0.04,0.04,0.04,0.04,0.04,0.04,0.0,0.04,0.04,0.04,0.04,0.04,0.04,0.04
5711,0.0,0.0,0.0,0.0,0.0,0.0,0.0,0.0,0.0,0.0,0.0,0.0,0.0,0.0,0.0,0.0,0.0,0.0,0.0,0.0,0.0,0.0,0.0,0.0,0.0,0.0,0.0,0.0,0.0,0.0,0.0,0.0,0.0,0.0,0.0,0.0,0.0,0.0,0.0,0.0,0.0,0.0,0.0,0.0,0.0,0.0,0.0,0.0,0.0,0.0,0.0,0.0,0.0,0.0,0.0,0.0,0.0,0.0,0.0,0.0,0.0,0.0,0.0,0.0
5712,0.0,0.0,0.0,0.0,0.0,0.0,0.0,0.0,0.0,0.0,0.0,0.0,0.0,0.0,0.0,0.0,0.0,0.0,0.0,0.0,0.0,0.0,0.0,0.0,0.0,0.0,0.0,0.0,0.0,0.0,0.0,0.0,0.0,0.0,0.0,0.0,0.0,0.0,0.0,0.0,0.0,0.0,0.0,0.0,0.0,0.0,0.0,0.0,0.0,0.0,0.0,0.0,0.0,0.0,0.0,0.0,0.0,0.0,0.0,0.0,0.0,0.0,0.0,0.0
5713,0.0,0.0,0.0,0.0,0.0,0.0,0.0,0.0,0.0,0.0,0.0,0.0,0.0,0.0,0.0,0.0,0.0,0.0,0.0,0.0,0.0,0.0,0.0,0.0,0.0,0.0,0.0,0.0,0.0,0.0,0.0,0.0,0.0,0.0,0.0,0.0,0.0,0.0,0.0,0.0,0.0,0.0,0.0,0.0,0.0,0.0,0.0,0.0,0.0,0.0,0.0,0.0,0.0,0.0,0.0,0.0,0.0,0.0,0.0,0.0,0.0,0.0,0.0,0.0
5714,0.0,0.0,0.0,0.0,0.0,0.0,0.0,0.0,0.0,0.0,0.0,0.0,0.0,0.0,0.0,0.0,0.0,0.0,0.0,0.0,0.0,0.0,0.0,0.0,0.0,0.0,0.0,0.0,0.0,0.0,0.0,0.0,0.0,0.0,0.0,0.0,0.0,0.0,0.0,0.0,0.0,0.0,0.0,0.0,0.0,0.0,0.0,0.0,0.0,0.0,0.0,0.0,0.0,0.0,0.0,0.0,0.0,0.0,0.0,0.0,0.0,0.0,0.0,0.0
5715,0.0,0.0,0.0,0.0,0.0,0.0,0.0,0.0,0.0,0.0,0.0,0.0,0.0,0.0,0.0,0.0,0.0,0.0,0.0,0.0,0.0,0.0,0.0,0.0,0.0,0.0,0.0,0.0,0.0,0.0,0.0,0.0,0.0,0.0,0.0,0.0,0.0,0.0,0.0,0.0,0.0,0.0,0.0,0.0,0.0,0.0,0.0,0.0,0.0,0.0,0.0,0.0,0.0,0.0,0.0,0.0,0.0,0.0,0.0,0.0,0.0,0.0,0.0,0.0
5716,0.0,0.0,0.0,0.0,0.0,0.0,0.0,0.0,0.0,0.0,0.0,0.0,0.0,0.0,0.0,0.0,0.0,0.0,0.0,0.0,0.0,0.0,0.0,0.0,0.0,0.0,0.0,0.0,0.0,0.0,0.0,0.0,0.0,0.0,0.0,0.0,0.0,0.0,0.0,0.0,0.0,0.0,0.0,0.0,0.0,0.0,0.0,0.0,0.0,0.0,0.0,0.0,0.0,0.0,0.0,0.0,0.0,0.0,0.0,0.0,0.0,0.0,0.0,0.0
5717,0.0,0.0,0.0,0.0,0.0,0.0,0.0,0.0,0.0,0.0,0.0,0.0,0.0,0.0,0.0,0.0,0.0,0.0,0.0,0.0,0.0,0.0,0.0,0.0,0.0,0.0,0.0,0.0,0.0,0.0,0.0,0.0,0.0,0.0,0.0,0.0,0.0,0.0,0.0,0.0,0.0,0.0,0.0,0.0,0.0,0.0,0.0,0.0,0.0,0.0,0.0,0.0,0.0,0.0,0.0,0.0,0.0,0.0,0.0,0.0,0.0,0.0,0.0,0.0
5718,0.0,0.0,0.0,0.0,0.0,0.0,0.0,0.0,0.0,0.0,0.0,0.0,0.0,0.0,0.0,0.0,0.0,0.0,0.0,0.0,0.0,0.0,0.0,0.0,0.0,0.0,0.0,0.0,0.0,0.0,0.0,0.0,0.0,0.0,0.0,0.0,0.0,0.0,0.0,0.0,0.0,0.0,0.0,0.0,0.0,0.0,0.0,0.0,0.0,0.0,0.0,0.0,0.0,0.0,0.0,0.0,0.0,0.0,0.0,0.0,0.0,0.0,0.0,0.0
5719,0.0,0.0,0.0,0.0,0.0,0.0,0.0,0.0,0.0,0.0,0.0,0.0,0.0,0.0,0.0,0.0,0.0,0.0,0.0,0.0,0.0,0.0,0.0,0.0,0.0,0.0,0.0,0.0,0.0,0.0,0.0,0.0,0.0,0.0,0.0,0.0,0.0,0.0,0.0,0.0,0.0,0.0,0.0,0.0,0.0,0.0,0.0,0.0,0.0,0.0,0.0,0.0,0.0,0.0,0.0,0.0,0.0,0.0,0.0,0.0,0.0,0.0,0.0,0.0
5720,0.0,0.0,0.0,0.0,0.0,0.0,0.0,0.0,0.0,0.0,0.0,0.0,0.0,0.0,0.0,0.0,0.0,0.0,0.0,0.0,0.0,0.0,0.0,0.0,0.0,0.0,0.0,0.0,0.0,0.0,0.0,0.0,0.0,0.0,0.0,0.0,0.0,0.0,0.0,0.0,0.0,0.0,0.0,0.0,0.0,0.0,0.0,0.0,0.0,0.0,0.0,0.0,0.0,0.0,0.0,0.0,0.0,0.0,0.0,0.0,0.0,0.0,0.0,0.0
5721,0.0,0.0,0.0,0.0,0.0,0.0,0.0,0.0,0.0,0.0,0.0,0.0,0.0,0.0,0.0,0.0,0.0,0.0,0.0,0.0,0.0,0.0,0.0,0.0,0.0,0.0,0.0,0.0,0.0,0.0,0.0,0.0,0.0,0.0,0.0,0.0,0.0,0.0,0.0,0.0,0.0,0.0,0.0,0.0,0.0,0.0,0.0,0.0,0.0,0.0,0.0,0.0,0.0,0.0,0.0,0.0,0.0,0.0,0.0,0.0,0.0,0.0,0.0,0.0
5722,0.0,0.08,0.08,0.0,0.0,0.1,0.0,0.0,0.13,0.15,0.12,0.13,0.18,0.15,0.15,0.15,0.12,0.17,0.17,0.14,0.14,0.15,0.18,0.12,0.11,0.08,0.0,0.0,0.08,0.08,0.08,0.0,0.0,0.0,0.0,0.1,0.11,0.11,0.09,0.12,0.11,0.09,0.1,0.11,0.11,0.09,0.1,0.0,0.0,0.1,0.08,0.08,0.09,0.08,0.1,0.08,0.0,0.09,0.08,0.09,0.08,0.08,0.08,0.08
5723,0.0,0.44,0.44,0.0,0.0,0.47,0.0,0.0,0.5,0.55,0.5,0.53,0.56,0.52,0.52,0.51,0.51,0.55,0.56,0.51,0.54,0.52,0.57,0.51,0.51,0.45,0.0,0.0,0.44,0.44,0.44,0.0,0.0,0.0,0.0,0.47,0.5,0.52,0.47,0.51,0.51,0.48,0.48,0.51,0.51,0.48,0.48,0.0,0.0,0.48,0.47,0.45,0.48,0.46,0.49,0.45,0.0,0.46,0.47,0.47,0.46,0.47,0.46,0.47
5724,0.0,0.62,0.63,0.0,0.0,0.64,0.0,0.0,0.63,0.61,0.62,0.66,0.64,0.63,0.62,0.62,0.64,0.66,0.66,0.61,0.66,0.62,0.66,0.65,0.66,0.64,0.0,0.0,0.62,0.63,0.63,0.0,0.0,0.0,0.0,0.64,0.64,0.63,0.64,0.64,0.68,0.65,0.65,0.66,0.66,0.65,0.64,0.0,0.0,0.65,0.66,0.64,0.65,0.66,0.65,0.66,0.0,0.65,0.66,0.64,0.65,0.67,0.64,0.66
5725,0.0,0.68,0.69,0.0,0.0,0.69,0.0,0.0,0.68,0.68,0.67,0.68,0.67,0.64,0.63,0.64,0.65,0.68,0.7,0.65,0.7,0.65,0.69,0.7,0.71,0.7,0.0,0.0,0.68,0.69,0.69,0.0,0.0,0.0,0.0,0.69,0.68,0.68,0.69,0.67,0.72,0.69,0.69,0.69,0.7,0.69,0.69,0.0,0.0,0.7,0.72,0.69,0.7,0.71,0.7,0.71,0.0,0.71,0.71,0.7,0.7,0.72,0.69,0.71
5726,0.0,0.71,0.72,0.0,0.0,0.71,0.0,0.0,0.71,0.7,0.7,0.7,0.7,0.68,0.69,0.7,0.69,0.66,0.7,0.7,0.72,0.68,0.7,0.71,0.73,0.72,0.0,0.0,0.71,0.72,0.71,0.0,0.0,0.0,0.0,0.71,0.7,0.71,0.71,0.69,0.75,0.71,0.71,0.7,0.71,0.72,0.72,0.0,0.0,0.72,0.75,0.72,0.74,0.73,0.73,0.72,0.0,0.74,0.74,0.74,0.73,0.74,0.72,0.74
5727,0.0,0.73,0.73,0.0,0.0,0.72,0.0,0.0,0.72,0.71,0.72,0.73,0.7,0.71,0.71,0.72,0.7,0.71,0.72,0.71,0.73,0.7,0.69,0.72,0.74,0.74,0.0,0.0,0.72,0.73,0.72,0.0,0.0,0.0,0.0,0.72,0.72,0.73,0.73,0.72,0.76,0.73,0.72,0.71,0.72,0.73,0.72,0.0,0.0,0.72,0.76,0.74,0.75,0.73,0.75,0.73,0.0,0.75,0.75,0.75,0.75,0.75,0.74,0.75
5728,0.0,0.72,0.73,0.0,0.0,0.73,0.0,0.0,0.72,0.72,0.73,0.73,0.7,0.72,0.72,0.72,0.72,0.72,0.74,0.72,0.73,0.72,0.7,0.72,0.75,0.74,0.0,0.0,0.73,0.73,0.73,0.0,0.0,0.0,0.0,0.73,0.72,0.76,0.73,0.74,0.76,0.73,0.72,0.72,0.72,0.73,0.72,0.0,0.0,0.72,0.76,0.75,0.76,0.74,0.76,0.73,0.0,0.75,0.75,0.75,0.76,0.76,0.74,0.76
5729,0.0,0.72,0.72,0.0,0.0,0.73,0.0,0.0,0.73,0.73,0.73,0.73,0.7,0.72,0.73,0.74,0.74,0.72,0.74,0.72,0.72,0.72,0.7,0.71,0.75,0.73,0.0,0.0,0.72,0.72,0.72,0.0,0.0,0.0,0.0,0.72,0.72,0.74,0.73,0.74,0.75,0.73,0.72,0.71,0.72,0.73,0.72,0.0,0.0,0.73,0.75,0.74,0.75,0.73,0.75,0.72,0.0,0.74,0.74,0.75,0.75,0.75,0.74,0.75
5730,0.0,0.7,0.7,0.0,0.0,0.72,0.0,0.0,0.71,0.71,0.71,0.73,0.69,0.71,0.72,0.72,0.73,0.7,0.72,0.71,0.71,0.71,0.68,0.69,0.74,0.7,0.0,0.0,0.7,0.7,0.7,0.0,0.0,0.0,0.0,0.71,0.7,0.74,0.72,0.73,0.73,0.72,0.71,0.7,0.7,0.72,0.71,0.0,0.0,0.72,0.73,0.72,0.73,0.72,0.74,0.7,0.0,0.72,0.72,0.73,0.73,0.73,0.72,0.73
5731,0.0,0.66,0.66,0.0,0.0,0.68,0.0,0.0,0.66,0.66,0.67,0.71,0.67,0.67,0.68,0.68,0.7,0.66,0.67,0.66,0.67,0.67,0.64,0.66,0.71,0.67,0.0,0.0,0.66,0.66,0.66,0.0,0.0,0.0,0.0,0.67,0.66,0.7,0.69,0.7,0.7,0.68,0.68,0.66,0.66,0.69,0.68,0.0,0.0,0.68,0.69,0.69,0.69,0.68,0.7,0.66,0.0,0.67,0.68,0.68,0.69,0.69,0.68,0.69
5732,0.0,0.63,0.64,0.0,0.0,0.65,0.0,0.0,0.62,0.63,0.63,0.66,0.62,0.63,0.64,0.63,0.66,0.62,0.62,0.62,0.64,0.63,0.6,0.62,0.67,0.64,0.0,0.0,0.63,0.64,0.64,0.0,0.0,0.0,0.0,0.64,0.64,0.66,0.64,0.65,0.65,0.64,0.64,0.63,0.63,0.65,0.65,0.0,0.0,0.65,0.66,0.65,0.65,0.65,0.65,0.63,0.0,0.64,0.65,0.65,0.66,0.66,0.64,0.65
5733,0.0,0.36,0.37,0.0,0.0,0.34,0.0,0.0,0.3,0.29,0.31,0.32,0.25,0.28,0.28,0.28,0.32,0.26,0.26,0.29,0.3,0.28,0.24,0.31,0.32,0.37,0.0,0.0,0.36,0.37,0.36,0.0,0.0,0.0,0.0,0.35,0.33,0.34,0.35,0.33,0.34,0.35,0.35,0.32,0.32,0.36,0.34,0.0,0.0,0.34,0.38,0.37,0.35,0.37,0.35,0.36,0.0,0.36,0.37,0.36,0.38,0.37,0.37,0.37
5734,0.0,0.05,0.05,0.0,0.0,0.05,0.0,0.0,0.04,0.04,0.04,0.04,0.0,0.02,0.02,0.02,0.04,0.01,0.02,0.02,0.04,0.02,0.0,0.04,0.03,0.05,0.0,0.0,0.05,0.05,0.05,0.0,0.0,0.0,0.0,0.05,0.04,0.04,0.05,0.04,0.05,0.05,0.05,0.04,0.04,0.05,0.04,0.0,0.0,0.04,0.05,0.05,0.05,0.05,0.05,0.05,0.0,0.05,0.05,0.05,0.05,0.05,0.05,0.05
5735,0.0,0.0,0.0,0.0,0.0,0.0,0.0,0.0,0.0,0.0,0.0,0.0,0.0,0.0,0.0,0.0,0.0,0.0,0.0,0.0,0.0,0.0,0.0,0.0,0.0,0.0,0.0,0.0,0.0,0.0,0.0,0.0,0.0,0.0,0.0,0.0,0.0,0.0,0.0,0.0,0.0,0.0,0.0,0.0,0.0,0.0,0.0,0.0,0.0,0.0,0.0,0.0,0.0,0.0,0.0,0.0,0.0,0.0,0.0,0.0,0.0,0.0,0.0,0.0
5736,0.0,0.0,0.0,0.0,0.0,0.0,0.0,0.0,0.0,0.0,0.0,0.0,0.0,0.0,0.0,0.0,0.0,0.0,0.0,0.0,0.0,0.0,0.0,0.0,0.0,0.0,0.0,0.0,0.0,0.0,0.0,0.0,0.0,0.0,0.0,0.0,0.0,0.0,0.0,0.0,0.0,0.0,0.0,0.0,0.0,0.0,0.0,0.0,0.0,0.0,0.0,0.0,0.0,0.0,0.0,0.0,0.0,0.0,0.0,0.0,0.0,0.0,0.0,0.0
5737,0.0,0.0,0.0,0.0,0.0,0.0,0.0,0.0,0.0,0.0,0.0,0.0,0.0,0.0,0.0,0.0,0.0,0.0,0.0,0.0,0.0,0.0,0.0,0.0,0.0,0.0,0.0,0.0,0.0,0.0,0.0,0.0,0.0,0.0,0.0,0.0,0.0,0.0,0.0,0.0,0.0,0.0,0.0,0.0,0.0,0.0,0.0,0.0,0.0,0.0,0.0,0.0,0.0,0.0,0.0,0.0,0.0,0.0,0.0,0.0,0.0,0.0,0.0,0.0
5738,0.0,0.0,0.0,0.0,0.0,0.0,0.0,0.0,0.0,0.0,0.0,0.0,0.0,0.0,0.0,0.0,0.0,0.0,0.0,0.0,0.0,0.0,0.0,0.0,0.0,0.0,0.0,0.0,0.0,0.0,0.0,0.0,0.0,0.0,0.0,0.0,0.0,0.0,0.0,0.0,0.0,0.0,0.0,0.0,0.0,0.0,0.0,0.0,0.0,0.0,0.0,0.0,0.0,0.0,0.0,0.0,0.0,0.0,0.0,0.0,0.0,0.0,0.0,0.0
5739,0.0,0.0,0.0,0.0,0.0,0.0,0.0,0.0,0.0,0.0,0.0,0.0,0.0,0.0,0.0,0.0,0.0,0.0,0.0,0.0,0.0,0.0,0.0,0.0,0.0,0.0,0.0,0.0,0.0,0.0,0.0,0.0,0.0,0.0,0.0,0.0,0.0,0.0,0.0,0.0,0.0,0.0,0.0,0.0,0.0,0.0,0.0,0.0,0.0,0.0,0.0,0.0,0.0,0.0,0.0,0.0,0.0,0.0,0.0,0.0,0.0,0.0,0.0,0.0
5740,0.0,0.0,0.0,0.0,0.0,0.0,0.0,0.0,0.0,0.0,0.0,0.0,0.0,0.0,0.0,0.0,0.0,0.0,0.0,0.0,0.0,0.0,0.0,0.0,0.0,0.0,0.0,0.0,0.0,0.0,0.0,0.0,0.0,0.0,0.0,0.0,0.0,0.0,0.0,0.0,0.0,0.0,0.0,0.0,0.0,0.0,0.0,0.0,0.0,0.0,0.0,0.0,0.0,0.0,0.0,0.0,0.0,0.0,0.0,0.0,0.0,0.0,0.0,0.0
5741,0.0,0.0,0.0,0.0,0.0,0.0,0.0,0.0,0.0,0.0,0.0,0.0,0.0,0.0,0.0,0.0,0.0,0.0,0.0,0.0,0.0,0.0,0.0,0.0,0.0,0.0,0.0,0.0,0.0,0.0,0.0,0.0,0.0,0.0,0.0,0.0,0.0,0.0,0.0,0.0,0.0,0.0,0.0,0.0,0.0,0.0,0.0,0.0,0.0,0.0,0.0,0.0,0.0,0.0,0.0,0.0,0.0,0.0,0.0,0.0,0.0,0.0,0.0,0.0
5742,0.0,0.0,0.0,0.0,0.0,0.0,0.0,0.0,0.0,0.0,0.0,0.0,0.0,0.0,0.0,0.0,0.0,0.0,0.0,0.0,0.0,0.0,0.0,0.0,0.0,0.0,0.0,0.0,0.0,0.0,0.0,0.0,0.0,0.0,0.0,0.0,0.0,0.0,0.0,0.0,0.0,0.0,0.0,0.0,0.0,0.0,0.0,0.0,0.0,0.0,0.0,0.0,0.0,0.0,0.0,0.0,0.0,0.0,0.0,0.0,0.0,0.0,0.0,0.0
5743,0.0,0.0,0.0,0.0,0.0,0.0,0.0,0.0,0.0,0.0,0.0,0.0,0.0,0.0,0.0,0.0,0.0,0.0,0.0,0.0,0.0,0.0,0.0,0.0,0.0,0.0,0.0,0.0,0.0,0.0,0.0,0.0,0.0,0.0,0.0,0.0,0.0,0.0,0.0,0.0,0.0,0.0,0.0,0.0,0.0,0.0,0.0,0.0,0.0,0.0,0.0,0.0,0.0,0.0,0.0,0.0,0.0,0.0,0.0,0.0,0.0,0.0,0.0,0.0
5744,0.0,0.0,0.0,0.0,0.0,0.0,0.0,0.0,0.0,0.0,0.0,0.0,0.0,0.0,0.0,0.0,0.0,0.0,0.0,0.0,0.0,0.0,0.0,0.0,0.0,0.0,0.0,0.0,0.0,0.0,0.0,0.0,0.0,0.0,0.0,0.0,0.0,0.0,0.0,0.0,0.0,0.0,0.0,0.0,0.0,0.0,0.0,0.0,0.0,0.0,0.0,0.0,0.0,0.0,0.0,0.0,0.0,0.0,0.0,0.0,0.0,0.0,0.0,0.0
5745,0.0,0.0,0.0,0.0,0.0,0.0,0.0,0.0,0.0,0.0,0.0,0.0,0.0,0.0,0.0,0.0,0.0,0.0,0.0,0.0,0.0,0.0,0.0,0.0,0.0,0.0,0.0,0.0,0.0,0.0,0.0,0.0,0.0,0.0,0.0,0.0,0.0,0.0,0.0,0.0,0.0,0.0,0.0,0.0,0.0,0.0,0.0,0.0,0.0,0.0,0.0,0.0,0.0,0.0,0.0,0.0,0.0,0.0,0.0,0.0,0.0,0.0,0.0,0.0
5746,0.0,0.08,0.08,0.0,0.0,0.02,0.0,0.0,0.0,0.13,0.1,0.13,0.18,0.15,0.15,0.14,0.11,0.16,0.16,0.0,0.14,0.15,0.18,0.12,0.12,0.08,0.0,0.0,0.08,0.08,0.08,0.0,0.0,0.0,0.0,0.09,0.11,0.1,0.09,0.1,0.08,0.1,0.1,0.11,0.11,0.1,0.04,0.0,0.0,0.08,0.08,0.08,0.09,0.05,0.1,0.08,0.0,0.08,0.01,0.09,0.08,0.08,0.06,0.02
5747,0.0,0.45,0.44,0.0,0.0,0.41,0.0,0.0,0.46,0.46,0.43,0.03,0.56,0.02,0.02,0.01,0.5,0.55,0.56,0.04,0.53,0.04,0.55,0.48,0.51,0.41,0.0,0.0,0.41,0.45,0.46,0.0,0.0,0.0,0.0,0.47,0.47,0.49,0.47,0.49,0.09,0.48,0.47,0.47,0.48,0.47,0.3,0.0,0.0,0.26,0.44,0.46,0.46,0.43,0.48,0.23,0.0,0.44,0.43,0.44,0.45,0.45,0.47,0.44
5748,0.0,0.61,0.58,0.0,0.0,0.62,0.0,0.0,0.03,0.03,0.13,0.12,0.65,0.12,0.64,0.64,0.65,0.66,0.68,0.62,0.65,0.64,0.66,0.64,0.13,0.66,0.0,0.0,0.67,0.59,0.65,0.0,0.0,0.0,0.0,0.62,0.64,0.63,0.67,0.64,0.65,0.67,0.67,0.65,0.65,0.67,0.64,0.0,0.0,0.62,0.65,0.68,0.65,0.59,0.22,0.06,0.0,0.59,0.65,0.45,0.66,0.66,0.69,0.66
5749,0.0,0.65,0.67,0.0,0.0,0.59,0.0,0.0,0.22,0.03,0.36,0.09,0.65,0.07,0.64,0.21,0.03,0.15,0.7,0.05,0.69,0.06,0.66,0.66,0.08,0.68,0.0,0.0,0.69,0.65,0.68,0.0,0.0,0.0,0.0,0.67,0.66,0.05,0.7,0.05,0.68,0.7,0.7,0.66,0.67,0.7,0.57,0.0,0.0,0.63,0.66,0.69,0.61,0.44,0.06,0.12,0.0,0.08,0.68,0.14,0.69,0.62,0.7,0.69
5750,0.0,0.7,0.7,0.0,0.0,0.67,0.0,0.0,0.02,0.47,0.68,0.1,0.25,0.69,0.07,0.41,0.37,0.17,0.22,0.1,0.06,0.14,0.07,0.7,0.6,0.71,0.0,0.0,0.72,0.7,0.71,0.0,0.0,0.0,0.0,0.67,0.71,0.69,0.72,0.69,0.7,0.73,0.72,0.71,0.7,0.73,0.69,0.0,0.0,0.67,0.69,0.72,0.04,0.06,0.24,0.11,0.0,0.05,0.68,0.43,0.69,0.7,0.73,0.67
5751,0.0,0.71,0.72,0.0,0.0,0.72,0.0,0.0,0.7,0.7,0.7,0.61,0.16,0.06,0.08,0.18,0.42,0.07,0.06,0.71,0.54,0.09,0.04,0.72,0.75,0.73,0.0,0.0,0.73,0.72,0.72,0.0,0.0,0.0,0.0,0.72,0.72,0.7,0.74,0.62,0.73,0.74,0.73,0.73,0.72,0.74,0.71,0.0,0.0,0.72,0.05,0.65,0.36,0.52,0.74,0.73,0.0,0.59,0.03,0.73,0.11,0.09,0.24,0.04
5752,0.0,0.72,0.72,0.0,0.0,0.72,0.0,0.0,0.66,0.75,0.6,0.1,0.06,0.72,0.72,0.71,0.07,0.06,0.14,0.7,0.72,0.72,0.08,0.72,0.76,0.08,0.0,0.0,0.04,0.72,0.72,0.0,0.0,0.0,0.0,0.67,0.72,0.73,0.2,0.71,0.74,0.37,0.09,0.73,0.72,0.24,0.72,0.0,0.0,0.72,0.76,0.66,0.62,0.73,0.7,0.13,0.0,0.73,0.32,0.74,0.26,0.46,0.68,0.31
5753,0.0,0.64,0.67,0.0,0.0,0.72,0.0,0.0,0.14,0.5,0.28,0.44,0.13,0.3,0.7,0.7,0.7,0.38,0.4,0.42,0.73,0.51,0.16,0.22,0.75,0.65,0.0,0.0,0.64,0.45,0.11,0.0,0.0,0.0,0.0,0.06,0.32,0.1,0.73,0.14,0.11,0.74,0.46,0.1,0.34,0.74,0.71,0.0,0.0,0.73,0.75,0.74,0.4,0.07,0.04,0.74,0.0,0.07,0.75,0.15,0.75,0.75,0.16,0.75
5754,0.0,0.6,0.37,0.0,0.0,0.68,0.0,0.0,0.04,0.04,0.26,0.61,0.09,0.02,0.1,0.08,0.52,0.39,0.74,0.09,0.09,0.02,0.09,0.68,0.74,0.16,0.0,0.0,0.09,0.6,0.64,0.0,0.0,0.0,0.0,0.61,0.09,0.64,0.7,0.65,0.74,0.7,0.27,0.64,0.24,0.72,0.71,0.0,0.0,0.68,0.7,0.74,0.18,0.73,0.75,0.72,0.0,0.74,0.7,0.75,0.73,0.7,0.75,0.71
5755,0.0,0.4,0.58,0.0,0.0,0.69,0.0,0.0,0.5,0.05,0.68,0.06,0.02,0.31,0.02,0.04,0.14,0.24,0.03,0.3,0.72,0.05,0.66,0.57,0.72,0.71,0.0,0.0,0.7,0.22,0.69,0.0,0.0,0.0,0.0,0.6,0.7,0.7,0.71,0.71,0.71,0.71,0.71,0.63,0.69,0.71,0.64,0.0,0.0,0.69,0.73,0.7,0.42,0.73,0.73,0.65,0.0,0.73,0.72,0.73,0.72,0.74,0.7,0.72
5756,0.0,0.6,0.61,0.0,0.0,0.11,0.0,0.0,0.57,0.53,0.59,0.63,0.18,0.57,0.25,0.52,0.62,0.34,0.62,0.55,0.61,0.35,0.08,0.6,0.61,0.62,0.0,0.0,0.61,0.62,0.61,0.0,0.0,0.0,0.0,0.59,0.6,0.63,0.62,0.63,0.62,0.62,0.61,0.61,0.61,0.63,0.18,0.0,0.0,0.13,0.64,0.65,0.64,0.65,0.65,0.66,0.0,0.62,0.65,0.64,0.65,0.65,0.62,0.65
5757,0.0,0.34,0.34,0.0,0.0,0.05,0.0,0.0,0.27,0.28,0.28,0.04,0.2,0.23,0.22,0.23,0.3,0.2,0.21,0.24,0.2,0.22,0.02,0.28,0.04,0.32,0.0,0.0,0.3,0.33,0.34,0.0,0.0,0.0,0.0,0.32,0.3,0.31,0.33,0.31,0.32,0.32,0.32,0.29,0.29,0.33,0.04,0.0,0.0,0.04,0.37,0.36,0.35,0.37,0.04,0.37,0.0,0.37,0.36,0.36,0.36,0.37,0.34,0.36
5758,0.0,0.04,0.04,0.0,0.0,0.0,0.0,0.0,0.0,0.0,0.0,0.0,0.0,0.0,0.0,0.0,0.0,0.0,0.0,0.0,0.0,0.0,0.0,0.01,0.0,0.04,0.0,0.0,0.04,0.04,0.04,0.0,0.0,0.0,0.0,0.02,0.01,0.01,0.03,0.0,0.02,0.02,0.02,0.01,0.01,0.03,0.01,0.0,0.0,0.0,0.04,0.04,0.04,0.04,0.0,0.04,0.0,0.04,0.04,0.04,0.04,0.04,0.04,0.04
5759,0.0,0.0,0.0,0.0,0.0,0.0,0.0,0.0,0.0,0.0,0.0,0.0,0.0,0.0,0.0,0.0,0.0,0.0,0.0,0.0,0.0,0.0,0.0,0.0,0.0,0.0,0.0,0.0,0.0,0.0,0.0,0.0,0.0,0.0,0.0,0.0,0.0,0.0,0.0,0.0,0.0,0.0,0.0,0.0,0.0,0.0,0.0,0.0,0.0,0.0,0.0,0.0,0.0,0.0,0.0,0.0,0.0,0.0,0.0,0.0,0.0,0.0,0.0,0.0
5760,0.0,0.0,0.0,0.0,0.0,0.0,0.0,0.0,0.0,0.0,0.0,0.0,0.0,0.0,0.0,0.0,0.0,0.0,0.0,0.0,0.0,0.0,0.0,0.0,0.0,0.0,0.0,0.0,0.0,0.0,0.0,0.0,0.0,0.0,0.0,0.0,0.0,0.0,0.0,0.0,0.0,0.0,0.0,0.0,0.0,0.0,0.0,0.0,0.0,0.0,0.0,0.0,0.0,0.0,0.0,0.0,0.0,0.0,0.0,0.0,0.0,0.0,0.0,0.0
5761,0.0,0.0,0.0,0.0,0.0,0.0,0.0,0.0,0.0,0.0,0.0,0.0,0.0,0.0,0.0,0.0,0.0,0.0,0.0,0.0,0.0,0.0,0.0,0.0,0.0,0.0,0.0,0.0,0.0,0.0,0.0,0.0,0.0,0.0,0.0,0.0,0.0,0.0,0.0,0.0,0.0,0.0,0.0,0.0,0.0,0.0,0.0,0.0,0.0,0.0,0.0,0.0,0.0,0.0,0.0,0.0,0.0,0.0,0.0,0.0,0.0,0.0,0.0,0.0
5762,0.0,0.0,0.0,0.0,0.0,0.0,0.0,0.0,0.0,0.0,0.0,0.0,0.0,0.0,0.0,0.0,0.0,0.0,0.0,0.0,0.0,0.0,0.0,0.0,0.0,0.0,0.0,0.0,0.0,0.0,0.0,0.0,0.0,0.0,0.0,0.0,0.0,0.0,0.0,0.0,0.0,0.0,0.0,0.0,0.0,0.0,0.0,0.0,0.0,0.0,0.0,0.0,0.0,0.0,0.0,0.0,0.0,0.0,0.0,0.0,0.0,0.0,0.0,0.0
5763,0.0,0.0,0.0,0.0,0.0,0.0,0.0,0.0,0.0,0.0,0.0,0.0,0.0,0.0,0.0,0.0,0.0,0.0,0.0,0.0,0.0,0.0,0.0,0.0,0.0,0.0,0.0,0.0,0.0,0.0,0.0,0.0,0.0,0.0,0.0,0.0,0.0,0.0,0.0,0.0,0.0,0.0,0.0,0.0,0.0,0.0,0.0,0.0,0.0,0.0,0.0,0.0,0.0,0.0,0.0,0.0,0.0,0.0,0.0,0.0,0.0,0.0,0.0,0.0
5764,0.0,0.0,0.0,0.0,0.0,0.0,0.0,0.0,0.0,0.0,0.0,0.0,0.0,0.0,0.0,0.0,0.0,0.0,0.0,0.0,0.0,0.0,0.0,0.0,0.0,0.0,0.0,0.0,0.0,0.0,0.0,0.0,0.0,0.0,0.0,0.0,0.0,0.0,0.0,0.0,0.0,0.0,0.0,0.0,0.0,0.0,0.0,0.0,0.0,0.0,0.0,0.0,0.0,0.0,0.0,0.0,0.0,0.0,0.0,0.0,0.0,0.0,0.0,0.0
5765,0.0,0.0,0.0,0.0,0.0,0.0,0.0,0.0,0.0,0.0,0.0,0.0,0.0,0.0,0.0,0.0,0.0,0.0,0.0,0.0,0.0,0.0,0.0,0.0,0.0,0.0,0.0,0.0,0.0,0.0,0.0,0.0,0.0,0.0,0.0,0.0,0.0,0.0,0.0,0.0,0.0,0.0,0.0,0.0,0.0,0.0,0.0,0.0,0.0,0.0,0.0,0.0,0.0,0.0,0.0,0.0,0.0,0.0,0.0,0.0,0.0,0.0,0.0,0.0
5766,0.0,0.0,0.0,0.0,0.0,0.0,0.0,0.0,0.0,0.0,0.0,0.0,0.0,0.0,0.0,0.0,0.0,0.0,0.0,0.0,0.0,0.0,0.0,0.0,0.0,0.0,0.0,0.0,0.0,0.0,0.0,0.0,0.0,0.0,0.0,0.0,0.0,0.0,0.0,0.0,0.0,0.0,0.0,0.0,0.0,0.0,0.0,0.0,0.0,0.0,0.0,0.0,0.0,0.0,0.0,0.0,0.0,0.0,0.0,0.0,0.0,0.0,0.0,0.0
5767,0.0,0.0,0.0,0.0,0.0,0.0,0.0,0.0,0.0,0.0,0.0,0.0,0.0,0.0,0.0,0.0,0.0,0.0,0.0,0.0,0.0,0.0,0.0,0.0,0.0,0.0,0.0,0.0,0.0,0.0,0.0,0.0,0.0,0.0,0.0,0.0,0.0,0.0,0.0,0.0,0.0,0.0,0.0,0.0,0.0,0.0,0.0,0.0,0.0,0.0,0.0,0.0,0.0,0.0,0.0,0.0,0.0,0.0,0.0,0.0,0.0,0.0,0.0,0.0
5768,0.0,0.0,0.0,0.0,0.0,0.0,0.0,0.0,0.0,0.0,0.0,0.0,0.0,0.0,0.0,0.0,0.0,0.0,0.0,0.0,0.0,0.0,0.0,0.0,0.0,0.0,0.0,0.0,0.0,0.0,0.0,0.0,0.0,0.0,0.0,0.0,0.0,0.0,0.0,0.0,0.0,0.0,0.0,0.0,0.0,0.0,0.0,0.0,0.0,0.0,0.0,0.0,0.0,0.0,0.0,0.0,0.0,0.0,0.0,0.0,0.0,0.0,0.0,0.0
5769,0.0,0.0,0.0,0.0,0.0,0.0,0.0,0.0,0.0,0.0,0.0,0.0,0.0,0.0,0.0,0.0,0.0,0.0,0.0,0.0,0.0,0.0,0.0,0.0,0.0,0.0,0.0,0.0,0.0,0.0,0.0,0.0,0.0,0.0,0.0,0.0,0.0,0.0,0.0,0.0,0.0,0.0,0.0,0.0,0.0,0.0,0.0,0.0,0.0,0.0,0.0,0.0,0.0,0.0,0.0,0.0,0.0,0.0,0.0,0.0,0.0,0.0,0.0,0.0
5770,0.0,0.03,0.04,0.0,0.0,0.1,0.0,0.0,0.14,0.16,0.13,0.14,0.2,0.16,0.16,0.16,0.13,0.18,0.18,0.15,0.16,0.17,0.21,0.13,0.13,0.08,0.0,0.0,0.08,0.08,0.08,0.0,0.0,0.0,0.0,0.1,0.12,0.12,0.1,0.12,0.11,0.1,0.1,0.12,0.12,0.1,0.1,0.0,0.0,0.1,0.09,0.08,0.1,0.08,0.11,0.08,0.0,0.09,0.09,0.09,0.08,0.09,0.08,0.09
5771,0.0,0.47,0.46,0.0,0.0,0.47,0.0,0.0,0.57,0.6,0.56,0.59,0.64,0.59,0.6,0.59,0.57,0.64,0.64,0.58,0.59,0.6,0.64,0.53,0.53,0.49,0.0,0.0,0.49,0.48,0.49,0.0,0.0,0.0,0.0,0.51,0.53,0.57,0.51,0.57,0.55,0.52,0.52,0.54,0.53,0.52,0.5,0.0,0.0,0.5,0.46,0.48,0.52,0.48,0.53,0.48,0.0,0.49,0.47,0.5,0.44,0.47,0.5,0.41
5772,0.0,0.69,0.68,0.0,0.0,0.68,0.0,0.0,0.71,0.75,0.7,0.74,0.74,0.72,0.73,0.72,0.74,0.76,0.76,0.72,0.73,0.73,0.75,0.68,0.7,0.7,0.0,0.0,0.7,0.69,0.7,0.0,0.0,0.0,0.0,0.7,0.71,0.73,0.71,0.75,0.72,0.71,0.71,0.71,0.66,0.71,0.68,0.0,0.0,0.68,0.7,0.7,0.7,0.7,0.7,0.67,0.0,0.68,0.69,0.67,0.7,0.7,0.71,0.69
5773,0.0,0.71,0.7,0.0,0.0,0.7,0.0,0.0,0.72,0.76,0.72,0.75,0.75,0.72,0.72,0.72,0.75,0.76,0.77,0.72,0.74,0.73,0.76,0.73,0.73,0.72,0.0,0.0,0.72,0.71,0.71,0.0,0.0,0.0,0.0,0.72,0.72,0.74,0.73,0.76,0.73,0.73,0.72,0.73,0.73,0.73,0.7,0.0,0.0,0.7,0.72,0.7,0.68,0.72,0.73,0.7,0.0,0.7,0.71,0.71,0.67,0.73,0.72,0.69
5774,0.0,0.73,0.73,0.0,0.0,0.73,0.0,0.0,0.74,0.79,0.74,0.78,0.78,0.74,0.75,0.74,0.76,0.78,0.8,0.74,0.77,0.75,0.78,0.75,0.75,0.74,0.0,0.0,0.74,0.74,0.74,0.0,0.0,0.0,0.0,0.74,0.73,0.77,0.72,0.78,0.75,0.73,0.72,0.73,0.75,0.73,0.73,0.0,0.0,0.73,0.73,0.69,0.74,0.74,0.76,0.73,0.0,0.74,0.74,0.74,0.66,0.75,0.75,0.72
5775,0.0,0.75,0.74,0.0,0.0,0.74,0.0,0.0,0.74,0.8,0.72,0.79,0.79,0.75,0.75,0.74,0.76,0.78,0.8,0.75,0.78,0.75,0.79,0.74,0.77,0.74,0.0,0.0,0.75,0.75,0.75,0.0,0.0,0.0,0.0,0.74,0.7,0.76,0.75,0.77,0.75,0.75,0.72,0.7,0.74,0.74,0.73,0.0,0.0,0.74,0.74,0.71,0.76,0.75,0.77,0.75,0.0,0.74,0.74,0.75,0.72,0.75,0.75,0.75
5776,0.0,0.74,0.72,0.0,0.0,0.73,0.0,0.0,0.73,0.79,0.71,0.78,0.78,0.76,0.76,0.75,0.76,0.78,0.79,0.75,0.78,0.76,0.78,0.72,0.78,0.72,0.0,0.0,0.73,0.73,0.73,0.0,0.0,0.0,0.0,0.73,0.71,0.75,0.73,0.77,0.74,0.74,0.7,0.69,0.72,0.72,0.73,0.0,0.0,0.73,0.75,0.69,0.76,0.76,0.77,0.75,0.0,0.76,0.74,0.76,0.72,0.75,0.74,0.73
5777,0.0,0.72,0.7,0.0,0.0,0.7,0.0,0.0,0.72,0.78,0.73,0.77,0.77,0.75,0.75,0.75,0.76,0.77,0.79,0.74,0.77,0.75,0.76,0.71,0.77,0.69,0.0,0.0,0.71,0.72,0.72,0.0,0.0,0.0,0.0,0.69,0.72,0.74,0.66,0.77,0.75,0.66,0.69,0.72,0.72,0.68,0.7,0.0,0.0,0.71,0.75,0.69,0.75,0.76,0.76,0.74,0.0,0.76,0.73,0.76,0.74,0.75,0.68,0.72
5778,0.0,0.66,0.63,0.0,0.0,0.72,0.0,0.0,0.71,0.76,0.71,0.75,0.74,0.73,0.73,0.72,0.74,0.75,0.77,0.71,0.76,0.73,0.74,0.71,0.75,0.68,0.0,0.0,0.65,0.67,0.68,0.0,0.0,0.0,0.0,0.64,0.72,0.73,0.64,0.75,0.74,0.65,0.68,0.72,0.71,0.72,0.7,0.0,0.0,0.71,0.74,0.53,0.73,0.74,0.74,0.72,0.0,0.74,0.7,0.74,0.72,0.74,0.52,0.71
5779,0.0,0.55,0.37,0.0,0.0,0.63,0.0,0.0,0.69,0.67,0.68,0.72,0.7,0.7,0.7,0.68,0.71,0.72,0.73,0.68,0.73,0.7,0.71,0.69,0.71,0.6,0.0,0.0,0.56,0.59,0.56,0.0,0.0,0.0,0.0,0.56,0.69,0.7,0.65,0.71,0.72,0.63,0.67,0.66,0.69,0.7,0.68,0.0,0.0,0.69,0.72,0.61,0.71,0.7,0.72,0.69,0.0,0.71,0.67,0.71,0.72,0.69,0.42,0.7
5780,0.0,0.59,0.59,0.0,0.0,0.46,0.0,0.0,0.65,0.63,0.65,0.68,0.65,0.65,0.65,0.64,0.68,0.67,0.68,0.64,0.68,0.65,0.65,0.64,0.66,0.57,0.0,0.0,0.48,0.59,0.54,0.0,0.0,0.0,0.0,0.37,0.66,0.67,0.59,0.68,0.7,0.55,0.65,0.66,0.64,0.62,0.49,0.0,0.0,0.56,0.69,0.67,0.69,0.69,0.68,0.66,0.0,0.68,0.68,0.68,0.63,0.7,0.54,0.66
5781,0.0,0.3,0.25,0.0,0.0,0.25,0.0,0.0,0.32,0.26,0.32,0.33,0.26,0.29,0.29,0.3,0.34,0.28,0.29,0.3,0.31,0.29,0.26,0.33,0.29,0.15,0.0,0.0,0.13,0.34,0.12,0.0,0.0,0.0,0.0,0.22,0.32,0.35,0.37,0.35,0.33,0.36,0.36,0.29,0.34,0.37,0.34,0.0,0.0,0.33,0.4,0.4,0.35,0.4,0.37,0.35,0.0,0.38,0.39,0.37,0.4,0.4,0.34,0.39
5782,0.0,0.05,0.05,0.0,0.0,0.03,0.0,0.0,0.03,0.03,0.04,0.03,0.0,0.02,0.02,0.02,0.04,0.02,0.02,0.02,0.03,0.02,0.0,0.04,0.02,0.05,0.0,0.0,0.03,0.05,0.05,0.0,0.0,0.0,0.0,0.01,0.04,0.04,0.04,0.04,0.04,0.04,0.04,0.04,0.04,0.04,0.04,0.0,0.0,0.04,0.05,0.05,0.05,0.05,0.04,0.05,0.0,0.05,0.05,0.05,0.05,0.05,0.03,0.05
5783,0.0,0.0,0.0,0.0,0.0,0.0,0.0,0.0,0.0,0.0,0.0,0.0,0.0,0.0,0.0,0.0,0.0,0.0,0.0,0.0,0.0,0.0,0.0,0.0,0.0,0.0,0.0,0.0,0.0,0.0,0.0,0.0,0.0,0.0,0.0,0.0,0.0,0.0,0.0,0.0,0.0,0.0,0.0,0.0,0.0,0.0,0.0,0.0,0.0,0.0,0.0,0.0,0.0,0.0,0.0,0.0,0.0,0.0,0.0,0.0,0.0,0.0,0.0,0.0
5784,0.0,0.0,0.0,0.0,0.0,0.0,0.0,0.0,0.0,0.0,0.0,0.0,0.0,0.0,0.0,0.0,0.0,0.0,0.0,0.0,0.0,0.0,0.0,0.0,0.0,0.0,0.0,0.0,0.0,0.0,0.0,0.0,0.0,0.0,0.0,0.0,0.0,0.0,0.0,0.0,0.0,0.0,0.0,0.0,0.0,0.0,0.0,0.0,0.0,0.0,0.0,0.0,0.0,0.0,0.0,0.0,0.0,0.0,0.0,0.0,0.0,0.0,0.0,0.0
5785,0.0,0.0,0.0,0.0,0.0,0.0,0.0,0.0,0.0,0.0,0.0,0.0,0.0,0.0,0.0,0.0,0.0,0.0,0.0,0.0,0.0,0.0,0.0,0.0,0.0,0.0,0.0,0.0,0.0,0.0,0.0,0.0,0.0,0.0,0.0,0.0,0.0,0.0,0.0,0.0,0.0,0.0,0.0,0.0,0.0,0.0,0.0,0.0,0.0,0.0,0.0,0.0,0.0,0.0,0.0,0.0,0.0,0.0,0.0,0.0,0.0,0.0,0.0,0.0
5786,0.0,0.0,0.0,0.0,0.0,0.0,0.0,0.0,0.0,0.0,0.0,0.0,0.0,0.0,0.0,0.0,0.0,0.0,0.0,0.0,0.0,0.0,0.0,0.0,0.0,0.0,0.0,0.0,0.0,0.0,0.0,0.0,0.0,0.0,0.0,0.0,0.0,0.0,0.0,0.0,0.0,0.0,0.0,0.0,0.0,0.0,0.0,0.0,0.0,0.0,0.0,0.0,0.0,0.0,0.0,0.0,0.0,0.0,0.0,0.0,0.0,0.0,0.0,0.0
5787,0.0,0.0,0.0,0.0,0.0,0.0,0.0,0.0,0.0,0.0,0.0,0.0,0.0,0.0,0.0,0.0,0.0,0.0,0.0,0.0,0.0,0.0,0.0,0.0,0.0,0.0,0.0,0.0,0.0,0.0,0.0,0.0,0.0,0.0,0.0,0.0,0.0,0.0,0.0,0.0,0.0,0.0,0.0,0.0,0.0,0.0,0.0,0.0,0.0,0.0,0.0,0.0,0.0,0.0,0.0,0.0,0.0,0.0,0.0,0.0,0.0,0.0,0.0,0.0
5788,0.0,0.0,0.0,0.0,0.0,0.0,0.0,0.0,0.0,0.0,0.0,0.0,0.0,0.0,0.0,0.0,0.0,0.0,0.0,0.0,0.0,0.0,0.0,0.0,0.0,0.0,0.0,0.0,0.0,0.0,0.0,0.0,0.0,0.0,0.0,0.0,0.0,0.0,0.0,0.0,0.0,0.0,0.0,0.0,0.0,0.0,0.0,0.0,0.0,0.0,0.0,0.0,0.0,0.0,0.0,0.0,0.0,0.0,0.0,0.0,0.0,0.0,0.0,0.0
5789,0.0,0.0,0.0,0.0,0.0,0.0,0.0,0.0,0.0,0.0,0.0,0.0,0.0,0.0,0.0,0.0,0.0,0.0,0.0,0.0,0.0,0.0,0.0,0.0,0.0,0.0,0.0,0.0,0.0,0.0,0.0,0.0,0.0,0.0,0.0,0.0,0.0,0.0,0.0,0.0,0.0,0.0,0.0,0.0,0.0,0.0,0.0,0.0,0.0,0.0,0.0,0.0,0.0,0.0,0.0,0.0,0.0,0.0,0.0,0.0,0.0,0.0,0.0,0.0
5790,0.0,0.0,0.0,0.0,0.0,0.0,0.0,0.0,0.0,0.0,0.0,0.0,0.0,0.0,0.0,0.0,0.0,0.0,0.0,0.0,0.0,0.0,0.0,0.0,0.0,0.0,0.0,0.0,0.0,0.0,0.0,0.0,0.0,0.0,0.0,0.0,0.0,0.0,0.0,0.0,0.0,0.0,0.0,0.0,0.0,0.0,0.0,0.0,0.0,0.0,0.0,0.0,0.0,0.0,0.0,0.0,0.0,0.0,0.0,0.0,0.0,0.0,0.0,0.0
5791,0.0,0.0,0.0,0.0,0.0,0.0,0.0,0.0,0.0,0.0,0.0,0.0,0.0,0.0,0.0,0.0,0.0,0.0,0.0,0.0,0.0,0.0,0.0,0.0,0.0,0.0,0.0,0.0,0.0,0.0,0.0,0.0,0.0,0.0,0.0,0.0,0.0,0.0,0.0,0.0,0.0,0.0,0.0,0.0,0.0,0.0,0.0,0.0,0.0,0.0,0.0,0.0,0.0,0.0,0.0,0.0,0.0,0.0,0.0,0.0,0.0,0.0,0.0,0.0
5792,0.0,0.0,0.0,0.0,0.0,0.0,0.0,0.0,0.0,0.0,0.0,0.0,0.0,0.0,0.0,0.0,0.0,0.0,0.0,0.0,0.0,0.0,0.0,0.0,0.0,0.0,0.0,0.0,0.0,0.0,0.0,0.0,0.0,0.0,0.0,0.0,0.0,0.0,0.0,0.0,0.0,0.0,0.0,0.0,0.0,0.0,0.0,0.0,0.0,0.0,0.0,0.0,0.0,0.0,0.0,0.0,0.0,0.0,0.0,0.0,0.0,0.0,0.0,0.0
5793,0.0,0.0,0.0,0.0,0.0,0.0,0.0,0.0,0.0,0.0,0.0,0.0,0.0,0.0,0.0,0.0,0.0,0.0,0.0,0.0,0.0,0.0,0.0,0.0,0.0,0.0,0.0,0.0,0.0,0.0,0.0,0.0,0.0,0.0,0.0,0.0,0.0,0.0,0.0,0.0,0.0,0.0,0.0,0.0,0.0,0.0,0.0,0.0,0.0,0.0,0.0,0.0,0.0,0.0,0.0,0.0,0.0,0.0,0.0,0.0,0.0,0.0,0.0,0.0
5794,0.0,0.01,0.0,0.0,0.0,0.01,0.0,0.0,0.13,0.13,0.12,0.13,0.18,0.15,0.15,0.15,0.12,0.17,0.16,0.14,0.15,0.15,0.18,0.12,0.02,0.08,0.0,0.0,0.08,0.08,0.08,0.0,0.0,0.0,0.0,0.09,0.1,0.12,0.1,0.12,0.11,0.1,0.1,0.11,0.11,0.1,0.02,0.0,0.0,0.01,0.08,0.08,0.1,0.08,0.1,0.08,0.0,0.09,0.08,0.09,0.08,0.08,0.08,0.08
5795,0.0,0.03,0.05,0.0,0.0,0.05,0.0,0.0,0.52,0.56,0.51,0.53,0.58,0.54,0.54,0.54,0.52,0.49,0.48,0.54,0.42,0.55,0.57,0.5,0.14,0.45,0.0,0.0,0.46,0.43,0.45,0.0,0.0,0.0,0.0,0.46,0.49,0.51,0.48,0.52,0.5,0.48,0.48,0.49,0.5,0.47,0.07,0.0,0.0,0.11,0.45,0.45,0.47,0.45,0.48,0.44,0.0,0.46,0.45,0.46,0.43,0.44,0.46,0.44
5796,0.0,0.62,0.64,0.0,0.0,0.62,0.0,0.0,0.65,0.71,0.64,0.68,0.67,0.66,0.65,0.66,0.68,0.66,0.65,0.65,0.63,0.66,0.65,0.64,0.64,0.64,0.0,0.0,0.65,0.61,0.64,0.0,0.0,0.0,0.0,0.64,0.65,0.65,0.64,0.67,0.64,0.65,0.64,0.65,0.63,0.65,0.1,0.0,0.0,0.12,0.62,0.63,0.63,0.55,0.65,0.63,0.0,0.6,0.61,0.63,0.63,0.6,0.65,0.62
5797,0.0,0.69,0.7,0.0,0.0,0.67,0.0,0.0,0.68,0.76,0.68,0.73,0.7,0.7,0.69,0.7,0.72,0.68,0.7,0.7,0.72,0.7,0.69,0.67,0.67,0.69,0.0,0.0,0.71,0.69,0.69,0.0,0.0,0.0,0.0,0.68,0.66,0.7,0.7,0.73,0.68,0.7,0.7,0.69,0.66,0.71,0.68,0.0,0.0,0.67,0.7,0.71,0.69,0.68,0.7,0.68,0.0,0.68,0.7,0.68,0.71,0.7,0.72,0.7
5798,0.0,0.72,0.72,0.0,0.0,0.7,0.0,0.0,0.7,0.78,0.68,0.76,0.73,0.72,0.71,0.71,0.73,0.75,0.76,0.71,0.74,0.72,0.72,0.68,0.7,0.7,0.0,0.0,0.73,0.72,0.7,0.0,0.0,0.0,0.0,0.71,0.68,0.73,0.72,0.74,0.71,0.72,0.73,0.71,0.67,0.72,0.7,0.0,0.0,0.7,0.72,0.74,0.71,0.72,0.71,0.7,0.0,0.71,0.73,0.7,0.74,0.73,0.74,0.74
5799,0.0,0.72,0.73,0.0,0.0,0.72,0.0,0.0,0.72,0.8,0.69,0.73,0.74,0.73,0.74,0.73,0.74,0.76,0.77,0.73,0.76,0.73,0.75,0.7,0.72,0.69,0.0,0.0,0.74,0.72,0.72,0.0,0.0,0.0,0.0,0.72,0.7,0.75,0.73,0.75,0.72,0.73,0.73,0.72,0.7,0.73,0.71,0.0,0.0,0.72,0.73,0.74,0.72,0.73,0.74,0.7,0.0,0.72,0.73,0.73,0.75,0.74,0.75,0.75
5800,0.0,0.71,0.72,0.0,0.0,0.74,0.0,0.0,0.71,0.79,0.7,0.74,0.74,0.7,0.72,0.72,0.74,0.77,0.77,0.7,0.76,0.68,0.76,0.71,0.73,0.69,0.0,0.0,0.73,0.71,0.71,0.0,0.0,0.0,0.0,0.7,0.71,0.73,0.73,0.72,0.73,0.73,0.73,0.72,0.72,0.73,0.72,0.0,0.0,0.73,0.74,0.74,0.7,0.74,0.75,0.7,0.0,0.7,0.74,0.74,0.74,0.74,0.74,0.75
5801,0.0,0.7,0.71,0.0,0.0,0.74,0.0,0.0,0.72,0.78,0.7,0.75,0.73,0.7,0.71,0.68,0.74,0.75,0.76,0.71,0.76,0.7,0.74,0.69,0.75,0.7,0.0,0.0,0.71,0.7,0.7,0.0,0.0,0.0,0.0,0.68,0.69,0.7,0.7,0.7,0.7,0.7,0.7,0.71,0.68,0.71,0.74,0.0,0.0,0.74,0.73,0.71,0.71,0.74,0.74,0.69,0.0,0.72,0.74,0.73,0.73,0.74,0.72,0.74
5802,0.0,0.68,0.68,0.0,0.0,0.72,0.0,0.0,0.7,0.75,0.7,0.74,0.72,0.69,0.7,0.68,0.72,0.73,0.74,0.69,0.73,0.7,0.73,0.7,0.65,0.69,0.0,0.0,0.68,0.69,0.68,0.0,0.0,0.0,0.0,0.66,0.69,0.7,0.7,0.68,0.71,0.69,0.69,0.71,0.69,0.71,0.72,0.0,0.0,0.72,0.72,0.71,0.68,0.72,0.72,0.68,0.0,0.71,0.72,0.71,0.71,0.72,0.69,0.72
5803,0.0,0.65,0.66,0.0,0.0,0.69,0.0,0.0,0.66,0.72,0.67,0.7,0.68,0.66,0.02,0.65,0.68,0.69,0.7,0.66,0.66,0.67,0.69,0.68,0.69,0.67,0.0,0.0,0.66,0.66,0.66,0.0,0.0,0.0,0.0,0.66,0.66,0.68,0.67,0.66,0.68,0.67,0.66,0.69,0.67,0.68,0.69,0.0,0.0,0.69,0.7,0.68,0.67,0.69,0.69,0.66,0.0,0.68,0.7,0.66,0.69,0.7,0.69,0.69
5804,0.0,0.64,0.64,0.0,0.0,0.66,0.0,0.0,0.63,0.66,0.63,0.66,0.63,0.62,0.64,0.64,0.64,0.65,0.65,0.63,0.65,0.62,0.64,0.65,0.66,0.65,0.0,0.0,0.64,0.64,0.64,0.0,0.0,0.0,0.0,0.63,0.63,0.66,0.63,0.63,0.66,0.63,0.63,0.65,0.65,0.65,0.66,0.0,0.0,0.66,0.66,0.65,0.66,0.66,0.65,0.63,0.0,0.66,0.66,0.63,0.66,0.66,0.64,0.66
5805,0.0,0.36,0.37,0.0,0.0,0.33,0.0,0.0,0.29,0.3,0.3,0.3,0.24,0.26,0.27,0.27,0.31,0.26,0.27,0.27,0.27,0.26,0.24,0.31,0.3,0.36,0.0,0.0,0.35,0.36,0.35,0.0,0.0,0.0,0.0,0.32,0.32,0.32,0.34,0.32,0.34,0.34,0.33,0.32,0.32,0.34,0.33,0.0,0.0,0.33,0.37,0.37,0.35,0.36,0.34,0.35,0.0,0.36,0.36,0.34,0.36,0.37,0.36,0.36
5806,0.0,0.05,0.05,0.0,0.0,0.03,0.0,0.0,0.01,0.01,0.02,0.0,0.0,0.0,0.0,0.0,0.02,0.0,0.0,0.0,0.01,0.0,0.0,0.02,0.0,0.05,0.0,0.0,0.05,0.05,0.05,0.0,0.0,0.0,0.0,0.04,0.03,0.03,0.04,0.03,0.03,0.04,0.04,0.02,0.02,0.04,0.03,0.0,0.0,0.03,0.05,0.05,0.04,0.05,0.04,0.05,0.0,0.05,0.05,0.05,0.05,0.05,0.05,0.05
5807,0.0,0.0,0.0,0.0,0.0,0.0,0.0,0.0,0.0,0.0,0.0,0.0,0.0,0.0,0.0,0.0,0.0,0.0,0.0,0.0,0.0,0.0,0.0,0.0,0.0,0.0,0.0,0.0,0.0,0.0,0.0,0.0,0.0,0.0,0.0,0.0,0.0,0.0,0.0,0.0,0.0,0.0,0.0,0.0,0.0,0.0,0.0,0.0,0.0,0.0,0.0,0.0,0.0,0.0,0.0,0.0,0.0,0.0,0.0,0.0,0.0,0.0,0.0,0.0
5808,0.0,0.0,0.0,0.0,0.0,0.0,0.0,0.0,0.0,0.0,0.0,0.0,0.0,0.0,0.0,0.0,0.0,0.0,0.0,0.0,0.0,0.0,0.0,0.0,0.0,0.0,0.0,0.0,0.0,0.0,0.0,0.0,0.0,0.0,0.0,0.0,0.0,0.0,0.0,0.0,0.0,0.0,0.0,0.0,0.0,0.0,0.0,0.0,0.0,0.0,0.0,0.0,0.0,0.0,0.0,0.0,0.0,0.0,0.0,0.0,0.0,0.0,0.0,0.0
5809,0.0,0.0,0.0,0.0,0.0,0.0,0.0,0.0,0.0,0.0,0.0,0.0,0.0,0.0,0.0,0.0,0.0,0.0,0.0,0.0,0.0,0.0,0.0,0.0,0.0,0.0,0.0,0.0,0.0,0.0,0.0,0.0,0.0,0.0,0.0,0.0,0.0,0.0,0.0,0.0,0.0,0.0,0.0,0.0,0.0,0.0,0.0,0.0,0.0,0.0,0.0,0.0,0.0,0.0,0.0,0.0,0.0,0.0,0.0,0.0,0.0,0.0,0.0,0.0
5810,0.0,0.0,0.0,0.0,0.0,0.0,0.0,0.0,0.0,0.0,0.0,0.0,0.0,0.0,0.0,0.0,0.0,0.0,0.0,0.0,0.0,0.0,0.0,0.0,0.0,0.0,0.0,0.0,0.0,0.0,0.0,0.0,0.0,0.0,0.0,0.0,0.0,0.0,0.0,0.0,0.0,0.0,0.0,0.0,0.0,0.0,0.0,0.0,0.0,0.0,0.0,0.0,0.0,0.0,0.0,0.0,0.0,0.0,0.0,0.0,0.0,0.0,0.0,0.0
5811,0.0,0.0,0.0,0.0,0.0,0.0,0.0,0.0,0.0,0.0,0.0,0.0,0.0,0.0,0.0,0.0,0.0,0.0,0.0,0.0,0.0,0.0,0.0,0.0,0.0,0.0,0.0,0.0,0.0,0.0,0.0,0.0,0.0,0.0,0.0,0.0,0.0,0.0,0.0,0.0,0.0,0.0,0.0,0.0,0.0,0.0,0.0,0.0,0.0,0.0,0.0,0.0,0.0,0.0,0.0,0.0,0.0,0.0,0.0,0.0,0.0,0.0,0.0,0.0
5812,0.0,0.0,0.0,0.0,0.0,0.0,0.0,0.0,0.0,0.0,0.0,0.0,0.0,0.0,0.0,0.0,0.0,0.0,0.0,0.0,0.0,0.0,0.0,0.0,0.0,0.0,0.0,0.0,0.0,0.0,0.0,0.0,0.0,0.0,0.0,0.0,0.0,0.0,0.0,0.0,0.0,0.0,0.0,0.0,0.0,0.0,0.0,0.0,0.0,0.0,0.0,0.0,0.0,0.0,0.0,0.0,0.0,0.0,0.0,0.0,0.0,0.0,0.0,0.0
5813,0.0,0.0,0.0,0.0,0.0,0.0,0.0,0.0,0.0,0.0,0.0,0.0,0.0,0.0,0.0,0.0,0.0,0.0,0.0,0.0,0.0,0.0,0.0,0.0,0.0,0.0,0.0,0.0,0.0,0.0,0.0,0.0,0.0,0.0,0.0,0.0,0.0,0.0,0.0,0.0,0.0,0.0,0.0,0.0,0.0,0.0,0.0,0.0,0.0,0.0,0.0,0.0,0.0,0.0,0.0,0.0,0.0,0.0,0.0,0.0,0.0,0.0,0.0,0.0
5814,0.0,0.0,0.0,0.0,0.0,0.0,0.0,0.0,0.0,0.0,0.0,0.0,0.0,0.0,0.0,0.0,0.0,0.0,0.0,0.0,0.0,0.0,0.0,0.0,0.0,0.0,0.0,0.0,0.0,0.0,0.0,0.0,0.0,0.0,0.0,0.0,0.0,0.0,0.0,0.0,0.0,0.0,0.0,0.0,0.0,0.0,0.0,0.0,0.0,0.0,0.0,0.0,0.0,0.0,0.0,0.0,0.0,0.0,0.0,0.0,0.0,0.0,0.0,0.0
5815,0.0,0.0,0.0,0.0,0.0,0.0,0.0,0.0,0.0,0.0,0.0,0.0,0.0,0.0,0.0,0.0,0.0,0.0,0.0,0.0,0.0,0.0,0.0,0.0,0.0,0.0,0.0,0.0,0.0,0.0,0.0,0.0,0.0,0.0,0.0,0.0,0.0,0.0,0.0,0.0,0.0,0.0,0.0,0.0,0.0,0.0,0.0,0.0,0.0,0.0,0.0,0.0,0.0,0.0,0.0,0.0,0.0,0.0,0.0,0.0,0.0,0.0,0.0,0.0
5816,0.0,0.0,0.0,0.0,0.0,0.0,0.0,0.0,0.0,0.0,0.0,0.0,0.0,0.0,0.0,0.0,0.0,0.0,0.0,0.0,0.0,0.0,0.0,0.0,0.0,0.0,0.0,0.0,0.0,0.0,0.0,0.0,0.0,0.0,0.0,0.0,0.0,0.0,0.0,0.0,0.0,0.0,0.0,0.0,0.0,0.0,0.0,0.0,0.0,0.0,0.0,0.0,0.0,0.0,0.0,0.0,0.0,0.0,0.0,0.0,0.0,0.0,0.0,0.0
5817,0.0,0.0,0.0,0.0,0.0,0.0,0.0,0.0,0.0,0.0,0.0,0.0,0.0,0.0,0.0,0.0,0.0,0.0,0.0,0.0,0.0,0.0,0.0,0.0,0.0,0.0,0.0,0.0,0.0,0.0,0.0,0.0,0.0,0.0,0.0,0.0,0.0,0.0,0.0,0.0,0.0,0.0,0.0,0.0,0.0,0.0,0.0,0.0,0.0,0.0,0.0,0.0,0.0,0.0,0.0,0.0,0.0,0.0,0.0,0.0,0.0,0.0,0.0,0.0
5818,0.0,0.08,0.07,0.0,0.0,0.09,0.0,0.0,0.0,0.0,0.0,0.0,0.01,0.0,0.0,0.0,0.0,0.0,0.0,0.0,0.0,0.0,0.04,0.0,0.12,0.08,0.0,0.0,0.08,0.08,0.08,0.0,0.0,0.0,0.0,0.09,0.11,0.11,0.09,0.02,0.02,0.09,0.09,0.01,0.0,0.1,0.09,0.0,0.0,0.1,0.08,0.08,0.0,0.08,0.0,0.08,0.0,0.08,0.08,0.09,0.08,0.08,0.08,0.08
5819,0.0,0.43,0.43,0.0,0.0,0.45,0.0,0.0,0.07,0.02,0.49,0.03,0.54,0.0,0.05,0.01,0.49,0.02,0.02,0.0,0.04,0.01,0.15,0.01,0.5,0.44,0.0,0.0,0.44,0.44,0.44,0.0,0.0,0.0,0.0,0.46,0.47,0.49,0.47,0.49,0.48,0.47,0.47,0.47,0.48,0.47,0.45,0.0,0.0,0.46,0.46,0.45,0.46,0.45,0.48,0.43,0.0,0.45,0.45,0.46,0.45,0.46,0.45,0.46
5820,0.0,0.66,0.66,0.0,0.0,0.65,0.0,0.0,0.68,0.04,0.67,0.68,0.27,0.01,0.0,0.01,0.67,0.03,0.02,0.67,0.03,0.01,0.03,0.67,0.67,0.66,0.0,0.0,0.66,0.66,0.67,0.0,0.0,0.0,0.0,0.67,0.66,0.67,0.67,0.68,0.68,0.68,0.68,0.66,0.66,0.68,0.65,0.0,0.0,0.65,0.69,0.68,0.68,0.69,0.7,0.67,0.0,0.67,0.68,0.68,0.68,0.69,0.68,0.69
5821,0.0,0.72,0.72,0.0,0.0,0.72,0.0,0.0,0.73,0.09,0.73,0.75,0.02,0.27,0.73,0.73,0.73,0.02,0.31,0.73,0.04,0.14,0.06,0.72,0.72,0.73,0.0,0.0,0.72,0.72,0.72,0.0,0.0,0.0,0.0,0.72,0.72,0.73,0.74,0.74,0.73,0.74,0.73,0.72,0.72,0.74,0.72,0.0,0.0,0.72,0.76,0.74,0.75,0.76,0.75,0.73,0.0,0.74,0.75,0.74,0.75,0.76,0.74,0.76
5822,0.0,0.72,0.72,0.0,0.0,0.72,0.0,0.0,0.73,0.01,0.73,0.75,0.02,0.74,0.73,0.73,0.73,0.31,0.61,0.73,0.34,0.74,0.03,0.73,0.72,0.73,0.0,0.0,0.73,0.72,0.73,0.0,0.0,0.0,0.0,0.73,0.73,0.74,0.74,0.75,0.74,0.74,0.73,0.72,0.73,0.75,0.72,0.0,0.0,0.72,0.76,0.75,0.75,0.76,0.76,0.73,0.0,0.74,0.76,0.74,0.75,0.77,0.74,0.76
5823,0.0,0.73,0.74,0.0,0.0,0.74,0.0,0.0,0.74,0.03,0.74,0.77,0.75,0.76,0.75,0.75,0.75,0.48,0.53,0.75,0.76,0.76,0.69,0.74,0.74,0.75,0.0,0.0,0.74,0.74,0.74,0.0,0.0,0.0,0.0,0.74,0.74,0.76,0.76,0.76,0.76,0.75,0.75,0.74,0.74,0.76,0.73,0.0,0.0,0.73,0.78,0.76,0.76,0.78,0.77,0.75,0.0,0.77,0.77,0.76,0.77,0.79,0.76,0.78
5824,0.0,0.74,0.75,0.0,0.0,0.74,0.0,0.0,0.75,0.35,0.75,0.78,0.76,0.77,0.77,0.77,0.76,0.78,0.78,0.77,0.76,0.77,0.76,0.75,0.75,0.76,0.0,0.0,0.75,0.74,0.75,0.0,0.0,0.0,0.0,0.75,0.75,0.76,0.76,0.77,0.77,0.76,0.76,0.74,0.75,0.77,0.74,0.0,0.0,0.74,0.79,0.78,0.78,0.78,0.78,0.75,0.0,0.77,0.77,0.77,0.78,0.78,0.77,0.78
5825,0.0,0.72,0.74,0.0,0.0,0.75,0.0,0.0,0.75,0.76,0.74,0.77,0.76,0.77,0.77,0.77,0.76,0.77,0.78,0.77,0.76,0.77,0.76,0.74,0.75,0.73,0.0,0.0,0.73,0.72,0.73,0.0,0.0,0.0,0.0,0.74,0.75,0.77,0.76,0.77,0.77,0.76,0.76,0.74,0.75,0.77,0.75,0.0,0.0,0.75,0.78,0.76,0.77,0.77,0.77,0.74,0.0,0.77,0.76,0.76,0.77,0.77,0.76,0.76
5826,0.0,0.72,0.73,0.0,0.0,0.74,0.0,0.0,0.74,0.74,0.73,0.76,0.75,0.76,0.76,0.76,0.75,0.75,0.76,0.76,0.75,0.76,0.75,0.73,0.74,0.71,0.0,0.0,0.71,0.71,0.7,0.0,0.0,0.0,0.0,0.68,0.73,0.76,0.73,0.76,0.75,0.71,0.74,0.7,0.74,0.74,0.74,0.0,0.0,0.74,0.76,0.75,0.75,0.76,0.75,0.72,0.0,0.75,0.75,0.74,0.72,0.76,0.72,0.75
5827,0.0,0.68,0.68,0.0,0.0,0.7,0.0,0.0,0.71,0.7,0.7,0.73,0.72,0.73,0.72,0.72,0.72,0.72,0.73,0.72,0.71,0.72,0.71,0.57,0.71,0.69,0.0,0.0,0.68,0.68,0.7,0.0,0.0,0.0,0.0,0.7,0.65,0.72,0.71,0.73,0.72,0.7,0.7,0.64,0.6,0.72,0.7,0.0,0.0,0.71,0.73,0.72,0.72,0.71,0.72,0.69,0.0,0.71,0.7,0.14,0.66,0.73,0.72,0.68
5828,0.0,0.63,0.63,0.0,0.0,0.6,0.0,0.0,0.5,0.58,0.52,0.61,0.59,0.62,0.61,0.59,0.61,0.61,0.61,0.6,0.59,0.61,0.59,0.45,0.6,0.59,0.0,0.0,0.56,0.63,0.62,0.0,0.0,0.0,0.0,0.62,0.53,0.57,0.62,0.58,0.62,0.62,0.62,0.57,0.44,0.63,0.6,0.0,0.0,0.6,0.62,0.37,0.61,0.61,0.6,0.17,0.0,0.61,0.62,0.6,0.62,0.62,0.38,0.62
5829,0.0,0.33,0.33,0.0,0.0,0.3,0.0,0.0,0.26,0.24,0.27,0.27,0.16,0.21,0.19,0.2,0.28,0.23,0.24,0.24,0.25,0.2,0.22,0.22,0.27,0.18,0.0,0.0,0.15,0.28,0.19,0.0,0.0,0.0,0.0,0.19,0.22,0.28,0.19,0.29,0.29,0.19,0.18,0.27,0.26,0.19,0.3,0.0,0.0,0.29,0.33,0.34,0.31,0.3,0.3,0.06,0.0,0.3,0.32,0.26,0.33,0.33,0.2,0.33
5830,0.0,0.03,0.03,0.0,0.0,0.01,0.0,0.0,0.0,0.0,0.0,0.0,0.0,0.0,0.0,0.0,0.0,0.0,0.0,0.0,0.0,0.0,0.0,0.0,0.0,0.03,0.0,0.0,0.03,0.03,0.03,0.0,0.0,0.0,0.0,0.01,0.0,0.0,0.02,0.0,0.01,0.01,0.02,0.0,0.0,0.02,0.01,0.0,0.0,0.01,0.0,0.03,0.0,0.0,0.01,0.04,0.0,0.0,0.0,0.0,0.03,0.0,0.03,0.01
5831,0.0,0.0,0.0,0.0,0.0,0.0,0.0,0.0,0.0,0.0,0.0,0.0,0.0,0.0,0.0,0.0,0.0,0.0,0.0,0.0,0.0,0.0,0.0,0.0,0.0,0.0,0.0,0.0,0.0,0.0,0.0,0.0,0.0,0.0,0.0,0.0,0.0,0.0,0.0,0.0,0.0,0.0,0.0,0.0,0.0,0.0,0.0,0.0,0.0,0.0,0.0,0.0,0.0,0.0,0.0,0.0,0.0,0.0,0.0,0.0,0.0,0.0,0.0,0.0
5832,0.0,0.0,0.0,0.0,0.0,0.0,0.0,0.0,0.0,0.0,0.0,0.0,0.0,0.0,0.0,0.0,0.0,0.0,0.0,0.0,0.0,0.0,0.0,0.0,0.0,0.0,0.0,0.0,0.0,0.0,0.0,0.0,0.0,0.0,0.0,0.0,0.0,0.0,0.0,0.0,0.0,0.0,0.0,0.0,0.0,0.0,0.0,0.0,0.0,0.0,0.0,0.0,0.0,0.0,0.0,0.0,0.0,0.0,0.0,0.0,0.0,0.0,0.0,0.0
5833,0.0,0.0,0.0,0.0,0.0,0.0,0.0,0.0,0.0,0.0,0.0,0.0,0.0,0.0,0.0,0.0,0.0,0.0,0.0,0.0,0.0,0.0,0.0,0.0,0.0,0.0,0.0,0.0,0.0,0.0,0.0,0.0,0.0,0.0,0.0,0.0,0.0,0.0,0.0,0.0,0.0,0.0,0.0,0.0,0.0,0.0,0.0,0.0,0.0,0.0,0.0,0.0,0.0,0.0,0.0,0.0,0.0,0.0,0.0,0.0,0.0,0.0,0.0,0.0
5834,0.0,0.0,0.0,0.0,0.0,0.0,0.0,0.0,0.0,0.0,0.0,0.0,0.0,0.0,0.0,0.0,0.0,0.0,0.0,0.0,0.0,0.0,0.0,0.0,0.0,0.0,0.0,0.0,0.0,0.0,0.0,0.0,0.0,0.0,0.0,0.0,0.0,0.0,0.0,0.0,0.0,0.0,0.0,0.0,0.0,0.0,0.0,0.0,0.0,0.0,0.0,0.0,0.0,0.0,0.0,0.0,0.0,0.0,0.0,0.0,0.0,0.0,0.0,0.0
5835,0.0,0.0,0.0,0.0,0.0,0.0,0.0,0.0,0.0,0.0,0.0,0.0,0.0,0.0,0.0,0.0,0.0,0.0,0.0,0.0,0.0,0.0,0.0,0.0,0.0,0.0,0.0,0.0,0.0,0.0,0.0,0.0,0.0,0.0,0.0,0.0,0.0,0.0,0.0,0.0,0.0,0.0,0.0,0.0,0.0,0.0,0.0,0.0,0.0,0.0,0.0,0.0,0.0,0.0,0.0,0.0,0.0,0.0,0.0,0.0,0.0,0.0,0.0,0.0
5836,0.0,0.0,0.0,0.0,0.0,0.0,0.0,0.0,0.0,0.0,0.0,0.0,0.0,0.0,0.0,0.0,0.0,0.0,0.0,0.0,0.0,0.0,0.0,0.0,0.0,0.0,0.0,0.0,0.0,0.0,0.0,0.0,0.0,0.0,0.0,0.0,0.0,0.0,0.0,0.0,0.0,0.0,0.0,0.0,0.0,0.0,0.0,0.0,0.0,0.0,0.0,0.0,0.0,0.0,0.0,0.0,0.0,0.0,0.0,0.0,0.0,0.0,0.0,0.0
5837,0.0,0.0,0.0,0.0,0.0,0.0,0.0,0.0,0.0,0.0,0.0,0.0,0.0,0.0,0.0,0.0,0.0,0.0,0.0,0.0,0.0,0.0,0.0,0.0,0.0,0.0,0.0,0.0,0.0,0.0,0.0,0.0,0.0,0.0,0.0,0.0,0.0,0.0,0.0,0.0,0.0,0.0,0.0,0.0,0.0,0.0,0.0,0.0,0.0,0.0,0.0,0.0,0.0,0.0,0.0,0.0,0.0,0.0,0.0,0.0,0.0,0.0,0.0,0.0
5838,0.0,0.0,0.0,0.0,0.0,0.0,0.0,0.0,0.0,0.0,0.0,0.0,0.0,0.0,0.0,0.0,0.0,0.0,0.0,0.0,0.0,0.0,0.0,0.0,0.0,0.0,0.0,0.0,0.0,0.0,0.0,0.0,0.0,0.0,0.0,0.0,0.0,0.0,0.0,0.0,0.0,0.0,0.0,0.0,0.0,0.0,0.0,0.0,0.0,0.0,0.0,0.0,0.0,0.0,0.0,0.0,0.0,0.0,0.0,0.0,0.0,0.0,0.0,0.0
5839,0.0,0.0,0.0,0.0,0.0,0.0,0.0,0.0,0.0,0.0,0.0,0.0,0.0,0.0,0.0,0.0,0.0,0.0,0.0,0.0,0.0,0.0,0.0,0.0,0.0,0.0,0.0,0.0,0.0,0.0,0.0,0.0,0.0,0.0,0.0,0.0,0.0,0.0,0.0,0.0,0.0,0.0,0.0,0.0,0.0,0.0,0.0,0.0,0.0,0.0,0.0,0.0,0.0,0.0,0.0,0.0,0.0,0.0,0.0,0.0,0.0,0.0,0.0,0.0
5840,0.0,0.0,0.0,0.0,0.0,0.0,0.0,0.0,0.0,0.0,0.0,0.0,0.0,0.0,0.0,0.0,0.0,0.0,0.0,0.0,0.0,0.0,0.0,0.0,0.0,0.0,0.0,0.0,0.0,0.0,0.0,0.0,0.0,0.0,0.0,0.0,0.0,0.0,0.0,0.0,0.0,0.0,0.0,0.0,0.0,0.0,0.0,0.0,0.0,0.0,0.0,0.0,0.0,0.0,0.0,0.0,0.0,0.0,0.0,0.0,0.0,0.0,0.0,0.0
5841,0.0,0.0,0.0,0.0,0.0,0.0,0.0,0.0,0.0,0.0,0.0,0.0,0.0,0.0,0.0,0.0,0.0,0.0,0.0,0.0,0.0,0.0,0.0,0.0,0.0,0.0,0.0,0.0,0.0,0.0,0.0,0.0,0.0,0.0,0.0,0.0,0.0,0.0,0.0,0.0,0.0,0.0,0.0,0.0,0.0,0.0,0.0,0.0,0.0,0.0,0.0,0.0,0.0,0.0,0.0,0.0,0.0,0.0,0.0,0.0,0.0,0.0,0.0,0.0
5842,0.0,0.08,0.07,0.0,0.0,0.02,0.0,0.0,0.01,0.16,0.11,0.02,0.0,0.01,0.01,0.01,0.0,0.0,0.0,0.01,0.01,0.02,0.01,0.1,0.02,0.08,0.0,0.0,0.08,0.08,0.08,0.0,0.0,0.0,0.0,0.04,0.1,0.1,0.09,0.0,0.1,0.09,0.09,0.1,0.1,0.09,0.02,0.0,0.0,0.02,0.0,0.0,0.0,0.0,0.0,0.08,0.0,0.01,0.0,0.0,0.0,0.0,0.08,0.0
5843,0.0,0.42,0.41,0.0,0.0,0.12,0.0,0.0,0.04,0.62,0.47,0.05,0.02,0.02,0.03,0.03,0.01,0.04,0.09,0.02,0.58,0.02,0.0,0.46,0.34,0.42,0.0,0.0,0.42,0.42,0.42,0.0,0.0,0.0,0.0,0.44,0.45,0.04,0.44,0.01,0.47,0.44,0.25,0.46,0.46,0.1,0.14,0.0,0.0,0.12,0.03,0.03,0.02,0.02,0.03,0.49,0.0,0.05,0.02,0.4,0.02,0.02,0.06,0.02
5844,0.0,0.6,0.61,0.0,0.0,0.5,0.0,0.0,0.03,0.77,0.05,0.02,0.07,0.04,0.05,0.03,0.0,0.12,0.06,0.03,0.75,0.07,0.02,0.59,0.63,0.62,0.0,0.0,0.62,0.6,0.61,0.0,0.0,0.0,0.0,0.61,0.63,0.03,0.26,0.02,0.12,0.22,0.64,0.62,0.62,0.4,0.54,0.0,0.0,0.51,0.02,0.19,0.02,0.04,0.62,0.71,0.0,0.05,0.02,0.7,0.03,0.02,0.1,0.03
5845,0.0,0.64,0.64,0.0,0.0,0.58,0.0,0.0,0.02,0.81,0.02,0.11,0.01,0.02,0.06,0.06,0.04,0.19,0.78,0.03,0.8,0.04,0.05,0.19,0.55,0.49,0.0,0.0,0.44,0.64,0.12,0.0,0.0,0.0,0.0,0.45,0.67,0.03,0.69,0.01,0.07,0.69,0.69,0.36,0.22,0.7,0.61,0.0,0.0,0.6,0.08,0.09,0.15,0.32,0.78,0.77,0.0,0.76,0.04,0.77,0.07,0.03,0.15,0.06
5846,0.0,0.66,0.67,0.0,0.0,0.64,0.0,0.0,0.01,0.84,0.02,0.14,0.01,0.01,0.04,0.04,0.15,0.83,0.84,0.03,0.82,0.01,0.2,0.05,0.64,0.04,0.0,0.0,0.69,0.67,0.04,0.0,0.0,0.0,0.0,0.21,0.13,0.03,0.16,0.03,0.09,0.13,0.25,0.07,0.04,0.19,0.65,0.0,0.0,0.65,0.04,0.75,0.79,0.8,0.81,0.8,0.0,0.8,0.03,0.8,0.07,0.09,0.32,0.03
5847,0.0,0.69,0.7,0.0,0.0,0.65,0.0,0.0,0.03,0.82,0.06,0.79,0.07,0.01,0.03,0.02,0.3,0.83,0.83,0.02,0.82,0.01,0.46,0.04,0.66,0.01,0.0,0.0,0.18,0.69,0.03,0.0,0.0,0.0,0.0,0.15,0.1,0.04,0.19,0.05,0.06,0.12,0.4,0.04,0.03,0.45,0.66,0.0,0.0,0.65,0.79,0.21,0.79,0.8,0.8,0.79,0.0,0.8,0.77,0.8,0.03,0.8,0.58,0.06
5848,0.0,0.33,0.72,0.0,0.0,0.67,0.0,0.0,0.15,0.82,0.58,0.79,0.06,0.02,0.04,0.03,0.74,0.84,0.84,0.03,0.82,0.03,0.52,0.05,0.67,0.06,0.0,0.0,0.37,0.5,0.04,0.0,0.0,0.0,0.0,0.21,0.07,0.77,0.75,0.14,0.13,0.48,0.72,0.03,0.06,0.75,0.66,0.0,0.0,0.68,0.8,0.37,0.8,0.81,0.81,0.79,0.0,0.8,0.79,0.8,0.29,0.8,0.41,0.78
5849,0.0,0.74,0.25,0.0,0.0,0.64,0.0,0.0,0.16,0.81,0.34,0.8,0.2,0.03,0.02,0.03,0.73,0.83,0.83,0.03,0.82,0.04,0.78,0.5,0.65,0.18,0.0,0.0,0.75,0.74,0.08,0.0,0.0,0.0,0.0,0.07,0.75,0.31,0.75,0.76,0.46,0.75,0.75,0.12,0.77,0.76,0.63,0.0,0.0,0.65,0.8,0.39,0.81,0.81,0.81,0.79,0.0,0.81,0.79,0.8,0.77,0.81,0.76,0.77
5850,0.0,0.72,0.73,0.0,0.0,0.63,0.0,0.0,0.73,0.79,0.73,0.8,0.73,0.74,0.2,0.17,0.75,0.81,0.82,0.39,0.8,0.25,0.79,0.2,0.23,0.39,0.0,0.0,0.74,0.59,0.1,0.0,0.0,0.0,0.0,0.07,0.72,0.75,0.74,0.76,0.75,0.74,0.23,0.2,0.48,0.35,0.64,0.0,0.0,0.62,0.8,0.75,0.8,0.8,0.79,0.78,0.0,0.79,0.79,0.78,0.77,0.8,0.75,0.78
5851,0.0,0.7,0.69,0.0,0.0,0.57,0.0,0.0,0.06,0.75,0.71,0.78,0.16,0.08,0.1,0.06,0.73,0.77,0.78,0.14,0.76,0.08,0.75,0.58,0.08,0.31,0.0,0.0,0.72,0.69,0.12,0.0,0.0,0.0,0.0,0.04,0.19,0.71,0.72,0.73,0.72,0.72,0.26,0.71,0.7,0.73,0.61,0.0,0.0,0.57,0.78,0.73,0.78,0.78,0.77,0.75,0.0,0.77,0.77,0.76,0.75,0.78,0.73,0.76
5852,0.0,0.63,0.16,0.0,0.0,0.01,0.0,0.0,0.63,0.66,0.63,0.68,0.62,0.63,0.04,0.03,0.65,0.68,0.69,0.62,0.67,0.63,0.65,0.54,0.06,0.64,0.0,0.0,0.64,0.3,0.14,0.0,0.0,0.0,0.0,0.02,0.61,0.64,0.64,0.66,0.66,0.64,0.19,0.62,0.61,0.64,0.03,0.0,0.0,0.01,0.71,0.67,0.7,0.7,0.69,0.68,0.0,0.69,0.7,0.68,0.7,0.71,0.65,0.7
5853,0.0,0.35,0.35,0.0,0.0,0.02,0.0,0.0,0.29,0.29,0.3,0.32,0.24,0.27,0.26,0.27,0.04,0.27,0.28,0.27,0.3,0.27,0.24,0.3,0.04,0.36,0.0,0.0,0.35,0.06,0.05,0.0,0.0,0.0,0.0,0.01,0.3,0.32,0.33,0.32,0.33,0.04,0.32,0.3,0.3,0.33,0.28,0.0,0.0,0.0,0.4,0.38,0.37,0.39,0.36,0.38,0.0,0.38,0.39,0.36,0.39,0.4,0.36,0.39
5854,0.0,0.03,0.03,0.0,0.0,0.0,0.0,0.0,0.0,0.0,0.0,0.0,0.0,0.0,0.0,0.0,0.01,0.0,0.0,0.0,0.0,0.0,0.0,0.0,0.0,0.0,0.0,0.0,0.03,0.0,0.0,0.0,0.0,0.0,0.0,0.02,0.01,0.01,0.03,0.01,0.02,0.03,0.02,0.0,0.0,0.03,0.0,0.0,0.0,0.0,0.04,0.04,0.04,0.04,0.04,0.05,0.0,0.04,0.04,0.04,0.04,0.04,0.04,0.04
5855,0.0,0.0,0.0,0.0,0.0,0.0,0.0,0.0,0.0,0.0,0.0,0.0,0.0,0.0,0.0,0.0,0.0,0.0,0.0,0.0,0.0,0.0,0.0,0.0,0.0,0.0,0.0,0.0,0.0,0.0,0.0,0.0,0.0,0.0,0.0,0.0,0.0,0.0,0.0,0.0,0.0,0.0,0.0,0.0,0.0,0.0,0.0,0.0,0.0,0.0,0.0,0.0,0.0,0.0,0.0,0.0,0.0,0.0,0.0,0.0,0.0,0.0,0.0,0.0
5856,0.0,0.0,0.0,0.0,0.0,0.0,0.0,0.0,0.0,0.0,0.0,0.0,0.0,0.0,0.0,0.0,0.0,0.0,0.0,0.0,0.0,0.0,0.0,0.0,0.0,0.0,0.0,0.0,0.0,0.0,0.0,0.0,0.0,0.0,0.0,0.0,0.0,0.0,0.0,0.0,0.0,0.0,0.0,0.0,0.0,0.0,0.0,0.0,0.0,0.0,0.0,0.0,0.0,0.0,0.0,0.0,0.0,0.0,0.0,0.0,0.0,0.0,0.0,0.0
5857,0.0,0.0,0.0,0.0,0.0,0.0,0.0,0.0,0.0,0.0,0.0,0.0,0.0,0.0,0.0,0.0,0.0,0.0,0.0,0.0,0.0,0.0,0.0,0.0,0.0,0.0,0.0,0.0,0.0,0.0,0.0,0.0,0.0,0.0,0.0,0.0,0.0,0.0,0.0,0.0,0.0,0.0,0.0,0.0,0.0,0.0,0.0,0.0,0.0,0.0,0.0,0.0,0.0,0.0,0.0,0.0,0.0,0.0,0.0,0.0,0.0,0.0,0.0,0.0
5858,0.0,0.0,0.0,0.0,0.0,0.0,0.0,0.0,0.0,0.0,0.0,0.0,0.0,0.0,0.0,0.0,0.0,0.0,0.0,0.0,0.0,0.0,0.0,0.0,0.0,0.0,0.0,0.0,0.0,0.0,0.0,0.0,0.0,0.0,0.0,0.0,0.0,0.0,0.0,0.0,0.0,0.0,0.0,0.0,0.0,0.0,0.0,0.0,0.0,0.0,0.0,0.0,0.0,0.0,0.0,0.0,0.0,0.0,0.0,0.0,0.0,0.0,0.0,0.0
5859,0.0,0.0,0.0,0.0,0.0,0.0,0.0,0.0,0.0,0.0,0.0,0.0,0.0,0.0,0.0,0.0,0.0,0.0,0.0,0.0,0.0,0.0,0.0,0.0,0.0,0.0,0.0,0.0,0.0,0.0,0.0,0.0,0.0,0.0,0.0,0.0,0.0,0.0,0.0,0.0,0.0,0.0,0.0,0.0,0.0,0.0,0.0,0.0,0.0,0.0,0.0,0.0,0.0,0.0,0.0,0.0,0.0,0.0,0.0,0.0,0.0,0.0,0.0,0.0
5860,0.0,0.0,0.0,0.0,0.0,0.0,0.0,0.0,0.0,0.0,0.0,0.0,0.0,0.0,0.0,0.0,0.0,0.0,0.0,0.0,0.0,0.0,0.0,0.0,0.0,0.0,0.0,0.0,0.0,0.0,0.0,0.0,0.0,0.0,0.0,0.0,0.0,0.0,0.0,0.0,0.0,0.0,0.0,0.0,0.0,0.0,0.0,0.0,0.0,0.0,0.0,0.0,0.0,0.0,0.0,0.0,0.0,0.0,0.0,0.0,0.0,0.0,0.0,0.0
5861,0.0,0.0,0.0,0.0,0.0,0.0,0.0,0.0,0.0,0.0,0.0,0.0,0.0,0.0,0.0,0.0,0.0,0.0,0.0,0.0,0.0,0.0,0.0,0.0,0.0,0.0,0.0,0.0,0.0,0.0,0.0,0.0,0.0,0.0,0.0,0.0,0.0,0.0,0.0,0.0,0.0,0.0,0.0,0.0,0.0,0.0,0.0,0.0,0.0,0.0,0.0,0.0,0.0,0.0,0.0,0.0,0.0,0.0,0.0,0.0,0.0,0.0,0.0,0.0
5862,0.0,0.0,0.0,0.0,0.0,0.0,0.0,0.0,0.0,0.0,0.0,0.0,0.0,0.0,0.0,0.0,0.0,0.0,0.0,0.0,0.0,0.0,0.0,0.0,0.0,0.0,0.0,0.0,0.0,0.0,0.0,0.0,0.0,0.0,0.0,0.0,0.0,0.0,0.0,0.0,0.0,0.0,0.0,0.0,0.0,0.0,0.0,0.0,0.0,0.0,0.0,0.0,0.0,0.0,0.0,0.0,0.0,0.0,0.0,0.0,0.0,0.0,0.0,0.0
5863,0.0,0.0,0.0,0.0,0.0,0.0,0.0,0.0,0.0,0.0,0.0,0.0,0.0,0.0,0.0,0.0,0.0,0.0,0.0,0.0,0.0,0.0,0.0,0.0,0.0,0.0,0.0,0.0,0.0,0.0,0.0,0.0,0.0,0.0,0.0,0.0,0.0,0.0,0.0,0.0,0.0,0.0,0.0,0.0,0.0,0.0,0.0,0.0,0.0,0.0,0.0,0.0,0.0,0.0,0.0,0.0,0.0,0.0,0.0,0.0,0.0,0.0,0.0,0.0
5864,0.0,0.0,0.0,0.0,0.0,0.0,0.0,0.0,0.0,0.0,0.0,0.0,0.0,0.0,0.0,0.0,0.0,0.0,0.0,0.0,0.0,0.0,0.0,0.0,0.0,0.0,0.0,0.0,0.0,0.0,0.0,0.0,0.0,0.0,0.0,0.0,0.0,0.0,0.0,0.0,0.0,0.0,0.0,0.0,0.0,0.0,0.0,0.0,0.0,0.0,0.0,0.0,0.0,0.0,0.0,0.0,0.0,0.0,0.0,0.0,0.0,0.0,0.0,0.0
5865,0.0,0.0,0.0,0.0,0.0,0.0,0.0,0.0,0.0,0.0,0.0,0.0,0.0,0.0,0.0,0.0,0.0,0.0,0.0,0.0,0.0,0.0,0.0,0.0,0.0,0.0,0.0,0.0,0.0,0.0,0.0,0.0,0.0,0.0,0.0,0.0,0.0,0.0,0.0,0.0,0.0,0.0,0.0,0.0,0.0,0.0,0.0,0.0,0.0,0.0,0.0,0.0,0.0,0.0,0.0,0.0,0.0,0.0,0.0,0.0,0.0,0.0,0.0,0.0
5866,0.0,0.08,0.08,0.0,0.0,0.11,0.0,0.0,0.15,0.17,0.14,0.15,0.21,0.17,0.18,0.17,0.14,0.19,0.19,0.16,0.16,0.18,0.21,0.13,0.14,0.09,0.0,0.0,0.09,0.09,0.09,0.0,0.0,0.0,0.0,0.1,0.12,0.13,0.1,0.13,0.12,0.1,0.11,0.13,0.13,0.1,0.11,0.0,0.0,0.11,0.08,0.08,0.1,0.08,0.11,0.09,0.0,0.09,0.09,0.1,0.09,0.08,0.09,0.09
5867,0.0,0.51,0.5,0.0,0.0,0.53,0.0,0.0,0.6,0.6,0.58,0.59,0.64,0.62,0.62,0.62,0.58,0.64,0.64,0.61,0.6,0.63,0.65,0.58,0.57,0.52,0.0,0.0,0.52,0.51,0.52,0.0,0.0,0.0,0.0,0.54,0.56,0.58,0.55,0.58,0.56,0.55,0.54,0.57,0.57,0.55,0.54,0.0,0.0,0.54,0.54,0.53,0.54,0.52,0.57,0.51,0.0,0.54,0.54,0.54,0.54,0.54,0.52,0.54
5868,0.0,0.66,0.66,0.0,0.0,0.65,0.0,0.0,0.69,0.67,0.68,0.69,0.68,0.69,0.68,0.69,0.68,0.7,0.71,0.69,0.68,0.69,0.69,0.68,0.68,0.67,0.0,0.0,0.65,0.67,0.66,0.0,0.0,0.0,0.0,0.67,0.68,0.69,0.68,0.68,0.64,0.68,0.67,0.68,0.68,0.68,0.66,0.0,0.0,0.66,0.69,0.67,0.67,0.67,0.69,0.66,0.0,0.68,0.68,0.68,0.68,0.69,0.67,0.68
5869,0.0,0.74,0.75,0.0,0.0,0.74,0.0,0.0,0.76,0.76,0.75,0.77,0.75,0.75,0.75,0.75,0.76,0.76,0.78,0.76,0.77,0.75,0.74,0.75,0.77,0.76,0.0,0.0,0.75,0.75,0.75,0.0,0.0,0.0,0.0,0.75,0.75,0.77,0.76,0.76,0.74,0.76,0.76,0.75,0.75,0.76,0.74,0.0,0.0,0.74,0.77,0.74,0.76,0.76,0.77,0.75,0.0,0.76,0.77,0.76,0.76,0.77,0.76,0.76
5870,0.0,0.75,0.75,0.0,0.0,0.75,0.0,0.0,0.76,0.78,0.75,0.79,0.76,0.75,0.75,0.75,0.78,0.77,0.78,0.76,0.78,0.76,0.75,0.75,0.78,0.77,0.0,0.0,0.75,0.76,0.76,0.0,0.0,0.0,0.0,0.75,0.73,0.77,0.76,0.78,0.76,0.76,0.76,0.75,0.75,0.76,0.75,0.0,0.0,0.76,0.77,0.75,0.78,0.76,0.77,0.76,0.0,0.77,0.77,0.77,0.76,0.77,0.76,0.76
5871,0.0,0.75,0.75,0.0,0.0,0.75,0.0,0.0,0.75,0.78,0.74,0.79,0.76,0.75,0.76,0.74,0.78,0.77,0.78,0.74,0.78,0.76,0.74,0.74,0.79,0.77,0.0,0.0,0.76,0.76,0.76,0.0,0.0,0.0,0.0,0.75,0.73,0.78,0.75,0.78,0.77,0.75,0.76,0.74,0.74,0.74,0.75,0.0,0.0,0.75,0.78,0.7,0.78,0.76,0.77,0.76,0.0,0.77,0.75,0.77,0.69,0.77,0.75,0.72
5872,0.0,0.75,0.74,0.0,0.0,0.74,0.0,0.0,0.74,0.77,0.74,0.79,0.76,0.75,0.77,0.75,0.78,0.78,0.78,0.74,0.78,0.76,0.74,0.71,0.8,0.75,0.0,0.0,0.76,0.75,0.76,0.0,0.0,0.0,0.0,0.74,0.67,0.77,0.76,0.77,0.78,0.75,0.73,0.72,0.68,0.75,0.74,0.0,0.0,0.75,0.78,0.77,0.78,0.76,0.77,0.76,0.0,0.77,0.77,0.77,0.78,0.77,0.76,0.78
5873,0.0,0.74,0.74,0.0,0.0,0.73,0.0,0.0,0.74,0.78,0.75,0.79,0.76,0.76,0.78,0.78,0.78,0.77,0.78,0.74,0.78,0.77,0.74,0.71,0.8,0.75,0.0,0.0,0.75,0.74,0.75,0.0,0.0,0.0,0.0,0.75,0.74,0.77,0.75,0.78,0.78,0.75,0.75,0.73,0.73,0.76,0.74,0.0,0.0,0.75,0.78,0.77,0.78,0.77,0.78,0.76,0.0,0.77,0.78,0.78,0.78,0.78,0.76,0.78
5874,0.0,0.73,0.74,0.0,0.0,0.75,0.0,0.0,0.72,0.77,0.73,0.78,0.75,0.76,0.77,0.77,0.76,0.76,0.77,0.75,0.77,0.77,0.73,0.74,0.79,0.74,0.0,0.0,0.74,0.73,0.74,0.0,0.0,0.0,0.0,0.74,0.73,0.76,0.75,0.76,0.76,0.75,0.75,0.74,0.73,0.75,0.74,0.0,0.0,0.75,0.77,0.76,0.76,0.76,0.76,0.63,0.0,0.75,0.76,0.75,0.76,0.77,0.75,0.76
5875,0.0,0.71,0.71,0.0,0.0,0.73,0.0,0.0,0.72,0.75,0.71,0.75,0.73,0.73,0.74,0.74,0.74,0.73,0.75,0.74,0.74,0.74,0.71,0.74,0.75,0.73,0.0,0.0,0.72,0.71,0.72,0.0,0.0,0.0,0.0,0.72,0.72,0.74,0.73,0.74,0.74,0.73,0.73,0.74,0.72,0.73,0.73,0.0,0.0,0.73,0.75,0.73,0.74,0.74,0.63,0.7,0.0,0.73,0.75,0.74,0.75,0.75,0.73,0.75
5876,0.0,0.6,0.63,0.0,0.0,0.66,0.0,0.0,0.66,0.66,0.65,0.43,0.64,0.65,0.65,0.66,0.66,0.65,0.66,0.66,0.66,0.66,0.63,0.67,0.66,0.66,0.0,0.0,0.66,0.6,0.65,0.0,0.0,0.0,0.0,0.65,0.66,0.67,0.66,0.67,0.68,0.66,0.66,0.67,0.67,0.67,0.66,0.0,0.0,0.66,0.68,0.66,0.68,0.67,0.56,0.29,0.0,0.67,0.68,0.53,0.68,0.69,0.67,0.68
5877,0.0,0.08,0.14,0.0,0.0,0.32,0.0,0.0,0.3,0.28,0.3,0.16,0.23,0.27,0.27,0.08,0.31,0.25,0.26,0.28,0.25,0.27,0.22,0.32,0.3,0.35,0.0,0.0,0.35,0.2,0.34,0.0,0.0,0.0,0.0,0.33,0.33,0.32,0.34,0.32,0.33,0.34,0.34,0.32,0.32,0.34,0.32,0.0,0.0,0.32,0.08,0.36,0.13,0.36,0.14,0.04,0.0,0.09,0.15,0.19,0.12,0.28,0.36,0.09
5878,0.0,0.03,0.04,0.0,0.0,0.0,0.0,0.0,0.0,0.0,0.0,0.0,0.0,0.0,0.0,0.0,0.0,0.0,0.0,0.0,0.0,0.0,0.0,0.0,0.0,0.03,0.0,0.0,0.03,0.03,0.01,0.0,0.0,0.0,0.0,0.02,0.01,0.0,0.02,0.0,0.0,0.02,0.02,0.0,0.0,0.02,0.0,0.0,0.0,0.0,0.04,0.04,0.03,0.04,0.0,0.04,0.0,0.04,0.04,0.01,0.04,0.04,0.04,0.04
5879,0.0,0.0,0.0,0.0,0.0,0.0,0.0,0.0,0.0,0.0,0.0,0.0,0.0,0.0,0.0,0.0,0.0,0.0,0.0,0.0,0.0,0.0,0.0,0.0,0.0,0.0,0.0,0.0,0.0,0.0,0.0,0.0,0.0,0.0,0.0,0.0,0.0,0.0,0.0,0.0,0.0,0.0,0.0,0.0,0.0,0.0,0.0,0.0,0.0,0.0,0.0,0.0,0.0,0.0,0.0,0.0,0.0,0.0,0.0,0.0,0.0,0.0,0.0,0.0
5880,0.0,0.0,0.0,0.0,0.0,0.0,0.0,0.0,0.0,0.0,0.0,0.0,0.0,0.0,0.0,0.0,0.0,0.0,0.0,0.0,0.0,0.0,0.0,0.0,0.0,0.0,0.0,0.0,0.0,0.0,0.0,0.0,0.0,0.0,0.0,0.0,0.0,0.0,0.0,0.0,0.0,0.0,0.0,0.0,0.0,0.0,0.0,0.0,0.0,0.0,0.0,0.0,0.0,0.0,0.0,0.0,0.0,0.0,0.0,0.0,0.0,0.0,0.0,0.0
5881,0.0,0.0,0.0,0.0,0.0,0.0,0.0,0.0,0.0,0.0,0.0,0.0,0.0,0.0,0.0,0.0,0.0,0.0,0.0,0.0,0.0,0.0,0.0,0.0,0.0,0.0,0.0,0.0,0.0,0.0,0.0,0.0,0.0,0.0,0.0,0.0,0.0,0.0,0.0,0.0,0.0,0.0,0.0,0.0,0.0,0.0,0.0,0.0,0.0,0.0,0.0,0.0,0.0,0.0,0.0,0.0,0.0,0.0,0.0,0.0,0.0,0.0,0.0,0.0
5882,0.0,0.0,0.0,0.0,0.0,0.0,0.0,0.0,0.0,0.0,0.0,0.0,0.0,0.0,0.0,0.0,0.0,0.0,0.0,0.0,0.0,0.0,0.0,0.0,0.0,0.0,0.0,0.0,0.0,0.0,0.0,0.0,0.0,0.0,0.0,0.0,0.0,0.0,0.0,0.0,0.0,0.0,0.0,0.0,0.0,0.0,0.0,0.0,0.0,0.0,0.0,0.0,0.0,0.0,0.0,0.0,0.0,0.0,0.0,0.0,0.0,0.0,0.0,0.0
5883,0.0,0.0,0.0,0.0,0.0,0.0,0.0,0.0,0.0,0.0,0.0,0.0,0.0,0.0,0.0,0.0,0.0,0.0,0.0,0.0,0.0,0.0,0.0,0.0,0.0,0.0,0.0,0.0,0.0,0.0,0.0,0.0,0.0,0.0,0.0,0.0,0.0,0.0,0.0,0.0,0.0,0.0,0.0,0.0,0.0,0.0,0.0,0.0,0.0,0.0,0.0,0.0,0.0,0.0,0.0,0.0,0.0,0.0,0.0,0.0,0.0,0.0,0.0,0.0
5884,0.0,0.0,0.0,0.0,0.0,0.0,0.0,0.0,0.0,0.0,0.0,0.0,0.0,0.0,0.0,0.0,0.0,0.0,0.0,0.0,0.0,0.0,0.0,0.0,0.0,0.0,0.0,0.0,0.0,0.0,0.0,0.0,0.0,0.0,0.0,0.0,0.0,0.0,0.0,0.0,0.0,0.0,0.0,0.0,0.0,0.0,0.0,0.0,0.0,0.0,0.0,0.0,0.0,0.0,0.0,0.0,0.0,0.0,0.0,0.0,0.0,0.0,0.0,0.0
5885,0.0,0.0,0.0,0.0,0.0,0.0,0.0,0.0,0.0,0.0,0.0,0.0,0.0,0.0,0.0,0.0,0.0,0.0,0.0,0.0,0.0,0.0,0.0,0.0,0.0,0.0,0.0,0.0,0.0,0.0,0.0,0.0,0.0,0.0,0.0,0.0,0.0,0.0,0.0,0.0,0.0,0.0,0.0,0.0,0.0,0.0,0.0,0.0,0.0,0.0,0.0,0.0,0.0,0.0,0.0,0.0,0.0,0.0,0.0,0.0,0.0,0.0,0.0,0.0
5886,0.0,0.0,0.0,0.0,0.0,0.0,0.0,0.0,0.0,0.0,0.0,0.0,0.0,0.0,0.0,0.0,0.0,0.0,0.0,0.0,0.0,0.0,0.0,0.0,0.0,0.0,0.0,0.0,0.0,0.0,0.0,0.0,0.0,0.0,0.0,0.0,0.0,0.0,0.0,0.0,0.0,0.0,0.0,0.0,0.0,0.0,0.0,0.0,0.0,0.0,0.0,0.0,0.0,0.0,0.0,0.0,0.0,0.0,0.0,0.0,0.0,0.0,0.0,0.0
5887,0.0,0.0,0.0,0.0,0.0,0.0,0.0,0.0,0.0,0.0,0.0,0.0,0.0,0.0,0.0,0.0,0.0,0.0,0.0,0.0,0.0,0.0,0.0,0.0,0.0,0.0,0.0,0.0,0.0,0.0,0.0,0.0,0.0,0.0,0.0,0.0,0.0,0.0,0.0,0.0,0.0,0.0,0.0,0.0,0.0,0.0,0.0,0.0,0.0,0.0,0.0,0.0,0.0,0.0,0.0,0.0,0.0,0.0,0.0,0.0,0.0,0.0,0.0,0.0
5888,0.0,0.0,0.0,0.0,0.0,0.0,0.0,0.0,0.0,0.0,0.0,0.0,0.0,0.0,0.0,0.0,0.0,0.0,0.0,0.0,0.0,0.0,0.0,0.0,0.0,0.0,0.0,0.0,0.0,0.0,0.0,0.0,0.0,0.0,0.0,0.0,0.0,0.0,0.0,0.0,0.0,0.0,0.0,0.0,0.0,0.0,0.0,0.0,0.0,0.0,0.0,0.0,0.0,0.0,0.0,0.0,0.0,0.0,0.0,0.0,0.0,0.0,0.0,0.0
5889,0.0,0.0,0.0,0.0,0.0,0.0,0.0,0.0,0.0,0.0,0.0,0.0,0.0,0.0,0.0,0.0,0.0,0.0,0.0,0.0,0.0,0.0,0.0,0.0,0.0,0.0,0.0,0.0,0.0,0.0,0.0,0.0,0.0,0.0,0.0,0.0,0.0,0.0,0.0,0.0,0.0,0.0,0.0,0.0,0.0,0.0,0.0,0.0,0.0,0.0,0.0,0.0,0.0,0.0,0.0,0.0,0.0,0.0,0.0,0.0,0.0,0.0,0.0,0.0
5890,0.0,0.0,0.0,0.0,0.0,0.0,0.0,0.0,0.0,0.0,0.0,0.0,0.01,0.0,0.0,0.0,0.0,0.0,0.0,0.0,0.0,0.0,0.02,0.02,0.01,0.0,0.0,0.0,0.0,0.0,0.0,0.0,0.0,0.0,0.0,0.0,0.0,0.0,0.0,0.0,0.0,0.0,0.0,0.01,0.01,0.0,0.0,0.0,0.0,0.0,0.0,0.0,0.0,0.0,0.0,0.0,0.0,0.0,0.0,0.0,0.0,0.0,0.0,0.0
5891,0.0,0.02,0.02,0.0,0.0,0.02,0.0,0.0,0.04,0.02,0.01,0.01,0.02,0.02,0.03,0.02,0.02,0.01,0.03,0.01,0.01,0.02,0.03,0.02,0.01,0.01,0.0,0.0,0.01,0.02,0.01,0.0,0.0,0.0,0.0,0.01,0.02,0.02,0.01,0.02,0.01,0.01,0.02,0.0,0.02,0.02,0.02,0.0,0.0,0.01,0.0,0.1,0.0,0.0,0.01,0.0,0.0,0.0,0.0,0.0,0.01,0.0,0.01,0.01
5892,0.0,0.07,0.12,0.0,0.0,0.12,0.0,0.0,0.03,0.02,0.02,0.05,0.07,0.05,0.13,0.08,0.05,0.11,0.11,0.03,0.04,0.06,0.06,0.04,0.07,0.07,0.0,0.0,0.04,0.08,0.04,0.0,0.0,0.0,0.0,0.02,0.04,0.01,0.02,0.02,0.01,0.02,0.03,0.04,0.04,0.02,0.12,0.0,0.0,0.13,0.1,0.59,0.02,0.06,0.01,0.0,0.0,0.03,0.06,0.0,0.37,0.07,0.1,0.26
5893,0.0,0.44,0.69,0.0,0.0,0.69,0.0,0.0,0.01,0.01,0.03,0.04,0.16,0.09,0.09,0.23,0.02,0.03,0.04,0.21,0.02,0.05,0.41,0.02,0.34,0.21,0.0,0.0,0.08,0.24,0.12,0.0,0.0,0.0,0.0,0.08,0.02,0.02,0.06,0.02,0.01,0.07,0.05,0.02,0.02,0.07,0.69,0.0,0.0,0.6,0.08,0.7,0.02,0.01,0.28,0.04,0.0,0.02,0.53,0.04,0.05,0.06,0.2,0.08
5894,0.0,0.23,0.72,0.0,0.0,0.72,0.0,0.0,0.01,0.04,0.01,0.07,0.44,0.07,0.12,0.08,0.04,0.08,0.1,0.04,0.34,0.18,0.06,0.04,0.67,0.22,0.0,0.0,0.11,0.13,0.16,0.0,0.0,0.0,0.0,0.72,0.07,0.06,0.13,0.08,0.08,0.18,0.14,0.14,0.05,0.15,0.72,0.0,0.0,0.72,0.06,0.71,0.03,0.18,0.26,0.22,0.0,0.07,0.06,0.27,0.15,0.08,0.73,0.1
5895,0.0,0.72,0.72,0.0,0.0,0.73,0.0,0.0,0.04,0.01,0.06,0.15,0.24,0.02,0.04,0.03,0.57,0.08,0.1,0.07,0.04,0.05,0.14,0.15,0.68,0.62,0.0,0.0,0.73,0.71,0.72,0.0,0.0,0.0,0.0,0.26,0.18,0.08,0.76,0.11,0.09,0.75,0.73,0.2,0.16,0.68,0.73,0.0,0.0,0.74,0.07,0.74,0.28,0.14,0.74,0.73,0.0,0.13,0.09,0.68,0.1,0.07,0.74,0.16
5896,0.0,0.61,0.63,0.0,0.0,0.74,0.0,0.0,0.09,0.1,0.07,0.05,0.04,0.15,0.11,0.12,0.19,0.79,0.8,0.14,0.24,0.08,0.09,0.46,0.75,0.33,0.0,0.0,0.51,0.44,0.33,0.0,0.0,0.0,0.0,0.74,0.48,0.09,0.74,0.14,0.15,0.74,0.73,0.74,0.3,0.75,0.74,0.0,0.0,0.74,0.1,0.65,0.22,0.21,0.76,0.06,0.0,0.1,0.27,0.17,0.06,0.2,0.74,0.08
5897,0.0,0.64,0.68,0.0,0.0,0.73,0.0,0.0,0.11,0.05,0.1,0.15,0.04,0.2,0.23,0.13,0.28,0.07,0.03,0.14,0.18,0.24,0.1,0.72,0.75,0.72,0.0,0.0,0.71,0.64,0.7,0.0,0.0,0.0,0.0,0.38,0.72,0.13,0.64,0.42,0.2,0.72,0.69,0.72,0.72,0.58,0.73,0.0,0.0,0.73,0.03,0.41,0.1,0.05,0.18,0.07,0.0,0.12,0.06,0.06,0.08,0.05,0.61,0.08
5898,0.0,0.59,0.62,0.0,0.0,0.71,0.0,0.0,0.17,0.08,0.42,0.15,0.1,0.14,0.1,0.13,0.3,0.21,0.08,0.21,0.12,0.13,0.03,0.66,0.72,0.25,0.0,0.0,0.53,0.31,0.21,0.0,0.0,0.0,0.0,0.69,0.29,0.15,0.12,0.27,0.16,0.5,0.63,0.66,0.6,0.42,0.71,0.0,0.0,0.72,0.04,0.59,0.03,0.02,0.0,0.02,0.0,0.01,0.04,0.03,0.06,0.03,0.32,0.05
5899,0.0,0.47,0.41,0.0,0.0,0.67,0.0,0.0,0.22,0.05,0.18,0.1,0.06,0.12,0.12,0.28,0.07,0.09,0.05,0.33,0.08,0.1,0.07,0.13,0.69,0.49,0.0,0.0,0.42,0.47,0.58,0.0,0.0,0.0,0.0,0.17,0.22,0.1,0.08,0.07,0.12,0.11,0.17,0.18,0.22,0.1,0.67,0.0,0.0,0.68,0.12,0.24,0.01,0.07,0.03,0.04,0.0,0.06,0.08,0.04,0.24,0.08,0.35,0.13
5900,0.0,0.54,0.64,0.0,0.0,0.64,0.0,0.0,0.13,0.02,0.13,0.06,0.04,0.13,0.13,0.34,0.06,0.06,0.09,0.3,0.02,0.09,0.04,0.33,0.65,0.62,0.0,0.0,0.44,0.58,0.61,0.0,0.0,0.0,0.0,0.4,0.06,0.09,0.48,0.07,0.1,0.45,0.57,0.22,0.18,0.53,0.64,0.0,0.0,0.64,0.06,0.11,0.15,0.64,0.07,0.08,0.0,0.37,0.08,0.17,0.11,0.08,0.26,0.13
5901,0.0,0.35,0.34,0.0,0.0,0.02,0.0,0.0,0.04,0.0,0.05,0.03,0.01,0.06,0.07,0.06,0.14,0.0,0.0,0.04,0.02,0.04,0.01,0.29,0.29,0.27,0.0,0.0,0.35,0.26,0.35,0.0,0.0,0.0,0.0,0.23,0.31,0.26,0.28,0.23,0.17,0.21,0.11,0.28,0.3,0.18,0.02,0.0,0.0,0.26,0.27,0.24,0.02,0.34,0.27,0.34,0.0,0.04,0.28,0.03,0.34,0.29,0.36,0.33
5902,0.0,0.0,0.0,0.0,0.0,0.0,0.0,0.0,0.0,0.0,0.0,0.0,0.0,0.0,0.0,0.0,0.0,0.0,0.0,0.0,0.0,0.0,0.0,0.0,0.0,0.02,0.0,0.0,0.01,0.0,0.01,0.0,0.0,0.0,0.0,0.01,0.0,0.0,0.01,0.0,0.0,0.01,0.01,0.0,0.0,0.01,0.0,0.0,0.0,0.0,0.02,0.02,0.0,0.03,0.0,0.0,0.0,0.01,0.0,0.0,0.02,0.02,0.01,0.01
5903,0.0,0.0,0.0,0.0,0.0,0.0,0.0,0.0,0.0,0.0,0.0,0.0,0.0,0.0,0.0,0.0,0.0,0.0,0.0,0.0,0.0,0.0,0.0,0.0,0.0,0.0,0.0,0.0,0.0,0.0,0.0,0.0,0.0,0.0,0.0,0.0,0.0,0.0,0.0,0.0,0.0,0.0,0.0,0.0,0.0,0.0,0.0,0.0,0.0,0.0,0.0,0.0,0.0,0.0,0.0,0.0,0.0,0.0,0.0,0.0,0.0,0.0,0.0,0.0
5904,0.0,0.0,0.0,0.0,0.0,0.0,0.0,0.0,0.0,0.0,0.0,0.0,0.0,0.0,0.0,0.0,0.0,0.0,0.0,0.0,0.0,0.0,0.0,0.0,0.0,0.0,0.0,0.0,0.0,0.0,0.0,0.0,0.0,0.0,0.0,0.0,0.0,0.0,0.0,0.0,0.0,0.0,0.0,0.0,0.0,0.0,0.0,0.0,0.0,0.0,0.0,0.0,0.0,0.0,0.0,0.0,0.0,0.0,0.0,0.0,0.0,0.0,0.0,0.0
5905,0.0,0.0,0.0,0.0,0.0,0.0,0.0,0.0,0.0,0.0,0.0,0.0,0.0,0.0,0.0,0.0,0.0,0.0,0.0,0.0,0.0,0.0,0.0,0.0,0.0,0.0,0.0,0.0,0.0,0.0,0.0,0.0,0.0,0.0,0.0,0.0,0.0,0.0,0.0,0.0,0.0,0.0,0.0,0.0,0.0,0.0,0.0,0.0,0.0,0.0,0.0,0.0,0.0,0.0,0.0,0.0,0.0,0.0,0.0,0.0,0.0,0.0,0.0,0.0
5906,0.0,0.0,0.0,0.0,0.0,0.0,0.0,0.0,0.0,0.0,0.0,0.0,0.0,0.0,0.0,0.0,0.0,0.0,0.0,0.0,0.0,0.0,0.0,0.0,0.0,0.0,0.0,0.0,0.0,0.0,0.0,0.0,0.0,0.0,0.0,0.0,0.0,0.0,0.0,0.0,0.0,0.0,0.0,0.0,0.0,0.0,0.0,0.0,0.0,0.0,0.0,0.0,0.0,0.0,0.0,0.0,0.0,0.0,0.0,0.0,0.0,0.0,0.0,0.0
5907,0.0,0.0,0.0,0.0,0.0,0.0,0.0,0.0,0.0,0.0,0.0,0.0,0.0,0.0,0.0,0.0,0.0,0.0,0.0,0.0,0.0,0.0,0.0,0.0,0.0,0.0,0.0,0.0,0.0,0.0,0.0,0.0,0.0,0.0,0.0,0.0,0.0,0.0,0.0,0.0,0.0,0.0,0.0,0.0,0.0,0.0,0.0,0.0,0.0,0.0,0.0,0.0,0.0,0.0,0.0,0.0,0.0,0.0,0.0,0.0,0.0,0.0,0.0,0.0
5908,0.0,0.0,0.0,0.0,0.0,0.0,0.0,0.0,0.0,0.0,0.0,0.0,0.0,0.0,0.0,0.0,0.0,0.0,0.0,0.0,0.0,0.0,0.0,0.0,0.0,0.0,0.0,0.0,0.0,0.0,0.0,0.0,0.0,0.0,0.0,0.0,0.0,0.0,0.0,0.0,0.0,0.0,0.0,0.0,0.0,0.0,0.0,0.0,0.0,0.0,0.0,0.0,0.0,0.0,0.0,0.0,0.0,0.0,0.0,0.0,0.0,0.0,0.0,0.0
5909,0.0,0.0,0.0,0.0,0.0,0.0,0.0,0.0,0.0,0.0,0.0,0.0,0.0,0.0,0.0,0.0,0.0,0.0,0.0,0.0,0.0,0.0,0.0,0.0,0.0,0.0,0.0,0.0,0.0,0.0,0.0,0.0,0.0,0.0,0.0,0.0,0.0,0.0,0.0,0.0,0.0,0.0,0.0,0.0,0.0,0.0,0.0,0.0,0.0,0.0,0.0,0.0,0.0,0.0,0.0,0.0,0.0,0.0,0.0,0.0,0.0,0.0,0.0,0.0
5910,0.0,0.0,0.0,0.0,0.0,0.0,0.0,0.0,0.0,0.0,0.0,0.0,0.0,0.0,0.0,0.0,0.0,0.0,0.0,0.0,0.0,0.0,0.0,0.0,0.0,0.0,0.0,0.0,0.0,0.0,0.0,0.0,0.0,0.0,0.0,0.0,0.0,0.0,0.0,0.0,0.0,0.0,0.0,0.0,0.0,0.0,0.0,0.0,0.0,0.0,0.0,0.0,0.0,0.0,0.0,0.0,0.0,0.0,0.0,0.0,0.0,0.0,0.0,0.0
5911,0.0,0.0,0.0,0.0,0.0,0.0,0.0,0.0,0.0,0.0,0.0,0.0,0.0,0.0,0.0,0.0,0.0,0.0,0.0,0.0,0.0,0.0,0.0,0.0,0.0,0.0,0.0,0.0,0.0,0.0,0.0,0.0,0.0,0.0,0.0,0.0,0.0,0.0,0.0,0.0,0.0,0.0,0.0,0.0,0.0,0.0,0.0,0.0,0.0,0.0,0.0,0.0,0.0,0.0,0.0,0.0,0.0,0.0,0.0,0.0,0.0,0.0,0.0,0.0
5912,0.0,0.0,0.0,0.0,0.0,0.0,0.0,0.0,0.0,0.0,0.0,0.0,0.0,0.0,0.0,0.0,0.0,0.0,0.0,0.0,0.0,0.0,0.0,0.0,0.0,0.0,0.0,0.0,0.0,0.0,0.0,0.0,0.0,0.0,0.0,0.0,0.0,0.0,0.0,0.0,0.0,0.0,0.0,0.0,0.0,0.0,0.0,0.0,0.0,0.0,0.0,0.0,0.0,0.0,0.0,0.0,0.0,0.0,0.0,0.0,0.0,0.0,0.0,0.0
5913,0.0,0.0,0.0,0.0,0.0,0.0,0.0,0.0,0.0,0.0,0.0,0.0,0.0,0.0,0.0,0.0,0.0,0.0,0.0,0.0,0.0,0.0,0.0,0.0,0.0,0.0,0.0,0.0,0.0,0.0,0.0,0.0,0.0,0.0,0.0,0.0,0.0,0.0,0.0,0.0,0.0,0.0,0.0,0.0,0.0,0.0,0.0,0.0,0.0,0.0,0.0,0.0,0.0,0.0,0.0,0.0,0.0,0.0,0.0,0.0,0.0,0.0,0.0,0.0
5914,0.0,0.0,0.0,0.0,0.0,0.02,0.0,0.0,0.03,0.13,0.02,0.06,0.1,0.16,0.16,0.15,0.06,0.18,0.1,0.11,0.02,0.15,0.02,0.0,0.13,0.0,0.0,0.0,0.0,0.0,0.0,0.0,0.0,0.0,0.0,0.02,0.0,0.01,0.0,0.02,0.01,0.0,0.0,0.0,0.0,0.0,0.02,0.0,0.0,0.05,0.02,0.01,0.06,0.01,0.0,0.0,0.0,0.02,0.03,0.0,0.06,0.03,0.01,0.04
5915,0.0,0.02,0.03,0.0,0.0,0.06,0.0,0.0,0.06,0.16,0.06,0.03,0.51,0.15,0.08,0.01,0.02,0.05,0.02,0.02,0.18,0.26,0.51,0.0,0.44,0.06,0.0,0.0,0.07,0.03,0.02,0.0,0.0,0.0,0.0,0.02,0.0,0.03,0.03,0.03,0.01,0.03,0.05,0.0,0.0,0.04,0.05,0.0,0.0,0.06,0.01,0.04,0.18,0.02,0.01,0.0,0.0,0.07,0.02,0.0,0.02,0.01,0.11,0.02
5916,0.0,0.21,0.37,0.0,0.0,0.52,0.0,0.0,0.01,0.46,0.01,0.02,0.23,0.08,0.07,0.05,0.07,0.07,0.05,0.01,0.4,0.11,0.31,0.1,0.41,0.04,0.0,0.0,0.15,0.1,0.03,0.0,0.0,0.0,0.0,0.12,0.16,0.03,0.09,0.04,0.03,0.08,0.04,0.09,0.09,0.12,0.44,0.0,0.0,0.36,0.06,0.0,0.04,0.02,0.02,0.01,0.0,0.02,0.08,0.0,0.05,0.05,0.18,0.07
5917,0.0,0.01,0.03,0.0,0.0,0.36,0.0,0.0,0.02,0.58,0.06,0.06,0.1,0.04,0.02,0.03,0.05,0.54,0.19,0.03,0.51,0.03,0.09,0.06,0.68,0.04,0.0,0.0,0.04,0.01,0.03,0.0,0.0,0.0,0.0,0.32,0.08,0.05,0.08,0.06,0.1,0.24,0.04,0.06,0.07,0.03,0.46,0.0,0.0,0.64,0.09,0.01,0.03,0.05,0.03,0.06,0.0,0.04,0.11,0.01,0.06,0.1,0.04,0.1
5918,0.0,0.08,0.14,0.0,0.0,0.12,0.0,0.0,0.08,0.37,0.14,0.55,0.03,0.12,0.38,0.09,0.3,0.14,0.13,0.08,0.3,0.11,0.16,0.09,0.73,0.17,0.0,0.0,0.04,0.07,0.08,0.0,0.0,0.0,0.0,0.03,0.06,0.06,0.07,0.08,0.07,0.03,0.09,0.05,0.07,0.27,0.09,0.0,0.0,0.25,0.04,0.22,0.04,0.1,0.03,0.6,0.0,0.04,0.04,0.01,0.05,0.05,0.07,0.04
5919,0.0,0.34,0.32,0.0,0.0,0.16,0.0,0.0,0.06,0.73,0.08,0.26,0.14,0.13,0.1,0.08,0.02,0.55,0.57,0.07,0.16,0.19,0.74,0.14,0.67,0.09,0.0,0.0,0.05,0.33,0.14,0.0,0.0,0.0,0.0,0.33,0.11,0.13,0.03,0.08,0.44,0.02,0.03,0.02,0.52,0.03,0.12,0.0,0.0,0.06,0.28,0.61,0.15,0.41,0.02,0.75,0.0,0.4,0.12,0.11,0.15,0.76,0.13,0.11
5920,0.0,0.54,0.67,0.0,0.0,0.16,0.0,0.0,0.21,0.8,0.11,0.14,0.51,0.08,0.08,0.25,0.03,0.75,0.76,0.18,0.09,0.06,0.17,0.02,0.74,0.04,0.0,0.0,0.01,0.55,0.03,0.0,0.0,0.0,0.0,0.07,0.02,0.07,0.09,0.08,0.04,0.07,0.03,0.02,0.02,0.04,0.11,0.0,0.0,0.15,0.72,0.34,0.53,0.35,0.11,0.38,0.0,0.14,0.71,0.32,0.15,0.72,0.06,0.16
5921,0.0,0.38,0.25,0.0,0.0,0.17,0.0,0.0,0.07,0.79,0.05,0.33,0.14,0.08,0.68,0.42,0.03,0.17,0.07,0.15,0.77,0.09,0.08,0.02,0.32,0.01,0.0,0.0,0.02,0.12,0.01,0.0,0.0,0.0,0.0,0.23,0.02,0.07,0.1,0.04,0.06,0.07,0.06,0.01,0.02,0.09,0.27,0.0,0.0,0.26,0.2,0.06,0.3,0.74,0.5,0.41,0.0,0.19,0.19,0.19,0.58,0.31,0.05,0.39
5922,0.0,0.27,0.64,0.0,0.0,0.7,0.0,0.0,0.1,0.77,0.06,0.09,0.11,0.04,0.02,0.02,0.03,0.07,0.08,0.02,0.73,0.1,0.22,0.02,0.09,0.03,0.0,0.0,0.02,0.06,0.01,0.0,0.0,0.0,0.0,0.01,0.12,0.04,0.04,0.04,0.25,0.04,0.11,0.01,0.05,0.06,0.42,0.0,0.0,0.28,0.17,0.08,0.12,0.73,0.12,0.16,0.0,0.15,0.1,0.25,0.16,0.22,0.03,0.16
5923,0.0,0.1,0.18,0.0,0.0,0.02,0.0,0.0,0.01,0.74,0.02,0.71,0.04,0.6,0.02,0.03,0.02,0.6,0.53,0.03,0.71,0.57,0.08,0.02,0.69,0.41,0.0,0.0,0.05,0.05,0.04,0.0,0.0,0.0,0.0,0.0,0.04,0.03,0.01,0.04,0.06,0.02,0.06,0.02,0.05,0.02,0.0,0.0,0.0,0.01,0.72,0.69,0.06,0.18,0.06,0.08,0.0,0.14,0.02,0.12,0.1,0.67,0.03,0.06
5924,0.0,0.3,0.04,0.0,0.0,0.01,0.0,0.0,0.01,0.64,0.01,0.62,0.44,0.22,0.02,0.01,0.01,0.62,0.61,0.04,0.63,0.21,0.46,0.03,0.54,0.07,0.0,0.0,0.62,0.44,0.52,0.0,0.0,0.0,0.0,0.01,0.07,0.02,0.06,0.02,0.01,0.02,0.02,0.03,0.22,0.03,0.0,0.0,0.0,0.01,0.13,0.05,0.07,0.18,0.03,0.11,0.0,0.1,0.03,0.04,0.13,0.03,0.02,0.61
5925,0.0,0.01,0.02,0.0,0.0,0.02,0.0,0.0,0.02,0.26,0.0,0.26,0.12,0.14,0.1,0.0,0.0,0.22,0.23,0.01,0.26,0.13,0.15,0.01,0.1,0.05,0.0,0.0,0.09,0.02,0.02,0.0,0.0,0.0,0.0,0.01,0.04,0.01,0.31,0.0,0.0,0.02,0.03,0.01,0.01,0.03,0.0,0.0,0.0,0.01,0.05,0.33,0.03,0.01,0.01,0.04,0.0,0.04,0.02,0.01,0.08,0.01,0.33,0.32
5926,0.0,0.0,0.0,0.0,0.0,0.0,0.0,0.0,0.0,0.0,0.0,0.0,0.0,0.0,0.0,0.0,0.0,0.0,0.0,0.0,0.0,0.0,0.0,0.0,0.0,0.0,0.0,0.0,0.0,0.0,0.0,0.0,0.0,0.0,0.0,0.0,0.0,0.0,0.0,0.0,0.0,0.0,0.0,0.0,0.0,0.0,0.0,0.0,0.0,0.0,0.01,0.01,0.0,0.0,0.0,0.0,0.0,0.0,0.0,0.0,0.01,0.0,0.0,0.0
5927,0.0,0.0,0.0,0.0,0.0,0.0,0.0,0.0,0.0,0.0,0.0,0.0,0.0,0.0,0.0,0.0,0.0,0.0,0.0,0.0,0.0,0.0,0.0,0.0,0.0,0.0,0.0,0.0,0.0,0.0,0.0,0.0,0.0,0.0,0.0,0.0,0.0,0.0,0.0,0.0,0.0,0.0,0.0,0.0,0.0,0.0,0.0,0.0,0.0,0.0,0.0,0.0,0.0,0.0,0.0,0.0,0.0,0.0,0.0,0.0,0.0,0.0,0.0,0.0
5928,0.0,0.0,0.0,0.0,0.0,0.0,0.0,0.0,0.0,0.0,0.0,0.0,0.0,0.0,0.0,0.0,0.0,0.0,0.0,0.0,0.0,0.0,0.0,0.0,0.0,0.0,0.0,0.0,0.0,0.0,0.0,0.0,0.0,0.0,0.0,0.0,0.0,0.0,0.0,0.0,0.0,0.0,0.0,0.0,0.0,0.0,0.0,0.0,0.0,0.0,0.0,0.0,0.0,0.0,0.0,0.0,0.0,0.0,0.0,0.0,0.0,0.0,0.0,0.0
5929,0.0,0.0,0.0,0.0,0.0,0.0,0.0,0.0,0.0,0.0,0.0,0.0,0.0,0.0,0.0,0.0,0.0,0.0,0.0,0.0,0.0,0.0,0.0,0.0,0.0,0.0,0.0,0.0,0.0,0.0,0.0,0.0,0.0,0.0,0.0,0.0,0.0,0.0,0.0,0.0,0.0,0.0,0.0,0.0,0.0,0.0,0.0,0.0,0.0,0.0,0.0,0.0,0.0,0.0,0.0,0.0,0.0,0.0,0.0,0.0,0.0,0.0,0.0,0.0
5930,0.0,0.0,0.0,0.0,0.0,0.0,0.0,0.0,0.0,0.0,0.0,0.0,0.0,0.0,0.0,0.0,0.0,0.0,0.0,0.0,0.0,0.0,0.0,0.0,0.0,0.0,0.0,0.0,0.0,0.0,0.0,0.0,0.0,0.0,0.0,0.0,0.0,0.0,0.0,0.0,0.0,0.0,0.0,0.0,0.0,0.0,0.0,0.0,0.0,0.0,0.0,0.0,0.0,0.0,0.0,0.0,0.0,0.0,0.0,0.0,0.0,0.0,0.0,0.0
5931,0.0,0.0,0.0,0.0,0.0,0.0,0.0,0.0,0.0,0.0,0.0,0.0,0.0,0.0,0.0,0.0,0.0,0.0,0.0,0.0,0.0,0.0,0.0,0.0,0.0,0.0,0.0,0.0,0.0,0.0,0.0,0.0,0.0,0.0,0.0,0.0,0.0,0.0,0.0,0.0,0.0,0.0,0.0,0.0,0.0,0.0,0.0,0.0,0.0,0.0,0.0,0.0,0.0,0.0,0.0,0.0,0.0,0.0,0.0,0.0,0.0,0.0,0.0,0.0
5932,0.0,0.0,0.0,0.0,0.0,0.0,0.0,0.0,0.0,0.0,0.0,0.0,0.0,0.0,0.0,0.0,0.0,0.0,0.0,0.0,0.0,0.0,0.0,0.0,0.0,0.0,0.0,0.0,0.0,0.0,0.0,0.0,0.0,0.0,0.0,0.0,0.0,0.0,0.0,0.0,0.0,0.0,0.0,0.0,0.0,0.0,0.0,0.0,0.0,0.0,0.0,0.0,0.0,0.0,0.0,0.0,0.0,0.0,0.0,0.0,0.0,0.0,0.0,0.0
5933,0.0,0.0,0.0,0.0,0.0,0.0,0.0,0.0,0.0,0.0,0.0,0.0,0.0,0.0,0.0,0.0,0.0,0.0,0.0,0.0,0.0,0.0,0.0,0.0,0.0,0.0,0.0,0.0,0.0,0.0,0.0,0.0,0.0,0.0,0.0,0.0,0.0,0.0,0.0,0.0,0.0,0.0,0.0,0.0,0.0,0.0,0.0,0.0,0.0,0.0,0.0,0.0,0.0,0.0,0.0,0.0,0.0,0.0,0.0,0.0,0.0,0.0,0.0,0.0
5934,0.0,0.0,0.0,0.0,0.0,0.0,0.0,0.0,0.0,0.0,0.0,0.0,0.0,0.0,0.0,0.0,0.0,0.0,0.0,0.0,0.0,0.0,0.0,0.0,0.0,0.0,0.0,0.0,0.0,0.0,0.0,0.0,0.0,0.0,0.0,0.0,0.0,0.0,0.0,0.0,0.0,0.0,0.0,0.0,0.0,0.0,0.0,0.0,0.0,0.0,0.0,0.0,0.0,0.0,0.0,0.0,0.0,0.0,0.0,0.0,0.0,0.0,0.0,0.0
5935,0.0,0.0,0.0,0.0,0.0,0.0,0.0,0.0,0.0,0.0,0.0,0.0,0.0,0.0,0.0,0.0,0.0,0.0,0.0,0.0,0.0,0.0,0.0,0.0,0.0,0.0,0.0,0.0,0.0,0.0,0.0,0.0,0.0,0.0,0.0,0.0,0.0,0.0,0.0,0.0,0.0,0.0,0.0,0.0,0.0,0.0,0.0,0.0,0.0,0.0,0.0,0.0,0.0,0.0,0.0,0.0,0.0,0.0,0.0,0.0,0.0,0.0,0.0,0.0
5936,0.0,0.0,0.0,0.0,0.0,0.0,0.0,0.0,0.0,0.0,0.0,0.0,0.0,0.0,0.0,0.0,0.0,0.0,0.0,0.0,0.0,0.0,0.0,0.0,0.0,0.0,0.0,0.0,0.0,0.0,0.0,0.0,0.0,0.0,0.0,0.0,0.0,0.0,0.0,0.0,0.0,0.0,0.0,0.0,0.0,0.0,0.0,0.0,0.0,0.0,0.0,0.0,0.0,0.0,0.0,0.0,0.0,0.0,0.0,0.0,0.0,0.0,0.0,0.0
5937,0.0,0.0,0.0,0.0,0.0,0.0,0.0,0.0,0.0,0.0,0.0,0.0,0.0,0.0,0.0,0.0,0.0,0.0,0.0,0.0,0.0,0.0,0.0,0.0,0.0,0.0,0.0,0.0,0.0,0.0,0.0,0.0,0.0,0.0,0.0,0.0,0.0,0.0,0.0,0.0,0.0,0.0,0.0,0.0,0.0,0.0,0.0,0.0,0.0,0.0,0.0,0.0,0.0,0.0,0.0,0.0,0.0,0.0,0.0,0.0,0.0,0.0,0.0,0.0
5938,0.0,0.02,0.04,0.0,0.0,0.05,0.0,0.0,0.02,0.02,0.02,0.01,0.06,0.03,0.05,0.03,0.01,0.01,0.0,0.03,0.02,0.04,0.21,0.02,0.01,0.09,0.0,0.0,0.06,0.06,0.04,0.0,0.0,0.0,0.0,0.02,0.03,0.01,0.05,0.0,0.01,0.05,0.05,0.02,0.02,0.05,0.01,0.0,0.0,0.01,0.06,0.06,0.01,0.09,0.02,0.09,0.0,0.05,0.04,0.1,0.05,0.09,0.09,0.03
5939,0.0,0.48,0.47,0.0,0.0,0.07,0.0,0.0,0.09,0.07,0.26,0.01,0.24,0.23,0.4,0.2,0.03,0.05,0.01,0.18,0.21,0.27,0.6,0.15,0.21,0.5,0.0,0.0,0.5,0.48,0.5,0.0,0.0,0.0,0.0,0.14,0.1,0.55,0.35,0.55,0.1,0.53,0.53,0.1,0.11,0.53,0.06,0.0,0.0,0.06,0.51,0.38,0.18,0.5,0.54,0.49,0.0,0.51,0.51,0.52,0.52,0.51,0.52,0.52
5940,0.0,0.65,0.66,0.0,0.0,0.21,0.0,0.0,0.26,0.22,0.68,0.01,0.68,0.68,0.68,0.67,0.13,0.06,0.05,0.66,0.7,0.69,0.69,0.2,0.67,0.7,0.0,0.0,0.69,0.68,0.69,0.0,0.0,0.0,0.0,0.44,0.17,0.18,0.7,0.69,0.23,0.7,0.7,0.16,0.33,0.71,0.22,0.0,0.0,0.22,0.67,0.7,0.7,0.69,0.71,0.68,0.0,0.69,0.67,0.7,0.71,0.69,0.71,0.7
5941,0.0,0.73,0.74,0.0,0.0,0.72,0.0,0.0,0.18,0.75,0.56,0.08,0.72,0.72,0.72,0.71,0.07,0.0,0.03,0.7,0.75,0.72,0.73,0.72,0.71,0.75,0.0,0.0,0.74,0.74,0.74,0.0,0.0,0.0,0.0,0.71,0.43,0.73,0.75,0.7,0.59,0.75,0.75,0.73,0.73,0.76,0.72,0.0,0.0,0.72,0.73,0.76,0.74,0.75,0.75,0.72,0.0,0.75,0.72,0.74,0.76,0.75,0.76,0.74
5942,0.0,0.66,0.64,0.0,0.0,0.7,0.0,0.0,0.38,0.77,0.72,0.6,0.72,0.72,0.71,0.7,0.76,0.15,0.24,0.7,0.75,0.72,0.73,0.72,0.28,0.75,0.0,0.0,0.74,0.7,0.74,0.0,0.0,0.0,0.0,0.73,0.73,0.73,0.75,0.41,0.76,0.75,0.74,0.72,0.73,0.76,0.7,0.0,0.0,0.7,0.73,0.76,0.75,0.75,0.75,0.73,0.0,0.75,0.72,0.75,0.76,0.74,0.76,0.74
5943,0.0,0.73,0.75,0.0,0.0,0.51,0.0,0.0,0.72,0.78,0.73,0.77,0.74,0.44,0.72,0.21,0.75,0.77,0.77,0.22,0.77,0.73,0.13,0.73,0.75,0.78,0.0,0.0,0.76,0.76,0.76,0.0,0.0,0.0,0.0,0.74,0.73,0.72,0.76,0.71,0.77,0.76,0.75,0.73,0.73,0.77,0.54,0.0,0.0,0.53,0.76,0.78,0.76,0.77,0.77,0.74,0.0,0.77,0.75,0.76,0.77,0.76,0.77,0.76
5944,0.0,0.76,0.76,0.0,0.0,0.54,0.0,0.0,0.72,0.79,0.73,0.77,0.74,0.74,0.3,0.74,0.75,0.78,0.78,0.71,0.77,0.73,0.76,0.73,0.42,0.78,0.0,0.0,0.77,0.77,0.77,0.0,0.0,0.0,0.0,0.75,0.75,0.72,0.77,0.32,0.77,0.76,0.76,0.74,0.74,0.77,0.55,0.0,0.0,0.49,0.76,0.78,0.77,0.77,0.78,0.76,0.0,0.77,0.76,0.77,0.77,0.77,0.78,0.76
5945,0.0,0.76,0.76,0.0,0.0,0.65,0.0,0.0,0.72,0.77,0.72,0.76,0.73,0.74,0.73,0.74,0.75,0.77,0.77,0.71,0.77,0.73,0.75,0.74,0.74,0.78,0.0,0.0,0.77,0.77,0.78,0.0,0.0,0.0,0.0,0.75,0.74,0.28,0.76,0.3,0.77,0.76,0.76,0.74,0.74,0.76,0.69,0.0,0.0,0.66,0.76,0.78,0.76,0.76,0.77,0.75,0.0,0.76,0.76,0.76,0.76,0.76,0.78,0.76
5946,0.0,0.74,0.74,0.0,0.0,0.23,0.0,0.0,0.71,0.76,0.7,0.74,0.72,0.71,0.72,0.74,0.74,0.75,0.75,0.72,0.74,0.71,0.73,0.72,0.74,0.78,0.0,0.0,0.76,0.75,0.76,0.0,0.0,0.0,0.0,0.74,0.73,0.73,0.75,0.73,0.75,0.75,0.74,0.73,0.73,0.75,0.33,0.0,0.0,0.24,0.75,0.76,0.75,0.74,0.75,0.73,0.0,0.75,0.74,0.74,0.75,0.75,0.76,0.74
5947,0.0,0.71,0.71,0.0,0.0,0.22,0.0,0.0,0.67,0.72,0.67,0.71,0.68,0.67,0.7,0.71,0.71,0.7,0.35,0.7,0.71,0.68,0.68,0.69,0.34,0.74,0.0,0.0,0.73,0.72,0.74,0.0,0.0,0.0,0.0,0.71,0.7,0.7,0.72,0.7,0.71,0.71,0.71,0.7,0.7,0.72,0.32,0.0,0.0,0.18,0.72,0.73,0.72,0.71,0.72,0.42,0.0,0.72,0.72,0.71,0.71,0.72,0.74,0.71
5948,0.0,0.63,0.63,0.0,0.0,0.36,0.0,0.0,0.58,0.6,0.57,0.6,0.57,0.57,0.59,0.6,0.61,0.58,0.6,0.59,0.6,0.58,0.56,0.59,0.49,0.66,0.0,0.0,0.65,0.64,0.65,0.0,0.0,0.0,0.0,0.63,0.61,0.61,0.63,0.62,0.62,0.63,0.62,0.6,0.6,0.64,0.44,0.0,0.0,0.35,0.62,0.64,0.63,0.16,0.62,0.06,0.0,0.62,0.62,0.61,0.63,0.63,0.65,0.62
5949,0.0,0.33,0.34,0.0,0.0,0.16,0.0,0.0,0.25,0.24,0.07,0.26,0.19,0.23,0.23,0.23,0.27,0.21,0.22,0.24,0.24,0.22,0.19,0.26,0.13,0.34,0.0,0.0,0.33,0.34,0.34,0.0,0.0,0.0,0.0,0.31,0.28,0.28,0.32,0.28,0.29,0.31,0.3,0.28,0.27,0.31,0.17,0.0,0.0,0.17,0.33,0.33,0.31,0.32,0.3,0.04,0.0,0.09,0.32,0.31,0.33,0.33,0.34,0.32
5950,0.0,0.0,0.0,0.0,0.0,0.0,0.0,0.0,0.0,0.0,0.0,0.0,0.0,0.0,0.0,0.0,0.0,0.0,0.0,0.0,0.0,0.0,0.0,0.0,0.0,0.0,0.0,0.0,0.0,0.0,0.0,0.0,0.0,0.0,0.0,0.0,0.0,0.0,0.0,0.0,0.0,0.0,0.0,0.0,0.0,0.0,0.0,0.0,0.0,0.0,0.0,0.0,0.0,0.0,0.0,0.0,0.0,0.0,0.0,0.0,0.0,0.0,0.0,0.0
5951,0.0,0.0,0.0,0.0,0.0,0.0,0.0,0.0,0.0,0.0,0.0,0.0,0.0,0.0,0.0,0.0,0.0,0.0,0.0,0.0,0.0,0.0,0.0,0.0,0.0,0.0,0.0,0.0,0.0,0.0,0.0,0.0,0.0,0.0,0.0,0.0,0.0,0.0,0.0,0.0,0.0,0.0,0.0,0.0,0.0,0.0,0.0,0.0,0.0,0.0,0.0,0.0,0.0,0.0,0.0,0.0,0.0,0.0,0.0,0.0,0.0,0.0,0.0,0.0
5952,0.0,0.0,0.0,0.0,0.0,0.0,0.0,0.0,0.0,0.0,0.0,0.0,0.0,0.0,0.0,0.0,0.0,0.0,0.0,0.0,0.0,0.0,0.0,0.0,0.0,0.0,0.0,0.0,0.0,0.0,0.0,0.0,0.0,0.0,0.0,0.0,0.0,0.0,0.0,0.0,0.0,0.0,0.0,0.0,0.0,0.0,0.0,0.0,0.0,0.0,0.0,0.0,0.0,0.0,0.0,0.0,0.0,0.0,0.0,0.0,0.0,0.0,0.0,0.0
5953,0.0,0.0,0.0,0.0,0.0,0.0,0.0,0.0,0.0,0.0,0.0,0.0,0.0,0.0,0.0,0.0,0.0,0.0,0.0,0.0,0.0,0.0,0.0,0.0,0.0,0.0,0.0,0.0,0.0,0.0,0.0,0.0,0.0,0.0,0.0,0.0,0.0,0.0,0.0,0.0,0.0,0.0,0.0,0.0,0.0,0.0,0.0,0.0,0.0,0.0,0.0,0.0,0.0,0.0,0.0,0.0,0.0,0.0,0.0,0.0,0.0,0.0,0.0,0.0
5954,0.0,0.0,0.0,0.0,0.0,0.0,0.0,0.0,0.0,0.0,0.0,0.0,0.0,0.0,0.0,0.0,0.0,0.0,0.0,0.0,0.0,0.0,0.0,0.0,0.0,0.0,0.0,0.0,0.0,0.0,0.0,0.0,0.0,0.0,0.0,0.0,0.0,0.0,0.0,0.0,0.0,0.0,0.0,0.0,0.0,0.0,0.0,0.0,0.0,0.0,0.0,0.0,0.0,0.0,0.0,0.0,0.0,0.0,0.0,0.0,0.0,0.0,0.0,0.0
5955,0.0,0.0,0.0,0.0,0.0,0.0,0.0,0.0,0.0,0.0,0.0,0.0,0.0,0.0,0.0,0.0,0.0,0.0,0.0,0.0,0.0,0.0,0.0,0.0,0.0,0.0,0.0,0.0,0.0,0.0,0.0,0.0,0.0,0.0,0.0,0.0,0.0,0.0,0.0,0.0,0.0,0.0,0.0,0.0,0.0,0.0,0.0,0.0,0.0,0.0,0.0,0.0,0.0,0.0,0.0,0.0,0.0,0.0,0.0,0.0,0.0,0.0,0.0,0.0
5956,0.0,0.0,0.0,0.0,0.0,0.0,0.0,0.0,0.0,0.0,0.0,0.0,0.0,0.0,0.0,0.0,0.0,0.0,0.0,0.0,0.0,0.0,0.0,0.0,0.0,0.0,0.0,0.0,0.0,0.0,0.0,0.0,0.0,0.0,0.0,0.0,0.0,0.0,0.0,0.0,0.0,0.0,0.0,0.0,0.0,0.0,0.0,0.0,0.0,0.0,0.0,0.0,0.0,0.0,0.0,0.0,0.0,0.0,0.0,0.0,0.0,0.0,0.0,0.0
5957,0.0,0.0,0.0,0.0,0.0,0.0,0.0,0.0,0.0,0.0,0.0,0.0,0.0,0.0,0.0,0.0,0.0,0.0,0.0,0.0,0.0,0.0,0.0,0.0,0.0,0.0,0.0,0.0,0.0,0.0,0.0,0.0,0.0,0.0,0.0,0.0,0.0,0.0,0.0,0.0,0.0,0.0,0.0,0.0,0.0,0.0,0.0,0.0,0.0,0.0,0.0,0.0,0.0,0.0,0.0,0.0,0.0,0.0,0.0,0.0,0.0,0.0,0.0,0.0
5958,0.0,0.0,0.0,0.0,0.0,0.0,0.0,0.0,0.0,0.0,0.0,0.0,0.0,0.0,0.0,0.0,0.0,0.0,0.0,0.0,0.0,0.0,0.0,0.0,0.0,0.0,0.0,0.0,0.0,0.0,0.0,0.0,0.0,0.0,0.0,0.0,0.0,0.0,0.0,0.0,0.0,0.0,0.0,0.0,0.0,0.0,0.0,0.0,0.0,0.0,0.0,0.0,0.0,0.0,0.0,0.0,0.0,0.0,0.0,0.0,0.0,0.0,0.0,0.0
5959,0.0,0.0,0.0,0.0,0.0,0.0,0.0,0.0,0.0,0.0,0.0,0.0,0.0,0.0,0.0,0.0,0.0,0.0,0.0,0.0,0.0,0.0,0.0,0.0,0.0,0.0,0.0,0.0,0.0,0.0,0.0,0.0,0.0,0.0,0.0,0.0,0.0,0.0,0.0,0.0,0.0,0.0,0.0,0.0,0.0,0.0,0.0,0.0,0.0,0.0,0.0,0.0,0.0,0.0,0.0,0.0,0.0,0.0,0.0,0.0,0.0,0.0,0.0,0.0
5960,0.0,0.0,0.0,0.0,0.0,0.0,0.0,0.0,0.0,0.0,0.0,0.0,0.0,0.0,0.0,0.0,0.0,0.0,0.0,0.0,0.0,0.0,0.0,0.0,0.0,0.0,0.0,0.0,0.0,0.0,0.0,0.0,0.0,0.0,0.0,0.0,0.0,0.0,0.0,0.0,0.0,0.0,0.0,0.0,0.0,0.0,0.0,0.0,0.0,0.0,0.0,0.0,0.0,0.0,0.0,0.0,0.0,0.0,0.0,0.0,0.0,0.0,0.0,0.0
5961,0.0,0.0,0.0,0.0,0.0,0.0,0.0,0.0,0.0,0.0,0.0,0.0,0.0,0.0,0.0,0.0,0.0,0.0,0.0,0.0,0.0,0.0,0.0,0.0,0.0,0.0,0.0,0.0,0.0,0.0,0.0,0.0,0.0,0.0,0.0,0.0,0.0,0.0,0.0,0.0,0.0,0.0,0.0,0.0,0.0,0.0,0.0,0.0,0.0,0.0,0.0,0.0,0.0,0.0,0.0,0.0,0.0,0.0,0.0,0.0,0.0,0.0,0.0,0.0
5962,0.0,0.09,0.08,0.0,0.0,0.1,0.0,0.0,0.14,0.16,0.13,0.14,0.05,0.07,0.16,0.06,0.13,0.18,0.18,0.07,0.16,0.16,0.2,0.13,0.04,0.09,0.0,0.0,0.09,0.09,0.09,0.0,0.0,0.0,0.0,0.1,0.12,0.12,0.1,0.12,0.12,0.1,0.11,0.12,0.12,0.1,0.09,0.0,0.0,0.11,0.09,0.09,0.1,0.09,0.11,0.09,0.0,0.09,0.09,0.1,0.09,0.09,0.09,0.09
5963,0.0,0.48,0.47,0.0,0.0,0.46,0.0,0.0,0.55,0.6,0.53,0.56,0.6,0.58,0.57,0.56,0.53,0.61,0.62,0.56,0.59,0.58,0.61,0.53,0.53,0.47,0.0,0.0,0.48,0.48,0.48,0.0,0.0,0.0,0.0,0.49,0.51,0.52,0.5,0.52,0.51,0.5,0.5,0.51,0.52,0.5,0.44,0.0,0.0,0.45,0.48,0.48,0.5,0.47,0.51,0.47,0.0,0.48,0.48,0.49,0.48,0.48,0.48,0.48
5964,0.0,0.66,0.67,0.0,0.0,0.64,0.0,0.0,0.68,0.72,0.68,0.7,0.7,0.69,0.68,0.66,0.69,0.72,0.73,0.68,0.72,0.7,0.71,0.67,0.63,0.67,0.0,0.0,0.65,0.66,0.65,0.0,0.0,0.0,0.0,0.65,0.67,0.69,0.66,0.68,0.68,0.66,0.67,0.67,0.67,0.66,0.64,0.0,0.0,0.61,0.66,0.67,0.66,0.66,0.66,0.66,0.0,0.66,0.64,0.66,0.66,0.66,0.66,0.64
5965,0.0,0.72,0.72,0.0,0.0,0.69,0.0,0.0,0.72,0.77,0.72,0.74,0.74,0.73,0.72,0.71,0.72,0.76,0.76,0.72,0.76,0.73,0.74,0.72,0.7,0.72,0.0,0.0,0.7,0.72,0.72,0.0,0.0,0.0,0.0,0.71,0.73,0.73,0.71,0.73,0.74,0.72,0.72,0.72,0.73,0.72,0.67,0.0,0.0,0.68,0.72,0.7,0.72,0.71,0.72,0.71,0.0,0.72,0.71,0.72,0.7,0.72,0.69,0.71
5966,0.0,0.71,0.72,0.0,0.0,0.71,0.0,0.0,0.72,0.76,0.72,0.75,0.74,0.72,0.72,0.72,0.75,0.76,0.77,0.71,0.78,0.72,0.74,0.73,0.74,0.73,0.0,0.0,0.73,0.71,0.72,0.0,0.0,0.0,0.0,0.71,0.73,0.75,0.72,0.75,0.75,0.71,0.72,0.73,0.74,0.72,0.7,0.0,0.0,0.72,0.74,0.73,0.74,0.73,0.74,0.73,0.0,0.74,0.74,0.74,0.74,0.74,0.73,0.74
5967,0.0,0.73,0.73,0.0,0.0,0.75,0.0,0.0,0.72,0.76,0.73,0.76,0.72,0.7,0.71,0.72,0.75,0.76,0.77,0.7,0.78,0.72,0.73,0.74,0.75,0.75,0.0,0.0,0.74,0.73,0.74,0.0,0.0,0.0,0.0,0.72,0.73,0.76,0.73,0.77,0.76,0.72,0.73,0.73,0.74,0.73,0.73,0.0,0.0,0.74,0.76,0.75,0.75,0.74,0.75,0.73,0.0,0.74,0.74,0.74,0.75,0.75,0.75,0.74
5968,0.0,0.74,0.74,0.0,0.0,0.76,0.0,0.0,0.74,0.77,0.74,0.77,0.72,0.72,0.74,0.75,0.76,0.77,0.77,0.73,0.77,0.73,0.72,0.75,0.76,0.76,0.0,0.0,0.75,0.74,0.75,0.0,0.0,0.0,0.0,0.73,0.74,0.77,0.74,0.78,0.77,0.74,0.73,0.74,0.75,0.74,0.75,0.0,0.0,0.76,0.77,0.76,0.76,0.75,0.76,0.74,0.0,0.74,0.75,0.71,0.76,0.77,0.76,0.75
5969,0.0,0.73,0.74,0.0,0.0,0.76,0.0,0.0,0.74,0.74,0.74,0.76,0.7,0.72,0.76,0.76,0.75,0.75,0.69,0.75,0.06,0.72,0.71,0.75,0.76,0.75,0.0,0.0,0.75,0.74,0.74,0.0,0.0,0.0,0.0,0.72,0.74,0.76,0.74,0.77,0.76,0.74,0.73,0.75,0.75,0.75,0.76,0.0,0.0,0.76,0.76,0.76,0.36,0.76,0.15,0.36,0.0,0.75,0.75,0.1,0.76,0.76,0.75,0.76
5970,0.0,0.72,0.72,0.0,0.0,0.74,0.0,0.0,0.74,0.06,0.73,0.09,0.69,0.72,0.74,0.75,0.48,0.1,0.07,0.74,0.09,0.72,0.7,0.74,0.74,0.73,0.0,0.0,0.73,0.72,0.73,0.0,0.0,0.0,0.0,0.71,0.72,0.74,0.73,0.74,0.73,0.72,0.72,0.74,0.74,0.73,0.74,0.0,0.0,0.75,0.75,0.74,0.74,0.05,0.04,0.09,0.0,0.28,0.74,0.51,0.75,0.75,0.73,0.75
5971,0.0,0.68,0.69,0.0,0.0,0.7,0.0,0.0,0.7,0.03,0.69,0.45,0.65,0.68,0.69,0.69,0.17,0.06,0.04,0.7,0.06,0.68,0.64,0.69,0.71,0.69,0.0,0.0,0.69,0.68,0.69,0.0,0.0,0.0,0.0,0.68,0.69,0.08,0.69,0.12,0.12,0.68,0.68,0.69,0.69,0.69,0.7,0.0,0.0,0.7,0.71,0.7,0.04,0.7,0.06,0.01,0.0,0.04,0.7,0.07,0.7,0.71,0.69,0.7
5972,0.0,0.65,0.65,0.0,0.0,0.66,0.0,0.0,0.65,0.14,0.65,0.65,0.62,0.64,0.65,0.65,0.05,0.63,0.01,0.65,0.01,0.64,0.58,0.65,0.66,0.66,0.0,0.0,0.65,0.65,0.65,0.0,0.0,0.0,0.0,0.65,0.66,0.05,0.65,0.04,0.65,0.65,0.64,0.65,0.66,0.66,0.66,0.0,0.0,0.66,0.03,0.66,0.66,0.27,0.01,0.02,0.0,0.07,0.05,0.04,0.66,0.03,0.66,0.66
5973,0.0,0.34,0.35,0.0,0.0,0.32,0.0,0.0,0.27,0.0,0.28,0.02,0.21,0.25,0.25,0.26,0.29,0.23,0.07,0.26,0.04,0.24,0.2,0.29,0.29,0.35,0.0,0.0,0.34,0.35,0.34,0.0,0.0,0.0,0.0,0.32,0.3,0.3,0.32,0.3,0.31,0.32,0.31,0.3,0.3,0.32,0.32,0.0,0.0,0.31,0.33,0.35,0.02,0.02,0.0,0.0,0.0,0.01,0.33,0.26,0.04,0.12,0.34,0.34
5974,0.0,0.0,0.0,0.0,0.0,0.0,0.0,0.0,0.0,0.0,0.0,0.0,0.0,0.0,0.0,0.0,0.0,0.0,0.0,0.0,0.0,0.0,0.0,0.0,0.0,0.0,0.0,0.0,0.0,0.0,0.0,0.0,0.0,0.0,0.0,0.0,0.0,0.0,0.0,0.0,0.0,0.0,0.0,0.0,0.0,0.0,0.0,0.0,0.0,0.0,0.0,0.0,0.0,0.0,0.0,0.0,0.0,0.0,0.0,0.0,0.0,0.0,0.0,0.0
5975,0.0,0.0,0.0,0.0,0.0,0.0,0.0,0.0,0.0,0.0,0.0,0.0,0.0,0.0,0.0,0.0,0.0,0.0,0.0,0.0,0.0,0.0,0.0,0.0,0.0,0.0,0.0,0.0,0.0,0.0,0.0,0.0,0.0,0.0,0.0,0.0,0.0,0.0,0.0,0.0,0.0,0.0,0.0,0.0,0.0,0.0,0.0,0.0,0.0,0.0,0.0,0.0,0.0,0.0,0.0,0.0,0.0,0.0,0.0,0.0,0.0,0.0,0.0,0.0
5976,0.0,0.0,0.0,0.0,0.0,0.0,0.0,0.0,0.0,0.0,0.0,0.0,0.0,0.0,0.0,0.0,0.0,0.0,0.0,0.0,0.0,0.0,0.0,0.0,0.0,0.0,0.0,0.0,0.0,0.0,0.0,0.0,0.0,0.0,0.0,0.0,0.0,0.0,0.0,0.0,0.0,0.0,0.0,0.0,0.0,0.0,0.0,0.0,0.0,0.0,0.0,0.0,0.0,0.0,0.0,0.0,0.0,0.0,0.0,0.0,0.0,0.0,0.0,0.0
5977,0.0,0.0,0.0,0.0,0.0,0.0,0.0,0.0,0.0,0.0,0.0,0.0,0.0,0.0,0.0,0.0,0.0,0.0,0.0,0.0,0.0,0.0,0.0,0.0,0.0,0.0,0.0,0.0,0.0,0.0,0.0,0.0,0.0,0.0,0.0,0.0,0.0,0.0,0.0,0.0,0.0,0.0,0.0,0.0,0.0,0.0,0.0,0.0,0.0,0.0,0.0,0.0,0.0,0.0,0.0,0.0,0.0,0.0,0.0,0.0,0.0,0.0,0.0,0.0
5978,0.0,0.0,0.0,0.0,0.0,0.0,0.0,0.0,0.0,0.0,0.0,0.0,0.0,0.0,0.0,0.0,0.0,0.0,0.0,0.0,0.0,0.0,0.0,0.0,0.0,0.0,0.0,0.0,0.0,0.0,0.0,0.0,0.0,0.0,0.0,0.0,0.0,0.0,0.0,0.0,0.0,0.0,0.0,0.0,0.0,0.0,0.0,0.0,0.0,0.0,0.0,0.0,0.0,0.0,0.0,0.0,0.0,0.0,0.0,0.0,0.0,0.0,0.0,0.0
5979,0.0,0.0,0.0,0.0,0.0,0.0,0.0,0.0,0.0,0.0,0.0,0.0,0.0,0.0,0.0,0.0,0.0,0.0,0.0,0.0,0.0,0.0,0.0,0.0,0.0,0.0,0.0,0.0,0.0,0.0,0.0,0.0,0.0,0.0,0.0,0.0,0.0,0.0,0.0,0.0,0.0,0.0,0.0,0.0,0.0,0.0,0.0,0.0,0.0,0.0,0.0,0.0,0.0,0.0,0.0,0.0,0.0,0.0,0.0,0.0,0.0,0.0,0.0,0.0
5980,0.0,0.0,0.0,0.0,0.0,0.0,0.0,0.0,0.0,0.0,0.0,0.0,0.0,0.0,0.0,0.0,0.0,0.0,0.0,0.0,0.0,0.0,0.0,0.0,0.0,0.0,0.0,0.0,0.0,0.0,0.0,0.0,0.0,0.0,0.0,0.0,0.0,0.0,0.0,0.0,0.0,0.0,0.0,0.0,0.0,0.0,0.0,0.0,0.0,0.0,0.0,0.0,0.0,0.0,0.0,0.0,0.0,0.0,0.0,0.0,0.0,0.0,0.0,0.0
5981,0.0,0.0,0.0,0.0,0.0,0.0,0.0,0.0,0.0,0.0,0.0,0.0,0.0,0.0,0.0,0.0,0.0,0.0,0.0,0.0,0.0,0.0,0.0,0.0,0.0,0.0,0.0,0.0,0.0,0.0,0.0,0.0,0.0,0.0,0.0,0.0,0.0,0.0,0.0,0.0,0.0,0.0,0.0,0.0,0.0,0.0,0.0,0.0,0.0,0.0,0.0,0.0,0.0,0.0,0.0,0.0,0.0,0.0,0.0,0.0,0.0,0.0,0.0,0.0
5982,0.0,0.0,0.0,0.0,0.0,0.0,0.0,0.0,0.0,0.0,0.0,0.0,0.0,0.0,0.0,0.0,0.0,0.0,0.0,0.0,0.0,0.0,0.0,0.0,0.0,0.0,0.0,0.0,0.0,0.0,0.0,0.0,0.0,0.0,0.0,0.0,0.0,0.0,0.0,0.0,0.0,0.0,0.0,0.0,0.0,0.0,0.0,0.0,0.0,0.0,0.0,0.0,0.0,0.0,0.0,0.0,0.0,0.0,0.0,0.0,0.0,0.0,0.0,0.0
5983,0.0,0.0,0.0,0.0,0.0,0.0,0.0,0.0,0.0,0.0,0.0,0.0,0.0,0.0,0.0,0.0,0.0,0.0,0.0,0.0,0.0,0.0,0.0,0.0,0.0,0.0,0.0,0.0,0.0,0.0,0.0,0.0,0.0,0.0,0.0,0.0,0.0,0.0,0.0,0.0,0.0,0.0,0.0,0.0,0.0,0.0,0.0,0.0,0.0,0.0,0.0,0.0,0.0,0.0,0.0,0.0,0.0,0.0,0.0,0.0,0.0,0.0,0.0,0.0
5984,0.0,0.0,0.0,0.0,0.0,0.0,0.0,0.0,0.0,0.0,0.0,0.0,0.0,0.0,0.0,0.0,0.0,0.0,0.0,0.0,0.0,0.0,0.0,0.0,0.0,0.0,0.0,0.0,0.0,0.0,0.0,0.0,0.0,0.0,0.0,0.0,0.0,0.0,0.0,0.0,0.0,0.0,0.0,0.0,0.0,0.0,0.0,0.0,0.0,0.0,0.0,0.0,0.0,0.0,0.0,0.0,0.0,0.0,0.0,0.0,0.0,0.0,0.0,0.0
5985,0.0,0.0,0.0,0.0,0.0,0.0,0.0,0.0,0.0,0.0,0.0,0.0,0.0,0.0,0.0,0.0,0.0,0.0,0.0,0.0,0.0,0.0,0.0,0.0,0.0,0.0,0.0,0.0,0.0,0.0,0.0,0.0,0.0,0.0,0.0,0.0,0.0,0.0,0.0,0.0,0.0,0.0,0.0,0.0,0.0,0.0,0.0,0.0,0.0,0.0,0.0,0.0,0.0,0.0,0.0,0.0,0.0,0.0,0.0,0.0,0.0,0.0,0.0,0.0
5986,0.0,0.08,0.08,0.0,0.0,0.01,0.0,0.0,0.11,0.06,0.11,0.0,0.0,0.01,0.01,0.0,0.02,0.01,0.01,0.0,0.04,0.01,0.0,0.12,0.04,0.08,0.0,0.0,0.09,0.08,0.08,0.0,0.0,0.0,0.0,0.03,0.11,0.01,0.1,0.01,0.01,0.1,0.1,0.05,0.09,0.1,0.01,0.0,0.0,0.01,0.08,0.01,0.0,0.02,0.09,0.01,0.0,0.06,0.01,0.08,0.01,0.08,0.08,0.0
5987,0.0,0.46,0.45,0.0,0.0,0.16,0.0,0.0,0.5,0.58,0.13,0.5,0.04,0.03,0.0,0.04,0.05,0.5,0.09,0.11,0.31,0.02,0.0,0.12,0.52,0.46,0.0,0.0,0.42,0.46,0.46,0.0,0.0,0.0,0.0,0.47,0.04,0.51,0.39,0.06,0.02,0.43,0.38,0.08,0.04,0.23,0.1,0.0,0.0,0.13,0.46,0.22,0.5,0.16,0.48,0.12,0.0,0.46,0.47,0.5,0.4,0.44,0.04,0.48
5988,0.0,0.65,0.66,0.0,0.0,0.65,0.0,0.0,0.06,0.73,0.13,0.07,0.04,0.18,0.39,0.26,0.18,0.71,0.71,0.16,0.72,0.7,0.06,0.64,0.67,0.36,0.0,0.0,0.16,0.66,0.66,0.0,0.0,0.0,0.0,0.66,0.57,0.06,0.3,0.07,0.06,0.63,0.15,0.13,0.1,0.16,0.37,0.0,0.0,0.65,0.68,0.67,0.09,0.67,0.7,0.47,0.0,0.18,0.18,0.7,0.69,0.68,0.68,0.28
5989,0.0,0.64,0.64,0.0,0.0,0.69,0.0,0.0,0.04,0.78,0.04,0.23,0.05,0.1,0.08,0.13,0.76,0.73,0.74,0.08,0.77,0.11,0.12,0.14,0.71,0.19,0.0,0.0,0.72,0.66,0.66,0.0,0.0,0.0,0.0,0.16,0.08,0.23,0.73,0.44,0.74,0.26,0.19,0.15,0.09,0.51,0.7,0.0,0.0,0.7,0.74,0.73,0.76,0.74,0.76,0.75,0.0,0.75,0.26,0.75,0.28,0.74,0.72,0.2
5990,0.0,0.39,0.69,0.0,0.0,0.7,0.0,0.0,0.08,0.79,0.13,0.24,0.71,0.11,0.08,0.13,0.76,0.76,0.78,0.09,0.78,0.14,0.73,0.19,0.72,0.71,0.0,0.0,0.71,0.48,0.7,0.0,0.0,0.0,0.0,0.14,0.1,0.76,0.71,0.5,0.5,0.69,0.72,0.22,0.18,0.72,0.7,0.0,0.0,0.71,0.72,0.4,0.77,0.77,0.77,0.76,0.0,0.77,0.69,0.76,0.19,0.75,0.33,0.23
5991,0.0,0.68,0.4,0.0,0.0,0.69,0.0,0.0,0.1,0.78,0.33,0.79,0.73,0.18,0.14,0.12,0.76,0.78,0.78,0.08,0.78,0.29,0.76,0.13,0.71,0.4,0.0,0.0,0.32,0.7,0.68,0.0,0.0,0.0,0.0,0.18,0.1,0.76,0.69,0.77,0.74,0.7,0.68,0.21,0.1,0.7,0.69,0.0,0.0,0.7,0.71,0.68,0.76,0.75,0.77,0.75,0.0,0.77,0.7,0.76,0.33,0.74,0.36,0.68
5992,0.0,0.14,0.2,0.0,0.0,0.72,0.0,0.0,0.73,0.79,0.71,0.76,0.75,0.3,0.15,0.1,0.71,0.78,0.78,0.12,0.78,0.75,0.77,0.08,0.7,0.25,0.0,0.0,0.28,0.1,0.28,0.0,0.0,0.0,0.0,0.24,0.11,0.66,0.72,0.67,0.35,0.72,0.68,0.07,0.08,0.71,0.71,0.0,0.0,0.71,0.74,0.66,0.73,0.72,0.77,0.71,0.0,0.73,0.72,0.76,0.69,0.71,0.21,0.71
5993,0.0,0.29,0.2,0.0,0.0,0.73,0.0,0.0,0.68,0.78,0.67,0.72,0.73,0.72,0.16,0.14,0.7,0.75,0.77,0.72,0.78,0.73,0.75,0.07,0.68,0.33,0.0,0.0,0.18,0.21,0.68,0.0,0.0,0.0,0.0,0.17,0.23,0.28,0.34,0.66,0.68,0.38,0.66,0.07,0.08,0.3,0.71,0.0,0.0,0.72,0.74,0.63,0.75,0.75,0.75,0.71,0.0,0.73,0.73,0.69,0.37,0.75,0.06,0.72
5994,0.0,0.18,0.13,0.0,0.0,0.73,0.0,0.0,0.66,0.76,0.64,0.69,0.71,0.65,0.52,0.17,0.63,0.74,0.74,0.67,0.72,0.65,0.72,0.04,0.68,0.03,0.0,0.0,0.14,0.05,0.01,0.0,0.0,0.0,0.0,0.08,0.06,0.22,0.05,0.6,0.07,0.03,0.06,0.05,0.07,0.07,0.72,0.0,0.0,0.72,0.72,0.68,0.74,0.73,0.76,0.63,0.0,0.73,0.7,0.74,0.67,0.74,0.14,0.68
5995,0.0,0.07,0.54,0.0,0.0,0.7,0.0,0.0,0.62,0.74,0.1,0.62,0.66,0.64,0.66,0.24,0.64,0.6,0.61,0.63,0.71,0.65,0.59,0.02,0.64,0.01,0.0,0.0,0.06,0.06,0.01,0.0,0.0,0.0,0.0,0.03,0.07,0.04,0.01,0.05,0.03,0.01,0.07,0.03,0.04,0.02,0.29,0.0,0.0,0.22,0.41,0.57,0.62,0.45,0.72,0.45,0.0,0.51,0.42,0.58,0.41,0.47,0.06,0.4
5996,0.0,0.06,0.06,0.0,0.0,0.11,0.0,0.0,0.03,0.65,0.04,0.52,0.57,0.57,0.54,0.13,0.45,0.6,0.62,0.45,0.62,0.56,0.45,0.02,0.58,0.0,0.0,0.0,0.01,0.02,0.0,0.0,0.0,0.0,0.0,0.0,0.04,0.03,0.09,0.01,0.03,0.05,0.05,0.02,0.02,0.34,0.05,0.0,0.0,0.06,0.37,0.14,0.28,0.38,0.47,0.43,0.0,0.35,0.06,0.44,0.18,0.38,0.02,0.06
5997,0.0,0.0,0.0,0.0,0.0,0.03,0.0,0.0,0.01,0.25,0.01,0.1,0.18,0.17,0.03,0.01,0.09,0.19,0.19,0.09,0.19,0.18,0.15,0.01,0.25,0.01,0.0,0.0,0.0,0.0,0.0,0.0,0.0,0.0,0.0,0.0,0.02,0.03,0.0,0.0,0.12,0.0,0.01,0.0,0.01,0.01,0.02,0.0,0.0,0.02,0.04,0.04,0.17,0.13,0.18,0.22,0.0,0.14,0.02,0.17,0.01,0.14,0.01,0.01
5998,0.0,0.0,0.0,0.0,0.0,0.0,0.0,0.0,0.0,0.0,0.0,0.0,0.0,0.0,0.0,0.0,0.0,0.0,0.0,0.0,0.0,0.0,0.0,0.0,0.0,0.0,0.0,0.0,0.0,0.0,0.0,0.0,0.0,0.0,0.0,0.0,0.0,0.0,0.0,0.0,0.0,0.0,0.0,0.0,0.0,0.0,0.0,0.0,0.0,0.0,0.0,0.0,0.0,0.0,0.0,0.0,0.0,0.0,0.0,0.0,0.0,0.0,0.0,0.0
5999,0.0,0.0,0.0,0.0,0.0,0.0,0.0,0.0,0.0,0.0,0.0,0.0,0.0,0.0,0.0,0.0,0.0,0.0,0.0,0.0,0.0,0.0,0.0,0.0,0.0,0.0,0.0,0.0,0.0,0.0,0.0,0.0,0.0,0.0,0.0,0.0,0.0,0.0,0.0,0.0,0.0,0.0,0.0,0.0,0.0,0.0,0.0,0.0,0.0,0.0,0.0,0.0,0.0,0.0,0.0,0.0,0.0,0.0,0.0,0.0,0.0,0.0,0.0,0.0
6000,0.0,0.0,0.0,0.0,0.0,0.0,0.0,0.0,0.0,0.0,0.0,0.0,0.0,0.0,0.0,0.0,0.0,0.0,0.0,0.0,0.0,0.0,0.0,0.0,0.0,0.0,0.0,0.0,0.0,0.0,0.0,0.0,0.0,0.0,0.0,0.0,0.0,0.0,0.0,0.0,0.0,0.0,0.0,0.0,0.0,0.0,0.0,0.0,0.0,0.0,0.0,0.0,0.0,0.0,0.0,0.0,0.0,0.0,0.0,0.0,0.0,0.0,0.0,0.0
6001,0.0,0.0,0.0,0.0,0.0,0.0,0.0,0.0,0.0,0.0,0.0,0.0,0.0,0.0,0.0,0.0,0.0,0.0,0.0,0.0,0.0,0.0,0.0,0.0,0.0,0.0,0.0,0.0,0.0,0.0,0.0,0.0,0.0,0.0,0.0,0.0,0.0,0.0,0.0,0.0,0.0,0.0,0.0,0.0,0.0,0.0,0.0,0.0,0.0,0.0,0.0,0.0,0.0,0.0,0.0,0.0,0.0,0.0,0.0,0.0,0.0,0.0,0.0,0.0
6002,0.0,0.0,0.0,0.0,0.0,0.0,0.0,0.0,0.0,0.0,0.0,0.0,0.0,0.0,0.0,0.0,0.0,0.0,0.0,0.0,0.0,0.0,0.0,0.0,0.0,0.0,0.0,0.0,0.0,0.0,0.0,0.0,0.0,0.0,0.0,0.0,0.0,0.0,0.0,0.0,0.0,0.0,0.0,0.0,0.0,0.0,0.0,0.0,0.0,0.0,0.0,0.0,0.0,0.0,0.0,0.0,0.0,0.0,0.0,0.0,0.0,0.0,0.0,0.0
6003,0.0,0.0,0.0,0.0,0.0,0.0,0.0,0.0,0.0,0.0,0.0,0.0,0.0,0.0,0.0,0.0,0.0,0.0,0.0,0.0,0.0,0.0,0.0,0.0,0.0,0.0,0.0,0.0,0.0,0.0,0.0,0.0,0.0,0.0,0.0,0.0,0.0,0.0,0.0,0.0,0.0,0.0,0.0,0.0,0.0,0.0,0.0,0.0,0.0,0.0,0.0,0.0,0.0,0.0,0.0,0.0,0.0,0.0,0.0,0.0,0.0,0.0,0.0,0.0
6004,0.0,0.0,0.0,0.0,0.0,0.0,0.0,0.0,0.0,0.0,0.0,0.0,0.0,0.0,0.0,0.0,0.0,0.0,0.0,0.0,0.0,0.0,0.0,0.0,0.0,0.0,0.0,0.0,0.0,0.0,0.0,0.0,0.0,0.0,0.0,0.0,0.0,0.0,0.0,0.0,0.0,0.0,0.0,0.0,0.0,0.0,0.0,0.0,0.0,0.0,0.0,0.0,0.0,0.0,0.0,0.0,0.0,0.0,0.0,0.0,0.0,0.0,0.0,0.0
6005,0.0,0.0,0.0,0.0,0.0,0.0,0.0,0.0,0.0,0.0,0.0,0.0,0.0,0.0,0.0,0.0,0.0,0.0,0.0,0.0,0.0,0.0,0.0,0.0,0.0,0.0,0.0,0.0,0.0,0.0,0.0,0.0,0.0,0.0,0.0,0.0,0.0,0.0,0.0,0.0,0.0,0.0,0.0,0.0,0.0,0.0,0.0,0.0,0.0,0.0,0.0,0.0,0.0,0.0,0.0,0.0,0.0,0.0,0.0,0.0,0.0,0.0,0.0,0.0
6006,0.0,0.0,0.0,0.0,0.0,0.0,0.0,0.0,0.0,0.0,0.0,0.0,0.0,0.0,0.0,0.0,0.0,0.0,0.0,0.0,0.0,0.0,0.0,0.0,0.0,0.0,0.0,0.0,0.0,0.0,0.0,0.0,0.0,0.0,0.0,0.0,0.0,0.0,0.0,0.0,0.0,0.0,0.0,0.0,0.0,0.0,0.0,0.0,0.0,0.0,0.0,0.0,0.0,0.0,0.0,0.0,0.0,0.0,0.0,0.0,0.0,0.0,0.0,0.0
6007,0.0,0.0,0.0,0.0,0.0,0.0,0.0,0.0,0.0,0.0,0.0,0.0,0.0,0.0,0.0,0.0,0.0,0.0,0.0,0.0,0.0,0.0,0.0,0.0,0.0,0.0,0.0,0.0,0.0,0.0,0.0,0.0,0.0,0.0,0.0,0.0,0.0,0.0,0.0,0.0,0.0,0.0,0.0,0.0,0.0,0.0,0.0,0.0,0.0,0.0,0.0,0.0,0.0,0.0,0.0,0.0,0.0,0.0,0.0,0.0,0.0,0.0,0.0,0.0
6008,0.0,0.0,0.0,0.0,0.0,0.0,0.0,0.0,0.0,0.0,0.0,0.0,0.0,0.0,0.0,0.0,0.0,0.0,0.0,0.0,0.0,0.0,0.0,0.0,0.0,0.0,0.0,0.0,0.0,0.0,0.0,0.0,0.0,0.0,0.0,0.0,0.0,0.0,0.0,0.0,0.0,0.0,0.0,0.0,0.0,0.0,0.0,0.0,0.0,0.0,0.0,0.0,0.0,0.0,0.0,0.0,0.0,0.0,0.0,0.0,0.0,0.0,0.0,0.0
6009,0.0,0.0,0.0,0.0,0.0,0.0,0.0,0.0,0.0,0.0,0.0,0.0,0.0,0.0,0.0,0.0,0.0,0.0,0.0,0.0,0.0,0.0,0.0,0.0,0.0,0.0,0.0,0.0,0.0,0.0,0.0,0.0,0.0,0.0,0.0,0.0,0.0,0.0,0.0,0.0,0.0,0.0,0.0,0.0,0.0,0.0,0.0,0.0,0.0,0.0,0.0,0.0,0.0,0.0,0.0,0.0,0.0,0.0,0.0,0.0,0.0,0.0,0.0,0.0
6010,0.0,0.0,0.0,0.0,0.0,0.0,0.0,0.0,0.0,0.16,0.01,0.13,0.02,0.01,0.0,0.0,0.07,0.17,0.17,0.0,0.15,0.01,0.08,0.0,0.01,0.0,0.0,0.0,0.0,0.0,0.0,0.0,0.0,0.0,0.0,0.0,0.0,0.02,0.0,0.04,0.01,0.0,0.0,0.0,0.0,0.0,0.0,0.0,0.0,0.0,0.0,0.0,0.1,0.08,0.1,0.08,0.0,0.09,0.0,0.1,0.0,0.0,0.0,0.03
6011,0.0,0.0,0.01,0.0,0.0,0.18,0.0,0.0,0.06,0.57,0.06,0.54,0.08,0.03,0.02,0.03,0.25,0.57,0.59,0.02,0.57,0.05,0.23,0.01,0.08,0.01,0.0,0.0,0.01,0.0,0.01,0.0,0.0,0.0,0.0,0.0,0.02,0.08,0.01,0.11,0.05,0.0,0.01,0.0,0.01,0.01,0.29,0.0,0.0,0.08,0.03,0.03,0.48,0.48,0.51,0.48,0.0,0.48,0.04,0.5,0.33,0.03,0.01,0.05
6012,0.0,0.02,0.02,0.0,0.0,0.29,0.0,0.0,0.15,0.69,0.06,0.55,0.2,0.05,0.07,0.05,0.25,0.65,0.7,0.07,0.68,0.05,0.39,0.02,0.04,0.01,0.0,0.0,0.01,0.02,0.0,0.0,0.0,0.0,0.0,0.01,0.03,0.12,0.02,0.12,0.12,0.01,0.01,0.01,0.02,0.02,0.32,0.0,0.0,0.32,0.61,0.1,0.66,0.66,0.67,0.65,0.0,0.66,0.6,0.67,0.46,0.22,0.02,0.52
6013,0.0,0.07,0.06,0.0,0.0,0.26,0.0,0.0,0.07,0.76,0.06,0.28,0.35,0.14,0.06,0.06,0.19,0.69,0.73,0.13,0.74,0.08,0.26,0.02,0.29,0.04,0.0,0.0,0.01,0.1,0.04,0.0,0.0,0.0,0.0,0.05,0.04,0.2,0.03,0.12,0.27,0.02,0.02,0.02,0.02,0.03,0.32,0.0,0.0,0.43,0.72,0.12,0.72,0.72,0.72,0.7,0.0,0.72,0.69,0.73,0.47,0.72,0.03,0.61
6014,0.0,0.17,0.14,0.0,0.0,0.34,0.0,0.0,0.09,0.78,0.09,0.26,0.24,0.15,0.15,0.05,0.4,0.46,0.54,0.1,0.75,0.18,0.31,0.02,0.27,0.05,0.0,0.0,0.03,0.05,0.03,0.0,0.0,0.0,0.0,0.06,0.04,0.14,0.03,0.12,0.12,0.02,0.02,0.01,0.03,0.03,0.25,0.0,0.0,0.26,0.74,0.15,0.73,0.72,0.75,0.73,0.0,0.73,0.67,0.75,0.37,0.74,0.04,0.52
6015,0.0,0.14,0.11,0.0,0.0,0.3,0.0,0.0,0.17,0.78,0.14,0.35,0.11,0.18,0.09,0.06,0.18,0.31,0.34,0.12,0.75,0.17,0.25,0.03,0.17,0.05,0.0,0.0,0.03,0.11,0.04,0.0,0.0,0.0,0.0,0.04,0.05,0.18,0.07,0.14,0.16,0.04,0.04,0.03,0.03,0.06,0.34,0.0,0.0,0.27,0.36,0.14,0.18,0.38,0.74,0.75,0.0,0.25,0.27,0.75,0.26,0.5,0.05,0.26
6016,0.0,0.07,0.09,0.0,0.0,0.35,0.0,0.0,0.11,0.78,0.1,0.27,0.64,0.17,0.07,0.07,0.28,0.43,0.44,0.11,0.76,0.15,0.21,0.02,0.11,0.04,0.0,0.0,0.03,0.05,0.03,0.0,0.0,0.0,0.0,0.04,0.06,0.15,0.03,0.15,0.13,0.02,0.04,0.03,0.03,0.04,0.57,0.0,0.0,0.3,0.34,0.15,0.09,0.2,0.65,0.75,0.0,0.75,0.39,0.76,0.35,0.2,0.04,0.36
6017,0.0,0.08,0.15,0.0,0.0,0.03,0.0,0.0,0.1,0.78,0.1,0.25,0.65,0.26,0.04,0.04,0.11,0.42,0.44,0.06,0.51,0.59,0.68,0.02,0.63,0.03,0.0,0.0,0.02,0.09,0.04,0.0,0.0,0.0,0.0,0.03,0.02,0.17,0.03,0.16,0.06,0.03,0.02,0.02,0.02,0.03,0.03,0.0,0.0,0.03,0.25,0.09,0.31,0.18,0.55,0.75,0.0,0.23,0.37,0.64,0.34,0.19,0.03,0.38
6018,0.0,0.02,0.04,0.0,0.0,0.03,0.0,0.0,0.06,0.77,0.08,0.15,0.49,0.17,0.03,0.02,0.06,0.25,0.25,0.02,0.32,0.15,0.26,0.02,0.22,0.05,0.0,0.0,0.02,0.03,0.05,0.0,0.0,0.0,0.0,0.04,0.02,0.07,0.02,0.14,0.05,0.01,0.02,0.02,0.01,0.02,0.08,0.0,0.0,0.01,0.76,0.13,0.48,0.73,0.12,0.74,0.0,0.2,0.73,0.13,0.74,0.12,0.02,0.74
6019,0.0,0.02,0.04,0.0,0.0,0.03,0.0,0.0,0.01,0.66,0.02,0.16,0.08,0.03,0.01,0.0,0.06,0.23,0.23,0.01,0.33,0.04,0.42,0.01,0.12,0.01,0.0,0.0,0.01,0.02,0.01,0.0,0.0,0.0,0.0,0.02,0.01,0.03,0.01,0.04,0.02,0.01,0.01,0.01,0.01,0.01,0.09,0.0,0.0,0.15,0.74,0.48,0.04,0.7,0.05,0.7,0.0,0.23,0.75,0.71,0.75,0.19,0.01,0.75
6020,0.0,0.04,0.02,0.0,0.0,0.1,0.0,0.0,0.0,0.61,0.01,0.1,0.03,0.0,0.01,0.0,0.1,0.3,0.36,0.01,0.58,0.01,0.02,0.0,0.0,0.0,0.0,0.0,0.0,0.01,0.0,0.0,0.0,0.0,0.0,0.01,0.0,0.0,0.01,0.01,0.01,0.0,0.0,0.0,0.0,0.0,0.1,0.0,0.0,0.03,0.65,0.49,0.03,0.1,0.62,0.61,0.0,0.63,0.65,0.62,0.66,0.65,0.0,0.65
6021,0.0,0.0,0.0,0.0,0.0,0.02,0.0,0.0,0.0,0.2,0.0,0.04,0.02,0.0,0.0,0.0,0.01,0.08,0.08,0.0,0.22,0.0,0.0,0.0,0.0,0.0,0.0,0.0,0.0,0.02,0.0,0.0,0.0,0.0,0.0,0.0,0.0,0.0,0.01,0.0,0.0,0.0,0.0,0.0,0.0,0.0,0.08,0.0,0.0,0.08,0.3,0.01,0.28,0.29,0.27,0.03,0.0,0.29,0.3,0.28,0.3,0.3,0.0,0.3
6022,0.0,0.0,0.0,0.0,0.0,0.0,0.0,0.0,0.0,0.0,0.0,0.0,0.0,0.0,0.0,0.0,0.0,0.0,0.0,0.0,0.0,0.0,0.0,0.0,0.0,0.0,0.0,0.0,0.0,0.0,0.0,0.0,0.0,0.0,0.0,0.0,0.0,0.0,0.0,0.0,0.0,0.0,0.0,0.0,0.0,0.0,0.0,0.0,0.0,0.0,0.01,0.01,0.0,0.01,0.0,0.0,0.0,0.0,0.0,0.0,0.0,0.0,0.0,0.0
6023,0.0,0.0,0.0,0.0,0.0,0.0,0.0,0.0,0.0,0.0,0.0,0.0,0.0,0.0,0.0,0.0,0.0,0.0,0.0,0.0,0.0,0.0,0.0,0.0,0.0,0.0,0.0,0.0,0.0,0.0,0.0,0.0,0.0,0.0,0.0,0.0,0.0,0.0,0.0,0.0,0.0,0.0,0.0,0.0,0.0,0.0,0.0,0.0,0.0,0.0,0.0,0.0,0.0,0.0,0.0,0.0,0.0,0.0,0.0,0.0,0.0,0.0,0.0,0.0
6024,0.0,0.0,0.0,0.0,0.0,0.0,0.0,0.0,0.0,0.0,0.0,0.0,0.0,0.0,0.0,0.0,0.0,0.0,0.0,0.0,0.0,0.0,0.0,0.0,0.0,0.0,0.0,0.0,0.0,0.0,0.0,0.0,0.0,0.0,0.0,0.0,0.0,0.0,0.0,0.0,0.0,0.0,0.0,0.0,0.0,0.0,0.0,0.0,0.0,0.0,0.0,0.0,0.0,0.0,0.0,0.0,0.0,0.0,0.0,0.0,0.0,0.0,0.0,0.0
6025,0.0,0.0,0.0,0.0,0.0,0.0,0.0,0.0,0.0,0.0,0.0,0.0,0.0,0.0,0.0,0.0,0.0,0.0,0.0,0.0,0.0,0.0,0.0,0.0,0.0,0.0,0.0,0.0,0.0,0.0,0.0,0.0,0.0,0.0,0.0,0.0,0.0,0.0,0.0,0.0,0.0,0.0,0.0,0.0,0.0,0.0,0.0,0.0,0.0,0.0,0.0,0.0,0.0,0.0,0.0,0.0,0.0,0.0,0.0,0.0,0.0,0.0,0.0,0.0
6026,0.0,0.0,0.0,0.0,0.0,0.0,0.0,0.0,0.0,0.0,0.0,0.0,0.0,0.0,0.0,0.0,0.0,0.0,0.0,0.0,0.0,0.0,0.0,0.0,0.0,0.0,0.0,0.0,0.0,0.0,0.0,0.0,0.0,0.0,0.0,0.0,0.0,0.0,0.0,0.0,0.0,0.0,0.0,0.0,0.0,0.0,0.0,0.0,0.0,0.0,0.0,0.0,0.0,0.0,0.0,0.0,0.0,0.0,0.0,0.0,0.0,0.0,0.0,0.0
6027,0.0,0.0,0.0,0.0,0.0,0.0,0.0,0.0,0.0,0.0,0.0,0.0,0.0,0.0,0.0,0.0,0.0,0.0,0.0,0.0,0.0,0.0,0.0,0.0,0.0,0.0,0.0,0.0,0.0,0.0,0.0,0.0,0.0,0.0,0.0,0.0,0.0,0.0,0.0,0.0,0.0,0.0,0.0,0.0,0.0,0.0,0.0,0.0,0.0,0.0,0.0,0.0,0.0,0.0,0.0,0.0,0.0,0.0,0.0,0.0,0.0,0.0,0.0,0.0
6028,0.0,0.0,0.0,0.0,0.0,0.0,0.0,0.0,0.0,0.0,0.0,0.0,0.0,0.0,0.0,0.0,0.0,0.0,0.0,0.0,0.0,0.0,0.0,0.0,0.0,0.0,0.0,0.0,0.0,0.0,0.0,0.0,0.0,0.0,0.0,0.0,0.0,0.0,0.0,0.0,0.0,0.0,0.0,0.0,0.0,0.0,0.0,0.0,0.0,0.0,0.0,0.0,0.0,0.0,0.0,0.0,0.0,0.0,0.0,0.0,0.0,0.0,0.0,0.0
6029,0.0,0.0,0.0,0.0,0.0,0.0,0.0,0.0,0.0,0.0,0.0,0.0,0.0,0.0,0.0,0.0,0.0,0.0,0.0,0.0,0.0,0.0,0.0,0.0,0.0,0.0,0.0,0.0,0.0,0.0,0.0,0.0,0.0,0.0,0.0,0.0,0.0,0.0,0.0,0.0,0.0,0.0,0.0,0.0,0.0,0.0,0.0,0.0,0.0,0.0,0.0,0.0,0.0,0.0,0.0,0.0,0.0,0.0,0.0,0.0,0.0,0.0,0.0,0.0
6030,0.0,0.0,0.0,0.0,0.0,0.0,0.0,0.0,0.0,0.0,0.0,0.0,0.0,0.0,0.0,0.0,0.0,0.0,0.0,0.0,0.0,0.0,0.0,0.0,0.0,0.0,0.0,0.0,0.0,0.0,0.0,0.0,0.0,0.0,0.0,0.0,0.0,0.0,0.0,0.0,0.0,0.0,0.0,0.0,0.0,0.0,0.0,0.0,0.0,0.0,0.0,0.0,0.0,0.0,0.0,0.0,0.0,0.0,0.0,0.0,0.0,0.0,0.0,0.0
6031,0.0,0.0,0.0,0.0,0.0,0.0,0.0,0.0,0.0,0.0,0.0,0.0,0.0,0.0,0.0,0.0,0.0,0.0,0.0,0.0,0.0,0.0,0.0,0.0,0.0,0.0,0.0,0.0,0.0,0.0,0.0,0.0,0.0,0.0,0.0,0.0,0.0,0.0,0.0,0.0,0.0,0.0,0.0,0.0,0.0,0.0,0.0,0.0,0.0,0.0,0.0,0.0,0.0,0.0,0.0,0.0,0.0,0.0,0.0,0.0,0.0,0.0,0.0,0.0
6032,0.0,0.0,0.0,0.0,0.0,0.0,0.0,0.0,0.0,0.0,0.0,0.0,0.0,0.0,0.0,0.0,0.0,0.0,0.0,0.0,0.0,0.0,0.0,0.0,0.0,0.0,0.0,0.0,0.0,0.0,0.0,0.0,0.0,0.0,0.0,0.0,0.0,0.0,0.0,0.0,0.0,0.0,0.0,0.0,0.0,0.0,0.0,0.0,0.0,0.0,0.0,0.0,0.0,0.0,0.0,0.0,0.0,0.0,0.0,0.0,0.0,0.0,0.0,0.0
6033,0.0,0.0,0.0,0.0,0.0,0.0,0.0,0.0,0.0,0.0,0.0,0.0,0.0,0.0,0.0,0.0,0.0,0.0,0.0,0.0,0.0,0.0,0.0,0.0,0.0,0.0,0.0,0.0,0.0,0.0,0.0,0.0,0.0,0.0,0.0,0.0,0.0,0.0,0.0,0.0,0.0,0.0,0.0,0.0,0.0,0.0,0.0,0.0,0.0,0.0,0.0,0.0,0.0,0.0,0.0,0.0,0.0,0.0,0.0,0.0,0.0,0.0,0.0,0.0
6034,0.0,0.0,0.0,0.0,0.0,0.0,0.0,0.0,0.14,0.16,0.13,0.14,0.01,0.0,0.0,0.0,0.13,0.18,0.02,0.0,0.15,0.0,0.01,0.0,0.0,0.0,0.0,0.0,0.0,0.0,0.0,0.0,0.0,0.0,0.0,0.0,0.0,0.05,0.0,0.12,0.0,0.0,0.02,0.0,0.0,0.0,0.0,0.0,0.0,0.01,0.04,0.0,0.01,0.08,0.02,0.09,0.0,0.03,0.0,0.06,0.0,0.02,0.0,0.0
6035,0.0,0.03,0.04,0.0,0.0,0.08,0.0,0.0,0.05,0.58,0.02,0.57,0.07,0.11,0.02,0.02,0.02,0.6,0.62,0.04,0.58,0.14,0.07,0.01,0.02,0.05,0.0,0.0,0.01,0.02,0.03,0.0,0.0,0.0,0.0,0.02,0.05,0.01,0.0,0.01,0.13,0.01,0.04,0.02,0.01,0.0,0.12,0.0,0.0,0.25,0.01,0.04,0.11,0.5,0.26,0.5,0.0,0.23,0.01,0.17,0.01,0.02,0.03,0.01
6036,0.0,0.04,0.06,0.0,0.0,0.2,0.0,0.0,0.05,0.63,0.02,0.2,0.09,0.06,0.02,0.02,0.65,0.65,0.68,0.05,0.66,0.05,0.65,0.05,0.02,0.07,0.0,0.0,0.02,0.05,0.04,0.0,0.0,0.0,0.0,0.03,0.06,0.66,0.02,0.66,0.08,0.01,0.44,0.02,0.42,0.03,0.41,0.0,0.0,0.6,0.02,0.09,0.25,0.66,0.68,0.65,0.0,0.66,0.02,0.67,0.11,0.02,0.05,0.04
6037,0.0,0.15,0.22,0.0,0.0,0.35,0.0,0.0,0.13,0.71,0.28,0.74,0.13,0.73,0.05,0.07,0.48,0.71,0.72,0.12,0.72,0.16,0.7,0.73,0.12,0.13,0.0,0.0,0.06,0.11,0.07,0.0,0.0,0.0,0.0,0.06,0.72,0.73,0.06,0.72,0.54,0.07,0.14,0.12,0.73,0.06,0.6,0.0,0.0,0.47,0.11,0.37,0.74,0.48,0.74,0.72,0.0,0.72,0.25,0.73,0.75,0.06,0.16,0.75
6038,0.0,0.16,0.38,0.0,0.0,0.71,0.0,0.0,0.17,0.31,0.41,0.76,0.16,0.12,0.74,0.44,0.72,0.74,0.36,0.17,0.75,0.13,0.26,0.75,0.29,0.75,0.0,0.0,0.19,0.19,0.25,0.0,0.0,0.0,0.0,0.26,0.74,0.75,0.09,0.76,0.26,0.11,0.22,0.73,0.74,0.07,0.71,0.0,0.0,0.71,0.67,0.63,0.08,0.76,0.76,0.73,0.0,0.76,0.77,0.74,0.77,0.38,0.75,0.77
6039,0.0,0.34,0.52,0.0,0.0,0.59,0.0,0.0,0.76,0.76,0.75,0.78,0.26,0.76,0.28,0.24,0.76,0.76,0.56,0.16,0.76,0.76,0.19,0.64,0.75,0.76,0.0,0.0,0.78,0.62,0.77,0.0,0.0,0.0,0.0,0.42,0.27,0.77,0.18,0.77,0.77,0.13,0.3,0.11,0.75,0.11,0.46,0.0,0.0,0.58,0.8,0.77,0.79,0.77,0.76,0.74,0.0,0.77,0.78,0.65,0.79,0.79,0.76,0.79
6040,0.0,0.31,0.22,0.0,0.0,0.59,0.0,0.0,0.76,0.76,0.35,0.42,0.26,0.74,0.25,0.39,0.27,0.7,0.77,0.18,0.77,0.75,0.18,0.25,0.75,0.47,0.0,0.0,0.74,0.37,0.52,0.0,0.0,0.0,0.0,0.45,0.43,0.78,0.68,0.78,0.78,0.51,0.78,0.1,0.77,0.41,0.42,0.0,0.0,0.59,0.8,0.77,0.74,0.77,0.75,0.74,0.0,0.77,0.79,0.64,0.79,0.79,0.77,0.79
6041,0.0,0.41,0.3,0.0,0.0,0.62,0.0,0.0,0.41,0.75,0.75,0.76,0.75,0.74,0.24,0.76,0.73,0.74,0.76,0.76,0.72,0.74,0.74,0.74,0.75,0.25,0.0,0.0,0.23,0.43,0.3,0.0,0.0,0.0,0.0,0.46,0.76,0.77,0.75,0.77,0.76,0.75,0.75,0.49,0.75,0.75,0.64,0.0,0.0,0.71,0.75,0.76,0.77,0.74,0.74,0.71,0.0,0.74,0.74,0.72,0.78,0.74,0.75,0.77
6042,0.0,0.13,0.16,0.0,0.0,0.17,0.0,0.0,0.73,0.72,0.72,0.72,0.73,0.74,0.74,0.74,0.71,0.72,0.74,0.74,0.73,0.73,0.72,0.52,0.58,0.06,0.0,0.0,0.03,0.06,0.24,0.0,0.0,0.0,0.0,0.27,0.74,0.73,0.06,0.72,0.74,0.74,0.23,0.27,0.66,0.1,0.15,0.0,0.0,0.16,0.76,0.06,0.68,0.75,0.69,0.51,0.0,0.75,0.75,0.71,0.76,0.76,0.01,0.76
6043,0.0,0.03,0.04,0.0,0.0,0.1,0.0,0.0,0.74,0.48,0.67,0.74,0.73,0.74,0.74,0.21,0.6,0.72,0.73,0.74,0.43,0.73,0.72,0.74,0.73,0.1,0.0,0.0,0.35,0.03,0.05,0.0,0.0,0.0,0.0,0.2,0.72,0.74,0.0,0.72,0.75,0.01,0.0,0.62,0.72,0.0,0.08,0.0,0.0,0.09,0.76,0.1,0.75,0.75,0.75,0.73,0.0,0.74,0.75,0.74,0.75,0.74,0.02,0.75
6044,0.0,0.01,0.0,0.0,0.0,0.07,0.0,0.0,0.66,0.29,0.64,0.66,0.07,0.65,0.05,0.05,0.66,0.63,0.64,0.66,0.47,0.62,0.62,0.01,0.13,0.69,0.0,0.0,0.68,0.04,0.68,0.0,0.0,0.0,0.0,0.05,0.0,0.67,0.01,0.67,0.67,0.01,0.0,0.01,0.0,0.01,0.07,0.0,0.0,0.09,0.02,0.04,0.68,0.68,0.66,0.66,0.0,0.67,0.02,0.67,0.01,0.06,0.01,0.01
6045,0.0,0.17,0.11,0.0,0.0,0.03,0.0,0.0,0.27,0.12,0.02,0.28,0.03,0.25,0.02,0.04,0.29,0.22,0.22,0.05,0.17,0.24,0.2,0.0,0.03,0.0,0.0,0.0,0.34,0.02,0.0,0.0,0.0,0.0,0.0,0.32,0.0,0.01,0.32,0.29,0.0,0.32,0.0,0.03,0.0,0.0,0.04,0.0,0.0,0.03,0.35,0.01,0.33,0.35,0.32,0.34,0.0,0.34,0.04,0.33,0.08,0.35,0.02,0.34
6046,0.0,0.0,0.0,0.0,0.0,0.0,0.0,0.0,0.0,0.0,0.0,0.0,0.0,0.0,0.0,0.0,0.0,0.0,0.0,0.0,0.0,0.0,0.0,0.0,0.0,0.0,0.0,0.0,0.0,0.0,0.0,0.0,0.0,0.0,0.0,0.0,0.0,0.0,0.0,0.0,0.0,0.0,0.0,0.0,0.0,0.0,0.0,0.0,0.0,0.0,0.0,0.0,0.0,0.0,0.0,0.0,0.0,0.0,0.0,0.0,0.0,0.0,0.0,0.0
6047,0.0,0.0,0.0,0.0,0.0,0.0,0.0,0.0,0.0,0.0,0.0,0.0,0.0,0.0,0.0,0.0,0.0,0.0,0.0,0.0,0.0,0.0,0.0,0.0,0.0,0.0,0.0,0.0,0.0,0.0,0.0,0.0,0.0,0.0,0.0,0.0,0.0,0.0,0.0,0.0,0.0,0.0,0.0,0.0,0.0,0.0,0.0,0.0,0.0,0.0,0.0,0.0,0.0,0.0,0.0,0.0,0.0,0.0,0.0,0.0,0.0,0.0,0.0,0.0
6048,0.0,0.0,0.0,0.0,0.0,0.0,0.0,0.0,0.0,0.0,0.0,0.0,0.0,0.0,0.0,0.0,0.0,0.0,0.0,0.0,0.0,0.0,0.0,0.0,0.0,0.0,0.0,0.0,0.0,0.0,0.0,0.0,0.0,0.0,0.0,0.0,0.0,0.0,0.0,0.0,0.0,0.0,0.0,0.0,0.0,0.0,0.0,0.0,0.0,0.0,0.0,0.0,0.0,0.0,0.0,0.0,0.0,0.0,0.0,0.0,0.0,0.0,0.0,0.0
6049,0.0,0.0,0.0,0.0,0.0,0.0,0.0,0.0,0.0,0.0,0.0,0.0,0.0,0.0,0.0,0.0,0.0,0.0,0.0,0.0,0.0,0.0,0.0,0.0,0.0,0.0,0.0,0.0,0.0,0.0,0.0,0.0,0.0,0.0,0.0,0.0,0.0,0.0,0.0,0.0,0.0,0.0,0.0,0.0,0.0,0.0,0.0,0.0,0.0,0.0,0.0,0.0,0.0,0.0,0.0,0.0,0.0,0.0,0.0,0.0,0.0,0.0,0.0,0.0
6050,0.0,0.0,0.0,0.0,0.0,0.0,0.0,0.0,0.0,0.0,0.0,0.0,0.0,0.0,0.0,0.0,0.0,0.0,0.0,0.0,0.0,0.0,0.0,0.0,0.0,0.0,0.0,0.0,0.0,0.0,0.0,0.0,0.0,0.0,0.0,0.0,0.0,0.0,0.0,0.0,0.0,0.0,0.0,0.0,0.0,0.0,0.0,0.0,0.0,0.0,0.0,0.0,0.0,0.0,0.0,0.0,0.0,0.0,0.0,0.0,0.0,0.0,0.0,0.0
6051,0.0,0.0,0.0,0.0,0.0,0.0,0.0,0.0,0.0,0.0,0.0,0.0,0.0,0.0,0.0,0.0,0.0,0.0,0.0,0.0,0.0,0.0,0.0,0.0,0.0,0.0,0.0,0.0,0.0,0.0,0.0,0.0,0.0,0.0,0.0,0.0,0.0,0.0,0.0,0.0,0.0,0.0,0.0,0.0,0.0,0.0,0.0,0.0,0.0,0.0,0.0,0.0,0.0,0.0,0.0,0.0,0.0,0.0,0.0,0.0,0.0,0.0,0.0,0.0
6052,0.0,0.0,0.0,0.0,0.0,0.0,0.0,0.0,0.0,0.0,0.0,0.0,0.0,0.0,0.0,0.0,0.0,0.0,0.0,0.0,0.0,0.0,0.0,0.0,0.0,0.0,0.0,0.0,0.0,0.0,0.0,0.0,0.0,0.0,0.0,0.0,0.0,0.0,0.0,0.0,0.0,0.0,0.0,0.0,0.0,0.0,0.0,0.0,0.0,0.0,0.0,0.0,0.0,0.0,0.0,0.0,0.0,0.0,0.0,0.0,0.0,0.0,0.0,0.0
6053,0.0,0.0,0.0,0.0,0.0,0.0,0.0,0.0,0.0,0.0,0.0,0.0,0.0,0.0,0.0,0.0,0.0,0.0,0.0,0.0,0.0,0.0,0.0,0.0,0.0,0.0,0.0,0.0,0.0,0.0,0.0,0.0,0.0,0.0,0.0,0.0,0.0,0.0,0.0,0.0,0.0,0.0,0.0,0.0,0.0,0.0,0.0,0.0,0.0,0.0,0.0,0.0,0.0,0.0,0.0,0.0,0.0,0.0,0.0,0.0,0.0,0.0,0.0,0.0
6054,0.0,0.0,0.0,0.0,0.0,0.0,0.0,0.0,0.0,0.0,0.0,0.0,0.0,0.0,0.0,0.0,0.0,0.0,0.0,0.0,0.0,0.0,0.0,0.0,0.0,0.0,0.0,0.0,0.0,0.0,0.0,0.0,0.0,0.0,0.0,0.0,0.0,0.0,0.0,0.0,0.0,0.0,0.0,0.0,0.0,0.0,0.0,0.0,0.0,0.0,0.0,0.0,0.0,0.0,0.0,0.0,0.0,0.0,0.0,0.0,0.0,0.0,0.0,0.0
6055,0.0,0.0,0.0,0.0,0.0,0.0,0.0,0.0,0.0,0.0,0.0,0.0,0.0,0.0,0.0,0.0,0.0,0.0,0.0,0.0,0.0,0.0,0.0,0.0,0.0,0.0,0.0,0.0,0.0,0.0,0.0,0.0,0.0,0.0,0.0,0.0,0.0,0.0,0.0,0.0,0.0,0.0,0.0,0.0,0.0,0.0,0.0,0.0,0.0,0.0,0.0,0.0,0.0,0.0,0.0,0.0,0.0,0.0,0.0,0.0,0.0,0.0,0.0,0.0
6056,0.0,0.0,0.0,0.0,0.0,0.0,0.0,0.0,0.0,0.0,0.0,0.0,0.0,0.0,0.0,0.0,0.0,0.0,0.0,0.0,0.0,0.0,0.0,0.0,0.0,0.0,0.0,0.0,0.0,0.0,0.0,0.0,0.0,0.0,0.0,0.0,0.0,0.0,0.0,0.0,0.0,0.0,0.0,0.0,0.0,0.0,0.0,0.0,0.0,0.0,0.0,0.0,0.0,0.0,0.0,0.0,0.0,0.0,0.0,0.0,0.0,0.0,0.0,0.0
6057,0.0,0.0,0.0,0.0,0.0,0.0,0.0,0.0,0.0,0.0,0.0,0.0,0.0,0.0,0.0,0.0,0.0,0.0,0.0,0.0,0.0,0.0,0.0,0.0,0.0,0.0,0.0,0.0,0.0,0.0,0.0,0.0,0.0,0.0,0.0,0.0,0.0,0.0,0.0,0.0,0.0,0.0,0.0,0.0,0.0,0.0,0.0,0.0,0.0,0.0,0.0,0.0,0.0,0.0,0.0,0.0,0.0,0.0,0.0,0.0,0.0,0.0,0.0,0.0
6058,0.0,0.0,0.0,0.0,0.0,0.0,0.0,0.0,0.0,0.0,0.0,0.0,0.01,0.0,0.0,0.0,0.01,0.0,0.0,0.0,0.0,0.01,0.0,0.01,0.02,0.01,0.0,0.0,0.0,0.0,0.0,0.0,0.0,0.0,0.0,0.0,0.05,0.0,0.0,0.0,0.0,0.0,0.0,0.01,0.02,0.0,0.0,0.0,0.0,0.0,0.0,0.0,0.0,0.01,0.03,0.06,0.0,0.08,0.01,0.08,0.0,0.0,0.0,0.0
6059,0.0,0.01,0.0,0.0,0.0,0.07,0.0,0.0,0.03,0.4,0.05,0.0,0.06,0.19,0.04,0.06,0.01,0.02,0.02,0.03,0.0,0.01,0.03,0.12,0.44,0.1,0.0,0.0,0.02,0.17,0.05,0.0,0.0,0.0,0.0,0.06,0.01,0.0,0.0,0.01,0.0,0.13,0.0,0.13,0.11,0.0,0.04,0.0,0.0,0.04,0.04,0.04,0.02,0.0,0.48,0.0,0.0,0.0,0.03,0.46,0.02,0.0,0.02,0.04
6060,0.0,0.01,0.0,0.0,0.0,0.66,0.0,0.0,0.15,0.04,0.01,0.0,0.05,0.05,0.05,0.1,0.02,0.01,0.01,0.11,0.04,0.03,0.01,0.05,0.29,0.03,0.0,0.0,0.02,0.02,0.1,0.0,0.0,0.0,0.0,0.06,0.01,0.02,0.01,0.01,0.01,0.0,0.02,0.06,0.03,0.01,0.01,0.0,0.0,0.19,0.01,0.01,0.01,0.1,0.02,0.02,0.0,0.01,0.1,0.04,0.11,0.08,0.02,0.08
6061,0.0,0.47,0.74,0.0,0.0,0.0,0.0,0.0,0.04,0.3,0.02,0.06,0.34,0.12,0.12,0.07,0.0,0.03,0.03,0.05,0.04,0.07,0.13,0.04,0.36,0.11,0.0,0.0,0.74,0.74,0.19,0.0,0.0,0.0,0.0,0.01,0.05,0.01,0.14,0.02,0.02,0.1,0.1,0.05,0.05,0.05,0.0,0.0,0.0,0.01,0.13,0.33,0.02,0.13,0.01,0.35,0.0,0.21,0.2,0.03,0.14,0.09,0.5,0.19
6062,0.0,0.04,0.04,0.0,0.0,0.74,0.0,0.0,0.02,0.76,0.02,0.76,0.14,0.1,0.16,0.06,0.09,0.05,0.08,0.17,0.4,0.26,0.14,0.08,0.75,0.77,0.0,0.0,0.77,0.12,0.76,0.0,0.0,0.0,0.0,0.3,0.25,0.18,0.78,0.12,0.15,0.77,0.77,0.33,0.1,0.78,0.74,0.0,0.0,0.74,0.07,0.69,0.58,0.02,0.01,0.07,0.0,0.01,0.56,0.14,0.78,0.44,0.78,0.7
6063,0.0,0.76,0.76,0.0,0.0,0.74,0.0,0.0,0.35,0.41,0.02,0.08,0.13,0.02,0.09,0.4,0.12,0.04,0.01,0.18,0.05,0.06,0.1,0.76,0.71,0.78,0.0,0.0,0.77,0.77,0.77,0.0,0.0,0.0,0.0,0.76,0.77,0.75,0.78,0.66,0.04,0.77,0.76,0.75,0.27,0.78,0.74,0.0,0.0,0.74,0.05,0.77,0.01,0.14,0.06,0.18,0.0,0.07,0.04,0.06,0.55,0.09,0.77,0.65
6064,0.0,0.76,0.77,0.0,0.0,0.74,0.0,0.0,0.77,0.76,0.07,0.05,0.14,0.78,0.19,0.6,0.77,0.01,0.02,0.76,0.16,0.17,0.18,0.76,0.76,0.78,0.0,0.0,0.77,0.77,0.77,0.0,0.0,0.0,0.0,0.77,0.67,0.35,0.77,0.17,0.78,0.78,0.77,0.75,0.77,0.77,0.74,0.0,0.0,0.74,0.31,0.78,0.77,0.15,0.22,0.7,0.0,0.24,0.78,0.74,0.26,0.4,0.78,0.34
6065,0.0,0.76,0.76,0.0,0.0,0.73,0.0,0.0,0.49,0.08,0.75,0.19,0.12,0.77,0.68,0.56,0.77,0.07,0.06,0.77,0.04,0.78,0.24,0.74,0.74,0.77,0.0,0.0,0.76,0.76,0.76,0.0,0.0,0.0,0.0,0.76,0.74,0.53,0.76,0.77,0.24,0.76,0.76,0.74,0.75,0.76,0.73,0.0,0.0,0.73,0.8,0.14,0.77,0.78,0.22,0.75,0.0,0.78,0.78,0.78,0.79,0.79,0.78,0.79
6066,0.0,0.74,0.74,0.0,0.0,0.03,0.0,0.0,0.73,0.08,0.71,0.73,0.02,0.37,0.25,0.23,0.74,0.03,0.06,0.74,0.08,0.23,0.15,0.48,0.72,0.75,0.0,0.0,0.43,0.74,0.74,0.0,0.0,0.0,0.0,0.73,0.73,0.75,0.2,0.75,0.76,0.74,0.74,0.47,0.72,0.17,0.02,0.0,0.0,0.15,0.78,0.24,0.77,0.29,0.14,0.74,0.0,0.76,0.78,0.77,0.78,0.78,0.76,0.78
6067,0.0,0.69,0.7,0.0,0.0,0.01,0.0,0.0,0.66,0.04,0.67,0.69,0.06,0.68,0.2,0.32,0.69,0.08,0.02,0.68,0.11,0.68,0.0,0.21,0.28,0.71,0.0,0.0,0.7,0.69,0.7,0.0,0.0,0.0,0.0,0.68,0.68,0.7,0.04,0.7,0.13,0.12,0.06,0.66,0.2,0.05,0.02,0.0,0.0,0.01,0.72,0.72,0.21,0.34,0.74,0.71,0.0,0.71,0.72,0.72,0.72,0.72,0.72,0.72
6068,0.0,0.67,0.68,0.0,0.0,0.65,0.0,0.0,0.63,0.64,0.64,0.66,0.04,0.63,0.07,0.29,0.65,0.65,0.66,0.63,0.66,0.63,0.0,0.64,0.08,0.68,0.0,0.0,0.67,0.67,0.67,0.0,0.0,0.0,0.0,0.65,0.05,0.67,0.67,0.67,0.68,0.66,0.66,0.63,0.64,0.67,0.66,0.0,0.0,0.65,0.68,0.68,0.68,0.67,0.67,0.68,0.0,0.69,0.68,0.69,0.69,0.68,0.68,0.68
6069,0.0,0.34,0.35,0.0,0.0,0.3,0.0,0.0,0.26,0.2,0.28,0.06,0.01,0.23,0.08,0.23,0.28,0.22,0.24,0.24,0.19,0.22,0.0,0.03,0.0,0.35,0.0,0.0,0.0,0.34,0.16,0.0,0.0,0.0,0.0,0.32,0.3,0.3,0.32,0.29,0.31,0.31,0.31,0.28,0.28,0.32,0.3,0.0,0.0,0.29,0.35,0.35,0.33,0.34,0.32,0.35,0.0,0.34,0.34,0.34,0.35,0.35,0.35,0.35
6070,0.0,0.0,0.0,0.0,0.0,0.0,0.0,0.0,0.0,0.0,0.0,0.0,0.0,0.0,0.0,0.0,0.0,0.0,0.0,0.0,0.0,0.0,0.0,0.0,0.0,0.0,0.0,0.0,0.0,0.0,0.0,0.0,0.0,0.0,0.0,0.0,0.0,0.0,0.0,0.0,0.0,0.0,0.0,0.0,0.0,0.0,0.0,0.0,0.0,0.0,0.0,0.0,0.0,0.0,0.0,0.0,0.0,0.0,0.0,0.0,0.0,0.0,0.0,0.0
6071,0.0,0.0,0.0,0.0,0.0,0.0,0.0,0.0,0.0,0.0,0.0,0.0,0.0,0.0,0.0,0.0,0.0,0.0,0.0,0.0,0.0,0.0,0.0,0.0,0.0,0.0,0.0,0.0,0.0,0.0,0.0,0.0,0.0,0.0,0.0,0.0,0.0,0.0,0.0,0.0,0.0,0.0,0.0,0.0,0.0,0.0,0.0,0.0,0.0,0.0,0.0,0.0,0.0,0.0,0.0,0.0,0.0,0.0,0.0,0.0,0.0,0.0,0.0,0.0
6072,0.0,0.0,0.0,0.0,0.0,0.0,0.0,0.0,0.0,0.0,0.0,0.0,0.0,0.0,0.0,0.0,0.0,0.0,0.0,0.0,0.0,0.0,0.0,0.0,0.0,0.0,0.0,0.0,0.0,0.0,0.0,0.0,0.0,0.0,0.0,0.0,0.0,0.0,0.0,0.0,0.0,0.0,0.0,0.0,0.0,0.0,0.0,0.0,0.0,0.0,0.0,0.0,0.0,0.0,0.0,0.0,0.0,0.0,0.0,0.0,0.0,0.0,0.0,0.0
6073,0.0,0.0,0.0,0.0,0.0,0.0,0.0,0.0,0.0,0.0,0.0,0.0,0.0,0.0,0.0,0.0,0.0,0.0,0.0,0.0,0.0,0.0,0.0,0.0,0.0,0.0,0.0,0.0,0.0,0.0,0.0,0.0,0.0,0.0,0.0,0.0,0.0,0.0,0.0,0.0,0.0,0.0,0.0,0.0,0.0,0.0,0.0,0.0,0.0,0.0,0.0,0.0,0.0,0.0,0.0,0.0,0.0,0.0,0.0,0.0,0.0,0.0,0.0,0.0
6074,0.0,0.0,0.0,0.0,0.0,0.0,0.0,0.0,0.0,0.0,0.0,0.0,0.0,0.0,0.0,0.0,0.0,0.0,0.0,0.0,0.0,0.0,0.0,0.0,0.0,0.0,0.0,0.0,0.0,0.0,0.0,0.0,0.0,0.0,0.0,0.0,0.0,0.0,0.0,0.0,0.0,0.0,0.0,0.0,0.0,0.0,0.0,0.0,0.0,0.0,0.0,0.0,0.0,0.0,0.0,0.0,0.0,0.0,0.0,0.0,0.0,0.0,0.0,0.0
6075,0.0,0.0,0.0,0.0,0.0,0.0,0.0,0.0,0.0,0.0,0.0,0.0,0.0,0.0,0.0,0.0,0.0,0.0,0.0,0.0,0.0,0.0,0.0,0.0,0.0,0.0,0.0,0.0,0.0,0.0,0.0,0.0,0.0,0.0,0.0,0.0,0.0,0.0,0.0,0.0,0.0,0.0,0.0,0.0,0.0,0.0,0.0,0.0,0.0,0.0,0.0,0.0,0.0,0.0,0.0,0.0,0.0,0.0,0.0,0.0,0.0,0.0,0.0,0.0
6076,0.0,0.0,0.0,0.0,0.0,0.0,0.0,0.0,0.0,0.0,0.0,0.0,0.0,0.0,0.0,0.0,0.0,0.0,0.0,0.0,0.0,0.0,0.0,0.0,0.0,0.0,0.0,0.0,0.0,0.0,0.0,0.0,0.0,0.0,0.0,0.0,0.0,0.0,0.0,0.0,0.0,0.0,0.0,0.0,0.0,0.0,0.0,0.0,0.0,0.0,0.0,0.0,0.0,0.0,0.0,0.0,0.0,0.0,0.0,0.0,0.0,0.0,0.0,0.0
6077,0.0,0.0,0.0,0.0,0.0,0.0,0.0,0.0,0.0,0.0,0.0,0.0,0.0,0.0,0.0,0.0,0.0,0.0,0.0,0.0,0.0,0.0,0.0,0.0,0.0,0.0,0.0,0.0,0.0,0.0,0.0,0.0,0.0,0.0,0.0,0.0,0.0,0.0,0.0,0.0,0.0,0.0,0.0,0.0,0.0,0.0,0.0,0.0,0.0,0.0,0.0,0.0,0.0,0.0,0.0,0.0,0.0,0.0,0.0,0.0,0.0,0.0,0.0,0.0
6078,0.0,0.0,0.0,0.0,0.0,0.0,0.0,0.0,0.0,0.0,0.0,0.0,0.0,0.0,0.0,0.0,0.0,0.0,0.0,0.0,0.0,0.0,0.0,0.0,0.0,0.0,0.0,0.0,0.0,0.0,0.0,0.0,0.0,0.0,0.0,0.0,0.0,0.0,0.0,0.0,0.0,0.0,0.0,0.0,0.0,0.0,0.0,0.0,0.0,0.0,0.0,0.0,0.0,0.0,0.0,0.0,0.0,0.0,0.0,0.0,0.0,0.0,0.0,0.0
6079,0.0,0.0,0.0,0.0,0.0,0.0,0.0,0.0,0.0,0.0,0.0,0.0,0.0,0.0,0.0,0.0,0.0,0.0,0.0,0.0,0.0,0.0,0.0,0.0,0.0,0.0,0.0,0.0,0.0,0.0,0.0,0.0,0.0,0.0,0.0,0.0,0.0,0.0,0.0,0.0,0.0,0.0,0.0,0.0,0.0,0.0,0.0,0.0,0.0,0.0,0.0,0.0,0.0,0.0,0.0,0.0,0.0,0.0,0.0,0.0,0.0,0.0,0.0,0.0
6080,0.0,0.0,0.0,0.0,0.0,0.0,0.0,0.0,0.0,0.0,0.0,0.0,0.0,0.0,0.0,0.0,0.0,0.0,0.0,0.0,0.0,0.0,0.0,0.0,0.0,0.0,0.0,0.0,0.0,0.0,0.0,0.0,0.0,0.0,0.0,0.0,0.0,0.0,0.0,0.0,0.0,0.0,0.0,0.0,0.0,0.0,0.0,0.0,0.0,0.0,0.0,0.0,0.0,0.0,0.0,0.0,0.0,0.0,0.0,0.0,0.0,0.0,0.0,0.0
6081,0.0,0.0,0.0,0.0,0.0,0.0,0.0,0.0,0.0,0.0,0.0,0.0,0.0,0.0,0.0,0.0,0.0,0.0,0.0,0.0,0.0,0.0,0.0,0.0,0.0,0.0,0.0,0.0,0.0,0.0,0.0,0.0,0.0,0.0,0.0,0.0,0.0,0.0,0.0,0.0,0.0,0.0,0.0,0.0,0.0,0.0,0.0,0.0,0.0,0.0,0.0,0.0,0.0,0.0,0.0,0.0,0.0,0.0,0.0,0.0,0.0,0.0,0.0,0.0
6082,0.0,0.1,0.09,0.0,0.0,0.12,0.0,0.0,0.15,0.01,0.14,0.16,0.2,0.17,0.18,0.17,0.14,0.03,0.04,0.16,0.02,0.18,0.01,0.14,0.15,0.02,0.0,0.0,0.1,0.1,0.1,0.0,0.0,0.0,0.0,0.11,0.12,0.13,0.11,0.14,0.12,0.11,0.11,0.13,0.13,0.11,0.12,0.0,0.0,0.12,0.1,0.02,0.02,0.0,0.01,0.01,0.0,0.1,0.1,0.11,0.01,0.1,0.04,0.1
6083,0.0,0.55,0.54,0.0,0.0,0.58,0.0,0.0,0.61,0.65,0.6,0.64,0.64,0.63,0.64,0.62,0.62,0.67,0.22,0.61,0.12,0.64,0.64,0.6,0.62,0.05,0.0,0.0,0.56,0.55,0.56,0.0,0.0,0.0,0.0,0.57,0.59,0.62,0.57,0.62,0.26,0.58,0.58,0.6,0.6,0.58,0.58,0.0,0.0,0.58,0.04,0.33,0.19,0.04,0.02,0.12,0.0,0.18,0.56,0.07,0.02,0.32,0.16,0.56
6084,0.0,0.72,0.72,0.0,0.0,0.71,0.0,0.0,0.71,0.73,0.71,0.75,0.71,0.71,0.71,0.69,0.74,0.75,0.41,0.69,0.13,0.72,0.71,0.71,0.72,0.07,0.0,0.0,0.72,0.72,0.56,0.0,0.0,0.0,0.0,0.71,0.71,0.74,0.72,0.74,0.3,0.72,0.71,0.72,0.71,0.72,0.72,0.0,0.0,0.72,0.08,0.03,0.06,0.03,0.02,0.07,0.0,0.05,0.72,0.05,0.06,0.06,0.3,0.72
6085,0.0,0.8,0.8,0.0,0.0,0.79,0.0,0.0,0.79,0.8,0.79,0.63,0.78,0.78,0.78,0.76,0.82,0.81,0.82,0.77,0.38,0.78,0.78,0.79,0.79,0.35,0.0,0.0,0.81,0.81,0.81,0.0,0.0,0.0,0.0,0.8,0.8,0.83,0.8,0.83,0.19,0.8,0.8,0.79,0.79,0.81,0.79,0.0,0.0,0.79,0.08,0.08,0.07,0.04,0.03,0.2,0.0,0.07,0.44,0.09,0.16,0.07,0.37,0.81
6086,0.0,0.83,0.83,0.0,0.0,0.81,0.0,0.0,0.82,0.56,0.82,0.86,0.81,0.81,0.81,0.8,0.79,0.84,0.85,0.8,0.51,0.81,0.81,0.82,0.81,0.84,0.0,0.0,0.84,0.84,0.84,0.0,0.0,0.0,0.0,0.82,0.83,0.86,0.83,0.86,0.2,0.83,0.83,0.82,0.83,0.84,0.82,0.0,0.0,0.81,0.24,0.32,0.16,0.09,0.05,0.33,0.0,0.2,0.85,0.24,0.11,0.1,0.84,0.84
6087,0.0,0.85,0.84,0.0,0.0,0.82,0.0,0.0,0.83,0.34,0.83,0.88,0.82,0.82,0.82,0.81,0.86,0.84,0.85,0.81,0.43,0.82,0.82,0.84,0.82,0.86,0.0,0.0,0.85,0.85,0.85,0.0,0.0,0.0,0.0,0.84,0.63,0.88,0.85,0.88,0.2,0.84,0.84,0.83,0.84,0.85,0.82,0.0,0.0,0.82,0.75,0.57,0.21,0.11,0.11,0.28,0.0,0.21,0.86,0.25,0.22,0.21,0.86,0.86
6088,0.0,0.84,0.84,0.0,0.0,0.82,0.0,0.0,0.83,0.34,0.84,0.72,0.82,0.83,0.82,0.82,0.69,0.84,0.85,0.82,0.85,0.24,0.82,0.84,0.82,0.86,0.0,0.0,0.85,0.85,0.85,0.0,0.0,0.0,0.0,0.84,0.85,0.88,0.85,0.88,0.3,0.84,0.84,0.84,0.85,0.53,0.82,0.0,0.0,0.82,0.69,0.77,0.18,0.13,0.08,0.28,0.0,0.13,0.86,0.6,0.86,0.2,0.86,0.86
6089,0.0,0.83,0.83,0.0,0.0,0.81,0.0,0.0,0.83,0.33,0.83,0.87,0.38,0.82,0.82,0.81,0.86,0.83,0.85,0.81,0.44,0.39,0.81,0.84,0.81,0.85,0.0,0.0,0.85,0.84,0.85,0.0,0.0,0.0,0.0,0.84,0.84,0.87,0.85,0.88,0.87,0.84,0.84,0.83,0.84,0.63,0.82,0.0,0.0,0.81,0.86,0.59,0.37,0.17,0.18,0.84,0.0,0.29,0.86,0.53,0.86,0.28,0.86,0.86
6090,0.0,0.81,0.81,0.0,0.0,0.79,0.0,0.0,0.8,0.69,0.8,0.84,0.32,0.34,0.79,0.79,0.84,0.81,0.83,0.5,0.49,0.25,0.32,0.81,0.78,0.83,0.0,0.0,0.82,0.81,0.82,0.0,0.0,0.0,0.0,0.82,0.82,0.85,0.82,0.85,0.84,0.82,0.82,0.8,0.82,0.83,0.79,0.0,0.0,0.79,0.84,0.83,0.42,0.83,0.38,0.81,0.0,0.5,0.84,0.83,0.83,0.84,0.55,0.83
6091,0.0,0.76,0.77,0.0,0.0,0.75,0.0,0.0,0.76,0.74,0.76,0.79,0.16,0.28,0.74,0.74,0.79,0.76,0.78,0.75,0.23,0.24,0.17,0.76,0.74,0.78,0.0,0.0,0.77,0.77,0.77,0.0,0.0,0.0,0.0,0.77,0.77,0.8,0.78,0.8,0.79,0.78,0.77,0.76,0.77,0.78,0.75,0.0,0.0,0.75,0.79,0.79,0.79,0.7,0.73,0.76,0.0,0.55,0.79,0.78,0.43,0.51,0.24,0.79
6092,0.0,0.72,0.72,0.0,0.0,0.69,0.0,0.0,0.69,0.67,0.7,0.73,0.67,0.68,0.3,0.68,0.72,0.69,0.7,0.68,0.16,0.34,0.14,0.71,0.68,0.74,0.0,0.0,0.72,0.72,0.73,0.0,0.0,0.0,0.0,0.71,0.71,0.73,0.73,0.74,0.73,0.72,0.72,0.7,0.71,0.73,0.7,0.0,0.0,0.69,0.74,0.74,0.73,0.73,0.72,0.71,0.0,0.73,0.73,0.73,0.34,0.49,0.23,0.73
6093,0.0,0.36,0.36,0.0,0.0,0.3,0.0,0.0,0.27,0.24,0.28,0.28,0.2,0.24,0.24,0.24,0.3,0.22,0.06,0.24,0.25,0.11,0.19,0.29,0.27,0.36,0.0,0.0,0.35,0.36,0.35,0.0,0.0,0.0,0.0,0.33,0.3,0.31,0.33,0.31,0.32,0.33,0.32,0.29,0.29,0.33,0.31,0.0,0.0,0.3,0.36,0.36,0.34,0.35,0.32,0.34,0.0,0.34,0.35,0.34,0.36,0.36,0.36,0.35
6094,0.0,0.0,0.0,0.0,0.0,0.0,0.0,0.0,0.0,0.0,0.0,0.0,0.0,0.0,0.0,0.0,0.0,0.0,0.0,0.0,0.0,0.0,0.0,0.0,0.0,0.0,0.0,0.0,0.0,0.0,0.0,0.0,0.0,0.0,0.0,0.0,0.0,0.0,0.0,0.0,0.0,0.0,0.0,0.0,0.0,0.0,0.0,0.0,0.0,0.0,0.0,0.0,0.0,0.0,0.0,0.0,0.0,0.0,0.0,0.0,0.0,0.0,0.0,0.0
6095,0.0,0.0,0.0,0.0,0.0,0.0,0.0,0.0,0.0,0.0,0.0,0.0,0.0,0.0,0.0,0.0,0.0,0.0,0.0,0.0,0.0,0.0,0.0,0.0,0.0,0.0,0.0,0.0,0.0,0.0,0.0,0.0,0.0,0.0,0.0,0.0,0.0,0.0,0.0,0.0,0.0,0.0,0.0,0.0,0.0,0.0,0.0,0.0,0.0,0.0,0.0,0.0,0.0,0.0,0.0,0.0,0.0,0.0,0.0,0.0,0.0,0.0,0.0,0.0
6096,0.0,0.0,0.0,0.0,0.0,0.0,0.0,0.0,0.0,0.0,0.0,0.0,0.0,0.0,0.0,0.0,0.0,0.0,0.0,0.0,0.0,0.0,0.0,0.0,0.0,0.0,0.0,0.0,0.0,0.0,0.0,0.0,0.0,0.0,0.0,0.0,0.0,0.0,0.0,0.0,0.0,0.0,0.0,0.0,0.0,0.0,0.0,0.0,0.0,0.0,0.0,0.0,0.0,0.0,0.0,0.0,0.0,0.0,0.0,0.0,0.0,0.0,0.0,0.0
6097,0.0,0.0,0.0,0.0,0.0,0.0,0.0,0.0,0.0,0.0,0.0,0.0,0.0,0.0,0.0,0.0,0.0,0.0,0.0,0.0,0.0,0.0,0.0,0.0,0.0,0.0,0.0,0.0,0.0,0.0,0.0,0.0,0.0,0.0,0.0,0.0,0.0,0.0,0.0,0.0,0.0,0.0,0.0,0.0,0.0,0.0,0.0,0.0,0.0,0.0,0.0,0.0,0.0,0.0,0.0,0.0,0.0,0.0,0.0,0.0,0.0,0.0,0.0,0.0
6098,0.0,0.0,0.0,0.0,0.0,0.0,0.0,0.0,0.0,0.0,0.0,0.0,0.0,0.0,0.0,0.0,0.0,0.0,0.0,0.0,0.0,0.0,0.0,0.0,0.0,0.0,0.0,0.0,0.0,0.0,0.0,0.0,0.0,0.0,0.0,0.0,0.0,0.0,0.0,0.0,0.0,0.0,0.0,0.0,0.0,0.0,0.0,0.0,0.0,0.0,0.0,0.0,0.0,0.0,0.0,0.0,0.0,0.0,0.0,0.0,0.0,0.0,0.0,0.0
6099,0.0,0.0,0.0,0.0,0.0,0.0,0.0,0.0,0.0,0.0,0.0,0.0,0.0,0.0,0.0,0.0,0.0,0.0,0.0,0.0,0.0,0.0,0.0,0.0,0.0,0.0,0.0,0.0,0.0,0.0,0.0,0.0,0.0,0.0,0.0,0.0,0.0,0.0,0.0,0.0,0.0,0.0,0.0,0.0,0.0,0.0,0.0,0.0,0.0,0.0,0.0,0.0,0.0,0.0,0.0,0.0,0.0,0.0,0.0,0.0,0.0,0.0,0.0,0.0
6100,0.0,0.0,0.0,0.0,0.0,0.0,0.0,0.0,0.0,0.0,0.0,0.0,0.0,0.0,0.0,0.0,0.0,0.0,0.0,0.0,0.0,0.0,0.0,0.0,0.0,0.0,0.0,0.0,0.0,0.0,0.0,0.0,0.0,0.0,0.0,0.0,0.0,0.0,0.0,0.0,0.0,0.0,0.0,0.0,0.0,0.0,0.0,0.0,0.0,0.0,0.0,0.0,0.0,0.0,0.0,0.0,0.0,0.0,0.0,0.0,0.0,0.0,0.0,0.0
6101,0.0,0.0,0.0,0.0,0.0,0.0,0.0,0.0,0.0,0.0,0.0,0.0,0.0,0.0,0.0,0.0,0.0,0.0,0.0,0.0,0.0,0.0,0.0,0.0,0.0,0.0,0.0,0.0,0.0,0.0,0.0,0.0,0.0,0.0,0.0,0.0,0.0,0.0,0.0,0.0,0.0,0.0,0.0,0.0,0.0,0.0,0.0,0.0,0.0,0.0,0.0,0.0,0.0,0.0,0.0,0.0,0.0,0.0,0.0,0.0,0.0,0.0,0.0,0.0
6102,0.0,0.0,0.0,0.0,0.0,0.0,0.0,0.0,0.0,0.0,0.0,0.0,0.0,0.0,0.0,0.0,0.0,0.0,0.0,0.0,0.0,0.0,0.0,0.0,0.0,0.0,0.0,0.0,0.0,0.0,0.0,0.0,0.0,0.0,0.0,0.0,0.0,0.0,0.0,0.0,0.0,0.0,0.0,0.0,0.0,0.0,0.0,0.0,0.0,0.0,0.0,0.0,0.0,0.0,0.0,0.0,0.0,0.0,0.0,0.0,0.0,0.0,0.0,0.0
6103,0.0,0.0,0.0,0.0,0.0,0.0,0.0,0.0,0.0,0.0,0.0,0.0,0.0,0.0,0.0,0.0,0.0,0.0,0.0,0.0,0.0,0.0,0.0,0.0,0.0,0.0,0.0,0.0,0.0,0.0,0.0,0.0,0.0,0.0,0.0,0.0,0.0,0.0,0.0,0.0,0.0,0.0,0.0,0.0,0.0,0.0,0.0,0.0,0.0,0.0,0.0,0.0,0.0,0.0,0.0,0.0,0.0,0.0,0.0,0.0,0.0,0.0,0.0,0.0
6104,0.0,0.0,0.0,0.0,0.0,0.0,0.0,0.0,0.0,0.0,0.0,0.0,0.0,0.0,0.0,0.0,0.0,0.0,0.0,0.0,0.0,0.0,0.0,0.0,0.0,0.0,0.0,0.0,0.0,0.0,0.0,0.0,0.0,0.0,0.0,0.0,0.0,0.0,0.0,0.0,0.0,0.0,0.0,0.0,0.0,0.0,0.0,0.0,0.0,0.0,0.0,0.0,0.0,0.0,0.0,0.0,0.0,0.0,0.0,0.0,0.0,0.0,0.0,0.0
6105,0.0,0.0,0.0,0.0,0.0,0.0,0.0,0.0,0.0,0.0,0.0,0.0,0.0,0.0,0.0,0.0,0.0,0.0,0.0,0.0,0.0,0.0,0.0,0.0,0.0,0.0,0.0,0.0,0.0,0.0,0.0,0.0,0.0,0.0,0.0,0.0,0.0,0.0,0.0,0.0,0.0,0.0,0.0,0.0,0.0,0.0,0.0,0.0,0.0,0.0,0.0,0.0,0.0,0.0,0.0,0.0,0.0,0.0,0.0,0.0,0.0,0.0,0.0,0.0
6106,0.0,0.06,0.05,0.0,0.0,0.09,0.0,0.0,0.12,0.15,0.11,0.13,0.19,0.15,0.15,0.14,0.12,0.17,0.17,0.14,0.14,0.15,0.19,0.11,0.12,0.07,0.0,0.0,0.08,0.06,0.08,0.0,0.0,0.0,0.0,0.09,0.1,0.11,0.09,0.11,0.1,0.09,0.09,0.1,0.11,0.09,0.09,0.0,0.0,0.09,0.08,0.08,0.09,0.08,0.09,0.06,0.0,0.08,0.08,0.08,0.08,0.08,0.08,0.08
6107,0.0,0.49,0.48,0.0,0.0,0.5,0.0,0.0,0.56,0.6,0.54,0.58,0.62,0.57,0.57,0.57,0.56,0.62,0.63,0.57,0.59,0.58,0.62,0.54,0.55,0.5,0.0,0.0,0.5,0.49,0.5,0.0,0.0,0.0,0.0,0.51,0.53,0.54,0.52,0.55,0.54,0.53,0.52,0.54,0.54,0.52,0.5,0.0,0.0,0.51,0.51,0.5,0.52,0.5,0.54,0.49,0.0,0.5,0.5,0.51,0.51,0.5,0.51,0.51
6108,0.0,0.62,0.67,0.0,0.0,0.68,0.0,0.0,0.7,0.75,0.69,0.74,0.74,0.69,0.68,0.67,0.73,0.75,0.76,0.68,0.74,0.7,0.73,0.68,0.71,0.49,0.0,0.0,0.7,0.6,0.68,0.0,0.0,0.0,0.0,0.71,0.7,0.7,0.72,0.71,0.71,0.72,0.71,0.71,0.67,0.72,0.69,0.0,0.0,0.69,0.73,0.71,0.72,0.7,0.72,0.72,0.0,0.71,0.72,0.71,0.73,0.73,0.72,0.72
6109,0.0,0.77,0.76,0.0,0.0,0.75,0.0,0.0,0.76,0.8,0.76,0.8,0.79,0.75,0.74,0.76,0.78,0.79,0.8,0.77,0.8,0.74,0.77,0.76,0.76,0.62,0.0,0.0,0.38,0.77,0.5,0.0,0.0,0.0,0.0,0.43,0.76,0.79,0.78,0.79,0.79,0.78,0.77,0.76,0.76,0.78,0.75,0.0,0.0,0.75,0.8,0.76,0.79,0.79,0.79,0.78,0.0,0.79,0.78,0.79,0.79,0.8,0.74,0.79
6110,0.0,0.8,0.8,0.0,0.0,0.78,0.0,0.0,0.79,0.83,0.79,0.82,0.8,0.8,0.79,0.8,0.8,0.82,0.84,0.8,0.83,0.8,0.8,0.79,0.78,0.8,0.0,0.0,0.75,0.8,0.78,0.0,0.0,0.0,0.0,0.8,0.8,0.82,0.79,0.82,0.81,0.79,0.8,0.78,0.79,0.78,0.78,0.0,0.0,0.78,0.81,0.63,0.8,0.79,0.82,0.8,0.0,0.78,0.81,0.82,0.82,0.79,0.78,0.82
6111,0.0,0.8,0.8,0.0,0.0,0.8,0.0,0.0,0.8,0.85,0.8,0.83,0.79,0.8,0.81,0.81,0.81,0.83,0.84,0.8,0.83,0.81,0.81,0.8,0.79,0.82,0.0,0.0,0.8,0.81,0.81,0.0,0.0,0.0,0.0,0.81,0.8,0.82,0.74,0.44,0.82,0.74,0.65,0.79,0.8,0.55,0.8,0.0,0.0,0.8,0.84,0.64,0.68,0.82,0.82,0.78,0.0,0.79,0.83,0.78,0.75,0.83,0.8,0.8
6112,0.0,0.8,0.81,0.0,0.0,0.8,0.0,0.0,0.78,0.84,0.79,0.82,0.8,0.81,0.81,0.82,0.67,0.83,0.84,0.8,0.83,0.81,0.8,0.46,0.81,0.81,0.0,0.0,0.81,0.81,0.81,0.0,0.0,0.0,0.0,0.82,0.36,0.8,0.82,0.81,0.81,0.81,0.51,0.75,0.36,0.72,0.79,0.0,0.0,0.78,0.83,0.82,0.76,0.66,0.81,0.8,0.0,0.56,0.82,0.76,0.83,0.84,0.82,0.83
6113,0.0,0.81,0.81,0.0,0.0,0.8,0.0,0.0,0.8,0.81,0.79,0.8,0.81,0.76,0.81,0.82,0.8,0.84,0.85,0.81,0.83,0.79,0.81,0.45,0.81,0.82,0.0,0.0,0.81,0.81,0.81,0.0,0.0,0.0,0.0,0.81,0.78,0.82,0.81,0.81,0.82,0.82,0.81,0.64,0.54,0.81,0.8,0.0,0.0,0.8,0.83,0.83,0.57,0.82,0.77,0.8,0.0,0.82,0.82,0.82,0.83,0.83,0.82,0.83
6114,0.0,0.77,0.68,0.0,0.0,0.78,0.0,0.0,0.75,0.81,0.78,0.78,0.79,0.79,0.79,0.76,0.49,0.81,0.82,0.79,0.8,0.79,0.79,0.78,0.79,0.8,0.0,0.0,0.79,0.79,0.79,0.0,0.0,0.0,0.0,0.79,0.78,0.8,0.8,0.8,0.8,0.8,0.79,0.78,0.78,0.8,0.79,0.0,0.0,0.78,0.82,0.81,0.8,0.8,0.81,0.76,0.0,0.79,0.81,0.77,0.82,0.82,0.8,0.82
6115,0.0,0.62,0.54,0.0,0.0,0.49,0.0,0.0,0.73,0.76,0.74,0.75,0.71,0.74,0.75,0.74,0.75,0.75,0.76,0.74,0.76,0.74,0.74,0.74,0.75,0.76,0.0,0.0,0.75,0.73,0.75,0.0,0.0,0.0,0.0,0.75,0.75,0.76,0.76,0.76,0.76,0.76,0.75,0.74,0.74,0.76,0.51,0.0,0.0,0.52,0.78,0.77,0.76,0.76,0.74,0.75,0.0,0.76,0.77,0.76,0.77,0.78,0.76,0.77
6116,0.0,0.44,0.55,0.0,0.0,0.35,0.0,0.0,0.63,0.64,0.63,0.57,0.55,0.41,0.62,0.62,0.64,0.63,0.64,0.63,0.64,0.34,0.61,0.64,0.64,0.66,0.0,0.0,0.65,0.63,0.65,0.0,0.0,0.0,0.0,0.65,0.64,0.65,0.66,0.65,0.66,0.66,0.65,0.64,0.64,0.66,0.32,0.0,0.0,0.34,0.68,0.67,0.67,0.67,0.66,0.66,0.0,0.66,0.67,0.66,0.67,0.68,0.66,0.67
6117,0.0,0.12,0.09,0.0,0.0,0.07,0.0,0.0,0.2,0.19,0.21,0.2,0.13,0.18,0.18,0.18,0.22,0.17,0.18,0.19,0.19,0.17,0.15,0.22,0.06,0.21,0.0,0.0,0.27,0.25,0.24,0.0,0.0,0.0,0.0,0.25,0.23,0.23,0.26,0.23,0.25,0.25,0.25,0.23,0.22,0.26,0.1,0.0,0.0,0.09,0.28,0.28,0.27,0.28,0.26,0.28,0.0,0.28,0.28,0.27,0.28,0.28,0.28,0.28
6118,0.0,0.0,0.0,0.0,0.0,0.0,0.0,0.0,0.0,0.0,0.0,0.0,0.0,0.0,0.0,0.0,0.0,0.0,0.0,0.0,0.0,0.0,0.0,0.0,0.0,0.0,0.0,0.0,0.0,0.0,0.0,0.0,0.0,0.0,0.0,0.0,0.0,0.0,0.0,0.0,0.0,0.0,0.0,0.0,0.0,0.0,0.0,0.0,0.0,0.0,0.0,0.0,0.0,0.0,0.0,0.0,0.0,0.0,0.0,0.0,0.0,0.0,0.0,0.0
6119,0.0,0.0,0.0,0.0,0.0,0.0,0.0,0.0,0.0,0.0,0.0,0.0,0.0,0.0,0.0,0.0,0.0,0.0,0.0,0.0,0.0,0.0,0.0,0.0,0.0,0.0,0.0,0.0,0.0,0.0,0.0,0.0,0.0,0.0,0.0,0.0,0.0,0.0,0.0,0.0,0.0,0.0,0.0,0.0,0.0,0.0,0.0,0.0,0.0,0.0,0.0,0.0,0.0,0.0,0.0,0.0,0.0,0.0,0.0,0.0,0.0,0.0,0.0,0.0
6120,0.0,0.0,0.0,0.0,0.0,0.0,0.0,0.0,0.0,0.0,0.0,0.0,0.0,0.0,0.0,0.0,0.0,0.0,0.0,0.0,0.0,0.0,0.0,0.0,0.0,0.0,0.0,0.0,0.0,0.0,0.0,0.0,0.0,0.0,0.0,0.0,0.0,0.0,0.0,0.0,0.0,0.0,0.0,0.0,0.0,0.0,0.0,0.0,0.0,0.0,0.0,0.0,0.0,0.0,0.0,0.0,0.0,0.0,0.0,0.0,0.0,0.0,0.0,0.0
6121,0.0,0.0,0.0,0.0,0.0,0.0,0.0,0.0,0.0,0.0,0.0,0.0,0.0,0.0,0.0,0.0,0.0,0.0,0.0,0.0,0.0,0.0,0.0,0.0,0.0,0.0,0.0,0.0,0.0,0.0,0.0,0.0,0.0,0.0,0.0,0.0,0.0,0.0,0.0,0.0,0.0,0.0,0.0,0.0,0.0,0.0,0.0,0.0,0.0,0.0,0.0,0.0,0.0,0.0,0.0,0.0,0.0,0.0,0.0,0.0,0.0,0.0,0.0,0.0
6122,0.0,0.0,0.0,0.0,0.0,0.0,0.0,0.0,0.0,0.0,0.0,0.0,0.0,0.0,0.0,0.0,0.0,0.0,0.0,0.0,0.0,0.0,0.0,0.0,0.0,0.0,0.0,0.0,0.0,0.0,0.0,0.0,0.0,0.0,0.0,0.0,0.0,0.0,0.0,0.0,0.0,0.0,0.0,0.0,0.0,0.0,0.0,0.0,0.0,0.0,0.0,0.0,0.0,0.0,0.0,0.0,0.0,0.0,0.0,0.0,0.0,0.0,0.0,0.0
6123,0.0,0.0,0.0,0.0,0.0,0.0,0.0,0.0,0.0,0.0,0.0,0.0,0.0,0.0,0.0,0.0,0.0,0.0,0.0,0.0,0.0,0.0,0.0,0.0,0.0,0.0,0.0,0.0,0.0,0.0,0.0,0.0,0.0,0.0,0.0,0.0,0.0,0.0,0.0,0.0,0.0,0.0,0.0,0.0,0.0,0.0,0.0,0.0,0.0,0.0,0.0,0.0,0.0,0.0,0.0,0.0,0.0,0.0,0.0,0.0,0.0,0.0,0.0,0.0
6124,0.0,0.0,0.0,0.0,0.0,0.0,0.0,0.0,0.0,0.0,0.0,0.0,0.0,0.0,0.0,0.0,0.0,0.0,0.0,0.0,0.0,0.0,0.0,0.0,0.0,0.0,0.0,0.0,0.0,0.0,0.0,0.0,0.0,0.0,0.0,0.0,0.0,0.0,0.0,0.0,0.0,0.0,0.0,0.0,0.0,0.0,0.0,0.0,0.0,0.0,0.0,0.0,0.0,0.0,0.0,0.0,0.0,0.0,0.0,0.0,0.0,0.0,0.0,0.0
6125,0.0,0.0,0.0,0.0,0.0,0.0,0.0,0.0,0.0,0.0,0.0,0.0,0.0,0.0,0.0,0.0,0.0,0.0,0.0,0.0,0.0,0.0,0.0,0.0,0.0,0.0,0.0,0.0,0.0,0.0,0.0,0.0,0.0,0.0,0.0,0.0,0.0,0.0,0.0,0.0,0.0,0.0,0.0,0.0,0.0,0.0,0.0,0.0,0.0,0.0,0.0,0.0,0.0,0.0,0.0,0.0,0.0,0.0,0.0,0.0,0.0,0.0,0.0,0.0
6126,0.0,0.0,0.0,0.0,0.0,0.0,0.0,0.0,0.0,0.0,0.0,0.0,0.0,0.0,0.0,0.0,0.0,0.0,0.0,0.0,0.0,0.0,0.0,0.0,0.0,0.0,0.0,0.0,0.0,0.0,0.0,0.0,0.0,0.0,0.0,0.0,0.0,0.0,0.0,0.0,0.0,0.0,0.0,0.0,0.0,0.0,0.0,0.0,0.0,0.0,0.0,0.0,0.0,0.0,0.0,0.0,0.0,0.0,0.0,0.0,0.0,0.0,0.0,0.0
6127,0.0,0.0,0.0,0.0,0.0,0.0,0.0,0.0,0.0,0.0,0.0,0.0,0.0,0.0,0.0,0.0,0.0,0.0,0.0,0.0,0.0,0.0,0.0,0.0,0.0,0.0,0.0,0.0,0.0,0.0,0.0,0.0,0.0,0.0,0.0,0.0,0.0,0.0,0.0,0.0,0.0,0.0,0.0,0.0,0.0,0.0,0.0,0.0,0.0,0.0,0.0,0.0,0.0,0.0,0.0,0.0,0.0,0.0,0.0,0.0,0.0,0.0,0.0,0.0
6128,0.0,0.0,0.0,0.0,0.0,0.0,0.0,0.0,0.0,0.0,0.0,0.0,0.0,0.0,0.0,0.0,0.0,0.0,0.0,0.0,0.0,0.0,0.0,0.0,0.0,0.0,0.0,0.0,0.0,0.0,0.0,0.0,0.0,0.0,0.0,0.0,0.0,0.0,0.0,0.0,0.0,0.0,0.0,0.0,0.0,0.0,0.0,0.0,0.0,0.0,0.0,0.0,0.0,0.0,0.0,0.0,0.0,0.0,0.0,0.0,0.0,0.0,0.0,0.0
6129,0.0,0.0,0.0,0.0,0.0,0.0,0.0,0.0,0.0,0.0,0.0,0.0,0.0,0.0,0.0,0.0,0.0,0.0,0.0,0.0,0.0,0.0,0.0,0.0,0.0,0.0,0.0,0.0,0.0,0.0,0.0,0.0,0.0,0.0,0.0,0.0,0.0,0.0,0.0,0.0,0.0,0.0,0.0,0.0,0.0,0.0,0.0,0.0,0.0,0.0,0.0,0.0,0.0,0.0,0.0,0.0,0.0,0.0,0.0,0.0,0.0,0.0,0.0,0.0
6130,0.0,0.04,0.03,0.0,0.0,0.06,0.0,0.0,0.11,0.12,0.1,0.11,0.15,0.12,0.13,0.12,0.1,0.01,0.01,0.12,0.12,0.13,0.15,0.1,0.1,0.05,0.0,0.0,0.05,0.05,0.05,0.0,0.0,0.0,0.0,0.06,0.09,0.09,0.06,0.1,0.09,0.06,0.06,0.09,0.1,0.06,0.07,0.0,0.0,0.07,0.05,0.05,0.01,0.05,0.06,0.01,0.0,0.05,0.05,0.06,0.05,0.05,0.05,0.05
6131,0.0,0.48,0.48,0.0,0.0,0.5,0.0,0.0,0.56,0.04,0.55,0.56,0.6,0.1,0.59,0.58,0.54,0.6,0.6,0.08,0.57,0.59,0.59,0.54,0.54,0.49,0.0,0.0,0.49,0.48,0.48,0.0,0.0,0.0,0.0,0.5,0.53,0.55,0.52,0.55,0.53,0.52,0.52,0.53,0.54,0.52,0.5,0.0,0.0,0.51,0.48,0.49,0.45,0.46,0.48,0.48,0.0,0.46,0.48,0.51,0.5,0.46,0.5,0.49
6132,0.0,0.68,0.68,0.0,0.0,0.66,0.0,0.0,0.67,0.69,0.68,0.65,0.7,0.7,0.7,0.69,0.67,0.71,0.71,0.69,0.43,0.7,0.71,0.68,0.68,0.69,0.0,0.0,0.68,0.68,0.68,0.0,0.0,0.0,0.0,0.68,0.68,0.69,0.7,0.69,0.69,0.7,0.69,0.68,0.68,0.7,0.67,0.0,0.0,0.67,0.7,0.69,0.7,0.7,0.71,0.68,0.0,0.69,0.7,0.7,0.7,0.7,0.7,0.7
6133,0.0,0.75,0.75,0.0,0.0,0.73,0.0,0.0,0.75,0.68,0.75,0.75,0.76,0.76,0.75,0.74,0.75,0.75,0.76,0.74,0.69,0.75,0.76,0.75,0.74,0.76,0.0,0.0,0.75,0.75,0.75,0.0,0.0,0.0,0.0,0.75,0.75,0.76,0.77,0.77,0.76,0.77,0.76,0.74,0.75,0.77,0.73,0.0,0.0,0.73,0.78,0.76,0.76,0.77,0.78,0.75,0.0,0.76,0.77,0.76,0.77,0.78,0.77,0.77
6134,0.0,0.75,0.75,0.0,0.0,0.73,0.0,0.0,0.75,0.76,0.75,0.76,0.76,0.76,0.75,0.75,0.76,0.72,0.73,0.75,0.76,0.76,0.24,0.75,0.75,0.76,0.0,0.0,0.75,0.75,0.75,0.0,0.0,0.0,0.0,0.76,0.75,0.76,0.76,0.77,0.76,0.76,0.76,0.75,0.75,0.77,0.73,0.0,0.0,0.73,0.78,0.76,0.76,0.77,0.77,0.75,0.0,0.76,0.76,0.76,0.77,0.78,0.76,0.77
6135,0.0,0.76,0.77,0.0,0.0,0.75,0.0,0.0,0.77,0.76,0.76,0.77,0.77,0.77,0.77,0.77,0.77,0.78,0.79,0.77,0.77,0.77,0.78,0.76,0.77,0.77,0.0,0.0,0.76,0.76,0.76,0.0,0.0,0.0,0.0,0.77,0.77,0.78,0.78,0.78,0.78,0.78,0.77,0.76,0.77,0.78,0.75,0.0,0.0,0.74,0.79,0.78,0.78,0.78,0.79,0.75,0.0,0.77,0.78,0.77,0.78,0.79,0.77,0.78
6136,0.0,0.76,0.77,0.0,0.0,0.76,0.0,0.0,0.77,0.76,0.77,0.78,0.77,0.78,0.78,0.78,0.77,0.77,0.77,0.78,0.74,0.78,0.77,0.77,0.78,0.77,0.0,0.0,0.76,0.77,0.76,0.0,0.0,0.0,0.0,0.78,0.77,0.78,0.78,0.78,0.78,0.78,0.77,0.77,0.77,0.78,0.76,0.0,0.0,0.76,0.79,0.78,0.78,0.78,0.79,0.76,0.0,0.78,0.78,0.74,0.79,0.79,0.77,0.79
6137,0.0,0.76,0.76,0.0,0.0,0.76,0.0,0.0,0.76,0.77,0.76,0.78,0.77,0.77,0.78,0.78,0.77,0.76,0.77,0.77,0.76,0.77,0.77,0.76,0.78,0.77,0.0,0.0,0.76,0.76,0.76,0.0,0.0,0.0,0.0,0.77,0.76,0.77,0.78,0.78,0.77,0.78,0.77,0.76,0.76,0.78,0.76,0.0,0.0,0.76,0.79,0.77,0.77,0.78,0.77,0.7,0.0,0.76,0.78,0.74,0.78,0.78,0.77,0.78
6138,0.0,0.75,0.75,0.0,0.0,0.75,0.0,0.0,0.74,0.75,0.74,0.76,0.75,0.75,0.76,0.76,0.75,0.76,0.76,0.75,0.75,0.75,0.75,0.75,0.76,0.75,0.0,0.0,0.75,0.75,0.75,0.0,0.0,0.0,0.0,0.75,0.75,0.76,0.76,0.76,0.76,0.76,0.76,0.75,0.75,0.77,0.75,0.0,0.0,0.75,0.77,0.76,0.76,0.76,0.72,0.74,0.0,0.75,0.76,0.72,0.76,0.77,0.76,0.76
6139,0.0,0.71,0.71,0.0,0.0,0.71,0.0,0.0,0.69,0.71,0.69,0.71,0.7,0.7,0.71,0.71,0.7,0.7,0.71,0.7,0.7,0.7,0.69,0.7,0.71,0.72,0.0,0.0,0.71,0.72,0.71,0.0,0.0,0.0,0.0,0.72,0.71,0.72,0.72,0.71,0.72,0.72,0.72,0.7,0.71,0.73,0.71,0.0,0.0,0.71,0.73,0.72,0.71,0.71,0.71,0.7,0.0,0.71,0.72,0.71,0.72,0.72,0.72,0.72
6140,0.0,0.61,0.62,0.0,0.0,0.6,0.0,0.0,0.57,0.59,0.57,0.59,0.57,0.58,0.58,0.58,0.58,0.57,0.58,0.58,0.58,0.57,0.56,0.59,0.6,0.62,0.0,0.0,0.61,0.62,0.61,0.0,0.0,0.0,0.0,0.61,0.6,0.6,0.62,0.6,0.6,0.62,0.61,0.6,0.59,0.62,0.6,0.0,0.0,0.6,0.62,0.62,0.6,0.6,0.6,0.59,0.0,0.6,0.61,0.6,0.62,0.62,0.62,0.62
6141,0.0,0.28,0.28,0.0,0.0,0.24,0.0,0.0,0.2,0.18,0.2,0.2,0.14,0.18,0.18,0.18,0.21,0.16,0.17,0.19,0.17,0.17,0.14,0.22,0.21,0.28,0.0,0.0,0.27,0.28,0.28,0.0,0.0,0.0,0.0,0.26,0.23,0.22,0.26,0.22,0.24,0.25,0.25,0.22,0.22,0.26,0.24,0.0,0.0,0.24,0.27,0.28,0.25,0.27,0.24,0.26,0.0,0.26,0.27,0.25,0.27,0.27,0.28,0.27
6142,0.0,0.0,0.0,0.0,0.0,0.0,0.0,0.0,0.0,0.0,0.0,0.0,0.0,0.0,0.0,0.0,0.0,0.0,0.0,0.0,0.0,0.0,0.0,0.0,0.0,0.0,0.0,0.0,0.0,0.0,0.0,0.0,0.0,0.0,0.0,0.0,0.0,0.0,0.0,0.0,0.0,0.0,0.0,0.0,0.0,0.0,0.0,0.0,0.0,0.0,0.0,0.0,0.0,0.0,0.0,0.0,0.0,0.0,0.0,0.0,0.0,0.0,0.0,0.0
6143,0.0,0.0,0.0,0.0,0.0,0.0,0.0,0.0,0.0,0.0,0.0,0.0,0.0,0.0,0.0,0.0,0.0,0.0,0.0,0.0,0.0,0.0,0.0,0.0,0.0,0.0,0.0,0.0,0.0,0.0,0.0,0.0,0.0,0.0,0.0,0.0,0.0,0.0,0.0,0.0,0.0,0.0,0.0,0.0,0.0,0.0,0.0,0.0,0.0,0.0,0.0,0.0,0.0,0.0,0.0,0.0,0.0,0.0,0.0,0.0,0.0,0.0,0.0,0.0
6144,0.0,0.0,0.0,0.0,0.0,0.0,0.0,0.0,0.0,0.0,0.0,0.0,0.0,0.0,0.0,0.0,0.0,0.0,0.0,0.0,0.0,0.0,0.0,0.0,0.0,0.0,0.0,0.0,0.0,0.0,0.0,0.0,0.0,0.0,0.0,0.0,0.0,0.0,0.0,0.0,0.0,0.0,0.0,0.0,0.0,0.0,0.0,0.0,0.0,0.0,0.0,0.0,0.0,0.0,0.0,0.0,0.0,0.0,0.0,0.0,0.0,0.0,0.0,0.0
6145,0.0,0.0,0.0,0.0,0.0,0.0,0.0,0.0,0.0,0.0,0.0,0.0,0.0,0.0,0.0,0.0,0.0,0.0,0.0,0.0,0.0,0.0,0.0,0.0,0.0,0.0,0.0,0.0,0.0,0.0,0.0,0.0,0.0,0.0,0.0,0.0,0.0,0.0,0.0,0.0,0.0,0.0,0.0,0.0,0.0,0.0,0.0,0.0,0.0,0.0,0.0,0.0,0.0,0.0,0.0,0.0,0.0,0.0,0.0,0.0,0.0,0.0,0.0,0.0
6146,0.0,0.0,0.0,0.0,0.0,0.0,0.0,0.0,0.0,0.0,0.0,0.0,0.0,0.0,0.0,0.0,0.0,0.0,0.0,0.0,0.0,0.0,0.0,0.0,0.0,0.0,0.0,0.0,0.0,0.0,0.0,0.0,0.0,0.0,0.0,0.0,0.0,0.0,0.0,0.0,0.0,0.0,0.0,0.0,0.0,0.0,0.0,0.0,0.0,0.0,0.0,0.0,0.0,0.0,0.0,0.0,0.0,0.0,0.0,0.0,0.0,0.0,0.0,0.0
6147,0.0,0.0,0.0,0.0,0.0,0.0,0.0,0.0,0.0,0.0,0.0,0.0,0.0,0.0,0.0,0.0,0.0,0.0,0.0,0.0,0.0,0.0,0.0,0.0,0.0,0.0,0.0,0.0,0.0,0.0,0.0,0.0,0.0,0.0,0.0,0.0,0.0,0.0,0.0,0.0,0.0,0.0,0.0,0.0,0.0,0.0,0.0,0.0,0.0,0.0,0.0,0.0,0.0,0.0,0.0,0.0,0.0,0.0,0.0,0.0,0.0,0.0,0.0,0.0
6148,0.0,0.0,0.0,0.0,0.0,0.0,0.0,0.0,0.0,0.0,0.0,0.0,0.0,0.0,0.0,0.0,0.0,0.0,0.0,0.0,0.0,0.0,0.0,0.0,0.0,0.0,0.0,0.0,0.0,0.0,0.0,0.0,0.0,0.0,0.0,0.0,0.0,0.0,0.0,0.0,0.0,0.0,0.0,0.0,0.0,0.0,0.0,0.0,0.0,0.0,0.0,0.0,0.0,0.0,0.0,0.0,0.0,0.0,0.0,0.0,0.0,0.0,0.0,0.0
6149,0.0,0.0,0.0,0.0,0.0,0.0,0.0,0.0,0.0,0.0,0.0,0.0,0.0,0.0,0.0,0.0,0.0,0.0,0.0,0.0,0.0,0.0,0.0,0.0,0.0,0.0,0.0,0.0,0.0,0.0,0.0,0.0,0.0,0.0,0.0,0.0,0.0,0.0,0.0,0.0,0.0,0.0,0.0,0.0,0.0,0.0,0.0,0.0,0.0,0.0,0.0,0.0,0.0,0.0,0.0,0.0,0.0,0.0,0.0,0.0,0.0,0.0,0.0,0.0
6150,0.0,0.0,0.0,0.0,0.0,0.0,0.0,0.0,0.0,0.0,0.0,0.0,0.0,0.0,0.0,0.0,0.0,0.0,0.0,0.0,0.0,0.0,0.0,0.0,0.0,0.0,0.0,0.0,0.0,0.0,0.0,0.0,0.0,0.0,0.0,0.0,0.0,0.0,0.0,0.0,0.0,0.0,0.0,0.0,0.0,0.0,0.0,0.0,0.0,0.0,0.0,0.0,0.0,0.0,0.0,0.0,0.0,0.0,0.0,0.0,0.0,0.0,0.0,0.0
6151,0.0,0.0,0.0,0.0,0.0,0.0,0.0,0.0,0.0,0.0,0.0,0.0,0.0,0.0,0.0,0.0,0.0,0.0,0.0,0.0,0.0,0.0,0.0,0.0,0.0,0.0,0.0,0.0,0.0,0.0,0.0,0.0,0.0,0.0,0.0,0.0,0.0,0.0,0.0,0.0,0.0,0.0,0.0,0.0,0.0,0.0,0.0,0.0,0.0,0.0,0.0,0.0,0.0,0.0,0.0,0.0,0.0,0.0,0.0,0.0,0.0,0.0,0.0,0.0
6152,0.0,0.0,0.0,0.0,0.0,0.0,0.0,0.0,0.0,0.0,0.0,0.0,0.0,0.0,0.0,0.0,0.0,0.0,0.0,0.0,0.0,0.0,0.0,0.0,0.0,0.0,0.0,0.0,0.0,0.0,0.0,0.0,0.0,0.0,0.0,0.0,0.0,0.0,0.0,0.0,0.0,0.0,0.0,0.0,0.0,0.0,0.0,0.0,0.0,0.0,0.0,0.0,0.0,0.0,0.0,0.0,0.0,0.0,0.0,0.0,0.0,0.0,0.0,0.0
6153,0.0,0.0,0.0,0.0,0.0,0.0,0.0,0.0,0.0,0.0,0.0,0.0,0.0,0.0,0.0,0.0,0.0,0.0,0.0,0.0,0.0,0.0,0.0,0.0,0.0,0.0,0.0,0.0,0.0,0.0,0.0,0.0,0.0,0.0,0.0,0.0,0.0,0.0,0.0,0.0,0.0,0.0,0.0,0.0,0.0,0.0,0.0,0.0,0.0,0.0,0.0,0.0,0.0,0.0,0.0,0.0,0.0,0.0,0.0,0.0,0.0,0.0,0.0,0.0
6154,0.0,0.03,0.01,0.0,0.0,0.06,0.0,0.0,0.07,0.06,0.08,0.02,0.08,0.11,0.12,0.08,0.1,0.04,0.02,0.08,0.0,0.08,0.11,0.06,0.1,0.01,0.0,0.0,0.03,0.03,0.01,0.0,0.0,0.0,0.0,0.01,0.01,0.05,0.01,0.1,0.01,0.01,0.01,0.07,0.06,0.01,0.06,0.0,0.0,0.07,0.01,0.02,0.06,0.01,0.04,0.02,0.0,0.01,0.03,0.04,0.02,0.01,0.02,0.01
6155,0.0,0.42,0.42,0.0,0.0,0.36,0.0,0.0,0.53,0.05,0.52,0.55,0.36,0.46,0.27,0.53,0.49,0.05,0.1,0.54,0.34,0.27,0.17,0.46,0.52,0.43,0.0,0.0,0.44,0.42,0.44,0.0,0.0,0.0,0.0,0.35,0.49,0.47,0.47,0.44,0.46,0.48,0.47,0.49,0.48,0.35,0.29,0.0,0.0,0.39,0.47,0.33,0.4,0.46,0.47,0.44,0.0,0.46,0.46,0.47,0.46,0.47,0.35,0.47
6156,0.0,0.68,0.67,0.0,0.0,0.48,0.0,0.0,0.68,0.04,0.6,0.5,0.4,0.7,0.69,0.69,0.08,0.47,0.38,0.69,0.12,0.7,0.58,0.64,0.68,0.65,0.0,0.0,0.62,0.67,0.63,0.0,0.0,0.0,0.0,0.68,0.5,0.45,0.68,0.26,0.67,0.69,0.69,0.66,0.5,0.69,0.48,0.0,0.0,0.53,0.69,0.68,0.69,0.64,0.69,0.58,0.0,0.58,0.69,0.68,0.69,0.66,0.68,0.69
6157,0.0,0.72,0.71,0.0,0.0,0.72,0.0,0.0,0.73,0.07,0.72,0.72,0.72,0.35,0.48,0.39,0.71,0.31,0.27,0.26,0.73,0.55,0.64,0.73,0.6,0.74,0.0,0.0,0.72,0.71,0.72,0.0,0.0,0.0,0.0,0.71,0.72,0.71,0.71,0.72,0.71,0.7,0.68,0.73,0.72,0.69,0.73,0.0,0.0,0.73,0.75,0.74,0.67,0.7,0.67,0.68,0.0,0.71,0.73,0.57,0.74,0.74,0.73,0.74
6158,0.0,0.59,0.58,0.0,0.0,0.7,0.0,0.0,0.73,0.15,0.72,0.72,0.47,0.72,0.72,0.72,0.71,0.74,0.74,0.72,0.54,0.73,0.52,0.71,0.71,0.69,0.0,0.0,0.71,0.62,0.72,0.0,0.0,0.0,0.0,0.75,0.71,0.67,0.74,0.7,0.67,0.75,0.74,0.71,0.72,0.75,0.72,0.0,0.0,0.69,0.61,0.67,0.75,0.76,0.66,0.46,0.0,0.68,0.67,0.74,0.63,0.68,0.72,0.64
6159,0.0,0.76,0.77,0.0,0.0,0.73,0.0,0.0,0.75,0.74,0.74,0.73,0.76,0.75,0.74,0.74,0.67,0.75,0.74,0.74,0.25,0.75,0.75,0.69,0.67,0.76,0.0,0.0,0.7,0.75,0.71,0.0,0.0,0.0,0.0,0.74,0.74,0.7,0.65,0.7,0.74,0.7,0.66,0.72,0.72,0.63,0.74,0.0,0.0,0.73,0.73,0.76,0.65,0.72,0.75,0.72,0.0,0.72,0.74,0.72,0.74,0.74,0.75,0.74
6160,0.0,0.75,0.74,0.0,0.0,0.76,0.0,0.0,0.6,0.23,0.54,0.74,0.76,0.72,0.75,0.75,0.7,0.7,0.71,0.71,0.74,0.75,0.74,0.69,0.75,0.75,0.0,0.0,0.75,0.74,0.74,0.0,0.0,0.0,0.0,0.56,0.62,0.74,0.77,0.76,0.61,0.74,0.76,0.66,0.67,0.77,0.76,0.0,0.0,0.77,0.77,0.77,0.76,0.78,0.72,0.55,0.0,0.76,0.78,0.76,0.77,0.78,0.77,0.77
6161,0.0,0.73,0.72,0.0,0.0,0.73,0.0,0.0,0.74,0.23,0.71,0.73,0.74,0.72,0.7,0.66,0.62,0.59,0.62,0.74,0.72,0.71,0.74,0.73,0.74,0.75,0.0,0.0,0.71,0.71,0.74,0.0,0.0,0.0,0.0,0.75,0.72,0.7,0.74,0.68,0.75,0.73,0.74,0.59,0.73,0.74,0.72,0.0,0.0,0.72,0.78,0.77,0.71,0.75,0.5,0.58,0.0,0.73,0.78,0.64,0.78,0.78,0.72,0.78
6162,0.0,0.73,0.72,0.0,0.0,0.59,0.0,0.0,0.55,0.15,0.69,0.45,0.72,0.58,0.69,0.72,0.44,0.71,0.7,0.62,0.68,0.54,0.7,0.72,0.75,0.69,0.0,0.0,0.75,0.68,0.71,0.0,0.0,0.0,0.0,0.74,0.73,0.66,0.75,0.58,0.73,0.74,0.74,0.73,0.71,0.76,0.55,0.0,0.0,0.64,0.76,0.76,0.51,0.67,0.44,0.7,0.0,0.67,0.75,0.73,0.76,0.74,0.76,0.76
6163,0.0,0.64,0.69,0.0,0.0,0.47,0.0,0.0,0.36,0.04,0.58,0.22,0.63,0.39,0.55,0.59,0.28,0.17,0.65,0.37,0.3,0.3,0.64,0.66,0.57,0.73,0.0,0.0,0.68,0.65,0.72,0.0,0.0,0.0,0.0,0.7,0.57,0.28,0.72,0.29,0.5,0.72,0.69,0.7,0.66,0.72,0.65,0.0,0.0,0.58,0.67,0.71,0.61,0.56,0.62,0.66,0.0,0.67,0.64,0.6,0.71,0.64,0.72,0.7
6164,0.0,0.68,0.68,0.0,0.0,0.6,0.0,0.0,0.29,0.01,0.21,0.43,0.61,0.14,0.07,0.25,0.39,0.26,0.11,0.6,0.27,0.14,0.6,0.51,0.63,0.68,0.0,0.0,0.67,0.68,0.67,0.0,0.0,0.0,0.0,0.67,0.43,0.38,0.67,0.43,0.39,0.67,0.64,0.57,0.51,0.64,0.63,0.0,0.0,0.58,0.68,0.65,0.64,0.66,0.64,0.56,0.0,0.66,0.67,0.65,0.68,0.68,0.63,0.67
6165,0.0,0.34,0.35,0.0,0.0,0.3,0.0,0.0,0.23,0.02,0.18,0.22,0.02,0.18,0.15,0.16,0.24,0.12,0.14,0.1,0.1,0.17,0.02,0.25,0.25,0.34,0.0,0.0,0.26,0.34,0.33,0.0,0.0,0.0,0.0,0.31,0.18,0.27,0.3,0.27,0.26,0.28,0.28,0.24,0.23,0.31,0.3,0.0,0.0,0.3,0.33,0.34,0.31,0.3,0.02,0.3,0.0,0.29,0.32,0.27,0.32,0.33,0.33,0.32
6166,0.0,0.0,0.0,0.0,0.0,0.0,0.0,0.0,0.0,0.0,0.0,0.0,0.0,0.0,0.0,0.0,0.0,0.0,0.0,0.0,0.0,0.0,0.0,0.0,0.0,0.0,0.0,0.0,0.0,0.0,0.0,0.0,0.0,0.0,0.0,0.0,0.0,0.0,0.0,0.0,0.0,0.0,0.0,0.0,0.0,0.0,0.0,0.0,0.0,0.0,0.0,0.0,0.0,0.0,0.0,0.0,0.0,0.0,0.0,0.0,0.0,0.0,0.0,0.0
6167,0.0,0.0,0.0,0.0,0.0,0.0,0.0,0.0,0.0,0.0,0.0,0.0,0.0,0.0,0.0,0.0,0.0,0.0,0.0,0.0,0.0,0.0,0.0,0.0,0.0,0.0,0.0,0.0,0.0,0.0,0.0,0.0,0.0,0.0,0.0,0.0,0.0,0.0,0.0,0.0,0.0,0.0,0.0,0.0,0.0,0.0,0.0,0.0,0.0,0.0,0.0,0.0,0.0,0.0,0.0,0.0,0.0,0.0,0.0,0.0,0.0,0.0,0.0,0.0
6168,0.0,0.0,0.0,0.0,0.0,0.0,0.0,0.0,0.0,0.0,0.0,0.0,0.0,0.0,0.0,0.0,0.0,0.0,0.0,0.0,0.0,0.0,0.0,0.0,0.0,0.0,0.0,0.0,0.0,0.0,0.0,0.0,0.0,0.0,0.0,0.0,0.0,0.0,0.0,0.0,0.0,0.0,0.0,0.0,0.0,0.0,0.0,0.0,0.0,0.0,0.0,0.0,0.0,0.0,0.0,0.0,0.0,0.0,0.0,0.0,0.0,0.0,0.0,0.0
6169,0.0,0.0,0.0,0.0,0.0,0.0,0.0,0.0,0.0,0.0,0.0,0.0,0.0,0.0,0.0,0.0,0.0,0.0,0.0,0.0,0.0,0.0,0.0,0.0,0.0,0.0,0.0,0.0,0.0,0.0,0.0,0.0,0.0,0.0,0.0,0.0,0.0,0.0,0.0,0.0,0.0,0.0,0.0,0.0,0.0,0.0,0.0,0.0,0.0,0.0,0.0,0.0,0.0,0.0,0.0,0.0,0.0,0.0,0.0,0.0,0.0,0.0,0.0,0.0
6170,0.0,0.0,0.0,0.0,0.0,0.0,0.0,0.0,0.0,0.0,0.0,0.0,0.0,0.0,0.0,0.0,0.0,0.0,0.0,0.0,0.0,0.0,0.0,0.0,0.0,0.0,0.0,0.0,0.0,0.0,0.0,0.0,0.0,0.0,0.0,0.0,0.0,0.0,0.0,0.0,0.0,0.0,0.0,0.0,0.0,0.0,0.0,0.0,0.0,0.0,0.0,0.0,0.0,0.0,0.0,0.0,0.0,0.0,0.0,0.0,0.0,0.0,0.0,0.0
6171,0.0,0.0,0.0,0.0,0.0,0.0,0.0,0.0,0.0,0.0,0.0,0.0,0.0,0.0,0.0,0.0,0.0,0.0,0.0,0.0,0.0,0.0,0.0,0.0,0.0,0.0,0.0,0.0,0.0,0.0,0.0,0.0,0.0,0.0,0.0,0.0,0.0,0.0,0.0,0.0,0.0,0.0,0.0,0.0,0.0,0.0,0.0,0.0,0.0,0.0,0.0,0.0,0.0,0.0,0.0,0.0,0.0,0.0,0.0,0.0,0.0,0.0,0.0,0.0
6172,0.0,0.0,0.0,0.0,0.0,0.0,0.0,0.0,0.0,0.0,0.0,0.0,0.0,0.0,0.0,0.0,0.0,0.0,0.0,0.0,0.0,0.0,0.0,0.0,0.0,0.0,0.0,0.0,0.0,0.0,0.0,0.0,0.0,0.0,0.0,0.0,0.0,0.0,0.0,0.0,0.0,0.0,0.0,0.0,0.0,0.0,0.0,0.0,0.0,0.0,0.0,0.0,0.0,0.0,0.0,0.0,0.0,0.0,0.0,0.0,0.0,0.0,0.0,0.0
6173,0.0,0.0,0.0,0.0,0.0,0.0,0.0,0.0,0.0,0.0,0.0,0.0,0.0,0.0,0.0,0.0,0.0,0.0,0.0,0.0,0.0,0.0,0.0,0.0,0.0,0.0,0.0,0.0,0.0,0.0,0.0,0.0,0.0,0.0,0.0,0.0,0.0,0.0,0.0,0.0,0.0,0.0,0.0,0.0,0.0,0.0,0.0,0.0,0.0,0.0,0.0,0.0,0.0,0.0,0.0,0.0,0.0,0.0,0.0,0.0,0.0,0.0,0.0,0.0
6174,0.0,0.0,0.0,0.0,0.0,0.0,0.0,0.0,0.0,0.0,0.0,0.0,0.0,0.0,0.0,0.0,0.0,0.0,0.0,0.0,0.0,0.0,0.0,0.0,0.0,0.0,0.0,0.0,0.0,0.0,0.0,0.0,0.0,0.0,0.0,0.0,0.0,0.0,0.0,0.0,0.0,0.0,0.0,0.0,0.0,0.0,0.0,0.0,0.0,0.0,0.0,0.0,0.0,0.0,0.0,0.0,0.0,0.0,0.0,0.0,0.0,0.0,0.0,0.0
6175,0.0,0.0,0.0,0.0,0.0,0.0,0.0,0.0,0.0,0.0,0.0,0.0,0.0,0.0,0.0,0.0,0.0,0.0,0.0,0.0,0.0,0.0,0.0,0.0,0.0,0.0,0.0,0.0,0.0,0.0,0.0,0.0,0.0,0.0,0.0,0.0,0.0,0.0,0.0,0.0,0.0,0.0,0.0,0.0,0.0,0.0,0.0,0.0,0.0,0.0,0.0,0.0,0.0,0.0,0.0,0.0,0.0,0.0,0.0,0.0,0.0,0.0,0.0,0.0
6176,0.0,0.0,0.0,0.0,0.0,0.0,0.0,0.0,0.0,0.0,0.0,0.0,0.0,0.0,0.0,0.0,0.0,0.0,0.0,0.0,0.0,0.0,0.0,0.0,0.0,0.0,0.0,0.0,0.0,0.0,0.0,0.0,0.0,0.0,0.0,0.0,0.0,0.0,0.0,0.0,0.0,0.0,0.0,0.0,0.0,0.0,0.0,0.0,0.0,0.0,0.0,0.0,0.0,0.0,0.0,0.0,0.0,0.0,0.0,0.0,0.0,0.0,0.0,0.0
6177,0.0,0.0,0.0,0.0,0.0,0.0,0.0,0.0,0.0,0.0,0.0,0.0,0.0,0.0,0.0,0.0,0.0,0.0,0.0,0.0,0.0,0.0,0.0,0.0,0.0,0.0,0.0,0.0,0.0,0.0,0.0,0.0,0.0,0.0,0.0,0.0,0.0,0.0,0.0,0.0,0.0,0.0,0.0,0.0,0.0,0.0,0.0,0.0,0.0,0.0,0.0,0.0,0.0,0.0,0.0,0.0,0.0,0.0,0.0,0.0,0.0,0.0,0.0,0.0
6178,0.0,0.08,0.07,0.0,0.0,0.1,0.0,0.0,0.13,0.06,0.12,0.13,0.18,0.15,0.15,0.14,0.12,0.14,0.14,0.14,0.13,0.15,0.17,0.12,0.13,0.08,0.0,0.0,0.08,0.08,0.08,0.0,0.0,0.0,0.0,0.01,0.11,0.11,0.04,0.11,0.1,0.1,0.1,0.11,0.12,0.1,0.1,0.0,0.0,0.1,0.08,0.07,0.09,0.07,0.1,0.07,0.0,0.08,0.08,0.09,0.07,0.08,0.08,0.08
6179,0.0,0.5,0.49,0.0,0.0,0.52,0.0,0.0,0.55,0.28,0.55,0.56,0.58,0.57,0.58,0.57,0.54,0.56,0.57,0.57,0.56,0.58,0.56,0.54,0.56,0.5,0.0,0.0,0.5,0.5,0.5,0.0,0.0,0.0,0.0,0.19,0.53,0.51,0.31,0.5,0.52,0.52,0.53,0.54,0.54,0.52,0.52,0.0,0.0,0.52,0.5,0.49,0.51,0.49,0.52,0.47,0.0,0.49,0.5,0.5,0.5,0.5,0.5,0.5
6180,0.0,0.7,0.7,0.0,0.0,0.68,0.0,0.0,0.68,0.69,0.68,0.7,0.69,0.69,0.69,0.69,0.67,0.68,0.7,0.69,0.68,0.69,0.68,0.69,0.7,0.7,0.0,0.0,0.68,0.7,0.69,0.0,0.0,0.0,0.0,0.7,0.68,0.7,0.7,0.7,0.68,0.7,0.7,0.69,0.69,0.7,0.69,0.0,0.0,0.69,0.7,0.69,0.69,0.69,0.69,0.63,0.0,0.68,0.7,0.68,0.7,0.7,0.7,0.7
6181,0.0,0.72,0.72,0.0,0.0,0.71,0.0,0.0,0.7,0.64,0.7,0.71,0.7,0.7,0.7,0.71,0.69,0.7,0.71,0.7,0.69,0.7,0.7,0.7,0.72,0.72,0.0,0.0,0.7,0.72,0.71,0.0,0.0,0.0,0.0,0.72,0.7,0.71,0.72,0.71,0.71,0.72,0.71,0.7,0.7,0.72,0.72,0.0,0.0,0.72,0.72,0.71,0.7,0.71,0.7,0.64,0.0,0.68,0.71,0.67,0.72,0.72,0.72,0.72
6182,0.0,0.76,0.76,0.0,0.0,0.76,0.0,0.0,0.74,0.03,0.73,0.75,0.74,0.74,0.74,0.74,0.73,0.74,0.74,0.74,0.73,0.74,0.74,0.74,0.77,0.76,0.0,0.0,0.74,0.76,0.75,0.0,0.0,0.0,0.0,0.76,0.74,0.75,0.76,0.74,0.75,0.76,0.75,0.74,0.74,0.76,0.76,0.0,0.0,0.76,0.77,0.76,0.74,0.75,0.72,0.7,0.0,0.74,0.76,0.71,0.76,0.77,0.76,0.76
6183,0.0,0.76,0.77,0.0,0.0,0.77,0.0,0.0,0.75,0.42,0.75,0.76,0.75,0.75,0.75,0.76,0.74,0.74,0.75,0.75,0.74,0.75,0.75,0.75,0.78,0.77,0.0,0.0,0.75,0.77,0.76,0.0,0.0,0.0,0.0,0.77,0.75,0.76,0.77,0.75,0.76,0.78,0.76,0.75,0.75,0.77,0.77,0.0,0.0,0.77,0.78,0.77,0.76,0.76,0.74,0.73,0.0,0.75,0.77,0.74,0.78,0.78,0.77,0.78
6184,0.0,0.77,0.77,0.0,0.0,0.77,0.0,0.0,0.75,0.19,0.75,0.76,0.75,0.76,0.76,0.76,0.76,0.74,0.76,0.75,0.51,0.76,0.75,0.75,0.79,0.77,0.0,0.0,0.75,0.77,0.76,0.0,0.0,0.0,0.0,0.77,0.76,0.76,0.77,0.76,0.76,0.77,0.76,0.76,0.76,0.77,0.77,0.0,0.0,0.77,0.78,0.77,0.76,0.76,0.76,0.73,0.0,0.75,0.77,0.74,0.78,0.77,0.77,0.78
6185,0.0,0.76,0.76,0.0,0.0,0.76,0.0,0.0,0.73,0.01,0.73,0.75,0.73,0.74,0.74,0.74,0.74,0.73,0.74,0.73,0.73,0.74,0.73,0.74,0.78,0.76,0.0,0.0,0.74,0.76,0.75,0.0,0.0,0.0,0.0,0.75,0.74,0.75,0.75,0.75,0.75,0.75,0.74,0.74,0.74,0.75,0.75,0.0,0.0,0.76,0.76,0.76,0.74,0.74,0.74,0.16,0.0,0.73,0.75,0.73,0.76,0.76,0.76,0.76
6186,0.0,0.73,0.73,0.0,0.0,0.74,0.0,0.0,0.71,0.0,0.7,0.72,0.71,0.71,0.72,0.72,0.71,0.7,0.71,0.7,0.01,0.71,0.7,0.71,0.76,0.74,0.0,0.0,0.72,0.73,0.73,0.0,0.0,0.0,0.0,0.73,0.72,0.72,0.73,0.72,0.73,0.73,0.72,0.71,0.72,0.73,0.74,0.0,0.0,0.74,0.73,0.73,0.72,0.71,0.71,0.05,0.0,0.7,0.72,0.7,0.73,0.72,0.74,0.73
6187,0.0,0.67,0.68,0.0,0.0,0.69,0.0,0.0,0.64,0.01,0.64,0.66,0.64,0.64,0.66,0.66,0.66,0.64,0.06,0.64,0.02,0.64,0.63,0.65,0.7,0.68,0.0,0.0,0.67,0.68,0.67,0.0,0.0,0.0,0.0,0.67,0.65,0.66,0.67,0.66,0.67,0.67,0.66,0.66,0.66,0.67,0.69,0.0,0.0,0.69,0.67,0.67,0.66,0.04,0.66,0.1,0.0,0.04,0.67,0.04,0.68,0.67,0.68,0.67
6188,0.0,0.64,0.65,0.0,0.0,0.65,0.0,0.0,0.6,0.01,0.6,0.62,0.6,0.61,0.61,0.62,0.62,0.59,0.61,0.61,0.0,0.61,0.59,0.62,0.65,0.65,0.0,0.0,0.64,0.65,0.64,0.0,0.0,0.0,0.0,0.64,0.62,0.63,0.64,0.63,0.63,0.64,0.63,0.62,0.62,0.64,0.65,0.0,0.0,0.65,0.13,0.65,0.06,0.05,0.01,0.0,0.0,0.05,0.64,0.01,0.64,0.05,0.66,0.64
6189,0.0,0.32,0.33,0.0,0.0,0.3,0.0,0.0,0.24,0.0,0.24,0.24,0.17,0.21,0.21,0.22,0.25,0.19,0.2,0.23,0.0,0.21,0.18,0.26,0.26,0.32,0.0,0.0,0.31,0.32,0.32,0.0,0.0,0.0,0.0,0.3,0.27,0.27,0.3,0.26,0.28,0.3,0.29,0.27,0.26,0.3,0.3,0.0,0.0,0.29,0.32,0.32,0.01,0.0,0.0,0.0,0.0,0.01,0.31,0.0,0.02,0.32,0.32,0.32
6190,0.0,0.0,0.0,0.0,0.0,0.0,0.0,0.0,0.0,0.0,0.0,0.0,0.0,0.0,0.0,0.0,0.0,0.0,0.0,0.0,0.0,0.0,0.0,0.0,0.0,0.0,0.0,0.0,0.0,0.0,0.0,0.0,0.0,0.0,0.0,0.0,0.0,0.0,0.0,0.0,0.0,0.0,0.0,0.0,0.0,0.0,0.0,0.0,0.0,0.0,0.0,0.0,0.0,0.0,0.0,0.0,0.0,0.0,0.0,0.0,0.0,0.0,0.0,0.0
6191,0.0,0.0,0.0,0.0,0.0,0.0,0.0,0.0,0.0,0.0,0.0,0.0,0.0,0.0,0.0,0.0,0.0,0.0,0.0,0.0,0.0,0.0,0.0,0.0,0.0,0.0,0.0,0.0,0.0,0.0,0.0,0.0,0.0,0.0,0.0,0.0,0.0,0.0,0.0,0.0,0.0,0.0,0.0,0.0,0.0,0.0,0.0,0.0,0.0,0.0,0.0,0.0,0.0,0.0,0.0,0.0,0.0,0.0,0.0,0.0,0.0,0.0,0.0,0.0
6192,0.0,0.0,0.0,0.0,0.0,0.0,0.0,0.0,0.0,0.0,0.0,0.0,0.0,0.0,0.0,0.0,0.0,0.0,0.0,0.0,0.0,0.0,0.0,0.0,0.0,0.0,0.0,0.0,0.0,0.0,0.0,0.0,0.0,0.0,0.0,0.0,0.0,0.0,0.0,0.0,0.0,0.0,0.0,0.0,0.0,0.0,0.0,0.0,0.0,0.0,0.0,0.0,0.0,0.0,0.0,0.0,0.0,0.0,0.0,0.0,0.0,0.0,0.0,0.0
6193,0.0,0.0,0.0,0.0,0.0,0.0,0.0,0.0,0.0,0.0,0.0,0.0,0.0,0.0,0.0,0.0,0.0,0.0,0.0,0.0,0.0,0.0,0.0,0.0,0.0,0.0,0.0,0.0,0.0,0.0,0.0,0.0,0.0,0.0,0.0,0.0,0.0,0.0,0.0,0.0,0.0,0.0,0.0,0.0,0.0,0.0,0.0,0.0,0.0,0.0,0.0,0.0,0.0,0.0,0.0,0.0,0.0,0.0,0.0,0.0,0.0,0.0,0.0,0.0
6194,0.0,0.0,0.0,0.0,0.0,0.0,0.0,0.0,0.0,0.0,0.0,0.0,0.0,0.0,0.0,0.0,0.0,0.0,0.0,0.0,0.0,0.0,0.0,0.0,0.0,0.0,0.0,0.0,0.0,0.0,0.0,0.0,0.0,0.0,0.0,0.0,0.0,0.0,0.0,0.0,0.0,0.0,0.0,0.0,0.0,0.0,0.0,0.0,0.0,0.0,0.0,0.0,0.0,0.0,0.0,0.0,0.0,0.0,0.0,0.0,0.0,0.0,0.0,0.0
6195,0.0,0.0,0.0,0.0,0.0,0.0,0.0,0.0,0.0,0.0,0.0,0.0,0.0,0.0,0.0,0.0,0.0,0.0,0.0,0.0,0.0,0.0,0.0,0.0,0.0,0.0,0.0,0.0,0.0,0.0,0.0,0.0,0.0,0.0,0.0,0.0,0.0,0.0,0.0,0.0,0.0,0.0,0.0,0.0,0.0,0.0,0.0,0.0,0.0,0.0,0.0,0.0,0.0,0.0,0.0,0.0,0.0,0.0,0.0,0.0,0.0,0.0,0.0,0.0
6196,0.0,0.0,0.0,0.0,0.0,0.0,0.0,0.0,0.0,0.0,0.0,0.0,0.0,0.0,0.0,0.0,0.0,0.0,0.0,0.0,0.0,0.0,0.0,0.0,0.0,0.0,0.0,0.0,0.0,0.0,0.0,0.0,0.0,0.0,0.0,0.0,0.0,0.0,0.0,0.0,0.0,0.0,0.0,0.0,0.0,0.0,0.0,0.0,0.0,0.0,0.0,0.0,0.0,0.0,0.0,0.0,0.0,0.0,0.0,0.0,0.0,0.0,0.0,0.0
6197,0.0,0.0,0.0,0.0,0.0,0.0,0.0,0.0,0.0,0.0,0.0,0.0,0.0,0.0,0.0,0.0,0.0,0.0,0.0,0.0,0.0,0.0,0.0,0.0,0.0,0.0,0.0,0.0,0.0,0.0,0.0,0.0,0.0,0.0,0.0,0.0,0.0,0.0,0.0,0.0,0.0,0.0,0.0,0.0,0.0,0.0,0.0,0.0,0.0,0.0,0.0,0.0,0.0,0.0,0.0,0.0,0.0,0.0,0.0,0.0,0.0,0.0,0.0,0.0
6198,0.0,0.0,0.0,0.0,0.0,0.0,0.0,0.0,0.0,0.0,0.0,0.0,0.0,0.0,0.0,0.0,0.0,0.0,0.0,0.0,0.0,0.0,0.0,0.0,0.0,0.0,0.0,0.0,0.0,0.0,0.0,0.0,0.0,0.0,0.0,0.0,0.0,0.0,0.0,0.0,0.0,0.0,0.0,0.0,0.0,0.0,0.0,0.0,0.0,0.0,0.0,0.0,0.0,0.0,0.0,0.0,0.0,0.0,0.0,0.0,0.0,0.0,0.0,0.0
6199,0.0,0.0,0.0,0.0,0.0,0.0,0.0,0.0,0.0,0.0,0.0,0.0,0.0,0.0,0.0,0.0,0.0,0.0,0.0,0.0,0.0,0.0,0.0,0.0,0.0,0.0,0.0,0.0,0.0,0.0,0.0,0.0,0.0,0.0,0.0,0.0,0.0,0.0,0.0,0.0,0.0,0.0,0.0,0.0,0.0,0.0,0.0,0.0,0.0,0.0,0.0,0.0,0.0,0.0,0.0,0.0,0.0,0.0,0.0,0.0,0.0,0.0,0.0,0.0
6200,0.0,0.0,0.0,0.0,0.0,0.0,0.0,0.0,0.0,0.0,0.0,0.0,0.0,0.0,0.0,0.0,0.0,0.0,0.0,0.0,0.0,0.0,0.0,0.0,0.0,0.0,0.0,0.0,0.0,0.0,0.0,0.0,0.0,0.0,0.0,0.0,0.0,0.0,0.0,0.0,0.0,0.0,0.0,0.0,0.0,0.0,0.0,0.0,0.0,0.0,0.0,0.0,0.0,0.0,0.0,0.0,0.0,0.0,0.0,0.0,0.0,0.0,0.0,0.0
6201,0.0,0.0,0.0,0.0,0.0,0.0,0.0,0.0,0.0,0.0,0.0,0.0,0.0,0.0,0.0,0.0,0.0,0.0,0.0,0.0,0.0,0.0,0.0,0.0,0.0,0.0,0.0,0.0,0.0,0.0,0.0,0.0,0.0,0.0,0.0,0.0,0.0,0.0,0.0,0.0,0.0,0.0,0.0,0.0,0.0,0.0,0.0,0.0,0.0,0.0,0.0,0.0,0.0,0.0,0.0,0.0,0.0,0.0,0.0,0.0,0.0,0.0,0.0,0.0
6202,0.0,0.0,0.0,0.0,0.0,0.0,0.0,0.0,0.07,0.14,0.09,0.04,0.03,0.04,0.01,0.0,0.04,0.12,0.12,0.04,0.14,0.06,0.02,0.0,0.02,0.0,0.0,0.0,0.0,0.0,0.0,0.0,0.0,0.0,0.0,0.0,0.01,0.02,0.0,0.03,0.02,0.0,0.0,0.0,0.0,0.0,0.0,0.0,0.0,0.0,0.0,0.0,0.08,0.0,0.01,0.05,0.0,0.05,0.0,0.07,0.0,0.0,0.0,0.0
6203,0.0,0.01,0.01,0.0,0.0,0.01,0.0,0.0,0.05,0.65,0.06,0.5,0.64,0.22,0.13,0.1,0.52,0.44,0.56,0.37,0.65,0.18,0.55,0.03,0.1,0.45,0.0,0.0,0.02,0.01,0.07,0.0,0.0,0.0,0.0,0.02,0.02,0.53,0.03,0.52,0.58,0.09,0.03,0.02,0.02,0.03,0.01,0.0,0.0,0.0,0.25,0.17,0.56,0.54,0.58,0.53,0.0,0.54,0.55,0.56,0.28,0.45,0.02,0.55
6204,0.0,0.01,0.02,0.0,0.0,0.11,0.0,0.0,0.11,0.73,0.21,0.74,0.29,0.18,0.3,0.16,0.7,0.65,0.74,0.19,0.73,0.28,0.4,0.17,0.13,0.09,0.0,0.0,0.05,0.02,0.09,0.0,0.0,0.0,0.0,0.03,0.27,0.71,0.09,0.71,0.69,0.21,0.12,0.06,0.59,0.12,0.06,0.0,0.0,0.06,0.7,0.68,0.7,0.68,0.71,0.67,0.0,0.69,0.69,0.7,0.7,0.7,0.06,0.7
6205,0.0,0.03,0.03,0.0,0.0,0.02,0.0,0.0,0.76,0.8,0.76,0.81,0.44,0.44,0.63,0.58,0.78,0.82,0.83,0.65,0.79,0.45,0.47,0.57,0.05,0.11,0.0,0.0,0.15,0.03,0.12,0.0,0.0,0.0,0.0,0.07,0.16,0.78,0.36,0.78,0.76,0.24,0.25,0.1,0.68,0.77,0.02,0.0,0.0,0.03,0.78,0.48,0.77,0.76,0.79,0.75,0.0,0.76,0.76,0.78,0.77,0.78,0.14,0.77
6206,0.0,0.05,0.04,0.0,0.0,0.04,0.0,0.0,0.8,0.82,0.8,0.84,0.71,0.81,0.76,0.67,0.81,0.84,0.85,0.78,0.82,0.81,0.82,0.25,0.03,0.27,0.0,0.0,0.15,0.05,0.16,0.0,0.0,0.0,0.0,0.09,0.26,0.81,0.8,0.81,0.78,0.37,0.28,0.28,0.54,0.8,0.04,0.0,0.0,0.04,0.81,0.8,0.8,0.8,0.82,0.8,0.0,0.8,0.79,0.81,0.8,0.81,0.18,0.8
6207,0.0,0.03,0.03,0.0,0.0,0.08,0.0,0.0,0.81,0.83,0.81,0.85,0.83,0.82,0.8,0.8,0.82,0.85,0.86,0.81,0.83,0.83,0.83,0.27,0.03,0.25,0.0,0.0,0.21,0.05,0.18,0.0,0.0,0.0,0.0,0.26,0.81,0.82,0.82,0.82,0.8,0.29,0.28,0.8,0.81,0.32,0.08,0.0,0.0,0.09,0.82,0.81,0.82,0.81,0.82,0.81,0.0,0.81,0.8,0.82,0.8,0.82,0.27,0.8
6208,0.0,0.04,0.05,0.0,0.0,0.08,0.0,0.0,0.81,0.82,0.81,0.85,0.82,0.82,0.81,0.8,0.82,0.85,0.86,0.81,0.82,0.83,0.83,0.28,0.04,0.17,0.0,0.0,0.14,0.06,0.17,0.0,0.0,0.0,0.0,0.31,0.8,0.82,0.82,0.82,0.81,0.29,0.25,0.76,0.46,0.29,0.07,0.0,0.0,0.09,0.81,0.8,0.81,0.8,0.82,0.81,0.0,0.8,0.8,0.82,0.27,0.81,0.26,0.51
6209,0.0,0.05,0.05,0.0,0.0,0.07,0.0,0.0,0.8,0.8,0.8,0.84,0.81,0.81,0.8,0.79,0.81,0.84,0.84,0.79,0.81,0.82,0.81,0.63,0.02,0.12,0.0,0.0,0.14,0.04,0.14,0.0,0.0,0.0,0.0,0.26,0.29,0.81,0.81,0.8,0.81,0.45,0.25,0.25,0.8,0.3,0.07,0.0,0.0,0.07,0.79,0.8,0.8,0.79,0.81,0.8,0.0,0.79,0.78,0.81,0.27,0.8,0.45,0.4
6210,0.0,0.03,0.03,0.0,0.0,0.04,0.0,0.0,0.77,0.78,0.77,0.81,0.78,0.78,0.77,0.76,0.79,0.81,0.82,0.77,0.79,0.79,0.78,0.77,0.12,0.07,0.0,0.0,0.18,0.03,0.04,0.0,0.0,0.0,0.0,0.1,0.46,0.79,0.79,0.79,0.79,0.79,0.78,0.13,0.77,0.79,0.04,0.0,0.0,0.05,0.77,0.78,0.78,0.76,0.79,0.78,0.0,0.77,0.76,0.79,0.58,0.77,0.8,0.47
6211,0.0,0.02,0.02,0.0,0.0,0.0,0.0,0.0,0.73,0.73,0.72,0.76,0.72,0.73,0.72,0.71,0.74,0.75,0.76,0.72,0.74,0.73,0.72,0.17,0.04,0.03,0.0,0.0,0.12,0.02,0.02,0.0,0.0,0.0,0.0,0.04,0.73,0.74,0.75,0.74,0.75,0.74,0.74,0.18,0.18,0.75,0.02,0.0,0.0,0.01,0.73,0.74,0.74,0.73,0.74,0.73,0.0,0.73,0.2,0.74,0.24,0.74,0.76,0.74
6212,0.0,0.01,0.01,0.0,0.0,0.0,0.0,0.0,0.61,0.62,0.62,0.65,0.59,0.61,0.59,0.58,0.64,0.62,0.64,0.6,0.63,0.6,0.59,0.06,0.0,0.01,0.0,0.0,0.06,0.01,0.01,0.0,0.0,0.0,0.0,0.02,0.62,0.64,0.64,0.64,0.65,0.63,0.63,0.61,0.15,0.64,0.01,0.0,0.0,0.0,0.64,0.65,0.64,0.63,0.65,0.63,0.0,0.63,0.12,0.64,0.15,0.63,0.65,0.05
6213,0.0,0.0,0.0,0.0,0.0,0.0,0.0,0.0,0.17,0.16,0.18,0.19,0.12,0.15,0.15,0.15,0.2,0.14,0.15,0.16,0.16,0.14,0.12,0.18,0.0,0.0,0.0,0.0,0.01,0.0,0.0,0.0,0.0,0.0,0.0,0.0,0.2,0.2,0.22,0.2,0.22,0.22,0.21,0.19,0.19,0.23,0.0,0.0,0.0,0.0,0.03,0.26,0.23,0.24,0.23,0.24,0.0,0.24,0.02,0.24,0.05,0.02,0.25,0.01
6214,0.0,0.0,0.0,0.0,0.0,0.0,0.0,0.0,0.0,0.0,0.0,0.0,0.0,0.0,0.0,0.0,0.0,0.0,0.0,0.0,0.0,0.0,0.0,0.0,0.0,0.0,0.0,0.0,0.0,0.0,0.0,0.0,0.0,0.0,0.0,0.0,0.0,0.0,0.0,0.0,0.0,0.0,0.0,0.0,0.0,0.0,0.0,0.0,0.0,0.0,0.0,0.0,0.0,0.0,0.0,0.0,0.0,0.0,0.0,0.0,0.0,0.0,0.0,0.0
6215,0.0,0.0,0.0,0.0,0.0,0.0,0.0,0.0,0.0,0.0,0.0,0.0,0.0,0.0,0.0,0.0,0.0,0.0,0.0,0.0,0.0,0.0,0.0,0.0,0.0,0.0,0.0,0.0,0.0,0.0,0.0,0.0,0.0,0.0,0.0,0.0,0.0,0.0,0.0,0.0,0.0,0.0,0.0,0.0,0.0,0.0,0.0,0.0,0.0,0.0,0.0,0.0,0.0,0.0,0.0,0.0,0.0,0.0,0.0,0.0,0.0,0.0,0.0,0.0
6216,0.0,0.0,0.0,0.0,0.0,0.0,0.0,0.0,0.0,0.0,0.0,0.0,0.0,0.0,0.0,0.0,0.0,0.0,0.0,0.0,0.0,0.0,0.0,0.0,0.0,0.0,0.0,0.0,0.0,0.0,0.0,0.0,0.0,0.0,0.0,0.0,0.0,0.0,0.0,0.0,0.0,0.0,0.0,0.0,0.0,0.0,0.0,0.0,0.0,0.0,0.0,0.0,0.0,0.0,0.0,0.0,0.0,0.0,0.0,0.0,0.0,0.0,0.0,0.0
6217,0.0,0.0,0.0,0.0,0.0,0.0,0.0,0.0,0.0,0.0,0.0,0.0,0.0,0.0,0.0,0.0,0.0,0.0,0.0,0.0,0.0,0.0,0.0,0.0,0.0,0.0,0.0,0.0,0.0,0.0,0.0,0.0,0.0,0.0,0.0,0.0,0.0,0.0,0.0,0.0,0.0,0.0,0.0,0.0,0.0,0.0,0.0,0.0,0.0,0.0,0.0,0.0,0.0,0.0,0.0,0.0,0.0,0.0,0.0,0.0,0.0,0.0,0.0,0.0
6218,0.0,0.0,0.0,0.0,0.0,0.0,0.0,0.0,0.0,0.0,0.0,0.0,0.0,0.0,0.0,0.0,0.0,0.0,0.0,0.0,0.0,0.0,0.0,0.0,0.0,0.0,0.0,0.0,0.0,0.0,0.0,0.0,0.0,0.0,0.0,0.0,0.0,0.0,0.0,0.0,0.0,0.0,0.0,0.0,0.0,0.0,0.0,0.0,0.0,0.0,0.0,0.0,0.0,0.0,0.0,0.0,0.0,0.0,0.0,0.0,0.0,0.0,0.0,0.0
6219,0.0,0.0,0.0,0.0,0.0,0.0,0.0,0.0,0.0,0.0,0.0,0.0,0.0,0.0,0.0,0.0,0.0,0.0,0.0,0.0,0.0,0.0,0.0,0.0,0.0,0.0,0.0,0.0,0.0,0.0,0.0,0.0,0.0,0.0,0.0,0.0,0.0,0.0,0.0,0.0,0.0,0.0,0.0,0.0,0.0,0.0,0.0,0.0,0.0,0.0,0.0,0.0,0.0,0.0,0.0,0.0,0.0,0.0,0.0,0.0,0.0,0.0,0.0,0.0
6220,0.0,0.0,0.0,0.0,0.0,0.0,0.0,0.0,0.0,0.0,0.0,0.0,0.0,0.0,0.0,0.0,0.0,0.0,0.0,0.0,0.0,0.0,0.0,0.0,0.0,0.0,0.0,0.0,0.0,0.0,0.0,0.0,0.0,0.0,0.0,0.0,0.0,0.0,0.0,0.0,0.0,0.0,0.0,0.0,0.0,0.0,0.0,0.0,0.0,0.0,0.0,0.0,0.0,0.0,0.0,0.0,0.0,0.0,0.0,0.0,0.0,0.0,0.0,0.0
6221,0.0,0.0,0.0,0.0,0.0,0.0,0.0,0.0,0.0,0.0,0.0,0.0,0.0,0.0,0.0,0.0,0.0,0.0,0.0,0.0,0.0,0.0,0.0,0.0,0.0,0.0,0.0,0.0,0.0,0.0,0.0,0.0,0.0,0.0,0.0,0.0,0.0,0.0,0.0,0.0,0.0,0.0,0.0,0.0,0.0,0.0,0.0,0.0,0.0,0.0,0.0,0.0,0.0,0.0,0.0,0.0,0.0,0.0,0.0,0.0,0.0,0.0,0.0,0.0
6222,0.0,0.0,0.0,0.0,0.0,0.0,0.0,0.0,0.0,0.0,0.0,0.0,0.0,0.0,0.0,0.0,0.0,0.0,0.0,0.0,0.0,0.0,0.0,0.0,0.0,0.0,0.0,0.0,0.0,0.0,0.0,0.0,0.0,0.0,0.0,0.0,0.0,0.0,0.0,0.0,0.0,0.0,0.0,0.0,0.0,0.0,0.0,0.0,0.0,0.0,0.0,0.0,0.0,0.0,0.0,0.0,0.0,0.0,0.0,0.0,0.0,0.0,0.0,0.0
6223,0.0,0.0,0.0,0.0,0.0,0.0,0.0,0.0,0.0,0.0,0.0,0.0,0.0,0.0,0.0,0.0,0.0,0.0,0.0,0.0,0.0,0.0,0.0,0.0,0.0,0.0,0.0,0.0,0.0,0.0,0.0,0.0,0.0,0.0,0.0,0.0,0.0,0.0,0.0,0.0,0.0,0.0,0.0,0.0,0.0,0.0,0.0,0.0,0.0,0.0,0.0,0.0,0.0,0.0,0.0,0.0,0.0,0.0,0.0,0.0,0.0,0.0,0.0,0.0
6224,0.0,0.0,0.0,0.0,0.0,0.0,0.0,0.0,0.0,0.0,0.0,0.0,0.0,0.0,0.0,0.0,0.0,0.0,0.0,0.0,0.0,0.0,0.0,0.0,0.0,0.0,0.0,0.0,0.0,0.0,0.0,0.0,0.0,0.0,0.0,0.0,0.0,0.0,0.0,0.0,0.0,0.0,0.0,0.0,0.0,0.0,0.0,0.0,0.0,0.0,0.0,0.0,0.0,0.0,0.0,0.0,0.0,0.0,0.0,0.0,0.0,0.0,0.0,0.0
6225,0.0,0.0,0.0,0.0,0.0,0.0,0.0,0.0,0.0,0.0,0.0,0.0,0.0,0.0,0.0,0.0,0.0,0.0,0.0,0.0,0.0,0.0,0.0,0.0,0.0,0.0,0.0,0.0,0.0,0.0,0.0,0.0,0.0,0.0,0.0,0.0,0.0,0.0,0.0,0.0,0.0,0.0,0.0,0.0,0.0,0.0,0.0,0.0,0.0,0.0,0.0,0.0,0.0,0.0,0.0,0.0,0.0,0.0,0.0,0.0,0.0,0.0,0.0,0.0
6226,0.0,0.0,0.0,0.0,0.0,0.0,0.0,0.0,0.0,0.14,0.0,0.0,0.17,0.0,0.0,0.0,0.0,0.16,0.16,0.0,0.13,0.0,0.18,0.0,0.01,0.0,0.0,0.0,0.0,0.0,0.0,0.0,0.0,0.0,0.0,0.0,0.0,0.0,0.0,0.0,0.0,0.0,0.0,0.0,0.0,0.0,0.0,0.0,0.0,0.0,0.03,0.0,0.0,0.03,0.08,0.03,0.0,0.05,0.0,0.05,0.0,0.03,0.0,0.0
6227,0.0,0.0,0.04,0.0,0.0,0.0,0.0,0.0,0.01,0.62,0.0,0.02,0.61,0.02,0.02,0.02,0.01,0.62,0.64,0.02,0.61,0.02,0.62,0.0,0.02,0.0,0.0,0.0,0.0,0.0,0.0,0.0,0.0,0.0,0.0,0.0,0.0,0.0,0.0,0.0,0.01,0.0,0.0,0.0,0.0,0.0,0.0,0.0,0.0,0.01,0.03,0.01,0.02,0.02,0.55,0.48,0.0,0.5,0.0,0.09,0.01,0.02,0.0,0.01
6228,0.0,0.21,0.15,0.0,0.0,0.01,0.0,0.0,0.02,0.76,0.01,0.03,0.73,0.06,0.05,0.04,0.03,0.75,0.77,0.03,0.75,0.05,0.74,0.02,0.01,0.03,0.0,0.0,0.01,0.37,0.02,0.0,0.0,0.0,0.0,0.0,0.02,0.02,0.01,0.02,0.02,0.0,0.0,0.0,0.02,0.01,0.0,0.0,0.0,0.01,0.44,0.1,0.04,0.05,0.73,0.68,0.0,0.04,0.02,0.28,0.07,0.11,0.01,0.02
6229,0.0,0.04,0.03,0.0,0.0,0.02,0.0,0.0,0.02,0.81,0.02,0.05,0.78,0.11,0.11,0.02,0.04,0.79,0.81,0.02,0.8,0.1,0.78,0.02,0.02,0.06,0.0,0.0,0.03,0.04,0.05,0.0,0.0,0.0,0.0,0.0,0.0,0.01,0.01,0.02,0.02,0.01,0.01,0.0,0.02,0.03,0.04,0.0,0.0,0.04,0.61,0.14,0.03,0.08,0.11,0.74,0.0,0.05,0.05,0.25,0.11,0.64,0.02,0.08
6230,0.0,0.06,0.04,0.0,0.0,0.02,0.0,0.0,0.02,0.81,0.01,0.06,0.78,0.11,0.05,0.01,0.06,0.79,0.8,0.01,0.18,0.14,0.78,0.0,0.04,0.04,0.0,0.0,0.03,0.04,0.03,0.0,0.0,0.0,0.0,0.01,0.01,0.01,0.01,0.02,0.01,0.0,0.01,0.05,0.0,0.02,0.01,0.0,0.0,0.01,0.42,0.28,0.06,0.15,0.12,0.74,0.0,0.07,0.09,0.09,0.15,0.45,0.02,0.07
6231,0.0,0.04,0.46,0.0,0.0,0.02,0.0,0.0,0.02,0.82,0.01,0.06,0.79,0.04,0.02,0.02,0.04,0.27,0.17,0.01,0.09,0.07,0.79,0.01,0.03,0.06,0.0,0.0,0.03,0.49,0.05,0.0,0.0,0.0,0.0,0.14,0.01,0.01,0.07,0.02,0.01,0.02,0.01,0.01,0.0,0.05,0.02,0.0,0.0,0.01,0.32,0.16,0.08,0.26,0.06,0.12,0.0,0.1,0.07,0.09,0.18,0.48,0.02,0.08
6232,0.0,0.06,0.1,0.0,0.0,0.03,0.0,0.0,0.01,0.82,0.01,0.04,0.79,0.05,0.03,0.03,0.02,0.2,0.13,0.02,0.06,0.09,0.79,0.01,0.02,0.21,0.0,0.0,0.08,0.09,0.12,0.0,0.0,0.0,0.0,0.09,0.02,0.01,0.05,0.01,0.01,0.04,0.03,0.01,0.02,0.05,0.01,0.0,0.0,0.02,0.13,0.34,0.06,0.13,0.07,0.06,0.0,0.29,0.04,0.05,0.12,0.16,0.04,0.06
6233,0.0,0.05,0.07,0.0,0.0,0.05,0.0,0.0,0.0,0.12,0.0,0.02,0.77,0.02,0.02,0.01,0.01,0.17,0.17,0.0,0.06,0.05,0.78,0.01,0.04,0.04,0.0,0.0,0.04,0.04,0.04,0.0,0.0,0.0,0.0,0.14,0.02,0.02,0.06,0.01,0.04,0.04,0.02,0.02,0.01,0.04,0.02,0.0,0.0,0.02,0.31,0.15,0.06,0.08,0.16,0.06,0.0,0.16,0.04,0.05,0.08,0.16,0.05,0.04
6234,0.0,0.06,0.05,0.0,0.0,0.26,0.0,0.0,0.0,0.06,0.0,0.01,0.38,0.0,0.01,0.02,0.01,0.09,0.07,0.01,0.05,0.01,0.75,0.01,0.07,0.02,0.0,0.0,0.01,0.05,0.02,0.0,0.0,0.0,0.0,0.01,0.02,0.01,0.08,0.01,0.03,0.04,0.03,0.02,0.02,0.06,0.02,0.0,0.0,0.01,0.34,0.06,0.05,0.08,0.08,0.04,0.0,0.07,0.02,0.07,0.05,0.41,0.03,0.02
6235,0.0,0.05,0.06,0.0,0.0,0.01,0.0,0.0,0.0,0.02,0.0,0.0,0.04,0.01,0.01,0.0,0.0,0.03,0.03,0.0,0.02,0.0,0.7,0.02,0.03,0.01,0.0,0.0,0.01,0.04,0.02,0.0,0.0,0.0,0.0,0.01,0.02,0.01,0.01,0.01,0.01,0.0,0.01,0.01,0.02,0.01,0.01,0.0,0.0,0.01,0.1,0.04,0.02,0.04,0.03,0.02,0.0,0.05,0.02,0.07,0.02,0.16,0.02,0.02
6236,0.0,0.02,0.03,0.0,0.0,0.01,0.0,0.0,0.0,0.01,0.0,0.0,0.0,0.0,0.0,0.0,0.0,0.02,0.01,0.0,0.01,0.0,0.04,0.01,0.01,0.01,0.0,0.0,0.0,0.03,0.01,0.0,0.0,0.0,0.0,0.0,0.0,0.0,0.0,0.0,0.01,0.0,0.0,0.0,0.01,0.01,0.0,0.0,0.0,0.01,0.04,0.02,0.01,0.02,0.02,0.02,0.0,0.02,0.01,0.02,0.01,0.04,0.0,0.01
6237,0.0,0.0,0.0,0.0,0.0,0.0,0.0,0.0,0.0,0.0,0.0,0.0,0.0,0.0,0.0,0.0,0.0,0.0,0.0,0.0,0.0,0.0,0.0,0.0,0.01,0.0,0.0,0.0,0.0,0.0,0.0,0.0,0.0,0.0,0.0,0.0,0.0,0.0,0.0,0.0,0.0,0.0,0.0,0.02,0.0,0.0,0.0,0.0,0.0,0.0,0.0,0.01,0.0,0.0,0.0,0.0,0.0,0.0,0.0,0.0,0.0,0.0,0.0,0.0
6238,0.0,0.0,0.0,0.0,0.0,0.0,0.0,0.0,0.0,0.0,0.0,0.0,0.0,0.0,0.0,0.0,0.0,0.0,0.0,0.0,0.0,0.0,0.0,0.0,0.0,0.0,0.0,0.0,0.0,0.0,0.0,0.0,0.0,0.0,0.0,0.0,0.0,0.0,0.0,0.0,0.0,0.0,0.0,0.0,0.0,0.0,0.0,0.0,0.0,0.0,0.0,0.0,0.0,0.0,0.0,0.0,0.0,0.0,0.0,0.0,0.0,0.0,0.0,0.0
6239,0.0,0.0,0.0,0.0,0.0,0.0,0.0,0.0,0.0,0.0,0.0,0.0,0.0,0.0,0.0,0.0,0.0,0.0,0.0,0.0,0.0,0.0,0.0,0.0,0.0,0.0,0.0,0.0,0.0,0.0,0.0,0.0,0.0,0.0,0.0,0.0,0.0,0.0,0.0,0.0,0.0,0.0,0.0,0.0,0.0,0.0,0.0,0.0,0.0,0.0,0.0,0.0,0.0,0.0,0.0,0.0,0.0,0.0,0.0,0.0,0.0,0.0,0.0,0.0
6240,0.0,0.0,0.0,0.0,0.0,0.0,0.0,0.0,0.0,0.0,0.0,0.0,0.0,0.0,0.0,0.0,0.0,0.0,0.0,0.0,0.0,0.0,0.0,0.0,0.0,0.0,0.0,0.0,0.0,0.0,0.0,0.0,0.0,0.0,0.0,0.0,0.0,0.0,0.0,0.0,0.0,0.0,0.0,0.0,0.0,0.0,0.0,0.0,0.0,0.0,0.0,0.0,0.0,0.0,0.0,0.0,0.0,0.0,0.0,0.0,0.0,0.0,0.0,0.0
6241,0.0,0.0,0.0,0.0,0.0,0.0,0.0,0.0,0.0,0.0,0.0,0.0,0.0,0.0,0.0,0.0,0.0,0.0,0.0,0.0,0.0,0.0,0.0,0.0,0.0,0.0,0.0,0.0,0.0,0.0,0.0,0.0,0.0,0.0,0.0,0.0,0.0,0.0,0.0,0.0,0.0,0.0,0.0,0.0,0.0,0.0,0.0,0.0,0.0,0.0,0.0,0.0,0.0,0.0,0.0,0.0,0.0,0.0,0.0,0.0,0.0,0.0,0.0,0.0
6242,0.0,0.0,0.0,0.0,0.0,0.0,0.0,0.0,0.0,0.0,0.0,0.0,0.0,0.0,0.0,0.0,0.0,0.0,0.0,0.0,0.0,0.0,0.0,0.0,0.0,0.0,0.0,0.0,0.0,0.0,0.0,0.0,0.0,0.0,0.0,0.0,0.0,0.0,0.0,0.0,0.0,0.0,0.0,0.0,0.0,0.0,0.0,0.0,0.0,0.0,0.0,0.0,0.0,0.0,0.0,0.0,0.0,0.0,0.0,0.0,0.0,0.0,0.0,0.0
6243,0.0,0.0,0.0,0.0,0.0,0.0,0.0,0.0,0.0,0.0,0.0,0.0,0.0,0.0,0.0,0.0,0.0,0.0,0.0,0.0,0.0,0.0,0.0,0.0,0.0,0.0,0.0,0.0,0.0,0.0,0.0,0.0,0.0,0.0,0.0,0.0,0.0,0.0,0.0,0.0,0.0,0.0,0.0,0.0,0.0,0.0,0.0,0.0,0.0,0.0,0.0,0.0,0.0,0.0,0.0,0.0,0.0,0.0,0.0,0.0,0.0,0.0,0.0,0.0
6244,0.0,0.0,0.0,0.0,0.0,0.0,0.0,0.0,0.0,0.0,0.0,0.0,0.0,0.0,0.0,0.0,0.0,0.0,0.0,0.0,0.0,0.0,0.0,0.0,0.0,0.0,0.0,0.0,0.0,0.0,0.0,0.0,0.0,0.0,0.0,0.0,0.0,0.0,0.0,0.0,0.0,0.0,0.0,0.0,0.0,0.0,0.0,0.0,0.0,0.0,0.0,0.0,0.0,0.0,0.0,0.0,0.0,0.0,0.0,0.0,0.0,0.0,0.0,0.0
6245,0.0,0.0,0.0,0.0,0.0,0.0,0.0,0.0,0.0,0.0,0.0,0.0,0.0,0.0,0.0,0.0,0.0,0.0,0.0,0.0,0.0,0.0,0.0,0.0,0.0,0.0,0.0,0.0,0.0,0.0,0.0,0.0,0.0,0.0,0.0,0.0,0.0,0.0,0.0,0.0,0.0,0.0,0.0,0.0,0.0,0.0,0.0,0.0,0.0,0.0,0.0,0.0,0.0,0.0,0.0,0.0,0.0,0.0,0.0,0.0,0.0,0.0,0.0,0.0
6246,0.0,0.0,0.0,0.0,0.0,0.0,0.0,0.0,0.0,0.0,0.0,0.0,0.0,0.0,0.0,0.0,0.0,0.0,0.0,0.0,0.0,0.0,0.0,0.0,0.0,0.0,0.0,0.0,0.0,0.0,0.0,0.0,0.0,0.0,0.0,0.0,0.0,0.0,0.0,0.0,0.0,0.0,0.0,0.0,0.0,0.0,0.0,0.0,0.0,0.0,0.0,0.0,0.0,0.0,0.0,0.0,0.0,0.0,0.0,0.0,0.0,0.0,0.0,0.0
6247,0.0,0.0,0.0,0.0,0.0,0.0,0.0,0.0,0.0,0.0,0.0,0.0,0.0,0.0,0.0,0.0,0.0,0.0,0.0,0.0,0.0,0.0,0.0,0.0,0.0,0.0,0.0,0.0,0.0,0.0,0.0,0.0,0.0,0.0,0.0,0.0,0.0,0.0,0.0,0.0,0.0,0.0,0.0,0.0,0.0,0.0,0.0,0.0,0.0,0.0,0.0,0.0,0.0,0.0,0.0,0.0,0.0,0.0,0.0,0.0,0.0,0.0,0.0,0.0
6248,0.0,0.0,0.0,0.0,0.0,0.0,0.0,0.0,0.0,0.0,0.0,0.0,0.0,0.0,0.0,0.0,0.0,0.0,0.0,0.0,0.0,0.0,0.0,0.0,0.0,0.0,0.0,0.0,0.0,0.0,0.0,0.0,0.0,0.0,0.0,0.0,0.0,0.0,0.0,0.0,0.0,0.0,0.0,0.0,0.0,0.0,0.0,0.0,0.0,0.0,0.0,0.0,0.0,0.0,0.0,0.0,0.0,0.0,0.0,0.0,0.0,0.0,0.0,0.0
6249,0.0,0.0,0.0,0.0,0.0,0.0,0.0,0.0,0.0,0.0,0.0,0.0,0.0,0.0,0.0,0.0,0.0,0.0,0.0,0.0,0.0,0.0,0.0,0.0,0.0,0.0,0.0,0.0,0.0,0.0,0.0,0.0,0.0,0.0,0.0,0.0,0.0,0.0,0.0,0.0,0.0,0.0,0.0,0.0,0.0,0.0,0.0,0.0,0.0,0.0,0.0,0.0,0.0,0.0,0.0,0.0,0.0,0.0,0.0,0.0,0.0,0.0,0.0,0.0
6250,0.0,0.0,0.0,0.0,0.0,0.0,0.0,0.0,0.0,0.0,0.0,0.0,0.0,0.0,0.0,0.0,0.0,0.0,0.0,0.0,0.0,0.0,0.0,0.0,0.0,0.0,0.0,0.0,0.0,0.0,0.0,0.0,0.0,0.0,0.0,0.0,0.0,0.0,0.0,0.0,0.0,0.0,0.0,0.0,0.0,0.0,0.0,0.0,0.0,0.0,0.0,0.0,0.0,0.0,0.0,0.0,0.0,0.0,0.0,0.0,0.0,0.0,0.0,0.0
6251,0.0,0.02,0.02,0.0,0.0,0.0,0.0,0.0,0.0,0.0,0.0,0.01,0.0,0.0,0.0,0.0,0.01,0.0,0.01,0.0,0.02,0.0,0.0,0.0,0.0,0.02,0.0,0.0,0.01,0.01,0.0,0.0,0.0,0.0,0.0,0.01,0.0,0.02,0.01,0.01,0.02,0.01,0.0,0.01,0.0,0.01,0.0,0.0,0.0,0.0,0.07,0.02,0.01,0.26,0.02,0.48,0.0,0.19,0.01,0.01,0.01,0.26,0.02,0.01
6252,0.0,0.07,0.11,0.0,0.0,0.01,0.0,0.0,0.01,0.02,0.01,0.03,0.02,0.02,0.01,0.01,0.05,0.01,0.01,0.01,0.03,0.04,0.02,0.01,0.0,0.36,0.0,0.0,0.08,0.04,0.09,0.0,0.0,0.0,0.0,0.02,0.02,0.04,0.02,0.03,0.08,0.02,0.02,0.02,0.02,0.03,0.01,0.0,0.0,0.01,0.36,0.07,0.05,0.68,0.03,0.67,0.0,0.45,0.05,0.05,0.05,0.69,0.08,0.04
6253,0.0,0.04,0.04,0.0,0.0,0.03,0.0,0.0,0.02,0.03,0.02,0.05,0.02,0.01,0.01,0.01,0.06,0.03,0.04,0.02,0.08,0.03,0.02,0.02,0.11,0.13,0.0,0.0,0.19,0.03,0.26,0.0,0.0,0.0,0.0,0.01,0.02,0.06,0.05,0.04,0.09,0.05,0.03,0.01,0.02,0.05,0.09,0.0,0.0,0.08,0.71,0.12,0.35,0.69,0.04,0.68,0.0,0.7,0.24,0.17,0.07,0.7,0.32,0.2
6254,0.0,0.26,0.22,0.0,0.0,0.04,0.0,0.0,0.02,0.04,0.03,0.23,0.04,0.02,0.02,0.02,0.07,0.06,0.08,0.02,0.09,0.01,0.02,0.13,0.1,0.02,0.0,0.0,0.32,0.11,0.08,0.0,0.0,0.0,0.0,0.1,0.09,0.07,0.08,0.07,0.09,0.08,0.06,0.05,0.14,0.08,0.06,0.0,0.0,0.04,0.74,0.29,0.76,0.74,0.06,0.72,0.0,0.74,0.71,0.28,0.17,0.73,0.73,0.73
6255,0.0,0.2,0.28,0.0,0.0,0.14,0.0,0.0,0.02,0.06,0.04,0.14,0.05,0.03,0.01,0.01,0.09,0.05,0.06,0.02,0.1,0.04,0.05,0.07,0.11,0.75,0.0,0.0,0.16,0.1,0.06,0.0,0.0,0.0,0.0,0.29,0.07,0.11,0.11,0.12,0.16,0.09,0.08,0.06,0.06,0.11,0.09,0.0,0.0,0.04,0.77,0.75,0.77,0.77,0.16,0.74,0.0,0.77,0.74,0.76,0.58,0.77,0.74,0.75
6256,0.0,0.76,0.29,0.0,0.0,0.01,0.0,0.0,0.05,0.06,0.05,0.05,0.03,0.02,0.02,0.03,0.08,0.06,0.06,0.05,0.13,0.02,0.04,0.05,0.6,0.05,0.0,0.0,0.23,0.11,0.05,0.0,0.0,0.0,0.0,0.21,0.09,0.1,0.11,0.12,0.1,0.1,0.08,0.08,0.07,0.11,0.03,0.0,0.0,0.02,0.78,0.75,0.76,0.77,0.54,0.75,0.0,0.77,0.76,0.76,0.77,0.77,0.11,0.77
6257,0.0,0.08,0.1,0.0,0.0,0.02,0.0,0.0,0.05,0.09,0.07,0.06,0.03,0.03,0.04,0.04,0.09,0.02,0.02,0.04,0.05,0.03,0.06,0.08,0.28,0.08,0.0,0.0,0.16,0.06,0.09,0.0,0.0,0.0,0.0,0.06,0.2,0.13,0.08,0.11,0.13,0.08,0.12,0.17,0.14,0.09,0.01,0.0,0.0,0.0,0.77,0.74,0.75,0.76,0.38,0.25,0.0,0.76,0.75,0.24,0.76,0.76,0.2,0.76
6258,0.0,0.73,0.73,0.0,0.0,0.06,0.0,0.0,0.06,0.07,0.06,0.04,0.01,0.02,0.02,0.02,0.08,0.03,0.03,0.01,0.09,0.02,0.02,0.25,0.02,0.74,0.0,0.0,0.72,0.73,0.73,0.0,0.0,0.0,0.0,0.74,0.09,0.1,0.08,0.07,0.75,0.03,0.12,0.06,0.22,0.14,0.01,0.0,0.0,0.18,0.75,0.74,0.75,0.74,0.22,0.73,0.0,0.75,0.74,0.24,0.26,0.75,0.72,0.27
6259,0.0,0.39,0.72,0.0,0.0,0.02,0.0,0.0,0.04,0.03,0.06,0.02,0.01,0.02,0.01,0.01,0.06,0.0,0.01,0.01,0.07,0.02,0.01,0.05,0.0,0.73,0.0,0.0,0.68,0.23,0.7,0.0,0.0,0.0,0.0,0.02,0.16,0.15,0.72,0.09,0.74,0.16,0.31,0.02,0.04,0.73,0.01,0.0,0.0,0.02,0.76,0.75,0.75,0.74,0.19,0.72,0.0,0.75,0.74,0.75,0.74,0.75,0.73,0.74
6260,0.0,0.64,0.64,0.0,0.0,0.0,0.0,0.0,0.03,0.01,0.04,0.02,0.02,0.0,0.01,0.01,0.07,0.0,0.0,0.01,0.0,0.01,0.01,0.01,0.04,0.65,0.0,0.0,0.29,0.64,0.63,0.0,0.0,0.0,0.0,0.64,0.28,0.62,0.62,0.64,0.65,0.63,0.62,0.01,0.03,0.64,0.01,0.0,0.0,0.01,0.67,0.67,0.67,0.66,0.67,0.04,0.0,0.66,0.66,0.66,0.66,0.67,0.12,0.66
6261,0.0,0.3,0.31,0.0,0.0,0.27,0.0,0.0,0.21,0.0,0.23,0.22,0.0,0.0,0.0,0.0,0.24,0.0,0.0,0.0,0.0,0.0,0.0,0.08,0.0,0.3,0.0,0.0,0.29,0.3,0.3,0.0,0.0,0.0,0.0,0.27,0.25,0.24,0.27,0.24,0.26,0.27,0.26,0.0,0.24,0.27,0.27,0.0,0.0,0.26,0.31,0.31,0.28,0.3,0.28,0.15,0.0,0.3,0.3,0.28,0.3,0.31,0.01,0.3
6262,0.0,0.0,0.0,0.0,0.0,0.0,0.0,0.0,0.0,0.0,0.0,0.0,0.0,0.0,0.0,0.0,0.0,0.0,0.0,0.0,0.0,0.0,0.0,0.0,0.0,0.0,0.0,0.0,0.0,0.0,0.0,0.0,0.0,0.0,0.0,0.0,0.0,0.0,0.0,0.0,0.0,0.0,0.0,0.0,0.0,0.0,0.0,0.0,0.0,0.0,0.0,0.0,0.0,0.0,0.0,0.0,0.0,0.0,0.0,0.0,0.0,0.0,0.0,0.0
6263,0.0,0.0,0.0,0.0,0.0,0.0,0.0,0.0,0.0,0.0,0.0,0.0,0.0,0.0,0.0,0.0,0.0,0.0,0.0,0.0,0.0,0.0,0.0,0.0,0.0,0.0,0.0,0.0,0.0,0.0,0.0,0.0,0.0,0.0,0.0,0.0,0.0,0.0,0.0,0.0,0.0,0.0,0.0,0.0,0.0,0.0,0.0,0.0,0.0,0.0,0.0,0.0,0.0,0.0,0.0,0.0,0.0,0.0,0.0,0.0,0.0,0.0,0.0,0.0
6264,0.0,0.0,0.0,0.0,0.0,0.0,0.0,0.0,0.0,0.0,0.0,0.0,0.0,0.0,0.0,0.0,0.0,0.0,0.0,0.0,0.0,0.0,0.0,0.0,0.0,0.0,0.0,0.0,0.0,0.0,0.0,0.0,0.0,0.0,0.0,0.0,0.0,0.0,0.0,0.0,0.0,0.0,0.0,0.0,0.0,0.0,0.0,0.0,0.0,0.0,0.0,0.0,0.0,0.0,0.0,0.0,0.0,0.0,0.0,0.0,0.0,0.0,0.0,0.0
6265,0.0,0.0,0.0,0.0,0.0,0.0,0.0,0.0,0.0,0.0,0.0,0.0,0.0,0.0,0.0,0.0,0.0,0.0,0.0,0.0,0.0,0.0,0.0,0.0,0.0,0.0,0.0,0.0,0.0,0.0,0.0,0.0,0.0,0.0,0.0,0.0,0.0,0.0,0.0,0.0,0.0,0.0,0.0,0.0,0.0,0.0,0.0,0.0,0.0,0.0,0.0,0.0,0.0,0.0,0.0,0.0,0.0,0.0,0.0,0.0,0.0,0.0,0.0,0.0
6266,0.0,0.0,0.0,0.0,0.0,0.0,0.0,0.0,0.0,0.0,0.0,0.0,0.0,0.0,0.0,0.0,0.0,0.0,0.0,0.0,0.0,0.0,0.0,0.0,0.0,0.0,0.0,0.0,0.0,0.0,0.0,0.0,0.0,0.0,0.0,0.0,0.0,0.0,0.0,0.0,0.0,0.0,0.0,0.0,0.0,0.0,0.0,0.0,0.0,0.0,0.0,0.0,0.0,0.0,0.0,0.0,0.0,0.0,0.0,0.0,0.0,0.0,0.0,0.0
6267,0.0,0.0,0.0,0.0,0.0,0.0,0.0,0.0,0.0,0.0,0.0,0.0,0.0,0.0,0.0,0.0,0.0,0.0,0.0,0.0,0.0,0.0,0.0,0.0,0.0,0.0,0.0,0.0,0.0,0.0,0.0,0.0,0.0,0.0,0.0,0.0,0.0,0.0,0.0,0.0,0.0,0.0,0.0,0.0,0.0,0.0,0.0,0.0,0.0,0.0,0.0,0.0,0.0,0.0,0.0,0.0,0.0,0.0,0.0,0.0,0.0,0.0,0.0,0.0
6268,0.0,0.0,0.0,0.0,0.0,0.0,0.0,0.0,0.0,0.0,0.0,0.0,0.0,0.0,0.0,0.0,0.0,0.0,0.0,0.0,0.0,0.0,0.0,0.0,0.0,0.0,0.0,0.0,0.0,0.0,0.0,0.0,0.0,0.0,0.0,0.0,0.0,0.0,0.0,0.0,0.0,0.0,0.0,0.0,0.0,0.0,0.0,0.0,0.0,0.0,0.0,0.0,0.0,0.0,0.0,0.0,0.0,0.0,0.0,0.0,0.0,0.0,0.0,0.0
6269,0.0,0.0,0.0,0.0,0.0,0.0,0.0,0.0,0.0,0.0,0.0,0.0,0.0,0.0,0.0,0.0,0.0,0.0,0.0,0.0,0.0,0.0,0.0,0.0,0.0,0.0,0.0,0.0,0.0,0.0,0.0,0.0,0.0,0.0,0.0,0.0,0.0,0.0,0.0,0.0,0.0,0.0,0.0,0.0,0.0,0.0,0.0,0.0,0.0,0.0,0.0,0.0,0.0,0.0,0.0,0.0,0.0,0.0,0.0,0.0,0.0,0.0,0.0,0.0
6270,0.0,0.0,0.0,0.0,0.0,0.0,0.0,0.0,0.0,0.0,0.0,0.0,0.0,0.0,0.0,0.0,0.0,0.0,0.0,0.0,0.0,0.0,0.0,0.0,0.0,0.0,0.0,0.0,0.0,0.0,0.0,0.0,0.0,0.0,0.0,0.0,0.0,0.0,0.0,0.0,0.0,0.0,0.0,0.0,0.0,0.0,0.0,0.0,0.0,0.0,0.0,0.0,0.0,0.0,0.0,0.0,0.0,0.0,0.0,0.0,0.0,0.0,0.0,0.0
6271,0.0,0.0,0.0,0.0,0.0,0.0,0.0,0.0,0.0,0.0,0.0,0.0,0.0,0.0,0.0,0.0,0.0,0.0,0.0,0.0,0.0,0.0,0.0,0.0,0.0,0.0,0.0,0.0,0.0,0.0,0.0,0.0,0.0,0.0,0.0,0.0,0.0,0.0,0.0,0.0,0.0,0.0,0.0,0.0,0.0,0.0,0.0,0.0,0.0,0.0,0.0,0.0,0.0,0.0,0.0,0.0,0.0,0.0,0.0,0.0,0.0,0.0,0.0,0.0
6272,0.0,0.0,0.0,0.0,0.0,0.0,0.0,0.0,0.0,0.0,0.0,0.0,0.0,0.0,0.0,0.0,0.0,0.0,0.0,0.0,0.0,0.0,0.0,0.0,0.0,0.0,0.0,0.0,0.0,0.0,0.0,0.0,0.0,0.0,0.0,0.0,0.0,0.0,0.0,0.0,0.0,0.0,0.0,0.0,0.0,0.0,0.0,0.0,0.0,0.0,0.0,0.0,0.0,0.0,0.0,0.0,0.0,0.0,0.0,0.0,0.0,0.0,0.0,0.0
6273,0.0,0.0,0.0,0.0,0.0,0.0,0.0,0.0,0.0,0.0,0.0,0.0,0.0,0.0,0.0,0.0,0.0,0.0,0.0,0.0,0.0,0.0,0.0,0.0,0.0,0.0,0.0,0.0,0.0,0.0,0.0,0.0,0.0,0.0,0.0,0.0,0.0,0.0,0.0,0.0,0.0,0.0,0.0,0.0,0.0,0.0,0.0,0.0,0.0,0.0,0.0,0.0,0.0,0.0,0.0,0.0,0.0,0.0,0.0,0.0,0.0,0.0,0.0,0.0
6274,0.0,0.02,0.01,0.0,0.0,0.0,0.0,0.0,0.07,0.16,0.09,0.01,0.02,0.04,0.02,0.02,0.0,0.18,0.0,0.08,0.0,0.08,0.02,0.06,0.02,0.01,0.0,0.0,0.03,0.01,0.01,0.0,0.0,0.0,0.0,0.02,0.06,0.09,0.04,0.11,0.06,0.03,0.05,0.04,0.05,0.05,0.1,0.0,0.0,0.0,0.0,0.06,0.0,0.0,0.0,0.06,0.0,0.0,0.0,0.0,0.07,0.0,0.06,0.0
6275,0.0,0.17,0.18,0.0,0.0,0.54,0.0,0.0,0.36,0.67,0.46,0.01,0.51,0.48,0.31,0.28,0.04,0.64,0.17,0.31,0.25,0.5,0.62,0.22,0.3,0.17,0.0,0.0,0.18,0.17,0.17,0.0,0.0,0.0,0.0,0.43,0.52,0.2,0.34,0.02,0.12,0.42,0.41,0.19,0.29,0.35,0.53,0.0,0.0,0.47,0.1,0.53,0.03,0.22,0.59,0.54,0.0,0.11,0.06,0.57,0.04,0.04,0.36,0.09
6276,0.0,0.53,0.64,0.0,0.0,0.4,0.0,0.0,0.69,0.83,0.73,0.78,0.41,0.71,0.62,0.58,0.04,0.78,0.78,0.68,0.34,0.7,0.42,0.49,0.58,0.73,0.0,0.0,0.73,0.61,0.73,0.0,0.0,0.0,0.0,0.62,0.64,0.2,0.74,0.06,0.04,0.74,0.75,0.39,0.52,0.75,0.43,0.0,0.0,0.42,0.78,0.07,0.78,0.77,0.8,0.78,0.0,0.78,0.77,0.79,0.77,0.78,0.76,0.77
6277,0.0,0.75,0.75,0.0,0.0,0.67,0.0,0.0,0.75,0.85,0.76,0.82,0.37,0.74,0.7,0.64,0.8,0.82,0.83,0.72,0.84,0.75,0.77,0.76,0.62,0.76,0.0,0.0,0.76,0.75,0.75,0.0,0.0,0.0,0.0,0.75,0.76,0.8,0.78,0.81,0.8,0.77,0.78,0.74,0.76,0.39,0.69,0.0,0.0,0.69,0.82,0.79,0.83,0.82,0.84,0.82,0.0,0.82,0.81,0.83,0.8,0.82,0.36,0.81
6278,0.0,0.78,0.79,0.0,0.0,0.68,0.0,0.0,0.8,0.88,0.8,0.88,0.78,0.81,0.8,0.79,0.85,0.86,0.87,0.79,0.87,0.81,0.82,0.8,0.74,0.8,0.0,0.0,0.79,0.78,0.78,0.0,0.0,0.0,0.0,0.79,0.63,0.86,0.81,0.87,0.85,0.81,0.81,0.78,0.8,0.61,0.67,0.0,0.0,0.67,0.86,0.83,0.86,0.86,0.88,0.84,0.0,0.86,0.85,0.86,0.85,0.86,0.82,0.85
6279,0.0,0.8,0.81,0.0,0.0,0.77,0.0,0.0,0.84,0.9,0.84,0.9,0.82,0.85,0.83,0.82,0.88,0.88,0.88,0.83,0.88,0.85,0.86,0.82,0.73,0.82,0.0,0.0,0.82,0.8,0.81,0.0,0.0,0.0,0.0,0.82,0.85,0.88,0.84,0.89,0.88,0.83,0.84,0.82,0.83,0.85,0.77,0.0,0.0,0.76,0.88,0.86,0.88,0.88,0.89,0.85,0.0,0.88,0.87,0.87,0.86,0.88,0.85,0.86
6280,0.0,0.81,0.82,0.0,0.0,0.78,0.0,0.0,0.86,0.89,0.86,0.9,0.85,0.87,0.87,0.85,0.88,0.88,0.89,0.86,0.88,0.87,0.87,0.85,0.62,0.84,0.0,0.0,0.84,0.82,0.83,0.0,0.0,0.0,0.0,0.84,0.87,0.89,0.86,0.9,0.89,0.86,0.86,0.85,0.86,0.87,0.79,0.0,0.0,0.78,0.88,0.88,0.88,0.87,0.88,0.85,0.0,0.88,0.88,0.87,0.87,0.88,0.87,0.87
6281,0.0,0.82,0.82,0.0,0.0,0.79,0.0,0.0,0.85,0.88,0.85,0.89,0.84,0.86,0.86,0.85,0.87,0.87,0.88,0.85,0.87,0.86,0.86,0.85,0.77,0.84,0.0,0.0,0.84,0.83,0.83,0.0,0.0,0.0,0.0,0.85,0.86,0.88,0.86,0.88,0.88,0.85,0.86,0.85,0.85,0.86,0.79,0.0,0.0,0.79,0.88,0.87,0.87,0.86,0.88,0.85,0.0,0.87,0.87,0.87,0.86,0.87,0.86,0.86
6282,0.0,0.83,0.83,0.0,0.0,0.79,0.0,0.0,0.85,0.87,0.86,0.9,0.85,0.86,0.86,0.86,0.88,0.87,0.88,0.85,0.88,0.86,0.86,0.86,0.79,0.85,0.0,0.0,0.84,0.83,0.84,0.0,0.0,0.0,0.0,0.85,0.86,0.88,0.86,0.89,0.88,0.85,0.85,0.85,0.86,0.86,0.8,0.0,0.0,0.79,0.88,0.88,0.88,0.86,0.89,0.84,0.0,0.86,0.86,0.87,0.87,0.87,0.86,0.86
6283,0.0,0.81,0.8,0.0,0.0,0.77,0.0,0.0,0.81,0.81,0.81,0.84,0.79,0.81,0.81,0.8,0.84,0.81,0.82,0.8,0.82,0.81,0.8,0.81,0.23,0.83,0.0,0.0,0.82,0.81,0.82,0.0,0.0,0.0,0.0,0.82,0.82,0.84,0.83,0.85,0.84,0.82,0.82,0.81,0.81,0.83,0.77,0.0,0.0,0.77,0.85,0.84,0.84,0.84,0.84,0.81,0.0,0.83,0.84,0.83,0.84,0.85,0.84,0.84
6284,0.0,0.7,0.7,0.0,0.0,0.67,0.0,0.0,0.68,0.67,0.69,0.71,0.65,0.67,0.67,0.67,0.71,0.67,0.68,0.67,0.69,0.67,0.65,0.68,0.66,0.72,0.0,0.0,0.71,0.71,0.71,0.0,0.0,0.0,0.0,0.7,0.7,0.71,0.71,0.72,0.72,0.71,0.71,0.69,0.69,0.72,0.68,0.0,0.0,0.67,0.73,0.72,0.72,0.72,0.71,0.7,0.0,0.72,0.72,0.71,0.72,0.73,0.73,0.72
6285,0.0,0.32,0.33,0.0,0.0,0.27,0.0,0.0,0.22,0.2,0.24,0.24,0.15,0.2,0.2,0.2,0.25,0.18,0.19,0.21,0.21,0.2,0.15,0.24,0.23,0.33,0.0,0.0,0.32,0.33,0.32,0.0,0.0,0.0,0.0,0.3,0.26,0.27,0.3,0.27,0.28,0.3,0.29,0.26,0.25,0.3,0.27,0.0,0.0,0.26,0.33,0.33,0.3,0.32,0.28,0.31,0.0,0.31,0.32,0.3,0.33,0.33,0.33,0.32
6286,0.0,0.0,0.0,0.0,0.0,0.0,0.0,0.0,0.0,0.0,0.0,0.0,0.0,0.0,0.0,0.0,0.0,0.0,0.0,0.0,0.0,0.0,0.0,0.0,0.0,0.0,0.0,0.0,0.0,0.0,0.0,0.0,0.0,0.0,0.0,0.0,0.0,0.0,0.0,0.0,0.0,0.0,0.0,0.0,0.0,0.0,0.0,0.0,0.0,0.0,0.0,0.0,0.0,0.0,0.0,0.0,0.0,0.0,0.0,0.0,0.0,0.0,0.0,0.0
6287,0.0,0.0,0.0,0.0,0.0,0.0,0.0,0.0,0.0,0.0,0.0,0.0,0.0,0.0,0.0,0.0,0.0,0.0,0.0,0.0,0.0,0.0,0.0,0.0,0.0,0.0,0.0,0.0,0.0,0.0,0.0,0.0,0.0,0.0,0.0,0.0,0.0,0.0,0.0,0.0,0.0,0.0,0.0,0.0,0.0,0.0,0.0,0.0,0.0,0.0,0.0,0.0,0.0,0.0,0.0,0.0,0.0,0.0,0.0,0.0,0.0,0.0,0.0,0.0
6288,0.0,0.0,0.0,0.0,0.0,0.0,0.0,0.0,0.0,0.0,0.0,0.0,0.0,0.0,0.0,0.0,0.0,0.0,0.0,0.0,0.0,0.0,0.0,0.0,0.0,0.0,0.0,0.0,0.0,0.0,0.0,0.0,0.0,0.0,0.0,0.0,0.0,0.0,0.0,0.0,0.0,0.0,0.0,0.0,0.0,0.0,0.0,0.0,0.0,0.0,0.0,0.0,0.0,0.0,0.0,0.0,0.0,0.0,0.0,0.0,0.0,0.0,0.0,0.0
6289,0.0,0.0,0.0,0.0,0.0,0.0,0.0,0.0,0.0,0.0,0.0,0.0,0.0,0.0,0.0,0.0,0.0,0.0,0.0,0.0,0.0,0.0,0.0,0.0,0.0,0.0,0.0,0.0,0.0,0.0,0.0,0.0,0.0,0.0,0.0,0.0,0.0,0.0,0.0,0.0,0.0,0.0,0.0,0.0,0.0,0.0,0.0,0.0,0.0,0.0,0.0,0.0,0.0,0.0,0.0,0.0,0.0,0.0,0.0,0.0,0.0,0.0,0.0,0.0
6290,0.0,0.0,0.0,0.0,0.0,0.0,0.0,0.0,0.0,0.0,0.0,0.0,0.0,0.0,0.0,0.0,0.0,0.0,0.0,0.0,0.0,0.0,0.0,0.0,0.0,0.0,0.0,0.0,0.0,0.0,0.0,0.0,0.0,0.0,0.0,0.0,0.0,0.0,0.0,0.0,0.0,0.0,0.0,0.0,0.0,0.0,0.0,0.0,0.0,0.0,0.0,0.0,0.0,0.0,0.0,0.0,0.0,0.0,0.0,0.0,0.0,0.0,0.0,0.0
6291,0.0,0.0,0.0,0.0,0.0,0.0,0.0,0.0,0.0,0.0,0.0,0.0,0.0,0.0,0.0,0.0,0.0,0.0,0.0,0.0,0.0,0.0,0.0,0.0,0.0,0.0,0.0,0.0,0.0,0.0,0.0,0.0,0.0,0.0,0.0,0.0,0.0,0.0,0.0,0.0,0.0,0.0,0.0,0.0,0.0,0.0,0.0,0.0,0.0,0.0,0.0,0.0,0.0,0.0,0.0,0.0,0.0,0.0,0.0,0.0,0.0,0.0,0.0,0.0
6292,0.0,0.0,0.0,0.0,0.0,0.0,0.0,0.0,0.0,0.0,0.0,0.0,0.0,0.0,0.0,0.0,0.0,0.0,0.0,0.0,0.0,0.0,0.0,0.0,0.0,0.0,0.0,0.0,0.0,0.0,0.0,0.0,0.0,0.0,0.0,0.0,0.0,0.0,0.0,0.0,0.0,0.0,0.0,0.0,0.0,0.0,0.0,0.0,0.0,0.0,0.0,0.0,0.0,0.0,0.0,0.0,0.0,0.0,0.0,0.0,0.0,0.0,0.0,0.0
6293,0.0,0.0,0.0,0.0,0.0,0.0,0.0,0.0,0.0,0.0,0.0,0.0,0.0,0.0,0.0,0.0,0.0,0.0,0.0,0.0,0.0,0.0,0.0,0.0,0.0,0.0,0.0,0.0,0.0,0.0,0.0,0.0,0.0,0.0,0.0,0.0,0.0,0.0,0.0,0.0,0.0,0.0,0.0,0.0,0.0,0.0,0.0,0.0,0.0,0.0,0.0,0.0,0.0,0.0,0.0,0.0,0.0,0.0,0.0,0.0,0.0,0.0,0.0,0.0
6294,0.0,0.0,0.0,0.0,0.0,0.0,0.0,0.0,0.0,0.0,0.0,0.0,0.0,0.0,0.0,0.0,0.0,0.0,0.0,0.0,0.0,0.0,0.0,0.0,0.0,0.0,0.0,0.0,0.0,0.0,0.0,0.0,0.0,0.0,0.0,0.0,0.0,0.0,0.0,0.0,0.0,0.0,0.0,0.0,0.0,0.0,0.0,0.0,0.0,0.0,0.0,0.0,0.0,0.0,0.0,0.0,0.0,0.0,0.0,0.0,0.0,0.0,0.0,0.0
6295,0.0,0.0,0.0,0.0,0.0,0.0,0.0,0.0,0.0,0.0,0.0,0.0,0.0,0.0,0.0,0.0,0.0,0.0,0.0,0.0,0.0,0.0,0.0,0.0,0.0,0.0,0.0,0.0,0.0,0.0,0.0,0.0,0.0,0.0,0.0,0.0,0.0,0.0,0.0,0.0,0.0,0.0,0.0,0.0,0.0,0.0,0.0,0.0,0.0,0.0,0.0,0.0,0.0,0.0,0.0,0.0,0.0,0.0,0.0,0.0,0.0,0.0,0.0,0.0
6296,0.0,0.0,0.0,0.0,0.0,0.0,0.0,0.0,0.0,0.0,0.0,0.0,0.0,0.0,0.0,0.0,0.0,0.0,0.0,0.0,0.0,0.0,0.0,0.0,0.0,0.0,0.0,0.0,0.0,0.0,0.0,0.0,0.0,0.0,0.0,0.0,0.0,0.0,0.0,0.0,0.0,0.0,0.0,0.0,0.0,0.0,0.0,0.0,0.0,0.0,0.0,0.0,0.0,0.0,0.0,0.0,0.0,0.0,0.0,0.0,0.0,0.0,0.0,0.0
6297,0.0,0.0,0.0,0.0,0.0,0.0,0.0,0.0,0.0,0.0,0.0,0.0,0.0,0.0,0.0,0.0,0.0,0.0,0.0,0.0,0.0,0.0,0.0,0.0,0.0,0.0,0.0,0.0,0.0,0.0,0.0,0.0,0.0,0.0,0.0,0.0,0.0,0.0,0.0,0.0,0.0,0.0,0.0,0.0,0.0,0.0,0.0,0.0,0.0,0.0,0.0,0.0,0.0,0.0,0.0,0.0,0.0,0.0,0.0,0.0,0.0,0.0,0.0,0.0
6298,0.0,0.0,0.0,0.0,0.0,0.01,0.0,0.0,0.07,0.08,0.05,0.08,0.14,0.09,0.11,0.09,0.05,0.12,0.12,0.08,0.08,0.11,0.14,0.05,0.07,0.0,0.0,0.0,0.0,0.0,0.0,0.0,0.0,0.0,0.0,0.01,0.03,0.04,0.01,0.04,0.02,0.01,0.01,0.04,0.04,0.01,0.02,0.0,0.0,0.02,0.0,0.0,0.01,0.0,0.01,0.0,0.0,0.0,0.0,0.0,0.0,0.0,0.0,0.0
6299,0.0,0.52,0.51,0.0,0.0,0.55,0.0,0.0,0.59,0.62,0.58,0.64,0.63,0.61,0.61,0.61,0.6,0.64,0.65,0.6,0.62,0.62,0.62,0.58,0.59,0.53,0.0,0.0,0.52,0.52,0.53,0.0,0.0,0.0,0.0,0.55,0.57,0.59,0.56,0.6,0.58,0.56,0.56,0.58,0.58,0.56,0.55,0.0,0.0,0.55,0.52,0.52,0.55,0.52,0.56,0.5,0.0,0.53,0.53,0.54,0.52,0.52,0.54,0.53
6300,0.0,0.75,0.74,0.0,0.0,0.74,0.0,0.0,0.75,0.79,0.76,0.81,0.78,0.78,0.77,0.77,0.8,0.8,0.81,0.77,0.8,0.78,0.77,0.76,0.75,0.74,0.0,0.0,0.73,0.75,0.73,0.0,0.0,0.0,0.0,0.75,0.76,0.79,0.78,0.8,0.79,0.78,0.78,0.77,0.76,0.78,0.74,0.0,0.0,0.74,0.77,0.76,0.76,0.75,0.77,0.72,0.0,0.75,0.77,0.76,0.77,0.76,0.77,0.77
6301,0.0,0.81,0.82,0.0,0.0,0.81,0.0,0.0,0.8,0.85,0.83,0.87,0.84,0.84,0.83,0.83,0.85,0.85,0.86,0.82,0.86,0.84,0.83,0.82,0.8,0.76,0.0,0.0,0.81,0.81,0.76,0.0,0.0,0.0,0.0,0.82,0.82,0.86,0.84,0.87,0.86,0.85,0.85,0.82,0.82,0.85,0.81,0.0,0.0,0.81,0.85,0.83,0.83,0.82,0.84,0.79,0.0,0.82,0.84,0.82,0.84,0.84,0.84,0.84
6302,0.0,0.57,0.78,0.0,0.0,0.81,0.0,0.0,0.82,0.86,0.84,0.88,0.84,0.84,0.84,0.84,0.86,0.85,0.87,0.83,0.86,0.85,0.83,0.83,0.8,0.82,0.0,0.0,0.75,0.72,0.8,0.0,0.0,0.0,0.0,0.82,0.84,0.87,0.84,0.87,0.86,0.84,0.85,0.83,0.84,0.85,0.81,0.0,0.0,0.81,0.84,0.78,0.84,0.83,0.85,0.8,0.0,0.82,0.84,0.82,0.84,0.84,0.76,0.83
6303,0.0,0.73,0.78,0.0,0.0,0.81,0.0,0.0,0.86,0.88,0.86,0.9,0.86,0.86,0.86,0.86,0.88,0.87,0.89,0.85,0.87,0.86,0.85,0.85,0.79,0.8,0.0,0.0,0.81,0.78,0.76,0.0,0.0,0.0,0.0,0.83,0.86,0.88,0.85,0.89,0.88,0.85,0.86,0.85,0.86,0.86,0.78,0.0,0.0,0.74,0.86,0.8,0.85,0.85,0.87,0.83,0.0,0.84,0.86,0.85,0.85,0.86,0.81,0.85
6304,0.0,0.78,0.81,0.0,0.0,0.8,0.0,0.0,0.85,0.87,0.86,0.88,0.85,0.85,0.85,0.85,0.88,0.87,0.88,0.85,0.87,0.86,0.85,0.85,0.77,0.81,0.0,0.0,0.79,0.77,0.78,0.0,0.0,0.0,0.0,0.83,0.85,0.88,0.83,0.88,0.88,0.84,0.84,0.84,0.86,0.85,0.8,0.0,0.0,0.77,0.84,0.82,0.86,0.85,0.87,0.83,0.0,0.85,0.84,0.86,0.83,0.85,0.84,0.83
6305,0.0,0.64,0.76,0.0,0.0,0.79,0.0,0.0,0.84,0.87,0.85,0.88,0.85,0.85,0.85,0.84,0.87,0.87,0.88,0.84,0.87,0.85,0.85,0.84,0.78,0.81,0.0,0.0,0.78,0.72,0.78,0.0,0.0,0.0,0.0,0.81,0.84,0.87,0.76,0.88,0.87,0.75,0.81,0.83,0.84,0.74,0.81,0.0,0.0,0.8,0.85,0.83,0.86,0.8,0.87,0.82,0.0,0.83,0.84,0.86,0.83,0.85,0.82,0.83
6306,0.0,0.74,0.76,0.0,0.0,0.69,0.0,0.0,0.82,0.84,0.82,0.86,0.82,0.82,0.82,0.81,0.85,0.84,0.85,0.81,0.84,0.83,0.83,0.8,0.8,0.56,0.0,0.0,0.63,0.72,0.52,0.0,0.0,0.0,0.0,0.78,0.81,0.84,0.82,0.85,0.83,0.82,0.82,0.8,0.81,0.83,0.7,0.0,0.0,0.6,0.77,0.79,0.83,0.82,0.85,0.8,0.0,0.83,0.75,0.84,0.84,0.78,0.78,0.83
6307,0.0,0.68,0.64,0.0,0.0,0.72,0.0,0.0,0.77,0.78,0.75,0.81,0.77,0.77,0.77,0.76,0.79,0.78,0.8,0.76,0.78,0.77,0.77,0.76,0.54,0.44,0.0,0.0,0.52,0.69,0.51,0.0,0.0,0.0,0.0,0.42,0.78,0.8,0.49,0.79,0.79,0.51,0.58,0.77,0.76,0.47,0.69,0.0,0.0,0.68,0.69,0.36,0.8,0.75,0.79,0.77,0.0,0.75,0.73,0.78,0.55,0.74,0.4,0.67
6308,0.0,0.35,0.33,0.0,0.0,0.3,0.0,0.0,0.61,0.61,0.61,0.64,0.58,0.6,0.59,0.59,0.63,0.6,0.62,0.59,0.62,0.6,0.57,0.48,0.51,0.26,0.0,0.0,0.32,0.26,0.27,0.0,0.0,0.0,0.0,0.4,0.48,0.62,0.3,0.64,0.51,0.46,0.32,0.33,0.48,0.37,0.3,0.0,0.0,0.28,0.49,0.2,0.58,0.29,0.66,0.52,0.0,0.46,0.47,0.65,0.34,0.37,0.32,0.45
6309,0.0,0.06,0.08,0.0,0.0,0.09,0.0,0.0,0.13,0.12,0.1,0.15,0.07,0.12,0.12,0.12,0.16,0.09,0.11,0.13,0.13,0.12,0.07,0.04,0.08,0.09,0.0,0.0,0.08,0.06,0.09,0.0,0.0,0.0,0.0,0.08,0.07,0.1,0.06,0.1,0.07,0.07,0.05,0.05,0.06,0.06,0.09,0.0,0.0,0.08,0.09,0.06,0.08,0.21,0.14,0.06,0.0,0.06,0.08,0.11,0.06,0.1,0.09,0.08
6310,0.0,0.0,0.0,0.0,0.0,0.0,0.0,0.0,0.0,0.0,0.0,0.0,0.0,0.0,0.0,0.0,0.0,0.0,0.0,0.0,0.0,0.0,0.0,0.0,0.0,0.0,0.0,0.0,0.0,0.0,0.0,0.0,0.0,0.0,0.0,0.0,0.0,0.0,0.0,0.0,0.0,0.0,0.0,0.0,0.0,0.0,0.0,0.0,0.0,0.0,0.0,0.0,0.0,0.0,0.0,0.0,0.0,0.0,0.0,0.0,0.0,0.0,0.0,0.0
6311,0.0,0.0,0.0,0.0,0.0,0.0,0.0,0.0,0.0,0.0,0.0,0.0,0.0,0.0,0.0,0.0,0.0,0.0,0.0,0.0,0.0,0.0,0.0,0.0,0.0,0.0,0.0,0.0,0.0,0.0,0.0,0.0,0.0,0.0,0.0,0.0,0.0,0.0,0.0,0.0,0.0,0.0,0.0,0.0,0.0,0.0,0.0,0.0,0.0,0.0,0.0,0.0,0.0,0.0,0.0,0.0,0.0,0.0,0.0,0.0,0.0,0.0,0.0,0.0
6312,0.0,0.0,0.0,0.0,0.0,0.0,0.0,0.0,0.0,0.0,0.0,0.0,0.0,0.0,0.0,0.0,0.0,0.0,0.0,0.0,0.0,0.0,0.0,0.0,0.0,0.0,0.0,0.0,0.0,0.0,0.0,0.0,0.0,0.0,0.0,0.0,0.0,0.0,0.0,0.0,0.0,0.0,0.0,0.0,0.0,0.0,0.0,0.0,0.0,0.0,0.0,0.0,0.0,0.0,0.0,0.0,0.0,0.0,0.0,0.0,0.0,0.0,0.0,0.0
6313,0.0,0.0,0.0,0.0,0.0,0.0,0.0,0.0,0.0,0.0,0.0,0.0,0.0,0.0,0.0,0.0,0.0,0.0,0.0,0.0,0.0,0.0,0.0,0.0,0.0,0.0,0.0,0.0,0.0,0.0,0.0,0.0,0.0,0.0,0.0,0.0,0.0,0.0,0.0,0.0,0.0,0.0,0.0,0.0,0.0,0.0,0.0,0.0,0.0,0.0,0.0,0.0,0.0,0.0,0.0,0.0,0.0,0.0,0.0,0.0,0.0,0.0,0.0,0.0
6314,0.0,0.0,0.0,0.0,0.0,0.0,0.0,0.0,0.0,0.0,0.0,0.0,0.0,0.0,0.0,0.0,0.0,0.0,0.0,0.0,0.0,0.0,0.0,0.0,0.0,0.0,0.0,0.0,0.0,0.0,0.0,0.0,0.0,0.0,0.0,0.0,0.0,0.0,0.0,0.0,0.0,0.0,0.0,0.0,0.0,0.0,0.0,0.0,0.0,0.0,0.0,0.0,0.0,0.0,0.0,0.0,0.0,0.0,0.0,0.0,0.0,0.0,0.0,0.0
6315,0.0,0.0,0.0,0.0,0.0,0.0,0.0,0.0,0.0,0.0,0.0,0.0,0.0,0.0,0.0,0.0,0.0,0.0,0.0,0.0,0.0,0.0,0.0,0.0,0.0,0.0,0.0,0.0,0.0,0.0,0.0,0.0,0.0,0.0,0.0,0.0,0.0,0.0,0.0,0.0,0.0,0.0,0.0,0.0,0.0,0.0,0.0,0.0,0.0,0.0,0.0,0.0,0.0,0.0,0.0,0.0,0.0,0.0,0.0,0.0,0.0,0.0,0.0,0.0
6316,0.0,0.0,0.0,0.0,0.0,0.0,0.0,0.0,0.0,0.0,0.0,0.0,0.0,0.0,0.0,0.0,0.0,0.0,0.0,0.0,0.0,0.0,0.0,0.0,0.0,0.0,0.0,0.0,0.0,0.0,0.0,0.0,0.0,0.0,0.0,0.0,0.0,0.0,0.0,0.0,0.0,0.0,0.0,0.0,0.0,0.0,0.0,0.0,0.0,0.0,0.0,0.0,0.0,0.0,0.0,0.0,0.0,0.0,0.0,0.0,0.0,0.0,0.0,0.0
6317,0.0,0.0,0.0,0.0,0.0,0.0,0.0,0.0,0.0,0.0,0.0,0.0,0.0,0.0,0.0,0.0,0.0,0.0,0.0,0.0,0.0,0.0,0.0,0.0,0.0,0.0,0.0,0.0,0.0,0.0,0.0,0.0,0.0,0.0,0.0,0.0,0.0,0.0,0.0,0.0,0.0,0.0,0.0,0.0,0.0,0.0,0.0,0.0,0.0,0.0,0.0,0.0,0.0,0.0,0.0,0.0,0.0,0.0,0.0,0.0,0.0,0.0,0.0,0.0
6318,0.0,0.0,0.0,0.0,0.0,0.0,0.0,0.0,0.0,0.0,0.0,0.0,0.0,0.0,0.0,0.0,0.0,0.0,0.0,0.0,0.0,0.0,0.0,0.0,0.0,0.0,0.0,0.0,0.0,0.0,0.0,0.0,0.0,0.0,0.0,0.0,0.0,0.0,0.0,0.0,0.0,0.0,0.0,0.0,0.0,0.0,0.0,0.0,0.0,0.0,0.0,0.0,0.0,0.0,0.0,0.0,0.0,0.0,0.0,0.0,0.0,0.0,0.0,0.0
6319,0.0,0.0,0.0,0.0,0.0,0.0,0.0,0.0,0.0,0.0,0.0,0.0,0.0,0.0,0.0,0.0,0.0,0.0,0.0,0.0,0.0,0.0,0.0,0.0,0.0,0.0,0.0,0.0,0.0,0.0,0.0,0.0,0.0,0.0,0.0,0.0,0.0,0.0,0.0,0.0,0.0,0.0,0.0,0.0,0.0,0.0,0.0,0.0,0.0,0.0,0.0,0.0,0.0,0.0,0.0,0.0,0.0,0.0,0.0,0.0,0.0,0.0,0.0,0.0
6320,0.0,0.0,0.0,0.0,0.0,0.0,0.0,0.0,0.0,0.0,0.0,0.0,0.0,0.0,0.0,0.0,0.0,0.0,0.0,0.0,0.0,0.0,0.0,0.0,0.0,0.0,0.0,0.0,0.0,0.0,0.0,0.0,0.0,0.0,0.0,0.0,0.0,0.0,0.0,0.0,0.0,0.0,0.0,0.0,0.0,0.0,0.0,0.0,0.0,0.0,0.0,0.0,0.0,0.0,0.0,0.0,0.0,0.0,0.0,0.0,0.0,0.0,0.0,0.0
6321,0.0,0.0,0.0,0.0,0.0,0.0,0.0,0.0,0.0,0.0,0.0,0.0,0.0,0.0,0.0,0.0,0.0,0.0,0.0,0.0,0.0,0.0,0.0,0.0,0.0,0.0,0.0,0.0,0.0,0.0,0.0,0.0,0.0,0.0,0.0,0.0,0.0,0.0,0.0,0.0,0.0,0.0,0.0,0.0,0.0,0.0,0.0,0.0,0.0,0.0,0.0,0.0,0.0,0.0,0.0,0.0,0.0,0.0,0.0,0.0,0.0,0.0,0.0,0.0
6322,0.0,0.0,0.0,0.0,0.0,0.1,0.0,0.0,0.1,0.17,0.1,0.14,0.18,0.17,0.15,0.12,0.12,0.2,0.2,0.12,0.17,0.18,0.21,0.13,0.11,0.0,0.0,0.0,0.0,0.0,0.0,0.0,0.0,0.0,0.0,0.03,0.11,0.09,0.0,0.09,0.12,0.01,0.0,0.13,0.13,0.03,0.1,0.0,0.0,0.05,0.06,0.0,0.08,0.05,0.1,0.06,0.0,0.07,0.07,0.08,0.06,0.06,0.0,0.06
6323,0.0,0.0,0.0,0.0,0.0,0.02,0.0,0.0,0.54,0.56,0.54,0.53,0.52,0.55,0.51,0.52,0.52,0.59,0.59,0.47,0.57,0.53,0.56,0.12,0.5,0.0,0.0,0.0,0.02,0.0,0.0,0.0,0.0,0.0,0.0,0.02,0.47,0.54,0.25,0.52,0.52,0.18,0.26,0.2,0.43,0.19,0.01,0.0,0.0,0.05,0.26,0.35,0.49,0.34,0.49,0.41,0.0,0.45,0.35,0.48,0.34,0.32,0.03,0.32
6324,0.0,0.02,0.02,0.0,0.0,0.07,0.0,0.0,0.69,0.72,0.67,0.71,0.67,0.62,0.7,0.67,0.71,0.67,0.66,0.68,0.72,0.68,0.71,0.65,0.09,0.04,0.0,0.0,0.17,0.02,0.02,0.0,0.0,0.0,0.0,0.04,0.57,0.7,0.18,0.7,0.67,0.24,0.4,0.57,0.63,0.47,0.04,0.0,0.0,0.04,0.52,0.42,0.7,0.69,0.65,0.64,0.0,0.69,0.52,0.51,0.51,0.58,0.26,0.54
6325,0.0,0.12,0.09,0.0,0.0,0.37,0.0,0.0,0.75,0.79,0.74,0.78,0.76,0.66,0.7,0.74,0.75,0.75,0.75,0.75,0.79,0.64,0.78,0.7,0.69,0.08,0.0,0.0,0.07,0.02,0.06,0.0,0.0,0.0,0.0,0.1,0.7,0.77,0.33,0.77,0.64,0.42,0.56,0.62,0.7,0.55,0.15,0.0,0.0,0.13,0.62,0.2,0.77,0.72,0.63,0.74,0.0,0.77,0.61,0.73,0.61,0.62,0.04,0.63
6326,0.0,0.28,0.3,0.0,0.0,0.68,0.0,0.0,0.76,0.82,0.74,0.78,0.8,0.76,0.79,0.75,0.75,0.79,0.79,0.76,0.79,0.72,0.8,0.66,0.1,0.05,0.0,0.0,0.61,0.08,0.06,0.0,0.0,0.0,0.0,0.22,0.23,0.78,0.12,0.79,0.67,0.12,0.14,0.66,0.66,0.14,0.54,0.0,0.0,0.51,0.17,0.74,0.8,0.72,0.7,0.69,0.0,0.77,0.23,0.6,0.32,0.73,0.06,0.31
6327,0.0,0.19,0.04,0.0,0.0,0.09,0.0,0.0,0.77,0.83,0.75,0.79,0.79,0.78,0.79,0.77,0.67,0.81,0.82,0.76,0.8,0.74,0.8,0.4,0.25,0.05,0.0,0.0,0.15,0.22,0.05,0.0,0.0,0.0,0.0,0.15,0.6,0.79,0.79,0.78,0.73,0.74,0.77,0.2,0.59,0.79,0.17,0.0,0.0,0.16,0.46,0.38,0.78,0.76,0.73,0.68,0.0,0.77,0.26,0.73,0.78,0.28,0.08,0.56
6328,0.0,0.03,0.02,0.0,0.0,0.05,0.0,0.0,0.79,0.83,0.76,0.78,0.78,0.78,0.78,0.77,0.75,0.8,0.79,0.78,0.82,0.77,0.8,0.31,0.39,0.03,0.0,0.0,0.06,0.04,0.04,0.0,0.0,0.0,0.0,0.27,0.38,0.77,0.15,0.78,0.74,0.15,0.76,0.77,0.3,0.46,0.05,0.0,0.0,0.07,0.32,0.63,0.73,0.72,0.77,0.7,0.0,0.72,0.38,0.75,0.78,0.24,0.06,0.64
6329,0.0,0.03,0.06,0.0,0.0,0.07,0.0,0.0,0.74,0.82,0.72,0.77,0.77,0.78,0.79,0.77,0.78,0.79,0.79,0.77,0.8,0.77,0.78,0.77,0.05,0.02,0.0,0.0,0.04,0.02,0.02,0.0,0.0,0.0,0.0,0.05,0.44,0.76,0.4,0.75,0.77,0.41,0.52,0.51,0.36,0.44,0.05,0.0,0.0,0.06,0.22,0.11,0.69,0.72,0.79,0.76,0.0,0.75,0.16,0.74,0.29,0.16,0.07,0.29
6330,0.0,0.02,0.01,0.0,0.0,0.02,0.0,0.0,0.74,0.78,0.73,0.75,0.74,0.78,0.76,0.71,0.75,0.75,0.76,0.72,0.77,0.77,0.75,0.73,0.04,0.04,0.0,0.0,0.08,0.03,0.02,0.0,0.0,0.0,0.0,0.03,0.74,0.77,0.13,0.71,0.74,0.15,0.47,0.49,0.74,0.27,0.02,0.0,0.0,0.02,0.75,0.05,0.75,0.75,0.75,0.73,0.0,0.75,0.16,0.75,0.75,0.14,0.07,0.73
6331,0.0,0.0,0.0,0.0,0.0,0.0,0.0,0.0,0.68,0.72,0.7,0.7,0.68,0.72,0.69,0.67,0.63,0.68,0.7,0.64,0.68,0.72,0.67,0.68,0.02,0.02,0.0,0.0,0.02,0.01,0.02,0.0,0.0,0.0,0.0,0.2,0.68,0.72,0.11,0.64,0.68,0.29,0.28,0.45,0.68,0.06,0.01,0.0,0.0,0.01,0.32,0.02,0.7,0.7,0.71,0.67,0.0,0.69,0.06,0.7,0.07,0.33,0.02,0.07
6332,0.0,0.0,0.0,0.0,0.0,0.0,0.0,0.0,0.64,0.64,0.63,0.63,0.62,0.63,0.6,0.6,0.64,0.61,0.61,0.59,0.62,0.63,0.6,0.64,0.0,0.0,0.0,0.0,0.01,0.0,0.0,0.0,0.0,0.0,0.0,0.04,0.64,0.65,0.08,0.64,0.65,0.64,0.06,0.25,0.64,0.03,0.0,0.0,0.0,0.0,0.06,0.01,0.65,0.66,0.67,0.64,0.0,0.64,0.04,0.64,0.06,0.06,0.0,0.04
6333,0.0,0.0,0.0,0.0,0.0,0.0,0.0,0.0,0.15,0.12,0.19,0.2,0.15,0.15,0.08,0.19,0.22,0.14,0.15,0.18,0.13,0.19,0.13,0.22,0.0,0.0,0.0,0.0,0.0,0.0,0.0,0.0,0.0,0.0,0.0,0.0,0.2,0.23,0.0,0.23,0.22,0.0,0.0,0.07,0.23,0.0,0.0,0.0,0.0,0.0,0.0,0.0,0.26,0.28,0.28,0.27,0.0,0.28,0.0,0.28,0.0,0.01,0.0,0.0
6334,0.0,0.0,0.0,0.0,0.0,0.0,0.0,0.0,0.0,0.0,0.0,0.0,0.0,0.0,0.0,0.0,0.0,0.0,0.0,0.0,0.0,0.0,0.0,0.0,0.0,0.0,0.0,0.0,0.0,0.0,0.0,0.0,0.0,0.0,0.0,0.0,0.0,0.0,0.0,0.0,0.0,0.0,0.0,0.0,0.0,0.0,0.0,0.0,0.0,0.0,0.0,0.0,0.0,0.0,0.0,0.0,0.0,0.0,0.0,0.0,0.0,0.0,0.0,0.0
6335,0.0,0.0,0.0,0.0,0.0,0.0,0.0,0.0,0.0,0.0,0.0,0.0,0.0,0.0,0.0,0.0,0.0,0.0,0.0,0.0,0.0,0.0,0.0,0.0,0.0,0.0,0.0,0.0,0.0,0.0,0.0,0.0,0.0,0.0,0.0,0.0,0.0,0.0,0.0,0.0,0.0,0.0,0.0,0.0,0.0,0.0,0.0,0.0,0.0,0.0,0.0,0.0,0.0,0.0,0.0,0.0,0.0,0.0,0.0,0.0,0.0,0.0,0.0,0.0
6336,0.0,0.0,0.0,0.0,0.0,0.0,0.0,0.0,0.0,0.0,0.0,0.0,0.0,0.0,0.0,0.0,0.0,0.0,0.0,0.0,0.0,0.0,0.0,0.0,0.0,0.0,0.0,0.0,0.0,0.0,0.0,0.0,0.0,0.0,0.0,0.0,0.0,0.0,0.0,0.0,0.0,0.0,0.0,0.0,0.0,0.0,0.0,0.0,0.0,0.0,0.0,0.0,0.0,0.0,0.0,0.0,0.0,0.0,0.0,0.0,0.0,0.0,0.0,0.0
6337,0.0,0.0,0.0,0.0,0.0,0.0,0.0,0.0,0.0,0.0,0.0,0.0,0.0,0.0,0.0,0.0,0.0,0.0,0.0,0.0,0.0,0.0,0.0,0.0,0.0,0.0,0.0,0.0,0.0,0.0,0.0,0.0,0.0,0.0,0.0,0.0,0.0,0.0,0.0,0.0,0.0,0.0,0.0,0.0,0.0,0.0,0.0,0.0,0.0,0.0,0.0,0.0,0.0,0.0,0.0,0.0,0.0,0.0,0.0,0.0,0.0,0.0,0.0,0.0
6338,0.0,0.0,0.0,0.0,0.0,0.0,0.0,0.0,0.0,0.0,0.0,0.0,0.0,0.0,0.0,0.0,0.0,0.0,0.0,0.0,0.0,0.0,0.0,0.0,0.0,0.0,0.0,0.0,0.0,0.0,0.0,0.0,0.0,0.0,0.0,0.0,0.0,0.0,0.0,0.0,0.0,0.0,0.0,0.0,0.0,0.0,0.0,0.0,0.0,0.0,0.0,0.0,0.0,0.0,0.0,0.0,0.0,0.0,0.0,0.0,0.0,0.0,0.0,0.0
6339,0.0,0.0,0.0,0.0,0.0,0.0,0.0,0.0,0.0,0.0,0.0,0.0,0.0,0.0,0.0,0.0,0.0,0.0,0.0,0.0,0.0,0.0,0.0,0.0,0.0,0.0,0.0,0.0,0.0,0.0,0.0,0.0,0.0,0.0,0.0,0.0,0.0,0.0,0.0,0.0,0.0,0.0,0.0,0.0,0.0,0.0,0.0,0.0,0.0,0.0,0.0,0.0,0.0,0.0,0.0,0.0,0.0,0.0,0.0,0.0,0.0,0.0,0.0,0.0
6340,0.0,0.0,0.0,0.0,0.0,0.0,0.0,0.0,0.0,0.0,0.0,0.0,0.0,0.0,0.0,0.0,0.0,0.0,0.0,0.0,0.0,0.0,0.0,0.0,0.0,0.0,0.0,0.0,0.0,0.0,0.0,0.0,0.0,0.0,0.0,0.0,0.0,0.0,0.0,0.0,0.0,0.0,0.0,0.0,0.0,0.0,0.0,0.0,0.0,0.0,0.0,0.0,0.0,0.0,0.0,0.0,0.0,0.0,0.0,0.0,0.0,0.0,0.0,0.0
6341,0.0,0.0,0.0,0.0,0.0,0.0,0.0,0.0,0.0,0.0,0.0,0.0,0.0,0.0,0.0,0.0,0.0,0.0,0.0,0.0,0.0,0.0,0.0,0.0,0.0,0.0,0.0,0.0,0.0,0.0,0.0,0.0,0.0,0.0,0.0,0.0,0.0,0.0,0.0,0.0,0.0,0.0,0.0,0.0,0.0,0.0,0.0,0.0,0.0,0.0,0.0,0.0,0.0,0.0,0.0,0.0,0.0,0.0,0.0,0.0,0.0,0.0,0.0,0.0
6342,0.0,0.0,0.0,0.0,0.0,0.0,0.0,0.0,0.0,0.0,0.0,0.0,0.0,0.0,0.0,0.0,0.0,0.0,0.0,0.0,0.0,0.0,0.0,0.0,0.0,0.0,0.0,0.0,0.0,0.0,0.0,0.0,0.0,0.0,0.0,0.0,0.0,0.0,0.0,0.0,0.0,0.0,0.0,0.0,0.0,0.0,0.0,0.0,0.0,0.0,0.0,0.0,0.0,0.0,0.0,0.0,0.0,0.0,0.0,0.0,0.0,0.0,0.0,0.0
6343,0.0,0.0,0.0,0.0,0.0,0.0,0.0,0.0,0.0,0.0,0.0,0.0,0.0,0.0,0.0,0.0,0.0,0.0,0.0,0.0,0.0,0.0,0.0,0.0,0.0,0.0,0.0,0.0,0.0,0.0,0.0,0.0,0.0,0.0,0.0,0.0,0.0,0.0,0.0,0.0,0.0,0.0,0.0,0.0,0.0,0.0,0.0,0.0,0.0,0.0,0.0,0.0,0.0,0.0,0.0,0.0,0.0,0.0,0.0,0.0,0.0,0.0,0.0,0.0
6344,0.0,0.0,0.0,0.0,0.0,0.0,0.0,0.0,0.0,0.0,0.0,0.0,0.0,0.0,0.0,0.0,0.0,0.0,0.0,0.0,0.0,0.0,0.0,0.0,0.0,0.0,0.0,0.0,0.0,0.0,0.0,0.0,0.0,0.0,0.0,0.0,0.0,0.0,0.0,0.0,0.0,0.0,0.0,0.0,0.0,0.0,0.0,0.0,0.0,0.0,0.0,0.0,0.0,0.0,0.0,0.0,0.0,0.0,0.0,0.0,0.0,0.0,0.0,0.0
6345,0.0,0.0,0.0,0.0,0.0,0.0,0.0,0.0,0.0,0.0,0.0,0.0,0.0,0.0,0.0,0.0,0.0,0.0,0.0,0.0,0.0,0.0,0.0,0.0,0.0,0.0,0.0,0.0,0.0,0.0,0.0,0.0,0.0,0.0,0.0,0.0,0.0,0.0,0.0,0.0,0.0,0.0,0.0,0.0,0.0,0.0,0.0,0.0,0.0,0.0,0.0,0.0,0.0,0.0,0.0,0.0,0.0,0.0,0.0,0.0,0.0,0.0,0.0,0.0
6346,0.0,0.0,0.0,0.0,0.0,0.0,0.0,0.0,0.14,0.18,0.13,0.16,0.22,0.14,0.17,0.16,0.15,0.2,0.19,0.16,0.17,0.18,0.22,0.0,0.0,0.01,0.0,0.0,0.07,0.07,0.08,0.0,0.0,0.0,0.0,0.0,0.0,0.13,0.0,0.13,0.12,0.0,0.01,0.0,0.0,0.0,0.0,0.0,0.0,0.0,0.08,0.07,0.1,0.08,0.1,0.07,0.0,0.09,0.08,0.09,0.08,0.08,0.0,0.08
6347,0.0,0.04,0.05,0.0,0.0,0.0,0.0,0.0,0.53,0.54,0.52,0.55,0.56,0.45,0.53,0.53,0.54,0.54,0.54,0.53,0.52,0.5,0.55,0.36,0.0,0.43,0.0,0.0,0.06,0.42,0.43,0.0,0.0,0.0,0.0,0.01,0.45,0.52,0.23,0.53,0.49,0.28,0.45,0.02,0.38,0.36,0.0,0.0,0.0,0.0,0.45,0.43,0.51,0.46,0.5,0.45,0.0,0.48,0.44,0.48,0.44,0.45,0.43,0.44
6348,0.0,0.16,0.27,0.0,0.0,0.01,0.0,0.0,0.69,0.68,0.68,0.71,0.7,0.68,0.68,0.57,0.71,0.69,0.69,0.67,0.67,0.68,0.69,0.25,0.03,0.66,0.0,0.0,0.66,0.65,0.66,0.0,0.0,0.0,0.0,0.03,0.59,0.7,0.16,0.7,0.68,0.11,0.09,0.27,0.5,0.2,0.02,0.0,0.0,0.01,0.67,0.66,0.71,0.68,0.69,0.65,0.0,0.69,0.66,0.68,0.67,0.67,0.66,0.66
6349,0.0,0.31,0.15,0.0,0.0,0.05,0.0,0.0,0.69,0.73,0.74,0.76,0.74,0.7,0.7,0.65,0.77,0.74,0.75,0.69,0.73,0.72,0.73,0.5,0.11,0.73,0.0,0.0,0.73,0.73,0.73,0.0,0.0,0.0,0.0,0.09,0.73,0.76,0.11,0.76,0.75,0.14,0.11,0.36,0.58,0.08,0.05,0.0,0.0,0.04,0.74,0.72,0.76,0.75,0.76,0.7,0.0,0.76,0.73,0.75,0.74,0.74,0.72,0.74
6350,0.0,0.76,0.76,0.0,0.0,0.07,0.0,0.0,0.76,0.76,0.76,0.79,0.77,0.73,0.72,0.73,0.79,0.77,0.78,0.74,0.76,0.74,0.75,0.61,0.15,0.76,0.0,0.0,0.74,0.76,0.76,0.0,0.0,0.0,0.0,0.3,0.76,0.78,0.35,0.79,0.77,0.76,0.77,0.16,0.72,0.28,0.07,0.0,0.0,0.05,0.77,0.47,0.79,0.78,0.79,0.75,0.0,0.79,0.76,0.78,0.77,0.77,0.75,0.77
6351,0.0,0.77,0.77,0.0,0.0,0.08,0.0,0.0,0.76,0.77,0.77,0.8,0.77,0.75,0.75,0.71,0.8,0.78,0.79,0.74,0.78,0.75,0.76,0.15,0.12,0.76,0.0,0.0,0.76,0.77,0.76,0.0,0.0,0.0,0.0,0.46,0.44,0.78,0.35,0.79,0.78,0.14,0.77,0.11,0.28,0.25,0.08,0.0,0.0,0.13,0.78,0.31,0.8,0.79,0.79,0.77,0.0,0.8,0.77,0.79,0.78,0.78,0.77,0.78
6352,0.0,0.77,0.53,0.0,0.0,0.09,0.0,0.0,0.74,0.77,0.77,0.8,0.74,0.76,0.74,0.71,0.8,0.78,0.79,0.69,0.77,0.76,0.76,0.29,0.05,0.77,0.0,0.0,0.77,0.77,0.78,0.0,0.0,0.0,0.0,0.78,0.51,0.78,0.29,0.79,0.78,0.13,0.77,0.49,0.23,0.3,0.12,0.0,0.0,0.15,0.76,0.35,0.79,0.78,0.78,0.76,0.0,0.78,0.77,0.79,0.77,0.77,0.77,0.77
6353,0.0,0.77,0.29,0.0,0.0,0.1,0.0,0.0,0.75,0.78,0.77,0.81,0.76,0.72,0.68,0.68,0.8,0.79,0.79,0.66,0.76,0.75,0.76,0.78,0.04,0.77,0.0,0.0,0.77,0.77,0.77,0.0,0.0,0.0,0.0,0.25,0.78,0.79,0.32,0.79,0.79,0.78,0.77,0.77,0.78,0.36,0.23,0.0,0.0,0.2,0.77,0.78,0.79,0.78,0.79,0.75,0.0,0.78,0.77,0.78,0.78,0.77,0.78,0.78
6354,0.0,0.75,0.24,0.0,0.0,0.27,0.0,0.0,0.75,0.75,0.75,0.8,0.75,0.73,0.71,0.67,0.78,0.77,0.77,0.71,0.74,0.73,0.75,0.76,0.02,0.75,0.0,0.0,0.76,0.76,0.76,0.0,0.0,0.0,0.0,0.77,0.76,0.77,0.77,0.77,0.77,0.77,0.76,0.27,0.76,0.78,0.36,0.0,0.0,0.2,0.76,0.75,0.77,0.76,0.77,0.73,0.0,0.76,0.76,0.76,0.49,0.76,0.75,0.76
6355,0.0,0.73,0.08,0.0,0.0,0.74,0.0,0.0,0.72,0.72,0.71,0.76,0.72,0.71,0.62,0.61,0.74,0.73,0.74,0.72,0.72,0.71,0.72,0.72,0.08,0.73,0.0,0.0,0.73,0.73,0.73,0.0,0.0,0.0,0.0,0.72,0.72,0.74,0.74,0.74,0.74,0.73,0.73,0.16,0.72,0.74,0.74,0.0,0.0,0.13,0.73,0.71,0.74,0.72,0.74,0.71,0.0,0.73,0.73,0.74,0.73,0.73,0.73,0.73
6356,0.0,0.64,0.64,0.0,0.0,0.63,0.0,0.0,0.61,0.6,0.62,0.64,0.56,0.61,0.55,0.6,0.64,0.61,0.62,0.61,0.61,0.61,0.58,0.62,0.15,0.65,0.0,0.0,0.64,0.64,0.64,0.0,0.0,0.0,0.0,0.63,0.62,0.64,0.64,0.64,0.64,0.63,0.63,0.63,0.62,0.64,0.63,0.0,0.0,0.04,0.64,0.63,0.63,0.62,0.64,0.61,0.0,0.64,0.64,0.64,0.63,0.64,0.65,0.64
6357,0.0,0.27,0.28,0.0,0.0,0.24,0.0,0.0,0.19,0.16,0.2,0.21,0.09,0.16,0.16,0.17,0.21,0.15,0.16,0.18,0.17,0.16,0.12,0.21,0.01,0.28,0.0,0.0,0.27,0.27,0.27,0.0,0.0,0.0,0.0,0.25,0.22,0.22,0.25,0.22,0.23,0.24,0.24,0.21,0.21,0.25,0.23,0.0,0.0,0.01,0.27,0.28,0.25,0.27,0.24,0.27,0.0,0.26,0.27,0.26,0.27,0.27,0.28,0.27
6358,0.0,0.0,0.0,0.0,0.0,0.0,0.0,0.0,0.0,0.0,0.0,0.0,0.0,0.0,0.0,0.0,0.0,0.0,0.0,0.0,0.0,0.0,0.0,0.0,0.0,0.0,0.0,0.0,0.0,0.0,0.0,0.0,0.0,0.0,0.0,0.0,0.0,0.0,0.0,0.0,0.0,0.0,0.0,0.0,0.0,0.0,0.0,0.0,0.0,0.0,0.0,0.0,0.0,0.0,0.0,0.0,0.0,0.0,0.0,0.0,0.0,0.0,0.0,0.0
6359,0.0,0.0,0.0,0.0,0.0,0.0,0.0,0.0,0.0,0.0,0.0,0.0,0.0,0.0,0.0,0.0,0.0,0.0,0.0,0.0,0.0,0.0,0.0,0.0,0.0,0.0,0.0,0.0,0.0,0.0,0.0,0.0,0.0,0.0,0.0,0.0,0.0,0.0,0.0,0.0,0.0,0.0,0.0,0.0,0.0,0.0,0.0,0.0,0.0,0.0,0.0,0.0,0.0,0.0,0.0,0.0,0.0,0.0,0.0,0.0,0.0,0.0,0.0,0.0
6360,0.0,0.0,0.0,0.0,0.0,0.0,0.0,0.0,0.0,0.0,0.0,0.0,0.0,0.0,0.0,0.0,0.0,0.0,0.0,0.0,0.0,0.0,0.0,0.0,0.0,0.0,0.0,0.0,0.0,0.0,0.0,0.0,0.0,0.0,0.0,0.0,0.0,0.0,0.0,0.0,0.0,0.0,0.0,0.0,0.0,0.0,0.0,0.0,0.0,0.0,0.0,0.0,0.0,0.0,0.0,0.0,0.0,0.0,0.0,0.0,0.0,0.0,0.0,0.0
6361,0.0,0.0,0.0,0.0,0.0,0.0,0.0,0.0,0.0,0.0,0.0,0.0,0.0,0.0,0.0,0.0,0.0,0.0,0.0,0.0,0.0,0.0,0.0,0.0,0.0,0.0,0.0,0.0,0.0,0.0,0.0,0.0,0.0,0.0,0.0,0.0,0.0,0.0,0.0,0.0,0.0,0.0,0.0,0.0,0.0,0.0,0.0,0.0,0.0,0.0,0.0,0.0,0.0,0.0,0.0,0.0,0.0,0.0,0.0,0.0,0.0,0.0,0.0,0.0
6362,0.0,0.0,0.0,0.0,0.0,0.0,0.0,0.0,0.0,0.0,0.0,0.0,0.0,0.0,0.0,0.0,0.0,0.0,0.0,0.0,0.0,0.0,0.0,0.0,0.0,0.0,0.0,0.0,0.0,0.0,0.0,0.0,0.0,0.0,0.0,0.0,0.0,0.0,0.0,0.0,0.0,0.0,0.0,0.0,0.0,0.0,0.0,0.0,0.0,0.0,0.0,0.0,0.0,0.0,0.0,0.0,0.0,0.0,0.0,0.0,0.0,0.0,0.0,0.0
6363,0.0,0.0,0.0,0.0,0.0,0.0,0.0,0.0,0.0,0.0,0.0,0.0,0.0,0.0,0.0,0.0,0.0,0.0,0.0,0.0,0.0,0.0,0.0,0.0,0.0,0.0,0.0,0.0,0.0,0.0,0.0,0.0,0.0,0.0,0.0,0.0,0.0,0.0,0.0,0.0,0.0,0.0,0.0,0.0,0.0,0.0,0.0,0.0,0.0,0.0,0.0,0.0,0.0,0.0,0.0,0.0,0.0,0.0,0.0,0.0,0.0,0.0,0.0,0.0
6364,0.0,0.0,0.0,0.0,0.0,0.0,0.0,0.0,0.0,0.0,0.0,0.0,0.0,0.0,0.0,0.0,0.0,0.0,0.0,0.0,0.0,0.0,0.0,0.0,0.0,0.0,0.0,0.0,0.0,0.0,0.0,0.0,0.0,0.0,0.0,0.0,0.0,0.0,0.0,0.0,0.0,0.0,0.0,0.0,0.0,0.0,0.0,0.0,0.0,0.0,0.0,0.0,0.0,0.0,0.0,0.0,0.0,0.0,0.0,0.0,0.0,0.0,0.0,0.0
6365,0.0,0.0,0.0,0.0,0.0,0.0,0.0,0.0,0.0,0.0,0.0,0.0,0.0,0.0,0.0,0.0,0.0,0.0,0.0,0.0,0.0,0.0,0.0,0.0,0.0,0.0,0.0,0.0,0.0,0.0,0.0,0.0,0.0,0.0,0.0,0.0,0.0,0.0,0.0,0.0,0.0,0.0,0.0,0.0,0.0,0.0,0.0,0.0,0.0,0.0,0.0,0.0,0.0,0.0,0.0,0.0,0.0,0.0,0.0,0.0,0.0,0.0,0.0,0.0
6366,0.0,0.0,0.0,0.0,0.0,0.0,0.0,0.0,0.0,0.0,0.0,0.0,0.0,0.0,0.0,0.0,0.0,0.0,0.0,0.0,0.0,0.0,0.0,0.0,0.0,0.0,0.0,0.0,0.0,0.0,0.0,0.0,0.0,0.0,0.0,0.0,0.0,0.0,0.0,0.0,0.0,0.0,0.0,0.0,0.0,0.0,0.0,0.0,0.0,0.0,0.0,0.0,0.0,0.0,0.0,0.0,0.0,0.0,0.0,0.0,0.0,0.0,0.0,0.0
6367,0.0,0.0,0.0,0.0,0.0,0.0,0.0,0.0,0.0,0.0,0.0,0.0,0.0,0.0,0.0,0.0,0.0,0.0,0.0,0.0,0.0,0.0,0.0,0.0,0.0,0.0,0.0,0.0,0.0,0.0,0.0,0.0,0.0,0.0,0.0,0.0,0.0,0.0,0.0,0.0,0.0,0.0,0.0,0.0,0.0,0.0,0.0,0.0,0.0,0.0,0.0,0.0,0.0,0.0,0.0,0.0,0.0,0.0,0.0,0.0,0.0,0.0,0.0,0.0
6368,0.0,0.0,0.0,0.0,0.0,0.0,0.0,0.0,0.0,0.0,0.0,0.0,0.0,0.0,0.0,0.0,0.0,0.0,0.0,0.0,0.0,0.0,0.0,0.0,0.0,0.0,0.0,0.0,0.0,0.0,0.0,0.0,0.0,0.0,0.0,0.0,0.0,0.0,0.0,0.0,0.0,0.0,0.0,0.0,0.0,0.0,0.0,0.0,0.0,0.0,0.0,0.0,0.0,0.0,0.0,0.0,0.0,0.0,0.0,0.0,0.0,0.0,0.0,0.0
6369,0.0,0.0,0.0,0.0,0.0,0.0,0.0,0.0,0.0,0.0,0.0,0.0,0.0,0.0,0.0,0.0,0.0,0.0,0.0,0.0,0.0,0.0,0.0,0.0,0.0,0.0,0.0,0.0,0.0,0.0,0.0,0.0,0.0,0.0,0.0,0.0,0.0,0.0,0.0,0.0,0.0,0.0,0.0,0.0,0.0,0.0,0.0,0.0,0.0,0.0,0.0,0.0,0.0,0.0,0.0,0.0,0.0,0.0,0.0,0.0,0.0,0.0,0.0,0.0
6370,0.0,0.0,0.0,0.0,0.0,0.09,0.0,0.0,0.0,0.15,0.0,0.04,0.0,0.01,0.01,0.01,0.0,0.18,0.18,0.0,0.14,0.01,0.02,0.0,0.02,0.0,0.0,0.0,0.0,0.0,0.0,0.0,0.0,0.0,0.0,0.0,0.0,0.11,0.0,0.11,0.1,0.01,0.0,0.0,0.0,0.0,0.09,0.0,0.0,0.1,0.0,0.02,0.0,0.01,0.08,0.01,0.0,0.0,0.02,0.06,0.0,0.0,0.0,0.04
6371,0.0,0.03,0.02,0.0,0.0,0.4,0.0,0.0,0.02,0.31,0.03,0.25,0.03,0.04,0.03,0.04,0.03,0.64,0.65,0.02,0.59,0.04,0.06,0.02,0.25,0.02,0.0,0.0,0.02,0.03,0.03,0.0,0.0,0.0,0.0,0.14,0.03,0.58,0.06,0.59,0.26,0.11,0.03,0.02,0.02,0.06,0.28,0.0,0.0,0.18,0.01,0.03,0.03,0.04,0.56,0.5,0.0,0.06,0.01,0.11,0.02,0.01,0.06,0.01
6372,0.0,0.03,0.04,0.0,0.0,0.27,0.0,0.0,0.03,0.53,0.05,0.25,0.06,0.07,0.04,0.04,0.09,0.7,0.69,0.05,0.67,0.06,0.05,0.04,0.18,0.04,0.0,0.0,0.02,0.05,0.04,0.0,0.0,0.0,0.0,0.14,0.05,0.62,0.11,0.64,0.06,0.09,0.04,0.04,0.04,0.1,0.16,0.0,0.0,0.1,0.01,0.01,0.1,0.01,0.65,0.03,0.0,0.03,0.02,0.07,0.02,0.01,0.02,0.02
6373,0.0,0.06,0.08,0.0,0.0,0.7,0.0,0.0,0.06,0.7,0.09,0.77,0.1,0.11,0.07,0.09,0.12,0.41,0.77,0.11,0.66,0.08,0.08,0.08,0.08,0.03,0.0,0.0,0.02,0.06,0.05,0.0,0.0,0.0,0.0,0.05,0.07,0.74,0.15,0.38,0.09,0.21,0.04,0.06,0.05,0.15,0.7,0.0,0.0,0.37,0.02,0.02,0.09,0.03,0.31,0.12,0.0,0.02,0.02,0.21,0.01,0.02,0.02,0.02
6374,0.0,0.06,0.1,0.0,0.0,0.32,0.0,0.0,0.1,0.26,0.13,0.67,0.18,0.12,0.18,0.15,0.36,0.41,0.8,0.14,0.21,0.14,0.12,0.1,0.44,0.06,0.0,0.0,0.04,0.05,0.06,0.0,0.0,0.0,0.0,0.18,0.1,0.08,0.13,0.15,0.05,0.1,0.09,0.12,0.05,0.14,0.32,0.0,0.0,0.47,0.06,0.08,0.03,0.11,0.56,0.02,0.0,0.02,0.05,0.03,0.1,0.04,0.04,0.12
6375,0.0,0.05,0.15,0.0,0.0,0.17,0.0,0.0,0.17,0.42,0.19,0.33,0.29,0.12,0.16,0.15,0.37,0.28,0.68,0.14,0.14,0.15,0.16,0.15,0.76,0.07,0.0,0.0,0.14,0.06,0.09,0.0,0.0,0.0,0.0,0.32,0.11,0.15,0.1,0.54,0.03,0.07,0.15,0.14,0.13,0.08,0.14,0.0,0.0,0.13,0.02,0.13,0.02,0.29,0.06,0.06,0.0,0.07,0.02,0.07,0.04,0.09,0.12,0.02
6376,0.0,0.16,0.09,0.0,0.0,0.11,0.0,0.0,0.27,0.08,0.05,0.05,0.18,0.11,0.13,0.08,0.11,0.12,0.28,0.08,0.12,0.13,0.15,0.38,0.77,0.07,0.0,0.0,0.09,0.22,0.08,0.0,0.0,0.0,0.0,0.34,0.07,0.03,0.15,0.04,0.03,0.29,0.19,0.09,0.3,0.16,0.13,0.0,0.0,0.1,0.02,0.06,0.1,0.1,0.1,0.03,0.0,0.16,0.02,0.06,0.03,0.04,0.14,0.03
6377,0.0,0.05,0.04,0.0,0.0,0.09,0.0,0.0,0.03,0.09,0.02,0.02,0.12,0.07,0.05,0.05,0.02,0.06,0.04,0.04,0.02,0.04,0.08,0.06,0.78,0.09,0.0,0.0,0.12,0.05,0.07,0.0,0.0,0.0,0.0,0.06,0.09,0.01,0.08,0.01,0.02,0.14,0.07,0.1,0.05,0.1,0.11,0.0,0.0,0.07,0.06,0.01,0.14,0.03,0.09,0.02,0.0,0.07,0.13,0.02,0.04,0.11,0.14,0.07
6378,0.0,0.02,0.03,0.0,0.0,0.06,0.0,0.0,0.01,0.01,0.01,0.06,0.03,0.02,0.03,0.02,0.01,0.11,0.19,0.01,0.01,0.03,0.02,0.03,0.74,0.04,0.0,0.0,0.04,0.02,0.03,0.0,0.0,0.0,0.0,0.08,0.03,0.0,0.02,0.0,0.01,0.04,0.01,0.02,0.02,0.01,0.06,0.0,0.0,0.05,0.02,0.28,0.03,0.17,0.02,0.07,0.0,0.02,0.01,0.03,0.16,0.04,0.26,0.03
6379,0.0,0.06,0.04,0.0,0.0,0.03,0.0,0.0,0.02,0.0,0.01,0.01,0.02,0.04,0.01,0.01,0.0,0.02,0.02,0.0,0.0,0.02,0.0,0.0,0.06,0.08,0.0,0.0,0.07,0.07,0.09,0.0,0.0,0.0,0.0,0.04,0.02,0.01,0.07,0.01,0.06,0.03,0.04,0.02,0.0,0.12,0.03,0.0,0.0,0.03,0.01,0.01,0.0,0.24,0.03,0.04,0.0,0.02,0.02,0.04,0.01,0.34,0.03,0.0
6380,0.0,0.03,0.04,0.0,0.0,0.03,0.0,0.0,0.06,0.01,0.02,0.0,0.01,0.0,0.0,0.0,0.0,0.01,0.0,0.0,0.01,0.0,0.0,0.23,0.05,0.05,0.0,0.0,0.04,0.05,0.06,0.0,0.0,0.0,0.0,0.02,0.02,0.01,0.04,0.0,0.0,0.05,0.05,0.37,0.18,0.03,0.03,0.0,0.0,0.03,0.0,0.02,0.0,0.25,0.12,0.12,0.0,0.01,0.0,0.0,0.0,0.0,0.1,0.01
6381,0.0,0.0,0.26,0.0,0.0,0.01,0.0,0.0,0.0,0.0,0.0,0.0,0.0,0.0,0.0,0.0,0.01,0.0,0.0,0.0,0.02,0.0,0.0,0.0,0.01,0.23,0.0,0.0,0.0,0.0,0.07,0.0,0.0,0.0,0.0,0.01,0.01,0.0,0.0,0.0,0.0,0.0,0.01,0.02,0.0,0.0,0.0,0.0,0.0,0.0,0.0,0.0,0.0,0.0,0.04,0.24,0.0,0.15,0.0,0.04,0.0,0.02,0.08,0.0
6382,0.0,0.0,0.0,0.0,0.0,0.0,0.0,0.0,0.0,0.0,0.0,0.0,0.0,0.0,0.0,0.0,0.0,0.0,0.0,0.0,0.0,0.0,0.0,0.0,0.0,0.0,0.0,0.0,0.0,0.0,0.0,0.0,0.0,0.0,0.0,0.0,0.0,0.0,0.0,0.0,0.0,0.0,0.0,0.0,0.0,0.0,0.0,0.0,0.0,0.0,0.0,0.0,0.0,0.0,0.0,0.0,0.0,0.0,0.0,0.0,0.0,0.0,0.0,0.0
6383,0.0,0.0,0.0,0.0,0.0,0.0,0.0,0.0,0.0,0.0,0.0,0.0,0.0,0.0,0.0,0.0,0.0,0.0,0.0,0.0,0.0,0.0,0.0,0.0,0.0,0.0,0.0,0.0,0.0,0.0,0.0,0.0,0.0,0.0,0.0,0.0,0.0,0.0,0.0,0.0,0.0,0.0,0.0,0.0,0.0,0.0,0.0,0.0,0.0,0.0,0.0,0.0,0.0,0.0,0.0,0.0,0.0,0.0,0.0,0.0,0.0,0.0,0.0,0.0
6384,0.0,0.0,0.0,0.0,0.0,0.0,0.0,0.0,0.0,0.0,0.0,0.0,0.0,0.0,0.0,0.0,0.0,0.0,0.0,0.0,0.0,0.0,0.0,0.0,0.0,0.0,0.0,0.0,0.0,0.0,0.0,0.0,0.0,0.0,0.0,0.0,0.0,0.0,0.0,0.0,0.0,0.0,0.0,0.0,0.0,0.0,0.0,0.0,0.0,0.0,0.0,0.0,0.0,0.0,0.0,0.0,0.0,0.0,0.0,0.0,0.0,0.0,0.0,0.0
6385,0.0,0.0,0.0,0.0,0.0,0.0,0.0,0.0,0.0,0.0,0.0,0.0,0.0,0.0,0.0,0.0,0.0,0.0,0.0,0.0,0.0,0.0,0.0,0.0,0.0,0.0,0.0,0.0,0.0,0.0,0.0,0.0,0.0,0.0,0.0,0.0,0.0,0.0,0.0,0.0,0.0,0.0,0.0,0.0,0.0,0.0,0.0,0.0,0.0,0.0,0.0,0.0,0.0,0.0,0.0,0.0,0.0,0.0,0.0,0.0,0.0,0.0,0.0,0.0
6386,0.0,0.0,0.0,0.0,0.0,0.0,0.0,0.0,0.0,0.0,0.0,0.0,0.0,0.0,0.0,0.0,0.0,0.0,0.0,0.0,0.0,0.0,0.0,0.0,0.0,0.0,0.0,0.0,0.0,0.0,0.0,0.0,0.0,0.0,0.0,0.0,0.0,0.0,0.0,0.0,0.0,0.0,0.0,0.0,0.0,0.0,0.0,0.0,0.0,0.0,0.0,0.0,0.0,0.0,0.0,0.0,0.0,0.0,0.0,0.0,0.0,0.0,0.0,0.0
6387,0.0,0.0,0.0,0.0,0.0,0.0,0.0,0.0,0.0,0.0,0.0,0.0,0.0,0.0,0.0,0.0,0.0,0.0,0.0,0.0,0.0,0.0,0.0,0.0,0.0,0.0,0.0,0.0,0.0,0.0,0.0,0.0,0.0,0.0,0.0,0.0,0.0,0.0,0.0,0.0,0.0,0.0,0.0,0.0,0.0,0.0,0.0,0.0,0.0,0.0,0.0,0.0,0.0,0.0,0.0,0.0,0.0,0.0,0.0,0.0,0.0,0.0,0.0,0.0
6388,0.0,0.0,0.0,0.0,0.0,0.0,0.0,0.0,0.0,0.0,0.0,0.0,0.0,0.0,0.0,0.0,0.0,0.0,0.0,0.0,0.0,0.0,0.0,0.0,0.0,0.0,0.0,0.0,0.0,0.0,0.0,0.0,0.0,0.0,0.0,0.0,0.0,0.0,0.0,0.0,0.0,0.0,0.0,0.0,0.0,0.0,0.0,0.0,0.0,0.0,0.0,0.0,0.0,0.0,0.0,0.0,0.0,0.0,0.0,0.0,0.0,0.0,0.0,0.0
6389,0.0,0.0,0.0,0.0,0.0,0.0,0.0,0.0,0.0,0.0,0.0,0.0,0.0,0.0,0.0,0.0,0.0,0.0,0.0,0.0,0.0,0.0,0.0,0.0,0.0,0.0,0.0,0.0,0.0,0.0,0.0,0.0,0.0,0.0,0.0,0.0,0.0,0.0,0.0,0.0,0.0,0.0,0.0,0.0,0.0,0.0,0.0,0.0,0.0,0.0,0.0,0.0,0.0,0.0,0.0,0.0,0.0,0.0,0.0,0.0,0.0,0.0,0.0,0.0
6390,0.0,0.0,0.0,0.0,0.0,0.0,0.0,0.0,0.0,0.0,0.0,0.0,0.0,0.0,0.0,0.0,0.0,0.0,0.0,0.0,0.0,0.0,0.0,0.0,0.0,0.0,0.0,0.0,0.0,0.0,0.0,0.0,0.0,0.0,0.0,0.0,0.0,0.0,0.0,0.0,0.0,0.0,0.0,0.0,0.0,0.0,0.0,0.0,0.0,0.0,0.0,0.0,0.0,0.0,0.0,0.0,0.0,0.0,0.0,0.0,0.0,0.0,0.0,0.0
6391,0.0,0.0,0.0,0.0,0.0,0.0,0.0,0.0,0.0,0.0,0.0,0.0,0.0,0.0,0.0,0.0,0.0,0.0,0.0,0.0,0.0,0.0,0.0,0.0,0.0,0.0,0.0,0.0,0.0,0.0,0.0,0.0,0.0,0.0,0.0,0.0,0.0,0.0,0.0,0.0,0.0,0.0,0.0,0.0,0.0,0.0,0.0,0.0,0.0,0.0,0.0,0.0,0.0,0.0,0.0,0.0,0.0,0.0,0.0,0.0,0.0,0.0,0.0,0.0
6392,0.0,0.0,0.0,0.0,0.0,0.0,0.0,0.0,0.0,0.0,0.0,0.0,0.0,0.0,0.0,0.0,0.0,0.0,0.0,0.0,0.0,0.0,0.0,0.0,0.0,0.0,0.0,0.0,0.0,0.0,0.0,0.0,0.0,0.0,0.0,0.0,0.0,0.0,0.0,0.0,0.0,0.0,0.0,0.0,0.0,0.0,0.0,0.0,0.0,0.0,0.0,0.0,0.0,0.0,0.0,0.0,0.0,0.0,0.0,0.0,0.0,0.0,0.0,0.0
6393,0.0,0.0,0.0,0.0,0.0,0.0,0.0,0.0,0.0,0.0,0.0,0.0,0.0,0.0,0.0,0.0,0.0,0.0,0.0,0.0,0.0,0.0,0.0,0.0,0.0,0.0,0.0,0.0,0.0,0.0,0.0,0.0,0.0,0.0,0.0,0.0,0.0,0.0,0.0,0.0,0.0,0.0,0.0,0.0,0.0,0.0,0.0,0.0,0.0,0.0,0.0,0.0,0.0,0.0,0.0,0.0,0.0,0.0,0.0,0.0,0.0,0.0,0.0,0.0
6394,0.0,0.0,0.0,0.0,0.0,0.09,0.0,0.0,0.13,0.0,0.0,0.0,0.2,0.16,0.16,0.16,0.0,0.18,0.0,0.15,0.0,0.17,0.03,0.12,0.13,0.0,0.0,0.0,0.02,0.0,0.02,0.0,0.0,0.0,0.0,0.08,0.1,0.01,0.08,0.01,0.0,0.08,0.08,0.11,0.11,0.08,0.09,0.0,0.0,0.1,0.02,0.02,0.01,0.02,0.0,0.01,0.0,0.02,0.02,0.0,0.02,0.02,0.02,0.02
6395,0.0,0.58,0.58,0.0,0.0,0.61,0.0,0.0,0.04,0.03,0.64,0.03,0.1,0.65,0.66,0.65,0.02,0.66,0.04,0.65,0.05,0.65,0.18,0.64,0.65,0.59,0.0,0.0,0.59,0.59,0.59,0.0,0.0,0.0,0.0,0.61,0.62,0.65,0.62,0.66,0.12,0.62,0.62,0.62,0.64,0.62,0.61,0.0,0.0,0.62,0.6,0.58,0.35,0.58,0.27,0.57,0.0,0.59,0.6,0.6,0.59,0.59,0.6,0.6
6396,0.0,0.79,0.79,0.0,0.0,0.77,0.0,0.0,0.75,0.32,0.76,0.25,0.18,0.22,0.77,0.77,0.18,0.78,0.1,0.77,0.06,0.19,0.77,0.78,0.78,0.8,0.0,0.0,0.78,0.79,0.79,0.0,0.0,0.0,0.0,0.78,0.76,0.79,0.79,0.8,0.8,0.79,0.79,0.76,0.78,0.8,0.77,0.0,0.0,0.77,0.8,0.79,0.8,0.76,0.79,0.74,0.0,0.78,0.8,0.78,0.8,0.8,0.81,0.8
6397,0.0,0.84,0.84,0.0,0.0,0.82,0.0,0.0,0.8,0.84,0.82,0.58,0.82,0.82,0.82,0.82,0.86,0.83,0.1,0.82,0.5,0.82,0.81,0.83,0.83,0.85,0.0,0.0,0.84,0.84,0.84,0.0,0.0,0.0,0.0,0.84,0.82,0.86,0.86,0.87,0.86,0.85,0.85,0.81,0.83,0.86,0.82,0.0,0.0,0.82,0.84,0.85,0.84,0.81,0.84,0.78,0.0,0.82,0.84,0.82,0.84,0.84,0.86,0.84
6398,0.0,0.84,0.84,0.0,0.0,0.82,0.0,0.0,0.81,0.85,0.84,0.87,0.82,0.83,0.82,0.82,0.86,0.84,0.45,0.83,0.85,0.83,0.81,0.84,0.83,0.86,0.0,0.0,0.85,0.84,0.84,0.0,0.0,0.0,0.0,0.84,0.84,0.87,0.86,0.87,0.86,0.86,0.86,0.82,0.85,0.86,0.83,0.0,0.0,0.82,0.84,0.85,0.84,0.81,0.83,0.78,0.0,0.82,0.84,0.81,0.84,0.84,0.86,0.84
6399,0.0,0.85,0.86,0.0,0.0,0.84,0.0,0.0,0.84,0.86,0.85,0.88,0.83,0.86,0.86,0.85,0.87,0.86,0.87,0.85,0.86,0.86,0.43,0.86,0.84,0.87,0.0,0.0,0.86,0.86,0.86,0.0,0.0,0.0,0.0,0.86,0.86,0.87,0.87,0.88,0.87,0.86,0.86,0.85,0.86,0.87,0.84,0.0,0.0,0.84,0.85,0.85,0.85,0.82,0.84,0.79,0.0,0.83,0.85,0.83,0.85,0.85,0.87,0.85
6400,0.0,0.85,0.86,0.0,0.0,0.84,0.0,0.0,0.85,0.86,0.85,0.88,0.84,0.86,0.86,0.85,0.86,0.87,0.87,0.85,0.86,0.86,0.85,0.85,0.84,0.86,0.0,0.0,0.85,0.86,0.86,0.0,0.0,0.0,0.0,0.86,0.86,0.87,0.86,0.87,0.87,0.86,0.86,0.86,0.86,0.86,0.85,0.0,0.0,0.84,0.85,0.85,0.85,0.83,0.85,0.81,0.0,0.83,0.85,0.84,0.85,0.84,0.86,0.85
6401,0.0,0.84,0.84,0.0,0.0,0.83,0.0,0.0,0.84,0.84,0.83,0.86,0.83,0.84,0.84,0.84,0.85,0.85,0.86,0.83,0.84,0.84,0.83,0.84,0.84,0.84,0.0,0.0,0.84,0.84,0.84,0.0,0.0,0.0,0.0,0.84,0.84,0.85,0.84,0.86,0.85,0.84,0.84,0.84,0.84,0.84,0.83,0.0,0.0,0.83,0.83,0.82,0.84,0.82,0.84,0.82,0.0,0.83,0.83,0.83,0.83,0.84,0.85,0.83
6402,0.0,0.8,0.82,0.0,0.0,0.8,0.0,0.0,0.8,0.8,0.8,0.83,0.8,0.8,0.81,0.8,0.82,0.81,0.82,0.8,0.82,0.81,0.8,0.81,0.81,0.82,0.0,0.0,0.8,0.81,0.81,0.0,0.0,0.0,0.0,0.81,0.81,0.82,0.81,0.83,0.82,0.81,0.81,0.81,0.81,0.81,0.8,0.0,0.0,0.8,0.82,0.81,0.82,0.81,0.82,0.8,0.0,0.81,0.81,0.81,0.81,0.82,0.81,0.81
6403,0.0,0.76,0.76,0.0,0.0,0.74,0.0,0.0,0.74,0.73,0.74,0.77,0.74,0.74,0.75,0.74,0.76,0.75,0.75,0.75,0.75,0.75,0.74,0.75,0.75,0.77,0.0,0.0,0.75,0.76,0.76,0.0,0.0,0.0,0.0,0.75,0.75,0.76,0.76,0.77,0.77,0.75,0.75,0.75,0.75,0.76,0.75,0.0,0.0,0.76,0.77,0.76,0.76,0.77,0.77,0.75,0.0,0.76,0.76,0.76,0.76,0.78,0.76,0.76
6404,0.0,0.64,0.65,0.0,0.0,0.62,0.0,0.0,0.59,0.58,0.6,0.61,0.55,0.58,0.58,0.58,0.61,0.58,0.59,0.59,0.59,0.58,0.54,0.61,0.6,0.65,0.0,0.0,0.64,0.64,0.64,0.0,0.0,0.0,0.0,0.63,0.61,0.63,0.64,0.62,0.64,0.63,0.63,0.62,0.62,0.64,0.62,0.0,0.0,0.62,0.65,0.65,0.64,0.64,0.63,0.62,0.0,0.64,0.64,0.63,0.65,0.65,0.65,0.65
6405,0.0,0.22,0.22,0.0,0.0,0.18,0.0,0.0,0.12,0.08,0.13,0.12,0.02,0.08,0.08,0.08,0.13,0.06,0.06,0.11,0.08,0.07,0.01,0.14,0.14,0.22,0.0,0.0,0.2,0.22,0.21,0.0,0.0,0.0,0.0,0.18,0.15,0.15,0.18,0.14,0.16,0.18,0.17,0.15,0.14,0.18,0.17,0.0,0.0,0.17,0.2,0.21,0.18,0.2,0.17,0.19,0.0,0.19,0.2,0.18,0.2,0.2,0.21,0.2
6406,0.0,0.0,0.0,0.0,0.0,0.0,0.0,0.0,0.0,0.0,0.0,0.0,0.0,0.0,0.0,0.0,0.0,0.0,0.0,0.0,0.0,0.0,0.0,0.0,0.0,0.0,0.0,0.0,0.0,0.0,0.0,0.0,0.0,0.0,0.0,0.0,0.0,0.0,0.0,0.0,0.0,0.0,0.0,0.0,0.0,0.0,0.0,0.0,0.0,0.0,0.0,0.0,0.0,0.0,0.0,0.0,0.0,0.0,0.0,0.0,0.0,0.0,0.0,0.0
6407,0.0,0.0,0.0,0.0,0.0,0.0,0.0,0.0,0.0,0.0,0.0,0.0,0.0,0.0,0.0,0.0,0.0,0.0,0.0,0.0,0.0,0.0,0.0,0.0,0.0,0.0,0.0,0.0,0.0,0.0,0.0,0.0,0.0,0.0,0.0,0.0,0.0,0.0,0.0,0.0,0.0,0.0,0.0,0.0,0.0,0.0,0.0,0.0,0.0,0.0,0.0,0.0,0.0,0.0,0.0,0.0,0.0,0.0,0.0,0.0,0.0,0.0,0.0,0.0
6408,0.0,0.0,0.0,0.0,0.0,0.0,0.0,0.0,0.0,0.0,0.0,0.0,0.0,0.0,0.0,0.0,0.0,0.0,0.0,0.0,0.0,0.0,0.0,0.0,0.0,0.0,0.0,0.0,0.0,0.0,0.0,0.0,0.0,0.0,0.0,0.0,0.0,0.0,0.0,0.0,0.0,0.0,0.0,0.0,0.0,0.0,0.0,0.0,0.0,0.0,0.0,0.0,0.0,0.0,0.0,0.0,0.0,0.0,0.0,0.0,0.0,0.0,0.0,0.0
6409,0.0,0.0,0.0,0.0,0.0,0.0,0.0,0.0,0.0,0.0,0.0,0.0,0.0,0.0,0.0,0.0,0.0,0.0,0.0,0.0,0.0,0.0,0.0,0.0,0.0,0.0,0.0,0.0,0.0,0.0,0.0,0.0,0.0,0.0,0.0,0.0,0.0,0.0,0.0,0.0,0.0,0.0,0.0,0.0,0.0,0.0,0.0,0.0,0.0,0.0,0.0,0.0,0.0,0.0,0.0,0.0,0.0,0.0,0.0,0.0,0.0,0.0,0.0,0.0
6410,0.0,0.0,0.0,0.0,0.0,0.0,0.0,0.0,0.0,0.0,0.0,0.0,0.0,0.0,0.0,0.0,0.0,0.0,0.0,0.0,0.0,0.0,0.0,0.0,0.0,0.0,0.0,0.0,0.0,0.0,0.0,0.0,0.0,0.0,0.0,0.0,0.0,0.0,0.0,0.0,0.0,0.0,0.0,0.0,0.0,0.0,0.0,0.0,0.0,0.0,0.0,0.0,0.0,0.0,0.0,0.0,0.0,0.0,0.0,0.0,0.0,0.0,0.0,0.0
6411,0.0,0.0,0.0,0.0,0.0,0.0,0.0,0.0,0.0,0.0,0.0,0.0,0.0,0.0,0.0,0.0,0.0,0.0,0.0,0.0,0.0,0.0,0.0,0.0,0.0,0.0,0.0,0.0,0.0,0.0,0.0,0.0,0.0,0.0,0.0,0.0,0.0,0.0,0.0,0.0,0.0,0.0,0.0,0.0,0.0,0.0,0.0,0.0,0.0,0.0,0.0,0.0,0.0,0.0,0.0,0.0,0.0,0.0,0.0,0.0,0.0,0.0,0.0,0.0
6412,0.0,0.0,0.0,0.0,0.0,0.0,0.0,0.0,0.0,0.0,0.0,0.0,0.0,0.0,0.0,0.0,0.0,0.0,0.0,0.0,0.0,0.0,0.0,0.0,0.0,0.0,0.0,0.0,0.0,0.0,0.0,0.0,0.0,0.0,0.0,0.0,0.0,0.0,0.0,0.0,0.0,0.0,0.0,0.0,0.0,0.0,0.0,0.0,0.0,0.0,0.0,0.0,0.0,0.0,0.0,0.0,0.0,0.0,0.0,0.0,0.0,0.0,0.0,0.0
6413,0.0,0.0,0.0,0.0,0.0,0.0,0.0,0.0,0.0,0.0,0.0,0.0,0.0,0.0,0.0,0.0,0.0,0.0,0.0,0.0,0.0,0.0,0.0,0.0,0.0,0.0,0.0,0.0,0.0,0.0,0.0,0.0,0.0,0.0,0.0,0.0,0.0,0.0,0.0,0.0,0.0,0.0,0.0,0.0,0.0,0.0,0.0,0.0,0.0,0.0,0.0,0.0,0.0,0.0,0.0,0.0,0.0,0.0,0.0,0.0,0.0,0.0,0.0,0.0
6414,0.0,0.0,0.0,0.0,0.0,0.0,0.0,0.0,0.0,0.0,0.0,0.0,0.0,0.0,0.0,0.0,0.0,0.0,0.0,0.0,0.0,0.0,0.0,0.0,0.0,0.0,0.0,0.0,0.0,0.0,0.0,0.0,0.0,0.0,0.0,0.0,0.0,0.0,0.0,0.0,0.0,0.0,0.0,0.0,0.0,0.0,0.0,0.0,0.0,0.0,0.0,0.0,0.0,0.0,0.0,0.0,0.0,0.0,0.0,0.0,0.0,0.0,0.0,0.0
6415,0.0,0.0,0.0,0.0,0.0,0.0,0.0,0.0,0.0,0.0,0.0,0.0,0.0,0.0,0.0,0.0,0.0,0.0,0.0,0.0,0.0,0.0,0.0,0.0,0.0,0.0,0.0,0.0,0.0,0.0,0.0,0.0,0.0,0.0,0.0,0.0,0.0,0.0,0.0,0.0,0.0,0.0,0.0,0.0,0.0,0.0,0.0,0.0,0.0,0.0,0.0,0.0,0.0,0.0,0.0,0.0,0.0,0.0,0.0,0.0,0.0,0.0,0.0,0.0
6416,0.0,0.0,0.0,0.0,0.0,0.0,0.0,0.0,0.0,0.0,0.0,0.0,0.0,0.0,0.0,0.0,0.0,0.0,0.0,0.0,0.0,0.0,0.0,0.0,0.0,0.0,0.0,0.0,0.0,0.0,0.0,0.0,0.0,0.0,0.0,0.0,0.0,0.0,0.0,0.0,0.0,0.0,0.0,0.0,0.0,0.0,0.0,0.0,0.0,0.0,0.0,0.0,0.0,0.0,0.0,0.0,0.0,0.0,0.0,0.0,0.0,0.0,0.0,0.0
6417,0.0,0.0,0.0,0.0,0.0,0.0,0.0,0.0,0.0,0.0,0.0,0.0,0.0,0.0,0.0,0.0,0.0,0.0,0.0,0.0,0.0,0.0,0.0,0.0,0.0,0.0,0.0,0.0,0.0,0.0,0.0,0.0,0.0,0.0,0.0,0.0,0.0,0.0,0.0,0.0,0.0,0.0,0.0,0.0,0.0,0.0,0.0,0.0,0.0,0.0,0.0,0.0,0.0,0.0,0.0,0.0,0.0,0.0,0.0,0.0,0.0,0.0,0.0,0.0
6418,0.0,0.0,0.0,0.0,0.0,0.01,0.0,0.0,0.06,0.04,0.04,0.06,0.13,0.08,0.08,0.08,0.03,0.08,0.11,0.07,0.02,0.1,0.13,0.03,0.06,0.0,0.0,0.0,0.0,0.0,0.0,0.0,0.0,0.0,0.0,0.0,0.01,0.02,0.0,0.02,0.01,0.0,0.0,0.02,0.03,0.0,0.01,0.0,0.0,0.01,0.0,0.0,0.0,0.0,0.0,0.0,0.0,0.0,0.0,0.0,0.0,0.0,0.0,0.0
6419,0.0,0.52,0.52,0.0,0.0,0.55,0.0,0.0,0.58,0.43,0.57,0.61,0.62,0.59,0.59,0.58,0.59,0.6,0.59,0.58,0.6,0.6,0.62,0.59,0.59,0.53,0.0,0.0,0.53,0.52,0.53,0.0,0.0,0.0,0.0,0.54,0.57,0.58,0.56,0.58,0.58,0.57,0.57,0.58,0.59,0.57,0.55,0.0,0.0,0.56,0.54,0.53,0.55,0.52,0.56,0.51,0.0,0.53,0.55,0.54,0.54,0.54,0.54,0.55
6420,0.0,0.72,0.72,0.0,0.0,0.71,0.0,0.0,0.71,0.75,0.71,0.75,0.74,0.72,0.72,0.71,0.73,0.76,0.76,0.71,0.64,0.73,0.75,0.74,0.72,0.72,0.0,0.0,0.72,0.72,0.72,0.0,0.0,0.0,0.0,0.72,0.72,0.71,0.74,0.71,0.75,0.75,0.74,0.73,0.74,0.75,0.72,0.0,0.0,0.72,0.74,0.74,0.73,0.72,0.74,0.72,0.0,0.72,0.75,0.73,0.74,0.74,0.73,0.75
6421,0.0,0.76,0.76,0.0,0.0,0.74,0.0,0.0,0.74,0.77,0.73,0.77,0.76,0.74,0.75,0.75,0.76,0.76,0.76,0.75,0.78,0.75,0.69,0.76,0.75,0.75,0.0,0.0,0.74,0.75,0.74,0.0,0.0,0.0,0.0,0.75,0.76,0.74,0.77,0.73,0.78,0.77,0.76,0.76,0.76,0.77,0.74,0.0,0.0,0.74,0.78,0.77,0.76,0.75,0.77,0.75,0.0,0.76,0.77,0.76,0.78,0.77,0.76,0.78
6422,0.0,0.8,0.8,0.0,0.0,0.79,0.0,0.0,0.78,0.81,0.78,0.82,0.75,0.79,0.8,0.8,0.82,0.81,0.82,0.79,0.82,0.79,0.79,0.8,0.8,0.8,0.0,0.0,0.78,0.8,0.78,0.0,0.0,0.0,0.0,0.8,0.8,0.77,0.81,0.77,0.82,0.81,0.8,0.79,0.8,0.81,0.8,0.0,0.0,0.8,0.82,0.81,0.81,0.8,0.82,0.79,0.0,0.8,0.81,0.8,0.82,0.81,0.8,0.82
6423,0.0,0.8,0.8,0.0,0.0,0.8,0.0,0.0,0.79,0.82,0.77,0.82,0.81,0.8,0.8,0.8,0.82,0.82,0.83,0.79,0.82,0.8,0.81,0.81,0.8,0.81,0.0,0.0,0.79,0.81,0.8,0.0,0.0,0.0,0.0,0.8,0.81,0.79,0.81,0.79,0.82,0.81,0.8,0.8,0.81,0.81,0.8,0.0,0.0,0.8,0.82,0.82,0.81,0.8,0.82,0.79,0.0,0.8,0.82,0.81,0.83,0.82,0.81,0.82
6424,0.0,0.81,0.81,0.0,0.0,0.8,0.0,0.0,0.79,0.82,0.77,0.83,0.81,0.8,0.8,0.79,0.82,0.82,0.83,0.79,0.82,0.8,0.81,0.81,0.81,0.81,0.0,0.0,0.81,0.81,0.81,0.0,0.0,0.0,0.0,0.81,0.81,0.79,0.81,0.81,0.82,0.81,0.81,0.81,0.81,0.82,0.81,0.0,0.0,0.81,0.82,0.82,0.81,0.81,0.82,0.8,0.0,0.8,0.81,0.81,0.83,0.82,0.82,0.82
6425,0.0,0.8,0.8,0.0,0.0,0.8,0.0,0.0,0.77,0.8,0.78,0.81,0.79,0.79,0.79,0.78,0.81,0.81,0.82,0.78,0.82,0.79,0.8,0.79,0.81,0.81,0.0,0.0,0.8,0.8,0.8,0.0,0.0,0.0,0.0,0.8,0.8,0.79,0.8,0.79,0.82,0.8,0.8,0.79,0.79,0.81,0.8,0.0,0.0,0.8,0.82,0.82,0.8,0.8,0.81,0.78,0.0,0.8,0.81,0.81,0.82,0.81,0.82,0.82
6426,0.0,0.77,0.78,0.0,0.0,0.78,0.0,0.0,0.75,0.73,0.76,0.79,0.76,0.76,0.76,0.76,0.78,0.78,0.78,0.76,0.72,0.76,0.76,0.76,0.79,0.77,0.0,0.0,0.77,0.78,0.77,0.0,0.0,0.0,0.0,0.77,0.78,0.77,0.79,0.76,0.79,0.78,0.78,0.76,0.77,0.79,0.78,0.0,0.0,0.78,0.8,0.8,0.78,0.78,0.79,0.76,0.0,0.77,0.79,0.78,0.8,0.8,0.8,0.8
6427,0.0,0.72,0.72,0.0,0.0,0.73,0.0,0.0,0.71,0.72,0.71,0.72,0.7,0.7,0.7,0.71,0.73,0.7,0.69,0.7,0.73,0.7,0.7,0.71,0.74,0.73,0.0,0.0,0.72,0.72,0.72,0.0,0.0,0.0,0.0,0.72,0.71,0.72,0.74,0.71,0.73,0.74,0.72,0.71,0.72,0.74,0.73,0.0,0.0,0.73,0.75,0.73,0.72,0.73,0.73,0.7,0.0,0.71,0.74,0.72,0.75,0.74,0.72,0.75
6428,0.0,0.38,0.35,0.0,0.0,0.44,0.0,0.0,0.54,0.51,0.51,0.55,0.48,0.52,0.52,0.53,0.56,0.51,0.52,0.53,0.54,0.52,0.48,0.55,0.52,0.41,0.0,0.0,0.58,0.4,0.48,0.0,0.0,0.0,0.0,0.58,0.56,0.55,0.57,0.52,0.58,0.52,0.43,0.52,0.56,0.44,0.45,0.0,0.0,0.5,0.46,0.61,0.56,0.55,0.55,0.54,0.0,0.56,0.49,0.56,0.35,0.52,0.6,0.41
6429,0.0,0.13,0.04,0.0,0.0,0.15,0.0,0.0,0.2,0.16,0.22,0.22,0.13,0.17,0.17,0.18,0.23,0.14,0.15,0.19,0.18,0.16,0.12,0.23,0.22,0.26,0.0,0.0,0.24,0.2,0.29,0.0,0.0,0.0,0.0,0.2,0.19,0.24,0.27,0.24,0.23,0.26,0.26,0.2,0.24,0.27,0.16,0.0,0.0,0.16,0.29,0.18,0.27,0.29,0.26,0.26,0.0,0.23,0.29,0.28,0.29,0.29,0.17,0.29
6430,0.0,0.0,0.0,0.0,0.0,0.0,0.0,0.0,0.0,0.0,0.0,0.0,0.0,0.0,0.0,0.0,0.0,0.0,0.0,0.0,0.0,0.0,0.0,0.0,0.0,0.0,0.0,0.0,0.0,0.0,0.0,0.0,0.0,0.0,0.0,0.0,0.0,0.0,0.0,0.0,0.0,0.0,0.0,0.0,0.0,0.0,0.0,0.0,0.0,0.0,0.0,0.0,0.0,0.0,0.0,0.0,0.0,0.0,0.0,0.0,0.0,0.0,0.0,0.0
6431,0.0,0.0,0.0,0.0,0.0,0.0,0.0,0.0,0.0,0.0,0.0,0.0,0.0,0.0,0.0,0.0,0.0,0.0,0.0,0.0,0.0,0.0,0.0,0.0,0.0,0.0,0.0,0.0,0.0,0.0,0.0,0.0,0.0,0.0,0.0,0.0,0.0,0.0,0.0,0.0,0.0,0.0,0.0,0.0,0.0,0.0,0.0,0.0,0.0,0.0,0.0,0.0,0.0,0.0,0.0,0.0,0.0,0.0,0.0,0.0,0.0,0.0,0.0,0.0
6432,0.0,0.0,0.0,0.0,0.0,0.0,0.0,0.0,0.0,0.0,0.0,0.0,0.0,0.0,0.0,0.0,0.0,0.0,0.0,0.0,0.0,0.0,0.0,0.0,0.0,0.0,0.0,0.0,0.0,0.0,0.0,0.0,0.0,0.0,0.0,0.0,0.0,0.0,0.0,0.0,0.0,0.0,0.0,0.0,0.0,0.0,0.0,0.0,0.0,0.0,0.0,0.0,0.0,0.0,0.0,0.0,0.0,0.0,0.0,0.0,0.0,0.0,0.0,0.0
6433,0.0,0.0,0.0,0.0,0.0,0.0,0.0,0.0,0.0,0.0,0.0,0.0,0.0,0.0,0.0,0.0,0.0,0.0,0.0,0.0,0.0,0.0,0.0,0.0,0.0,0.0,0.0,0.0,0.0,0.0,0.0,0.0,0.0,0.0,0.0,0.0,0.0,0.0,0.0,0.0,0.0,0.0,0.0,0.0,0.0,0.0,0.0,0.0,0.0,0.0,0.0,0.0,0.0,0.0,0.0,0.0,0.0,0.0,0.0,0.0,0.0,0.0,0.0,0.0
6434,0.0,0.0,0.0,0.0,0.0,0.0,0.0,0.0,0.0,0.0,0.0,0.0,0.0,0.0,0.0,0.0,0.0,0.0,0.0,0.0,0.0,0.0,0.0,0.0,0.0,0.0,0.0,0.0,0.0,0.0,0.0,0.0,0.0,0.0,0.0,0.0,0.0,0.0,0.0,0.0,0.0,0.0,0.0,0.0,0.0,0.0,0.0,0.0,0.0,0.0,0.0,0.0,0.0,0.0,0.0,0.0,0.0,0.0,0.0,0.0,0.0,0.0,0.0,0.0
6435,0.0,0.0,0.0,0.0,0.0,0.0,0.0,0.0,0.0,0.0,0.0,0.0,0.0,0.0,0.0,0.0,0.0,0.0,0.0,0.0,0.0,0.0,0.0,0.0,0.0,0.0,0.0,0.0,0.0,0.0,0.0,0.0,0.0,0.0,0.0,0.0,0.0,0.0,0.0,0.0,0.0,0.0,0.0,0.0,0.0,0.0,0.0,0.0,0.0,0.0,0.0,0.0,0.0,0.0,0.0,0.0,0.0,0.0,0.0,0.0,0.0,0.0,0.0,0.0
6436,0.0,0.0,0.0,0.0,0.0,0.0,0.0,0.0,0.0,0.0,0.0,0.0,0.0,0.0,0.0,0.0,0.0,0.0,0.0,0.0,0.0,0.0,0.0,0.0,0.0,0.0,0.0,0.0,0.0,0.0,0.0,0.0,0.0,0.0,0.0,0.0,0.0,0.0,0.0,0.0,0.0,0.0,0.0,0.0,0.0,0.0,0.0,0.0,0.0,0.0,0.0,0.0,0.0,0.0,0.0,0.0,0.0,0.0,0.0,0.0,0.0,0.0,0.0,0.0
6437,0.0,0.0,0.0,0.0,0.0,0.0,0.0,0.0,0.0,0.0,0.0,0.0,0.0,0.0,0.0,0.0,0.0,0.0,0.0,0.0,0.0,0.0,0.0,0.0,0.0,0.0,0.0,0.0,0.0,0.0,0.0,0.0,0.0,0.0,0.0,0.0,0.0,0.0,0.0,0.0,0.0,0.0,0.0,0.0,0.0,0.0,0.0,0.0,0.0,0.0,0.0,0.0,0.0,0.0,0.0,0.0,0.0,0.0,0.0,0.0,0.0,0.0,0.0,0.0
6438,0.0,0.0,0.0,0.0,0.0,0.0,0.0,0.0,0.0,0.0,0.0,0.0,0.0,0.0,0.0,0.0,0.0,0.0,0.0,0.0,0.0,0.0,0.0,0.0,0.0,0.0,0.0,0.0,0.0,0.0,0.0,0.0,0.0,0.0,0.0,0.0,0.0,0.0,0.0,0.0,0.0,0.0,0.0,0.0,0.0,0.0,0.0,0.0,0.0,0.0,0.0,0.0,0.0,0.0,0.0,0.0,0.0,0.0,0.0,0.0,0.0,0.0,0.0,0.0
6439,0.0,0.0,0.0,0.0,0.0,0.0,0.0,0.0,0.0,0.0,0.0,0.0,0.0,0.0,0.0,0.0,0.0,0.0,0.0,0.0,0.0,0.0,0.0,0.0,0.0,0.0,0.0,0.0,0.0,0.0,0.0,0.0,0.0,0.0,0.0,0.0,0.0,0.0,0.0,0.0,0.0,0.0,0.0,0.0,0.0,0.0,0.0,0.0,0.0,0.0,0.0,0.0,0.0,0.0,0.0,0.0,0.0,0.0,0.0,0.0,0.0,0.0,0.0,0.0
6440,0.0,0.0,0.0,0.0,0.0,0.0,0.0,0.0,0.0,0.0,0.0,0.0,0.0,0.0,0.0,0.0,0.0,0.0,0.0,0.0,0.0,0.0,0.0,0.0,0.0,0.0,0.0,0.0,0.0,0.0,0.0,0.0,0.0,0.0,0.0,0.0,0.0,0.0,0.0,0.0,0.0,0.0,0.0,0.0,0.0,0.0,0.0,0.0,0.0,0.0,0.0,0.0,0.0,0.0,0.0,0.0,0.0,0.0,0.0,0.0,0.0,0.0,0.0,0.0
6441,0.0,0.0,0.0,0.0,0.0,0.0,0.0,0.0,0.0,0.0,0.0,0.0,0.0,0.0,0.0,0.0,0.0,0.0,0.0,0.0,0.0,0.0,0.0,0.0,0.0,0.0,0.0,0.0,0.0,0.0,0.0,0.0,0.0,0.0,0.0,0.0,0.0,0.0,0.0,0.0,0.0,0.0,0.0,0.0,0.0,0.0,0.0,0.0,0.0,0.0,0.0,0.0,0.0,0.0,0.0,0.0,0.0,0.0,0.0,0.0,0.0,0.0,0.0,0.0
6442,0.0,0.0,0.0,0.0,0.0,0.0,0.0,0.0,0.01,0.13,0.01,0.1,0.11,0.07,0.06,0.06,0.07,0.15,0.15,0.06,0.1,0.08,0.08,0.0,0.0,0.0,0.0,0.0,0.0,0.0,0.0,0.0,0.0,0.0,0.0,0.0,0.0,0.0,0.0,0.0,0.0,0.0,0.0,0.0,0.0,0.0,0.0,0.0,0.0,0.0,0.0,0.0,0.0,0.0,0.0,0.0,0.0,0.0,0.0,0.0,0.0,0.0,0.0,0.0
6443,0.0,0.0,0.0,0.0,0.0,0.01,0.0,0.0,0.02,0.07,0.02,0.24,0.59,0.08,0.02,0.38,0.05,0.44,0.47,0.25,0.46,0.1,0.58,0.01,0.0,0.0,0.0,0.0,0.0,0.0,0.0,0.0,0.0,0.0,0.0,0.0,0.05,0.05,0.0,0.13,0.03,0.01,0.01,0.01,0.01,0.0,0.0,0.0,0.0,0.0,0.03,0.0,0.05,0.08,0.01,0.08,0.0,0.02,0.05,0.02,0.03,0.03,0.0,0.03
6444,0.0,0.01,0.01,0.0,0.0,0.02,0.0,0.0,0.04,0.04,0.07,0.31,0.67,0.05,0.06,0.05,0.1,0.2,0.11,0.03,0.1,0.14,0.67,0.03,0.0,0.0,0.0,0.0,0.0,0.01,0.0,0.0,0.0,0.0,0.0,0.01,0.01,0.06,0.01,0.19,0.01,0.01,0.0,0.01,0.02,0.01,0.04,0.0,0.0,0.03,0.04,0.05,0.04,0.06,0.04,0.04,0.0,0.23,0.05,0.03,0.02,0.04,0.02,0.01
6445,0.0,0.0,0.0,0.0,0.0,0.01,0.0,0.0,0.22,0.06,0.08,0.08,0.43,0.1,0.24,0.2,0.04,0.32,0.32,0.15,0.44,0.07,0.45,0.02,0.2,0.0,0.0,0.0,0.01,0.0,0.0,0.0,0.0,0.0,0.0,0.0,0.09,0.07,0.01,0.08,0.02,0.02,0.01,0.02,0.03,0.02,0.01,0.0,0.0,0.01,0.01,0.04,0.1,0.04,0.18,0.02,0.0,0.05,0.0,0.07,0.01,0.01,0.01,0.0
6446,0.0,0.01,0.02,0.0,0.0,0.0,0.0,0.0,0.14,0.28,0.09,0.36,0.17,0.29,0.16,0.23,0.12,0.18,0.16,0.07,0.17,0.23,0.29,0.06,0.02,0.02,0.0,0.0,0.0,0.01,0.01,0.0,0.0,0.0,0.0,0.01,0.02,0.02,0.01,0.02,0.03,0.03,0.01,0.02,0.07,0.01,0.01,0.0,0.0,0.01,0.0,0.04,0.13,0.01,0.21,0.06,0.0,0.03,0.01,0.06,0.0,0.01,0.01,0.0
6447,0.0,0.04,0.05,0.0,0.0,0.02,0.0,0.0,0.02,0.3,0.05,0.1,0.38,0.05,0.2,0.16,0.08,0.44,0.41,0.09,0.29,0.08,0.29,0.02,0.03,0.03,0.0,0.0,0.01,0.04,0.02,0.0,0.0,0.0,0.0,0.03,0.0,0.07,0.01,0.08,0.02,0.01,0.01,0.01,0.01,0.01,0.03,0.0,0.0,0.02,0.01,0.03,0.01,0.01,0.1,0.02,0.0,0.01,0.01,0.04,0.02,0.01,0.01,0.01
6448,0.0,0.05,0.06,0.0,0.0,0.11,0.0,0.0,0.01,0.38,0.04,0.24,0.09,0.18,0.13,0.32,0.03,0.24,0.17,0.1,0.25,0.09,0.14,0.01,0.01,0.05,0.0,0.0,0.02,0.05,0.04,0.0,0.0,0.0,0.0,0.04,0.0,0.02,0.01,0.04,0.02,0.01,0.01,0.01,0.02,0.01,0.1,0.0,0.0,0.07,0.01,0.03,0.02,0.01,0.14,0.01,0.0,0.01,0.01,0.03,0.01,0.01,0.02,0.01
6449,0.0,0.03,0.05,0.0,0.0,0.07,0.0,0.0,0.01,0.09,0.01,0.01,0.18,0.04,0.09,0.02,0.02,0.3,0.52,0.01,0.66,0.52,0.48,0.01,0.01,0.06,0.0,0.0,0.02,0.02,0.05,0.0,0.0,0.0,0.0,0.03,0.01,0.01,0.01,0.01,0.01,0.01,0.01,0.01,0.01,0.01,0.08,0.0,0.0,0.16,0.02,0.03,0.01,0.04,0.01,0.01,0.0,0.04,0.01,0.01,0.01,0.02,0.02,0.01
6450,0.0,0.07,0.1,0.0,0.0,0.11,0.0,0.0,0.0,0.05,0.0,0.01,0.32,0.01,0.01,0.01,0.02,0.04,0.08,0.01,0.05,0.01,0.1,0.01,0.2,0.06,0.0,0.0,0.03,0.05,0.05,0.0,0.0,0.0,0.0,0.03,0.01,0.01,0.0,0.01,0.0,0.0,0.01,0.0,0.01,0.0,0.09,0.0,0.0,0.22,0.01,0.03,0.02,0.02,0.02,0.02,0.0,0.01,0.01,0.01,0.01,0.01,0.01,0.01
6451,0.0,0.04,0.2,0.0,0.0,0.06,0.0,0.0,0.0,0.52,0.0,0.01,0.0,0.0,0.0,0.0,0.01,0.02,0.01,0.0,0.01,0.0,0.01,0.01,0.16,0.01,0.0,0.0,0.02,0.04,0.0,0.0,0.0,0.0,0.0,0.04,0.0,0.0,0.01,0.0,0.01,0.01,0.0,0.01,0.01,0.01,0.04,0.0,0.0,0.04,0.01,0.01,0.01,0.02,0.02,0.08,0.0,0.01,0.01,0.02,0.01,0.01,0.01,0.01
6452,0.0,0.03,0.04,0.0,0.0,0.04,0.0,0.0,0.0,0.0,0.0,0.0,0.0,0.0,0.0,0.0,0.0,0.0,0.0,0.0,0.0,0.0,0.0,0.0,0.3,0.02,0.0,0.0,0.0,0.04,0.02,0.0,0.0,0.0,0.0,0.0,0.0,0.0,0.0,0.0,0.0,0.0,0.0,0.0,0.0,0.0,0.01,0.0,0.0,0.01,0.01,0.01,0.01,0.02,0.0,0.03,0.0,0.01,0.0,0.01,0.01,0.01,0.0,0.0
6453,0.0,0.02,0.02,0.0,0.0,0.02,0.0,0.0,0.0,0.0,0.0,0.0,0.0,0.0,0.0,0.0,0.0,0.0,0.0,0.0,0.0,0.0,0.0,0.0,0.0,0.0,0.0,0.0,0.0,0.03,0.0,0.0,0.0,0.0,0.0,0.0,0.0,0.0,0.0,0.0,0.0,0.0,0.0,0.0,0.0,0.0,0.01,0.0,0.0,0.01,0.0,0.0,0.0,0.0,0.0,0.04,0.0,0.0,0.0,0.0,0.0,0.0,0.0,0.0
6454,0.0,0.0,0.0,0.0,0.0,0.0,0.0,0.0,0.0,0.0,0.0,0.0,0.0,0.0,0.0,0.0,0.0,0.0,0.0,0.0,0.0,0.0,0.0,0.0,0.0,0.0,0.0,0.0,0.0,0.0,0.0,0.0,0.0,0.0,0.0,0.0,0.0,0.0,0.0,0.0,0.0,0.0,0.0,0.0,0.0,0.0,0.0,0.0,0.0,0.0,0.0,0.0,0.0,0.0,0.0,0.0,0.0,0.0,0.0,0.0,0.0,0.0,0.0,0.0
6455,0.0,0.0,0.0,0.0,0.0,0.0,0.0,0.0,0.0,0.0,0.0,0.0,0.0,0.0,0.0,0.0,0.0,0.0,0.0,0.0,0.0,0.0,0.0,0.0,0.0,0.0,0.0,0.0,0.0,0.0,0.0,0.0,0.0,0.0,0.0,0.0,0.0,0.0,0.0,0.0,0.0,0.0,0.0,0.0,0.0,0.0,0.0,0.0,0.0,0.0,0.0,0.0,0.0,0.0,0.0,0.0,0.0,0.0,0.0,0.0,0.0,0.0,0.0,0.0
6456,0.0,0.0,0.0,0.0,0.0,0.0,0.0,0.0,0.0,0.0,0.0,0.0,0.0,0.0,0.0,0.0,0.0,0.0,0.0,0.0,0.0,0.0,0.0,0.0,0.0,0.0,0.0,0.0,0.0,0.0,0.0,0.0,0.0,0.0,0.0,0.0,0.0,0.0,0.0,0.0,0.0,0.0,0.0,0.0,0.0,0.0,0.0,0.0,0.0,0.0,0.0,0.0,0.0,0.0,0.0,0.0,0.0,0.0,0.0,0.0,0.0,0.0,0.0,0.0
6457,0.0,0.0,0.0,0.0,0.0,0.0,0.0,0.0,0.0,0.0,0.0,0.0,0.0,0.0,0.0,0.0,0.0,0.0,0.0,0.0,0.0,0.0,0.0,0.0,0.0,0.0,0.0,0.0,0.0,0.0,0.0,0.0,0.0,0.0,0.0,0.0,0.0,0.0,0.0,0.0,0.0,0.0,0.0,0.0,0.0,0.0,0.0,0.0,0.0,0.0,0.0,0.0,0.0,0.0,0.0,0.0,0.0,0.0,0.0,0.0,0.0,0.0,0.0,0.0
6458,0.0,0.0,0.0,0.0,0.0,0.0,0.0,0.0,0.0,0.0,0.0,0.0,0.0,0.0,0.0,0.0,0.0,0.0,0.0,0.0,0.0,0.0,0.0,0.0,0.0,0.0,0.0,0.0,0.0,0.0,0.0,0.0,0.0,0.0,0.0,0.0,0.0,0.0,0.0,0.0,0.0,0.0,0.0,0.0,0.0,0.0,0.0,0.0,0.0,0.0,0.0,0.0,0.0,0.0,0.0,0.0,0.0,0.0,0.0,0.0,0.0,0.0,0.0,0.0
6459,0.0,0.0,0.0,0.0,0.0,0.0,0.0,0.0,0.0,0.0,0.0,0.0,0.0,0.0,0.0,0.0,0.0,0.0,0.0,0.0,0.0,0.0,0.0,0.0,0.0,0.0,0.0,0.0,0.0,0.0,0.0,0.0,0.0,0.0,0.0,0.0,0.0,0.0,0.0,0.0,0.0,0.0,0.0,0.0,0.0,0.0,0.0,0.0,0.0,0.0,0.0,0.0,0.0,0.0,0.0,0.0,0.0,0.0,0.0,0.0,0.0,0.0,0.0,0.0
6460,0.0,0.0,0.0,0.0,0.0,0.0,0.0,0.0,0.0,0.0,0.0,0.0,0.0,0.0,0.0,0.0,0.0,0.0,0.0,0.0,0.0,0.0,0.0,0.0,0.0,0.0,0.0,0.0,0.0,0.0,0.0,0.0,0.0,0.0,0.0,0.0,0.0,0.0,0.0,0.0,0.0,0.0,0.0,0.0,0.0,0.0,0.0,0.0,0.0,0.0,0.0,0.0,0.0,0.0,0.0,0.0,0.0,0.0,0.0,0.0,0.0,0.0,0.0,0.0
6461,0.0,0.0,0.0,0.0,0.0,0.0,0.0,0.0,0.0,0.0,0.0,0.0,0.0,0.0,0.0,0.0,0.0,0.0,0.0,0.0,0.0,0.0,0.0,0.0,0.0,0.0,0.0,0.0,0.0,0.0,0.0,0.0,0.0,0.0,0.0,0.0,0.0,0.0,0.0,0.0,0.0,0.0,0.0,0.0,0.0,0.0,0.0,0.0,0.0,0.0,0.0,0.0,0.0,0.0,0.0,0.0,0.0,0.0,0.0,0.0,0.0,0.0,0.0,0.0
6462,0.0,0.0,0.0,0.0,0.0,0.0,0.0,0.0,0.0,0.0,0.0,0.0,0.0,0.0,0.0,0.0,0.0,0.0,0.0,0.0,0.0,0.0,0.0,0.0,0.0,0.0,0.0,0.0,0.0,0.0,0.0,0.0,0.0,0.0,0.0,0.0,0.0,0.0,0.0,0.0,0.0,0.0,0.0,0.0,0.0,0.0,0.0,0.0,0.0,0.0,0.0,0.0,0.0,0.0,0.0,0.0,0.0,0.0,0.0,0.0,0.0,0.0,0.0,0.0
6463,0.0,0.0,0.0,0.0,0.0,0.0,0.0,0.0,0.0,0.0,0.0,0.0,0.0,0.0,0.0,0.0,0.0,0.0,0.0,0.0,0.0,0.0,0.0,0.0,0.0,0.0,0.0,0.0,0.0,0.0,0.0,0.0,0.0,0.0,0.0,0.0,0.0,0.0,0.0,0.0,0.0,0.0,0.0,0.0,0.0,0.0,0.0,0.0,0.0,0.0,0.0,0.0,0.0,0.0,0.0,0.0,0.0,0.0,0.0,0.0,0.0,0.0,0.0,0.0
6464,0.0,0.0,0.0,0.0,0.0,0.0,0.0,0.0,0.0,0.0,0.0,0.0,0.0,0.0,0.0,0.0,0.0,0.0,0.0,0.0,0.0,0.0,0.0,0.0,0.0,0.0,0.0,0.0,0.0,0.0,0.0,0.0,0.0,0.0,0.0,0.0,0.0,0.0,0.0,0.0,0.0,0.0,0.0,0.0,0.0,0.0,0.0,0.0,0.0,0.0,0.0,0.0,0.0,0.0,0.0,0.0,0.0,0.0,0.0,0.0,0.0,0.0,0.0,0.0
6465,0.0,0.0,0.0,0.0,0.0,0.0,0.0,0.0,0.0,0.0,0.0,0.0,0.0,0.0,0.0,0.0,0.0,0.0,0.0,0.0,0.0,0.0,0.0,0.0,0.0,0.0,0.0,0.0,0.0,0.0,0.0,0.0,0.0,0.0,0.0,0.0,0.0,0.0,0.0,0.0,0.0,0.0,0.0,0.0,0.0,0.0,0.0,0.0,0.0,0.0,0.0,0.0,0.0,0.0,0.0,0.0,0.0,0.0,0.0,0.0,0.0,0.0,0.0,0.0
6466,0.0,0.0,0.0,0.0,0.0,0.0,0.0,0.0,0.0,0.0,0.0,0.05,0.01,0.09,0.01,0.0,0.0,0.0,0.0,0.06,0.0,0.09,0.01,0.0,0.0,0.0,0.0,0.0,0.0,0.0,0.0,0.0,0.0,0.0,0.0,0.0,0.0,0.03,0.0,0.03,0.0,0.0,0.0,0.01,0.0,0.0,0.0,0.0,0.0,0.0,0.0,0.0,0.0,0.0,0.0,0.0,0.0,0.0,0.0,0.0,0.0,0.0,0.0,0.0
6467,0.0,0.47,0.46,0.0,0.0,0.12,0.0,0.0,0.13,0.01,0.26,0.51,0.02,0.54,0.15,0.12,0.19,0.03,0.05,0.52,0.01,0.55,0.04,0.52,0.17,0.49,0.0,0.0,0.49,0.47,0.48,0.0,0.0,0.0,0.0,0.04,0.52,0.55,0.1,0.51,0.11,0.12,0.15,0.51,0.53,0.14,0.14,0.0,0.0,0.14,0.43,0.25,0.1,0.32,0.02,0.32,0.0,0.21,0.32,0.02,0.09,0.36,0.51,0.24
6468,0.0,0.64,0.64,0.0,0.0,0.41,0.0,0.0,0.54,0.02,0.65,0.05,0.21,0.66,0.68,0.66,0.53,0.05,0.03,0.65,0.45,0.66,0.15,0.66,0.06,0.68,0.0,0.0,0.67,0.65,0.66,0.0,0.0,0.0,0.0,0.66,0.66,0.7,0.68,0.7,0.21,0.68,0.69,0.66,0.67,0.69,0.65,0.0,0.0,0.52,0.71,0.7,0.52,0.61,0.06,0.58,0.0,0.54,0.68,0.16,0.72,0.7,0.7,0.71
6469,0.0,0.68,0.68,0.0,0.0,0.53,0.0,0.0,0.68,0.02,0.69,0.17,0.38,0.71,0.71,0.7,0.72,0.06,0.05,0.7,0.57,0.71,0.44,0.71,0.59,0.7,0.0,0.0,0.7,0.67,0.69,0.0,0.0,0.0,0.0,0.69,0.71,0.75,0.72,0.75,0.74,0.72,0.72,0.71,0.72,0.73,0.69,0.0,0.0,0.69,0.78,0.74,0.41,0.63,0.21,0.67,0.0,0.57,0.76,0.31,0.77,0.77,0.72,0.77
6470,0.0,0.7,0.56,0.0,0.0,0.24,0.0,0.0,0.73,0.05,0.73,0.48,0.75,0.73,0.73,0.72,0.73,0.26,0.09,0.72,0.28,0.74,0.49,0.73,0.41,0.71,0.0,0.0,0.28,0.7,0.71,0.0,0.0,0.0,0.0,0.71,0.73,0.71,0.74,0.71,0.74,0.74,0.73,0.73,0.74,0.74,0.23,0.0,0.0,0.22,0.77,0.22,0.78,0.76,0.35,0.69,0.0,0.75,0.76,0.51,0.23,0.77,0.26,0.34
6471,0.0,0.28,0.28,0.0,0.0,0.26,0.0,0.0,0.69,0.06,0.74,0.77,0.74,0.66,0.69,0.72,0.75,0.78,0.79,0.64,0.27,0.67,0.75,0.73,0.38,0.36,0.0,0.0,0.72,0.38,0.73,0.0,0.0,0.0,0.0,0.71,0.73,0.77,0.74,0.75,0.77,0.74,0.73,0.71,0.74,0.74,0.16,0.0,0.0,0.18,0.08,0.04,0.76,0.3,0.49,0.75,0.0,0.75,0.05,0.77,0.04,0.24,0.74,0.04
6472,0.0,0.28,0.25,0.0,0.0,0.42,0.0,0.0,0.74,0.27,0.74,0.74,0.7,0.74,0.73,0.73,0.73,0.76,0.78,0.73,0.36,0.68,0.74,0.7,0.25,0.07,0.0,0.0,0.06,0.3,0.1,0.0,0.0,0.0,0.0,0.25,0.73,0.41,0.69,0.38,0.5,0.72,0.72,0.42,0.73,0.69,0.49,0.0,0.0,0.56,0.64,0.09,0.04,0.2,0.72,0.18,0.0,0.16,0.54,0.64,0.08,0.64,0.07,0.2
6473,0.0,0.11,0.1,0.0,0.0,0.23,0.0,0.0,0.73,0.1,0.7,0.35,0.72,0.72,0.72,0.59,0.04,0.73,0.72,0.71,0.53,0.72,0.7,0.14,0.15,0.05,0.0,0.0,0.08,0.07,0.05,0.0,0.0,0.0,0.0,0.08,0.12,0.12,0.06,0.09,0.11,0.06,0.04,0.18,0.14,0.05,0.32,0.0,0.0,0.26,0.04,0.05,0.02,0.11,0.05,0.27,0.0,0.14,0.04,0.06,0.1,0.03,0.08,0.06
6474,0.0,0.03,0.03,0.0,0.0,0.22,0.0,0.0,0.06,0.09,0.04,0.71,0.69,0.17,0.07,0.07,0.27,0.12,0.07,0.07,0.66,0.19,0.69,0.04,0.16,0.02,0.0,0.0,0.01,0.02,0.01,0.0,0.0,0.0,0.0,0.02,0.02,0.05,0.03,0.07,0.03,0.04,0.03,0.02,0.03,0.03,0.2,0.0,0.0,0.15,0.03,0.03,0.05,0.02,0.01,0.05,0.0,0.03,0.03,0.01,0.02,0.04,0.02,0.03
6475,0.0,0.02,0.03,0.0,0.0,0.08,0.0,0.0,0.06,0.05,0.07,0.04,0.03,0.01,0.01,0.02,0.04,0.45,0.35,0.03,0.01,0.01,0.02,0.0,0.09,0.01,0.0,0.0,0.01,0.02,0.0,0.0,0.0,0.0,0.0,0.01,0.0,0.02,0.01,0.02,0.01,0.0,0.01,0.01,0.0,0.01,0.08,0.0,0.0,0.06,0.0,0.04,0.01,0.03,0.02,0.02,0.0,0.03,0.02,0.02,0.01,0.01,0.01,0.01
6476,0.0,0.02,0.02,0.0,0.0,0.01,0.0,0.0,0.0,0.05,0.0,0.0,0.01,0.01,0.01,0.0,0.01,0.04,0.04,0.01,0.0,0.01,0.01,0.01,0.03,0.01,0.0,0.0,0.0,0.01,0.0,0.0,0.0,0.0,0.0,0.01,0.0,0.01,0.0,0.0,0.0,0.0,0.05,0.01,0.0,0.0,0.01,0.0,0.0,0.01,0.03,0.02,0.0,0.04,0.04,0.01,0.0,0.48,0.01,0.02,0.02,0.0,0.02,0.01
6477,0.0,0.01,0.09,0.0,0.0,0.0,0.0,0.0,0.0,0.0,0.0,0.0,0.0,0.0,0.0,0.0,0.0,0.0,0.0,0.0,0.0,0.0,0.0,0.0,0.0,0.0,0.0,0.0,0.0,0.04,0.0,0.0,0.0,0.0,0.0,0.0,0.0,0.0,0.0,0.0,0.0,0.0,0.0,0.0,0.0,0.0,0.0,0.0,0.0,0.0,0.0,0.0,0.0,0.0,0.0,0.0,0.0,0.0,0.0,0.0,0.0,0.0,0.0,0.0
6478,0.0,0.0,0.0,0.0,0.0,0.0,0.0,0.0,0.0,0.0,0.0,0.0,0.0,0.0,0.0,0.0,0.0,0.0,0.0,0.0,0.0,0.0,0.0,0.0,0.0,0.0,0.0,0.0,0.0,0.0,0.0,0.0,0.0,0.0,0.0,0.0,0.0,0.0,0.0,0.0,0.0,0.0,0.0,0.0,0.0,0.0,0.0,0.0,0.0,0.0,0.0,0.0,0.0,0.0,0.0,0.0,0.0,0.0,0.0,0.0,0.0,0.0,0.0,0.0
6479,0.0,0.0,0.0,0.0,0.0,0.0,0.0,0.0,0.0,0.0,0.0,0.0,0.0,0.0,0.0,0.0,0.0,0.0,0.0,0.0,0.0,0.0,0.0,0.0,0.0,0.0,0.0,0.0,0.0,0.0,0.0,0.0,0.0,0.0,0.0,0.0,0.0,0.0,0.0,0.0,0.0,0.0,0.0,0.0,0.0,0.0,0.0,0.0,0.0,0.0,0.0,0.0,0.0,0.0,0.0,0.0,0.0,0.0,0.0,0.0,0.0,0.0,0.0,0.0
6480,0.0,0.0,0.0,0.0,0.0,0.0,0.0,0.0,0.0,0.0,0.0,0.0,0.0,0.0,0.0,0.0,0.0,0.0,0.0,0.0,0.0,0.0,0.0,0.0,0.0,0.0,0.0,0.0,0.0,0.0,0.0,0.0,0.0,0.0,0.0,0.0,0.0,0.0,0.0,0.0,0.0,0.0,0.0,0.0,0.0,0.0,0.0,0.0,0.0,0.0,0.0,0.0,0.0,0.0,0.0,0.0,0.0,0.0,0.0,0.0,0.0,0.0,0.0,0.0
6481,0.0,0.0,0.0,0.0,0.0,0.0,0.0,0.0,0.0,0.0,0.0,0.0,0.0,0.0,0.0,0.0,0.0,0.0,0.0,0.0,0.0,0.0,0.0,0.0,0.0,0.0,0.0,0.0,0.0,0.0,0.0,0.0,0.0,0.0,0.0,0.0,0.0,0.0,0.0,0.0,0.0,0.0,0.0,0.0,0.0,0.0,0.0,0.0,0.0,0.0,0.0,0.0,0.0,0.0,0.0,0.0,0.0,0.0,0.0,0.0,0.0,0.0,0.0,0.0
6482,0.0,0.0,0.0,0.0,0.0,0.0,0.0,0.0,0.0,0.0,0.0,0.0,0.0,0.0,0.0,0.0,0.0,0.0,0.0,0.0,0.0,0.0,0.0,0.0,0.0,0.0,0.0,0.0,0.0,0.0,0.0,0.0,0.0,0.0,0.0,0.0,0.0,0.0,0.0,0.0,0.0,0.0,0.0,0.0,0.0,0.0,0.0,0.0,0.0,0.0,0.0,0.0,0.0,0.0,0.0,0.0,0.0,0.0,0.0,0.0,0.0,0.0,0.0,0.0
6483,0.0,0.0,0.0,0.0,0.0,0.0,0.0,0.0,0.0,0.0,0.0,0.0,0.0,0.0,0.0,0.0,0.0,0.0,0.0,0.0,0.0,0.0,0.0,0.0,0.0,0.0,0.0,0.0,0.0,0.0,0.0,0.0,0.0,0.0,0.0,0.0,0.0,0.0,0.0,0.0,0.0,0.0,0.0,0.0,0.0,0.0,0.0,0.0,0.0,0.0,0.0,0.0,0.0,0.0,0.0,0.0,0.0,0.0,0.0,0.0,0.0,0.0,0.0,0.0
6484,0.0,0.0,0.0,0.0,0.0,0.0,0.0,0.0,0.0,0.0,0.0,0.0,0.0,0.0,0.0,0.0,0.0,0.0,0.0,0.0,0.0,0.0,0.0,0.0,0.0,0.0,0.0,0.0,0.0,0.0,0.0,0.0,0.0,0.0,0.0,0.0,0.0,0.0,0.0,0.0,0.0,0.0,0.0,0.0,0.0,0.0,0.0,0.0,0.0,0.0,0.0,0.0,0.0,0.0,0.0,0.0,0.0,0.0,0.0,0.0,0.0,0.0,0.0,0.0
6485,0.0,0.0,0.0,0.0,0.0,0.0,0.0,0.0,0.0,0.0,0.0,0.0,0.0,0.0,0.0,0.0,0.0,0.0,0.0,0.0,0.0,0.0,0.0,0.0,0.0,0.0,0.0,0.0,0.0,0.0,0.0,0.0,0.0,0.0,0.0,0.0,0.0,0.0,0.0,0.0,0.0,0.0,0.0,0.0,0.0,0.0,0.0,0.0,0.0,0.0,0.0,0.0,0.0,0.0,0.0,0.0,0.0,0.0,0.0,0.0,0.0,0.0,0.0,0.0
6486,0.0,0.0,0.0,0.0,0.0,0.0,0.0,0.0,0.0,0.0,0.0,0.0,0.0,0.0,0.0,0.0,0.0,0.0,0.0,0.0,0.0,0.0,0.0,0.0,0.0,0.0,0.0,0.0,0.0,0.0,0.0,0.0,0.0,0.0,0.0,0.0,0.0,0.0,0.0,0.0,0.0,0.0,0.0,0.0,0.0,0.0,0.0,0.0,0.0,0.0,0.0,0.0,0.0,0.0,0.0,0.0,0.0,0.0,0.0,0.0,0.0,0.0,0.0,0.0
6487,0.0,0.0,0.0,0.0,0.0,0.0,0.0,0.0,0.0,0.0,0.0,0.0,0.0,0.0,0.0,0.0,0.0,0.0,0.0,0.0,0.0,0.0,0.0,0.0,0.0,0.0,0.0,0.0,0.0,0.0,0.0,0.0,0.0,0.0,0.0,0.0,0.0,0.0,0.0,0.0,0.0,0.0,0.0,0.0,0.0,0.0,0.0,0.0,0.0,0.0,0.0,0.0,0.0,0.0,0.0,0.0,0.0,0.0,0.0,0.0,0.0,0.0,0.0,0.0
6488,0.0,0.0,0.0,0.0,0.0,0.0,0.0,0.0,0.0,0.0,0.0,0.0,0.0,0.0,0.0,0.0,0.0,0.0,0.0,0.0,0.0,0.0,0.0,0.0,0.0,0.0,0.0,0.0,0.0,0.0,0.0,0.0,0.0,0.0,0.0,0.0,0.0,0.0,0.0,0.0,0.0,0.0,0.0,0.0,0.0,0.0,0.0,0.0,0.0,0.0,0.0,0.0,0.0,0.0,0.0,0.0,0.0,0.0,0.0,0.0,0.0,0.0,0.0,0.0
6489,0.0,0.0,0.0,0.0,0.0,0.0,0.0,0.0,0.0,0.0,0.0,0.0,0.0,0.0,0.0,0.0,0.0,0.0,0.0,0.0,0.0,0.0,0.0,0.0,0.0,0.0,0.0,0.0,0.0,0.0,0.0,0.0,0.0,0.0,0.0,0.0,0.0,0.0,0.0,0.0,0.0,0.0,0.0,0.0,0.0,0.0,0.0,0.0,0.0,0.0,0.0,0.0,0.0,0.0,0.0,0.0,0.0,0.0,0.0,0.0,0.0,0.0,0.0,0.0
6490,0.0,0.01,0.0,0.0,0.0,0.03,0.0,0.0,0.12,0.0,0.11,0.12,0.0,0.0,0.01,0.01,0.1,0.0,0.0,0.13,0.0,0.0,0.0,0.1,0.12,0.01,0.0,0.0,0.01,0.01,0.01,0.0,0.0,0.0,0.0,0.02,0.1,0.1,0.02,0.1,0.0,0.03,0.03,0.1,0.1,0.02,0.03,0.0,0.0,0.09,0.0,0.0,0.01,0.0,0.02,0.0,0.0,0.0,0.01,0.01,0.0,0.0,0.01,0.0
6491,0.0,0.48,0.47,0.0,0.0,0.52,0.0,0.0,0.51,0.0,0.52,0.51,0.02,0.12,0.09,0.5,0.51,0.16,0.13,0.5,0.02,0.06,0.02,0.52,0.52,0.49,0.0,0.0,0.49,0.48,0.49,0.0,0.0,0.0,0.0,0.5,0.51,0.52,0.51,0.52,0.25,0.52,0.52,0.51,0.52,0.52,0.52,0.0,0.0,0.53,0.06,0.09,0.12,0.46,0.15,0.08,0.0,0.03,0.49,0.47,0.03,0.31,0.5,0.1
6492,0.0,0.73,0.73,0.0,0.0,0.71,0.0,0.0,0.71,0.05,0.71,0.7,0.07,0.68,0.68,0.68,0.69,0.68,0.67,0.66,0.3,0.68,0.03,0.71,0.72,0.72,0.0,0.0,0.72,0.73,0.72,0.0,0.0,0.0,0.0,0.72,0.72,0.73,0.72,0.72,0.19,0.73,0.73,0.71,0.72,0.73,0.71,0.0,0.0,0.72,0.06,0.43,0.71,0.71,0.15,0.68,0.0,0.24,0.73,0.7,0.06,0.65,0.73,0.73
6493,0.0,0.82,0.82,0.0,0.0,0.78,0.0,0.0,0.8,0.06,0.8,0.8,0.05,0.78,0.76,0.78,0.78,0.35,0.26,0.79,0.42,0.75,0.08,0.8,0.8,0.81,0.0,0.0,0.81,0.82,0.8,0.0,0.0,0.0,0.0,0.8,0.8,0.82,0.8,0.81,0.55,0.81,0.81,0.79,0.8,0.81,0.79,0.0,0.0,0.79,0.08,0.11,0.25,0.46,0.23,0.34,0.0,0.36,0.24,0.45,0.06,0.2,0.83,0.15
6494,0.0,0.84,0.84,0.0,0.0,0.82,0.0,0.0,0.82,0.1,0.82,0.84,0.78,0.83,0.82,0.82,0.84,0.5,0.55,0.82,0.3,0.82,0.78,0.83,0.82,0.85,0.0,0.0,0.84,0.85,0.84,0.0,0.0,0.0,0.0,0.83,0.83,0.85,0.84,0.85,0.42,0.84,0.84,0.82,0.83,0.85,0.82,0.0,0.0,0.82,0.12,0.13,0.45,0.31,0.23,0.15,0.0,0.54,0.3,0.36,0.12,0.25,0.86,0.25
6495,0.0,0.85,0.85,0.0,0.0,0.83,0.0,0.0,0.84,0.15,0.84,0.86,0.82,0.83,0.83,0.82,0.85,0.82,0.83,0.83,0.3,0.83,0.8,0.84,0.83,0.85,0.0,0.0,0.85,0.85,0.84,0.0,0.0,0.0,0.0,0.84,0.84,0.86,0.85,0.86,0.59,0.85,0.85,0.83,0.84,0.86,0.83,0.0,0.0,0.83,0.7,0.28,0.66,0.85,0.38,0.24,0.0,0.84,0.77,0.84,0.3,0.88,0.87,0.7
6496,0.0,0.85,0.86,0.0,0.0,0.84,0.0,0.0,0.84,0.16,0.84,0.86,0.82,0.83,0.83,0.83,0.85,0.82,0.83,0.83,0.13,0.83,0.81,0.84,0.84,0.86,0.0,0.0,0.85,0.85,0.84,0.0,0.0,0.0,0.0,0.84,0.84,0.86,0.85,0.86,0.86,0.85,0.84,0.83,0.84,0.86,0.83,0.0,0.0,0.84,0.88,0.49,0.85,0.86,0.57,0.64,0.0,0.84,0.88,0.84,0.65,0.88,0.87,0.88
6497,0.0,0.85,0.85,0.0,0.0,0.83,0.0,0.0,0.83,0.11,0.83,0.84,0.81,0.82,0.82,0.82,0.84,0.83,0.83,0.82,0.2,0.82,0.79,0.82,0.84,0.84,0.0,0.0,0.84,0.85,0.84,0.0,0.0,0.0,0.0,0.83,0.82,0.84,0.84,0.84,0.85,0.84,0.83,0.82,0.82,0.84,0.83,0.0,0.0,0.83,0.87,0.87,0.84,0.85,0.53,0.83,0.0,0.84,0.87,0.83,0.88,0.87,0.86,0.88
6498,0.0,0.81,0.81,0.0,0.0,0.8,0.0,0.0,0.79,0.09,0.79,0.8,0.76,0.78,0.78,0.78,0.8,0.78,0.79,0.78,0.04,0.78,0.75,0.78,0.8,0.81,0.0,0.0,0.8,0.81,0.8,0.0,0.0,0.0,0.0,0.79,0.78,0.81,0.8,0.8,0.82,0.8,0.79,0.78,0.78,0.81,0.8,0.0,0.0,0.8,0.84,0.83,0.81,0.82,0.8,0.79,0.0,0.81,0.83,0.8,0.84,0.84,0.82,0.84
6499,0.0,0.78,0.78,0.0,0.0,0.78,0.0,0.0,0.77,0.01,0.77,0.78,0.73,0.76,0.75,0.74,0.78,0.75,0.76,0.75,0.02,0.76,0.74,0.75,0.78,0.79,0.0,0.0,0.78,0.79,0.78,0.0,0.0,0.0,0.0,0.77,0.76,0.79,0.78,0.79,0.8,0.79,0.78,0.76,0.76,0.78,0.78,0.0,0.0,0.78,0.81,0.8,0.8,0.8,0.78,0.77,0.0,0.79,0.8,0.78,0.81,0.81,0.81,0.81
6500,0.0,0.68,0.68,0.0,0.0,0.66,0.0,0.0,0.63,0.0,0.64,0.65,0.58,0.62,0.61,0.6,0.65,0.61,0.15,0.62,0.02,0.62,0.57,0.63,0.65,0.69,0.0,0.0,0.68,0.68,0.68,0.0,0.0,0.0,0.0,0.66,0.64,0.66,0.67,0.66,0.67,0.67,0.66,0.64,0.64,0.68,0.66,0.0,0.0,0.66,0.7,0.69,0.68,0.69,0.67,0.67,0.0,0.68,0.69,0.67,0.7,0.7,0.69,0.69
6501,0.0,0.26,0.27,0.0,0.0,0.22,0.0,0.0,0.15,0.0,0.17,0.16,0.02,0.12,0.11,0.12,0.18,0.02,0.0,0.13,0.12,0.11,0.01,0.18,0.18,0.27,0.0,0.0,0.25,0.26,0.26,0.0,0.0,0.0,0.0,0.24,0.2,0.2,0.23,0.2,0.22,0.22,0.23,0.19,0.19,0.23,0.22,0.0,0.0,0.22,0.26,0.26,0.24,0.25,0.22,0.25,0.0,0.24,0.25,0.24,0.26,0.26,0.26,0.26
6502,0.0,0.0,0.0,0.0,0.0,0.0,0.0,0.0,0.0,0.0,0.0,0.0,0.0,0.0,0.0,0.0,0.0,0.0,0.0,0.0,0.0,0.0,0.0,0.0,0.0,0.0,0.0,0.0,0.0,0.0,0.0,0.0,0.0,0.0,0.0,0.0,0.0,0.0,0.0,0.0,0.0,0.0,0.0,0.0,0.0,0.0,0.0,0.0,0.0,0.0,0.0,0.0,0.0,0.0,0.0,0.0,0.0,0.0,0.0,0.0,0.0,0.0,0.0,0.0
6503,0.0,0.0,0.0,0.0,0.0,0.0,0.0,0.0,0.0,0.0,0.0,0.0,0.0,0.0,0.0,0.0,0.0,0.0,0.0,0.0,0.0,0.0,0.0,0.0,0.0,0.0,0.0,0.0,0.0,0.0,0.0,0.0,0.0,0.0,0.0,0.0,0.0,0.0,0.0,0.0,0.0,0.0,0.0,0.0,0.0,0.0,0.0,0.0,0.0,0.0,0.0,0.0,0.0,0.0,0.0,0.0,0.0,0.0,0.0,0.0,0.0,0.0,0.0,0.0
6504,0.0,0.0,0.0,0.0,0.0,0.0,0.0,0.0,0.0,0.0,0.0,0.0,0.0,0.0,0.0,0.0,0.0,0.0,0.0,0.0,0.0,0.0,0.0,0.0,0.0,0.0,0.0,0.0,0.0,0.0,0.0,0.0,0.0,0.0,0.0,0.0,0.0,0.0,0.0,0.0,0.0,0.0,0.0,0.0,0.0,0.0,0.0,0.0,0.0,0.0,0.0,0.0,0.0,0.0,0.0,0.0,0.0,0.0,0.0,0.0,0.0,0.0,0.0,0.0
6505,0.0,0.0,0.0,0.0,0.0,0.0,0.0,0.0,0.0,0.0,0.0,0.0,0.0,0.0,0.0,0.0,0.0,0.0,0.0,0.0,0.0,0.0,0.0,0.0,0.0,0.0,0.0,0.0,0.0,0.0,0.0,0.0,0.0,0.0,0.0,0.0,0.0,0.0,0.0,0.0,0.0,0.0,0.0,0.0,0.0,0.0,0.0,0.0,0.0,0.0,0.0,0.0,0.0,0.0,0.0,0.0,0.0,0.0,0.0,0.0,0.0,0.0,0.0,0.0
6506,0.0,0.0,0.0,0.0,0.0,0.0,0.0,0.0,0.0,0.0,0.0,0.0,0.0,0.0,0.0,0.0,0.0,0.0,0.0,0.0,0.0,0.0,0.0,0.0,0.0,0.0,0.0,0.0,0.0,0.0,0.0,0.0,0.0,0.0,0.0,0.0,0.0,0.0,0.0,0.0,0.0,0.0,0.0,0.0,0.0,0.0,0.0,0.0,0.0,0.0,0.0,0.0,0.0,0.0,0.0,0.0,0.0,0.0,0.0,0.0,0.0,0.0,0.0,0.0
6507,0.0,0.0,0.0,0.0,0.0,0.0,0.0,0.0,0.0,0.0,0.0,0.0,0.0,0.0,0.0,0.0,0.0,0.0,0.0,0.0,0.0,0.0,0.0,0.0,0.0,0.0,0.0,0.0,0.0,0.0,0.0,0.0,0.0,0.0,0.0,0.0,0.0,0.0,0.0,0.0,0.0,0.0,0.0,0.0,0.0,0.0,0.0,0.0,0.0,0.0,0.0,0.0,0.0,0.0,0.0,0.0,0.0,0.0,0.0,0.0,0.0,0.0,0.0,0.0
6508,0.0,0.0,0.0,0.0,0.0,0.0,0.0,0.0,0.0,0.0,0.0,0.0,0.0,0.0,0.0,0.0,0.0,0.0,0.0,0.0,0.0,0.0,0.0,0.0,0.0,0.0,0.0,0.0,0.0,0.0,0.0,0.0,0.0,0.0,0.0,0.0,0.0,0.0,0.0,0.0,0.0,0.0,0.0,0.0,0.0,0.0,0.0,0.0,0.0,0.0,0.0,0.0,0.0,0.0,0.0,0.0,0.0,0.0,0.0,0.0,0.0,0.0,0.0,0.0
6509,0.0,0.0,0.0,0.0,0.0,0.0,0.0,0.0,0.0,0.0,0.0,0.0,0.0,0.0,0.0,0.0,0.0,0.0,0.0,0.0,0.0,0.0,0.0,0.0,0.0,0.0,0.0,0.0,0.0,0.0,0.0,0.0,0.0,0.0,0.0,0.0,0.0,0.0,0.0,0.0,0.0,0.0,0.0,0.0,0.0,0.0,0.0,0.0,0.0,0.0,0.0,0.0,0.0,0.0,0.0,0.0,0.0,0.0,0.0,0.0,0.0,0.0,0.0,0.0
6510,0.0,0.0,0.0,0.0,0.0,0.0,0.0,0.0,0.0,0.0,0.0,0.0,0.0,0.0,0.0,0.0,0.0,0.0,0.0,0.0,0.0,0.0,0.0,0.0,0.0,0.0,0.0,0.0,0.0,0.0,0.0,0.0,0.0,0.0,0.0,0.0,0.0,0.0,0.0,0.0,0.0,0.0,0.0,0.0,0.0,0.0,0.0,0.0,0.0,0.0,0.0,0.0,0.0,0.0,0.0,0.0,0.0,0.0,0.0,0.0,0.0,0.0,0.0,0.0
6511,0.0,0.0,0.0,0.0,0.0,0.0,0.0,0.0,0.0,0.0,0.0,0.0,0.0,0.0,0.0,0.0,0.0,0.0,0.0,0.0,0.0,0.0,0.0,0.0,0.0,0.0,0.0,0.0,0.0,0.0,0.0,0.0,0.0,0.0,0.0,0.0,0.0,0.0,0.0,0.0,0.0,0.0,0.0,0.0,0.0,0.0,0.0,0.0,0.0,0.0,0.0,0.0,0.0,0.0,0.0,0.0,0.0,0.0,0.0,0.0,0.0,0.0,0.0,0.0
6512,0.0,0.0,0.0,0.0,0.0,0.0,0.0,0.0,0.0,0.0,0.0,0.0,0.0,0.0,0.0,0.0,0.0,0.0,0.0,0.0,0.0,0.0,0.0,0.0,0.0,0.0,0.0,0.0,0.0,0.0,0.0,0.0,0.0,0.0,0.0,0.0,0.0,0.0,0.0,0.0,0.0,0.0,0.0,0.0,0.0,0.0,0.0,0.0,0.0,0.0,0.0,0.0,0.0,0.0,0.0,0.0,0.0,0.0,0.0,0.0,0.0,0.0,0.0,0.0
6513,0.0,0.0,0.0,0.0,0.0,0.0,0.0,0.0,0.0,0.0,0.0,0.0,0.0,0.0,0.0,0.0,0.0,0.0,0.0,0.0,0.0,0.0,0.0,0.0,0.0,0.0,0.0,0.0,0.0,0.0,0.0,0.0,0.0,0.0,0.0,0.0,0.0,0.0,0.0,0.0,0.0,0.0,0.0,0.0,0.0,0.0,0.0,0.0,0.0,0.0,0.0,0.0,0.0,0.0,0.0,0.0,0.0,0.0,0.0,0.0,0.0,0.0,0.0,0.0
6514,0.0,0.0,0.0,0.0,0.0,0.0,0.0,0.0,0.05,0.06,0.03,0.05,0.14,0.09,0.1,0.09,0.03,0.11,0.1,0.08,0.05,0.1,0.14,0.03,0.05,0.0,0.0,0.0,0.0,0.0,0.0,0.0,0.0,0.0,0.0,0.0,0.01,0.01,0.0,0.01,0.0,0.0,0.0,0.01,0.02,0.0,0.0,0.0,0.0,0.01,0.0,0.0,0.0,0.0,0.0,0.0,0.0,0.0,0.0,0.0,0.0,0.0,0.0,0.0
6515,0.0,0.52,0.51,0.0,0.0,0.54,0.0,0.0,0.57,0.09,0.56,0.57,0.59,0.57,0.57,0.56,0.57,0.59,0.59,0.57,0.57,0.58,0.59,0.56,0.55,0.53,0.0,0.0,0.53,0.52,0.53,0.0,0.0,0.0,0.0,0.54,0.55,0.57,0.54,0.57,0.56,0.55,0.55,0.56,0.56,0.55,0.54,0.0,0.0,0.54,0.52,0.05,0.53,0.51,0.54,0.01,0.0,0.51,0.52,0.52,0.03,0.52,0.54,0.52
6516,0.0,0.75,0.74,0.0,0.0,0.72,0.0,0.0,0.73,0.28,0.73,0.73,0.73,0.73,0.72,0.72,0.72,0.74,0.75,0.73,0.2,0.73,0.73,0.73,0.71,0.76,0.0,0.0,0.76,0.75,0.76,0.0,0.0,0.0,0.0,0.74,0.72,0.74,0.75,0.74,0.75,0.75,0.75,0.72,0.73,0.76,0.72,0.0,0.0,0.72,0.4,0.2,0.73,0.16,0.1,0.01,0.0,0.15,0.75,0.06,0.05,0.75,0.78,0.2
6517,0.0,0.81,0.81,0.0,0.0,0.79,0.0,0.0,0.79,0.31,0.8,0.79,0.78,0.79,0.78,0.78,0.78,0.78,0.79,0.78,0.79,0.79,0.78,0.79,0.78,0.83,0.0,0.0,0.82,0.82,0.82,0.0,0.0,0.0,0.0,0.81,0.8,0.8,0.82,0.8,0.82,0.82,0.82,0.79,0.8,0.83,0.79,0.0,0.0,0.79,0.15,0.2,0.43,0.06,0.03,0.03,0.0,0.03,0.26,0.03,0.07,0.13,0.85,0.12
6518,0.0,0.83,0.84,0.0,0.0,0.8,0.0,0.0,0.82,0.05,0.82,0.84,0.8,0.81,0.8,0.8,0.83,0.81,0.55,0.81,0.82,0.81,0.8,0.82,0.81,0.85,0.0,0.0,0.84,0.84,0.84,0.0,0.0,0.0,0.0,0.84,0.83,0.82,0.85,0.81,0.84,0.85,0.84,0.82,0.82,0.86,0.81,0.0,0.0,0.81,0.57,0.14,0.09,0.05,0.04,0.06,0.0,0.03,0.84,0.05,0.13,0.08,0.87,0.4
6519,0.0,0.83,0.84,0.0,0.0,0.81,0.0,0.0,0.82,0.02,0.82,0.84,0.8,0.81,0.8,0.8,0.83,0.82,0.82,0.81,0.24,0.81,0.8,0.82,0.82,0.79,0.0,0.0,0.85,0.84,0.84,0.0,0.0,0.0,0.0,0.84,0.83,0.82,0.86,0.81,0.84,0.85,0.85,0.83,0.83,0.86,0.82,0.0,0.0,0.82,0.25,0.13,0.56,0.05,0.04,0.25,0.0,0.03,0.29,0.05,0.32,0.05,0.46,0.58
6520,0.0,0.84,0.84,0.0,0.0,0.82,0.0,0.0,0.83,0.06,0.82,0.84,0.81,0.82,0.82,0.82,0.84,0.82,0.83,0.82,0.85,0.82,0.81,0.84,0.82,0.61,0.0,0.0,0.86,0.85,0.85,0.0,0.0,0.0,0.0,0.85,0.84,0.84,0.87,0.84,0.58,0.86,0.86,0.84,0.84,0.76,0.83,0.0,0.0,0.83,0.06,0.29,0.12,0.26,0.05,0.09,0.0,0.81,0.14,0.29,0.52,0.04,0.44,0.86
6521,0.0,0.83,0.84,0.0,0.0,0.82,0.0,0.0,0.82,0.26,0.82,0.84,0.81,0.81,0.82,0.82,0.84,0.41,0.58,0.82,0.84,0.81,0.81,0.83,0.82,0.53,0.0,0.0,0.85,0.84,0.84,0.0,0.0,0.0,0.0,0.84,0.84,0.84,0.86,0.84,0.36,0.86,0.85,0.83,0.84,0.87,0.82,0.0,0.0,0.82,0.05,0.35,0.87,0.42,0.24,0.12,0.0,0.6,0.04,0.77,0.59,0.06,0.87,0.1
6522,0.0,0.82,0.81,0.0,0.0,0.8,0.0,0.0,0.79,0.22,0.79,0.83,0.78,0.78,0.79,0.79,0.82,0.8,0.82,0.79,0.82,0.78,0.78,0.81,0.8,0.84,0.0,0.0,0.83,0.82,0.82,0.0,0.0,0.0,0.0,0.82,0.82,0.8,0.84,0.82,0.37,0.84,0.83,0.82,0.82,0.84,0.8,0.0,0.0,0.8,0.05,0.37,0.49,0.24,0.1,0.21,0.0,0.34,0.05,0.4,0.86,0.09,0.85,0.14
6523,0.0,0.77,0.77,0.0,0.0,0.75,0.0,0.0,0.74,0.23,0.75,0.78,0.72,0.73,0.73,0.74,0.78,0.75,0.76,0.74,0.76,0.73,0.71,0.77,0.75,0.79,0.0,0.0,0.79,0.78,0.79,0.0,0.0,0.0,0.0,0.78,0.78,0.78,0.8,0.77,0.79,0.79,0.79,0.77,0.77,0.8,0.76,0.0,0.0,0.76,0.06,0.43,0.12,0.17,0.1,0.06,0.0,0.05,0.04,0.43,0.8,0.1,0.8,0.8
6524,0.0,0.65,0.64,0.0,0.0,0.62,0.0,0.0,0.58,0.06,0.59,0.63,0.53,0.57,0.57,0.57,0.63,0.57,0.58,0.57,0.6,0.56,0.14,0.62,0.6,0.67,0.0,0.0,0.66,0.65,0.66,0.0,0.0,0.0,0.0,0.65,0.63,0.64,0.66,0.09,0.65,0.65,0.65,0.63,0.62,0.66,0.62,0.0,0.0,0.62,0.06,0.67,0.05,0.1,0.02,0.04,0.0,0.03,0.08,0.22,0.68,0.12,0.67,0.67
6525,0.0,0.16,0.16,0.0,0.0,0.12,0.0,0.0,0.02,0.0,0.04,0.02,0.0,0.0,0.0,0.0,0.05,0.0,0.0,0.01,0.0,0.0,0.0,0.06,0.06,0.16,0.0,0.0,0.15,0.16,0.16,0.0,0.0,0.0,0.0,0.13,0.08,0.07,0.13,0.07,0.01,0.13,0.12,0.08,0.07,0.13,0.12,0.0,0.0,0.11,0.01,0.16,0.01,0.0,0.0,0.14,0.0,0.01,0.01,0.01,0.16,0.15,0.16,0.15
6526,0.0,0.0,0.0,0.0,0.0,0.0,0.0,0.0,0.0,0.0,0.0,0.0,0.0,0.0,0.0,0.0,0.0,0.0,0.0,0.0,0.0,0.0,0.0,0.0,0.0,0.0,0.0,0.0,0.0,0.0,0.0,0.0,0.0,0.0,0.0,0.0,0.0,0.0,0.0,0.0,0.0,0.0,0.0,0.0,0.0,0.0,0.0,0.0,0.0,0.0,0.0,0.0,0.0,0.0,0.0,0.0,0.0,0.0,0.0,0.0,0.0,0.0,0.0,0.0
6527,0.0,0.0,0.0,0.0,0.0,0.0,0.0,0.0,0.0,0.0,0.0,0.0,0.0,0.0,0.0,0.0,0.0,0.0,0.0,0.0,0.0,0.0,0.0,0.0,0.0,0.0,0.0,0.0,0.0,0.0,0.0,0.0,0.0,0.0,0.0,0.0,0.0,0.0,0.0,0.0,0.0,0.0,0.0,0.0,0.0,0.0,0.0,0.0,0.0,0.0,0.0,0.0,0.0,0.0,0.0,0.0,0.0,0.0,0.0,0.0,0.0,0.0,0.0,0.0
6528,0.0,0.0,0.0,0.0,0.0,0.0,0.0,0.0,0.0,0.0,0.0,0.0,0.0,0.0,0.0,0.0,0.0,0.0,0.0,0.0,0.0,0.0,0.0,0.0,0.0,0.0,0.0,0.0,0.0,0.0,0.0,0.0,0.0,0.0,0.0,0.0,0.0,0.0,0.0,0.0,0.0,0.0,0.0,0.0,0.0,0.0,0.0,0.0,0.0,0.0,0.0,0.0,0.0,0.0,0.0,0.0,0.0,0.0,0.0,0.0,0.0,0.0,0.0,0.0
6529,0.0,0.0,0.0,0.0,0.0,0.0,0.0,0.0,0.0,0.0,0.0,0.0,0.0,0.0,0.0,0.0,0.0,0.0,0.0,0.0,0.0,0.0,0.0,0.0,0.0,0.0,0.0,0.0,0.0,0.0,0.0,0.0,0.0,0.0,0.0,0.0,0.0,0.0,0.0,0.0,0.0,0.0,0.0,0.0,0.0,0.0,0.0,0.0,0.0,0.0,0.0,0.0,0.0,0.0,0.0,0.0,0.0,0.0,0.0,0.0,0.0,0.0,0.0,0.0
6530,0.0,0.0,0.0,0.0,0.0,0.0,0.0,0.0,0.0,0.0,0.0,0.0,0.0,0.0,0.0,0.0,0.0,0.0,0.0,0.0,0.0,0.0,0.0,0.0,0.0,0.0,0.0,0.0,0.0,0.0,0.0,0.0,0.0,0.0,0.0,0.0,0.0,0.0,0.0,0.0,0.0,0.0,0.0,0.0,0.0,0.0,0.0,0.0,0.0,0.0,0.0,0.0,0.0,0.0,0.0,0.0,0.0,0.0,0.0,0.0,0.0,0.0,0.0,0.0
6531,0.0,0.0,0.0,0.0,0.0,0.0,0.0,0.0,0.0,0.0,0.0,0.0,0.0,0.0,0.0,0.0,0.0,0.0,0.0,0.0,0.0,0.0,0.0,0.0,0.0,0.0,0.0,0.0,0.0,0.0,0.0,0.0,0.0,0.0,0.0,0.0,0.0,0.0,0.0,0.0,0.0,0.0,0.0,0.0,0.0,0.0,0.0,0.0,0.0,0.0,0.0,0.0,0.0,0.0,0.0,0.0,0.0,0.0,0.0,0.0,0.0,0.0,0.0,0.0
6532,0.0,0.0,0.0,0.0,0.0,0.0,0.0,0.0,0.0,0.0,0.0,0.0,0.0,0.0,0.0,0.0,0.0,0.0,0.0,0.0,0.0,0.0,0.0,0.0,0.0,0.0,0.0,0.0,0.0,0.0,0.0,0.0,0.0,0.0,0.0,0.0,0.0,0.0,0.0,0.0,0.0,0.0,0.0,0.0,0.0,0.0,0.0,0.0,0.0,0.0,0.0,0.0,0.0,0.0,0.0,0.0,0.0,0.0,0.0,0.0,0.0,0.0,0.0,0.0
6533,0.0,0.0,0.0,0.0,0.0,0.0,0.0,0.0,0.0,0.0,0.0,0.0,0.0,0.0,0.0,0.0,0.0,0.0,0.0,0.0,0.0,0.0,0.0,0.0,0.0,0.0,0.0,0.0,0.0,0.0,0.0,0.0,0.0,0.0,0.0,0.0,0.0,0.0,0.0,0.0,0.0,0.0,0.0,0.0,0.0,0.0,0.0,0.0,0.0,0.0,0.0,0.0,0.0,0.0,0.0,0.0,0.0,0.0,0.0,0.0,0.0,0.0,0.0,0.0
6534,0.0,0.0,0.0,0.0,0.0,0.0,0.0,0.0,0.0,0.0,0.0,0.0,0.0,0.0,0.0,0.0,0.0,0.0,0.0,0.0,0.0,0.0,0.0,0.0,0.0,0.0,0.0,0.0,0.0,0.0,0.0,0.0,0.0,0.0,0.0,0.0,0.0,0.0,0.0,0.0,0.0,0.0,0.0,0.0,0.0,0.0,0.0,0.0,0.0,0.0,0.0,0.0,0.0,0.0,0.0,0.0,0.0,0.0,0.0,0.0,0.0,0.0,0.0,0.0
6535,0.0,0.0,0.0,0.0,0.0,0.0,0.0,0.0,0.0,0.0,0.0,0.0,0.0,0.0,0.0,0.0,0.0,0.0,0.0,0.0,0.0,0.0,0.0,0.0,0.0,0.0,0.0,0.0,0.0,0.0,0.0,0.0,0.0,0.0,0.0,0.0,0.0,0.0,0.0,0.0,0.0,0.0,0.0,0.0,0.0,0.0,0.0,0.0,0.0,0.0,0.0,0.0,0.0,0.0,0.0,0.0,0.0,0.0,0.0,0.0,0.0,0.0,0.0,0.0
6536,0.0,0.0,0.0,0.0,0.0,0.0,0.0,0.0,0.0,0.0,0.0,0.0,0.0,0.0,0.0,0.0,0.0,0.0,0.0,0.0,0.0,0.0,0.0,0.0,0.0,0.0,0.0,0.0,0.0,0.0,0.0,0.0,0.0,0.0,0.0,0.0,0.0,0.0,0.0,0.0,0.0,0.0,0.0,0.0,0.0,0.0,0.0,0.0,0.0,0.0,0.0,0.0,0.0,0.0,0.0,0.0,0.0,0.0,0.0,0.0,0.0,0.0,0.0,0.0
6537,0.0,0.0,0.0,0.0,0.0,0.0,0.0,0.0,0.0,0.0,0.0,0.0,0.0,0.0,0.0,0.0,0.0,0.0,0.0,0.0,0.0,0.0,0.0,0.0,0.0,0.0,0.0,0.0,0.0,0.0,0.0,0.0,0.0,0.0,0.0,0.0,0.0,0.0,0.0,0.0,0.0,0.0,0.0,0.0,0.0,0.0,0.0,0.0,0.0,0.0,0.0,0.0,0.0,0.0,0.0,0.0,0.0,0.0,0.0,0.0,0.0,0.0,0.0,0.0
6538,0.0,0.0,0.0,0.0,0.0,0.0,0.0,0.0,0.0,0.01,0.0,0.0,0.09,0.02,0.04,0.02,0.0,0.05,0.04,0.01,0.0,0.04,0.08,0.0,0.0,0.0,0.0,0.0,0.0,0.0,0.0,0.0,0.0,0.0,0.0,0.0,0.0,0.0,0.0,0.0,0.0,0.0,0.0,0.0,0.0,0.0,0.0,0.0,0.0,0.0,0.0,0.0,0.0,0.0,0.0,0.0,0.0,0.0,0.0,0.0,0.0,0.0,0.0,0.0
6539,0.0,0.52,0.52,0.0,0.0,0.54,0.0,0.0,0.58,0.59,0.58,0.6,0.61,0.6,0.59,0.6,0.58,0.61,0.61,0.59,0.11,0.6,0.61,0.57,0.56,0.52,0.0,0.0,0.52,0.51,0.52,0.0,0.0,0.0,0.0,0.54,0.56,0.59,0.54,0.59,0.57,0.54,0.55,0.57,0.57,0.54,0.55,0.0,0.0,0.55,0.52,0.44,0.54,0.51,0.54,0.5,0.0,0.52,0.52,0.52,0.44,0.52,0.5,0.52
6540,0.0,0.15,0.09,0.0,0.0,0.72,0.0,0.0,0.73,0.74,0.72,0.77,0.74,0.74,0.75,0.74,0.75,0.76,0.77,0.74,0.26,0.75,0.74,0.72,0.72,0.74,0.0,0.0,0.72,0.73,0.73,0.0,0.0,0.0,0.0,0.71,0.72,0.75,0.73,0.76,0.75,0.73,0.73,0.71,0.72,0.73,0.25,0.0,0.0,0.28,0.74,0.11,0.74,0.72,0.74,0.69,0.0,0.72,0.73,0.72,0.72,0.74,0.71,0.72
6541,0.0,0.16,0.21,0.0,0.0,0.79,0.0,0.0,0.79,0.81,0.78,0.83,0.79,0.8,0.8,0.81,0.82,0.83,0.83,0.8,0.22,0.8,0.79,0.78,0.79,0.81,0.0,0.0,0.8,0.21,0.81,0.0,0.0,0.0,0.0,0.78,0.78,0.82,0.79,0.83,0.81,0.79,0.78,0.77,0.78,0.79,0.8,0.0,0.0,0.8,0.81,0.78,0.82,0.8,0.81,0.78,0.0,0.8,0.8,0.8,0.78,0.82,0.79,0.79
6542,0.0,0.25,0.23,0.0,0.0,0.81,0.0,0.0,0.81,0.5,0.8,0.84,0.81,0.81,0.82,0.82,0.83,0.84,0.85,0.82,0.82,0.81,0.81,0.79,0.82,0.83,0.0,0.0,0.82,0.24,0.83,0.0,0.0,0.0,0.0,0.8,0.79,0.84,0.81,0.85,0.83,0.81,0.81,0.78,0.79,0.82,0.82,0.0,0.0,0.81,0.84,0.8,0.84,0.82,0.84,0.81,0.0,0.82,0.82,0.82,0.81,0.84,0.82,0.79
6543,0.0,0.24,0.25,0.0,0.0,0.82,0.0,0.0,0.82,0.29,0.82,0.85,0.81,0.82,0.82,0.83,0.85,0.84,0.85,0.83,0.38,0.82,0.82,0.8,0.83,0.41,0.0,0.0,0.81,0.33,0.83,0.0,0.0,0.0,0.0,0.81,0.81,0.84,0.83,0.86,0.84,0.82,0.82,0.8,0.81,0.83,0.82,0.0,0.0,0.82,0.84,0.82,0.85,0.83,0.86,0.82,0.0,0.84,0.84,0.84,0.84,0.84,0.81,0.84
6544,0.0,0.32,0.58,0.0,0.0,0.81,0.0,0.0,0.82,0.29,0.82,0.84,0.81,0.82,0.82,0.82,0.85,0.8,0.84,0.82,0.29,0.82,0.82,0.8,0.84,0.83,0.0,0.0,0.82,0.35,0.82,0.0,0.0,0.0,0.0,0.82,0.82,0.85,0.83,0.86,0.85,0.82,0.82,0.81,0.81,0.83,0.82,0.0,0.0,0.82,0.83,0.82,0.85,0.84,0.86,0.83,0.0,0.84,0.84,0.84,0.84,0.84,0.82,0.84
6545,0.0,0.39,0.32,0.0,0.0,0.8,0.0,0.0,0.81,0.22,0.82,0.84,0.8,0.8,0.81,0.81,0.84,0.82,0.82,0.81,0.82,0.81,0.81,0.8,0.84,0.37,0.0,0.0,0.82,0.39,0.81,0.0,0.0,0.0,0.0,0.81,0.81,0.84,0.82,0.86,0.85,0.82,0.82,0.8,0.8,0.83,0.8,0.0,0.0,0.8,0.83,0.83,0.85,0.84,0.86,0.83,0.0,0.84,0.82,0.84,0.84,0.83,0.82,0.83
6546,0.0,0.12,0.08,0.0,0.0,0.75,0.0,0.0,0.78,0.1,0.79,0.81,0.77,0.78,0.78,0.78,0.81,0.79,0.79,0.78,0.79,0.78,0.78,0.77,0.81,0.14,0.0,0.0,0.79,0.1,0.26,0.0,0.0,0.0,0.0,0.79,0.79,0.82,0.81,0.83,0.82,0.8,0.8,0.78,0.78,0.81,0.75,0.0,0.0,0.76,0.84,0.81,0.82,0.83,0.83,0.8,0.0,0.81,0.29,0.82,0.34,0.81,0.5,0.28
6547,0.0,0.03,0.08,0.0,0.0,0.1,0.0,0.0,0.75,0.09,0.77,0.79,0.74,0.74,0.74,0.75,0.79,0.33,0.1,0.75,0.16,0.75,0.75,0.76,0.78,0.05,0.0,0.0,0.11,0.06,0.08,0.0,0.0,0.0,0.0,0.78,0.78,0.8,0.79,0.81,0.81,0.79,0.79,0.76,0.76,0.8,0.1,0.0,0.0,0.28,0.82,0.78,0.79,0.81,0.8,0.78,0.0,0.79,0.81,0.8,0.81,0.82,0.15,0.8
6548,0.0,0.2,0.08,0.0,0.0,0.4,0.0,0.0,0.61,0.04,0.62,0.64,0.56,0.59,0.59,0.6,0.64,0.04,0.02,0.6,0.04,0.59,0.56,0.62,0.62,0.02,0.0,0.0,0.04,0.04,0.01,0.0,0.0,0.0,0.0,0.64,0.63,0.66,0.66,0.66,0.66,0.66,0.66,0.63,0.63,0.66,0.19,0.0,0.0,0.13,0.68,0.68,0.67,0.67,0.66,0.65,0.0,0.66,0.68,0.66,0.68,0.68,0.07,0.68
6549,0.0,0.22,0.01,0.0,0.0,0.01,0.0,0.0,0.1,0.01,0.11,0.1,0.0,0.01,0.01,0.07,0.11,0.0,0.0,0.08,0.0,0.01,0.0,0.12,0.1,0.0,0.0,0.0,0.01,0.22,0.0,0.0,0.0,0.0,0.0,0.19,0.15,0.14,0.19,0.14,0.16,0.18,0.17,0.14,0.13,0.18,0.0,0.0,0.0,0.0,0.22,0.22,0.18,0.18,0.16,0.18,0.0,0.2,0.21,0.17,0.21,0.21,0.0,0.21
6550,0.0,0.0,0.0,0.0,0.0,0.0,0.0,0.0,0.0,0.0,0.0,0.0,0.0,0.0,0.0,0.0,0.0,0.0,0.0,0.0,0.0,0.0,0.0,0.0,0.0,0.0,0.0,0.0,0.0,0.0,0.0,0.0,0.0,0.0,0.0,0.0,0.0,0.0,0.0,0.0,0.0,0.0,0.0,0.0,0.0,0.0,0.0,0.0,0.0,0.0,0.0,0.0,0.0,0.0,0.0,0.0,0.0,0.0,0.0,0.0,0.0,0.0,0.0,0.0
6551,0.0,0.0,0.0,0.0,0.0,0.0,0.0,0.0,0.0,0.0,0.0,0.0,0.0,0.0,0.0,0.0,0.0,0.0,0.0,0.0,0.0,0.0,0.0,0.0,0.0,0.0,0.0,0.0,0.0,0.0,0.0,0.0,0.0,0.0,0.0,0.0,0.0,0.0,0.0,0.0,0.0,0.0,0.0,0.0,0.0,0.0,0.0,0.0,0.0,0.0,0.0,0.0,0.0,0.0,0.0,0.0,0.0,0.0,0.0,0.0,0.0,0.0,0.0,0.0
6552,0.0,0.0,0.0,0.0,0.0,0.0,0.0,0.0,0.0,0.0,0.0,0.0,0.0,0.0,0.0,0.0,0.0,0.0,0.0,0.0,0.0,0.0,0.0,0.0,0.0,0.0,0.0,0.0,0.0,0.0,0.0,0.0,0.0,0.0,0.0,0.0,0.0,0.0,0.0,0.0,0.0,0.0,0.0,0.0,0.0,0.0,0.0,0.0,0.0,0.0,0.0,0.0,0.0,0.0,0.0,0.0,0.0,0.0,0.0,0.0,0.0,0.0,0.0,0.0
6553,0.0,0.0,0.0,0.0,0.0,0.0,0.0,0.0,0.0,0.0,0.0,0.0,0.0,0.0,0.0,0.0,0.0,0.0,0.0,0.0,0.0,0.0,0.0,0.0,0.0,0.0,0.0,0.0,0.0,0.0,0.0,0.0,0.0,0.0,0.0,0.0,0.0,0.0,0.0,0.0,0.0,0.0,0.0,0.0,0.0,0.0,0.0,0.0,0.0,0.0,0.0,0.0,0.0,0.0,0.0,0.0,0.0,0.0,0.0,0.0,0.0,0.0,0.0,0.0
6554,0.0,0.0,0.0,0.0,0.0,0.0,0.0,0.0,0.0,0.0,0.0,0.0,0.0,0.0,0.0,0.0,0.0,0.0,0.0,0.0,0.0,0.0,0.0,0.0,0.0,0.0,0.0,0.0,0.0,0.0,0.0,0.0,0.0,0.0,0.0,0.0,0.0,0.0,0.0,0.0,0.0,0.0,0.0,0.0,0.0,0.0,0.0,0.0,0.0,0.0,0.0,0.0,0.0,0.0,0.0,0.0,0.0,0.0,0.0,0.0,0.0,0.0,0.0,0.0
6555,0.0,0.0,0.0,0.0,0.0,0.0,0.0,0.0,0.0,0.0,0.0,0.0,0.0,0.0,0.0,0.0,0.0,0.0,0.0,0.0,0.0,0.0,0.0,0.0,0.0,0.0,0.0,0.0,0.0,0.0,0.0,0.0,0.0,0.0,0.0,0.0,0.0,0.0,0.0,0.0,0.0,0.0,0.0,0.0,0.0,0.0,0.0,0.0,0.0,0.0,0.0,0.0,0.0,0.0,0.0,0.0,0.0,0.0,0.0,0.0,0.0,0.0,0.0,0.0
6556,0.0,0.0,0.0,0.0,0.0,0.0,0.0,0.0,0.0,0.0,0.0,0.0,0.0,0.0,0.0,0.0,0.0,0.0,0.0,0.0,0.0,0.0,0.0,0.0,0.0,0.0,0.0,0.0,0.0,0.0,0.0,0.0,0.0,0.0,0.0,0.0,0.0,0.0,0.0,0.0,0.0,0.0,0.0,0.0,0.0,0.0,0.0,0.0,0.0,0.0,0.0,0.0,0.0,0.0,0.0,0.0,0.0,0.0,0.0,0.0,0.0,0.0,0.0,0.0
6557,0.0,0.0,0.0,0.0,0.0,0.0,0.0,0.0,0.0,0.0,0.0,0.0,0.0,0.0,0.0,0.0,0.0,0.0,0.0,0.0,0.0,0.0,0.0,0.0,0.0,0.0,0.0,0.0,0.0,0.0,0.0,0.0,0.0,0.0,0.0,0.0,0.0,0.0,0.0,0.0,0.0,0.0,0.0,0.0,0.0,0.0,0.0,0.0,0.0,0.0,0.0,0.0,0.0,0.0,0.0,0.0,0.0,0.0,0.0,0.0,0.0,0.0,0.0,0.0
6558,0.0,0.0,0.0,0.0,0.0,0.0,0.0,0.0,0.0,0.0,0.0,0.0,0.0,0.0,0.0,0.0,0.0,0.0,0.0,0.0,0.0,0.0,0.0,0.0,0.0,0.0,0.0,0.0,0.0,0.0,0.0,0.0,0.0,0.0,0.0,0.0,0.0,0.0,0.0,0.0,0.0,0.0,0.0,0.0,0.0,0.0,0.0,0.0,0.0,0.0,0.0,0.0,0.0,0.0,0.0,0.0,0.0,0.0,0.0,0.0,0.0,0.0,0.0,0.0
6559,0.0,0.0,0.0,0.0,0.0,0.0,0.0,0.0,0.0,0.0,0.0,0.0,0.0,0.0,0.0,0.0,0.0,0.0,0.0,0.0,0.0,0.0,0.0,0.0,0.0,0.0,0.0,0.0,0.0,0.0,0.0,0.0,0.0,0.0,0.0,0.0,0.0,0.0,0.0,0.0,0.0,0.0,0.0,0.0,0.0,0.0,0.0,0.0,0.0,0.0,0.0,0.0,0.0,0.0,0.0,0.0,0.0,0.0,0.0,0.0,0.0,0.0,0.0,0.0
6560,0.0,0.0,0.0,0.0,0.0,0.0,0.0,0.0,0.0,0.0,0.0,0.0,0.0,0.0,0.0,0.0,0.0,0.0,0.0,0.0,0.0,0.0,0.0,0.0,0.0,0.0,0.0,0.0,0.0,0.0,0.0,0.0,0.0,0.0,0.0,0.0,0.0,0.0,0.0,0.0,0.0,0.0,0.0,0.0,0.0,0.0,0.0,0.0,0.0,0.0,0.0,0.0,0.0,0.0,0.0,0.0,0.0,0.0,0.0,0.0,0.0,0.0,0.0,0.0
6561,0.0,0.0,0.0,0.0,0.0,0.0,0.0,0.0,0.0,0.0,0.0,0.0,0.0,0.0,0.0,0.0,0.0,0.0,0.0,0.0,0.0,0.0,0.0,0.0,0.0,0.0,0.0,0.0,0.0,0.0,0.0,0.0,0.0,0.0,0.0,0.0,0.0,0.0,0.0,0.0,0.0,0.0,0.0,0.0,0.0,0.0,0.0,0.0,0.0,0.0,0.0,0.0,0.0,0.0,0.0,0.0,0.0,0.0,0.0,0.0,0.0,0.0,0.0,0.0
6562,0.0,0.0,0.0,0.0,0.0,0.0,0.0,0.0,0.02,0.03,0.01,0.01,0.13,0.06,0.08,0.06,0.0,0.09,0.09,0.05,0.03,0.08,0.13,0.0,0.03,0.0,0.0,0.0,0.0,0.0,0.0,0.0,0.0,0.0,0.0,0.0,0.0,0.0,0.0,0.0,0.0,0.0,0.0,0.0,0.0,0.0,0.0,0.0,0.0,0.0,0.0,0.0,0.0,0.0,0.0,0.0,0.0,0.0,0.0,0.0,0.0,0.0,0.0,0.0
6563,0.0,0.45,0.44,0.0,0.0,0.48,0.0,0.0,0.51,0.52,0.5,0.53,0.56,0.52,0.53,0.52,0.51,0.54,0.54,0.52,0.52,0.52,0.55,0.51,0.52,0.45,0.0,0.0,0.46,0.45,0.45,0.0,0.0,0.0,0.0,0.47,0.5,0.51,0.48,0.51,0.5,0.48,0.47,0.51,0.51,0.48,0.48,0.0,0.0,0.49,0.46,0.45,0.48,0.44,0.49,0.43,0.0,0.45,0.45,0.46,0.46,0.45,0.45,0.45
6564,0.0,0.69,0.69,0.0,0.0,0.68,0.0,0.0,0.69,0.71,0.69,0.72,0.72,0.7,0.71,0.7,0.71,0.71,0.73,0.69,0.71,0.7,0.71,0.71,0.7,0.7,0.0,0.0,0.69,0.69,0.69,0.0,0.0,0.0,0.0,0.69,0.7,0.71,0.71,0.72,0.71,0.71,0.7,0.7,0.71,0.72,0.68,0.0,0.0,0.69,0.71,0.7,0.72,0.7,0.72,0.7,0.0,0.71,0.7,0.71,0.71,0.71,0.7,0.71
6565,0.0,0.77,0.78,0.0,0.0,0.72,0.0,0.0,0.77,0.79,0.78,0.8,0.78,0.76,0.78,0.78,0.8,0.78,0.8,0.77,0.78,0.76,0.77,0.78,0.75,0.79,0.0,0.0,0.78,0.77,0.78,0.0,0.0,0.0,0.0,0.77,0.78,0.8,0.79,0.81,0.8,0.79,0.78,0.78,0.78,0.8,0.72,0.0,0.0,0.73,0.8,0.79,0.81,0.79,0.8,0.78,0.0,0.8,0.8,0.8,0.8,0.8,0.8,0.8
6566,0.0,0.82,0.83,0.0,0.0,0.79,0.0,0.0,0.81,0.82,0.82,0.84,0.79,0.79,0.8,0.81,0.83,0.82,0.84,0.81,0.82,0.79,0.8,0.81,0.79,0.83,0.0,0.0,0.82,0.82,0.83,0.0,0.0,0.0,0.0,0.82,0.82,0.85,0.83,0.86,0.84,0.82,0.82,0.81,0.82,0.83,0.8,0.0,0.0,0.79,0.85,0.83,0.85,0.84,0.85,0.82,0.0,0.84,0.84,0.84,0.84,0.85,0.84,0.84
6567,0.0,0.83,0.83,0.0,0.0,0.81,0.0,0.0,0.82,0.83,0.82,0.85,0.79,0.8,0.8,0.81,0.84,0.82,0.84,0.81,0.82,0.8,0.81,0.82,0.8,0.83,0.0,0.0,0.83,0.83,0.83,0.0,0.0,0.0,0.0,0.83,0.82,0.85,0.84,0.86,0.85,0.83,0.82,0.81,0.82,0.84,0.81,0.0,0.0,0.8,0.85,0.84,0.85,0.84,0.85,0.83,0.0,0.84,0.84,0.84,0.84,0.84,0.84,0.84
6568,0.0,0.83,0.84,0.0,0.0,0.82,0.0,0.0,0.82,0.84,0.83,0.86,0.8,0.82,0.82,0.83,0.86,0.83,0.84,0.82,0.83,0.81,0.81,0.83,0.82,0.84,0.0,0.0,0.84,0.84,0.84,0.0,0.0,0.0,0.0,0.84,0.83,0.86,0.85,0.86,0.86,0.84,0.84,0.82,0.83,0.85,0.82,0.0,0.0,0.82,0.86,0.85,0.86,0.85,0.86,0.84,0.0,0.84,0.84,0.85,0.84,0.85,0.84,0.84
6569,0.0,0.82,0.83,0.0,0.0,0.82,0.0,0.0,0.82,0.83,0.82,0.85,0.79,0.81,0.82,0.82,0.84,0.82,0.83,0.82,0.82,0.81,0.8,0.82,0.82,0.83,0.0,0.0,0.82,0.83,0.83,0.0,0.0,0.0,0.0,0.83,0.82,0.85,0.84,0.85,0.84,0.84,0.83,0.81,0.82,0.84,0.82,0.0,0.0,0.82,0.85,0.83,0.84,0.84,0.84,0.83,0.0,0.83,0.83,0.84,0.84,0.84,0.83,0.84
6570,0.0,0.8,0.81,0.0,0.0,0.79,0.0,0.0,0.8,0.8,0.79,0.82,0.77,0.79,0.79,0.79,0.81,0.79,0.8,0.79,0.79,0.78,0.77,0.79,0.79,0.81,0.0,0.0,0.8,0.8,0.8,0.0,0.0,0.0,0.0,0.8,0.8,0.81,0.81,0.82,0.81,0.81,0.8,0.79,0.79,0.81,0.79,0.0,0.0,0.79,0.82,0.81,0.82,0.81,0.82,0.8,0.0,0.81,0.81,0.81,0.81,0.82,0.81,0.81
6571,0.0,0.76,0.77,0.0,0.0,0.76,0.0,0.0,0.74,0.74,0.74,0.77,0.71,0.74,0.74,0.74,0.76,0.74,0.75,0.74,0.74,0.74,0.72,0.74,0.73,0.77,0.0,0.0,0.76,0.76,0.76,0.0,0.0,0.0,0.0,0.76,0.75,0.76,0.76,0.76,0.76,0.77,0.76,0.74,0.74,0.76,0.76,0.0,0.0,0.75,0.77,0.76,0.76,0.76,0.76,0.64,0.0,0.76,0.76,0.76,0.76,0.77,0.77,0.76
6572,0.0,0.61,0.62,0.0,0.0,0.58,0.0,0.0,0.55,0.53,0.55,0.56,0.49,0.54,0.54,0.53,0.57,0.53,0.54,0.54,0.54,0.54,0.49,0.56,0.56,0.61,0.0,0.0,0.59,0.61,0.6,0.0,0.0,0.0,0.0,0.59,0.57,0.57,0.6,0.57,0.58,0.59,0.59,0.56,0.56,0.6,0.58,0.0,0.0,0.58,0.57,0.6,0.58,0.55,0.58,0.48,0.0,0.53,0.54,0.57,0.54,0.57,0.6,0.48
6573,0.0,0.09,0.09,0.0,0.0,0.05,0.0,0.0,0.0,0.0,0.0,0.0,0.0,0.0,0.0,0.0,0.0,0.0,0.0,0.0,0.0,0.0,0.0,0.01,0.0,0.1,0.0,0.0,0.08,0.09,0.09,0.0,0.0,0.0,0.0,0.05,0.01,0.01,0.05,0.01,0.01,0.05,0.04,0.01,0.01,0.05,0.04,0.0,0.0,0.03,0.08,0.06,0.04,0.06,0.01,0.03,0.0,0.06,0.08,0.04,0.08,0.08,0.06,0.08
6574,0.0,0.0,0.0,0.0,0.0,0.0,0.0,0.0,0.0,0.0,0.0,0.0,0.0,0.0,0.0,0.0,0.0,0.0,0.0,0.0,0.0,0.0,0.0,0.0,0.0,0.0,0.0,0.0,0.0,0.0,0.0,0.0,0.0,0.0,0.0,0.0,0.0,0.0,0.0,0.0,0.0,0.0,0.0,0.0,0.0,0.0,0.0,0.0,0.0,0.0,0.0,0.0,0.0,0.0,0.0,0.0,0.0,0.0,0.0,0.0,0.0,0.0,0.0,0.0
6575,0.0,0.0,0.0,0.0,0.0,0.0,0.0,0.0,0.0,0.0,0.0,0.0,0.0,0.0,0.0,0.0,0.0,0.0,0.0,0.0,0.0,0.0,0.0,0.0,0.0,0.0,0.0,0.0,0.0,0.0,0.0,0.0,0.0,0.0,0.0,0.0,0.0,0.0,0.0,0.0,0.0,0.0,0.0,0.0,0.0,0.0,0.0,0.0,0.0,0.0,0.0,0.0,0.0,0.0,0.0,0.0,0.0,0.0,0.0,0.0,0.0,0.0,0.0,0.0
6576,0.0,0.0,0.0,0.0,0.0,0.0,0.0,0.0,0.0,0.0,0.0,0.0,0.0,0.0,0.0,0.0,0.0,0.0,0.0,0.0,0.0,0.0,0.0,0.0,0.0,0.0,0.0,0.0,0.0,0.0,0.0,0.0,0.0,0.0,0.0,0.0,0.0,0.0,0.0,0.0,0.0,0.0,0.0,0.0,0.0,0.0,0.0,0.0,0.0,0.0,0.0,0.0,0.0,0.0,0.0,0.0,0.0,0.0,0.0,0.0,0.0,0.0,0.0,0.0
6577,0.0,0.0,0.0,0.0,0.0,0.0,0.0,0.0,0.0,0.0,0.0,0.0,0.0,0.0,0.0,0.0,0.0,0.0,0.0,0.0,0.0,0.0,0.0,0.0,0.0,0.0,0.0,0.0,0.0,0.0,0.0,0.0,0.0,0.0,0.0,0.0,0.0,0.0,0.0,0.0,0.0,0.0,0.0,0.0,0.0,0.0,0.0,0.0,0.0,0.0,0.0,0.0,0.0,0.0,0.0,0.0,0.0,0.0,0.0,0.0,0.0,0.0,0.0,0.0
6578,0.0,0.0,0.0,0.0,0.0,0.0,0.0,0.0,0.0,0.0,0.0,0.0,0.0,0.0,0.0,0.0,0.0,0.0,0.0,0.0,0.0,0.0,0.0,0.0,0.0,0.0,0.0,0.0,0.0,0.0,0.0,0.0,0.0,0.0,0.0,0.0,0.0,0.0,0.0,0.0,0.0,0.0,0.0,0.0,0.0,0.0,0.0,0.0,0.0,0.0,0.0,0.0,0.0,0.0,0.0,0.0,0.0,0.0,0.0,0.0,0.0,0.0,0.0,0.0
6579,0.0,0.0,0.0,0.0,0.0,0.0,0.0,0.0,0.0,0.0,0.0,0.0,0.0,0.0,0.0,0.0,0.0,0.0,0.0,0.0,0.0,0.0,0.0,0.0,0.0,0.0,0.0,0.0,0.0,0.0,0.0,0.0,0.0,0.0,0.0,0.0,0.0,0.0,0.0,0.0,0.0,0.0,0.0,0.0,0.0,0.0,0.0,0.0,0.0,0.0,0.0,0.0,0.0,0.0,0.0,0.0,0.0,0.0,0.0,0.0,0.0,0.0,0.0,0.0
6580,0.0,0.0,0.0,0.0,0.0,0.0,0.0,0.0,0.0,0.0,0.0,0.0,0.0,0.0,0.0,0.0,0.0,0.0,0.0,0.0,0.0,0.0,0.0,0.0,0.0,0.0,0.0,0.0,0.0,0.0,0.0,0.0,0.0,0.0,0.0,0.0,0.0,0.0,0.0,0.0,0.0,0.0,0.0,0.0,0.0,0.0,0.0,0.0,0.0,0.0,0.0,0.0,0.0,0.0,0.0,0.0,0.0,0.0,0.0,0.0,0.0,0.0,0.0,0.0
6581,0.0,0.0,0.0,0.0,0.0,0.0,0.0,0.0,0.0,0.0,0.0,0.0,0.0,0.0,0.0,0.0,0.0,0.0,0.0,0.0,0.0,0.0,0.0,0.0,0.0,0.0,0.0,0.0,0.0,0.0,0.0,0.0,0.0,0.0,0.0,0.0,0.0,0.0,0.0,0.0,0.0,0.0,0.0,0.0,0.0,0.0,0.0,0.0,0.0,0.0,0.0,0.0,0.0,0.0,0.0,0.0,0.0,0.0,0.0,0.0,0.0,0.0,0.0,0.0
6582,0.0,0.0,0.0,0.0,0.0,0.0,0.0,0.0,0.0,0.0,0.0,0.0,0.0,0.0,0.0,0.0,0.0,0.0,0.0,0.0,0.0,0.0,0.0,0.0,0.0,0.0,0.0,0.0,0.0,0.0,0.0,0.0,0.0,0.0,0.0,0.0,0.0,0.0,0.0,0.0,0.0,0.0,0.0,0.0,0.0,0.0,0.0,0.0,0.0,0.0,0.0,0.0,0.0,0.0,0.0,0.0,0.0,0.0,0.0,0.0,0.0,0.0,0.0,0.0
6583,0.0,0.0,0.0,0.0,0.0,0.0,0.0,0.0,0.0,0.0,0.0,0.0,0.0,0.0,0.0,0.0,0.0,0.0,0.0,0.0,0.0,0.0,0.0,0.0,0.0,0.0,0.0,0.0,0.0,0.0,0.0,0.0,0.0,0.0,0.0,0.0,0.0,0.0,0.0,0.0,0.0,0.0,0.0,0.0,0.0,0.0,0.0,0.0,0.0,0.0,0.0,0.0,0.0,0.0,0.0,0.0,0.0,0.0,0.0,0.0,0.0,0.0,0.0,0.0
6584,0.0,0.0,0.0,0.0,0.0,0.0,0.0,0.0,0.0,0.0,0.0,0.0,0.0,0.0,0.0,0.0,0.0,0.0,0.0,0.0,0.0,0.0,0.0,0.0,0.0,0.0,0.0,0.0,0.0,0.0,0.0,0.0,0.0,0.0,0.0,0.0,0.0,0.0,0.0,0.0,0.0,0.0,0.0,0.0,0.0,0.0,0.0,0.0,0.0,0.0,0.0,0.0,0.0,0.0,0.0,0.0,0.0,0.0,0.0,0.0,0.0,0.0,0.0,0.0
6585,0.0,0.0,0.0,0.0,0.0,0.0,0.0,0.0,0.0,0.0,0.0,0.0,0.0,0.0,0.0,0.0,0.0,0.0,0.0,0.0,0.0,0.0,0.0,0.0,0.0,0.0,0.0,0.0,0.0,0.0,0.0,0.0,0.0,0.0,0.0,0.0,0.0,0.0,0.0,0.0,0.0,0.0,0.0,0.0,0.0,0.0,0.0,0.0,0.0,0.0,0.0,0.0,0.0,0.0,0.0,0.0,0.0,0.0,0.0,0.0,0.0,0.0,0.0,0.0
6586,0.0,0.0,0.0,0.0,0.0,0.0,0.0,0.0,0.0,0.01,0.01,0.01,0.13,0.08,0.09,0.08,0.0,0.0,0.0,0.07,0.01,0.1,0.11,0.0,0.09,0.0,0.0,0.0,0.0,0.0,0.0,0.0,0.0,0.0,0.0,0.0,0.0,0.0,0.0,0.0,0.0,0.0,0.0,0.0,0.0,0.0,0.0,0.0,0.0,0.0,0.0,0.0,0.0,0.0,0.0,0.0,0.0,0.0,0.0,0.0,0.0,0.0,0.0,0.0
6587,0.0,0.37,0.36,0.0,0.0,0.42,0.0,0.0,0.1,0.39,0.43,0.27,0.42,0.38,0.38,0.09,0.36,0.02,0.03,0.36,0.4,0.45,0.44,0.26,0.48,0.4,0.0,0.0,0.41,0.38,0.39,0.0,0.0,0.0,0.0,0.38,0.34,0.39,0.43,0.37,0.42,0.43,0.42,0.34,0.27,0.43,0.42,0.0,0.0,0.43,0.39,0.39,0.35,0.38,0.38,0.02,0.0,0.38,0.39,0.1,0.39,0.39,0.41,0.39
6588,0.0,0.66,0.64,0.0,0.0,0.65,0.0,0.0,0.58,0.68,0.57,0.68,0.64,0.6,0.56,0.16,0.66,0.05,0.07,0.4,0.69,0.62,0.61,0.54,0.67,0.68,0.0,0.0,0.67,0.66,0.66,0.0,0.0,0.0,0.0,0.68,0.62,0.64,0.69,0.66,0.68,0.69,0.68,0.62,0.56,0.69,0.65,0.0,0.0,0.65,0.67,0.67,0.67,0.66,0.64,0.06,0.0,0.66,0.66,0.1,0.66,0.67,0.68,0.66
6589,0.0,0.76,0.75,0.0,0.0,0.74,0.0,0.0,0.66,0.76,0.68,0.76,0.75,0.23,0.68,0.65,0.74,0.1,0.13,0.66,0.76,0.2,0.72,0.67,0.74,0.76,0.0,0.0,0.75,0.75,0.76,0.0,0.0,0.0,0.0,0.77,0.69,0.75,0.78,0.75,0.76,0.78,0.76,0.71,0.65,0.78,0.74,0.0,0.0,0.74,0.76,0.76,0.75,0.76,0.76,0.02,0.0,0.74,0.75,0.5,0.75,0.76,0.77,0.75
6590,0.0,0.79,0.8,0.0,0.0,0.78,0.0,0.0,0.72,0.78,0.77,0.8,0.77,0.69,0.74,0.74,0.78,0.8,0.42,0.63,0.79,0.72,0.77,0.75,0.78,0.8,0.0,0.0,0.79,0.8,0.79,0.0,0.0,0.0,0.0,0.8,0.79,0.79,0.81,0.79,0.8,0.81,0.8,0.78,0.76,0.81,0.78,0.0,0.0,0.78,0.8,0.8,0.68,0.79,0.79,0.03,0.0,0.67,0.79,0.33,0.79,0.8,0.8,0.79
6591,0.0,0.8,0.81,0.0,0.0,0.79,0.0,0.0,0.8,0.77,0.8,0.81,0.76,0.78,0.74,0.78,0.8,0.81,0.82,0.74,0.8,0.79,0.79,0.8,0.79,0.81,0.0,0.0,0.8,0.81,0.8,0.0,0.0,0.0,0.0,0.82,0.81,0.8,0.82,0.8,0.81,0.82,0.81,0.8,0.8,0.82,0.8,0.0,0.0,0.79,0.81,0.81,0.81,0.8,0.81,0.04,0.0,0.79,0.8,0.73,0.8,0.81,0.82,0.8
6592,0.0,0.8,0.8,0.0,0.0,0.79,0.0,0.0,0.79,0.76,0.79,0.81,0.79,0.8,0.79,0.79,0.79,0.8,0.82,0.8,0.8,0.8,0.78,0.8,0.79,0.8,0.0,0.0,0.8,0.8,0.8,0.0,0.0,0.0,0.0,0.81,0.8,0.81,0.81,0.8,0.81,0.81,0.8,0.8,0.8,0.81,0.8,0.0,0.0,0.79,0.81,0.8,0.8,0.56,0.8,0.05,0.0,0.34,0.8,0.09,0.8,0.81,0.81,0.8
6593,0.0,0.8,0.8,0.0,0.0,0.8,0.0,0.0,0.79,0.74,0.79,0.8,0.79,0.8,0.8,0.8,0.79,0.79,0.78,0.8,0.79,0.8,0.79,0.8,0.79,0.8,0.0,0.0,0.79,0.8,0.8,0.0,0.0,0.0,0.0,0.8,0.8,0.81,0.81,0.81,0.81,0.81,0.8,0.8,0.8,0.81,0.8,0.0,0.0,0.8,0.79,0.8,0.73,0.27,0.75,0.07,0.0,0.08,0.79,0.05,0.8,0.76,0.8,0.79
6594,0.0,0.77,0.78,0.0,0.0,0.77,0.0,0.0,0.75,0.03,0.76,0.78,0.76,0.77,0.77,0.77,0.76,0.77,0.78,0.77,0.76,0.77,0.76,0.76,0.76,0.78,0.0,0.0,0.77,0.77,0.77,0.0,0.0,0.0,0.0,0.77,0.76,0.78,0.78,0.77,0.78,0.78,0.77,0.76,0.76,0.78,0.78,0.0,0.0,0.77,0.2,0.77,0.26,0.09,0.08,0.06,0.0,0.11,0.37,0.04,0.45,0.15,0.78,0.43
6595,0.0,0.72,0.72,0.0,0.0,0.71,0.0,0.0,0.68,0.01,0.68,0.69,0.67,0.69,0.69,0.69,0.69,0.67,0.68,0.69,0.64,0.69,0.67,0.69,0.69,0.72,0.0,0.0,0.71,0.72,0.72,0.0,0.0,0.0,0.0,0.71,0.7,0.7,0.71,0.7,0.71,0.71,0.7,0.69,0.69,0.71,0.72,0.0,0.0,0.71,0.59,0.18,0.66,0.64,0.2,0.02,0.0,0.55,0.53,0.09,0.15,0.59,0.72,0.43
6596,0.0,0.55,0.55,0.0,0.0,0.53,0.0,0.0,0.46,0.0,0.48,0.06,0.04,0.46,0.46,0.46,0.11,0.42,0.44,0.46,0.03,0.46,0.4,0.49,0.49,0.16,0.0,0.0,0.07,0.55,0.29,0.0,0.0,0.0,0.0,0.53,0.51,0.12,0.41,0.1,0.09,0.53,0.34,0.49,0.49,0.28,0.54,0.0,0.0,0.53,0.5,0.53,0.4,0.35,0.41,0.0,0.0,0.3,0.5,0.01,0.52,0.47,0.53,0.52
6597,0.0,0.23,0.24,0.0,0.0,0.18,0.0,0.0,0.02,0.0,0.08,0.02,0.0,0.01,0.01,0.01,0.12,0.0,0.0,0.02,0.0,0.0,0.0,0.12,0.12,0.19,0.0,0.0,0.21,0.23,0.19,0.0,0.0,0.0,0.0,0.18,0.14,0.13,0.16,0.13,0.15,0.07,0.17,0.14,0.13,0.18,0.18,0.0,0.0,0.17,0.08,0.13,0.08,0.01,0.07,0.0,0.0,0.0,0.08,0.0,0.08,0.08,0.21,0.08
6598,0.0,0.0,0.0,0.0,0.0,0.0,0.0,0.0,0.0,0.0,0.0,0.0,0.0,0.0,0.0,0.0,0.0,0.0,0.0,0.0,0.0,0.0,0.0,0.0,0.0,0.0,0.0,0.0,0.0,0.0,0.0,0.0,0.0,0.0,0.0,0.0,0.0,0.0,0.0,0.0,0.0,0.0,0.0,0.0,0.0,0.0,0.0,0.0,0.0,0.0,0.0,0.0,0.0,0.0,0.0,0.0,0.0,0.0,0.0,0.0,0.0,0.0,0.0,0.0
6599,0.0,0.0,0.0,0.0,0.0,0.0,0.0,0.0,0.0,0.0,0.0,0.0,0.0,0.0,0.0,0.0,0.0,0.0,0.0,0.0,0.0,0.0,0.0,0.0,0.0,0.0,0.0,0.0,0.0,0.0,0.0,0.0,0.0,0.0,0.0,0.0,0.0,0.0,0.0,0.0,0.0,0.0,0.0,0.0,0.0,0.0,0.0,0.0,0.0,0.0,0.0,0.0,0.0,0.0,0.0,0.0,0.0,0.0,0.0,0.0,0.0,0.0,0.0,0.0
6600,0.0,0.0,0.0,0.0,0.0,0.0,0.0,0.0,0.0,0.0,0.0,0.0,0.0,0.0,0.0,0.0,0.0,0.0,0.0,0.0,0.0,0.0,0.0,0.0,0.0,0.0,0.0,0.0,0.0,0.0,0.0,0.0,0.0,0.0,0.0,0.0,0.0,0.0,0.0,0.0,0.0,0.0,0.0,0.0,0.0,0.0,0.0,0.0,0.0,0.0,0.0,0.0,0.0,0.0,0.0,0.0,0.0,0.0,0.0,0.0,0.0,0.0,0.0,0.0
6601,0.0,0.0,0.0,0.0,0.0,0.0,0.0,0.0,0.0,0.0,0.0,0.0,0.0,0.0,0.0,0.0,0.0,0.0,0.0,0.0,0.0,0.0,0.0,0.0,0.0,0.0,0.0,0.0,0.0,0.0,0.0,0.0,0.0,0.0,0.0,0.0,0.0,0.0,0.0,0.0,0.0,0.0,0.0,0.0,0.0,0.0,0.0,0.0,0.0,0.0,0.0,0.0,0.0,0.0,0.0,0.0,0.0,0.0,0.0,0.0,0.0,0.0,0.0,0.0
6602,0.0,0.0,0.0,0.0,0.0,0.0,0.0,0.0,0.0,0.0,0.0,0.0,0.0,0.0,0.0,0.0,0.0,0.0,0.0,0.0,0.0,0.0,0.0,0.0,0.0,0.0,0.0,0.0,0.0,0.0,0.0,0.0,0.0,0.0,0.0,0.0,0.0,0.0,0.0,0.0,0.0,0.0,0.0,0.0,0.0,0.0,0.0,0.0,0.0,0.0,0.0,0.0,0.0,0.0,0.0,0.0,0.0,0.0,0.0,0.0,0.0,0.0,0.0,0.0
6603,0.0,0.0,0.0,0.0,0.0,0.0,0.0,0.0,0.0,0.0,0.0,0.0,0.0,0.0,0.0,0.0,0.0,0.0,0.0,0.0,0.0,0.0,0.0,0.0,0.0,0.0,0.0,0.0,0.0,0.0,0.0,0.0,0.0,0.0,0.0,0.0,0.0,0.0,0.0,0.0,0.0,0.0,0.0,0.0,0.0,0.0,0.0,0.0,0.0,0.0,0.0,0.0,0.0,0.0,0.0,0.0,0.0,0.0,0.0,0.0,0.0,0.0,0.0,0.0
6604,0.0,0.0,0.0,0.0,0.0,0.0,0.0,0.0,0.0,0.0,0.0,0.0,0.0,0.0,0.0,0.0,0.0,0.0,0.0,0.0,0.0,0.0,0.0,0.0,0.0,0.0,0.0,0.0,0.0,0.0,0.0,0.0,0.0,0.0,0.0,0.0,0.0,0.0,0.0,0.0,0.0,0.0,0.0,0.0,0.0,0.0,0.0,0.0,0.0,0.0,0.0,0.0,0.0,0.0,0.0,0.0,0.0,0.0,0.0,0.0,0.0,0.0,0.0,0.0
6605,0.0,0.0,0.0,0.0,0.0,0.0,0.0,0.0,0.0,0.0,0.0,0.0,0.0,0.0,0.0,0.0,0.0,0.0,0.0,0.0,0.0,0.0,0.0,0.0,0.0,0.0,0.0,0.0,0.0,0.0,0.0,0.0,0.0,0.0,0.0,0.0,0.0,0.0,0.0,0.0,0.0,0.0,0.0,0.0,0.0,0.0,0.0,0.0,0.0,0.0,0.0,0.0,0.0,0.0,0.0,0.0,0.0,0.0,0.0,0.0,0.0,0.0,0.0,0.0
6606,0.0,0.0,0.0,0.0,0.0,0.0,0.0,0.0,0.0,0.0,0.0,0.0,0.0,0.0,0.0,0.0,0.0,0.0,0.0,0.0,0.0,0.0,0.0,0.0,0.0,0.0,0.0,0.0,0.0,0.0,0.0,0.0,0.0,0.0,0.0,0.0,0.0,0.0,0.0,0.0,0.0,0.0,0.0,0.0,0.0,0.0,0.0,0.0,0.0,0.0,0.0,0.0,0.0,0.0,0.0,0.0,0.0,0.0,0.0,0.0,0.0,0.0,0.0,0.0
6607,0.0,0.0,0.0,0.0,0.0,0.0,0.0,0.0,0.0,0.0,0.0,0.0,0.0,0.0,0.0,0.0,0.0,0.0,0.0,0.0,0.0,0.0,0.0,0.0,0.0,0.0,0.0,0.0,0.0,0.0,0.0,0.0,0.0,0.0,0.0,0.0,0.0,0.0,0.0,0.0,0.0,0.0,0.0,0.0,0.0,0.0,0.0,0.0,0.0,0.0,0.0,0.0,0.0,0.0,0.0,0.0,0.0,0.0,0.0,0.0,0.0,0.0,0.0,0.0
6608,0.0,0.0,0.0,0.0,0.0,0.0,0.0,0.0,0.0,0.0,0.0,0.0,0.0,0.0,0.0,0.0,0.0,0.0,0.0,0.0,0.0,0.0,0.0,0.0,0.0,0.0,0.0,0.0,0.0,0.0,0.0,0.0,0.0,0.0,0.0,0.0,0.0,0.0,0.0,0.0,0.0,0.0,0.0,0.0,0.0,0.0,0.0,0.0,0.0,0.0,0.0,0.0,0.0,0.0,0.0,0.0,0.0,0.0,0.0,0.0,0.0,0.0,0.0,0.0
6609,0.0,0.0,0.0,0.0,0.0,0.0,0.0,0.0,0.0,0.0,0.0,0.0,0.0,0.0,0.0,0.0,0.0,0.0,0.0,0.0,0.0,0.0,0.0,0.0,0.0,0.0,0.0,0.0,0.0,0.0,0.0,0.0,0.0,0.0,0.0,0.0,0.0,0.0,0.0,0.0,0.0,0.0,0.0,0.0,0.0,0.0,0.0,0.0,0.0,0.0,0.0,0.0,0.0,0.0,0.0,0.0,0.0,0.0,0.0,0.0,0.0,0.0,0.0,0.0
6610,0.0,0.0,0.0,0.0,0.0,0.0,0.0,0.0,0.0,0.0,0.0,0.0,0.0,0.0,0.0,0.0,0.0,0.0,0.0,0.0,0.0,0.0,0.0,0.0,0.0,0.0,0.0,0.0,0.0,0.0,0.0,0.0,0.0,0.0,0.0,0.0,0.0,0.0,0.0,0.0,0.0,0.0,0.0,0.0,0.0,0.0,0.0,0.0,0.0,0.0,0.0,0.0,0.0,0.0,0.0,0.0,0.0,0.0,0.0,0.0,0.0,0.0,0.0,0.0
6611,0.0,0.02,0.05,0.0,0.0,0.02,0.0,0.0,0.01,0.04,0.01,0.06,0.03,0.01,0.0,0.01,0.01,0.03,0.02,0.02,0.03,0.0,0.01,0.01,0.32,0.07,0.0,0.0,0.01,0.01,0.01,0.0,0.0,0.0,0.0,0.01,0.0,0.03,0.04,0.02,0.05,0.03,0.02,0.0,0.0,0.08,0.02,0.0,0.0,0.26,0.24,0.27,0.11,0.17,0.08,0.24,0.0,0.2,0.07,0.15,0.24,0.05,0.1,0.24
6612,0.0,0.05,0.11,0.0,0.0,0.02,0.0,0.0,0.01,0.09,0.02,0.04,0.01,0.0,0.0,0.0,0.03,0.02,0.03,0.01,0.05,0.0,0.0,0.01,0.53,0.38,0.0,0.0,0.37,0.09,0.4,0.0,0.0,0.0,0.0,0.04,0.17,0.13,0.13,0.17,0.04,0.04,0.05,0.01,0.03,0.27,0.02,0.0,0.0,0.01,0.43,0.34,0.42,0.41,0.4,0.58,0.0,0.48,0.36,0.48,0.37,0.44,0.37,0.36
6613,0.0,0.33,0.47,0.0,0.0,0.04,0.0,0.0,0.06,0.3,0.25,0.06,0.01,0.01,0.01,0.02,0.08,0.04,0.08,0.02,0.3,0.02,0.01,0.31,0.64,0.42,0.0,0.0,0.32,0.32,0.31,0.0,0.0,0.0,0.0,0.18,0.32,0.27,0.37,0.18,0.59,0.42,0.46,0.17,0.32,0.38,0.05,0.0,0.0,0.04,0.68,0.54,0.68,0.75,0.56,0.78,0.0,0.73,0.58,0.67,0.58,0.7,0.43,0.58
6614,0.0,0.58,0.67,0.0,0.0,0.04,0.0,0.0,0.49,0.47,0.21,0.12,0.02,0.04,0.03,0.04,0.26,0.08,0.14,0.12,0.41,0.03,0.02,0.28,0.09,0.79,0.0,0.0,0.76,0.61,0.74,0.0,0.0,0.0,0.0,0.6,0.38,0.43,0.65,0.42,0.41,0.47,0.43,0.47,0.26,0.63,0.07,0.0,0.0,0.04,0.84,0.77,0.71,0.83,0.78,0.82,0.0,0.84,0.8,0.84,0.78,0.84,0.66,0.78
6615,0.0,0.82,0.83,0.0,0.0,0.52,0.0,0.0,0.14,0.59,0.43,0.42,0.04,0.55,0.12,0.31,0.51,0.13,0.14,0.64,0.68,0.11,0.05,0.34,0.08,0.85,0.0,0.0,0.83,0.82,0.83,0.0,0.0,0.0,0.0,0.64,0.56,0.64,0.68,0.59,0.68,0.64,0.61,0.49,0.55,0.7,0.54,0.0,0.0,0.21,0.86,0.86,0.87,0.85,0.86,0.84,0.0,0.86,0.86,0.86,0.85,0.86,0.86,0.85
6616,0.0,0.83,0.83,0.0,0.0,0.72,0.0,0.0,0.44,0.6,0.58,0.65,0.05,0.33,0.54,0.29,0.56,0.16,0.16,0.16,0.38,0.6,0.06,0.5,0.06,0.86,0.0,0.0,0.84,0.84,0.85,0.0,0.0,0.0,0.0,0.84,0.6,0.57,0.86,0.55,0.54,0.85,0.85,0.54,0.54,0.86,0.71,0.0,0.0,0.7,0.86,0.86,0.87,0.85,0.87,0.84,0.0,0.86,0.86,0.86,0.86,0.86,0.86,0.86
6617,0.0,0.83,0.83,0.0,0.0,0.78,0.0,0.0,0.48,0.69,0.5,0.47,0.04,0.12,0.27,0.1,0.67,0.06,0.12,0.24,0.53,0.27,0.07,0.78,0.1,0.86,0.0,0.0,0.85,0.84,0.85,0.0,0.0,0.0,0.0,0.84,0.83,0.86,0.85,0.86,0.86,0.85,0.85,0.82,0.83,0.86,0.79,0.0,0.0,0.79,0.86,0.86,0.86,0.85,0.86,0.84,0.0,0.85,0.85,0.85,0.86,0.86,0.86,0.86
6618,0.0,0.81,0.8,0.0,0.0,0.77,0.0,0.0,0.8,0.55,0.82,0.84,0.04,0.47,0.42,0.35,0.83,0.41,0.47,0.71,0.34,0.34,0.04,0.8,0.04,0.83,0.0,0.0,0.84,0.82,0.83,0.0,0.0,0.0,0.0,0.82,0.8,0.84,0.84,0.84,0.84,0.84,0.83,0.8,0.8,0.84,0.78,0.0,0.0,0.77,0.85,0.85,0.84,0.83,0.84,0.82,0.0,0.83,0.84,0.84,0.85,0.84,0.85,0.85
6619,0.0,0.77,0.77,0.0,0.0,0.74,0.0,0.0,0.76,0.78,0.75,0.79,0.02,0.75,0.73,0.73,0.78,0.49,0.7,0.74,0.17,0.74,0.03,0.75,0.7,0.8,0.0,0.0,0.8,0.77,0.79,0.0,0.0,0.0,0.0,0.79,0.76,0.79,0.79,0.79,0.79,0.79,0.78,0.77,0.75,0.8,0.74,0.0,0.0,0.74,0.78,0.8,0.79,0.76,0.8,0.27,0.0,0.79,0.79,0.78,0.8,0.8,0.81,0.8
6620,0.0,0.66,0.67,0.0,0.0,0.62,0.0,0.0,0.61,0.62,0.62,0.64,0.22,0.6,0.59,0.59,0.64,0.59,0.17,0.6,0.63,0.6,0.21,0.62,0.59,0.67,0.0,0.0,0.67,0.66,0.66,0.0,0.0,0.0,0.0,0.66,0.63,0.65,0.66,0.65,0.66,0.66,0.65,0.63,0.63,0.66,0.63,0.0,0.0,0.62,0.53,0.66,0.64,0.45,0.65,0.06,0.0,0.48,0.57,0.64,0.63,0.52,0.68,0.62
6621,0.0,0.17,0.18,0.0,0.0,0.11,0.0,0.0,0.01,0.0,0.01,0.0,0.0,0.0,0.0,0.0,0.01,0.0,0.0,0.0,0.0,0.0,0.0,0.05,0.04,0.17,0.0,0.0,0.15,0.17,0.16,0.0,0.0,0.0,0.0,0.13,0.08,0.06,0.12,0.06,0.09,0.12,0.11,0.08,0.06,0.12,0.11,0.0,0.0,0.11,0.08,0.15,0.1,0.08,0.08,0.01,0.0,0.07,0.12,0.01,0.12,0.08,0.16,0.12
6622,0.0,0.0,0.0,0.0,0.0,0.0,0.0,0.0,0.0,0.0,0.0,0.0,0.0,0.0,0.0,0.0,0.0,0.0,0.0,0.0,0.0,0.0,0.0,0.0,0.0,0.0,0.0,0.0,0.0,0.0,0.0,0.0,0.0,0.0,0.0,0.0,0.0,0.0,0.0,0.0,0.0,0.0,0.0,0.0,0.0,0.0,0.0,0.0,0.0,0.0,0.0,0.0,0.0,0.0,0.0,0.0,0.0,0.0,0.0,0.0,0.0,0.0,0.0,0.0
6623,0.0,0.0,0.0,0.0,0.0,0.0,0.0,0.0,0.0,0.0,0.0,0.0,0.0,0.0,0.0,0.0,0.0,0.0,0.0,0.0,0.0,0.0,0.0,0.0,0.0,0.0,0.0,0.0,0.0,0.0,0.0,0.0,0.0,0.0,0.0,0.0,0.0,0.0,0.0,0.0,0.0,0.0,0.0,0.0,0.0,0.0,0.0,0.0,0.0,0.0,0.0,0.0,0.0,0.0,0.0,0.0,0.0,0.0,0.0,0.0,0.0,0.0,0.0,0.0
6624,0.0,0.0,0.0,0.0,0.0,0.0,0.0,0.0,0.0,0.0,0.0,0.0,0.0,0.0,0.0,0.0,0.0,0.0,0.0,0.0,0.0,0.0,0.0,0.0,0.0,0.0,0.0,0.0,0.0,0.0,0.0,0.0,0.0,0.0,0.0,0.0,0.0,0.0,0.0,0.0,0.0,0.0,0.0,0.0,0.0,0.0,0.0,0.0,0.0,0.0,0.0,0.0,0.0,0.0,0.0,0.0,0.0,0.0,0.0,0.0,0.0,0.0,0.0,0.0
6625,0.0,0.0,0.0,0.0,0.0,0.0,0.0,0.0,0.0,0.0,0.0,0.0,0.0,0.0,0.0,0.0,0.0,0.0,0.0,0.0,0.0,0.0,0.0,0.0,0.0,0.0,0.0,0.0,0.0,0.0,0.0,0.0,0.0,0.0,0.0,0.0,0.0,0.0,0.0,0.0,0.0,0.0,0.0,0.0,0.0,0.0,0.0,0.0,0.0,0.0,0.0,0.0,0.0,0.0,0.0,0.0,0.0,0.0,0.0,0.0,0.0,0.0,0.0,0.0
6626,0.0,0.0,0.0,0.0,0.0,0.0,0.0,0.0,0.0,0.0,0.0,0.0,0.0,0.0,0.0,0.0,0.0,0.0,0.0,0.0,0.0,0.0,0.0,0.0,0.0,0.0,0.0,0.0,0.0,0.0,0.0,0.0,0.0,0.0,0.0,0.0,0.0,0.0,0.0,0.0,0.0,0.0,0.0,0.0,0.0,0.0,0.0,0.0,0.0,0.0,0.0,0.0,0.0,0.0,0.0,0.0,0.0,0.0,0.0,0.0,0.0,0.0,0.0,0.0
6627,0.0,0.0,0.0,0.0,0.0,0.0,0.0,0.0,0.0,0.0,0.0,0.0,0.0,0.0,0.0,0.0,0.0,0.0,0.0,0.0,0.0,0.0,0.0,0.0,0.0,0.0,0.0,0.0,0.0,0.0,0.0,0.0,0.0,0.0,0.0,0.0,0.0,0.0,0.0,0.0,0.0,0.0,0.0,0.0,0.0,0.0,0.0,0.0,0.0,0.0,0.0,0.0,0.0,0.0,0.0,0.0,0.0,0.0,0.0,0.0,0.0,0.0,0.0,0.0
6628,0.0,0.0,0.0,0.0,0.0,0.0,0.0,0.0,0.0,0.0,0.0,0.0,0.0,0.0,0.0,0.0,0.0,0.0,0.0,0.0,0.0,0.0,0.0,0.0,0.0,0.0,0.0,0.0,0.0,0.0,0.0,0.0,0.0,0.0,0.0,0.0,0.0,0.0,0.0,0.0,0.0,0.0,0.0,0.0,0.0,0.0,0.0,0.0,0.0,0.0,0.0,0.0,0.0,0.0,0.0,0.0,0.0,0.0,0.0,0.0,0.0,0.0,0.0,0.0
6629,0.0,0.0,0.0,0.0,0.0,0.0,0.0,0.0,0.0,0.0,0.0,0.0,0.0,0.0,0.0,0.0,0.0,0.0,0.0,0.0,0.0,0.0,0.0,0.0,0.0,0.0,0.0,0.0,0.0,0.0,0.0,0.0,0.0,0.0,0.0,0.0,0.0,0.0,0.0,0.0,0.0,0.0,0.0,0.0,0.0,0.0,0.0,0.0,0.0,0.0,0.0,0.0,0.0,0.0,0.0,0.0,0.0,0.0,0.0,0.0,0.0,0.0,0.0,0.0
6630,0.0,0.0,0.0,0.0,0.0,0.0,0.0,0.0,0.0,0.0,0.0,0.0,0.0,0.0,0.0,0.0,0.0,0.0,0.0,0.0,0.0,0.0,0.0,0.0,0.0,0.0,0.0,0.0,0.0,0.0,0.0,0.0,0.0,0.0,0.0,0.0,0.0,0.0,0.0,0.0,0.0,0.0,0.0,0.0,0.0,0.0,0.0,0.0,0.0,0.0,0.0,0.0,0.0,0.0,0.0,0.0,0.0,0.0,0.0,0.0,0.0,0.0,0.0,0.0
6631,0.0,0.0,0.0,0.0,0.0,0.0,0.0,0.0,0.0,0.0,0.0,0.0,0.0,0.0,0.0,0.0,0.0,0.0,0.0,0.0,0.0,0.0,0.0,0.0,0.0,0.0,0.0,0.0,0.0,0.0,0.0,0.0,0.0,0.0,0.0,0.0,0.0,0.0,0.0,0.0,0.0,0.0,0.0,0.0,0.0,0.0,0.0,0.0,0.0,0.0,0.0,0.0,0.0,0.0,0.0,0.0,0.0,0.0,0.0,0.0,0.0,0.0,0.0,0.0
6632,0.0,0.0,0.0,0.0,0.0,0.0,0.0,0.0,0.0,0.0,0.0,0.0,0.0,0.0,0.0,0.0,0.0,0.0,0.0,0.0,0.0,0.0,0.0,0.0,0.0,0.0,0.0,0.0,0.0,0.0,0.0,0.0,0.0,0.0,0.0,0.0,0.0,0.0,0.0,0.0,0.0,0.0,0.0,0.0,0.0,0.0,0.0,0.0,0.0,0.0,0.0,0.0,0.0,0.0,0.0,0.0,0.0,0.0,0.0,0.0,0.0,0.0,0.0,0.0
6633,0.0,0.0,0.0,0.0,0.0,0.0,0.0,0.0,0.0,0.0,0.0,0.0,0.0,0.0,0.0,0.0,0.0,0.0,0.0,0.0,0.0,0.0,0.0,0.0,0.0,0.0,0.0,0.0,0.0,0.0,0.0,0.0,0.0,0.0,0.0,0.0,0.0,0.0,0.0,0.0,0.0,0.0,0.0,0.0,0.0,0.0,0.0,0.0,0.0,0.0,0.0,0.0,0.0,0.0,0.0,0.0,0.0,0.0,0.0,0.0,0.0,0.0,0.0,0.0
6634,0.0,0.0,0.0,0.0,0.0,0.0,0.0,0.0,0.0,0.0,0.0,0.0,0.01,0.0,0.05,0.01,0.0,0.0,0.0,0.01,0.0,0.03,0.0,0.0,0.02,0.0,0.0,0.0,0.0,0.0,0.0,0.0,0.0,0.0,0.0,0.0,0.0,0.0,0.0,0.0,0.0,0.0,0.0,0.0,0.0,0.0,0.0,0.0,0.0,0.0,0.0,0.0,0.0,0.0,0.0,0.0,0.0,0.0,0.0,0.0,0.0,0.0,0.0,0.0
6635,0.0,0.39,0.38,0.0,0.0,0.42,0.0,0.0,0.38,0.0,0.38,0.03,0.21,0.01,0.38,0.29,0.14,0.05,0.02,0.32,0.02,0.18,0.04,0.4,0.45,0.39,0.0,0.0,0.39,0.39,0.39,0.0,0.0,0.0,0.0,0.42,0.42,0.02,0.41,0.12,0.01,0.41,0.41,0.43,0.38,0.41,0.42,0.0,0.0,0.43,0.23,0.37,0.01,0.05,0.01,0.0,0.0,0.14,0.29,0.1,0.31,0.33,0.38,0.33
6636,0.0,0.68,0.68,0.0,0.0,0.68,0.0,0.0,0.57,0.01,0.54,0.59,0.66,0.03,0.65,0.67,0.14,0.52,0.04,0.63,0.1,0.24,0.08,0.69,0.69,0.69,0.0,0.0,0.69,0.69,0.68,0.0,0.0,0.0,0.0,0.7,0.69,0.62,0.7,0.66,0.5,0.7,0.69,0.7,0.69,0.7,0.68,0.0,0.0,0.68,0.35,0.68,0.02,0.53,0.01,0.0,0.0,0.47,0.44,0.01,0.61,0.35,0.69,0.58
6637,0.0,0.78,0.78,0.0,0.0,0.77,0.0,0.0,0.77,0.02,0.77,0.76,0.29,0.02,0.77,0.77,0.71,0.69,0.07,0.77,0.04,0.02,0.03,0.77,0.77,0.79,0.0,0.0,0.77,0.78,0.78,0.0,0.0,0.0,0.0,0.79,0.77,0.49,0.78,0.41,0.77,0.79,0.78,0.78,0.77,0.79,0.77,0.0,0.0,0.77,0.71,0.78,0.05,0.76,0.01,0.17,0.0,0.75,0.72,0.03,0.62,0.72,0.78,0.65
6638,0.0,0.82,0.82,0.0,0.0,0.81,0.0,0.0,0.72,0.06,0.69,0.81,0.24,0.13,0.8,0.8,0.8,0.83,0.18,0.8,0.03,0.17,0.03,0.81,0.81,0.82,0.0,0.0,0.81,0.82,0.82,0.0,0.0,0.0,0.0,0.82,0.8,0.75,0.82,0.8,0.72,0.82,0.81,0.81,0.81,0.82,0.81,0.0,0.0,0.81,0.78,0.82,0.29,0.71,0.03,0.09,0.0,0.72,0.8,0.05,0.81,0.78,0.82,0.82
6639,0.0,0.82,0.82,0.0,0.0,0.82,0.0,0.0,0.8,0.08,0.8,0.78,0.28,0.72,0.81,0.8,0.81,0.27,0.05,0.78,0.06,0.6,0.17,0.81,0.82,0.83,0.0,0.0,0.81,0.82,0.82,0.0,0.0,0.0,0.0,0.83,0.81,0.81,0.82,0.8,0.81,0.83,0.82,0.81,0.81,0.83,0.82,0.0,0.0,0.82,0.79,0.82,0.07,0.43,0.01,0.07,0.0,0.02,0.81,0.03,0.82,0.79,0.82,0.8
6640,0.0,0.82,0.82,0.0,0.0,0.82,0.0,0.0,0.8,0.05,0.8,0.42,0.08,0.8,0.81,0.8,0.63,0.2,0.06,0.8,0.06,0.8,0.81,0.81,0.83,0.82,0.0,0.0,0.81,0.82,0.81,0.0,0.0,0.0,0.0,0.82,0.81,0.8,0.82,0.8,0.13,0.82,0.81,0.81,0.81,0.82,0.82,0.0,0.0,0.82,0.06,0.82,0.03,0.02,0.04,0.06,0.0,0.79,0.8,0.11,0.73,0.11,0.82,0.75
6641,0.0,0.8,0.8,0.0,0.0,0.8,0.0,0.0,0.78,0.02,0.78,0.63,0.03,0.78,0.79,0.79,0.54,0.34,0.06,0.78,0.06,0.79,0.04,0.79,0.82,0.81,0.0,0.0,0.8,0.8,0.8,0.0,0.0,0.0,0.0,0.8,0.79,0.79,0.8,0.8,0.03,0.81,0.79,0.79,0.79,0.81,0.81,0.0,0.0,0.81,0.01,0.79,0.01,0.01,0.02,0.22,0.0,0.03,0.81,0.1,0.51,0.01,0.8,0.8
6642,0.0,0.78,0.78,0.0,0.0,0.77,0.0,0.0,0.75,0.02,0.07,0.22,0.01,0.75,0.76,0.75,0.36,0.71,0.16,0.73,0.01,0.75,0.02,0.76,0.78,0.78,0.0,0.0,0.77,0.78,0.77,0.0,0.0,0.0,0.0,0.78,0.76,0.78,0.78,0.77,0.01,0.78,0.77,0.77,0.76,0.78,0.77,0.0,0.0,0.78,0.0,0.11,0.03,0.0,0.18,0.09,0.0,0.01,0.01,0.66,0.01,0.0,0.78,0.01
6643,0.0,0.7,0.7,0.0,0.0,0.69,0.0,0.0,0.02,0.02,0.02,0.16,0.04,0.02,0.65,0.65,0.03,0.27,0.13,0.65,0.01,0.02,0.63,0.66,0.7,0.7,0.0,0.0,0.68,0.7,0.69,0.0,0.0,0.0,0.0,0.69,0.67,0.09,0.69,0.14,0.0,0.69,0.68,0.67,0.67,0.69,0.69,0.0,0.0,0.7,0.01,0.03,0.07,0.01,0.08,0.02,0.0,0.03,0.06,0.52,0.02,0.01,0.7,0.04
6644,0.0,0.64,0.64,0.0,0.0,0.63,0.0,0.0,0.01,0.01,0.02,0.39,0.02,0.01,0.57,0.57,0.26,0.24,0.17,0.03,0.0,0.01,0.03,0.6,0.62,0.64,0.0,0.0,0.63,0.64,0.63,0.0,0.0,0.0,0.0,0.62,0.6,0.0,0.63,0.1,0.0,0.63,0.61,0.6,0.6,0.63,0.63,0.0,0.0,0.63,0.0,0.02,0.27,0.03,0.02,0.0,0.0,0.38,0.01,0.01,0.01,0.0,0.64,0.01
6645,0.0,0.14,0.15,0.0,0.0,0.09,0.0,0.0,0.0,0.0,0.0,0.0,0.0,0.0,0.0,0.0,0.0,0.0,0.0,0.0,0.0,0.0,0.0,0.01,0.01,0.14,0.0,0.0,0.12,0.14,0.13,0.0,0.0,0.0,0.0,0.1,0.0,0.0,0.1,0.0,0.0,0.09,0.08,0.03,0.01,0.09,0.09,0.0,0.0,0.08,0.0,0.0,0.02,0.04,0.0,0.0,0.0,0.04,0.0,0.0,0.0,0.0,0.12,0.0
6646,0.0,0.0,0.0,0.0,0.0,0.0,0.0,0.0,0.0,0.0,0.0,0.0,0.0,0.0,0.0,0.0,0.0,0.0,0.0,0.0,0.0,0.0,0.0,0.0,0.0,0.0,0.0,0.0,0.0,0.0,0.0,0.0,0.0,0.0,0.0,0.0,0.0,0.0,0.0,0.0,0.0,0.0,0.0,0.0,0.0,0.0,0.0,0.0,0.0,0.0,0.0,0.0,0.0,0.0,0.0,0.0,0.0,0.0,0.0,0.0,0.0,0.0,0.0,0.0
6647,0.0,0.0,0.0,0.0,0.0,0.0,0.0,0.0,0.0,0.0,0.0,0.0,0.0,0.0,0.0,0.0,0.0,0.0,0.0,0.0,0.0,0.0,0.0,0.0,0.0,0.0,0.0,0.0,0.0,0.0,0.0,0.0,0.0,0.0,0.0,0.0,0.0,0.0,0.0,0.0,0.0,0.0,0.0,0.0,0.0,0.0,0.0,0.0,0.0,0.0,0.0,0.0,0.0,0.0,0.0,0.0,0.0,0.0,0.0,0.0,0.0,0.0,0.0,0.0
6648,0.0,0.0,0.0,0.0,0.0,0.0,0.0,0.0,0.0,0.0,0.0,0.0,0.0,0.0,0.0,0.0,0.0,0.0,0.0,0.0,0.0,0.0,0.0,0.0,0.0,0.0,0.0,0.0,0.0,0.0,0.0,0.0,0.0,0.0,0.0,0.0,0.0,0.0,0.0,0.0,0.0,0.0,0.0,0.0,0.0,0.0,0.0,0.0,0.0,0.0,0.0,0.0,0.0,0.0,0.0,0.0,0.0,0.0,0.0,0.0,0.0,0.0,0.0,0.0
6649,0.0,0.0,0.0,0.0,0.0,0.0,0.0,0.0,0.0,0.0,0.0,0.0,0.0,0.0,0.0,0.0,0.0,0.0,0.0,0.0,0.0,0.0,0.0,0.0,0.0,0.0,0.0,0.0,0.0,0.0,0.0,0.0,0.0,0.0,0.0,0.0,0.0,0.0,0.0,0.0,0.0,0.0,0.0,0.0,0.0,0.0,0.0,0.0,0.0,0.0,0.0,0.0,0.0,0.0,0.0,0.0,0.0,0.0,0.0,0.0,0.0,0.0,0.0,0.0
6650,0.0,0.0,0.0,0.0,0.0,0.0,0.0,0.0,0.0,0.0,0.0,0.0,0.0,0.0,0.0,0.0,0.0,0.0,0.0,0.0,0.0,0.0,0.0,0.0,0.0,0.0,0.0,0.0,0.0,0.0,0.0,0.0,0.0,0.0,0.0,0.0,0.0,0.0,0.0,0.0,0.0,0.0,0.0,0.0,0.0,0.0,0.0,0.0,0.0,0.0,0.0,0.0,0.0,0.0,0.0,0.0,0.0,0.0,0.0,0.0,0.0,0.0,0.0,0.0
6651,0.0,0.0,0.0,0.0,0.0,0.0,0.0,0.0,0.0,0.0,0.0,0.0,0.0,0.0,0.0,0.0,0.0,0.0,0.0,0.0,0.0,0.0,0.0,0.0,0.0,0.0,0.0,0.0,0.0,0.0,0.0,0.0,0.0,0.0,0.0,0.0,0.0,0.0,0.0,0.0,0.0,0.0,0.0,0.0,0.0,0.0,0.0,0.0,0.0,0.0,0.0,0.0,0.0,0.0,0.0,0.0,0.0,0.0,0.0,0.0,0.0,0.0,0.0,0.0
6652,0.0,0.0,0.0,0.0,0.0,0.0,0.0,0.0,0.0,0.0,0.0,0.0,0.0,0.0,0.0,0.0,0.0,0.0,0.0,0.0,0.0,0.0,0.0,0.0,0.0,0.0,0.0,0.0,0.0,0.0,0.0,0.0,0.0,0.0,0.0,0.0,0.0,0.0,0.0,0.0,0.0,0.0,0.0,0.0,0.0,0.0,0.0,0.0,0.0,0.0,0.0,0.0,0.0,0.0,0.0,0.0,0.0,0.0,0.0,0.0,0.0,0.0,0.0,0.0
6653,0.0,0.0,0.0,0.0,0.0,0.0,0.0,0.0,0.0,0.0,0.0,0.0,0.0,0.0,0.0,0.0,0.0,0.0,0.0,0.0,0.0,0.0,0.0,0.0,0.0,0.0,0.0,0.0,0.0,0.0,0.0,0.0,0.0,0.0,0.0,0.0,0.0,0.0,0.0,0.0,0.0,0.0,0.0,0.0,0.0,0.0,0.0,0.0,0.0,0.0,0.0,0.0,0.0,0.0,0.0,0.0,0.0,0.0,0.0,0.0,0.0,0.0,0.0,0.0
6654,0.0,0.0,0.0,0.0,0.0,0.0,0.0,0.0,0.0,0.0,0.0,0.0,0.0,0.0,0.0,0.0,0.0,0.0,0.0,0.0,0.0,0.0,0.0,0.0,0.0,0.0,0.0,0.0,0.0,0.0,0.0,0.0,0.0,0.0,0.0,0.0,0.0,0.0,0.0,0.0,0.0,0.0,0.0,0.0,0.0,0.0,0.0,0.0,0.0,0.0,0.0,0.0,0.0,0.0,0.0,0.0,0.0,0.0,0.0,0.0,0.0,0.0,0.0,0.0
6655,0.0,0.0,0.0,0.0,0.0,0.0,0.0,0.0,0.0,0.0,0.0,0.0,0.0,0.0,0.0,0.0,0.0,0.0,0.0,0.0,0.0,0.0,0.0,0.0,0.0,0.0,0.0,0.0,0.0,0.0,0.0,0.0,0.0,0.0,0.0,0.0,0.0,0.0,0.0,0.0,0.0,0.0,0.0,0.0,0.0,0.0,0.0,0.0,0.0,0.0,0.0,0.0,0.0,0.0,0.0,0.0,0.0,0.0,0.0,0.0,0.0,0.0,0.0,0.0
6656,0.0,0.0,0.0,0.0,0.0,0.0,0.0,0.0,0.0,0.0,0.0,0.0,0.0,0.0,0.0,0.0,0.0,0.0,0.0,0.0,0.0,0.0,0.0,0.0,0.0,0.0,0.0,0.0,0.0,0.0,0.0,0.0,0.0,0.0,0.0,0.0,0.0,0.0,0.0,0.0,0.0,0.0,0.0,0.0,0.0,0.0,0.0,0.0,0.0,0.0,0.0,0.0,0.0,0.0,0.0,0.0,0.0,0.0,0.0,0.0,0.0,0.0,0.0,0.0
6657,0.0,0.0,0.0,0.0,0.0,0.0,0.0,0.0,0.0,0.0,0.0,0.0,0.0,0.0,0.0,0.0,0.0,0.0,0.0,0.0,0.0,0.0,0.0,0.0,0.0,0.0,0.0,0.0,0.0,0.0,0.0,0.0,0.0,0.0,0.0,0.0,0.0,0.0,0.0,0.0,0.0,0.0,0.0,0.0,0.0,0.0,0.0,0.0,0.0,0.0,0.0,0.0,0.0,0.0,0.0,0.0,0.0,0.0,0.0,0.0,0.0,0.0,0.0,0.0
6658,0.0,0.0,0.0,0.0,0.0,0.0,0.0,0.0,0.0,0.0,0.0,0.0,0.04,0.0,0.0,0.0,0.0,0.0,0.0,0.0,0.0,0.0,0.04,0.0,0.0,0.0,0.0,0.0,0.0,0.0,0.0,0.0,0.0,0.0,0.0,0.0,0.0,0.0,0.0,0.0,0.0,0.0,0.0,0.0,0.0,0.0,0.0,0.0,0.0,0.0,0.0,0.0,0.0,0.0,0.0,0.0,0.0,0.0,0.0,0.0,0.0,0.0,0.0,0.0
6659,0.0,0.5,0.5,0.0,0.0,0.5,0.0,0.0,0.58,0.57,0.57,0.59,0.6,0.59,0.59,0.58,0.58,0.6,0.6,0.58,0.57,0.59,0.6,0.56,0.04,0.51,0.0,0.0,0.51,0.5,0.51,0.0,0.0,0.0,0.0,0.54,0.56,0.58,0.54,0.58,0.57,0.55,0.55,0.56,0.56,0.54,0.51,0.0,0.0,0.51,0.5,0.49,0.52,0.48,0.54,0.47,0.0,0.5,0.51,0.51,0.5,0.5,0.51,0.51
6660,0.0,0.71,0.72,0.0,0.0,0.72,0.0,0.0,0.74,0.76,0.73,0.76,0.75,0.75,0.76,0.75,0.76,0.76,0.76,0.74,0.75,0.75,0.75,0.72,0.04,0.73,0.0,0.0,0.7,0.72,0.71,0.0,0.0,0.0,0.0,0.73,0.73,0.76,0.73,0.76,0.76,0.73,0.73,0.73,0.73,0.73,0.72,0.0,0.0,0.72,0.73,0.72,0.72,0.72,0.73,0.72,0.0,0.7,0.72,0.71,0.72,0.73,0.72,0.72
6661,0.0,0.8,0.81,0.0,0.0,0.8,0.0,0.0,0.79,0.82,0.78,0.83,0.82,0.8,0.81,0.8,0.81,0.8,0.82,0.8,0.81,0.81,0.82,0.78,0.15,0.82,0.0,0.0,0.79,0.8,0.8,0.0,0.0,0.0,0.0,0.78,0.78,0.81,0.8,0.82,0.82,0.8,0.79,0.78,0.79,0.8,0.8,0.0,0.0,0.8,0.8,0.81,0.8,0.79,0.8,0.78,0.0,0.8,0.81,0.8,0.81,0.8,0.82,0.81
6662,0.0,0.84,0.84,0.0,0.0,0.82,0.0,0.0,0.8,0.84,0.81,0.85,0.84,0.83,0.83,0.82,0.84,0.3,0.21,0.82,0.85,0.83,0.84,0.81,0.84,0.85,0.0,0.0,0.84,0.84,0.84,0.0,0.0,0.0,0.0,0.81,0.81,0.84,0.83,0.85,0.85,0.83,0.82,0.82,0.82,0.84,0.82,0.0,0.0,0.83,0.83,0.84,0.84,0.54,0.24,0.78,0.0,0.21,0.82,0.82,0.83,0.83,0.85,0.83
6663,0.0,0.85,0.85,0.0,0.0,0.82,0.0,0.0,0.82,0.44,0.83,0.85,0.84,0.82,0.84,0.83,0.84,0.85,0.85,0.82,0.85,0.83,0.85,0.84,0.84,0.86,0.0,0.0,0.84,0.85,0.85,0.0,0.0,0.0,0.0,0.83,0.83,0.86,0.85,0.85,0.86,0.84,0.84,0.82,0.84,0.85,0.82,0.0,0.0,0.82,0.56,0.84,0.16,0.82,0.27,0.8,0.0,0.19,0.5,0.37,0.84,0.33,0.86,0.33
6664,0.0,0.84,0.84,0.0,0.0,0.81,0.0,0.0,0.82,0.84,0.82,0.44,0.84,0.82,0.82,0.82,0.32,0.21,0.22,0.82,0.86,0.82,0.54,0.84,0.82,0.85,0.0,0.0,0.83,0.84,0.84,0.0,0.0,0.0,0.0,0.84,0.84,0.85,0.85,0.85,0.56,0.84,0.84,0.83,0.83,0.85,0.81,0.0,0.0,0.81,0.82,0.84,0.25,0.27,0.2,0.8,0.0,0.83,0.84,0.83,0.83,0.83,0.84,0.83
6665,0.0,0.83,0.83,0.0,0.0,0.81,0.0,0.0,0.82,0.6,0.83,0.34,0.27,0.74,0.83,0.82,0.3,0.71,0.52,0.82,0.85,0.82,0.26,0.83,0.81,0.85,0.0,0.0,0.85,0.84,0.84,0.0,0.0,0.0,0.0,0.83,0.32,0.85,0.84,0.85,0.26,0.84,0.83,0.83,0.37,0.84,0.82,0.0,0.0,0.81,0.84,0.86,0.84,0.53,0.83,0.8,0.0,0.83,0.83,0.82,0.85,0.84,0.85,0.85
6666,0.0,0.81,0.81,0.0,0.0,0.79,0.0,0.0,0.36,0.77,0.79,0.39,0.22,0.21,0.24,0.79,0.37,0.8,0.79,0.79,0.78,0.79,0.16,0.8,0.78,0.83,0.0,0.0,0.83,0.82,0.82,0.0,0.0,0.0,0.0,0.83,0.48,0.82,0.81,0.83,0.12,0.82,0.81,0.79,0.8,0.83,0.8,0.0,0.0,0.8,0.84,0.85,0.37,0.27,0.79,0.82,0.0,0.82,0.83,0.77,0.85,0.36,0.85,0.84
6667,0.0,0.77,0.78,0.0,0.0,0.75,0.0,0.0,0.25,0.66,0.14,0.43,0.28,0.73,0.18,0.17,0.75,0.7,0.3,0.73,0.18,0.73,0.7,0.11,0.72,0.8,0.0,0.0,0.8,0.78,0.78,0.0,0.0,0.0,0.0,0.78,0.75,0.75,0.79,0.78,0.76,0.78,0.78,0.74,0.18,0.79,0.76,0.0,0.0,0.75,0.8,0.8,0.32,0.77,0.76,0.78,0.0,0.78,0.79,0.77,0.8,0.8,0.8,0.8
6668,0.0,0.64,0.66,0.0,0.0,0.62,0.0,0.0,0.09,0.36,0.6,0.55,0.04,0.16,0.56,0.04,0.54,0.48,0.55,0.05,0.49,0.56,0.44,0.03,0.59,0.67,0.0,0.0,0.66,0.65,0.66,0.0,0.0,0.0,0.0,0.65,0.6,0.61,0.65,0.61,0.62,0.64,0.64,0.59,0.05,0.65,0.62,0.0,0.0,0.61,0.65,0.67,0.58,0.58,0.1,0.61,0.0,0.58,0.64,0.64,0.66,0.66,0.67,0.63
6669,0.0,0.12,0.13,0.0,0.0,0.06,0.0,0.0,0.0,0.0,0.0,0.0,0.0,0.0,0.0,0.0,0.0,0.0,0.0,0.0,0.0,0.0,0.0,0.0,0.0,0.12,0.0,0.0,0.11,0.12,0.12,0.0,0.0,0.0,0.0,0.07,0.01,0.0,0.06,0.0,0.01,0.06,0.05,0.0,0.0,0.06,0.05,0.0,0.0,0.05,0.1,0.11,0.05,0.1,0.0,0.06,0.0,0.07,0.08,0.03,0.09,0.1,0.11,0.0
6670,0.0,0.0,0.0,0.0,0.0,0.0,0.0,0.0,0.0,0.0,0.0,0.0,0.0,0.0,0.0,0.0,0.0,0.0,0.0,0.0,0.0,0.0,0.0,0.0,0.0,0.0,0.0,0.0,0.0,0.0,0.0,0.0,0.0,0.0,0.0,0.0,0.0,0.0,0.0,0.0,0.0,0.0,0.0,0.0,0.0,0.0,0.0,0.0,0.0,0.0,0.0,0.0,0.0,0.0,0.0,0.0,0.0,0.0,0.0,0.0,0.0,0.0,0.0,0.0
6671,0.0,0.0,0.0,0.0,0.0,0.0,0.0,0.0,0.0,0.0,0.0,0.0,0.0,0.0,0.0,0.0,0.0,0.0,0.0,0.0,0.0,0.0,0.0,0.0,0.0,0.0,0.0,0.0,0.0,0.0,0.0,0.0,0.0,0.0,0.0,0.0,0.0,0.0,0.0,0.0,0.0,0.0,0.0,0.0,0.0,0.0,0.0,0.0,0.0,0.0,0.0,0.0,0.0,0.0,0.0,0.0,0.0,0.0,0.0,0.0,0.0,0.0,0.0,0.0
6672,0.0,0.0,0.0,0.0,0.0,0.0,0.0,0.0,0.0,0.0,0.0,0.0,0.0,0.0,0.0,0.0,0.0,0.0,0.0,0.0,0.0,0.0,0.0,0.0,0.0,0.0,0.0,0.0,0.0,0.0,0.0,0.0,0.0,0.0,0.0,0.0,0.0,0.0,0.0,0.0,0.0,0.0,0.0,0.0,0.0,0.0,0.0,0.0,0.0,0.0,0.0,0.0,0.0,0.0,0.0,0.0,0.0,0.0,0.0,0.0,0.0,0.0,0.0,0.0
6673,0.0,0.0,0.0,0.0,0.0,0.0,0.0,0.0,0.0,0.0,0.0,0.0,0.0,0.0,0.0,0.0,0.0,0.0,0.0,0.0,0.0,0.0,0.0,0.0,0.0,0.0,0.0,0.0,0.0,0.0,0.0,0.0,0.0,0.0,0.0,0.0,0.0,0.0,0.0,0.0,0.0,0.0,0.0,0.0,0.0,0.0,0.0,0.0,0.0,0.0,0.0,0.0,0.0,0.0,0.0,0.0,0.0,0.0,0.0,0.0,0.0,0.0,0.0,0.0
6674,0.0,0.0,0.0,0.0,0.0,0.0,0.0,0.0,0.0,0.0,0.0,0.0,0.0,0.0,0.0,0.0,0.0,0.0,0.0,0.0,0.0,0.0,0.0,0.0,0.0,0.0,0.0,0.0,0.0,0.0,0.0,0.0,0.0,0.0,0.0,0.0,0.0,0.0,0.0,0.0,0.0,0.0,0.0,0.0,0.0,0.0,0.0,0.0,0.0,0.0,0.0,0.0,0.0,0.0,0.0,0.0,0.0,0.0,0.0,0.0,0.0,0.0,0.0,0.0
6675,0.0,0.0,0.0,0.0,0.0,0.0,0.0,0.0,0.0,0.0,0.0,0.0,0.0,0.0,0.0,0.0,0.0,0.0,0.0,0.0,0.0,0.0,0.0,0.0,0.0,0.0,0.0,0.0,0.0,0.0,0.0,0.0,0.0,0.0,0.0,0.0,0.0,0.0,0.0,0.0,0.0,0.0,0.0,0.0,0.0,0.0,0.0,0.0,0.0,0.0,0.0,0.0,0.0,0.0,0.0,0.0,0.0,0.0,0.0,0.0,0.0,0.0,0.0,0.0
6676,0.0,0.0,0.0,0.0,0.0,0.0,0.0,0.0,0.0,0.0,0.0,0.0,0.0,0.0,0.0,0.0,0.0,0.0,0.0,0.0,0.0,0.0,0.0,0.0,0.0,0.0,0.0,0.0,0.0,0.0,0.0,0.0,0.0,0.0,0.0,0.0,0.0,0.0,0.0,0.0,0.0,0.0,0.0,0.0,0.0,0.0,0.0,0.0,0.0,0.0,0.0,0.0,0.0,0.0,0.0,0.0,0.0,0.0,0.0,0.0,0.0,0.0,0.0,0.0
6677,0.0,0.0,0.0,0.0,0.0,0.0,0.0,0.0,0.0,0.0,0.0,0.0,0.0,0.0,0.0,0.0,0.0,0.0,0.0,0.0,0.0,0.0,0.0,0.0,0.0,0.0,0.0,0.0,0.0,0.0,0.0,0.0,0.0,0.0,0.0,0.0,0.0,0.0,0.0,0.0,0.0,0.0,0.0,0.0,0.0,0.0,0.0,0.0,0.0,0.0,0.0,0.0,0.0,0.0,0.0,0.0,0.0,0.0,0.0,0.0,0.0,0.0,0.0,0.0
6678,0.0,0.0,0.0,0.0,0.0,0.0,0.0,0.0,0.0,0.0,0.0,0.0,0.0,0.0,0.0,0.0,0.0,0.0,0.0,0.0,0.0,0.0,0.0,0.0,0.0,0.0,0.0,0.0,0.0,0.0,0.0,0.0,0.0,0.0,0.0,0.0,0.0,0.0,0.0,0.0,0.0,0.0,0.0,0.0,0.0,0.0,0.0,0.0,0.0,0.0,0.0,0.0,0.0,0.0,0.0,0.0,0.0,0.0,0.0,0.0,0.0,0.0,0.0,0.0
6679,0.0,0.0,0.0,0.0,0.0,0.0,0.0,0.0,0.0,0.0,0.0,0.0,0.0,0.0,0.0,0.0,0.0,0.0,0.0,0.0,0.0,0.0,0.0,0.0,0.0,0.0,0.0,0.0,0.0,0.0,0.0,0.0,0.0,0.0,0.0,0.0,0.0,0.0,0.0,0.0,0.0,0.0,0.0,0.0,0.0,0.0,0.0,0.0,0.0,0.0,0.0,0.0,0.0,0.0,0.0,0.0,0.0,0.0,0.0,0.0,0.0,0.0,0.0,0.0
6680,0.0,0.0,0.0,0.0,0.0,0.0,0.0,0.0,0.0,0.0,0.0,0.0,0.0,0.0,0.0,0.0,0.0,0.0,0.0,0.0,0.0,0.0,0.0,0.0,0.0,0.0,0.0,0.0,0.0,0.0,0.0,0.0,0.0,0.0,0.0,0.0,0.0,0.0,0.0,0.0,0.0,0.0,0.0,0.0,0.0,0.0,0.0,0.0,0.0,0.0,0.0,0.0,0.0,0.0,0.0,0.0,0.0,0.0,0.0,0.0,0.0,0.0,0.0,0.0
6681,0.0,0.0,0.0,0.0,0.0,0.0,0.0,0.0,0.0,0.0,0.0,0.0,0.0,0.0,0.0,0.0,0.0,0.0,0.0,0.0,0.0,0.0,0.0,0.0,0.0,0.0,0.0,0.0,0.0,0.0,0.0,0.0,0.0,0.0,0.0,0.0,0.0,0.0,0.0,0.0,0.0,0.0,0.0,0.0,0.0,0.0,0.0,0.0,0.0,0.0,0.0,0.0,0.0,0.0,0.0,0.0,0.0,0.0,0.0,0.0,0.0,0.0,0.0,0.0
6682,0.0,0.0,0.0,0.0,0.0,0.0,0.0,0.0,0.0,0.0,0.0,0.0,0.13,0.02,0.02,0.01,0.0,0.02,0.02,0.01,0.0,0.02,0.12,0.0,0.0,0.0,0.0,0.0,0.0,0.0,0.0,0.0,0.0,0.0,0.0,0.0,0.0,0.0,0.0,0.0,0.0,0.0,0.0,0.0,0.0,0.0,0.0,0.0,0.0,0.0,0.0,0.0,0.0,0.0,0.0,0.0,0.0,0.0,0.0,0.0,0.0,0.0,0.0,0.0
6683,0.0,0.55,0.54,0.0,0.0,0.59,0.0,0.0,0.61,0.63,0.59,0.63,0.65,0.63,0.63,0.62,0.61,0.65,0.66,0.61,0.64,0.64,0.65,0.6,0.61,0.55,0.0,0.0,0.56,0.55,0.56,0.0,0.0,0.0,0.0,0.56,0.6,0.61,0.57,0.61,0.6,0.58,0.58,0.6,0.6,0.57,0.59,0.0,0.0,0.59,0.55,0.54,0.57,0.54,0.58,0.54,0.0,0.55,0.56,0.56,0.55,0.55,0.56,0.56
6684,0.0,0.72,0.72,0.0,0.0,0.72,0.0,0.0,0.72,0.78,0.71,0.77,0.79,0.75,0.75,0.73,0.76,0.79,0.8,0.73,0.78,0.76,0.78,0.73,0.74,0.72,0.0,0.0,0.71,0.72,0.72,0.0,0.0,0.0,0.0,0.7,0.72,0.74,0.72,0.75,0.74,0.73,0.73,0.73,0.73,0.73,0.72,0.0,0.0,0.72,0.73,0.72,0.73,0.72,0.74,0.72,0.0,0.72,0.73,0.72,0.73,0.73,0.73,0.73
6685,0.0,0.75,0.74,0.0,0.0,0.74,0.0,0.0,0.75,0.81,0.74,0.79,0.8,0.77,0.77,0.76,0.78,0.81,0.82,0.75,0.8,0.77,0.8,0.75,0.75,0.75,0.0,0.0,0.74,0.75,0.74,0.0,0.0,0.0,0.0,0.73,0.75,0.77,0.75,0.78,0.77,0.76,0.76,0.75,0.75,0.76,0.74,0.0,0.0,0.74,0.77,0.75,0.76,0.76,0.76,0.75,0.0,0.75,0.76,0.75,0.76,0.77,0.76,0.76
6686,0.0,0.78,0.78,0.0,0.0,0.77,0.0,0.0,0.78,0.84,0.78,0.83,0.83,0.8,0.8,0.8,0.81,0.84,0.86,0.79,0.84,0.81,0.83,0.79,0.79,0.79,0.0,0.0,0.78,0.78,0.78,0.0,0.0,0.0,0.0,0.78,0.79,0.8,0.79,0.81,0.8,0.79,0.79,0.79,0.79,0.8,0.77,0.0,0.0,0.77,0.81,0.8,0.8,0.81,0.81,0.79,0.0,0.8,0.8,0.8,0.81,0.81,0.8,0.81
6687,0.0,0.79,0.79,0.0,0.0,0.77,0.0,0.0,0.79,0.86,0.79,0.83,0.84,0.81,0.81,0.8,0.81,0.86,0.86,0.8,0.25,0.82,0.85,0.8,0.8,0.8,0.0,0.0,0.8,0.79,0.8,0.0,0.0,0.0,0.0,0.79,0.8,0.8,0.81,0.81,0.82,0.8,0.8,0.8,0.8,0.81,0.77,0.0,0.0,0.75,0.83,0.82,0.82,0.82,0.83,0.81,0.0,0.82,0.82,0.82,0.83,0.83,0.82,0.83
6688,0.0,0.77,0.76,0.0,0.0,0.75,0.0,0.0,0.8,0.86,0.79,0.84,0.84,0.8,0.8,0.8,0.82,0.84,0.86,0.8,0.84,0.82,0.85,0.8,0.8,0.79,0.0,0.0,0.8,0.78,0.78,0.0,0.0,0.0,0.0,0.79,0.8,0.8,0.81,0.81,0.82,0.81,0.8,0.8,0.8,0.82,0.76,0.0,0.0,0.75,0.83,0.82,0.83,0.82,0.84,0.8,0.0,0.81,0.82,0.82,0.83,0.83,0.82,0.83
6689,0.0,0.76,0.76,0.0,0.0,0.74,0.0,0.0,0.78,0.84,0.78,0.82,0.8,0.77,0.79,0.79,0.81,0.83,0.84,0.78,0.83,0.78,0.8,0.79,0.79,0.78,0.0,0.0,0.78,0.77,0.77,0.0,0.0,0.0,0.0,0.79,0.79,0.79,0.8,0.79,0.81,0.8,0.79,0.78,0.79,0.8,0.76,0.0,0.0,0.76,0.82,0.81,0.81,0.8,0.82,0.78,0.0,0.8,0.81,0.8,0.82,0.81,0.8,0.81
6690,0.0,0.74,0.75,0.0,0.0,0.76,0.0,0.0,0.75,0.79,0.75,0.79,0.76,0.76,0.77,0.75,0.78,0.78,0.79,0.75,0.79,0.73,0.78,0.76,0.76,0.76,0.0,0.0,0.75,0.75,0.76,0.0,0.0,0.0,0.0,0.76,0.76,0.77,0.76,0.77,0.78,0.76,0.76,0.75,0.76,0.77,0.75,0.0,0.0,0.76,0.78,0.78,0.77,0.77,0.78,0.74,0.0,0.76,0.76,0.77,0.78,0.78,0.77,0.77
6691,0.0,0.7,0.71,0.0,0.0,0.71,0.0,0.0,0.68,0.7,0.68,0.55,0.68,0.59,0.68,0.69,0.7,0.7,0.71,0.68,0.71,0.58,0.68,0.69,0.69,0.66,0.0,0.0,0.7,0.7,0.68,0.0,0.0,0.0,0.0,0.7,0.7,0.71,0.71,0.71,0.72,0.71,0.7,0.69,0.7,0.71,0.71,0.0,0.0,0.71,0.72,0.72,0.7,0.7,0.68,0.68,0.0,0.7,0.71,0.69,0.72,0.71,0.71,0.72
6692,0.0,0.52,0.53,0.0,0.0,0.51,0.0,0.0,0.45,0.43,0.46,0.46,0.38,0.37,0.29,0.43,0.47,0.42,0.43,0.4,0.44,0.42,0.38,0.47,0.48,0.52,0.0,0.0,0.51,0.52,0.52,0.0,0.0,0.0,0.0,0.51,0.48,0.48,0.51,0.48,0.49,0.5,0.5,0.48,0.48,0.51,0.51,0.0,0.0,0.5,0.51,0.52,0.49,0.5,0.48,0.48,0.0,0.49,0.5,0.48,0.51,0.5,0.52,0.51
6693,0.0,0.2,0.2,0.0,0.0,0.14,0.0,0.0,0.0,0.0,0.01,0.0,0.0,0.0,0.0,0.0,0.01,0.0,0.0,0.0,0.0,0.0,0.0,0.01,0.01,0.19,0.0,0.0,0.18,0.19,0.18,0.0,0.0,0.0,0.0,0.15,0.03,0.01,0.15,0.01,0.03,0.14,0.04,0.01,0.01,0.15,0.14,0.0,0.0,0.04,0.17,0.18,0.04,0.16,0.03,0.15,0.0,0.15,0.16,0.04,0.17,0.17,0.18,0.17
6694,0.0,0.0,0.0,0.0,0.0,0.0,0.0,0.0,0.0,0.0,0.0,0.0,0.0,0.0,0.0,0.0,0.0,0.0,0.0,0.0,0.0,0.0,0.0,0.0,0.0,0.0,0.0,0.0,0.0,0.0,0.0,0.0,0.0,0.0,0.0,0.0,0.0,0.0,0.0,0.0,0.0,0.0,0.0,0.0,0.0,0.0,0.0,0.0,0.0,0.0,0.0,0.0,0.0,0.0,0.0,0.0,0.0,0.0,0.0,0.0,0.0,0.0,0.0,0.0
6695,0.0,0.0,0.0,0.0,0.0,0.0,0.0,0.0,0.0,0.0,0.0,0.0,0.0,0.0,0.0,0.0,0.0,0.0,0.0,0.0,0.0,0.0,0.0,0.0,0.0,0.0,0.0,0.0,0.0,0.0,0.0,0.0,0.0,0.0,0.0,0.0,0.0,0.0,0.0,0.0,0.0,0.0,0.0,0.0,0.0,0.0,0.0,0.0,0.0,0.0,0.0,0.0,0.0,0.0,0.0,0.0,0.0,0.0,0.0,0.0,0.0,0.0,0.0,0.0
6696,0.0,0.0,0.0,0.0,0.0,0.0,0.0,0.0,0.0,0.0,0.0,0.0,0.0,0.0,0.0,0.0,0.0,0.0,0.0,0.0,0.0,0.0,0.0,0.0,0.0,0.0,0.0,0.0,0.0,0.0,0.0,0.0,0.0,0.0,0.0,0.0,0.0,0.0,0.0,0.0,0.0,0.0,0.0,0.0,0.0,0.0,0.0,0.0,0.0,0.0,0.0,0.0,0.0,0.0,0.0,0.0,0.0,0.0,0.0,0.0,0.0,0.0,0.0,0.0
6697,0.0,0.0,0.0,0.0,0.0,0.0,0.0,0.0,0.0,0.0,0.0,0.0,0.0,0.0,0.0,0.0,0.0,0.0,0.0,0.0,0.0,0.0,0.0,0.0,0.0,0.0,0.0,0.0,0.0,0.0,0.0,0.0,0.0,0.0,0.0,0.0,0.0,0.0,0.0,0.0,0.0,0.0,0.0,0.0,0.0,0.0,0.0,0.0,0.0,0.0,0.0,0.0,0.0,0.0,0.0,0.0,0.0,0.0,0.0,0.0,0.0,0.0,0.0,0.0
6698,0.0,0.0,0.0,0.0,0.0,0.0,0.0,0.0,0.0,0.0,0.0,0.0,0.0,0.0,0.0,0.0,0.0,0.0,0.0,0.0,0.0,0.0,0.0,0.0,0.0,0.0,0.0,0.0,0.0,0.0,0.0,0.0,0.0,0.0,0.0,0.0,0.0,0.0,0.0,0.0,0.0,0.0,0.0,0.0,0.0,0.0,0.0,0.0,0.0,0.0,0.0,0.0,0.0,0.0,0.0,0.0,0.0,0.0,0.0,0.0,0.0,0.0,0.0,0.0
6699,0.0,0.0,0.0,0.0,0.0,0.0,0.0,0.0,0.0,0.0,0.0,0.0,0.0,0.0,0.0,0.0,0.0,0.0,0.0,0.0,0.0,0.0,0.0,0.0,0.0,0.0,0.0,0.0,0.0,0.0,0.0,0.0,0.0,0.0,0.0,0.0,0.0,0.0,0.0,0.0,0.0,0.0,0.0,0.0,0.0,0.0,0.0,0.0,0.0,0.0,0.0,0.0,0.0,0.0,0.0,0.0,0.0,0.0,0.0,0.0,0.0,0.0,0.0,0.0
6700,0.0,0.0,0.0,0.0,0.0,0.0,0.0,0.0,0.0,0.0,0.0,0.0,0.0,0.0,0.0,0.0,0.0,0.0,0.0,0.0,0.0,0.0,0.0,0.0,0.0,0.0,0.0,0.0,0.0,0.0,0.0,0.0,0.0,0.0,0.0,0.0,0.0,0.0,0.0,0.0,0.0,0.0,0.0,0.0,0.0,0.0,0.0,0.0,0.0,0.0,0.0,0.0,0.0,0.0,0.0,0.0,0.0,0.0,0.0,0.0,0.0,0.0,0.0,0.0
6701,0.0,0.0,0.0,0.0,0.0,0.0,0.0,0.0,0.0,0.0,0.0,0.0,0.0,0.0,0.0,0.0,0.0,0.0,0.0,0.0,0.0,0.0,0.0,0.0,0.0,0.0,0.0,0.0,0.0,0.0,0.0,0.0,0.0,0.0,0.0,0.0,0.0,0.0,0.0,0.0,0.0,0.0,0.0,0.0,0.0,0.0,0.0,0.0,0.0,0.0,0.0,0.0,0.0,0.0,0.0,0.0,0.0,0.0,0.0,0.0,0.0,0.0,0.0,0.0
6702,0.0,0.0,0.0,0.0,0.0,0.0,0.0,0.0,0.0,0.0,0.0,0.0,0.0,0.0,0.0,0.0,0.0,0.0,0.0,0.0,0.0,0.0,0.0,0.0,0.0,0.0,0.0,0.0,0.0,0.0,0.0,0.0,0.0,0.0,0.0,0.0,0.0,0.0,0.0,0.0,0.0,0.0,0.0,0.0,0.0,0.0,0.0,0.0,0.0,0.0,0.0,0.0,0.0,0.0,0.0,0.0,0.0,0.0,0.0,0.0,0.0,0.0,0.0,0.0
6703,0.0,0.0,0.0,0.0,0.0,0.0,0.0,0.0,0.0,0.0,0.0,0.0,0.0,0.0,0.0,0.0,0.0,0.0,0.0,0.0,0.0,0.0,0.0,0.0,0.0,0.0,0.0,0.0,0.0,0.0,0.0,0.0,0.0,0.0,0.0,0.0,0.0,0.0,0.0,0.0,0.0,0.0,0.0,0.0,0.0,0.0,0.0,0.0,0.0,0.0,0.0,0.0,0.0,0.0,0.0,0.0,0.0,0.0,0.0,0.0,0.0,0.0,0.0,0.0
6704,0.0,0.0,0.0,0.0,0.0,0.0,0.0,0.0,0.0,0.0,0.0,0.0,0.0,0.0,0.0,0.0,0.0,0.0,0.0,0.0,0.0,0.0,0.0,0.0,0.0,0.0,0.0,0.0,0.0,0.0,0.0,0.0,0.0,0.0,0.0,0.0,0.0,0.0,0.0,0.0,0.0,0.0,0.0,0.0,0.0,0.0,0.0,0.0,0.0,0.0,0.0,0.0,0.0,0.0,0.0,0.0,0.0,0.0,0.0,0.0,0.0,0.0,0.0,0.0
6705,0.0,0.0,0.0,0.0,0.0,0.0,0.0,0.0,0.0,0.0,0.0,0.0,0.0,0.0,0.0,0.0,0.0,0.0,0.0,0.0,0.0,0.0,0.0,0.0,0.0,0.0,0.0,0.0,0.0,0.0,0.0,0.0,0.0,0.0,0.0,0.0,0.0,0.0,0.0,0.0,0.0,0.0,0.0,0.0,0.0,0.0,0.0,0.0,0.0,0.0,0.0,0.0,0.0,0.0,0.0,0.0,0.0,0.0,0.0,0.0,0.0,0.0,0.0,0.0
6706,0.0,0.0,0.0,0.0,0.0,0.0,0.0,0.0,0.0,0.0,0.0,0.0,0.0,0.0,0.0,0.0,0.0,0.0,0.0,0.0,0.0,0.0,0.0,0.0,0.0,0.0,0.0,0.0,0.0,0.0,0.0,0.0,0.0,0.0,0.0,0.0,0.0,0.0,0.0,0.0,0.0,0.0,0.0,0.0,0.0,0.0,0.0,0.0,0.0,0.0,0.0,0.0,0.0,0.0,0.0,0.0,0.0,0.0,0.0,0.0,0.0,0.0,0.0,0.0
6707,0.0,0.54,0.53,0.0,0.0,0.56,0.0,0.0,0.41,0.5,0.27,0.58,0.04,0.56,0.6,0.59,0.56,0.4,0.39,0.59,0.45,0.48,0.48,0.58,0.57,0.54,0.0,0.0,0.54,0.54,0.54,0.0,0.0,0.0,0.0,0.56,0.56,0.58,0.56,0.58,0.56,0.57,0.56,0.58,0.58,0.57,0.56,0.0,0.0,0.56,0.54,0.53,0.55,0.53,0.56,0.5,0.0,0.53,0.53,0.53,0.54,0.54,0.54,0.54
6708,0.0,0.66,0.66,0.0,0.0,0.65,0.0,0.0,0.67,0.46,0.67,0.66,0.11,0.68,0.68,0.68,0.64,0.53,0.65,0.68,0.67,0.68,0.65,0.57,0.66,0.67,0.0,0.0,0.66,0.66,0.66,0.0,0.0,0.0,0.0,0.67,0.66,0.67,0.68,0.67,0.67,0.68,0.67,0.66,0.64,0.68,0.65,0.0,0.0,0.65,0.66,0.66,0.65,0.64,0.62,0.62,0.0,0.64,0.66,0.62,0.66,0.66,0.67,0.66
6709,0.0,0.75,0.75,0.0,0.0,0.74,0.0,0.0,0.75,0.74,0.75,0.51,0.76,0.75,0.75,0.75,0.71,0.7,0.56,0.75,0.7,0.75,0.75,0.75,0.74,0.76,0.0,0.0,0.74,0.76,0.75,0.0,0.0,0.0,0.0,0.75,0.74,0.75,0.76,0.74,0.75,0.77,0.76,0.75,0.75,0.76,0.74,0.0,0.0,0.74,0.75,0.74,0.74,0.72,0.74,0.72,0.0,0.73,0.75,0.73,0.74,0.75,0.76,0.75
6710,0.0,0.79,0.8,0.0,0.0,0.78,0.0,0.0,0.78,0.76,0.78,0.77,0.39,0.79,0.78,0.79,0.75,0.75,0.72,0.77,0.74,0.79,0.45,0.79,0.79,0.81,0.0,0.0,0.79,0.8,0.79,0.0,0.0,0.0,0.0,0.8,0.79,0.78,0.8,0.78,0.79,0.81,0.8,0.79,0.79,0.81,0.78,0.0,0.0,0.78,0.72,0.78,0.78,0.78,0.79,0.76,0.0,0.77,0.75,0.77,0.77,0.66,0.79,0.77
6711,0.0,0.8,0.81,0.0,0.0,0.8,0.0,0.0,0.79,0.58,0.79,0.72,0.8,0.79,0.8,0.8,0.76,0.62,0.62,0.79,0.65,0.79,0.76,0.8,0.81,0.81,0.0,0.0,0.79,0.81,0.8,0.0,0.0,0.0,0.0,0.81,0.78,0.79,0.81,0.78,0.59,0.82,0.79,0.8,0.78,0.81,0.8,0.0,0.0,0.8,0.6,0.79,0.8,0.8,0.78,0.78,0.0,0.78,0.53,0.78,0.64,0.61,0.79,0.61
6712,0.0,0.8,0.8,0.0,0.0,0.8,0.0,0.0,0.79,0.79,0.78,0.68,0.7,0.78,0.79,0.79,0.75,0.51,0.52,0.79,0.73,0.78,0.61,0.76,0.81,0.8,0.0,0.0,0.79,0.8,0.79,0.0,0.0,0.0,0.0,0.8,0.73,0.79,0.8,0.77,0.8,0.8,0.77,0.78,0.76,0.8,0.8,0.0,0.0,0.8,0.81,0.78,0.79,0.8,0.78,0.64,0.0,0.77,0.8,0.76,0.81,0.81,0.79,0.81
6713,0.0,0.78,0.79,0.0,0.0,0.78,0.0,0.0,0.77,0.78,0.77,0.77,0.74,0.45,0.68,0.76,0.74,0.77,0.79,0.77,0.79,0.49,0.61,0.52,0.8,0.78,0.0,0.0,0.78,0.78,0.78,0.0,0.0,0.0,0.0,0.78,0.77,0.78,0.79,0.76,0.78,0.79,0.78,0.68,0.61,0.79,0.78,0.0,0.0,0.79,0.66,0.75,0.77,0.78,0.73,0.75,0.0,0.76,0.61,0.66,0.7,0.74,0.78,0.72
6714,0.0,0.75,0.76,0.0,0.0,0.75,0.0,0.0,0.74,0.71,0.74,0.55,0.69,0.6,0.73,0.73,0.67,0.74,0.74,0.73,0.6,0.66,0.73,0.74,0.76,0.75,0.0,0.0,0.75,0.75,0.75,0.0,0.0,0.0,0.0,0.75,0.72,0.74,0.7,0.73,0.75,0.72,0.56,0.75,0.75,0.64,0.75,0.0,0.0,0.75,0.7,0.76,0.72,0.73,0.74,0.72,0.0,0.73,0.66,0.73,0.69,0.6,0.72,0.72
6715,0.0,0.7,0.7,0.0,0.0,0.69,0.0,0.0,0.65,0.0,0.66,0.67,0.34,0.26,0.54,0.64,0.66,0.42,0.37,0.55,0.64,0.23,0.63,0.57,0.7,0.7,0.0,0.0,0.64,0.7,0.69,0.0,0.0,0.0,0.0,0.69,0.67,0.66,0.68,0.65,0.67,0.7,0.66,0.45,0.58,0.69,0.69,0.0,0.0,0.69,0.7,0.69,0.67,0.68,0.65,0.62,0.0,0.66,0.69,0.64,0.66,0.69,0.39,0.68
6716,0.0,0.63,0.63,0.0,0.0,0.61,0.0,0.0,0.57,0.0,0.57,0.58,0.52,0.56,0.55,0.55,0.58,0.53,0.55,0.56,0.56,0.56,0.34,0.58,0.61,0.63,0.0,0.0,0.61,0.63,0.62,0.0,0.0,0.0,0.0,0.61,0.59,0.59,0.61,0.58,0.6,0.62,0.6,0.59,0.59,0.6,0.61,0.0,0.0,0.61,0.63,0.62,0.59,0.59,0.57,0.25,0.0,0.56,0.62,0.22,0.63,0.62,0.62,0.62
6717,0.0,0.16,0.18,0.0,0.0,0.03,0.0,0.0,0.0,0.0,0.0,0.0,0.0,0.0,0.0,0.0,0.0,0.0,0.0,0.0,0.0,0.0,0.0,0.0,0.0,0.17,0.0,0.0,0.15,0.16,0.16,0.0,0.0,0.0,0.0,0.03,0.01,0.0,0.03,0.0,0.01,0.03,0.03,0.01,0.0,0.03,0.03,0.0,0.0,0.03,0.14,0.15,0.01,0.12,0.0,0.08,0.0,0.02,0.13,0.01,0.14,0.14,0.15,0.14
6718,0.0,0.0,0.0,0.0,0.0,0.0,0.0,0.0,0.0,0.0,0.0,0.0,0.0,0.0,0.0,0.0,0.0,0.0,0.0,0.0,0.0,0.0,0.0,0.0,0.0,0.0,0.0,0.0,0.0,0.0,0.0,0.0,0.0,0.0,0.0,0.0,0.0,0.0,0.0,0.0,0.0,0.0,0.0,0.0,0.0,0.0,0.0,0.0,0.0,0.0,0.0,0.0,0.0,0.0,0.0,0.0,0.0,0.0,0.0,0.0,0.0,0.0,0.0,0.0
6719,0.0,0.0,0.0,0.0,0.0,0.0,0.0,0.0,0.0,0.0,0.0,0.0,0.0,0.0,0.0,0.0,0.0,0.0,0.0,0.0,0.0,0.0,0.0,0.0,0.0,0.0,0.0,0.0,0.0,0.0,0.0,0.0,0.0,0.0,0.0,0.0,0.0,0.0,0.0,0.0,0.0,0.0,0.0,0.0,0.0,0.0,0.0,0.0,0.0,0.0,0.0,0.0,0.0,0.0,0.0,0.0,0.0,0.0,0.0,0.0,0.0,0.0,0.0,0.0
6720,0.0,0.0,0.0,0.0,0.0,0.0,0.0,0.0,0.0,0.0,0.0,0.0,0.0,0.0,0.0,0.0,0.0,0.0,0.0,0.0,0.0,0.0,0.0,0.0,0.0,0.0,0.0,0.0,0.0,0.0,0.0,0.0,0.0,0.0,0.0,0.0,0.0,0.0,0.0,0.0,0.0,0.0,0.0,0.0,0.0,0.0,0.0,0.0,0.0,0.0,0.0,0.0,0.0,0.0,0.0,0.0,0.0,0.0,0.0,0.0,0.0,0.0,0.0,0.0
6721,0.0,0.0,0.0,0.0,0.0,0.0,0.0,0.0,0.0,0.0,0.0,0.0,0.0,0.0,0.0,0.0,0.0,0.0,0.0,0.0,0.0,0.0,0.0,0.0,0.0,0.0,0.0,0.0,0.0,0.0,0.0,0.0,0.0,0.0,0.0,0.0,0.0,0.0,0.0,0.0,0.0,0.0,0.0,0.0,0.0,0.0,0.0,0.0,0.0,0.0,0.0,0.0,0.0,0.0,0.0,0.0,0.0,0.0,0.0,0.0,0.0,0.0,0.0,0.0
6722,0.0,0.0,0.0,0.0,0.0,0.0,0.0,0.0,0.0,0.0,0.0,0.0,0.0,0.0,0.0,0.0,0.0,0.0,0.0,0.0,0.0,0.0,0.0,0.0,0.0,0.0,0.0,0.0,0.0,0.0,0.0,0.0,0.0,0.0,0.0,0.0,0.0,0.0,0.0,0.0,0.0,0.0,0.0,0.0,0.0,0.0,0.0,0.0,0.0,0.0,0.0,0.0,0.0,0.0,0.0,0.0,0.0,0.0,0.0,0.0,0.0,0.0,0.0,0.0
6723,0.0,0.0,0.0,0.0,0.0,0.0,0.0,0.0,0.0,0.0,0.0,0.0,0.0,0.0,0.0,0.0,0.0,0.0,0.0,0.0,0.0,0.0,0.0,0.0,0.0,0.0,0.0,0.0,0.0,0.0,0.0,0.0,0.0,0.0,0.0,0.0,0.0,0.0,0.0,0.0,0.0,0.0,0.0,0.0,0.0,0.0,0.0,0.0,0.0,0.0,0.0,0.0,0.0,0.0,0.0,0.0,0.0,0.0,0.0,0.0,0.0,0.0,0.0,0.0
6724,0.0,0.0,0.0,0.0,0.0,0.0,0.0,0.0,0.0,0.0,0.0,0.0,0.0,0.0,0.0,0.0,0.0,0.0,0.0,0.0,0.0,0.0,0.0,0.0,0.0,0.0,0.0,0.0,0.0,0.0,0.0,0.0,0.0,0.0,0.0,0.0,0.0,0.0,0.0,0.0,0.0,0.0,0.0,0.0,0.0,0.0,0.0,0.0,0.0,0.0,0.0,0.0,0.0,0.0,0.0,0.0,0.0,0.0,0.0,0.0,0.0,0.0,0.0,0.0
6725,0.0,0.0,0.0,0.0,0.0,0.0,0.0,0.0,0.0,0.0,0.0,0.0,0.0,0.0,0.0,0.0,0.0,0.0,0.0,0.0,0.0,0.0,0.0,0.0,0.0,0.0,0.0,0.0,0.0,0.0,0.0,0.0,0.0,0.0,0.0,0.0,0.0,0.0,0.0,0.0,0.0,0.0,0.0,0.0,0.0,0.0,0.0,0.0,0.0,0.0,0.0,0.0,0.0,0.0,0.0,0.0,0.0,0.0,0.0,0.0,0.0,0.0,0.0,0.0
6726,0.0,0.0,0.0,0.0,0.0,0.0,0.0,0.0,0.0,0.0,0.0,0.0,0.0,0.0,0.0,0.0,0.0,0.0,0.0,0.0,0.0,0.0,0.0,0.0,0.0,0.0,0.0,0.0,0.0,0.0,0.0,0.0,0.0,0.0,0.0,0.0,0.0,0.0,0.0,0.0,0.0,0.0,0.0,0.0,0.0,0.0,0.0,0.0,0.0,0.0,0.0,0.0,0.0,0.0,0.0,0.0,0.0,0.0,0.0,0.0,0.0,0.0,0.0,0.0
6727,0.0,0.0,0.0,0.0,0.0,0.0,0.0,0.0,0.0,0.0,0.0,0.0,0.0,0.0,0.0,0.0,0.0,0.0,0.0,0.0,0.0,0.0,0.0,0.0,0.0,0.0,0.0,0.0,0.0,0.0,0.0,0.0,0.0,0.0,0.0,0.0,0.0,0.0,0.0,0.0,0.0,0.0,0.0,0.0,0.0,0.0,0.0,0.0,0.0,0.0,0.0,0.0,0.0,0.0,0.0,0.0,0.0,0.0,0.0,0.0,0.0,0.0,0.0,0.0
6728,0.0,0.0,0.0,0.0,0.0,0.0,0.0,0.0,0.0,0.0,0.0,0.0,0.0,0.0,0.0,0.0,0.0,0.0,0.0,0.0,0.0,0.0,0.0,0.0,0.0,0.0,0.0,0.0,0.0,0.0,0.0,0.0,0.0,0.0,0.0,0.0,0.0,0.0,0.0,0.0,0.0,0.0,0.0,0.0,0.0,0.0,0.0,0.0,0.0,0.0,0.0,0.0,0.0,0.0,0.0,0.0,0.0,0.0,0.0,0.0,0.0,0.0,0.0,0.0
6729,0.0,0.0,0.0,0.0,0.0,0.0,0.0,0.0,0.0,0.0,0.0,0.0,0.0,0.0,0.0,0.0,0.0,0.0,0.0,0.0,0.0,0.0,0.0,0.0,0.0,0.0,0.0,0.0,0.0,0.0,0.0,0.0,0.0,0.0,0.0,0.0,0.0,0.0,0.0,0.0,0.0,0.0,0.0,0.0,0.0,0.0,0.0,0.0,0.0,0.0,0.0,0.0,0.0,0.0,0.0,0.0,0.0,0.0,0.0,0.0,0.0,0.0,0.0,0.0
6730,0.0,0.0,0.0,0.0,0.0,0.0,0.0,0.0,0.0,0.0,0.0,0.0,0.0,0.0,0.0,0.0,0.0,0.0,0.0,0.0,0.0,0.0,0.0,0.0,0.0,0.0,0.0,0.0,0.0,0.0,0.0,0.0,0.0,0.0,0.0,0.0,0.0,0.0,0.0,0.0,0.0,0.0,0.0,0.0,0.0,0.0,0.0,0.0,0.0,0.0,0.0,0.0,0.0,0.0,0.0,0.0,0.0,0.0,0.0,0.0,0.0,0.0,0.0,0.0
6731,0.0,0.36,0.34,0.0,0.0,0.3,0.0,0.0,0.48,0.26,0.47,0.03,0.0,0.5,0.5,0.49,0.47,0.04,0.01,0.49,0.01,0.03,0.01,0.1,0.43,0.42,0.0,0.0,0.42,0.41,0.42,0.0,0.0,0.0,0.0,0.44,0.15,0.03,0.44,0.02,0.11,0.45,0.44,0.46,0.06,0.44,0.31,0.0,0.0,0.32,0.41,0.41,0.13,0.09,0.44,0.38,0.0,0.04,0.41,0.41,0.42,0.3,0.43,0.41
6732,0.0,0.6,0.56,0.0,0.0,0.54,0.0,0.0,0.69,0.68,0.69,0.7,0.01,0.7,0.7,0.7,0.69,0.01,0.01,0.7,0.01,0.7,0.01,0.69,0.61,0.66,0.0,0.0,0.64,0.62,0.65,0.0,0.0,0.0,0.0,0.66,0.69,0.36,0.66,0.54,0.36,0.66,0.67,0.33,0.69,0.66,0.56,0.0,0.0,0.57,0.65,0.66,0.67,0.65,0.69,0.65,0.0,0.65,0.62,0.65,0.65,0.65,0.65,0.63
6733,0.0,0.55,0.57,0.0,0.0,0.55,0.0,0.0,0.76,0.04,0.76,0.77,0.02,0.77,0.76,0.75,0.76,0.02,0.02,0.76,0.01,0.77,0.02,0.76,0.68,0.72,0.0,0.0,0.7,0.63,0.71,0.0,0.0,0.0,0.0,0.71,0.76,0.75,0.74,0.76,0.77,0.74,0.33,0.75,0.76,0.75,0.55,0.0,0.0,0.57,0.72,0.72,0.73,0.71,0.76,0.69,0.0,0.72,0.71,0.72,0.72,0.72,0.7,0.71
6734,0.0,0.69,0.7,0.0,0.0,0.65,0.0,0.0,0.78,0.02,0.78,0.8,0.06,0.8,0.78,0.77,0.8,0.05,0.05,0.78,0.02,0.8,0.05,0.78,0.64,0.69,0.0,0.0,0.72,0.68,0.64,0.0,0.0,0.0,0.0,0.73,0.77,0.78,0.77,0.79,0.79,0.77,0.52,0.56,0.78,0.78,0.65,0.0,0.0,0.67,0.75,0.75,0.77,0.74,0.77,0.73,0.0,0.74,0.75,0.72,0.74,0.76,0.71,0.74
6735,0.0,0.74,0.75,0.0,0.0,0.74,0.0,0.0,0.78,0.04,0.78,0.81,0.32,0.79,0.78,0.77,0.81,0.03,0.02,0.78,0.03,0.8,0.07,0.77,0.59,0.67,0.0,0.0,0.71,0.74,0.68,0.0,0.0,0.0,0.0,0.73,0.77,0.78,0.78,0.8,0.8,0.77,0.66,0.78,0.77,0.79,0.75,0.0,0.0,0.74,0.77,0.75,0.77,0.75,0.77,0.73,0.0,0.75,0.76,0.74,0.76,0.77,0.72,0.76
6736,0.0,0.74,0.75,0.0,0.0,0.71,0.0,0.0,0.77,0.02,0.78,0.8,0.8,0.78,0.77,0.76,0.8,0.03,0.03,0.76,0.04,0.79,0.1,0.77,0.75,0.71,0.0,0.0,0.69,0.75,0.71,0.0,0.0,0.0,0.0,0.7,0.77,0.79,0.77,0.8,0.8,0.76,0.77,0.77,0.77,0.78,0.72,0.0,0.0,0.72,0.77,0.74,0.76,0.74,0.77,0.72,0.0,0.75,0.76,0.74,0.76,0.77,0.7,0.76
6737,0.0,0.73,0.74,0.0,0.0,0.61,0.0,0.0,0.76,0.02,0.76,0.79,0.78,0.77,0.76,0.74,0.78,0.04,0.04,0.75,0.02,0.78,0.09,0.76,0.64,0.74,0.0,0.0,0.67,0.73,0.72,0.0,0.0,0.0,0.0,0.72,0.75,0.78,0.74,0.78,0.78,0.74,0.76,0.75,0.75,0.75,0.62,0.0,0.0,0.61,0.76,0.7,0.76,0.74,0.46,0.72,0.0,0.73,0.74,0.74,0.76,0.76,0.67,0.75
6738,0.0,0.71,0.71,0.0,0.0,0.54,0.0,0.0,0.73,0.02,0.73,0.76,0.74,0.73,0.72,0.72,0.75,0.03,0.03,0.72,0.02,0.74,0.76,0.72,0.54,0.71,0.0,0.0,0.7,0.71,0.7,0.0,0.0,0.0,0.0,0.71,0.72,0.75,0.71,0.76,0.75,0.71,0.72,0.71,0.73,0.72,0.56,0.0,0.0,0.54,0.73,0.71,0.74,0.71,0.34,0.69,0.0,0.71,0.71,0.71,0.73,0.73,0.69,0.73
6739,0.0,0.5,0.46,0.0,0.0,0.27,0.0,0.0,0.63,0.0,0.61,0.68,0.64,0.64,0.63,0.63,0.67,0.02,0.01,0.63,0.01,0.64,0.16,0.65,0.39,0.65,0.0,0.0,0.64,0.52,0.63,0.0,0.0,0.0,0.0,0.64,0.64,0.61,0.64,0.66,0.63,0.65,0.65,0.66,0.65,0.65,0.28,0.0,0.0,0.27,0.66,0.64,0.67,0.64,0.66,0.63,0.0,0.63,0.65,0.64,0.66,0.66,0.64,0.66
6740,0.0,0.18,0.18,0.0,0.0,0.17,0.0,0.0,0.34,0.0,0.38,0.42,0.07,0.26,0.22,0.17,0.43,0.0,0.0,0.25,0.0,0.28,0.02,0.43,0.11,0.37,0.0,0.0,0.44,0.18,0.28,0.0,0.0,0.0,0.0,0.33,0.44,0.44,0.44,0.44,0.36,0.45,0.45,0.44,0.43,0.45,0.18,0.0,0.0,0.17,0.46,0.45,0.45,0.44,0.43,0.43,0.0,0.43,0.45,0.42,0.46,0.45,0.45,0.45
6741,0.0,0.0,0.0,0.0,0.0,0.0,0.0,0.0,0.0,0.0,0.0,0.0,0.0,0.0,0.0,0.0,0.0,0.0,0.0,0.0,0.0,0.0,0.0,0.0,0.0,0.0,0.0,0.0,0.0,0.0,0.0,0.0,0.0,0.0,0.0,0.0,0.0,0.0,0.0,0.0,0.0,0.0,0.0,0.0,0.0,0.0,0.0,0.0,0.0,0.0,0.0,0.0,0.0,0.0,0.0,0.0,0.0,0.0,0.0,0.0,0.0,0.0,0.0,0.0
6742,0.0,0.0,0.0,0.0,0.0,0.0,0.0,0.0,0.0,0.0,0.0,0.0,0.0,0.0,0.0,0.0,0.0,0.0,0.0,0.0,0.0,0.0,0.0,0.0,0.0,0.0,0.0,0.0,0.0,0.0,0.0,0.0,0.0,0.0,0.0,0.0,0.0,0.0,0.0,0.0,0.0,0.0,0.0,0.0,0.0,0.0,0.0,0.0,0.0,0.0,0.0,0.0,0.0,0.0,0.0,0.0,0.0,0.0,0.0,0.0,0.0,0.0,0.0,0.0
6743,0.0,0.0,0.0,0.0,0.0,0.0,0.0,0.0,0.0,0.0,0.0,0.0,0.0,0.0,0.0,0.0,0.0,0.0,0.0,0.0,0.0,0.0,0.0,0.0,0.0,0.0,0.0,0.0,0.0,0.0,0.0,0.0,0.0,0.0,0.0,0.0,0.0,0.0,0.0,0.0,0.0,0.0,0.0,0.0,0.0,0.0,0.0,0.0,0.0,0.0,0.0,0.0,0.0,0.0,0.0,0.0,0.0,0.0,0.0,0.0,0.0,0.0,0.0,0.0
6744,0.0,0.0,0.0,0.0,0.0,0.0,0.0,0.0,0.0,0.0,0.0,0.0,0.0,0.0,0.0,0.0,0.0,0.0,0.0,0.0,0.0,0.0,0.0,0.0,0.0,0.0,0.0,0.0,0.0,0.0,0.0,0.0,0.0,0.0,0.0,0.0,0.0,0.0,0.0,0.0,0.0,0.0,0.0,0.0,0.0,0.0,0.0,0.0,0.0,0.0,0.0,0.0,0.0,0.0,0.0,0.0,0.0,0.0,0.0,0.0,0.0,0.0,0.0,0.0
6745,0.0,0.0,0.0,0.0,0.0,0.0,0.0,0.0,0.0,0.0,0.0,0.0,0.0,0.0,0.0,0.0,0.0,0.0,0.0,0.0,0.0,0.0,0.0,0.0,0.0,0.0,0.0,0.0,0.0,0.0,0.0,0.0,0.0,0.0,0.0,0.0,0.0,0.0,0.0,0.0,0.0,0.0,0.0,0.0,0.0,0.0,0.0,0.0,0.0,0.0,0.0,0.0,0.0,0.0,0.0,0.0,0.0,0.0,0.0,0.0,0.0,0.0,0.0,0.0
6746,0.0,0.0,0.0,0.0,0.0,0.0,0.0,0.0,0.0,0.0,0.0,0.0,0.0,0.0,0.0,0.0,0.0,0.0,0.0,0.0,0.0,0.0,0.0,0.0,0.0,0.0,0.0,0.0,0.0,0.0,0.0,0.0,0.0,0.0,0.0,0.0,0.0,0.0,0.0,0.0,0.0,0.0,0.0,0.0,0.0,0.0,0.0,0.0,0.0,0.0,0.0,0.0,0.0,0.0,0.0,0.0,0.0,0.0,0.0,0.0,0.0,0.0,0.0,0.0
6747,0.0,0.0,0.0,0.0,0.0,0.0,0.0,0.0,0.0,0.0,0.0,0.0,0.0,0.0,0.0,0.0,0.0,0.0,0.0,0.0,0.0,0.0,0.0,0.0,0.0,0.0,0.0,0.0,0.0,0.0,0.0,0.0,0.0,0.0,0.0,0.0,0.0,0.0,0.0,0.0,0.0,0.0,0.0,0.0,0.0,0.0,0.0,0.0,0.0,0.0,0.0,0.0,0.0,0.0,0.0,0.0,0.0,0.0,0.0,0.0,0.0,0.0,0.0,0.0
6748,0.0,0.0,0.0,0.0,0.0,0.0,0.0,0.0,0.0,0.0,0.0,0.0,0.0,0.0,0.0,0.0,0.0,0.0,0.0,0.0,0.0,0.0,0.0,0.0,0.0,0.0,0.0,0.0,0.0,0.0,0.0,0.0,0.0,0.0,0.0,0.0,0.0,0.0,0.0,0.0,0.0,0.0,0.0,0.0,0.0,0.0,0.0,0.0,0.0,0.0,0.0,0.0,0.0,0.0,0.0,0.0,0.0,0.0,0.0,0.0,0.0,0.0,0.0,0.0
6749,0.0,0.0,0.0,0.0,0.0,0.0,0.0,0.0,0.0,0.0,0.0,0.0,0.0,0.0,0.0,0.0,0.0,0.0,0.0,0.0,0.0,0.0,0.0,0.0,0.0,0.0,0.0,0.0,0.0,0.0,0.0,0.0,0.0,0.0,0.0,0.0,0.0,0.0,0.0,0.0,0.0,0.0,0.0,0.0,0.0,0.0,0.0,0.0,0.0,0.0,0.0,0.0,0.0,0.0,0.0,0.0,0.0,0.0,0.0,0.0,0.0,0.0,0.0,0.0
6750,0.0,0.0,0.0,0.0,0.0,0.0,0.0,0.0,0.0,0.0,0.0,0.0,0.0,0.0,0.0,0.0,0.0,0.0,0.0,0.0,0.0,0.0,0.0,0.0,0.0,0.0,0.0,0.0,0.0,0.0,0.0,0.0,0.0,0.0,0.0,0.0,0.0,0.0,0.0,0.0,0.0,0.0,0.0,0.0,0.0,0.0,0.0,0.0,0.0,0.0,0.0,0.0,0.0,0.0,0.0,0.0,0.0,0.0,0.0,0.0,0.0,0.0,0.0,0.0
6751,0.0,0.0,0.0,0.0,0.0,0.0,0.0,0.0,0.0,0.0,0.0,0.0,0.0,0.0,0.0,0.0,0.0,0.0,0.0,0.0,0.0,0.0,0.0,0.0,0.0,0.0,0.0,0.0,0.0,0.0,0.0,0.0,0.0,0.0,0.0,0.0,0.0,0.0,0.0,0.0,0.0,0.0,0.0,0.0,0.0,0.0,0.0,0.0,0.0,0.0,0.0,0.0,0.0,0.0,0.0,0.0,0.0,0.0,0.0,0.0,0.0,0.0,0.0,0.0
6752,0.0,0.0,0.0,0.0,0.0,0.0,0.0,0.0,0.0,0.0,0.0,0.0,0.0,0.0,0.0,0.0,0.0,0.0,0.0,0.0,0.0,0.0,0.0,0.0,0.0,0.0,0.0,0.0,0.0,0.0,0.0,0.0,0.0,0.0,0.0,0.0,0.0,0.0,0.0,0.0,0.0,0.0,0.0,0.0,0.0,0.0,0.0,0.0,0.0,0.0,0.0,0.0,0.0,0.0,0.0,0.0,0.0,0.0,0.0,0.0,0.0,0.0,0.0,0.0
6753,0.0,0.0,0.0,0.0,0.0,0.0,0.0,0.0,0.0,0.0,0.0,0.0,0.0,0.0,0.0,0.0,0.0,0.0,0.0,0.0,0.0,0.0,0.0,0.0,0.0,0.0,0.0,0.0,0.0,0.0,0.0,0.0,0.0,0.0,0.0,0.0,0.0,0.0,0.0,0.0,0.0,0.0,0.0,0.0,0.0,0.0,0.0,0.0,0.0,0.0,0.0,0.0,0.0,0.0,0.0,0.0,0.0,0.0,0.0,0.0,0.0,0.0,0.0,0.0
6754,0.0,0.0,0.0,0.0,0.0,0.0,0.0,0.0,0.0,0.0,0.0,0.0,0.0,0.0,0.0,0.0,0.0,0.0,0.0,0.0,0.0,0.0,0.0,0.0,0.0,0.0,0.0,0.0,0.0,0.0,0.0,0.0,0.0,0.0,0.0,0.0,0.0,0.0,0.0,0.0,0.0,0.0,0.0,0.0,0.0,0.0,0.0,0.0,0.0,0.0,0.0,0.0,0.0,0.0,0.0,0.0,0.0,0.0,0.0,0.0,0.0,0.0,0.0,0.0
6755,0.0,0.0,0.0,0.0,0.0,0.36,0.0,0.0,0.0,0.0,0.0,0.02,0.02,0.01,0.01,0.01,0.01,0.0,0.01,0.01,0.01,0.0,0.0,0.01,0.13,0.0,0.0,0.0,0.01,0.01,0.0,0.0,0.0,0.0,0.0,0.01,0.01,0.01,0.01,0.04,0.01,0.01,0.01,0.01,0.01,0.02,0.14,0.0,0.0,0.04,0.08,0.32,0.02,0.32,0.35,0.3,0.0,0.02,0.01,0.04,0.07,0.03,0.05,0.02
6756,0.0,0.01,0.0,0.0,0.0,0.58,0.0,0.0,0.02,0.01,0.02,0.06,0.03,0.02,0.04,0.07,0.03,0.02,0.04,0.02,0.03,0.03,0.02,0.02,0.06,0.0,0.0,0.0,0.0,0.01,0.01,0.0,0.0,0.0,0.0,0.03,0.03,0.05,0.04,0.12,0.04,0.04,0.03,0.03,0.02,0.03,0.59,0.0,0.0,0.59,0.61,0.6,0.07,0.6,0.63,0.59,0.0,0.14,0.06,0.25,0.6,0.62,0.39,0.6
6757,0.0,0.03,0.01,0.0,0.0,0.16,0.0,0.0,0.03,0.02,0.03,0.1,0.06,0.04,0.13,0.24,0.05,0.05,0.1,0.04,0.08,0.04,0.05,0.06,0.12,0.01,0.0,0.0,0.01,0.01,0.01,0.0,0.0,0.0,0.0,0.1,0.06,0.07,0.04,0.2,0.05,0.04,0.05,0.06,0.05,0.06,0.68,0.0,0.0,0.68,0.71,0.71,0.28,0.69,0.72,0.7,0.0,0.66,0.29,0.69,0.7,0.71,0.25,0.69
6758,0.0,0.04,0.05,0.0,0.0,0.73,0.0,0.0,0.04,0.07,0.05,0.15,0.22,0.08,0.16,0.13,0.09,0.08,0.15,0.09,0.21,0.1,0.09,0.1,0.7,0.08,0.0,0.0,0.02,0.03,0.03,0.0,0.0,0.0,0.0,0.06,0.07,0.1,0.05,0.28,0.07,0.03,0.06,0.08,0.09,0.05,0.72,0.0,0.0,0.72,0.76,0.75,0.42,0.75,0.77,0.74,0.0,0.75,0.74,0.76,0.75,0.75,0.09,0.54
6759,0.0,0.03,0.11,0.0,0.0,0.74,0.0,0.0,0.04,0.09,0.04,0.18,0.1,0.07,0.11,0.1,0.16,0.11,0.23,0.08,0.39,0.07,0.06,0.11,0.72,0.17,0.0,0.0,0.16,0.03,0.15,0.0,0.0,0.0,0.0,0.04,0.09,0.07,0.05,0.53,0.08,0.05,0.04,0.07,0.11,0.04,0.74,0.0,0.0,0.74,0.78,0.77,0.39,0.76,0.79,0.73,0.0,0.77,0.75,0.78,0.77,0.77,0.78,0.76
6760,0.0,0.18,0.76,0.0,0.0,0.36,0.0,0.0,0.04,0.14,0.06,0.26,0.1,0.09,0.09,0.09,0.16,0.06,0.12,0.09,0.6,0.07,0.06,0.06,0.74,0.77,0.0,0.0,0.76,0.23,0.33,0.0,0.0,0.0,0.0,0.18,0.04,0.07,0.14,0.26,0.1,0.09,0.05,0.05,0.06,0.16,0.25,0.0,0.0,0.74,0.77,0.77,0.47,0.75,0.67,0.71,0.0,0.68,0.75,0.64,0.77,0.76,0.77,0.76
6761,0.0,0.75,0.74,0.0,0.0,0.74,0.0,0.0,0.06,0.14,0.08,0.22,0.08,0.12,0.1,0.06,0.14,0.05,0.09,0.08,0.76,0.09,0.04,0.04,0.73,0.75,0.0,0.0,0.74,0.75,0.75,0.0,0.0,0.0,0.0,0.16,0.05,0.07,0.77,0.11,0.17,0.3,0.76,0.52,0.07,0.77,0.74,0.0,0.0,0.1,0.75,0.75,0.77,0.74,0.77,0.74,0.0,0.74,0.74,0.76,0.75,0.75,0.75,0.75
6762,0.0,0.71,0.71,0.0,0.0,0.72,0.0,0.0,0.07,0.05,0.05,0.06,0.04,0.14,0.12,0.04,0.1,0.05,0.07,0.08,0.74,0.1,0.03,0.1,0.71,0.72,0.0,0.0,0.7,0.72,0.71,0.0,0.0,0.0,0.0,0.73,0.13,0.06,0.74,0.09,0.13,0.74,0.72,0.07,0.11,0.74,0.72,0.0,0.0,0.72,0.63,0.63,0.66,0.68,0.73,0.72,0.0,0.68,0.57,0.71,0.61,0.62,0.68,0.6
6763,0.0,0.59,0.62,0.0,0.0,0.1,0.0,0.0,0.02,0.66,0.03,0.05,0.02,0.1,0.04,0.02,0.05,0.03,0.06,0.02,0.66,0.06,0.02,0.02,0.65,0.52,0.0,0.0,0.46,0.58,0.46,0.0,0.0,0.0,0.0,0.56,0.64,0.04,0.54,0.11,0.08,0.57,0.6,0.03,0.04,0.55,0.07,0.0,0.0,0.39,0.09,0.67,0.65,0.02,0.64,0.02,0.0,0.02,0.1,0.02,0.66,0.05,0.53,0.18
6764,0.0,0.48,0.47,0.0,0.0,0.46,0.0,0.0,0.01,0.01,0.02,0.02,0.0,0.02,0.0,0.08,0.03,0.01,0.02,0.02,0.38,0.02,0.0,0.36,0.43,0.34,0.0,0.0,0.39,0.46,0.28,0.0,0.0,0.0,0.0,0.23,0.33,0.02,0.19,0.04,0.03,0.19,0.27,0.26,0.34,0.27,0.46,0.0,0.0,0.06,0.02,0.47,0.0,0.0,0.0,0.0,0.0,0.0,0.46,0.0,0.47,0.0,0.46,0.46
6765,0.0,0.04,0.14,0.0,0.0,0.01,0.0,0.0,0.0,0.0,0.0,0.0,0.0,0.0,0.0,0.0,0.0,0.0,0.0,0.0,0.0,0.0,0.0,0.0,0.0,0.02,0.0,0.0,0.01,0.04,0.02,0.0,0.0,0.0,0.0,0.0,0.0,0.0,0.0,0.0,0.0,0.0,0.0,0.0,0.0,0.0,0.01,0.0,0.0,0.01,0.0,0.01,0.0,0.0,0.0,0.0,0.0,0.0,0.0,0.0,0.01,0.0,0.01,0.0
6766,0.0,0.0,0.0,0.0,0.0,0.0,0.0,0.0,0.0,0.0,0.0,0.0,0.0,0.0,0.0,0.0,0.0,0.0,0.0,0.0,0.0,0.0,0.0,0.0,0.0,0.0,0.0,0.0,0.0,0.0,0.0,0.0,0.0,0.0,0.0,0.0,0.0,0.0,0.0,0.0,0.0,0.0,0.0,0.0,0.0,0.0,0.0,0.0,0.0,0.0,0.0,0.0,0.0,0.0,0.0,0.0,0.0,0.0,0.0,0.0,0.0,0.0,0.0,0.0
6767,0.0,0.0,0.0,0.0,0.0,0.0,0.0,0.0,0.0,0.0,0.0,0.0,0.0,0.0,0.0,0.0,0.0,0.0,0.0,0.0,0.0,0.0,0.0,0.0,0.0,0.0,0.0,0.0,0.0,0.0,0.0,0.0,0.0,0.0,0.0,0.0,0.0,0.0,0.0,0.0,0.0,0.0,0.0,0.0,0.0,0.0,0.0,0.0,0.0,0.0,0.0,0.0,0.0,0.0,0.0,0.0,0.0,0.0,0.0,0.0,0.0,0.0,0.0,0.0
6768,0.0,0.0,0.0,0.0,0.0,0.0,0.0,0.0,0.0,0.0,0.0,0.0,0.0,0.0,0.0,0.0,0.0,0.0,0.0,0.0,0.0,0.0,0.0,0.0,0.0,0.0,0.0,0.0,0.0,0.0,0.0,0.0,0.0,0.0,0.0,0.0,0.0,0.0,0.0,0.0,0.0,0.0,0.0,0.0,0.0,0.0,0.0,0.0,0.0,0.0,0.0,0.0,0.0,0.0,0.0,0.0,0.0,0.0,0.0,0.0,0.0,0.0,0.0,0.0
6769,0.0,0.0,0.0,0.0,0.0,0.0,0.0,0.0,0.0,0.0,0.0,0.0,0.0,0.0,0.0,0.0,0.0,0.0,0.0,0.0,0.0,0.0,0.0,0.0,0.0,0.0,0.0,0.0,0.0,0.0,0.0,0.0,0.0,0.0,0.0,0.0,0.0,0.0,0.0,0.0,0.0,0.0,0.0,0.0,0.0,0.0,0.0,0.0,0.0,0.0,0.0,0.0,0.0,0.0,0.0,0.0,0.0,0.0,0.0,0.0,0.0,0.0,0.0,0.0
6770,0.0,0.0,0.0,0.0,0.0,0.0,0.0,0.0,0.0,0.0,0.0,0.0,0.0,0.0,0.0,0.0,0.0,0.0,0.0,0.0,0.0,0.0,0.0,0.0,0.0,0.0,0.0,0.0,0.0,0.0,0.0,0.0,0.0,0.0,0.0,0.0,0.0,0.0,0.0,0.0,0.0,0.0,0.0,0.0,0.0,0.0,0.0,0.0,0.0,0.0,0.0,0.0,0.0,0.0,0.0,0.0,0.0,0.0,0.0,0.0,0.0,0.0,0.0,0.0
6771,0.0,0.0,0.0,0.0,0.0,0.0,0.0,0.0,0.0,0.0,0.0,0.0,0.0,0.0,0.0,0.0,0.0,0.0,0.0,0.0,0.0,0.0,0.0,0.0,0.0,0.0,0.0,0.0,0.0,0.0,0.0,0.0,0.0,0.0,0.0,0.0,0.0,0.0,0.0,0.0,0.0,0.0,0.0,0.0,0.0,0.0,0.0,0.0,0.0,0.0,0.0,0.0,0.0,0.0,0.0,0.0,0.0,0.0,0.0,0.0,0.0,0.0,0.0,0.0
6772,0.0,0.0,0.0,0.0,0.0,0.0,0.0,0.0,0.0,0.0,0.0,0.0,0.0,0.0,0.0,0.0,0.0,0.0,0.0,0.0,0.0,0.0,0.0,0.0,0.0,0.0,0.0,0.0,0.0,0.0,0.0,0.0,0.0,0.0,0.0,0.0,0.0,0.0,0.0,0.0,0.0,0.0,0.0,0.0,0.0,0.0,0.0,0.0,0.0,0.0,0.0,0.0,0.0,0.0,0.0,0.0,0.0,0.0,0.0,0.0,0.0,0.0,0.0,0.0
6773,0.0,0.0,0.0,0.0,0.0,0.0,0.0,0.0,0.0,0.0,0.0,0.0,0.0,0.0,0.0,0.0,0.0,0.0,0.0,0.0,0.0,0.0,0.0,0.0,0.0,0.0,0.0,0.0,0.0,0.0,0.0,0.0,0.0,0.0,0.0,0.0,0.0,0.0,0.0,0.0,0.0,0.0,0.0,0.0,0.0,0.0,0.0,0.0,0.0,0.0,0.0,0.0,0.0,0.0,0.0,0.0,0.0,0.0,0.0,0.0,0.0,0.0,0.0,0.0
6774,0.0,0.0,0.0,0.0,0.0,0.0,0.0,0.0,0.0,0.0,0.0,0.0,0.0,0.0,0.0,0.0,0.0,0.0,0.0,0.0,0.0,0.0,0.0,0.0,0.0,0.0,0.0,0.0,0.0,0.0,0.0,0.0,0.0,0.0,0.0,0.0,0.0,0.0,0.0,0.0,0.0,0.0,0.0,0.0,0.0,0.0,0.0,0.0,0.0,0.0,0.0,0.0,0.0,0.0,0.0,0.0,0.0,0.0,0.0,0.0,0.0,0.0,0.0,0.0
6775,0.0,0.0,0.0,0.0,0.0,0.0,0.0,0.0,0.0,0.0,0.0,0.0,0.0,0.0,0.0,0.0,0.0,0.0,0.0,0.0,0.0,0.0,0.0,0.0,0.0,0.0,0.0,0.0,0.0,0.0,0.0,0.0,0.0,0.0,0.0,0.0,0.0,0.0,0.0,0.0,0.0,0.0,0.0,0.0,0.0,0.0,0.0,0.0,0.0,0.0,0.0,0.0,0.0,0.0,0.0,0.0,0.0,0.0,0.0,0.0,0.0,0.0,0.0,0.0
6776,0.0,0.0,0.0,0.0,0.0,0.0,0.0,0.0,0.0,0.0,0.0,0.0,0.0,0.0,0.0,0.0,0.0,0.0,0.0,0.0,0.0,0.0,0.0,0.0,0.0,0.0,0.0,0.0,0.0,0.0,0.0,0.0,0.0,0.0,0.0,0.0,0.0,0.0,0.0,0.0,0.0,0.0,0.0,0.0,0.0,0.0,0.0,0.0,0.0,0.0,0.0,0.0,0.0,0.0,0.0,0.0,0.0,0.0,0.0,0.0,0.0,0.0,0.0,0.0
6777,0.0,0.0,0.0,0.0,0.0,0.0,0.0,0.0,0.0,0.0,0.0,0.0,0.0,0.0,0.0,0.0,0.0,0.0,0.0,0.0,0.0,0.0,0.0,0.0,0.0,0.0,0.0,0.0,0.0,0.0,0.0,0.0,0.0,0.0,0.0,0.0,0.0,0.0,0.0,0.0,0.0,0.0,0.0,0.0,0.0,0.0,0.0,0.0,0.0,0.0,0.0,0.0,0.0,0.0,0.0,0.0,0.0,0.0,0.0,0.0,0.0,0.0,0.0,0.0
6778,0.0,0.0,0.0,0.0,0.0,0.0,0.0,0.0,0.0,0.0,0.0,0.0,0.01,0.0,0.0,0.0,0.0,0.0,0.0,0.0,0.0,0.0,0.01,0.0,0.0,0.0,0.0,0.0,0.0,0.0,0.0,0.0,0.0,0.0,0.0,0.0,0.0,0.0,0.0,0.0,0.0,0.0,0.0,0.0,0.0,0.0,0.0,0.0,0.0,0.0,0.0,0.0,0.0,0.0,0.0,0.0,0.0,0.0,0.0,0.0,0.0,0.0,0.0,0.0
6779,0.0,0.08,0.35,0.0,0.0,0.02,0.0,0.0,0.47,0.48,0.48,0.26,0.48,0.48,0.47,0.46,0.48,0.53,0.03,0.47,0.08,0.48,0.52,0.45,0.0,0.02,0.0,0.0,0.4,0.06,0.04,0.0,0.0,0.0,0.0,0.4,0.46,0.49,0.1,0.14,0.48,0.04,0.05,0.42,0.46,0.08,0.36,0.0,0.0,0.38,0.05,0.07,0.02,0.03,0.02,0.38,0.0,0.02,0.05,0.04,0.42,0.03,0.43,0.08
6780,0.0,0.26,0.26,0.0,0.0,0.07,0.0,0.0,0.71,0.73,0.73,0.76,0.72,0.73,0.72,0.71,0.74,0.75,0.23,0.72,0.15,0.73,0.74,0.71,0.06,0.35,0.0,0.0,0.71,0.22,0.22,0.0,0.0,0.0,0.0,0.7,0.72,0.76,0.74,0.75,0.76,0.73,0.74,0.69,0.72,0.47,0.04,0.0,0.0,0.04,0.53,0.71,0.1,0.71,0.07,0.69,0.0,0.44,0.5,0.36,0.72,0.72,0.72,0.72
6781,0.0,0.8,0.81,0.0,0.0,0.04,0.0,0.0,0.79,0.81,0.82,0.84,0.8,0.81,0.81,0.8,0.83,0.82,0.36,0.81,0.23,0.81,0.82,0.81,0.16,0.55,0.0,0.0,0.8,0.81,0.81,0.0,0.0,0.0,0.0,0.82,0.81,0.85,0.83,0.84,0.85,0.83,0.83,0.8,0.82,0.83,0.04,0.0,0.0,0.04,0.83,0.82,0.81,0.8,0.1,0.78,0.0,0.8,0.82,0.81,0.82,0.82,0.83,0.82
6782,0.0,0.84,0.85,0.0,0.0,0.04,0.0,0.0,0.83,0.85,0.86,0.78,0.84,0.85,0.84,0.85,0.87,0.28,0.25,0.85,0.86,0.85,0.85,0.84,0.1,0.86,0.0,0.0,0.85,0.84,0.85,0.0,0.0,0.0,0.0,0.86,0.86,0.89,0.86,0.88,0.88,0.86,0.86,0.84,0.85,0.87,0.06,0.0,0.0,0.05,0.87,0.87,0.87,0.85,0.87,0.82,0.0,0.86,0.87,0.85,0.87,0.87,0.87,0.87
6783,0.0,0.86,0.87,0.0,0.0,0.08,0.0,0.0,0.86,0.87,0.88,0.9,0.85,0.86,0.86,0.86,0.54,0.19,0.16,0.87,0.39,0.86,0.86,0.85,0.04,0.87,0.0,0.0,0.87,0.86,0.86,0.0,0.0,0.0,0.0,0.87,0.88,0.91,0.88,0.9,0.9,0.88,0.88,0.87,0.86,0.89,0.3,0.0,0.0,0.1,0.89,0.89,0.89,0.87,0.89,0.85,0.0,0.88,0.89,0.87,0.89,0.89,0.89,0.89
6784,0.0,0.86,0.87,0.0,0.0,0.83,0.0,0.0,0.87,0.47,0.88,0.9,0.85,0.86,0.86,0.86,0.9,0.18,0.24,0.87,0.36,0.86,0.85,0.85,0.07,0.88,0.0,0.0,0.88,0.86,0.86,0.0,0.0,0.0,0.0,0.87,0.88,0.91,0.89,0.9,0.9,0.89,0.89,0.87,0.87,0.89,0.84,0.0,0.0,0.83,0.88,0.88,0.89,0.87,0.71,0.87,0.0,0.85,0.88,0.86,0.88,0.88,0.89,0.88
6785,0.0,0.85,0.86,0.0,0.0,0.84,0.0,0.0,0.86,0.86,0.86,0.88,0.84,0.85,0.84,0.84,0.88,0.24,0.37,0.85,0.87,0.85,0.84,0.84,0.13,0.87,0.0,0.0,0.85,0.86,0.85,0.0,0.0,0.0,0.0,0.86,0.86,0.88,0.87,0.88,0.88,0.87,0.86,0.86,0.86,0.87,0.84,0.0,0.0,0.83,0.87,0.85,0.86,0.86,0.86,0.83,0.0,0.86,0.86,0.86,0.86,0.87,0.86,0.86
6786,0.0,0.82,0.83,0.0,0.0,0.8,0.0,0.0,0.81,0.76,0.81,0.84,0.79,0.8,0.8,0.8,0.83,0.43,0.29,0.81,0.83,0.81,0.79,0.81,0.79,0.83,0.0,0.0,0.81,0.82,0.82,0.0,0.0,0.0,0.0,0.82,0.82,0.83,0.83,0.84,0.84,0.82,0.82,0.82,0.82,0.83,0.8,0.0,0.0,0.8,0.84,0.82,0.84,0.83,0.82,0.8,0.0,0.83,0.83,0.83,0.83,0.84,0.82,0.83
6787,0.0,0.76,0.77,0.0,0.0,0.74,0.0,0.0,0.74,0.66,0.74,0.76,0.71,0.73,0.72,0.73,0.76,0.73,0.35,0.73,0.76,0.73,0.7,0.74,0.74,0.77,0.0,0.0,0.75,0.76,0.76,0.0,0.0,0.0,0.0,0.76,0.75,0.77,0.76,0.77,0.77,0.76,0.75,0.75,0.75,0.76,0.74,0.0,0.0,0.74,0.79,0.77,0.78,0.73,0.78,0.76,0.0,0.78,0.78,0.77,0.78,0.78,0.76,0.78
6788,0.0,0.58,0.59,0.0,0.0,0.56,0.0,0.0,0.51,0.22,0.52,0.54,0.39,0.47,0.46,0.48,0.54,0.44,0.46,0.49,0.49,0.46,0.1,0.53,0.53,0.58,0.0,0.0,0.56,0.58,0.57,0.0,0.0,0.0,0.0,0.55,0.54,0.55,0.56,0.55,0.57,0.56,0.55,0.53,0.54,0.56,0.55,0.0,0.0,0.54,0.54,0.59,0.58,0.55,0.44,0.56,0.0,0.49,0.58,0.57,0.59,0.54,0.58,0.59
6789,0.0,0.04,0.04,0.0,0.0,0.01,0.0,0.0,0.0,0.0,0.0,0.0,0.0,0.0,0.0,0.0,0.0,0.0,0.0,0.0,0.0,0.0,0.0,0.0,0.0,0.04,0.0,0.0,0.01,0.04,0.03,0.0,0.0,0.0,0.0,0.01,0.0,0.0,0.01,0.0,0.0,0.01,0.0,0.0,0.0,0.01,0.01,0.0,0.0,0.01,0.01,0.01,0.0,0.01,0.0,0.01,0.0,0.01,0.01,0.0,0.01,0.01,0.01,0.01
6790,0.0,0.0,0.0,0.0,0.0,0.0,0.0,0.0,0.0,0.0,0.0,0.0,0.0,0.0,0.0,0.0,0.0,0.0,0.0,0.0,0.0,0.0,0.0,0.0,0.0,0.0,0.0,0.0,0.0,0.0,0.0,0.0,0.0,0.0,0.0,0.0,0.0,0.0,0.0,0.0,0.0,0.0,0.0,0.0,0.0,0.0,0.0,0.0,0.0,0.0,0.0,0.0,0.0,0.0,0.0,0.0,0.0,0.0,0.0,0.0,0.0,0.0,0.0,0.0
6791,0.0,0.0,0.0,0.0,0.0,0.0,0.0,0.0,0.0,0.0,0.0,0.0,0.0,0.0,0.0,0.0,0.0,0.0,0.0,0.0,0.0,0.0,0.0,0.0,0.0,0.0,0.0,0.0,0.0,0.0,0.0,0.0,0.0,0.0,0.0,0.0,0.0,0.0,0.0,0.0,0.0,0.0,0.0,0.0,0.0,0.0,0.0,0.0,0.0,0.0,0.0,0.0,0.0,0.0,0.0,0.0,0.0,0.0,0.0,0.0,0.0,0.0,0.0,0.0
6792,0.0,0.0,0.0,0.0,0.0,0.0,0.0,0.0,0.0,0.0,0.0,0.0,0.0,0.0,0.0,0.0,0.0,0.0,0.0,0.0,0.0,0.0,0.0,0.0,0.0,0.0,0.0,0.0,0.0,0.0,0.0,0.0,0.0,0.0,0.0,0.0,0.0,0.0,0.0,0.0,0.0,0.0,0.0,0.0,0.0,0.0,0.0,0.0,0.0,0.0,0.0,0.0,0.0,0.0,0.0,0.0,0.0,0.0,0.0,0.0,0.0,0.0,0.0,0.0
6793,0.0,0.0,0.0,0.0,0.0,0.0,0.0,0.0,0.0,0.0,0.0,0.0,0.0,0.0,0.0,0.0,0.0,0.0,0.0,0.0,0.0,0.0,0.0,0.0,0.0,0.0,0.0,0.0,0.0,0.0,0.0,0.0,0.0,0.0,0.0,0.0,0.0,0.0,0.0,0.0,0.0,0.0,0.0,0.0,0.0,0.0,0.0,0.0,0.0,0.0,0.0,0.0,0.0,0.0,0.0,0.0,0.0,0.0,0.0,0.0,0.0,0.0,0.0,0.0
6794,0.0,0.0,0.0,0.0,0.0,0.0,0.0,0.0,0.0,0.0,0.0,0.0,0.0,0.0,0.0,0.0,0.0,0.0,0.0,0.0,0.0,0.0,0.0,0.0,0.0,0.0,0.0,0.0,0.0,0.0,0.0,0.0,0.0,0.0,0.0,0.0,0.0,0.0,0.0,0.0,0.0,0.0,0.0,0.0,0.0,0.0,0.0,0.0,0.0,0.0,0.0,0.0,0.0,0.0,0.0,0.0,0.0,0.0,0.0,0.0,0.0,0.0,0.0,0.0
6795,0.0,0.0,0.0,0.0,0.0,0.0,0.0,0.0,0.0,0.0,0.0,0.0,0.0,0.0,0.0,0.0,0.0,0.0,0.0,0.0,0.0,0.0,0.0,0.0,0.0,0.0,0.0,0.0,0.0,0.0,0.0,0.0,0.0,0.0,0.0,0.0,0.0,0.0,0.0,0.0,0.0,0.0,0.0,0.0,0.0,0.0,0.0,0.0,0.0,0.0,0.0,0.0,0.0,0.0,0.0,0.0,0.0,0.0,0.0,0.0,0.0,0.0,0.0,0.0
6796,0.0,0.0,0.0,0.0,0.0,0.0,0.0,0.0,0.0,0.0,0.0,0.0,0.0,0.0,0.0,0.0,0.0,0.0,0.0,0.0,0.0,0.0,0.0,0.0,0.0,0.0,0.0,0.0,0.0,0.0,0.0,0.0,0.0,0.0,0.0,0.0,0.0,0.0,0.0,0.0,0.0,0.0,0.0,0.0,0.0,0.0,0.0,0.0,0.0,0.0,0.0,0.0,0.0,0.0,0.0,0.0,0.0,0.0,0.0,0.0,0.0,0.0,0.0,0.0
6797,0.0,0.0,0.0,0.0,0.0,0.0,0.0,0.0,0.0,0.0,0.0,0.0,0.0,0.0,0.0,0.0,0.0,0.0,0.0,0.0,0.0,0.0,0.0,0.0,0.0,0.0,0.0,0.0,0.0,0.0,0.0,0.0,0.0,0.0,0.0,0.0,0.0,0.0,0.0,0.0,0.0,0.0,0.0,0.0,0.0,0.0,0.0,0.0,0.0,0.0,0.0,0.0,0.0,0.0,0.0,0.0,0.0,0.0,0.0,0.0,0.0,0.0,0.0,0.0
6798,0.0,0.0,0.0,0.0,0.0,0.0,0.0,0.0,0.0,0.0,0.0,0.0,0.0,0.0,0.0,0.0,0.0,0.0,0.0,0.0,0.0,0.0,0.0,0.0,0.0,0.0,0.0,0.0,0.0,0.0,0.0,0.0,0.0,0.0,0.0,0.0,0.0,0.0,0.0,0.0,0.0,0.0,0.0,0.0,0.0,0.0,0.0,0.0,0.0,0.0,0.0,0.0,0.0,0.0,0.0,0.0,0.0,0.0,0.0,0.0,0.0,0.0,0.0,0.0
6799,0.0,0.0,0.0,0.0,0.0,0.0,0.0,0.0,0.0,0.0,0.0,0.0,0.0,0.0,0.0,0.0,0.0,0.0,0.0,0.0,0.0,0.0,0.0,0.0,0.0,0.0,0.0,0.0,0.0,0.0,0.0,0.0,0.0,0.0,0.0,0.0,0.0,0.0,0.0,0.0,0.0,0.0,0.0,0.0,0.0,0.0,0.0,0.0,0.0,0.0,0.0,0.0,0.0,0.0,0.0,0.0,0.0,0.0,0.0,0.0,0.0,0.0,0.0,0.0
6800,0.0,0.0,0.0,0.0,0.0,0.0,0.0,0.0,0.0,0.0,0.0,0.0,0.0,0.0,0.0,0.0,0.0,0.0,0.0,0.0,0.0,0.0,0.0,0.0,0.0,0.0,0.0,0.0,0.0,0.0,0.0,0.0,0.0,0.0,0.0,0.0,0.0,0.0,0.0,0.0,0.0,0.0,0.0,0.0,0.0,0.0,0.0,0.0,0.0,0.0,0.0,0.0,0.0,0.0,0.0,0.0,0.0,0.0,0.0,0.0,0.0,0.0,0.0,0.0
6801,0.0,0.0,0.0,0.0,0.0,0.0,0.0,0.0,0.0,0.0,0.0,0.0,0.0,0.0,0.0,0.0,0.0,0.0,0.0,0.0,0.0,0.0,0.0,0.0,0.0,0.0,0.0,0.0,0.0,0.0,0.0,0.0,0.0,0.0,0.0,0.0,0.0,0.0,0.0,0.0,0.0,0.0,0.0,0.0,0.0,0.0,0.0,0.0,0.0,0.0,0.0,0.0,0.0,0.0,0.0,0.0,0.0,0.0,0.0,0.0,0.0,0.0,0.0,0.0
6802,0.0,0.0,0.0,0.0,0.0,0.0,0.0,0.0,0.0,0.0,0.0,0.0,0.01,0.0,0.0,0.0,0.0,0.0,0.0,0.0,0.0,0.0,0.01,0.0,0.0,0.0,0.0,0.0,0.0,0.0,0.0,0.0,0.0,0.0,0.0,0.0,0.0,0.0,0.0,0.0,0.0,0.0,0.0,0.0,0.0,0.0,0.0,0.0,0.0,0.0,0.0,0.0,0.0,0.0,0.0,0.0,0.0,0.0,0.0,0.0,0.0,0.0,0.0,0.0
6803,0.0,0.41,0.4,0.0,0.0,0.45,0.0,0.0,0.49,0.49,0.48,0.5,0.54,0.5,0.51,0.51,0.5,0.54,0.54,0.5,0.5,0.51,0.53,0.49,0.48,0.42,0.0,0.0,0.43,0.42,0.42,0.0,0.0,0.0,0.0,0.45,0.48,0.5,0.47,0.5,0.49,0.47,0.47,0.47,0.48,0.47,0.45,0.0,0.0,0.46,0.42,0.43,0.44,0.4,0.45,0.38,0.0,0.41,0.42,0.42,0.43,0.42,0.44,0.42
6804,0.0,0.71,0.71,0.0,0.0,0.7,0.0,0.0,0.72,0.73,0.7,0.75,0.73,0.71,0.71,0.71,0.74,0.75,0.76,0.71,0.74,0.72,0.74,0.72,0.7,0.72,0.0,0.0,0.72,0.71,0.72,0.0,0.0,0.0,0.0,0.72,0.71,0.74,0.73,0.75,0.73,0.73,0.72,0.71,0.72,0.73,0.7,0.0,0.0,0.71,0.72,0.72,0.71,0.69,0.71,0.69,0.0,0.7,0.71,0.7,0.72,0.72,0.72,0.71
6805,0.0,0.8,0.8,0.0,0.0,0.78,0.0,0.0,0.79,0.8,0.77,0.81,0.8,0.78,0.78,0.78,0.78,0.81,0.82,0.78,0.82,0.79,0.79,0.78,0.77,0.81,0.0,0.0,0.8,0.8,0.8,0.0,0.0,0.0,0.0,0.8,0.77,0.8,0.8,0.82,0.79,0.8,0.8,0.77,0.79,0.8,0.78,0.0,0.0,0.79,0.79,0.8,0.78,0.77,0.78,0.76,0.0,0.76,0.78,0.76,0.79,0.78,0.8,0.79
6806,0.0,0.83,0.83,0.0,0.0,0.8,0.0,0.0,0.8,0.84,0.81,0.82,0.81,0.8,0.8,0.8,0.77,0.82,0.83,0.79,0.83,0.8,0.82,0.81,0.81,0.83,0.0,0.0,0.82,0.83,0.83,0.0,0.0,0.0,0.0,0.82,0.81,0.82,0.83,0.83,0.82,0.83,0.82,0.79,0.81,0.83,0.8,0.0,0.0,0.81,0.81,0.82,0.8,0.79,0.78,0.8,0.0,0.8,0.82,0.79,0.82,0.81,0.83,0.82
6807,0.0,0.83,0.84,0.0,0.0,0.82,0.0,0.0,0.8,0.85,0.83,0.8,0.8,0.78,0.79,0.8,0.81,0.8,0.83,0.8,0.84,0.79,0.81,0.82,0.82,0.84,0.0,0.0,0.84,0.84,0.84,0.0,0.0,0.0,0.0,0.83,0.83,0.84,0.84,0.84,0.85,0.84,0.83,0.81,0.82,0.84,0.82,0.0,0.0,0.81,0.84,0.84,0.83,0.82,0.79,0.82,0.0,0.82,0.84,0.82,0.84,0.83,0.85,0.84
6808,0.0,0.83,0.83,0.0,0.0,0.82,0.0,0.0,0.79,0.85,0.83,0.8,0.77,0.78,0.78,0.78,0.83,0.8,0.83,0.78,0.84,0.78,0.78,0.83,0.82,0.84,0.0,0.0,0.83,0.83,0.83,0.0,0.0,0.0,0.0,0.83,0.82,0.84,0.83,0.84,0.85,0.82,0.82,0.82,0.82,0.83,0.82,0.0,0.0,0.82,0.84,0.84,0.83,0.82,0.79,0.81,0.0,0.82,0.84,0.82,0.83,0.84,0.84,0.84
6809,0.0,0.81,0.81,0.0,0.0,0.79,0.0,0.0,0.78,0.82,0.81,0.8,0.77,0.78,0.78,0.78,0.82,0.8,0.82,0.76,0.81,0.78,0.77,0.81,0.81,0.82,0.0,0.0,0.81,0.81,0.82,0.0,0.0,0.0,0.0,0.81,0.81,0.82,0.81,0.82,0.83,0.81,0.81,0.8,0.81,0.82,0.79,0.0,0.0,0.79,0.82,0.82,0.82,0.8,0.79,0.79,0.0,0.81,0.82,0.81,0.82,0.82,0.82,0.82
6810,0.0,0.8,0.81,0.0,0.0,0.78,0.0,0.0,0.78,0.82,0.8,0.82,0.78,0.79,0.79,0.79,0.82,0.8,0.81,0.77,0.81,0.78,0.78,0.81,0.8,0.82,0.0,0.0,0.82,0.8,0.82,0.0,0.0,0.0,0.0,0.81,0.81,0.82,0.82,0.83,0.83,0.82,0.81,0.8,0.81,0.82,0.78,0.0,0.0,0.78,0.82,0.82,0.82,0.8,0.8,0.8,0.0,0.82,0.82,0.81,0.82,0.82,0.83,0.82
6811,0.0,0.75,0.76,0.0,0.0,0.72,0.0,0.0,0.72,0.74,0.74,0.75,0.7,0.72,0.72,0.73,0.75,0.72,0.73,0.71,0.73,0.71,0.7,0.74,0.74,0.77,0.0,0.0,0.76,0.75,0.76,0.0,0.0,0.0,0.0,0.75,0.74,0.76,0.76,0.76,0.76,0.76,0.75,0.74,0.74,0.76,0.72,0.0,0.0,0.72,0.76,0.76,0.76,0.74,0.75,0.74,0.0,0.76,0.76,0.75,0.76,0.76,0.77,0.76
6812,0.0,0.58,0.59,0.0,0.0,0.55,0.0,0.0,0.52,0.48,0.53,0.52,0.42,0.49,0.5,0.5,0.54,0.46,0.47,0.51,0.49,0.48,0.42,0.55,0.53,0.59,0.0,0.0,0.55,0.58,0.58,0.0,0.0,0.0,0.0,0.57,0.55,0.56,0.57,0.56,0.55,0.57,0.57,0.55,0.55,0.58,0.54,0.0,0.0,0.54,0.58,0.57,0.57,0.57,0.56,0.55,0.0,0.57,0.58,0.56,0.58,0.58,0.59,0.58
6813,0.0,0.0,0.0,0.0,0.0,0.0,0.0,0.0,0.0,0.0,0.0,0.0,0.0,0.0,0.0,0.0,0.0,0.0,0.0,0.0,0.0,0.0,0.0,0.0,0.0,0.0,0.0,0.0,0.0,0.0,0.0,0.0,0.0,0.0,0.0,0.0,0.0,0.0,0.0,0.0,0.0,0.0,0.0,0.0,0.0,0.0,0.0,0.0,0.0,0.0,0.0,0.0,0.0,0.0,0.0,0.0,0.0,0.0,0.0,0.0,0.0,0.0,0.0,0.0
6814,0.0,0.0,0.0,0.0,0.0,0.0,0.0,0.0,0.0,0.0,0.0,0.0,0.0,0.0,0.0,0.0,0.0,0.0,0.0,0.0,0.0,0.0,0.0,0.0,0.0,0.0,0.0,0.0,0.0,0.0,0.0,0.0,0.0,0.0,0.0,0.0,0.0,0.0,0.0,0.0,0.0,0.0,0.0,0.0,0.0,0.0,0.0,0.0,0.0,0.0,0.0,0.0,0.0,0.0,0.0,0.0,0.0,0.0,0.0,0.0,0.0,0.0,0.0,0.0
6815,0.0,0.0,0.0,0.0,0.0,0.0,0.0,0.0,0.0,0.0,0.0,0.0,0.0,0.0,0.0,0.0,0.0,0.0,0.0,0.0,0.0,0.0,0.0,0.0,0.0,0.0,0.0,0.0,0.0,0.0,0.0,0.0,0.0,0.0,0.0,0.0,0.0,0.0,0.0,0.0,0.0,0.0,0.0,0.0,0.0,0.0,0.0,0.0,0.0,0.0,0.0,0.0,0.0,0.0,0.0,0.0,0.0,0.0,0.0,0.0,0.0,0.0,0.0,0.0
6816,0.0,0.0,0.0,0.0,0.0,0.0,0.0,0.0,0.0,0.0,0.0,0.0,0.0,0.0,0.0,0.0,0.0,0.0,0.0,0.0,0.0,0.0,0.0,0.0,0.0,0.0,0.0,0.0,0.0,0.0,0.0,0.0,0.0,0.0,0.0,0.0,0.0,0.0,0.0,0.0,0.0,0.0,0.0,0.0,0.0,0.0,0.0,0.0,0.0,0.0,0.0,0.0,0.0,0.0,0.0,0.0,0.0,0.0,0.0,0.0,0.0,0.0,0.0,0.0
6817,0.0,0.0,0.0,0.0,0.0,0.0,0.0,0.0,0.0,0.0,0.0,0.0,0.0,0.0,0.0,0.0,0.0,0.0,0.0,0.0,0.0,0.0,0.0,0.0,0.0,0.0,0.0,0.0,0.0,0.0,0.0,0.0,0.0,0.0,0.0,0.0,0.0,0.0,0.0,0.0,0.0,0.0,0.0,0.0,0.0,0.0,0.0,0.0,0.0,0.0,0.0,0.0,0.0,0.0,0.0,0.0,0.0,0.0,0.0,0.0,0.0,0.0,0.0,0.0
6818,0.0,0.0,0.0,0.0,0.0,0.0,0.0,0.0,0.0,0.0,0.0,0.0,0.0,0.0,0.0,0.0,0.0,0.0,0.0,0.0,0.0,0.0,0.0,0.0,0.0,0.0,0.0,0.0,0.0,0.0,0.0,0.0,0.0,0.0,0.0,0.0,0.0,0.0,0.0,0.0,0.0,0.0,0.0,0.0,0.0,0.0,0.0,0.0,0.0,0.0,0.0,0.0,0.0,0.0,0.0,0.0,0.0,0.0,0.0,0.0,0.0,0.0,0.0,0.0
6819,0.0,0.0,0.0,0.0,0.0,0.0,0.0,0.0,0.0,0.0,0.0,0.0,0.0,0.0,0.0,0.0,0.0,0.0,0.0,0.0,0.0,0.0,0.0,0.0,0.0,0.0,0.0,0.0,0.0,0.0,0.0,0.0,0.0,0.0,0.0,0.0,0.0,0.0,0.0,0.0,0.0,0.0,0.0,0.0,0.0,0.0,0.0,0.0,0.0,0.0,0.0,0.0,0.0,0.0,0.0,0.0,0.0,0.0,0.0,0.0,0.0,0.0,0.0,0.0
6820,0.0,0.0,0.0,0.0,0.0,0.0,0.0,0.0,0.0,0.0,0.0,0.0,0.0,0.0,0.0,0.0,0.0,0.0,0.0,0.0,0.0,0.0,0.0,0.0,0.0,0.0,0.0,0.0,0.0,0.0,0.0,0.0,0.0,0.0,0.0,0.0,0.0,0.0,0.0,0.0,0.0,0.0,0.0,0.0,0.0,0.0,0.0,0.0,0.0,0.0,0.0,0.0,0.0,0.0,0.0,0.0,0.0,0.0,0.0,0.0,0.0,0.0,0.0,0.0
6821,0.0,0.0,0.0,0.0,0.0,0.0,0.0,0.0,0.0,0.0,0.0,0.0,0.0,0.0,0.0,0.0,0.0,0.0,0.0,0.0,0.0,0.0,0.0,0.0,0.0,0.0,0.0,0.0,0.0,0.0,0.0,0.0,0.0,0.0,0.0,0.0,0.0,0.0,0.0,0.0,0.0,0.0,0.0,0.0,0.0,0.0,0.0,0.0,0.0,0.0,0.0,0.0,0.0,0.0,0.0,0.0,0.0,0.0,0.0,0.0,0.0,0.0,0.0,0.0
6822,0.0,0.0,0.0,0.0,0.0,0.0,0.0,0.0,0.0,0.0,0.0,0.0,0.0,0.0,0.0,0.0,0.0,0.0,0.0,0.0,0.0,0.0,0.0,0.0,0.0,0.0,0.0,0.0,0.0,0.0,0.0,0.0,0.0,0.0,0.0,0.0,0.0,0.0,0.0,0.0,0.0,0.0,0.0,0.0,0.0,0.0,0.0,0.0,0.0,0.0,0.0,0.0,0.0,0.0,0.0,0.0,0.0,0.0,0.0,0.0,0.0,0.0,0.0,0.0
6823,0.0,0.0,0.0,0.0,0.0,0.0,0.0,0.0,0.0,0.0,0.0,0.0,0.0,0.0,0.0,0.0,0.0,0.0,0.0,0.0,0.0,0.0,0.0,0.0,0.0,0.0,0.0,0.0,0.0,0.0,0.0,0.0,0.0,0.0,0.0,0.0,0.0,0.0,0.0,0.0,0.0,0.0,0.0,0.0,0.0,0.0,0.0,0.0,0.0,0.0,0.0,0.0,0.0,0.0,0.0,0.0,0.0,0.0,0.0,0.0,0.0,0.0,0.0,0.0
6824,0.0,0.0,0.0,0.0,0.0,0.0,0.0,0.0,0.0,0.0,0.0,0.0,0.0,0.0,0.0,0.0,0.0,0.0,0.0,0.0,0.0,0.0,0.0,0.0,0.0,0.0,0.0,0.0,0.0,0.0,0.0,0.0,0.0,0.0,0.0,0.0,0.0,0.0,0.0,0.0,0.0,0.0,0.0,0.0,0.0,0.0,0.0,0.0,0.0,0.0,0.0,0.0,0.0,0.0,0.0,0.0,0.0,0.0,0.0,0.0,0.0,0.0,0.0,0.0
6825,0.0,0.0,0.0,0.0,0.0,0.0,0.0,0.0,0.0,0.0,0.0,0.0,0.0,0.0,0.0,0.0,0.0,0.0,0.0,0.0,0.0,0.0,0.0,0.0,0.0,0.0,0.0,0.0,0.0,0.0,0.0,0.0,0.0,0.0,0.0,0.0,0.0,0.0,0.0,0.0,0.0,0.0,0.0,0.0,0.0,0.0,0.0,0.0,0.0,0.0,0.0,0.0,0.0,0.0,0.0,0.0,0.0,0.0,0.0,0.0,0.0,0.0,0.0,0.0
6826,0.0,0.0,0.0,0.0,0.0,0.0,0.0,0.0,0.0,0.0,0.0,0.0,0.0,0.0,0.0,0.0,0.0,0.0,0.0,0.0,0.0,0.0,0.0,0.0,0.0,0.0,0.0,0.0,0.0,0.0,0.0,0.0,0.0,0.0,0.0,0.0,0.0,0.0,0.0,0.0,0.0,0.0,0.0,0.0,0.0,0.0,0.0,0.0,0.0,0.0,0.0,0.0,0.0,0.0,0.0,0.0,0.0,0.0,0.0,0.0,0.0,0.0,0.0,0.0
6827,0.0,0.01,0.0,0.0,0.0,0.03,0.0,0.0,0.54,0.41,0.37,0.61,0.62,0.61,0.6,0.57,0.49,0.62,0.64,0.57,0.34,0.61,0.63,0.07,0.52,0.01,0.0,0.0,0.03,0.03,0.02,0.0,0.0,0.0,0.0,0.09,0.1,0.04,0.23,0.05,0.07,0.28,0.28,0.09,0.04,0.31,0.04,0.0,0.0,0.02,0.02,0.08,0.37,0.01,0.58,0.5,0.0,0.33,0.02,0.52,0.03,0.01,0.11,0.03
6828,0.0,0.02,0.02,0.0,0.0,0.03,0.0,0.0,0.4,0.47,0.35,0.28,0.68,0.68,0.68,0.67,0.45,0.7,0.71,0.67,0.5,0.68,0.69,0.32,0.04,0.03,0.0,0.0,0.02,0.02,0.02,0.0,0.0,0.0,0.0,0.05,0.31,0.24,0.09,0.22,0.13,0.1,0.19,0.17,0.5,0.16,0.03,0.0,0.0,0.03,0.35,0.07,0.14,0.15,0.26,0.38,0.0,0.13,0.28,0.17,0.06,0.26,0.03,0.32
6829,0.0,0.03,0.02,0.0,0.0,0.05,0.0,0.0,0.28,0.72,0.24,0.37,0.78,0.7,0.72,0.46,0.31,0.78,0.77,0.45,0.72,0.54,0.69,0.17,0.05,0.09,0.0,0.0,0.05,0.04,0.08,0.0,0.0,0.0,0.0,0.1,0.11,0.24,0.08,0.24,0.14,0.09,0.1,0.14,0.13,0.08,0.05,0.0,0.0,0.06,0.14,0.04,0.29,0.08,0.57,0.68,0.0,0.28,0.13,0.52,0.09,0.12,0.05,0.1
6830,0.0,0.04,0.05,0.0,0.0,0.03,0.0,0.0,0.46,0.77,0.21,0.27,0.78,0.69,0.73,0.65,0.23,0.6,0.55,0.49,0.57,0.64,0.6,0.23,0.04,0.04,0.0,0.0,0.07,0.03,0.07,0.0,0.0,0.0,0.0,0.08,0.25,0.15,0.04,0.16,0.17,0.08,0.15,0.18,0.24,0.11,0.09,0.0,0.0,0.06,0.2,0.14,0.25,0.03,0.3,0.23,0.0,0.04,0.16,0.27,0.14,0.2,0.11,0.14
6831,0.0,0.04,0.04,0.0,0.0,0.03,0.0,0.0,0.37,0.6,0.29,0.31,0.79,0.42,0.28,0.19,0.29,0.36,0.36,0.26,0.4,0.53,0.49,0.2,0.3,0.1,0.0,0.0,0.06,0.09,0.1,0.0,0.0,0.0,0.0,0.2,0.1,0.23,0.11,0.19,0.15,0.12,0.09,0.19,0.18,0.11,0.01,0.0,0.0,0.02,0.06,0.08,0.25,0.1,0.24,0.08,0.0,0.22,0.07,0.22,0.05,0.07,0.07,0.07
6832,0.0,0.04,0.03,0.0,0.0,0.01,0.0,0.0,0.22,0.7,0.25,0.23,0.51,0.49,0.26,0.24,0.24,0.51,0.61,0.25,0.34,0.49,0.73,0.14,0.0,0.05,0.0,0.0,0.04,0.04,0.05,0.0,0.0,0.0,0.0,0.04,0.08,0.16,0.08,0.11,0.1,0.08,0.06,0.11,0.09,0.08,0.01,0.0,0.0,0.01,0.08,0.09,0.16,0.23,0.23,0.32,0.0,0.07,0.06,0.26,0.08,0.09,0.07,0.07
6833,0.0,0.05,0.05,0.0,0.0,0.05,0.0,0.0,0.06,0.44,0.07,0.33,0.56,0.2,0.2,0.14,0.17,0.48,0.46,0.12,0.4,0.23,0.35,0.07,0.01,0.05,0.0,0.0,0.08,0.04,0.08,0.0,0.0,0.0,0.0,0.03,0.05,0.14,0.05,0.14,0.1,0.05,0.04,0.06,0.06,0.05,0.02,0.0,0.0,0.01,0.12,0.1,0.05,0.12,0.06,0.1,0.0,0.05,0.05,0.03,0.06,0.11,0.05,0.05
6834,0.0,0.04,0.11,0.0,0.0,0.03,0.0,0.0,0.05,0.46,0.06,0.09,0.15,0.09,0.09,0.08,0.07,0.19,0.2,0.07,0.17,0.09,0.23,0.04,0.02,0.02,0.0,0.0,0.01,0.03,0.02,0.0,0.0,0.0,0.0,0.04,0.05,0.06,0.03,0.06,0.05,0.07,0.05,0.06,0.04,0.03,0.03,0.0,0.0,0.02,0.05,0.09,0.05,0.03,0.09,0.06,0.0,0.02,0.03,0.02,0.04,0.04,0.01,0.03
6835,0.0,0.01,0.01,0.0,0.0,0.0,0.0,0.0,0.04,0.09,0.04,0.04,0.09,0.03,0.04,0.04,0.03,0.08,0.04,0.03,0.02,0.03,0.08,0.03,0.0,0.01,0.0,0.0,0.0,0.01,0.0,0.0,0.0,0.0,0.0,0.01,0.04,0.03,0.01,0.03,0.01,0.01,0.01,0.03,0.01,0.01,0.0,0.0,0.0,0.0,0.04,0.01,0.01,0.06,0.01,0.02,0.0,0.02,0.01,0.0,0.02,0.04,0.0,0.02
6836,0.0,0.0,0.0,0.0,0.0,0.0,0.0,0.0,0.01,0.0,0.0,0.0,0.0,0.01,0.01,0.01,0.01,0.02,0.01,0.0,0.0,0.0,0.01,0.01,0.0,0.0,0.0,0.0,0.0,0.0,0.0,0.0,0.0,0.0,0.0,0.0,0.0,0.0,0.0,0.0,0.0,0.0,0.0,0.01,0.01,0.0,0.0,0.0,0.0,0.0,0.0,0.0,0.0,0.0,0.0,0.0,0.0,0.0,0.0,0.0,0.0,0.0,0.0,0.0
6837,0.0,0.0,0.0,0.0,0.0,0.0,0.0,0.0,0.0,0.0,0.0,0.0,0.0,0.0,0.0,0.0,0.0,0.0,0.0,0.0,0.0,0.0,0.0,0.0,0.0,0.0,0.0,0.0,0.0,0.0,0.0,0.0,0.0,0.0,0.0,0.0,0.0,0.0,0.0,0.0,0.0,0.0,0.0,0.0,0.0,0.0,0.0,0.0,0.0,0.0,0.0,0.0,0.0,0.0,0.0,0.0,0.0,0.0,0.0,0.0,0.0,0.0,0.0,0.0
6838,0.0,0.0,0.0,0.0,0.0,0.0,0.0,0.0,0.0,0.0,0.0,0.0,0.0,0.0,0.0,0.0,0.0,0.0,0.0,0.0,0.0,0.0,0.0,0.0,0.0,0.0,0.0,0.0,0.0,0.0,0.0,0.0,0.0,0.0,0.0,0.0,0.0,0.0,0.0,0.0,0.0,0.0,0.0,0.0,0.0,0.0,0.0,0.0,0.0,0.0,0.0,0.0,0.0,0.0,0.0,0.0,0.0,0.0,0.0,0.0,0.0,0.0,0.0,0.0
6839,0.0,0.0,0.0,0.0,0.0,0.0,0.0,0.0,0.0,0.0,0.0,0.0,0.0,0.0,0.0,0.0,0.0,0.0,0.0,0.0,0.0,0.0,0.0,0.0,0.0,0.0,0.0,0.0,0.0,0.0,0.0,0.0,0.0,0.0,0.0,0.0,0.0,0.0,0.0,0.0,0.0,0.0,0.0,0.0,0.0,0.0,0.0,0.0,0.0,0.0,0.0,0.0,0.0,0.0,0.0,0.0,0.0,0.0,0.0,0.0,0.0,0.0,0.0,0.0
6840,0.0,0.0,0.0,0.0,0.0,0.0,0.0,0.0,0.0,0.0,0.0,0.0,0.0,0.0,0.0,0.0,0.0,0.0,0.0,0.0,0.0,0.0,0.0,0.0,0.0,0.0,0.0,0.0,0.0,0.0,0.0,0.0,0.0,0.0,0.0,0.0,0.0,0.0,0.0,0.0,0.0,0.0,0.0,0.0,0.0,0.0,0.0,0.0,0.0,0.0,0.0,0.0,0.0,0.0,0.0,0.0,0.0,0.0,0.0,0.0,0.0,0.0,0.0,0.0
6841,0.0,0.0,0.0,0.0,0.0,0.0,0.0,0.0,0.0,0.0,0.0,0.0,0.0,0.0,0.0,0.0,0.0,0.0,0.0,0.0,0.0,0.0,0.0,0.0,0.0,0.0,0.0,0.0,0.0,0.0,0.0,0.0,0.0,0.0,0.0,0.0,0.0,0.0,0.0,0.0,0.0,0.0,0.0,0.0,0.0,0.0,0.0,0.0,0.0,0.0,0.0,0.0,0.0,0.0,0.0,0.0,0.0,0.0,0.0,0.0,0.0,0.0,0.0,0.0
6842,0.0,0.0,0.0,0.0,0.0,0.0,0.0,0.0,0.0,0.0,0.0,0.0,0.0,0.0,0.0,0.0,0.0,0.0,0.0,0.0,0.0,0.0,0.0,0.0,0.0,0.0,0.0,0.0,0.0,0.0,0.0,0.0,0.0,0.0,0.0,0.0,0.0,0.0,0.0,0.0,0.0,0.0,0.0,0.0,0.0,0.0,0.0,0.0,0.0,0.0,0.0,0.0,0.0,0.0,0.0,0.0,0.0,0.0,0.0,0.0,0.0,0.0,0.0,0.0
6843,0.0,0.0,0.0,0.0,0.0,0.0,0.0,0.0,0.0,0.0,0.0,0.0,0.0,0.0,0.0,0.0,0.0,0.0,0.0,0.0,0.0,0.0,0.0,0.0,0.0,0.0,0.0,0.0,0.0,0.0,0.0,0.0,0.0,0.0,0.0,0.0,0.0,0.0,0.0,0.0,0.0,0.0,0.0,0.0,0.0,0.0,0.0,0.0,0.0,0.0,0.0,0.0,0.0,0.0,0.0,0.0,0.0,0.0,0.0,0.0,0.0,0.0,0.0,0.0
6844,0.0,0.0,0.0,0.0,0.0,0.0,0.0,0.0,0.0,0.0,0.0,0.0,0.0,0.0,0.0,0.0,0.0,0.0,0.0,0.0,0.0,0.0,0.0,0.0,0.0,0.0,0.0,0.0,0.0,0.0,0.0,0.0,0.0,0.0,0.0,0.0,0.0,0.0,0.0,0.0,0.0,0.0,0.0,0.0,0.0,0.0,0.0,0.0,0.0,0.0,0.0,0.0,0.0,0.0,0.0,0.0,0.0,0.0,0.0,0.0,0.0,0.0,0.0,0.0
6845,0.0,0.0,0.0,0.0,0.0,0.0,0.0,0.0,0.0,0.0,0.0,0.0,0.0,0.0,0.0,0.0,0.0,0.0,0.0,0.0,0.0,0.0,0.0,0.0,0.0,0.0,0.0,0.0,0.0,0.0,0.0,0.0,0.0,0.0,0.0,0.0,0.0,0.0,0.0,0.0,0.0,0.0,0.0,0.0,0.0,0.0,0.0,0.0,0.0,0.0,0.0,0.0,0.0,0.0,0.0,0.0,0.0,0.0,0.0,0.0,0.0,0.0,0.0,0.0
6846,0.0,0.0,0.0,0.0,0.0,0.0,0.0,0.0,0.0,0.0,0.0,0.0,0.0,0.0,0.0,0.0,0.0,0.0,0.0,0.0,0.0,0.0,0.0,0.0,0.0,0.0,0.0,0.0,0.0,0.0,0.0,0.0,0.0,0.0,0.0,0.0,0.0,0.0,0.0,0.0,0.0,0.0,0.0,0.0,0.0,0.0,0.0,0.0,0.0,0.0,0.0,0.0,0.0,0.0,0.0,0.0,0.0,0.0,0.0,0.0,0.0,0.0,0.0,0.0
6847,0.0,0.0,0.0,0.0,0.0,0.0,0.0,0.0,0.0,0.0,0.0,0.0,0.0,0.0,0.0,0.0,0.0,0.0,0.0,0.0,0.0,0.0,0.0,0.0,0.0,0.0,0.0,0.0,0.0,0.0,0.0,0.0,0.0,0.0,0.0,0.0,0.0,0.0,0.0,0.0,0.0,0.0,0.0,0.0,0.0,0.0,0.0,0.0,0.0,0.0,0.0,0.0,0.0,0.0,0.0,0.0,0.0,0.0,0.0,0.0,0.0,0.0,0.0,0.0
6848,0.0,0.0,0.0,0.0,0.0,0.0,0.0,0.0,0.0,0.0,0.0,0.0,0.0,0.0,0.0,0.0,0.0,0.0,0.0,0.0,0.0,0.0,0.0,0.0,0.0,0.0,0.0,0.0,0.0,0.0,0.0,0.0,0.0,0.0,0.0,0.0,0.0,0.0,0.0,0.0,0.0,0.0,0.0,0.0,0.0,0.0,0.0,0.0,0.0,0.0,0.0,0.0,0.0,0.0,0.0,0.0,0.0,0.0,0.0,0.0,0.0,0.0,0.0,0.0
6849,0.0,0.0,0.0,0.0,0.0,0.0,0.0,0.0,0.0,0.0,0.0,0.0,0.0,0.0,0.0,0.0,0.0,0.0,0.0,0.0,0.0,0.0,0.0,0.0,0.0,0.0,0.0,0.0,0.0,0.0,0.0,0.0,0.0,0.0,0.0,0.0,0.0,0.0,0.0,0.0,0.0,0.0,0.0,0.0,0.0,0.0,0.0,0.0,0.0,0.0,0.0,0.0,0.0,0.0,0.0,0.0,0.0,0.0,0.0,0.0,0.0,0.0,0.0,0.0
6850,0.0,0.0,0.0,0.0,0.0,0.0,0.0,0.0,0.0,0.0,0.0,0.0,0.0,0.0,0.0,0.0,0.0,0.0,0.0,0.0,0.0,0.0,0.0,0.0,0.0,0.0,0.0,0.0,0.0,0.0,0.0,0.0,0.0,0.0,0.0,0.0,0.0,0.0,0.0,0.0,0.0,0.0,0.0,0.0,0.0,0.0,0.0,0.0,0.0,0.0,0.0,0.0,0.0,0.0,0.0,0.0,0.0,0.0,0.0,0.0,0.0,0.0,0.0,0.0
6851,0.0,0.54,0.53,0.0,0.0,0.53,0.0,0.0,0.57,0.0,0.57,0.02,0.57,0.55,0.56,0.54,0.02,0.56,0.02,0.55,0.01,0.56,0.56,0.57,0.55,0.03,0.0,0.0,0.19,0.54,0.22,0.0,0.0,0.0,0.0,0.56,0.57,0.61,0.02,0.08,0.07,0.02,0.57,0.57,0.57,0.12,0.54,0.0,0.0,0.54,0.11,0.02,0.02,0.03,0.01,0.5,0.0,0.01,0.19,0.02,0.55,0.04,0.13,0.56
6852,0.0,0.77,0.78,0.0,0.0,0.74,0.0,0.0,0.78,0.02,0.79,0.37,0.73,0.76,0.75,0.75,0.8,0.39,0.06,0.76,0.1,0.75,0.72,0.78,0.74,0.25,0.0,0.0,0.78,0.78,0.38,0.0,0.0,0.0,0.0,0.78,0.78,0.82,0.79,0.28,0.37,0.79,0.79,0.78,0.78,0.8,0.74,0.0,0.0,0.74,0.62,0.17,0.07,0.12,0.08,0.75,0.0,0.12,0.34,0.07,0.78,0.34,0.21,0.78
6853,0.0,0.85,0.85,0.0,0.0,0.82,0.0,0.0,0.83,0.84,0.85,0.88,0.33,0.83,0.84,0.83,0.87,0.85,0.45,0.83,0.46,0.83,0.52,0.85,0.8,0.86,0.0,0.0,0.84,0.85,0.85,0.0,0.0,0.0,0.0,0.84,0.84,0.88,0.86,0.49,0.38,0.86,0.86,0.85,0.85,0.86,0.82,0.0,0.0,0.82,0.54,0.84,0.12,0.3,0.3,0.83,0.0,0.11,0.37,0.12,0.85,0.25,0.66,0.85
6854,0.0,0.87,0.88,0.0,0.0,0.85,0.0,0.0,0.86,0.88,0.88,0.91,0.85,0.87,0.87,0.86,0.89,0.89,0.23,0.86,0.3,0.87,0.85,0.88,0.83,0.88,0.0,0.0,0.87,0.88,0.88,0.0,0.0,0.0,0.0,0.87,0.88,0.91,0.88,0.91,0.84,0.88,0.88,0.88,0.88,0.89,0.85,0.0,0.0,0.85,0.63,0.88,0.28,0.53,0.16,0.86,0.0,0.37,0.4,0.29,0.88,0.35,0.88,0.88
6855,0.0,0.88,0.88,0.0,0.0,0.85,0.0,0.0,0.87,0.89,0.88,0.72,0.87,0.88,0.88,0.87,0.62,0.9,0.52,0.87,0.63,0.88,0.87,0.89,0.84,0.89,0.0,0.0,0.88,0.88,0.88,0.0,0.0,0.0,0.0,0.87,0.89,0.91,0.89,0.91,0.57,0.88,0.88,0.89,0.89,0.89,0.86,0.0,0.0,0.85,0.69,0.89,0.5,0.89,0.28,0.88,0.0,0.5,0.89,0.5,0.89,0.64,0.89,0.86
6856,0.0,0.87,0.88,0.0,0.0,0.85,0.0,0.0,0.87,0.48,0.87,0.91,0.87,0.87,0.87,0.87,0.9,0.89,0.69,0.87,0.41,0.88,0.37,0.88,0.83,0.88,0.0,0.0,0.88,0.88,0.88,0.0,0.0,0.0,0.0,0.87,0.89,0.91,0.88,0.91,0.91,0.88,0.88,0.88,0.89,0.88,0.85,0.0,0.0,0.85,0.89,0.89,0.33,0.88,0.28,0.87,0.0,0.61,0.89,0.46,0.89,0.89,0.89,0.89
6857,0.0,0.85,0.86,0.0,0.0,0.82,0.0,0.0,0.85,0.86,0.85,0.88,0.84,0.85,0.85,0.84,0.87,0.86,0.69,0.84,0.39,0.85,0.4,0.86,0.81,0.86,0.0,0.0,0.85,0.86,0.85,0.0,0.0,0.0,0.0,0.85,0.86,0.88,0.86,0.88,0.88,0.85,0.85,0.86,0.86,0.86,0.82,0.0,0.0,0.82,0.87,0.87,0.59,0.86,0.41,0.85,0.0,0.86,0.86,0.87,0.87,0.87,0.87,0.87
6858,0.0,0.85,0.84,0.0,0.0,0.82,0.0,0.0,0.84,0.84,0.84,0.87,0.83,0.84,0.84,0.83,0.87,0.85,0.86,0.84,0.23,0.84,0.26,0.85,0.8,0.85,0.0,0.0,0.85,0.85,0.84,0.0,0.0,0.0,0.0,0.84,0.85,0.87,0.85,0.88,0.88,0.85,0.84,0.85,0.85,0.86,0.82,0.0,0.0,0.82,0.87,0.86,0.87,0.86,0.47,0.85,0.0,0.86,0.86,0.86,0.86,0.87,0.86,0.86
6859,0.0,0.77,0.78,0.0,0.0,0.74,0.0,0.0,0.76,0.3,0.76,0.79,0.73,0.75,0.75,0.74,0.78,0.75,0.77,0.75,0.76,0.75,0.2,0.77,0.72,0.78,0.0,0.0,0.77,0.78,0.77,0.0,0.0,0.0,0.0,0.77,0.77,0.79,0.78,0.8,0.79,0.77,0.77,0.76,0.77,0.78,0.75,0.0,0.0,0.74,0.8,0.79,0.79,0.79,0.54,0.77,0.0,0.79,0.79,0.78,0.79,0.8,0.79,0.79
6860,0.0,0.55,0.56,0.0,0.0,0.51,0.0,0.0,0.47,0.4,0.48,0.49,0.35,0.42,0.42,0.43,0.5,0.39,0.4,0.45,0.43,0.41,0.34,0.5,0.46,0.56,0.0,0.0,0.55,0.55,0.56,0.0,0.0,0.0,0.0,0.54,0.51,0.53,0.55,0.52,0.54,0.54,0.53,0.5,0.5,0.55,0.51,0.0,0.0,0.5,0.57,0.57,0.54,0.55,0.53,0.54,0.0,0.55,0.56,0.53,0.56,0.56,0.57,0.56
6861,0.0,0.01,0.01,0.0,0.0,0.0,0.0,0.0,0.0,0.0,0.0,0.0,0.0,0.0,0.0,0.0,0.0,0.0,0.0,0.0,0.0,0.0,0.0,0.0,0.0,0.01,0.0,0.0,0.0,0.01,0.01,0.0,0.0,0.0,0.0,0.0,0.0,0.0,0.0,0.0,0.0,0.0,0.0,0.0,0.0,0.0,0.0,0.0,0.0,0.0,0.0,0.01,0.0,0.0,0.0,0.0,0.0,0.0,0.0,0.0,0.0,0.0,0.0,0.0
6862,0.0,0.0,0.0,0.0,0.0,0.0,0.0,0.0,0.0,0.0,0.0,0.0,0.0,0.0,0.0,0.0,0.0,0.0,0.0,0.0,0.0,0.0,0.0,0.0,0.0,0.0,0.0,0.0,0.0,0.0,0.0,0.0,0.0,0.0,0.0,0.0,0.0,0.0,0.0,0.0,0.0,0.0,0.0,0.0,0.0,0.0,0.0,0.0,0.0,0.0,0.0,0.0,0.0,0.0,0.0,0.0,0.0,0.0,0.0,0.0,0.0,0.0,0.0,0.0
6863,0.0,0.0,0.0,0.0,0.0,0.0,0.0,0.0,0.0,0.0,0.0,0.0,0.0,0.0,0.0,0.0,0.0,0.0,0.0,0.0,0.0,0.0,0.0,0.0,0.0,0.0,0.0,0.0,0.0,0.0,0.0,0.0,0.0,0.0,0.0,0.0,0.0,0.0,0.0,0.0,0.0,0.0,0.0,0.0,0.0,0.0,0.0,0.0,0.0,0.0,0.0,0.0,0.0,0.0,0.0,0.0,0.0,0.0,0.0,0.0,0.0,0.0,0.0,0.0
6864,0.0,0.0,0.0,0.0,0.0,0.0,0.0,0.0,0.0,0.0,0.0,0.0,0.0,0.0,0.0,0.0,0.0,0.0,0.0,0.0,0.0,0.0,0.0,0.0,0.0,0.0,0.0,0.0,0.0,0.0,0.0,0.0,0.0,0.0,0.0,0.0,0.0,0.0,0.0,0.0,0.0,0.0,0.0,0.0,0.0,0.0,0.0,0.0,0.0,0.0,0.0,0.0,0.0,0.0,0.0,0.0,0.0,0.0,0.0,0.0,0.0,0.0,0.0,0.0
6865,0.0,0.0,0.0,0.0,0.0,0.0,0.0,0.0,0.0,0.0,0.0,0.0,0.0,0.0,0.0,0.0,0.0,0.0,0.0,0.0,0.0,0.0,0.0,0.0,0.0,0.0,0.0,0.0,0.0,0.0,0.0,0.0,0.0,0.0,0.0,0.0,0.0,0.0,0.0,0.0,0.0,0.0,0.0,0.0,0.0,0.0,0.0,0.0,0.0,0.0,0.0,0.0,0.0,0.0,0.0,0.0,0.0,0.0,0.0,0.0,0.0,0.0,0.0,0.0
6866,0.0,0.0,0.0,0.0,0.0,0.0,0.0,0.0,0.0,0.0,0.0,0.0,0.0,0.0,0.0,0.0,0.0,0.0,0.0,0.0,0.0,0.0,0.0,0.0,0.0,0.0,0.0,0.0,0.0,0.0,0.0,0.0,0.0,0.0,0.0,0.0,0.0,0.0,0.0,0.0,0.0,0.0,0.0,0.0,0.0,0.0,0.0,0.0,0.0,0.0,0.0,0.0,0.0,0.0,0.0,0.0,0.0,0.0,0.0,0.0,0.0,0.0,0.0,0.0
6867,0.0,0.0,0.0,0.0,0.0,0.0,0.0,0.0,0.0,0.0,0.0,0.0,0.0,0.0,0.0,0.0,0.0,0.0,0.0,0.0,0.0,0.0,0.0,0.0,0.0,0.0,0.0,0.0,0.0,0.0,0.0,0.0,0.0,0.0,0.0,0.0,0.0,0.0,0.0,0.0,0.0,0.0,0.0,0.0,0.0,0.0,0.0,0.0,0.0,0.0,0.0,0.0,0.0,0.0,0.0,0.0,0.0,0.0,0.0,0.0,0.0,0.0,0.0,0.0
6868,0.0,0.0,0.0,0.0,0.0,0.0,0.0,0.0,0.0,0.0,0.0,0.0,0.0,0.0,0.0,0.0,0.0,0.0,0.0,0.0,0.0,0.0,0.0,0.0,0.0,0.0,0.0,0.0,0.0,0.0,0.0,0.0,0.0,0.0,0.0,0.0,0.0,0.0,0.0,0.0,0.0,0.0,0.0,0.0,0.0,0.0,0.0,0.0,0.0,0.0,0.0,0.0,0.0,0.0,0.0,0.0,0.0,0.0,0.0,0.0,0.0,0.0,0.0,0.0
6869,0.0,0.0,0.0,0.0,0.0,0.0,0.0,0.0,0.0,0.0,0.0,0.0,0.0,0.0,0.0,0.0,0.0,0.0,0.0,0.0,0.0,0.0,0.0,0.0,0.0,0.0,0.0,0.0,0.0,0.0,0.0,0.0,0.0,0.0,0.0,0.0,0.0,0.0,0.0,0.0,0.0,0.0,0.0,0.0,0.0,0.0,0.0,0.0,0.0,0.0,0.0,0.0,0.0,0.0,0.0,0.0,0.0,0.0,0.0,0.0,0.0,0.0,0.0,0.0
6870,0.0,0.0,0.0,0.0,0.0,0.0,0.0,0.0,0.0,0.0,0.0,0.0,0.0,0.0,0.0,0.0,0.0,0.0,0.0,0.0,0.0,0.0,0.0,0.0,0.0,0.0,0.0,0.0,0.0,0.0,0.0,0.0,0.0,0.0,0.0,0.0,0.0,0.0,0.0,0.0,0.0,0.0,0.0,0.0,0.0,0.0,0.0,0.0,0.0,0.0,0.0,0.0,0.0,0.0,0.0,0.0,0.0,0.0,0.0,0.0,0.0,0.0,0.0,0.0
6871,0.0,0.0,0.0,0.0,0.0,0.0,0.0,0.0,0.0,0.0,0.0,0.0,0.0,0.0,0.0,0.0,0.0,0.0,0.0,0.0,0.0,0.0,0.0,0.0,0.0,0.0,0.0,0.0,0.0,0.0,0.0,0.0,0.0,0.0,0.0,0.0,0.0,0.0,0.0,0.0,0.0,0.0,0.0,0.0,0.0,0.0,0.0,0.0,0.0,0.0,0.0,0.0,0.0,0.0,0.0,0.0,0.0,0.0,0.0,0.0,0.0,0.0,0.0,0.0
6872,0.0,0.0,0.0,0.0,0.0,0.0,0.0,0.0,0.0,0.0,0.0,0.0,0.0,0.0,0.0,0.0,0.0,0.0,0.0,0.0,0.0,0.0,0.0,0.0,0.0,0.0,0.0,0.0,0.0,0.0,0.0,0.0,0.0,0.0,0.0,0.0,0.0,0.0,0.0,0.0,0.0,0.0,0.0,0.0,0.0,0.0,0.0,0.0,0.0,0.0,0.0,0.0,0.0,0.0,0.0,0.0,0.0,0.0,0.0,0.0,0.0,0.0,0.0,0.0
6873,0.0,0.0,0.0,0.0,0.0,0.0,0.0,0.0,0.0,0.0,0.0,0.0,0.0,0.0,0.0,0.0,0.0,0.0,0.0,0.0,0.0,0.0,0.0,0.0,0.0,0.0,0.0,0.0,0.0,0.0,0.0,0.0,0.0,0.0,0.0,0.0,0.0,0.0,0.0,0.0,0.0,0.0,0.0,0.0,0.0,0.0,0.0,0.0,0.0,0.0,0.0,0.0,0.0,0.0,0.0,0.0,0.0,0.0,0.0,0.0,0.0,0.0,0.0,0.0
6874,0.0,0.0,0.0,0.0,0.0,0.0,0.0,0.0,0.0,0.0,0.0,0.0,0.0,0.0,0.0,0.0,0.0,0.0,0.0,0.0,0.0,0.0,0.0,0.0,0.0,0.0,0.0,0.0,0.0,0.0,0.0,0.0,0.0,0.0,0.0,0.0,0.0,0.0,0.0,0.0,0.0,0.0,0.0,0.0,0.0,0.0,0.0,0.0,0.0,0.0,0.0,0.0,0.0,0.0,0.0,0.0,0.0,0.0,0.0,0.0,0.0,0.0,0.0,0.0
6875,0.0,0.49,0.49,0.0,0.0,0.53,0.0,0.0,0.55,0.56,0.54,0.57,0.59,0.57,0.55,0.56,0.56,0.58,0.58,0.55,0.56,0.57,0.6,0.54,0.55,0.5,0.0,0.0,0.49,0.49,0.49,0.0,0.0,0.0,0.0,0.52,0.55,0.55,0.53,0.56,0.55,0.54,0.53,0.54,0.55,0.54,0.53,0.0,0.0,0.53,0.5,0.5,0.52,0.49,0.53,0.46,0.0,0.5,0.5,0.51,0.51,0.5,0.51,0.5
6876,0.0,0.66,0.66,0.0,0.0,0.66,0.0,0.0,0.67,0.7,0.68,0.7,0.72,0.69,0.68,0.66,0.7,0.71,0.71,0.67,0.7,0.7,0.72,0.68,0.66,0.67,0.0,0.0,0.66,0.66,0.66,0.0,0.0,0.0,0.0,0.67,0.69,0.7,0.68,0.71,0.69,0.68,0.68,0.67,0.69,0.69,0.66,0.0,0.0,0.66,0.69,0.67,0.69,0.68,0.7,0.68,0.0,0.68,0.68,0.69,0.69,0.69,0.68,0.68
6877,0.0,0.74,0.77,0.0,0.0,0.76,0.0,0.0,0.78,0.81,0.78,0.81,0.8,0.79,0.78,0.75,0.8,0.8,0.81,0.78,0.8,0.8,0.81,0.79,0.76,0.78,0.0,0.0,0.78,0.75,0.78,0.0,0.0,0.0,0.0,0.78,0.78,0.8,0.79,0.82,0.8,0.78,0.78,0.77,0.8,0.79,0.77,0.0,0.0,0.76,0.81,0.8,0.8,0.79,0.81,0.79,0.0,0.79,0.8,0.8,0.8,0.81,0.79,0.8
6878,0.0,0.78,0.79,0.0,0.0,0.77,0.0,0.0,0.8,0.84,0.8,0.84,0.82,0.81,0.8,0.8,0.81,0.83,0.84,0.8,0.83,0.82,0.82,0.81,0.77,0.75,0.0,0.0,0.8,0.78,0.78,0.0,0.0,0.0,0.0,0.8,0.8,0.83,0.81,0.84,0.83,0.81,0.81,0.8,0.81,0.81,0.75,0.0,0.0,0.75,0.83,0.8,0.83,0.82,0.83,0.8,0.0,0.82,0.82,0.81,0.83,0.83,0.82,0.82
6879,0.0,0.77,0.7,0.0,0.0,0.73,0.0,0.0,0.83,0.85,0.83,0.86,0.83,0.84,0.83,0.82,0.83,0.85,0.86,0.84,0.85,0.84,0.84,0.84,0.77,0.82,0.0,0.0,0.76,0.79,0.82,0.0,0.0,0.0,0.0,0.78,0.83,0.86,0.83,0.85,0.85,0.82,0.82,0.82,0.83,0.84,0.69,0.0,0.0,0.68,0.85,0.83,0.85,0.84,0.84,0.82,0.0,0.84,0.83,0.84,0.83,0.84,0.79,0.84
6880,0.0,0.63,0.61,0.0,0.0,0.74,0.0,0.0,0.84,0.85,0.82,0.85,0.82,0.84,0.84,0.8,0.84,0.84,0.85,0.83,0.84,0.42,0.84,0.83,0.76,0.6,0.0,0.0,0.78,0.68,0.58,0.0,0.0,0.0,0.0,0.77,0.82,0.84,0.82,0.85,0.84,0.83,0.8,0.78,0.83,0.82,0.75,0.0,0.0,0.76,0.82,0.82,0.84,0.83,0.84,0.82,0.0,0.81,0.8,0.84,0.83,0.83,0.82,0.82
6881,0.0,0.51,0.54,0.0,0.0,0.73,0.0,0.0,0.81,0.82,0.81,0.83,0.8,0.81,0.77,0.8,0.82,0.82,0.83,0.81,0.82,0.81,0.81,0.8,0.75,0.69,0.0,0.0,0.68,0.53,0.68,0.0,0.0,0.0,0.0,0.69,0.8,0.81,0.62,0.8,0.82,0.66,0.75,0.78,0.8,0.69,0.71,0.0,0.0,0.72,0.84,0.76,0.8,0.81,0.82,0.81,0.0,0.8,0.83,0.8,0.81,0.83,0.58,0.83
6882,0.0,0.57,0.54,0.0,0.0,0.48,0.0,0.0,0.8,0.81,0.8,0.82,0.79,0.78,0.76,0.8,0.79,0.81,0.82,0.8,0.81,0.76,0.8,0.65,0.72,0.2,0.0,0.0,0.25,0.49,0.22,0.0,0.0,0.0,0.0,0.56,0.54,0.82,0.63,0.82,0.74,0.69,0.7,0.4,0.63,0.7,0.6,0.0,0.0,0.53,0.82,0.78,0.75,0.8,0.8,0.76,0.0,0.79,0.8,0.78,0.78,0.83,0.65,0.77
6883,0.0,0.55,0.64,0.0,0.0,0.47,0.0,0.0,0.55,0.73,0.62,0.71,0.69,0.73,0.71,0.61,0.72,0.73,0.74,0.62,0.73,0.72,0.71,0.53,0.5,0.7,0.0,0.0,0.09,0.49,0.48,0.0,0.0,0.0,0.0,0.39,0.53,0.68,0.74,0.65,0.69,0.72,0.7,0.47,0.53,0.74,0.48,0.0,0.0,0.45,0.76,0.75,0.75,0.71,0.73,0.66,0.0,0.7,0.73,0.68,0.7,0.77,0.14,0.74
6884,0.0,0.59,0.6,0.0,0.0,0.25,0.0,0.0,0.41,0.53,0.56,0.44,0.42,0.36,0.28,0.35,0.53,0.49,0.52,0.34,0.49,0.33,0.31,0.36,0.28,0.6,0.0,0.0,0.59,0.02,0.32,0.0,0.0,0.0,0.0,0.58,0.55,0.58,0.59,0.58,0.57,0.59,0.54,0.24,0.45,0.59,0.25,0.0,0.0,0.26,0.61,0.6,0.58,0.5,0.53,0.4,0.0,0.53,0.6,0.57,0.53,0.61,0.61,0.59
6885,0.0,0.0,0.0,0.0,0.0,0.0,0.0,0.0,0.0,0.0,0.0,0.0,0.0,0.0,0.0,0.0,0.0,0.0,0.0,0.0,0.0,0.0,0.0,0.0,0.0,0.0,0.0,0.0,0.0,0.0,0.0,0.0,0.0,0.0,0.0,0.0,0.0,0.0,0.0,0.0,0.0,0.0,0.0,0.0,0.0,0.0,0.0,0.0,0.0,0.0,0.0,0.0,0.0,0.0,0.0,0.0,0.0,0.0,0.0,0.0,0.0,0.0,0.0,0.0
6886,0.0,0.0,0.0,0.0,0.0,0.0,0.0,0.0,0.0,0.0,0.0,0.0,0.0,0.0,0.0,0.0,0.0,0.0,0.0,0.0,0.0,0.0,0.0,0.0,0.0,0.0,0.0,0.0,0.0,0.0,0.0,0.0,0.0,0.0,0.0,0.0,0.0,0.0,0.0,0.0,0.0,0.0,0.0,0.0,0.0,0.0,0.0,0.0,0.0,0.0,0.0,0.0,0.0,0.0,0.0,0.0,0.0,0.0,0.0,0.0,0.0,0.0,0.0,0.0
6887,0.0,0.0,0.0,0.0,0.0,0.0,0.0,0.0,0.0,0.0,0.0,0.0,0.0,0.0,0.0,0.0,0.0,0.0,0.0,0.0,0.0,0.0,0.0,0.0,0.0,0.0,0.0,0.0,0.0,0.0,0.0,0.0,0.0,0.0,0.0,0.0,0.0,0.0,0.0,0.0,0.0,0.0,0.0,0.0,0.0,0.0,0.0,0.0,0.0,0.0,0.0,0.0,0.0,0.0,0.0,0.0,0.0,0.0,0.0,0.0,0.0,0.0,0.0,0.0
6888,0.0,0.0,0.0,0.0,0.0,0.0,0.0,0.0,0.0,0.0,0.0,0.0,0.0,0.0,0.0,0.0,0.0,0.0,0.0,0.0,0.0,0.0,0.0,0.0,0.0,0.0,0.0,0.0,0.0,0.0,0.0,0.0,0.0,0.0,0.0,0.0,0.0,0.0,0.0,0.0,0.0,0.0,0.0,0.0,0.0,0.0,0.0,0.0,0.0,0.0,0.0,0.0,0.0,0.0,0.0,0.0,0.0,0.0,0.0,0.0,0.0,0.0,0.0,0.0
6889,0.0,0.0,0.0,0.0,0.0,0.0,0.0,0.0,0.0,0.0,0.0,0.0,0.0,0.0,0.0,0.0,0.0,0.0,0.0,0.0,0.0,0.0,0.0,0.0,0.0,0.0,0.0,0.0,0.0,0.0,0.0,0.0,0.0,0.0,0.0,0.0,0.0,0.0,0.0,0.0,0.0,0.0,0.0,0.0,0.0,0.0,0.0,0.0,0.0,0.0,0.0,0.0,0.0,0.0,0.0,0.0,0.0,0.0,0.0,0.0,0.0,0.0,0.0,0.0
6890,0.0,0.0,0.0,0.0,0.0,0.0,0.0,0.0,0.0,0.0,0.0,0.0,0.0,0.0,0.0,0.0,0.0,0.0,0.0,0.0,0.0,0.0,0.0,0.0,0.0,0.0,0.0,0.0,0.0,0.0,0.0,0.0,0.0,0.0,0.0,0.0,0.0,0.0,0.0,0.0,0.0,0.0,0.0,0.0,0.0,0.0,0.0,0.0,0.0,0.0,0.0,0.0,0.0,0.0,0.0,0.0,0.0,0.0,0.0,0.0,0.0,0.0,0.0,0.0
6891,0.0,0.0,0.0,0.0,0.0,0.0,0.0,0.0,0.0,0.0,0.0,0.0,0.0,0.0,0.0,0.0,0.0,0.0,0.0,0.0,0.0,0.0,0.0,0.0,0.0,0.0,0.0,0.0,0.0,0.0,0.0,0.0,0.0,0.0,0.0,0.0,0.0,0.0,0.0,0.0,0.0,0.0,0.0,0.0,0.0,0.0,0.0,0.0,0.0,0.0,0.0,0.0,0.0,0.0,0.0,0.0,0.0,0.0,0.0,0.0,0.0,0.0,0.0,0.0
6892,0.0,0.0,0.0,0.0,0.0,0.0,0.0,0.0,0.0,0.0,0.0,0.0,0.0,0.0,0.0,0.0,0.0,0.0,0.0,0.0,0.0,0.0,0.0,0.0,0.0,0.0,0.0,0.0,0.0,0.0,0.0,0.0,0.0,0.0,0.0,0.0,0.0,0.0,0.0,0.0,0.0,0.0,0.0,0.0,0.0,0.0,0.0,0.0,0.0,0.0,0.0,0.0,0.0,0.0,0.0,0.0,0.0,0.0,0.0,0.0,0.0,0.0,0.0,0.0
6893,0.0,0.0,0.0,0.0,0.0,0.0,0.0,0.0,0.0,0.0,0.0,0.0,0.0,0.0,0.0,0.0,0.0,0.0,0.0,0.0,0.0,0.0,0.0,0.0,0.0,0.0,0.0,0.0,0.0,0.0,0.0,0.0,0.0,0.0,0.0,0.0,0.0,0.0,0.0,0.0,0.0,0.0,0.0,0.0,0.0,0.0,0.0,0.0,0.0,0.0,0.0,0.0,0.0,0.0,0.0,0.0,0.0,0.0,0.0,0.0,0.0,0.0,0.0,0.0
6894,0.0,0.0,0.0,0.0,0.0,0.0,0.0,0.0,0.0,0.0,0.0,0.0,0.0,0.0,0.0,0.0,0.0,0.0,0.0,0.0,0.0,0.0,0.0,0.0,0.0,0.0,0.0,0.0,0.0,0.0,0.0,0.0,0.0,0.0,0.0,0.0,0.0,0.0,0.0,0.0,0.0,0.0,0.0,0.0,0.0,0.0,0.0,0.0,0.0,0.0,0.0,0.0,0.0,0.0,0.0,0.0,0.0,0.0,0.0,0.0,0.0,0.0,0.0,0.0
6895,0.0,0.0,0.0,0.0,0.0,0.0,0.0,0.0,0.0,0.0,0.0,0.0,0.0,0.0,0.0,0.0,0.0,0.0,0.0,0.0,0.0,0.0,0.0,0.0,0.0,0.0,0.0,0.0,0.0,0.0,0.0,0.0,0.0,0.0,0.0,0.0,0.0,0.0,0.0,0.0,0.0,0.0,0.0,0.0,0.0,0.0,0.0,0.0,0.0,0.0,0.0,0.0,0.0,0.0,0.0,0.0,0.0,0.0,0.0,0.0,0.0,0.0,0.0,0.0
6896,0.0,0.0,0.0,0.0,0.0,0.0,0.0,0.0,0.0,0.0,0.0,0.0,0.0,0.0,0.0,0.0,0.0,0.0,0.0,0.0,0.0,0.0,0.0,0.0,0.0,0.0,0.0,0.0,0.0,0.0,0.0,0.0,0.0,0.0,0.0,0.0,0.0,0.0,0.0,0.0,0.0,0.0,0.0,0.0,0.0,0.0,0.0,0.0,0.0,0.0,0.0,0.0,0.0,0.0,0.0,0.0,0.0,0.0,0.0,0.0,0.0,0.0,0.0,0.0
6897,0.0,0.0,0.0,0.0,0.0,0.0,0.0,0.0,0.0,0.0,0.0,0.0,0.0,0.0,0.0,0.0,0.0,0.0,0.0,0.0,0.0,0.0,0.0,0.0,0.0,0.0,0.0,0.0,0.0,0.0,0.0,0.0,0.0,0.0,0.0,0.0,0.0,0.0,0.0,0.0,0.0,0.0,0.0,0.0,0.0,0.0,0.0,0.0,0.0,0.0,0.0,0.0,0.0,0.0,0.0,0.0,0.0,0.0,0.0,0.0,0.0,0.0,0.0,0.0
6898,0.0,0.0,0.0,0.0,0.0,0.0,0.0,0.0,0.0,0.0,0.0,0.0,0.0,0.0,0.0,0.0,0.0,0.0,0.0,0.0,0.0,0.0,0.0,0.0,0.0,0.0,0.0,0.0,0.0,0.0,0.0,0.0,0.0,0.0,0.0,0.0,0.0,0.0,0.0,0.0,0.0,0.0,0.0,0.0,0.0,0.0,0.0,0.0,0.0,0.0,0.0,0.0,0.0,0.0,0.0,0.0,0.0,0.0,0.0,0.0,0.0,0.0,0.0,0.0
6899,0.0,0.45,0.44,0.0,0.0,0.53,0.0,0.0,0.0,0.56,0.02,0.0,0.02,0.0,0.0,0.01,0.01,0.07,0.02,0.0,0.43,0.0,0.15,0.0,0.55,0.01,0.0,0.0,0.02,0.45,0.01,0.0,0.0,0.0,0.0,0.52,0.01,0.0,0.01,0.0,0.0,0.08,0.01,0.0,0.0,0.01,0.54,0.0,0.0,0.54,0.01,0.0,0.01,0.5,0.01,0.03,0.0,0.12,0.08,0.02,0.02,0.02,0.4,0.51
6900,0.0,0.68,0.69,0.0,0.0,0.68,0.0,0.0,0.1,0.69,0.06,0.01,0.14,0.01,0.02,0.03,0.03,0.03,0.02,0.01,0.05,0.01,0.37,0.02,0.69,0.09,0.0,0.0,0.69,0.69,0.69,0.0,0.0,0.0,0.0,0.64,0.02,0.02,0.25,0.02,0.02,0.64,0.22,0.01,0.02,0.14,0.68,0.0,0.0,0.68,0.23,0.01,0.05,0.7,0.05,0.67,0.0,0.48,0.7,0.06,0.68,0.16,0.13,0.71
6901,0.0,0.71,0.71,0.0,0.0,0.71,0.0,0.0,0.08,0.72,0.05,0.03,0.03,0.04,0.02,0.03,0.2,0.04,0.03,0.04,0.04,0.04,0.05,0.02,0.71,0.71,0.0,0.0,0.13,0.71,0.71,0.0,0.0,0.0,0.0,0.72,0.06,0.04,0.28,0.04,0.04,0.72,0.72,0.04,0.03,0.38,0.71,0.0,0.0,0.71,0.21,0.02,0.09,0.27,0.08,0.7,0.0,0.11,0.72,0.1,0.73,0.17,0.11,0.73
6902,0.0,0.75,0.76,0.0,0.0,0.76,0.0,0.0,0.08,0.77,0.11,0.05,0.04,0.06,0.07,0.07,0.17,0.04,0.04,0.04,0.05,0.08,0.03,0.77,0.77,0.24,0.0,0.0,0.4,0.76,0.76,0.0,0.0,0.0,0.0,0.45,0.07,0.07,0.46,0.13,0.06,0.78,0.77,0.28,0.25,0.79,0.76,0.0,0.0,0.76,0.72,0.06,0.15,0.49,0.16,0.75,0.0,0.24,0.78,0.11,0.45,0.41,0.05,0.37
6903,0.0,0.23,0.32,0.0,0.0,0.77,0.0,0.0,0.32,0.78,0.35,0.06,0.05,0.11,0.06,0.05,0.21,0.06,0.05,0.07,0.04,0.11,0.04,0.06,0.78,0.8,0.0,0.0,0.22,0.25,0.78,0.0,0.0,0.0,0.0,0.18,0.19,0.1,0.09,0.19,0.1,0.43,0.25,0.15,0.05,0.06,0.77,0.0,0.0,0.77,0.81,0.67,0.8,0.79,0.29,0.76,0.0,0.79,0.8,0.27,0.81,0.81,0.1,0.81
6904,0.0,0.23,0.36,0.0,0.0,0.77,0.0,0.0,0.26,0.35,0.18,0.07,0.05,0.26,0.21,0.22,0.25,0.07,0.06,0.15,0.04,0.13,0.04,0.1,0.78,0.79,0.0,0.0,0.11,0.35,0.46,0.0,0.0,0.0,0.0,0.67,0.07,0.12,0.79,0.22,0.18,0.31,0.14,0.78,0.34,0.4,0.77,0.0,0.0,0.78,0.81,0.8,0.79,0.78,0.27,0.77,0.0,0.78,0.8,0.29,0.8,0.8,0.36,0.8
6905,0.0,0.78,0.35,0.0,0.0,0.76,0.0,0.0,0.28,0.31,0.28,0.05,0.09,0.22,0.14,0.1,0.15,0.04,0.04,0.09,0.03,0.14,0.06,0.07,0.77,0.78,0.0,0.0,0.29,0.78,0.77,0.0,0.0,0.0,0.0,0.77,0.13,0.26,0.77,0.45,0.79,0.11,0.77,0.03,0.06,0.78,0.76,0.0,0.0,0.76,0.8,0.78,0.78,0.77,0.39,0.75,0.0,0.77,0.78,0.4,0.79,0.79,0.77,0.79
6906,0.0,0.73,0.73,0.0,0.0,0.73,0.0,0.0,0.75,0.1,0.74,0.08,0.16,0.12,0.06,0.05,0.04,0.07,0.05,0.75,0.04,0.1,0.03,0.74,0.73,0.74,0.0,0.0,0.74,0.74,0.74,0.0,0.0,0.0,0.0,0.74,0.74,0.75,0.73,0.74,0.35,0.12,0.72,0.03,0.74,0.74,0.73,0.0,0.0,0.73,0.75,0.75,0.74,0.72,0.74,0.7,0.0,0.73,0.74,0.72,0.75,0.75,0.74,0.75
6907,0.0,0.65,0.65,0.0,0.0,0.64,0.0,0.0,0.63,0.04,0.63,0.21,0.04,0.08,0.11,0.13,0.02,0.03,0.02,0.41,0.05,0.05,0.01,0.64,0.63,0.66,0.0,0.0,0.65,0.65,0.65,0.0,0.0,0.0,0.0,0.65,0.64,0.08,0.65,0.1,0.66,0.65,0.64,0.64,0.64,0.65,0.64,0.0,0.0,0.64,0.67,0.68,0.65,0.64,0.65,0.62,0.0,0.64,0.66,0.63,0.67,0.66,0.66,0.66
6908,0.0,0.58,0.58,0.0,0.0,0.57,0.0,0.0,0.54,0.09,0.54,0.02,0.01,0.1,0.08,0.13,0.56,0.01,0.01,0.54,0.53,0.02,0.0,0.55,0.55,0.58,0.0,0.0,0.57,0.58,0.58,0.0,0.0,0.0,0.0,0.57,0.56,0.56,0.56,0.02,0.56,0.56,0.55,0.55,0.56,0.57,0.57,0.0,0.0,0.56,0.58,0.59,0.56,0.56,0.55,0.54,0.0,0.55,0.58,0.55,0.58,0.58,0.58,0.58
6909,0.0,0.0,0.0,0.0,0.0,0.0,0.0,0.0,0.0,0.0,0.0,0.0,0.0,0.0,0.0,0.0,0.0,0.0,0.0,0.0,0.0,0.0,0.0,0.0,0.0,0.0,0.0,0.0,0.0,0.0,0.0,0.0,0.0,0.0,0.0,0.0,0.0,0.0,0.0,0.0,0.0,0.0,0.0,0.0,0.0,0.0,0.0,0.0,0.0,0.0,0.0,0.0,0.0,0.0,0.0,0.0,0.0,0.0,0.0,0.0,0.0,0.0,0.0,0.0
6910,0.0,0.0,0.0,0.0,0.0,0.0,0.0,0.0,0.0,0.0,0.0,0.0,0.0,0.0,0.0,0.0,0.0,0.0,0.0,0.0,0.0,0.0,0.0,0.0,0.0,0.0,0.0,0.0,0.0,0.0,0.0,0.0,0.0,0.0,0.0,0.0,0.0,0.0,0.0,0.0,0.0,0.0,0.0,0.0,0.0,0.0,0.0,0.0,0.0,0.0,0.0,0.0,0.0,0.0,0.0,0.0,0.0,0.0,0.0,0.0,0.0,0.0,0.0,0.0
6911,0.0,0.0,0.0,0.0,0.0,0.0,0.0,0.0,0.0,0.0,0.0,0.0,0.0,0.0,0.0,0.0,0.0,0.0,0.0,0.0,0.0,0.0,0.0,0.0,0.0,0.0,0.0,0.0,0.0,0.0,0.0,0.0,0.0,0.0,0.0,0.0,0.0,0.0,0.0,0.0,0.0,0.0,0.0,0.0,0.0,0.0,0.0,0.0,0.0,0.0,0.0,0.0,0.0,0.0,0.0,0.0,0.0,0.0,0.0,0.0,0.0,0.0,0.0,0.0
6912,0.0,0.0,0.0,0.0,0.0,0.0,0.0,0.0,0.0,0.0,0.0,0.0,0.0,0.0,0.0,0.0,0.0,0.0,0.0,0.0,0.0,0.0,0.0,0.0,0.0,0.0,0.0,0.0,0.0,0.0,0.0,0.0,0.0,0.0,0.0,0.0,0.0,0.0,0.0,0.0,0.0,0.0,0.0,0.0,0.0,0.0,0.0,0.0,0.0,0.0,0.0,0.0,0.0,0.0,0.0,0.0,0.0,0.0,0.0,0.0,0.0,0.0,0.0,0.0
6913,0.0,0.0,0.0,0.0,0.0,0.0,0.0,0.0,0.0,0.0,0.0,0.0,0.0,0.0,0.0,0.0,0.0,0.0,0.0,0.0,0.0,0.0,0.0,0.0,0.0,0.0,0.0,0.0,0.0,0.0,0.0,0.0,0.0,0.0,0.0,0.0,0.0,0.0,0.0,0.0,0.0,0.0,0.0,0.0,0.0,0.0,0.0,0.0,0.0,0.0,0.0,0.0,0.0,0.0,0.0,0.0,0.0,0.0,0.0,0.0,0.0,0.0,0.0,0.0
6914,0.0,0.0,0.0,0.0,0.0,0.0,0.0,0.0,0.0,0.0,0.0,0.0,0.0,0.0,0.0,0.0,0.0,0.0,0.0,0.0,0.0,0.0,0.0,0.0,0.0,0.0,0.0,0.0,0.0,0.0,0.0,0.0,0.0,0.0,0.0,0.0,0.0,0.0,0.0,0.0,0.0,0.0,0.0,0.0,0.0,0.0,0.0,0.0,0.0,0.0,0.0,0.0,0.0,0.0,0.0,0.0,0.0,0.0,0.0,0.0,0.0,0.0,0.0,0.0
6915,0.0,0.0,0.0,0.0,0.0,0.0,0.0,0.0,0.0,0.0,0.0,0.0,0.0,0.0,0.0,0.0,0.0,0.0,0.0,0.0,0.0,0.0,0.0,0.0,0.0,0.0,0.0,0.0,0.0,0.0,0.0,0.0,0.0,0.0,0.0,0.0,0.0,0.0,0.0,0.0,0.0,0.0,0.0,0.0,0.0,0.0,0.0,0.0,0.0,0.0,0.0,0.0,0.0,0.0,0.0,0.0,0.0,0.0,0.0,0.0,0.0,0.0,0.0,0.0
6916,0.0,0.0,0.0,0.0,0.0,0.0,0.0,0.0,0.0,0.0,0.0,0.0,0.0,0.0,0.0,0.0,0.0,0.0,0.0,0.0,0.0,0.0,0.0,0.0,0.0,0.0,0.0,0.0,0.0,0.0,0.0,0.0,0.0,0.0,0.0,0.0,0.0,0.0,0.0,0.0,0.0,0.0,0.0,0.0,0.0,0.0,0.0,0.0,0.0,0.0,0.0,0.0,0.0,0.0,0.0,0.0,0.0,0.0,0.0,0.0,0.0,0.0,0.0,0.0
6917,0.0,0.0,0.0,0.0,0.0,0.0,0.0,0.0,0.0,0.0,0.0,0.0,0.0,0.0,0.0,0.0,0.0,0.0,0.0,0.0,0.0,0.0,0.0,0.0,0.0,0.0,0.0,0.0,0.0,0.0,0.0,0.0,0.0,0.0,0.0,0.0,0.0,0.0,0.0,0.0,0.0,0.0,0.0,0.0,0.0,0.0,0.0,0.0,0.0,0.0,0.0,0.0,0.0,0.0,0.0,0.0,0.0,0.0,0.0,0.0,0.0,0.0,0.0,0.0
6918,0.0,0.0,0.0,0.0,0.0,0.0,0.0,0.0,0.0,0.0,0.0,0.0,0.0,0.0,0.0,0.0,0.0,0.0,0.0,0.0,0.0,0.0,0.0,0.0,0.0,0.0,0.0,0.0,0.0,0.0,0.0,0.0,0.0,0.0,0.0,0.0,0.0,0.0,0.0,0.0,0.0,0.0,0.0,0.0,0.0,0.0,0.0,0.0,0.0,0.0,0.0,0.0,0.0,0.0,0.0,0.0,0.0,0.0,0.0,0.0,0.0,0.0,0.0,0.0
6919,0.0,0.0,0.0,0.0,0.0,0.0,0.0,0.0,0.0,0.0,0.0,0.0,0.0,0.0,0.0,0.0,0.0,0.0,0.0,0.0,0.0,0.0,0.0,0.0,0.0,0.0,0.0,0.0,0.0,0.0,0.0,0.0,0.0,0.0,0.0,0.0,0.0,0.0,0.0,0.0,0.0,0.0,0.0,0.0,0.0,0.0,0.0,0.0,0.0,0.0,0.0,0.0,0.0,0.0,0.0,0.0,0.0,0.0,0.0,0.0,0.0,0.0,0.0,0.0
6920,0.0,0.0,0.0,0.0,0.0,0.0,0.0,0.0,0.0,0.0,0.0,0.0,0.0,0.0,0.0,0.0,0.0,0.0,0.0,0.0,0.0,0.0,0.0,0.0,0.0,0.0,0.0,0.0,0.0,0.0,0.0,0.0,0.0,0.0,0.0,0.0,0.0,0.0,0.0,0.0,0.0,0.0,0.0,0.0,0.0,0.0,0.0,0.0,0.0,0.0,0.0,0.0,0.0,0.0,0.0,0.0,0.0,0.0,0.0,0.0,0.0,0.0,0.0,0.0
6921,0.0,0.0,0.0,0.0,0.0,0.0,0.0,0.0,0.0,0.0,0.0,0.0,0.0,0.0,0.0,0.0,0.0,0.0,0.0,0.0,0.0,0.0,0.0,0.0,0.0,0.0,0.0,0.0,0.0,0.0,0.0,0.0,0.0,0.0,0.0,0.0,0.0,0.0,0.0,0.0,0.0,0.0,0.0,0.0,0.0,0.0,0.0,0.0,0.0,0.0,0.0,0.0,0.0,0.0,0.0,0.0,0.0,0.0,0.0,0.0,0.0,0.0,0.0,0.0
6922,0.0,0.0,0.0,0.0,0.0,0.0,0.0,0.0,0.0,0.0,0.0,0.0,0.0,0.0,0.0,0.0,0.0,0.0,0.0,0.0,0.0,0.0,0.0,0.0,0.0,0.0,0.0,0.0,0.0,0.0,0.0,0.0,0.0,0.0,0.0,0.0,0.0,0.0,0.0,0.0,0.0,0.0,0.0,0.0,0.0,0.0,0.0,0.0,0.0,0.0,0.0,0.0,0.0,0.0,0.0,0.0,0.0,0.0,0.0,0.0,0.0,0.0,0.0,0.0
6923,0.0,0.49,0.18,0.0,0.0,0.51,0.0,0.0,0.02,0.2,0.02,0.22,0.05,0.02,0.02,0.02,0.48,0.15,0.5,0.02,0.18,0.02,0.14,0.07,0.54,0.5,0.0,0.0,0.08,0.49,0.19,0.0,0.0,0.0,0.0,0.12,0.07,0.52,0.08,0.52,0.52,0.18,0.12,0.07,0.08,0.19,0.52,0.0,0.0,0.51,0.48,0.49,0.5,0.48,0.51,0.45,0.0,0.48,0.48,0.49,0.49,0.48,0.5,0.49
6924,0.0,0.59,0.6,0.0,0.0,0.59,0.0,0.0,0.05,0.29,0.05,0.43,0.15,0.05,0.06,0.06,0.6,0.17,0.16,0.05,0.62,0.05,0.12,0.08,0.61,0.61,0.0,0.0,0.26,0.6,0.6,0.0,0.0,0.0,0.0,0.3,0.18,0.6,0.21,0.61,0.59,0.24,0.16,0.16,0.15,0.62,0.59,0.0,0.0,0.59,0.6,0.6,0.61,0.34,0.61,0.54,0.0,0.41,0.58,0.6,0.6,0.58,0.61,0.59
6925,0.0,0.71,0.72,0.0,0.0,0.7,0.0,0.0,0.18,0.52,0.12,0.72,0.43,0.11,0.23,0.29,0.72,0.7,0.64,0.13,0.71,0.12,0.28,0.22,0.71,0.72,0.0,0.0,0.72,0.72,0.72,0.0,0.0,0.0,0.0,0.71,0.71,0.64,0.72,0.68,0.67,0.72,0.54,0.41,0.28,0.72,0.7,0.0,0.0,0.7,0.72,0.71,0.7,0.71,0.7,0.43,0.0,0.72,0.71,0.39,0.71,0.72,0.72,0.71
6926,0.0,0.76,0.76,0.0,0.0,0.74,0.0,0.0,0.31,0.77,0.27,0.77,0.3,0.24,0.37,0.25,0.55,0.75,0.77,0.17,0.76,0.23,0.5,0.43,0.75,0.77,0.0,0.0,0.76,0.76,0.76,0.0,0.0,0.0,0.0,0.76,0.74,0.75,0.77,0.69,0.76,0.76,0.75,0.74,0.66,0.77,0.74,0.0,0.0,0.74,0.77,0.76,0.78,0.76,0.61,0.76,0.0,0.77,0.76,0.77,0.76,0.77,0.77,0.76
6927,0.0,0.77,0.77,0.0,0.0,0.76,0.0,0.0,0.33,0.72,0.52,0.71,0.76,0.31,0.69,0.47,0.78,0.79,0.78,0.26,0.75,0.76,0.77,0.76,0.76,0.78,0.0,0.0,0.77,0.77,0.77,0.0,0.0,0.0,0.0,0.77,0.76,0.78,0.78,0.78,0.78,0.78,0.76,0.76,0.77,0.78,0.76,0.0,0.0,0.76,0.78,0.78,0.79,0.72,0.79,0.74,0.0,0.76,0.74,0.78,0.78,0.7,0.79,0.77
6928,0.0,0.76,0.77,0.0,0.0,0.76,0.0,0.0,0.76,0.49,0.76,0.78,0.75,0.76,0.76,0.76,0.77,0.78,0.77,0.52,0.76,0.7,0.75,0.76,0.77,0.78,0.0,0.0,0.78,0.77,0.77,0.0,0.0,0.0,0.0,0.77,0.77,0.77,0.78,0.78,0.77,0.77,0.77,0.76,0.77,0.78,0.75,0.0,0.0,0.76,0.78,0.77,0.74,0.77,0.78,0.7,0.0,0.73,0.77,0.77,0.77,0.78,0.79,0.77
6929,0.0,0.77,0.77,0.0,0.0,0.77,0.0,0.0,0.75,0.69,0.76,0.79,0.75,0.76,0.77,0.63,0.72,0.79,0.79,0.77,0.77,0.76,0.72,0.77,0.77,0.78,0.0,0.0,0.78,0.77,0.78,0.0,0.0,0.0,0.0,0.77,0.77,0.78,0.78,0.78,0.78,0.78,0.77,0.76,0.77,0.78,0.76,0.0,0.0,0.77,0.78,0.77,0.77,0.77,0.79,0.65,0.0,0.77,0.76,0.7,0.77,0.78,0.79,0.77
6930,0.0,0.75,0.76,0.0,0.0,0.75,0.0,0.0,0.73,0.72,0.73,0.76,0.68,0.74,0.31,0.4,0.7,0.76,0.76,0.73,0.74,0.73,0.72,0.74,0.74,0.76,0.0,0.0,0.75,0.75,0.75,0.0,0.0,0.0,0.0,0.74,0.74,0.76,0.75,0.76,0.76,0.75,0.74,0.74,0.74,0.76,0.75,0.0,0.0,0.75,0.76,0.75,0.76,0.75,0.57,0.75,0.0,0.75,0.74,0.75,0.75,0.76,0.76,0.74
6931,0.0,0.45,0.38,0.0,0.0,0.69,0.0,0.0,0.31,0.39,0.67,0.6,0.65,0.64,0.26,0.67,0.69,0.67,0.68,0.67,0.63,0.67,0.64,0.68,0.68,0.71,0.0,0.0,0.7,0.58,0.7,0.0,0.0,0.0,0.0,0.69,0.68,0.69,0.7,0.7,0.7,0.69,0.69,0.68,0.68,0.7,0.69,0.0,0.0,0.68,0.7,0.7,0.7,0.69,0.7,0.67,0.0,0.69,0.7,0.7,0.7,0.7,0.71,0.7
6932,0.0,0.51,0.43,0.0,0.0,0.5,0.0,0.0,0.44,0.11,0.45,0.45,0.02,0.4,0.41,0.41,0.46,0.31,0.26,0.42,0.27,0.39,0.32,0.47,0.28,0.5,0.0,0.0,0.51,0.23,0.43,0.0,0.0,0.0,0.0,0.5,0.48,0.48,0.5,0.48,0.49,0.5,0.49,0.47,0.47,0.5,0.35,0.0,0.0,0.37,0.45,0.41,0.34,0.36,0.38,0.06,0.0,0.48,0.47,0.18,0.51,0.43,0.24,0.48
6933,0.0,0.0,0.0,0.0,0.0,0.0,0.0,0.0,0.0,0.0,0.0,0.0,0.0,0.0,0.0,0.0,0.0,0.0,0.0,0.0,0.0,0.0,0.0,0.0,0.0,0.0,0.0,0.0,0.0,0.0,0.0,0.0,0.0,0.0,0.0,0.0,0.0,0.0,0.0,0.0,0.0,0.0,0.0,0.0,0.0,0.0,0.0,0.0,0.0,0.0,0.0,0.0,0.0,0.0,0.0,0.0,0.0,0.0,0.0,0.0,0.0,0.0,0.0,0.0
6934,0.0,0.0,0.0,0.0,0.0,0.0,0.0,0.0,0.0,0.0,0.0,0.0,0.0,0.0,0.0,0.0,0.0,0.0,0.0,0.0,0.0,0.0,0.0,0.0,0.0,0.0,0.0,0.0,0.0,0.0,0.0,0.0,0.0,0.0,0.0,0.0,0.0,0.0,0.0,0.0,0.0,0.0,0.0,0.0,0.0,0.0,0.0,0.0,0.0,0.0,0.0,0.0,0.0,0.0,0.0,0.0,0.0,0.0,0.0,0.0,0.0,0.0,0.0,0.0
6935,0.0,0.0,0.0,0.0,0.0,0.0,0.0,0.0,0.0,0.0,0.0,0.0,0.0,0.0,0.0,0.0,0.0,0.0,0.0,0.0,0.0,0.0,0.0,0.0,0.0,0.0,0.0,0.0,0.0,0.0,0.0,0.0,0.0,0.0,0.0,0.0,0.0,0.0,0.0,0.0,0.0,0.0,0.0,0.0,0.0,0.0,0.0,0.0,0.0,0.0,0.0,0.0,0.0,0.0,0.0,0.0,0.0,0.0,0.0,0.0,0.0,0.0,0.0,0.0
6936,0.0,0.0,0.0,0.0,0.0,0.0,0.0,0.0,0.0,0.0,0.0,0.0,0.0,0.0,0.0,0.0,0.0,0.0,0.0,0.0,0.0,0.0,0.0,0.0,0.0,0.0,0.0,0.0,0.0,0.0,0.0,0.0,0.0,0.0,0.0,0.0,0.0,0.0,0.0,0.0,0.0,0.0,0.0,0.0,0.0,0.0,0.0,0.0,0.0,0.0,0.0,0.0,0.0,0.0,0.0,0.0,0.0,0.0,0.0,0.0,0.0,0.0,0.0,0.0
6937,0.0,0.0,0.0,0.0,0.0,0.0,0.0,0.0,0.0,0.0,0.0,0.0,0.0,0.0,0.0,0.0,0.0,0.0,0.0,0.0,0.0,0.0,0.0,0.0,0.0,0.0,0.0,0.0,0.0,0.0,0.0,0.0,0.0,0.0,0.0,0.0,0.0,0.0,0.0,0.0,0.0,0.0,0.0,0.0,0.0,0.0,0.0,0.0,0.0,0.0,0.0,0.0,0.0,0.0,0.0,0.0,0.0,0.0,0.0,0.0,0.0,0.0,0.0,0.0
6938,0.0,0.0,0.0,0.0,0.0,0.0,0.0,0.0,0.0,0.0,0.0,0.0,0.0,0.0,0.0,0.0,0.0,0.0,0.0,0.0,0.0,0.0,0.0,0.0,0.0,0.0,0.0,0.0,0.0,0.0,0.0,0.0,0.0,0.0,0.0,0.0,0.0,0.0,0.0,0.0,0.0,0.0,0.0,0.0,0.0,0.0,0.0,0.0,0.0,0.0,0.0,0.0,0.0,0.0,0.0,0.0,0.0,0.0,0.0,0.0,0.0,0.0,0.0,0.0
6939,0.0,0.0,0.0,0.0,0.0,0.0,0.0,0.0,0.0,0.0,0.0,0.0,0.0,0.0,0.0,0.0,0.0,0.0,0.0,0.0,0.0,0.0,0.0,0.0,0.0,0.0,0.0,0.0,0.0,0.0,0.0,0.0,0.0,0.0,0.0,0.0,0.0,0.0,0.0,0.0,0.0,0.0,0.0,0.0,0.0,0.0,0.0,0.0,0.0,0.0,0.0,0.0,0.0,0.0,0.0,0.0,0.0,0.0,0.0,0.0,0.0,0.0,0.0,0.0
6940,0.0,0.0,0.0,0.0,0.0,0.0,0.0,0.0,0.0,0.0,0.0,0.0,0.0,0.0,0.0,0.0,0.0,0.0,0.0,0.0,0.0,0.0,0.0,0.0,0.0,0.0,0.0,0.0,0.0,0.0,0.0,0.0,0.0,0.0,0.0,0.0,0.0,0.0,0.0,0.0,0.0,0.0,0.0,0.0,0.0,0.0,0.0,0.0,0.0,0.0,0.0,0.0,0.0,0.0,0.0,0.0,0.0,0.0,0.0,0.0,0.0,0.0,0.0,0.0
6941,0.0,0.0,0.0,0.0,0.0,0.0,0.0,0.0,0.0,0.0,0.0,0.0,0.0,0.0,0.0,0.0,0.0,0.0,0.0,0.0,0.0,0.0,0.0,0.0,0.0,0.0,0.0,0.0,0.0,0.0,0.0,0.0,0.0,0.0,0.0,0.0,0.0,0.0,0.0,0.0,0.0,0.0,0.0,0.0,0.0,0.0,0.0,0.0,0.0,0.0,0.0,0.0,0.0,0.0,0.0,0.0,0.0,0.0,0.0,0.0,0.0,0.0,0.0,0.0
6942,0.0,0.0,0.0,0.0,0.0,0.0,0.0,0.0,0.0,0.0,0.0,0.0,0.0,0.0,0.0,0.0,0.0,0.0,0.0,0.0,0.0,0.0,0.0,0.0,0.0,0.0,0.0,0.0,0.0,0.0,0.0,0.0,0.0,0.0,0.0,0.0,0.0,0.0,0.0,0.0,0.0,0.0,0.0,0.0,0.0,0.0,0.0,0.0,0.0,0.0,0.0,0.0,0.0,0.0,0.0,0.0,0.0,0.0,0.0,0.0,0.0,0.0,0.0,0.0
6943,0.0,0.0,0.0,0.0,0.0,0.0,0.0,0.0,0.0,0.0,0.0,0.0,0.0,0.0,0.0,0.0,0.0,0.0,0.0,0.0,0.0,0.0,0.0,0.0,0.0,0.0,0.0,0.0,0.0,0.0,0.0,0.0,0.0,0.0,0.0,0.0,0.0,0.0,0.0,0.0,0.0,0.0,0.0,0.0,0.0,0.0,0.0,0.0,0.0,0.0,0.0,0.0,0.0,0.0,0.0,0.0,0.0,0.0,0.0,0.0,0.0,0.0,0.0,0.0
6944,0.0,0.0,0.0,0.0,0.0,0.0,0.0,0.0,0.0,0.0,0.0,0.0,0.0,0.0,0.0,0.0,0.0,0.0,0.0,0.0,0.0,0.0,0.0,0.0,0.0,0.0,0.0,0.0,0.0,0.0,0.0,0.0,0.0,0.0,0.0,0.0,0.0,0.0,0.0,0.0,0.0,0.0,0.0,0.0,0.0,0.0,0.0,0.0,0.0,0.0,0.0,0.0,0.0,0.0,0.0,0.0,0.0,0.0,0.0,0.0,0.0,0.0,0.0,0.0
6945,0.0,0.0,0.0,0.0,0.0,0.0,0.0,0.0,0.0,0.0,0.0,0.0,0.0,0.0,0.0,0.0,0.0,0.0,0.0,0.0,0.0,0.0,0.0,0.0,0.0,0.0,0.0,0.0,0.0,0.0,0.0,0.0,0.0,0.0,0.0,0.0,0.0,0.0,0.0,0.0,0.0,0.0,0.0,0.0,0.0,0.0,0.0,0.0,0.0,0.0,0.0,0.0,0.0,0.0,0.0,0.0,0.0,0.0,0.0,0.0,0.0,0.0,0.0,0.0
6946,0.0,0.0,0.0,0.0,0.0,0.0,0.0,0.0,0.0,0.0,0.0,0.0,0.0,0.0,0.0,0.0,0.0,0.0,0.0,0.0,0.0,0.0,0.0,0.0,0.0,0.0,0.0,0.0,0.0,0.0,0.0,0.0,0.0,0.0,0.0,0.0,0.0,0.0,0.0,0.0,0.0,0.0,0.0,0.0,0.0,0.0,0.0,0.0,0.0,0.0,0.0,0.0,0.0,0.0,0.0,0.0,0.0,0.0,0.0,0.0,0.0,0.0,0.0,0.0
6947,0.0,0.01,0.01,0.0,0.0,0.18,0.0,0.0,0.02,0.0,0.09,0.0,0.02,0.04,0.06,0.47,0.45,0.01,0.02,0.04,0.0,0.02,0.03,0.03,0.01,0.01,0.0,0.0,0.01,0.01,0.01,0.0,0.0,0.0,0.0,0.03,0.03,0.02,0.02,0.46,0.01,0.02,0.02,0.02,0.03,0.02,0.19,0.0,0.0,0.18,0.07,0.1,0.0,0.37,0.0,0.0,0.0,0.01,0.01,0.0,0.05,0.03,0.01,0.03
6948,0.0,0.04,0.06,0.0,0.0,0.42,0.0,0.0,0.06,0.0,0.12,0.01,0.03,0.17,0.26,0.65,0.66,0.07,0.09,0.2,0.03,0.16,0.07,0.08,0.04,0.05,0.0,0.0,0.03,0.04,0.03,0.0,0.0,0.0,0.0,0.17,0.12,0.03,0.08,0.14,0.02,0.11,0.06,0.18,0.09,0.07,0.35,0.0,0.0,0.34,0.66,0.66,0.05,0.65,0.03,0.03,0.0,0.06,0.06,0.03,0.24,0.29,0.04,0.12
6949,0.0,0.09,0.19,0.0,0.0,0.54,0.0,0.0,0.19,0.04,0.11,0.07,0.04,0.73,0.73,0.72,0.73,0.05,0.04,0.45,0.03,0.74,0.05,0.72,0.04,0.14,0.0,0.0,0.06,0.08,0.07,0.0,0.0,0.0,0.0,0.73,0.13,0.1,0.3,0.12,0.06,0.34,0.16,0.22,0.49,0.21,0.46,0.0,0.0,0.55,0.74,0.73,0.06,0.73,0.08,0.04,0.0,0.16,0.12,0.15,0.74,0.74,0.1,0.28
6950,0.0,0.29,0.58,0.0,0.0,0.55,0.0,0.0,0.57,0.05,0.5,0.79,0.12,0.75,0.75,0.74,0.75,0.12,0.13,0.74,0.05,0.75,0.1,0.19,0.07,0.26,0.0,0.0,0.1,0.23,0.15,0.0,0.0,0.0,0.0,0.74,0.17,0.08,0.76,0.12,0.14,0.76,0.44,0.37,0.21,0.59,0.56,0.0,0.0,0.55,0.75,0.7,0.14,0.75,0.38,0.11,0.0,0.3,0.46,0.19,0.75,0.76,0.15,0.75
6951,0.0,0.74,0.74,0.0,0.0,0.63,0.0,0.0,0.18,0.19,0.74,0.78,0.76,0.76,0.76,0.17,0.75,0.09,0.06,0.23,0.04,0.76,0.14,0.09,0.11,0.78,0.0,0.0,0.22,0.75,0.34,0.0,0.0,0.0,0.0,0.75,0.24,0.09,0.76,0.13,0.1,0.76,0.75,0.11,0.14,0.77,0.6,0.0,0.0,0.63,0.77,0.74,0.38,0.76,0.78,0.49,0.0,0.47,0.78,0.77,0.72,0.78,0.28,0.76
6952,0.0,0.75,0.76,0.0,0.0,0.67,0.0,0.0,0.08,0.05,0.09,0.78,0.76,0.36,0.09,0.08,0.76,0.15,0.38,0.06,0.08,0.34,0.76,0.12,0.3,0.76,0.0,0.0,0.76,0.76,0.76,0.0,0.0,0.0,0.0,0.75,0.13,0.06,0.76,0.08,0.08,0.76,0.76,0.14,0.1,0.76,0.67,0.0,0.0,0.67,0.78,0.76,0.5,0.77,0.78,0.23,0.0,0.58,0.77,0.77,0.78,0.77,0.7,0.77
6953,0.0,0.74,0.75,0.0,0.0,0.56,0.0,0.0,0.04,0.15,0.04,0.16,0.75,0.08,0.03,0.03,0.06,0.43,0.37,0.03,0.06,0.1,0.74,0.05,0.21,0.75,0.0,0.0,0.74,0.74,0.75,0.0,0.0,0.0,0.0,0.73,0.28,0.02,0.75,0.03,0.04,0.74,0.75,0.05,0.08,0.76,0.58,0.0,0.0,0.55,0.77,0.75,0.77,0.75,0.76,0.49,0.0,0.77,0.76,0.68,0.77,0.76,0.76,0.76
6954,0.0,0.7,0.6,0.0,0.0,0.66,0.0,0.0,0.02,0.03,0.02,0.02,0.68,0.03,0.02,0.02,0.02,0.7,0.71,0.02,0.5,0.03,0.69,0.03,0.16,0.72,0.0,0.0,0.72,0.72,0.72,0.0,0.0,0.0,0.0,0.7,0.05,0.02,0.71,0.02,0.04,0.71,0.71,0.07,0.03,0.72,0.7,0.0,0.0,0.69,0.72,0.72,0.72,0.7,0.07,0.47,0.0,0.71,0.72,0.62,0.72,0.72,0.73,0.72
6955,0.0,0.22,0.25,0.0,0.0,0.68,0.0,0.0,0.01,0.01,0.01,0.01,0.02,0.01,0.01,0.01,0.01,0.21,0.19,0.01,0.03,0.01,0.43,0.02,0.15,0.44,0.0,0.0,0.7,0.15,0.34,0.0,0.0,0.0,0.0,0.68,0.03,0.01,0.69,0.01,0.02,0.69,0.68,0.03,0.02,0.7,0.62,0.0,0.0,0.66,0.51,0.7,0.22,0.69,0.17,0.62,0.0,0.69,0.45,0.69,0.33,0.66,0.71,0.35
6956,0.0,0.52,0.52,0.0,0.0,0.46,0.0,0.0,0.0,0.01,0.0,0.0,0.0,0.0,0.0,0.0,0.0,0.0,0.0,0.0,0.0,0.0,0.0,0.0,0.03,0.53,0.0,0.0,0.52,0.52,0.3,0.0,0.0,0.0,0.0,0.1,0.03,0.0,0.27,0.0,0.0,0.22,0.29,0.04,0.0,0.29,0.38,0.0,0.0,0.35,0.51,0.51,0.35,0.48,0.48,0.42,0.0,0.48,0.5,0.46,0.51,0.5,0.52,0.5
6957,0.0,0.0,0.0,0.0,0.0,0.0,0.0,0.0,0.0,0.0,0.0,0.0,0.0,0.0,0.0,0.0,0.0,0.0,0.0,0.0,0.0,0.0,0.0,0.0,0.0,0.0,0.0,0.0,0.0,0.0,0.0,0.0,0.0,0.0,0.0,0.0,0.0,0.0,0.0,0.0,0.0,0.0,0.0,0.0,0.0,0.0,0.0,0.0,0.0,0.0,0.0,0.0,0.0,0.0,0.0,0.0,0.0,0.0,0.0,0.0,0.0,0.0,0.0,0.0
6958,0.0,0.0,0.0,0.0,0.0,0.0,0.0,0.0,0.0,0.0,0.0,0.0,0.0,0.0,0.0,0.0,0.0,0.0,0.0,0.0,0.0,0.0,0.0,0.0,0.0,0.0,0.0,0.0,0.0,0.0,0.0,0.0,0.0,0.0,0.0,0.0,0.0,0.0,0.0,0.0,0.0,0.0,0.0,0.0,0.0,0.0,0.0,0.0,0.0,0.0,0.0,0.0,0.0,0.0,0.0,0.0,0.0,0.0,0.0,0.0,0.0,0.0,0.0,0.0
6959,0.0,0.0,0.0,0.0,0.0,0.0,0.0,0.0,0.0,0.0,0.0,0.0,0.0,0.0,0.0,0.0,0.0,0.0,0.0,0.0,0.0,0.0,0.0,0.0,0.0,0.0,0.0,0.0,0.0,0.0,0.0,0.0,0.0,0.0,0.0,0.0,0.0,0.0,0.0,0.0,0.0,0.0,0.0,0.0,0.0,0.0,0.0,0.0,0.0,0.0,0.0,0.0,0.0,0.0,0.0,0.0,0.0,0.0,0.0,0.0,0.0,0.0,0.0,0.0
6960,0.0,0.0,0.0,0.0,0.0,0.0,0.0,0.0,0.0,0.0,0.0,0.0,0.0,0.0,0.0,0.0,0.0,0.0,0.0,0.0,0.0,0.0,0.0,0.0,0.0,0.0,0.0,0.0,0.0,0.0,0.0,0.0,0.0,0.0,0.0,0.0,0.0,0.0,0.0,0.0,0.0,0.0,0.0,0.0,0.0,0.0,0.0,0.0,0.0,0.0,0.0,0.0,0.0,0.0,0.0,0.0,0.0,0.0,0.0,0.0,0.0,0.0,0.0,0.0
6961,0.0,0.0,0.0,0.0,0.0,0.0,0.0,0.0,0.0,0.0,0.0,0.0,0.0,0.0,0.0,0.0,0.0,0.0,0.0,0.0,0.0,0.0,0.0,0.0,0.0,0.0,0.0,0.0,0.0,0.0,0.0,0.0,0.0,0.0,0.0,0.0,0.0,0.0,0.0,0.0,0.0,0.0,0.0,0.0,0.0,0.0,0.0,0.0,0.0,0.0,0.0,0.0,0.0,0.0,0.0,0.0,0.0,0.0,0.0,0.0,0.0,0.0,0.0,0.0
6962,0.0,0.0,0.0,0.0,0.0,0.0,0.0,0.0,0.0,0.0,0.0,0.0,0.0,0.0,0.0,0.0,0.0,0.0,0.0,0.0,0.0,0.0,0.0,0.0,0.0,0.0,0.0,0.0,0.0,0.0,0.0,0.0,0.0,0.0,0.0,0.0,0.0,0.0,0.0,0.0,0.0,0.0,0.0,0.0,0.0,0.0,0.0,0.0,0.0,0.0,0.0,0.0,0.0,0.0,0.0,0.0,0.0,0.0,0.0,0.0,0.0,0.0,0.0,0.0
6963,0.0,0.0,0.0,0.0,0.0,0.0,0.0,0.0,0.0,0.0,0.0,0.0,0.0,0.0,0.0,0.0,0.0,0.0,0.0,0.0,0.0,0.0,0.0,0.0,0.0,0.0,0.0,0.0,0.0,0.0,0.0,0.0,0.0,0.0,0.0,0.0,0.0,0.0,0.0,0.0,0.0,0.0,0.0,0.0,0.0,0.0,0.0,0.0,0.0,0.0,0.0,0.0,0.0,0.0,0.0,0.0,0.0,0.0,0.0,0.0,0.0,0.0,0.0,0.0
6964,0.0,0.0,0.0,0.0,0.0,0.0,0.0,0.0,0.0,0.0,0.0,0.0,0.0,0.0,0.0,0.0,0.0,0.0,0.0,0.0,0.0,0.0,0.0,0.0,0.0,0.0,0.0,0.0,0.0,0.0,0.0,0.0,0.0,0.0,0.0,0.0,0.0,0.0,0.0,0.0,0.0,0.0,0.0,0.0,0.0,0.0,0.0,0.0,0.0,0.0,0.0,0.0,0.0,0.0,0.0,0.0,0.0,0.0,0.0,0.0,0.0,0.0,0.0,0.0
6965,0.0,0.0,0.0,0.0,0.0,0.0,0.0,0.0,0.0,0.0,0.0,0.0,0.0,0.0,0.0,0.0,0.0,0.0,0.0,0.0,0.0,0.0,0.0,0.0,0.0,0.0,0.0,0.0,0.0,0.0,0.0,0.0,0.0,0.0,0.0,0.0,0.0,0.0,0.0,0.0,0.0,0.0,0.0,0.0,0.0,0.0,0.0,0.0,0.0,0.0,0.0,0.0,0.0,0.0,0.0,0.0,0.0,0.0,0.0,0.0,0.0,0.0,0.0,0.0
6966,0.0,0.0,0.0,0.0,0.0,0.0,0.0,0.0,0.0,0.0,0.0,0.0,0.0,0.0,0.0,0.0,0.0,0.0,0.0,0.0,0.0,0.0,0.0,0.0,0.0,0.0,0.0,0.0,0.0,0.0,0.0,0.0,0.0,0.0,0.0,0.0,0.0,0.0,0.0,0.0,0.0,0.0,0.0,0.0,0.0,0.0,0.0,0.0,0.0,0.0,0.0,0.0,0.0,0.0,0.0,0.0,0.0,0.0,0.0,0.0,0.0,0.0,0.0,0.0
6967,0.0,0.0,0.0,0.0,0.0,0.0,0.0,0.0,0.0,0.0,0.0,0.0,0.0,0.0,0.0,0.0,0.0,0.0,0.0,0.0,0.0,0.0,0.0,0.0,0.0,0.0,0.0,0.0,0.0,0.0,0.0,0.0,0.0,0.0,0.0,0.0,0.0,0.0,0.0,0.0,0.0,0.0,0.0,0.0,0.0,0.0,0.0,0.0,0.0,0.0,0.0,0.0,0.0,0.0,0.0,0.0,0.0,0.0,0.0,0.0,0.0,0.0,0.0,0.0
6968,0.0,0.0,0.0,0.0,0.0,0.0,0.0,0.0,0.0,0.0,0.0,0.0,0.0,0.0,0.0,0.0,0.0,0.0,0.0,0.0,0.0,0.0,0.0,0.0,0.0,0.0,0.0,0.0,0.0,0.0,0.0,0.0,0.0,0.0,0.0,0.0,0.0,0.0,0.0,0.0,0.0,0.0,0.0,0.0,0.0,0.0,0.0,0.0,0.0,0.0,0.0,0.0,0.0,0.0,0.0,0.0,0.0,0.0,0.0,0.0,0.0,0.0,0.0,0.0
6969,0.0,0.0,0.0,0.0,0.0,0.0,0.0,0.0,0.0,0.0,0.0,0.0,0.0,0.0,0.0,0.0,0.0,0.0,0.0,0.0,0.0,0.0,0.0,0.0,0.0,0.0,0.0,0.0,0.0,0.0,0.0,0.0,0.0,0.0,0.0,0.0,0.0,0.0,0.0,0.0,0.0,0.0,0.0,0.0,0.0,0.0,0.0,0.0,0.0,0.0,0.0,0.0,0.0,0.0,0.0,0.0,0.0,0.0,0.0,0.0,0.0,0.0,0.0,0.0
6970,0.0,0.0,0.0,0.0,0.0,0.0,0.0,0.0,0.0,0.0,0.0,0.0,0.0,0.0,0.0,0.0,0.0,0.0,0.0,0.0,0.0,0.0,0.0,0.0,0.0,0.0,0.0,0.0,0.0,0.0,0.0,0.0,0.0,0.0,0.0,0.0,0.0,0.0,0.0,0.0,0.0,0.0,0.0,0.0,0.0,0.0,0.0,0.0,0.0,0.0,0.0,0.0,0.0,0.0,0.0,0.0,0.0,0.0,0.0,0.0,0.0,0.0,0.0,0.0
6971,0.0,0.36,0.35,0.0,0.0,0.07,0.0,0.0,0.0,0.0,0.0,0.0,0.01,0.03,0.02,0.03,0.0,0.0,0.0,0.0,0.0,0.02,0.0,0.02,0.01,0.02,0.0,0.0,0.04,0.36,0.1,0.0,0.0,0.0,0.0,0.08,0.0,0.0,0.38,0.0,0.0,0.38,0.38,0.01,0.01,0.38,0.06,0.0,0.0,0.11,0.0,0.0,0.0,0.0,0.0,0.08,0.0,0.0,0.0,0.0,0.0,0.0,0.31,0.0
6972,0.0,0.65,0.65,0.0,0.0,0.6,0.0,0.0,0.05,0.01,0.01,0.0,0.02,0.04,0.12,0.03,0.0,0.0,0.0,0.02,0.01,0.2,0.03,0.02,0.54,0.19,0.0,0.0,0.66,0.65,0.66,0.0,0.0,0.0,0.0,0.64,0.64,0.02,0.2,0.02,0.13,0.65,0.65,0.09,0.04,0.34,0.07,0.0,0.0,0.45,0.05,0.02,0.02,0.06,0.01,0.14,0.0,0.05,0.08,0.02,0.04,0.04,0.66,0.12
6973,0.0,0.77,0.77,0.0,0.0,0.72,0.0,0.0,0.06,0.01,0.38,0.35,0.12,0.06,0.05,0.15,0.35,0.04,0.04,0.17,0.01,0.03,0.08,0.75,0.71,0.32,0.0,0.0,0.77,0.77,0.78,0.0,0.0,0.0,0.0,0.75,0.75,0.77,0.39,0.77,0.23,0.76,0.76,0.75,0.75,0.74,0.73,0.0,0.0,0.72,0.35,0.08,0.12,0.19,0.04,0.11,0.0,0.13,0.76,0.06,0.23,0.2,0.77,0.75
6974,0.0,0.82,0.82,0.0,0.0,0.78,0.0,0.0,0.79,0.02,0.78,0.28,0.07,0.18,0.19,0.74,0.4,0.1,0.12,0.76,0.07,0.11,0.13,0.8,0.75,0.53,0.0,0.0,0.8,0.82,0.82,0.0,0.0,0.0,0.0,0.79,0.8,0.83,0.8,0.83,0.53,0.8,0.8,0.8,0.8,0.8,0.78,0.0,0.0,0.78,0.43,0.39,0.15,0.28,0.07,0.15,0.0,0.13,0.57,0.1,0.46,0.27,0.81,0.47
6975,0.0,0.83,0.83,0.0,0.0,0.8,0.0,0.0,0.8,0.05,0.8,0.31,0.76,0.79,0.79,0.79,0.84,0.82,0.24,0.79,0.1,0.79,0.21,0.81,0.78,0.83,0.0,0.0,0.81,0.84,0.83,0.0,0.0,0.0,0.0,0.8,0.81,0.85,0.81,0.85,0.84,0.81,0.81,0.81,0.81,0.82,0.8,0.0,0.0,0.79,0.48,0.4,0.23,0.36,0.08,0.28,0.0,0.18,0.52,0.12,0.37,0.27,0.83,0.82
6976,0.0,0.83,0.82,0.0,0.0,0.79,0.0,0.0,0.8,0.73,0.8,0.59,0.22,0.8,0.8,0.79,0.83,0.82,0.24,0.79,0.17,0.8,0.19,0.81,0.79,0.84,0.0,0.0,0.82,0.83,0.83,0.0,0.0,0.0,0.0,0.8,0.8,0.85,0.81,0.85,0.84,0.8,0.8,0.8,0.81,0.81,0.79,0.0,0.0,0.79,0.58,0.47,0.22,0.3,0.11,0.23,0.0,0.27,0.82,0.25,0.41,0.36,0.82,0.81
6977,0.0,0.83,0.83,0.0,0.0,0.8,0.0,0.0,0.8,0.31,0.81,0.49,0.73,0.8,0.8,0.8,0.84,0.83,0.84,0.79,0.27,0.81,0.8,0.81,0.79,0.84,0.0,0.0,0.82,0.84,0.84,0.0,0.0,0.0,0.0,0.8,0.81,0.85,0.82,0.85,0.84,0.81,0.81,0.8,0.81,0.82,0.8,0.0,0.0,0.8,0.47,0.41,0.22,0.06,0.11,0.13,0.0,0.06,0.82,0.2,0.23,0.12,0.83,0.82
6978,0.0,0.8,0.8,0.0,0.0,0.77,0.0,0.0,0.77,0.77,0.77,0.81,0.75,0.77,0.77,0.77,0.8,0.79,0.8,0.76,0.34,0.77,0.76,0.78,0.76,0.81,0.0,0.0,0.8,0.81,0.81,0.0,0.0,0.0,0.0,0.78,0.78,0.82,0.79,0.81,0.81,0.78,0.78,0.77,0.78,0.79,0.77,0.0,0.0,0.77,0.65,0.32,0.05,0.03,0.05,0.06,0.0,0.02,0.8,0.03,0.79,0.07,0.32,0.8
6979,0.0,0.74,0.74,0.0,0.0,0.7,0.0,0.0,0.68,0.68,0.7,0.72,0.66,0.68,0.68,0.68,0.06,0.69,0.7,0.68,0.34,0.68,0.66,0.7,0.68,0.33,0.0,0.0,0.73,0.75,0.75,0.0,0.0,0.0,0.0,0.71,0.71,0.73,0.72,0.73,0.06,0.71,0.71,0.7,0.7,0.72,0.7,0.0,0.0,0.7,0.09,0.74,0.02,0.03,0.02,0.06,0.0,0.02,0.22,0.02,0.73,0.02,0.4,0.73
6980,0.0,0.53,0.53,0.0,0.0,0.48,0.0,0.0,0.4,0.32,0.41,0.41,0.28,0.35,0.36,0.37,0.01,0.32,0.33,0.38,0.02,0.35,0.27,0.43,0.42,0.05,0.0,0.0,0.51,0.53,0.53,0.0,0.0,0.0,0.0,0.48,0.45,0.46,0.48,0.02,0.02,0.47,0.47,0.44,0.44,0.48,0.48,0.0,0.0,0.47,0.14,0.52,0.01,0.02,0.01,0.47,0.0,0.01,0.5,0.06,0.5,0.03,0.52,0.5
6981,0.0,0.0,0.0,0.0,0.0,0.0,0.0,0.0,0.0,0.0,0.0,0.0,0.0,0.0,0.0,0.0,0.0,0.0,0.0,0.0,0.0,0.0,0.0,0.0,0.0,0.0,0.0,0.0,0.0,0.0,0.0,0.0,0.0,0.0,0.0,0.0,0.0,0.0,0.0,0.0,0.0,0.0,0.0,0.0,0.0,0.0,0.0,0.0,0.0,0.0,0.0,0.0,0.0,0.0,0.0,0.0,0.0,0.0,0.0,0.0,0.0,0.0,0.0,0.0
6982,0.0,0.0,0.0,0.0,0.0,0.0,0.0,0.0,0.0,0.0,0.0,0.0,0.0,0.0,0.0,0.0,0.0,0.0,0.0,0.0,0.0,0.0,0.0,0.0,0.0,0.0,0.0,0.0,0.0,0.0,0.0,0.0,0.0,0.0,0.0,0.0,0.0,0.0,0.0,0.0,0.0,0.0,0.0,0.0,0.0,0.0,0.0,0.0,0.0,0.0,0.0,0.0,0.0,0.0,0.0,0.0,0.0,0.0,0.0,0.0,0.0,0.0,0.0,0.0
6983,0.0,0.0,0.0,0.0,0.0,0.0,0.0,0.0,0.0,0.0,0.0,0.0,0.0,0.0,0.0,0.0,0.0,0.0,0.0,0.0,0.0,0.0,0.0,0.0,0.0,0.0,0.0,0.0,0.0,0.0,0.0,0.0,0.0,0.0,0.0,0.0,0.0,0.0,0.0,0.0,0.0,0.0,0.0,0.0,0.0,0.0,0.0,0.0,0.0,0.0,0.0,0.0,0.0,0.0,0.0,0.0,0.0,0.0,0.0,0.0,0.0,0.0,0.0,0.0
6984,0.0,0.0,0.0,0.0,0.0,0.0,0.0,0.0,0.0,0.0,0.0,0.0,0.0,0.0,0.0,0.0,0.0,0.0,0.0,0.0,0.0,0.0,0.0,0.0,0.0,0.0,0.0,0.0,0.0,0.0,0.0,0.0,0.0,0.0,0.0,0.0,0.0,0.0,0.0,0.0,0.0,0.0,0.0,0.0,0.0,0.0,0.0,0.0,0.0,0.0,0.0,0.0,0.0,0.0,0.0,0.0,0.0,0.0,0.0,0.0,0.0,0.0,0.0,0.0
6985,0.0,0.0,0.0,0.0,0.0,0.0,0.0,0.0,0.0,0.0,0.0,0.0,0.0,0.0,0.0,0.0,0.0,0.0,0.0,0.0,0.0,0.0,0.0,0.0,0.0,0.0,0.0,0.0,0.0,0.0,0.0,0.0,0.0,0.0,0.0,0.0,0.0,0.0,0.0,0.0,0.0,0.0,0.0,0.0,0.0,0.0,0.0,0.0,0.0,0.0,0.0,0.0,0.0,0.0,0.0,0.0,0.0,0.0,0.0,0.0,0.0,0.0,0.0,0.0
6986,0.0,0.0,0.0,0.0,0.0,0.0,0.0,0.0,0.0,0.0,0.0,0.0,0.0,0.0,0.0,0.0,0.0,0.0,0.0,0.0,0.0,0.0,0.0,0.0,0.0,0.0,0.0,0.0,0.0,0.0,0.0,0.0,0.0,0.0,0.0,0.0,0.0,0.0,0.0,0.0,0.0,0.0,0.0,0.0,0.0,0.0,0.0,0.0,0.0,0.0,0.0,0.0,0.0,0.0,0.0,0.0,0.0,0.0,0.0,0.0,0.0,0.0,0.0,0.0
6987,0.0,0.0,0.0,0.0,0.0,0.0,0.0,0.0,0.0,0.0,0.0,0.0,0.0,0.0,0.0,0.0,0.0,0.0,0.0,0.0,0.0,0.0,0.0,0.0,0.0,0.0,0.0,0.0,0.0,0.0,0.0,0.0,0.0,0.0,0.0,0.0,0.0,0.0,0.0,0.0,0.0,0.0,0.0,0.0,0.0,0.0,0.0,0.0,0.0,0.0,0.0,0.0,0.0,0.0,0.0,0.0,0.0,0.0,0.0,0.0,0.0,0.0,0.0,0.0
6988,0.0,0.0,0.0,0.0,0.0,0.0,0.0,0.0,0.0,0.0,0.0,0.0,0.0,0.0,0.0,0.0,0.0,0.0,0.0,0.0,0.0,0.0,0.0,0.0,0.0,0.0,0.0,0.0,0.0,0.0,0.0,0.0,0.0,0.0,0.0,0.0,0.0,0.0,0.0,0.0,0.0,0.0,0.0,0.0,0.0,0.0,0.0,0.0,0.0,0.0,0.0,0.0,0.0,0.0,0.0,0.0,0.0,0.0,0.0,0.0,0.0,0.0,0.0,0.0
6989,0.0,0.0,0.0,0.0,0.0,0.0,0.0,0.0,0.0,0.0,0.0,0.0,0.0,0.0,0.0,0.0,0.0,0.0,0.0,0.0,0.0,0.0,0.0,0.0,0.0,0.0,0.0,0.0,0.0,0.0,0.0,0.0,0.0,0.0,0.0,0.0,0.0,0.0,0.0,0.0,0.0,0.0,0.0,0.0,0.0,0.0,0.0,0.0,0.0,0.0,0.0,0.0,0.0,0.0,0.0,0.0,0.0,0.0,0.0,0.0,0.0,0.0,0.0,0.0
6990,0.0,0.0,0.0,0.0,0.0,0.0,0.0,0.0,0.0,0.0,0.0,0.0,0.0,0.0,0.0,0.0,0.0,0.0,0.0,0.0,0.0,0.0,0.0,0.0,0.0,0.0,0.0,0.0,0.0,0.0,0.0,0.0,0.0,0.0,0.0,0.0,0.0,0.0,0.0,0.0,0.0,0.0,0.0,0.0,0.0,0.0,0.0,0.0,0.0,0.0,0.0,0.0,0.0,0.0,0.0,0.0,0.0,0.0,0.0,0.0,0.0,0.0,0.0,0.0
6991,0.0,0.0,0.0,0.0,0.0,0.0,0.0,0.0,0.0,0.0,0.0,0.0,0.0,0.0,0.0,0.0,0.0,0.0,0.0,0.0,0.0,0.0,0.0,0.0,0.0,0.0,0.0,0.0,0.0,0.0,0.0,0.0,0.0,0.0,0.0,0.0,0.0,0.0,0.0,0.0,0.0,0.0,0.0,0.0,0.0,0.0,0.0,0.0,0.0,0.0,0.0,0.0,0.0,0.0,0.0,0.0,0.0,0.0,0.0,0.0,0.0,0.0,0.0,0.0
6992,0.0,0.0,0.0,0.0,0.0,0.0,0.0,0.0,0.0,0.0,0.0,0.0,0.0,0.0,0.0,0.0,0.0,0.0,0.0,0.0,0.0,0.0,0.0,0.0,0.0,0.0,0.0,0.0,0.0,0.0,0.0,0.0,0.0,0.0,0.0,0.0,0.0,0.0,0.0,0.0,0.0,0.0,0.0,0.0,0.0,0.0,0.0,0.0,0.0,0.0,0.0,0.0,0.0,0.0,0.0,0.0,0.0,0.0,0.0,0.0,0.0,0.0,0.0,0.0
6993,0.0,0.0,0.0,0.0,0.0,0.0,0.0,0.0,0.0,0.0,0.0,0.0,0.0,0.0,0.0,0.0,0.0,0.0,0.0,0.0,0.0,0.0,0.0,0.0,0.0,0.0,0.0,0.0,0.0,0.0,0.0,0.0,0.0,0.0,0.0,0.0,0.0,0.0,0.0,0.0,0.0,0.0,0.0,0.0,0.0,0.0,0.0,0.0,0.0,0.0,0.0,0.0,0.0,0.0,0.0,0.0,0.0,0.0,0.0,0.0,0.0,0.0,0.0,0.0
6994,0.0,0.0,0.0,0.0,0.0,0.0,0.0,0.0,0.0,0.0,0.0,0.0,0.0,0.0,0.0,0.0,0.0,0.0,0.0,0.0,0.0,0.0,0.0,0.0,0.0,0.0,0.0,0.0,0.0,0.0,0.0,0.0,0.0,0.0,0.0,0.0,0.0,0.0,0.0,0.0,0.0,0.0,0.0,0.0,0.0,0.0,0.0,0.0,0.0,0.0,0.0,0.0,0.0,0.0,0.0,0.0,0.0,0.0,0.0,0.0,0.0,0.0,0.0,0.0
6995,0.0,0.39,0.38,0.0,0.0,0.44,0.0,0.0,0.42,0.45,0.42,0.48,0.52,0.48,0.49,0.48,0.43,0.5,0.5,0.47,0.46,0.49,0.51,0.44,0.46,0.39,0.0,0.0,0.39,0.39,0.39,0.0,0.0,0.0,0.0,0.39,0.37,0.45,0.32,0.43,0.36,0.34,0.3,0.43,0.42,0.29,0.44,0.0,0.0,0.44,0.15,0.34,0.19,0.11,0.17,0.33,0.0,0.11,0.11,0.22,0.17,0.11,0.38,0.13
6996,0.0,0.64,0.65,0.0,0.0,0.65,0.0,0.0,0.66,0.68,0.64,0.67,0.69,0.67,0.68,0.67,0.67,0.69,0.7,0.66,0.69,0.68,0.69,0.65,0.66,0.64,0.0,0.0,0.63,0.64,0.63,0.0,0.0,0.0,0.0,0.63,0.63,0.55,0.65,0.59,0.5,0.65,0.65,0.64,0.62,0.65,0.65,0.0,0.0,0.65,0.52,0.58,0.24,0.24,0.57,0.62,0.0,0.29,0.48,0.61,0.52,0.58,0.61,0.51
6997,0.0,0.73,0.73,0.0,0.0,0.73,0.0,0.0,0.65,0.77,0.7,0.76,0.76,0.75,0.75,0.75,0.61,0.76,0.78,0.72,0.76,0.76,0.76,0.73,0.75,0.73,0.0,0.0,0.72,0.73,0.72,0.0,0.0,0.0,0.0,0.74,0.69,0.71,0.74,0.74,0.72,0.74,0.73,0.72,0.72,0.74,0.73,0.0,0.0,0.74,0.73,0.72,0.53,0.7,0.75,0.72,0.0,0.72,0.72,0.7,0.7,0.73,0.74,0.72
6998,0.0,0.76,0.76,0.0,0.0,0.76,0.0,0.0,0.77,0.82,0.73,0.81,0.76,0.68,0.6,0.78,0.78,0.81,0.82,0.77,0.81,0.66,0.79,0.77,0.79,0.77,0.0,0.0,0.76,0.76,0.76,0.0,0.0,0.0,0.0,0.76,0.76,0.77,0.77,0.72,0.77,0.77,0.76,0.77,0.77,0.77,0.76,0.0,0.0,0.77,0.76,0.74,0.73,0.76,0.78,0.75,0.0,0.75,0.75,0.74,0.75,0.76,0.77,0.74
6999,0.0,0.77,0.78,0.0,0.0,0.77,0.0,0.0,0.75,0.83,0.74,0.82,0.65,0.59,0.79,0.78,0.8,0.81,0.82,0.78,0.81,0.56,0.8,0.78,0.8,0.78,0.0,0.0,0.77,0.77,0.77,0.0,0.0,0.0,0.0,0.75,0.75,0.78,0.76,0.8,0.75,0.77,0.76,0.77,0.78,0.76,0.77,0.0,0.0,0.77,0.77,0.74,0.76,0.78,0.78,0.71,0.0,0.74,0.75,0.75,0.76,0.77,0.77,0.74
7000,0.0,0.76,0.77,0.0,0.0,0.76,0.0,0.0,0.75,0.83,0.74,0.81,0.78,0.76,0.78,0.77,0.79,0.81,0.82,0.77,0.81,0.74,0.8,0.78,0.8,0.77,0.0,0.0,0.76,0.76,0.76,0.0,0.0,0.0,0.0,0.75,0.76,0.78,0.76,0.78,0.77,0.76,0.76,0.78,0.79,0.76,0.76,0.0,0.0,0.76,0.78,0.76,0.76,0.77,0.74,0.71,0.0,0.76,0.74,0.69,0.78,0.77,0.77,0.75
7001,0.0,0.72,0.69,0.0,0.0,0.75,0.0,0.0,0.76,0.78,0.75,0.79,0.77,0.76,0.76,0.75,0.76,0.79,0.8,0.74,0.79,0.77,0.78,0.77,0.79,0.76,0.0,0.0,0.74,0.74,0.75,0.0,0.0,0.0,0.0,0.75,0.76,0.77,0.75,0.75,0.78,0.75,0.75,0.77,0.77,0.76,0.74,0.0,0.0,0.74,0.77,0.76,0.75,0.75,0.75,0.69,0.0,0.73,0.74,0.69,0.78,0.76,0.76,0.76
7002,0.0,0.73,0.73,0.0,0.0,0.72,0.0,0.0,0.73,0.77,0.73,0.75,0.73,0.74,0.73,0.73,0.72,0.75,0.75,0.72,0.68,0.74,0.74,0.74,0.73,0.73,0.0,0.0,0.73,0.73,0.7,0.0,0.0,0.0,0.0,0.73,0.74,0.75,0.73,0.51,0.75,0.73,0.73,0.74,0.74,0.73,0.69,0.0,0.0,0.65,0.61,0.74,0.7,0.66,0.62,0.58,0.0,0.7,0.7,0.66,0.73,0.67,0.74,0.72
7003,0.0,0.66,0.67,0.0,0.0,0.66,0.0,0.0,0.65,0.42,0.65,0.55,0.62,0.64,0.64,0.64,0.64,0.27,0.22,0.63,0.39,0.64,0.62,0.66,0.65,0.61,0.0,0.0,0.09,0.62,0.58,0.0,0.0,0.0,0.0,0.57,0.66,0.67,0.67,0.14,0.68,0.66,0.66,0.66,0.66,0.67,0.66,0.0,0.0,0.66,0.02,0.13,0.65,0.21,0.6,0.53,0.0,0.63,0.61,0.66,0.04,0.63,0.63,0.16
7004,0.0,0.4,0.02,0.0,0.0,0.13,0.0,0.0,0.31,0.18,0.32,0.2,0.16,0.26,0.28,0.29,0.32,0.16,0.22,0.3,0.23,0.18,0.14,0.34,0.35,0.42,0.0,0.0,0.39,0.39,0.41,0.0,0.0,0.0,0.0,0.37,0.36,0.35,0.35,0.07,0.37,0.29,0.36,0.35,0.35,0.35,0.2,0.0,0.0,0.19,0.01,0.17,0.31,0.35,0.32,0.37,0.0,0.34,0.38,0.36,0.01,0.02,0.38,0.01
7005,0.0,0.0,0.0,0.0,0.0,0.0,0.0,0.0,0.0,0.0,0.0,0.0,0.0,0.0,0.0,0.0,0.0,0.0,0.0,0.0,0.0,0.0,0.0,0.0,0.0,0.0,0.0,0.0,0.0,0.0,0.0,0.0,0.0,0.0,0.0,0.0,0.0,0.0,0.0,0.0,0.0,0.0,0.0,0.0,0.0,0.0,0.0,0.0,0.0,0.0,0.0,0.0,0.0,0.0,0.0,0.0,0.0,0.0,0.0,0.0,0.0,0.0,0.0,0.0
7006,0.0,0.0,0.0,0.0,0.0,0.0,0.0,0.0,0.0,0.0,0.0,0.0,0.0,0.0,0.0,0.0,0.0,0.0,0.0,0.0,0.0,0.0,0.0,0.0,0.0,0.0,0.0,0.0,0.0,0.0,0.0,0.0,0.0,0.0,0.0,0.0,0.0,0.0,0.0,0.0,0.0,0.0,0.0,0.0,0.0,0.0,0.0,0.0,0.0,0.0,0.0,0.0,0.0,0.0,0.0,0.0,0.0,0.0,0.0,0.0,0.0,0.0,0.0,0.0
7007,0.0,0.0,0.0,0.0,0.0,0.0,0.0,0.0,0.0,0.0,0.0,0.0,0.0,0.0,0.0,0.0,0.0,0.0,0.0,0.0,0.0,0.0,0.0,0.0,0.0,0.0,0.0,0.0,0.0,0.0,0.0,0.0,0.0,0.0,0.0,0.0,0.0,0.0,0.0,0.0,0.0,0.0,0.0,0.0,0.0,0.0,0.0,0.0,0.0,0.0,0.0,0.0,0.0,0.0,0.0,0.0,0.0,0.0,0.0,0.0,0.0,0.0,0.0,0.0
7008,0.0,0.0,0.0,0.0,0.0,0.0,0.0,0.0,0.0,0.0,0.0,0.0,0.0,0.0,0.0,0.0,0.0,0.0,0.0,0.0,0.0,0.0,0.0,0.0,0.0,0.0,0.0,0.0,0.0,0.0,0.0,0.0,0.0,0.0,0.0,0.0,0.0,0.0,0.0,0.0,0.0,0.0,0.0,0.0,0.0,0.0,0.0,0.0,0.0,0.0,0.0,0.0,0.0,0.0,0.0,0.0,0.0,0.0,0.0,0.0,0.0,0.0,0.0,0.0
7009,0.0,0.0,0.0,0.0,0.0,0.0,0.0,0.0,0.0,0.0,0.0,0.0,0.0,0.0,0.0,0.0,0.0,0.0,0.0,0.0,0.0,0.0,0.0,0.0,0.0,0.0,0.0,0.0,0.0,0.0,0.0,0.0,0.0,0.0,0.0,0.0,0.0,0.0,0.0,0.0,0.0,0.0,0.0,0.0,0.0,0.0,0.0,0.0,0.0,0.0,0.0,0.0,0.0,0.0,0.0,0.0,0.0,0.0,0.0,0.0,0.0,0.0,0.0,0.0
7010,0.0,0.0,0.0,0.0,0.0,0.0,0.0,0.0,0.0,0.0,0.0,0.0,0.0,0.0,0.0,0.0,0.0,0.0,0.0,0.0,0.0,0.0,0.0,0.0,0.0,0.0,0.0,0.0,0.0,0.0,0.0,0.0,0.0,0.0,0.0,0.0,0.0,0.0,0.0,0.0,0.0,0.0,0.0,0.0,0.0,0.0,0.0,0.0,0.0,0.0,0.0,0.0,0.0,0.0,0.0,0.0,0.0,0.0,0.0,0.0,0.0,0.0,0.0,0.0
7011,0.0,0.0,0.0,0.0,0.0,0.0,0.0,0.0,0.0,0.0,0.0,0.0,0.0,0.0,0.0,0.0,0.0,0.0,0.0,0.0,0.0,0.0,0.0,0.0,0.0,0.0,0.0,0.0,0.0,0.0,0.0,0.0,0.0,0.0,0.0,0.0,0.0,0.0,0.0,0.0,0.0,0.0,0.0,0.0,0.0,0.0,0.0,0.0,0.0,0.0,0.0,0.0,0.0,0.0,0.0,0.0,0.0,0.0,0.0,0.0,0.0,0.0,0.0,0.0
7012,0.0,0.0,0.0,0.0,0.0,0.0,0.0,0.0,0.0,0.0,0.0,0.0,0.0,0.0,0.0,0.0,0.0,0.0,0.0,0.0,0.0,0.0,0.0,0.0,0.0,0.0,0.0,0.0,0.0,0.0,0.0,0.0,0.0,0.0,0.0,0.0,0.0,0.0,0.0,0.0,0.0,0.0,0.0,0.0,0.0,0.0,0.0,0.0,0.0,0.0,0.0,0.0,0.0,0.0,0.0,0.0,0.0,0.0,0.0,0.0,0.0,0.0,0.0,0.0
7013,0.0,0.0,0.0,0.0,0.0,0.0,0.0,0.0,0.0,0.0,0.0,0.0,0.0,0.0,0.0,0.0,0.0,0.0,0.0,0.0,0.0,0.0,0.0,0.0,0.0,0.0,0.0,0.0,0.0,0.0,0.0,0.0,0.0,0.0,0.0,0.0,0.0,0.0,0.0,0.0,0.0,0.0,0.0,0.0,0.0,0.0,0.0,0.0,0.0,0.0,0.0,0.0,0.0,0.0,0.0,0.0,0.0,0.0,0.0,0.0,0.0,0.0,0.0,0.0
7014,0.0,0.0,0.0,0.0,0.0,0.0,0.0,0.0,0.0,0.0,0.0,0.0,0.0,0.0,0.0,0.0,0.0,0.0,0.0,0.0,0.0,0.0,0.0,0.0,0.0,0.0,0.0,0.0,0.0,0.0,0.0,0.0,0.0,0.0,0.0,0.0,0.0,0.0,0.0,0.0,0.0,0.0,0.0,0.0,0.0,0.0,0.0,0.0,0.0,0.0,0.0,0.0,0.0,0.0,0.0,0.0,0.0,0.0,0.0,0.0,0.0,0.0,0.0,0.0
7015,0.0,0.0,0.0,0.0,0.0,0.0,0.0,0.0,0.0,0.0,0.0,0.0,0.0,0.0,0.0,0.0,0.0,0.0,0.0,0.0,0.0,0.0,0.0,0.0,0.0,0.0,0.0,0.0,0.0,0.0,0.0,0.0,0.0,0.0,0.0,0.0,0.0,0.0,0.0,0.0,0.0,0.0,0.0,0.0,0.0,0.0,0.0,0.0,0.0,0.0,0.0,0.0,0.0,0.0,0.0,0.0,0.0,0.0,0.0,0.0,0.0,0.0,0.0,0.0
7016,0.0,0.0,0.0,0.0,0.0,0.0,0.0,0.0,0.0,0.0,0.0,0.0,0.0,0.0,0.0,0.0,0.0,0.0,0.0,0.0,0.0,0.0,0.0,0.0,0.0,0.0,0.0,0.0,0.0,0.0,0.0,0.0,0.0,0.0,0.0,0.0,0.0,0.0,0.0,0.0,0.0,0.0,0.0,0.0,0.0,0.0,0.0,0.0,0.0,0.0,0.0,0.0,0.0,0.0,0.0,0.0,0.0,0.0,0.0,0.0,0.0,0.0,0.0,0.0
7017,0.0,0.0,0.0,0.0,0.0,0.0,0.0,0.0,0.0,0.0,0.0,0.0,0.0,0.0,0.0,0.0,0.0,0.0,0.0,0.0,0.0,0.0,0.0,0.0,0.0,0.0,0.0,0.0,0.0,0.0,0.0,0.0,0.0,0.0,0.0,0.0,0.0,0.0,0.0,0.0,0.0,0.0,0.0,0.0,0.0,0.0,0.0,0.0,0.0,0.0,0.0,0.0,0.0,0.0,0.0,0.0,0.0,0.0,0.0,0.0,0.0,0.0,0.0,0.0
7018,0.0,0.0,0.0,0.0,0.0,0.0,0.0,0.0,0.0,0.0,0.0,0.0,0.0,0.0,0.0,0.0,0.0,0.0,0.0,0.0,0.0,0.0,0.0,0.0,0.0,0.0,0.0,0.0,0.0,0.0,0.0,0.0,0.0,0.0,0.0,0.0,0.0,0.0,0.0,0.0,0.0,0.0,0.0,0.0,0.0,0.0,0.0,0.0,0.0,0.0,0.0,0.0,0.0,0.0,0.0,0.0,0.0,0.0,0.0,0.0,0.0,0.0,0.0,0.0
7019,0.0,0.01,0.01,0.0,0.0,0.0,0.0,0.0,0.04,0.55,0.03,0.54,0.57,0.03,0.03,0.03,0.5,0.57,0.56,0.02,0.55,0.14,0.57,0.02,0.02,0.01,0.0,0.0,0.0,0.01,0.0,0.0,0.0,0.0,0.0,0.01,0.02,0.01,0.0,0.03,0.01,0.0,0.0,0.01,0.02,0.0,0.0,0.0,0.0,0.0,0.01,0.02,0.48,0.43,0.5,0.44,0.0,0.45,0.02,0.47,0.0,0.18,0.01,0.01
7020,0.0,0.01,0.0,0.0,0.0,0.01,0.0,0.0,0.08,0.71,0.07,0.7,0.7,0.69,0.08,0.07,0.69,0.72,0.7,0.06,0.72,0.7,0.72,0.06,0.02,0.01,0.0,0.0,0.01,0.01,0.0,0.0,0.0,0.0,0.0,0.12,0.05,0.04,0.05,0.27,0.03,0.04,0.02,0.14,0.05,0.03,0.0,0.0,0.0,0.01,0.07,0.11,0.68,0.66,0.69,0.66,0.0,0.67,0.08,0.67,0.04,0.5,0.02,0.05
7021,0.0,0.02,0.02,0.0,0.0,0.02,0.0,0.0,0.68,0.76,0.72,0.76,0.76,0.75,0.75,0.74,0.75,0.77,0.76,0.57,0.77,0.76,0.77,0.13,0.02,0.03,0.0,0.0,0.03,0.01,0.03,0.0,0.0,0.0,0.0,0.04,0.26,0.73,0.38,0.75,0.12,0.26,0.2,0.62,0.13,0.34,0.02,0.0,0.0,0.02,0.63,0.34,0.75,0.7,0.75,0.72,0.0,0.74,0.39,0.74,0.62,0.72,0.04,0.54
7022,0.0,0.02,0.03,0.0,0.0,0.04,0.0,0.0,0.46,0.79,0.76,0.8,0.78,0.78,0.78,0.76,0.78,0.8,0.78,0.76,0.8,0.78,0.79,0.29,0.03,0.05,0.0,0.0,0.08,0.02,0.05,0.0,0.0,0.0,0.0,0.48,0.64,0.67,0.78,0.79,0.21,0.78,0.77,0.76,0.56,0.78,0.05,0.0,0.0,0.04,0.57,0.21,0.34,0.73,0.78,0.74,0.0,0.78,0.23,0.77,0.39,0.74,0.07,0.34
7023,0.0,0.02,0.03,0.0,0.0,0.02,0.0,0.0,0.77,0.79,0.36,0.81,0.78,0.78,0.79,0.77,0.79,0.8,0.79,0.76,0.81,0.78,0.79,0.78,0.05,0.1,0.0,0.0,0.19,0.03,0.09,0.0,0.0,0.0,0.0,0.51,0.77,0.51,0.76,0.65,0.22,0.77,0.78,0.75,0.78,0.8,0.03,0.0,0.0,0.03,0.45,0.24,0.57,0.29,0.78,0.75,0.0,0.79,0.23,0.78,0.26,0.46,0.1,0.28
7024,0.0,0.03,0.04,0.0,0.0,0.04,0.0,0.0,0.46,0.79,0.22,0.8,0.76,0.77,0.78,0.77,0.79,0.79,0.78,0.76,0.79,0.78,0.77,0.66,0.04,0.05,0.0,0.0,0.1,0.02,0.06,0.0,0.0,0.0,0.0,0.6,0.77,0.16,0.62,0.34,0.35,0.63,0.76,0.77,0.7,0.71,0.03,0.0,0.0,0.03,0.46,0.31,0.26,0.76,0.14,0.72,0.0,0.49,0.24,0.24,0.47,0.42,0.11,0.28
7025,0.0,0.03,0.02,0.0,0.0,0.02,0.0,0.0,0.31,0.78,0.19,0.8,0.77,0.77,0.78,0.78,0.79,0.78,0.78,0.76,0.79,0.77,0.77,0.78,0.03,0.11,0.0,0.0,0.18,0.02,0.05,0.0,0.0,0.0,0.0,0.71,0.78,0.27,0.27,0.27,0.33,0.38,0.5,0.75,0.78,0.39,0.02,0.0,0.0,0.02,0.79,0.52,0.56,0.77,0.14,0.75,0.0,0.74,0.4,0.2,0.77,0.79,0.24,0.68
7026,0.0,0.02,0.02,0.0,0.0,0.01,0.0,0.0,0.64,0.76,0.12,0.76,0.74,0.73,0.75,0.74,0.74,0.75,0.75,0.73,0.76,0.74,0.74,0.74,0.04,0.08,0.0,0.0,0.66,0.02,0.08,0.0,0.0,0.0,0.0,0.53,0.67,0.46,0.36,0.56,0.4,0.6,0.17,0.57,0.73,0.5,0.02,0.0,0.0,0.02,0.71,0.4,0.5,0.69,0.1,0.56,0.0,0.66,0.75,0.19,0.54,0.75,0.35,0.67
7027,0.0,0.02,0.01,0.0,0.0,0.02,0.0,0.0,0.4,0.67,0.56,0.56,0.64,0.63,0.64,0.55,0.46,0.66,0.66,0.54,0.67,0.65,0.65,0.48,0.01,0.03,0.0,0.0,0.47,0.02,0.02,0.0,0.0,0.0,0.0,0.63,0.41,0.6,0.24,0.54,0.54,0.35,0.08,0.48,0.46,0.44,0.02,0.0,0.0,0.01,0.28,0.24,0.44,0.36,0.4,0.53,0.0,0.34,0.33,0.05,0.2,0.26,0.04,0.26
7028,0.0,0.0,0.0,0.0,0.0,0.0,0.0,0.0,0.2,0.32,0.17,0.36,0.28,0.33,0.26,0.16,0.19,0.31,0.32,0.2,0.35,0.28,0.28,0.04,0.0,0.0,0.0,0.0,0.02,0.0,0.0,0.0,0.0,0.0,0.0,0.2,0.03,0.18,0.24,0.14,0.23,0.22,0.01,0.07,0.04,0.2,0.0,0.0,0.0,0.0,0.11,0.25,0.33,0.11,0.19,0.13,0.0,0.19,0.12,0.23,0.04,0.13,0.09,0.07
7029,0.0,0.0,0.0,0.0,0.0,0.0,0.0,0.0,0.0,0.0,0.0,0.0,0.0,0.0,0.0,0.0,0.0,0.0,0.0,0.0,0.0,0.0,0.0,0.0,0.0,0.0,0.0,0.0,0.0,0.0,0.0,0.0,0.0,0.0,0.0,0.0,0.0,0.0,0.0,0.0,0.0,0.0,0.0,0.0,0.0,0.0,0.0,0.0,0.0,0.0,0.0,0.0,0.0,0.0,0.0,0.0,0.0,0.0,0.0,0.0,0.0,0.0,0.0,0.0
7030,0.0,0.0,0.0,0.0,0.0,0.0,0.0,0.0,0.0,0.0,0.0,0.0,0.0,0.0,0.0,0.0,0.0,0.0,0.0,0.0,0.0,0.0,0.0,0.0,0.0,0.0,0.0,0.0,0.0,0.0,0.0,0.0,0.0,0.0,0.0,0.0,0.0,0.0,0.0,0.0,0.0,0.0,0.0,0.0,0.0,0.0,0.0,0.0,0.0,0.0,0.0,0.0,0.0,0.0,0.0,0.0,0.0,0.0,0.0,0.0,0.0,0.0,0.0,0.0
7031,0.0,0.0,0.0,0.0,0.0,0.0,0.0,0.0,0.0,0.0,0.0,0.0,0.0,0.0,0.0,0.0,0.0,0.0,0.0,0.0,0.0,0.0,0.0,0.0,0.0,0.0,0.0,0.0,0.0,0.0,0.0,0.0,0.0,0.0,0.0,0.0,0.0,0.0,0.0,0.0,0.0,0.0,0.0,0.0,0.0,0.0,0.0,0.0,0.0,0.0,0.0,0.0,0.0,0.0,0.0,0.0,0.0,0.0,0.0,0.0,0.0,0.0,0.0,0.0
7032,0.0,0.0,0.0,0.0,0.0,0.0,0.0,0.0,0.0,0.0,0.0,0.0,0.0,0.0,0.0,0.0,0.0,0.0,0.0,0.0,0.0,0.0,0.0,0.0,0.0,0.0,0.0,0.0,0.0,0.0,0.0,0.0,0.0,0.0,0.0,0.0,0.0,0.0,0.0,0.0,0.0,0.0,0.0,0.0,0.0,0.0,0.0,0.0,0.0,0.0,0.0,0.0,0.0,0.0,0.0,0.0,0.0,0.0,0.0,0.0,0.0,0.0,0.0,0.0
7033,0.0,0.0,0.0,0.0,0.0,0.0,0.0,0.0,0.0,0.0,0.0,0.0,0.0,0.0,0.0,0.0,0.0,0.0,0.0,0.0,0.0,0.0,0.0,0.0,0.0,0.0,0.0,0.0,0.0,0.0,0.0,0.0,0.0,0.0,0.0,0.0,0.0,0.0,0.0,0.0,0.0,0.0,0.0,0.0,0.0,0.0,0.0,0.0,0.0,0.0,0.0,0.0,0.0,0.0,0.0,0.0,0.0,0.0,0.0,0.0,0.0,0.0,0.0,0.0
7034,0.0,0.0,0.0,0.0,0.0,0.0,0.0,0.0,0.0,0.0,0.0,0.0,0.0,0.0,0.0,0.0,0.0,0.0,0.0,0.0,0.0,0.0,0.0,0.0,0.0,0.0,0.0,0.0,0.0,0.0,0.0,0.0,0.0,0.0,0.0,0.0,0.0,0.0,0.0,0.0,0.0,0.0,0.0,0.0,0.0,0.0,0.0,0.0,0.0,0.0,0.0,0.0,0.0,0.0,0.0,0.0,0.0,0.0,0.0,0.0,0.0,0.0,0.0,0.0
7035,0.0,0.0,0.0,0.0,0.0,0.0,0.0,0.0,0.0,0.0,0.0,0.0,0.0,0.0,0.0,0.0,0.0,0.0,0.0,0.0,0.0,0.0,0.0,0.0,0.0,0.0,0.0,0.0,0.0,0.0,0.0,0.0,0.0,0.0,0.0,0.0,0.0,0.0,0.0,0.0,0.0,0.0,0.0,0.0,0.0,0.0,0.0,0.0,0.0,0.0,0.0,0.0,0.0,0.0,0.0,0.0,0.0,0.0,0.0,0.0,0.0,0.0,0.0,0.0
7036,0.0,0.0,0.0,0.0,0.0,0.0,0.0,0.0,0.0,0.0,0.0,0.0,0.0,0.0,0.0,0.0,0.0,0.0,0.0,0.0,0.0,0.0,0.0,0.0,0.0,0.0,0.0,0.0,0.0,0.0,0.0,0.0,0.0,0.0,0.0,0.0,0.0,0.0,0.0,0.0,0.0,0.0,0.0,0.0,0.0,0.0,0.0,0.0,0.0,0.0,0.0,0.0,0.0,0.0,0.0,0.0,0.0,0.0,0.0,0.0,0.0,0.0,0.0,0.0
7037,0.0,0.0,0.0,0.0,0.0,0.0,0.0,0.0,0.0,0.0,0.0,0.0,0.0,0.0,0.0,0.0,0.0,0.0,0.0,0.0,0.0,0.0,0.0,0.0,0.0,0.0,0.0,0.0,0.0,0.0,0.0,0.0,0.0,0.0,0.0,0.0,0.0,0.0,0.0,0.0,0.0,0.0,0.0,0.0,0.0,0.0,0.0,0.0,0.0,0.0,0.0,0.0,0.0,0.0,0.0,0.0,0.0,0.0,0.0,0.0,0.0,0.0,0.0,0.0
7038,0.0,0.0,0.0,0.0,0.0,0.0,0.0,0.0,0.0,0.0,0.0,0.0,0.0,0.0,0.0,0.0,0.0,0.0,0.0,0.0,0.0,0.0,0.0,0.0,0.0,0.0,0.0,0.0,0.0,0.0,0.0,0.0,0.0,0.0,0.0,0.0,0.0,0.0,0.0,0.0,0.0,0.0,0.0,0.0,0.0,0.0,0.0,0.0,0.0,0.0,0.0,0.0,0.0,0.0,0.0,0.0,0.0,0.0,0.0,0.0,0.0,0.0,0.0,0.0
7039,0.0,0.0,0.0,0.0,0.0,0.0,0.0,0.0,0.0,0.0,0.0,0.0,0.0,0.0,0.0,0.0,0.0,0.0,0.0,0.0,0.0,0.0,0.0,0.0,0.0,0.0,0.0,0.0,0.0,0.0,0.0,0.0,0.0,0.0,0.0,0.0,0.0,0.0,0.0,0.0,0.0,0.0,0.0,0.0,0.0,0.0,0.0,0.0,0.0,0.0,0.0,0.0,0.0,0.0,0.0,0.0,0.0,0.0,0.0,0.0,0.0,0.0,0.0,0.0
7040,0.0,0.0,0.0,0.0,0.0,0.0,0.0,0.0,0.0,0.0,0.0,0.0,0.0,0.0,0.0,0.0,0.0,0.0,0.0,0.0,0.0,0.0,0.0,0.0,0.0,0.0,0.0,0.0,0.0,0.0,0.0,0.0,0.0,0.0,0.0,0.0,0.0,0.0,0.0,0.0,0.0,0.0,0.0,0.0,0.0,0.0,0.0,0.0,0.0,0.0,0.0,0.0,0.0,0.0,0.0,0.0,0.0,0.0,0.0,0.0,0.0,0.0,0.0,0.0
7041,0.0,0.0,0.0,0.0,0.0,0.0,0.0,0.0,0.0,0.0,0.0,0.0,0.0,0.0,0.0,0.0,0.0,0.0,0.0,0.0,0.0,0.0,0.0,0.0,0.0,0.0,0.0,0.0,0.0,0.0,0.0,0.0,0.0,0.0,0.0,0.0,0.0,0.0,0.0,0.0,0.0,0.0,0.0,0.0,0.0,0.0,0.0,0.0,0.0,0.0,0.0,0.0,0.0,0.0,0.0,0.0,0.0,0.0,0.0,0.0,0.0,0.0,0.0,0.0
7042,0.0,0.0,0.0,0.0,0.0,0.0,0.0,0.0,0.0,0.0,0.0,0.0,0.0,0.0,0.0,0.0,0.0,0.0,0.0,0.0,0.0,0.0,0.0,0.0,0.0,0.0,0.0,0.0,0.0,0.0,0.0,0.0,0.0,0.0,0.0,0.0,0.0,0.0,0.0,0.0,0.0,0.0,0.0,0.0,0.0,0.0,0.0,0.0,0.0,0.0,0.0,0.0,0.0,0.0,0.0,0.0,0.0,0.0,0.0,0.0,0.0,0.0,0.0,0.0
7043,0.0,0.0,0.0,0.0,0.0,0.0,0.0,0.0,0.0,0.03,0.0,0.0,0.03,0.0,0.0,0.0,0.0,0.11,0.07,0.0,0.0,0.0,0.14,0.01,0.0,0.0,0.0,0.0,0.0,0.0,0.0,0.0,0.0,0.0,0.0,0.0,0.0,0.0,0.0,0.0,0.0,0.0,0.0,0.0,0.01,0.0,0.0,0.0,0.0,0.0,0.0,0.01,0.0,0.01,0.0,0.0,0.0,0.02,0.0,0.0,0.0,0.0,0.0,0.0
7044,0.0,0.0,0.0,0.0,0.0,0.02,0.0,0.0,0.01,0.04,0.01,0.02,0.02,0.01,0.01,0.02,0.01,0.04,0.03,0.03,0.01,0.02,0.04,0.01,0.0,0.0,0.0,0.0,0.0,0.0,0.0,0.0,0.0,0.0,0.0,0.01,0.01,0.0,0.0,0.01,0.0,0.0,0.0,0.01,0.0,0.0,0.0,0.0,0.0,0.0,0.01,0.0,0.12,0.07,0.06,0.05,0.0,0.48,0.01,0.07,0.01,0.02,0.0,0.01
7045,0.0,0.02,0.03,0.0,0.0,0.0,0.0,0.0,0.02,0.04,0.0,0.01,0.03,0.02,0.02,0.01,0.01,0.06,0.04,0.01,0.03,0.03,0.05,0.01,0.01,0.0,0.0,0.0,0.0,0.02,0.0,0.0,0.0,0.0,0.0,0.02,0.0,0.01,0.01,0.01,0.01,0.01,0.01,0.0,0.01,0.01,0.0,0.0,0.0,0.0,0.02,0.0,0.04,0.01,0.26,0.09,0.0,0.02,0.01,0.21,0.03,0.04,0.0,0.01
7046,0.0,0.04,0.05,0.0,0.0,0.03,0.0,0.0,0.01,0.06,0.01,0.04,0.05,0.01,0.02,0.02,0.03,0.1,0.06,0.01,0.02,0.01,0.05,0.01,0.02,0.04,0.0,0.0,0.02,0.04,0.03,0.0,0.0,0.0,0.0,0.01,0.01,0.01,0.0,0.01,0.0,0.0,0.01,0.01,0.01,0.0,0.03,0.0,0.0,0.02,0.01,0.02,0.02,0.04,0.05,0.01,0.0,0.01,0.01,0.03,0.01,0.02,0.02,0.01
7047,0.0,0.08,0.08,0.0,0.0,0.04,0.0,0.0,0.02,0.02,0.0,0.02,0.02,0.02,0.02,0.01,0.02,0.03,0.03,0.0,0.01,0.01,0.03,0.0,0.04,0.06,0.0,0.0,0.04,0.07,0.05,0.0,0.0,0.0,0.0,0.04,0.0,0.01,0.04,0.01,0.0,0.02,0.02,0.01,0.0,0.04,0.03,0.0,0.0,0.04,0.01,0.05,0.01,0.0,0.05,0.06,0.0,0.02,0.01,0.4,0.02,0.01,0.04,0.01
7048,0.0,0.08,0.1,0.0,0.0,0.09,0.0,0.0,0.0,0.02,0.0,0.03,0.03,0.02,0.02,0.01,0.06,0.02,0.05,0.01,0.01,0.02,0.01,0.0,0.07,0.06,0.0,0.0,0.05,0.08,0.06,0.0,0.0,0.0,0.0,0.08,0.02,0.01,0.04,0.01,0.01,0.04,0.03,0.02,0.01,0.04,0.07,0.0,0.0,0.07,0.03,0.11,0.01,0.02,0.01,0.06,0.0,0.0,0.02,0.01,0.04,0.04,0.06,0.03
7049,0.0,0.05,0.08,0.0,0.0,0.14,0.0,0.0,0.01,0.03,0.01,0.01,0.02,0.0,0.0,0.01,0.02,0.02,0.11,0.0,0.11,0.0,0.02,0.02,0.04,0.05,0.0,0.0,0.04,0.05,0.04,0.0,0.0,0.0,0.0,0.14,0.02,0.01,0.05,0.01,0.01,0.04,0.03,0.03,0.02,0.04,0.13,0.0,0.0,0.17,0.0,0.08,0.0,0.04,0.06,0.73,0.0,0.02,0.0,0.05,0.02,0.0,0.05,0.01
7050,0.0,0.35,0.7,0.0,0.0,0.07,0.0,0.0,0.0,0.0,0.0,0.01,0.01,0.0,0.0,0.0,0.02,0.03,0.04,0.0,0.0,0.0,0.02,0.01,0.03,0.05,0.0,0.0,0.02,0.17,0.03,0.0,0.0,0.0,0.0,0.03,0.02,0.01,0.02,0.01,0.01,0.02,0.02,0.02,0.01,0.02,0.07,0.0,0.0,0.05,0.0,0.0,0.0,0.02,0.02,0.02,0.0,0.01,0.0,0.01,0.0,0.0,0.04,0.0
7051,0.0,0.61,0.62,0.0,0.0,0.02,0.0,0.0,0.0,0.0,0.0,0.0,0.0,0.0,0.0,0.0,0.0,0.0,0.0,0.0,0.0,0.0,0.0,0.0,0.04,0.24,0.0,0.0,0.02,0.61,0.15,0.0,0.0,0.0,0.0,0.03,0.01,0.0,0.0,0.0,0.0,0.01,0.0,0.01,0.01,0.0,0.02,0.0,0.0,0.02,0.01,0.0,0.0,0.59,0.02,0.01,0.0,0.01,0.0,0.0,0.0,0.01,0.01,0.0
7052,0.0,0.36,0.03,0.0,0.0,0.01,0.0,0.0,0.0,0.0,0.0,0.0,0.0,0.0,0.0,0.0,0.0,0.0,0.0,0.0,0.0,0.0,0.0,0.0,0.02,0.0,0.0,0.0,0.0,0.35,0.35,0.0,0.0,0.0,0.0,0.34,0.0,0.0,0.0,0.0,0.0,0.0,0.0,0.0,0.0,0.0,0.0,0.0,0.0,0.0,0.0,0.01,0.0,0.0,0.0,0.0,0.0,0.01,0.01,0.0,0.02,0.02,0.0,0.02
7053,0.0,0.0,0.0,0.0,0.0,0.0,0.0,0.0,0.0,0.0,0.0,0.0,0.0,0.0,0.0,0.0,0.0,0.0,0.0,0.0,0.0,0.0,0.0,0.0,0.0,0.0,0.0,0.0,0.0,0.0,0.0,0.0,0.0,0.0,0.0,0.0,0.0,0.0,0.0,0.0,0.0,0.0,0.0,0.0,0.0,0.0,0.0,0.0,0.0,0.0,0.0,0.0,0.0,0.0,0.0,0.0,0.0,0.0,0.0,0.0,0.0,0.0,0.0,0.0
7054,0.0,0.0,0.0,0.0,0.0,0.0,0.0,0.0,0.0,0.0,0.0,0.0,0.0,0.0,0.0,0.0,0.0,0.0,0.0,0.0,0.0,0.0,0.0,0.0,0.0,0.0,0.0,0.0,0.0,0.0,0.0,0.0,0.0,0.0,0.0,0.0,0.0,0.0,0.0,0.0,0.0,0.0,0.0,0.0,0.0,0.0,0.0,0.0,0.0,0.0,0.0,0.0,0.0,0.0,0.0,0.0,0.0,0.0,0.0,0.0,0.0,0.0,0.0,0.0
7055,0.0,0.0,0.0,0.0,0.0,0.0,0.0,0.0,0.0,0.0,0.0,0.0,0.0,0.0,0.0,0.0,0.0,0.0,0.0,0.0,0.0,0.0,0.0,0.0,0.0,0.0,0.0,0.0,0.0,0.0,0.0,0.0,0.0,0.0,0.0,0.0,0.0,0.0,0.0,0.0,0.0,0.0,0.0,0.0,0.0,0.0,0.0,0.0,0.0,0.0,0.0,0.0,0.0,0.0,0.0,0.0,0.0,0.0,0.0,0.0,0.0,0.0,0.0,0.0
7056,0.0,0.0,0.0,0.0,0.0,0.0,0.0,0.0,0.0,0.0,0.0,0.0,0.0,0.0,0.0,0.0,0.0,0.0,0.0,0.0,0.0,0.0,0.0,0.0,0.0,0.0,0.0,0.0,0.0,0.0,0.0,0.0,0.0,0.0,0.0,0.0,0.0,0.0,0.0,0.0,0.0,0.0,0.0,0.0,0.0,0.0,0.0,0.0,0.0,0.0,0.0,0.0,0.0,0.0,0.0,0.0,0.0,0.0,0.0,0.0,0.0,0.0,0.0,0.0
7057,0.0,0.0,0.0,0.0,0.0,0.0,0.0,0.0,0.0,0.0,0.0,0.0,0.0,0.0,0.0,0.0,0.0,0.0,0.0,0.0,0.0,0.0,0.0,0.0,0.0,0.0,0.0,0.0,0.0,0.0,0.0,0.0,0.0,0.0,0.0,0.0,0.0,0.0,0.0,0.0,0.0,0.0,0.0,0.0,0.0,0.0,0.0,0.0,0.0,0.0,0.0,0.0,0.0,0.0,0.0,0.0,0.0,0.0,0.0,0.0,0.0,0.0,0.0,0.0
7058,0.0,0.0,0.0,0.0,0.0,0.0,0.0,0.0,0.0,0.0,0.0,0.0,0.0,0.0,0.0,0.0,0.0,0.0,0.0,0.0,0.0,0.0,0.0,0.0,0.0,0.0,0.0,0.0,0.0,0.0,0.0,0.0,0.0,0.0,0.0,0.0,0.0,0.0,0.0,0.0,0.0,0.0,0.0,0.0,0.0,0.0,0.0,0.0,0.0,0.0,0.0,0.0,0.0,0.0,0.0,0.0,0.0,0.0,0.0,0.0,0.0,0.0,0.0,0.0
7059,0.0,0.0,0.0,0.0,0.0,0.0,0.0,0.0,0.0,0.0,0.0,0.0,0.0,0.0,0.0,0.0,0.0,0.0,0.0,0.0,0.0,0.0,0.0,0.0,0.0,0.0,0.0,0.0,0.0,0.0,0.0,0.0,0.0,0.0,0.0,0.0,0.0,0.0,0.0,0.0,0.0,0.0,0.0,0.0,0.0,0.0,0.0,0.0,0.0,0.0,0.0,0.0,0.0,0.0,0.0,0.0,0.0,0.0,0.0,0.0,0.0,0.0,0.0,0.0
7060,0.0,0.0,0.0,0.0,0.0,0.0,0.0,0.0,0.0,0.0,0.0,0.0,0.0,0.0,0.0,0.0,0.0,0.0,0.0,0.0,0.0,0.0,0.0,0.0,0.0,0.0,0.0,0.0,0.0,0.0,0.0,0.0,0.0,0.0,0.0,0.0,0.0,0.0,0.0,0.0,0.0,0.0,0.0,0.0,0.0,0.0,0.0,0.0,0.0,0.0,0.0,0.0,0.0,0.0,0.0,0.0,0.0,0.0,0.0,0.0,0.0,0.0,0.0,0.0
7061,0.0,0.0,0.0,0.0,0.0,0.0,0.0,0.0,0.0,0.0,0.0,0.0,0.0,0.0,0.0,0.0,0.0,0.0,0.0,0.0,0.0,0.0,0.0,0.0,0.0,0.0,0.0,0.0,0.0,0.0,0.0,0.0,0.0,0.0,0.0,0.0,0.0,0.0,0.0,0.0,0.0,0.0,0.0,0.0,0.0,0.0,0.0,0.0,0.0,0.0,0.0,0.0,0.0,0.0,0.0,0.0,0.0,0.0,0.0,0.0,0.0,0.0,0.0,0.0
7062,0.0,0.0,0.0,0.0,0.0,0.0,0.0,0.0,0.0,0.0,0.0,0.0,0.0,0.0,0.0,0.0,0.0,0.0,0.0,0.0,0.0,0.0,0.0,0.0,0.0,0.0,0.0,0.0,0.0,0.0,0.0,0.0,0.0,0.0,0.0,0.0,0.0,0.0,0.0,0.0,0.0,0.0,0.0,0.0,0.0,0.0,0.0,0.0,0.0,0.0,0.0,0.0,0.0,0.0,0.0,0.0,0.0,0.0,0.0,0.0,0.0,0.0,0.0,0.0
7063,0.0,0.0,0.0,0.0,0.0,0.0,0.0,0.0,0.0,0.0,0.0,0.0,0.0,0.0,0.0,0.0,0.0,0.0,0.0,0.0,0.0,0.0,0.0,0.0,0.0,0.0,0.0,0.0,0.0,0.0,0.0,0.0,0.0,0.0,0.0,0.0,0.0,0.0,0.0,0.0,0.0,0.0,0.0,0.0,0.0,0.0,0.0,0.0,0.0,0.0,0.0,0.0,0.0,0.0,0.0,0.0,0.0,0.0,0.0,0.0,0.0,0.0,0.0,0.0
7064,0.0,0.0,0.0,0.0,0.0,0.0,0.0,0.0,0.0,0.0,0.0,0.0,0.0,0.0,0.0,0.0,0.0,0.0,0.0,0.0,0.0,0.0,0.0,0.0,0.0,0.0,0.0,0.0,0.0,0.0,0.0,0.0,0.0,0.0,0.0,0.0,0.0,0.0,0.0,0.0,0.0,0.0,0.0,0.0,0.0,0.0,0.0,0.0,0.0,0.0,0.0,0.0,0.0,0.0,0.0,0.0,0.0,0.0,0.0,0.0,0.0,0.0,0.0,0.0
7065,0.0,0.0,0.0,0.0,0.0,0.0,0.0,0.0,0.0,0.0,0.0,0.0,0.0,0.0,0.0,0.0,0.0,0.0,0.0,0.0,0.0,0.0,0.0,0.0,0.0,0.0,0.0,0.0,0.0,0.0,0.0,0.0,0.0,0.0,0.0,0.0,0.0,0.0,0.0,0.0,0.0,0.0,0.0,0.0,0.0,0.0,0.0,0.0,0.0,0.0,0.0,0.0,0.0,0.0,0.0,0.0,0.0,0.0,0.0,0.0,0.0,0.0,0.0,0.0
7066,0.0,0.0,0.0,0.0,0.0,0.0,0.0,0.0,0.0,0.0,0.0,0.0,0.0,0.0,0.0,0.0,0.0,0.0,0.0,0.0,0.0,0.0,0.0,0.0,0.0,0.0,0.0,0.0,0.0,0.0,0.0,0.0,0.0,0.0,0.0,0.0,0.0,0.0,0.0,0.0,0.0,0.0,0.0,0.0,0.0,0.0,0.0,0.0,0.0,0.0,0.0,0.0,0.0,0.0,0.0,0.0,0.0,0.0,0.0,0.0,0.0,0.0,0.0,0.0
7067,0.0,0.53,0.53,0.0,0.0,0.55,0.0,0.0,0.54,0.0,0.54,0.06,0.59,0.56,0.56,0.56,0.53,0.56,0.01,0.56,0.0,0.57,0.58,0.55,0.37,0.53,0.0,0.0,0.53,0.53,0.53,0.0,0.0,0.0,0.0,0.55,0.54,0.54,0.55,0.54,0.28,0.55,0.54,0.55,0.55,0.55,0.55,0.0,0.0,0.55,0.49,0.51,0.0,0.0,0.0,0.0,0.0,0.0,0.49,0.0,0.5,0.02,0.54,0.5
7068,0.0,0.66,0.66,0.0,0.0,0.66,0.0,0.0,0.63,0.01,0.63,0.12,0.67,0.65,0.64,0.64,0.12,0.02,0.02,0.64,0.01,0.65,0.66,0.65,0.67,0.67,0.0,0.0,0.65,0.66,0.66,0.0,0.0,0.0,0.0,0.66,0.65,0.65,0.66,0.65,0.21,0.66,0.65,0.65,0.65,0.66,0.67,0.0,0.0,0.66,0.42,0.65,0.01,0.01,0.01,0.01,0.0,0.01,0.63,0.02,0.64,0.04,0.67,0.64
7069,0.0,0.77,0.77,0.0,0.0,0.76,0.0,0.0,0.73,0.05,0.73,0.06,0.11,0.18,0.73,0.74,0.31,0.2,0.04,0.73,0.02,0.75,0.05,0.76,0.77,0.78,0.0,0.0,0.76,0.77,0.77,0.0,0.0,0.0,0.0,0.76,0.76,0.77,0.77,0.77,0.09,0.77,0.76,0.76,0.76,0.77,0.76,0.0,0.0,0.76,0.34,0.77,0.02,0.74,0.02,0.02,0.0,0.04,0.75,0.03,0.76,0.75,0.78,0.76
7070,0.0,0.82,0.82,0.0,0.0,0.81,0.0,0.0,0.76,0.04,0.78,0.08,0.1,0.81,0.79,0.78,0.12,0.04,0.03,0.77,0.05,0.81,0.06,0.81,0.81,0.84,0.0,0.0,0.82,0.83,0.82,0.0,0.0,0.0,0.0,0.82,0.81,0.82,0.82,0.83,0.2,0.82,0.82,0.81,0.81,0.83,0.81,0.0,0.0,0.81,0.46,0.83,0.09,0.38,0.03,0.1,0.0,0.31,0.81,0.05,0.82,0.23,0.84,0.82
7071,0.0,0.84,0.85,0.0,0.0,0.82,0.0,0.0,0.77,0.06,0.79,0.08,0.06,0.13,0.22,0.14,0.31,0.06,0.04,0.8,0.04,0.07,0.04,0.83,0.83,0.86,0.0,0.0,0.84,0.85,0.85,0.0,0.0,0.0,0.0,0.84,0.83,0.84,0.84,0.85,0.85,0.84,0.84,0.83,0.83,0.85,0.83,0.0,0.0,0.83,0.24,0.85,0.08,0.07,0.06,0.14,0.0,0.3,0.3,0.07,0.84,0.17,0.86,0.83
7072,0.0,0.85,0.84,0.0,0.0,0.83,0.0,0.0,0.8,0.04,0.81,0.15,0.06,0.12,0.82,0.8,0.21,0.05,0.04,0.81,0.04,0.09,0.06,0.82,0.83,0.86,0.0,0.0,0.84,0.85,0.85,0.0,0.0,0.0,0.0,0.84,0.83,0.85,0.85,0.85,0.29,0.84,0.84,0.83,0.83,0.85,0.83,0.0,0.0,0.83,0.3,0.85,0.11,0.07,0.04,0.09,0.0,0.84,0.46,0.06,0.85,0.23,0.86,0.72
7073,0.0,0.83,0.83,0.0,0.0,0.82,0.0,0.0,0.8,0.08,0.8,0.09,0.06,0.09,0.8,0.79,0.2,0.04,0.03,0.26,0.04,0.08,0.05,0.81,0.81,0.85,0.0,0.0,0.84,0.84,0.84,0.0,0.0,0.0,0.0,0.83,0.81,0.84,0.83,0.84,0.84,0.83,0.82,0.81,0.81,0.84,0.82,0.0,0.0,0.82,0.19,0.84,0.31,0.15,0.05,0.67,0.0,0.82,0.83,0.06,0.12,0.13,0.85,0.83
7074,0.0,0.8,0.8,0.0,0.0,0.79,0.0,0.0,0.76,0.16,0.75,0.08,0.04,0.05,0.2,0.76,0.51,0.04,0.02,0.76,0.02,0.04,0.02,0.77,0.78,0.82,0.0,0.0,0.81,0.8,0.81,0.0,0.0,0.0,0.0,0.81,0.78,0.8,0.8,0.8,0.8,0.8,0.79,0.77,0.77,0.8,0.8,0.0,0.0,0.8,0.18,0.81,0.21,0.1,0.04,0.1,0.0,0.78,0.79,0.06,0.13,0.8,0.82,0.21
7075,0.0,0.73,0.74,0.0,0.0,0.71,0.0,0.0,0.67,0.04,0.66,0.05,0.65,0.03,0.67,0.66,0.28,0.02,0.01,0.67,0.01,0.02,0.02,0.69,0.7,0.75,0.0,0.0,0.74,0.73,0.73,0.0,0.0,0.0,0.0,0.73,0.7,0.71,0.73,0.72,0.72,0.72,0.72,0.69,0.69,0.73,0.71,0.0,0.0,0.71,0.72,0.74,0.04,0.06,0.02,0.05,0.0,0.71,0.72,0.02,0.26,0.73,0.75,0.05
7076,0.0,0.48,0.5,0.0,0.0,0.44,0.0,0.0,0.32,0.0,0.34,0.01,0.01,0.0,0.16,0.29,0.01,0.22,0.0,0.3,0.0,0.0,0.0,0.37,0.4,0.5,0.0,0.0,0.48,0.49,0.48,0.0,0.0,0.0,0.0,0.45,0.39,0.38,0.44,0.37,0.4,0.44,0.43,0.38,0.38,0.44,0.44,0.0,0.0,0.44,0.44,0.48,0.01,0.43,0.0,0.38,0.0,0.41,0.43,0.01,0.14,0.44,0.48,0.02
7077,0.0,0.0,0.0,0.0,0.0,0.0,0.0,0.0,0.0,0.0,0.0,0.0,0.0,0.0,0.0,0.0,0.0,0.0,0.0,0.0,0.0,0.0,0.0,0.0,0.0,0.0,0.0,0.0,0.0,0.0,0.0,0.0,0.0,0.0,0.0,0.0,0.0,0.0,0.0,0.0,0.0,0.0,0.0,0.0,0.0,0.0,0.0,0.0,0.0,0.0,0.0,0.0,0.0,0.0,0.0,0.0,0.0,0.0,0.0,0.0,0.0,0.0,0.0,0.0
7078,0.0,0.0,0.0,0.0,0.0,0.0,0.0,0.0,0.0,0.0,0.0,0.0,0.0,0.0,0.0,0.0,0.0,0.0,0.0,0.0,0.0,0.0,0.0,0.0,0.0,0.0,0.0,0.0,0.0,0.0,0.0,0.0,0.0,0.0,0.0,0.0,0.0,0.0,0.0,0.0,0.0,0.0,0.0,0.0,0.0,0.0,0.0,0.0,0.0,0.0,0.0,0.0,0.0,0.0,0.0,0.0,0.0,0.0,0.0,0.0,0.0,0.0,0.0,0.0
7079,0.0,0.0,0.0,0.0,0.0,0.0,0.0,0.0,0.0,0.0,0.0,0.0,0.0,0.0,0.0,0.0,0.0,0.0,0.0,0.0,0.0,0.0,0.0,0.0,0.0,0.0,0.0,0.0,0.0,0.0,0.0,0.0,0.0,0.0,0.0,0.0,0.0,0.0,0.0,0.0,0.0,0.0,0.0,0.0,0.0,0.0,0.0,0.0,0.0,0.0,0.0,0.0,0.0,0.0,0.0,0.0,0.0,0.0,0.0,0.0,0.0,0.0,0.0,0.0
7080,0.0,0.0,0.0,0.0,0.0,0.0,0.0,0.0,0.0,0.0,0.0,0.0,0.0,0.0,0.0,0.0,0.0,0.0,0.0,0.0,0.0,0.0,0.0,0.0,0.0,0.0,0.0,0.0,0.0,0.0,0.0,0.0,0.0,0.0,0.0,0.0,0.0,0.0,0.0,0.0,0.0,0.0,0.0,0.0,0.0,0.0,0.0,0.0,0.0,0.0,0.0,0.0,0.0,0.0,0.0,0.0,0.0,0.0,0.0,0.0,0.0,0.0,0.0,0.0
7081,0.0,0.0,0.0,0.0,0.0,0.0,0.0,0.0,0.0,0.0,0.0,0.0,0.0,0.0,0.0,0.0,0.0,0.0,0.0,0.0,0.0,0.0,0.0,0.0,0.0,0.0,0.0,0.0,0.0,0.0,0.0,0.0,0.0,0.0,0.0,0.0,0.0,0.0,0.0,0.0,0.0,0.0,0.0,0.0,0.0,0.0,0.0,0.0,0.0,0.0,0.0,0.0,0.0,0.0,0.0,0.0,0.0,0.0,0.0,0.0,0.0,0.0,0.0,0.0
7082,0.0,0.0,0.0,0.0,0.0,0.0,0.0,0.0,0.0,0.0,0.0,0.0,0.0,0.0,0.0,0.0,0.0,0.0,0.0,0.0,0.0,0.0,0.0,0.0,0.0,0.0,0.0,0.0,0.0,0.0,0.0,0.0,0.0,0.0,0.0,0.0,0.0,0.0,0.0,0.0,0.0,0.0,0.0,0.0,0.0,0.0,0.0,0.0,0.0,0.0,0.0,0.0,0.0,0.0,0.0,0.0,0.0,0.0,0.0,0.0,0.0,0.0,0.0,0.0
7083,0.0,0.0,0.0,0.0,0.0,0.0,0.0,0.0,0.0,0.0,0.0,0.0,0.0,0.0,0.0,0.0,0.0,0.0,0.0,0.0,0.0,0.0,0.0,0.0,0.0,0.0,0.0,0.0,0.0,0.0,0.0,0.0,0.0,0.0,0.0,0.0,0.0,0.0,0.0,0.0,0.0,0.0,0.0,0.0,0.0,0.0,0.0,0.0,0.0,0.0,0.0,0.0,0.0,0.0,0.0,0.0,0.0,0.0,0.0,0.0,0.0,0.0,0.0,0.0
7084,0.0,0.0,0.0,0.0,0.0,0.0,0.0,0.0,0.0,0.0,0.0,0.0,0.0,0.0,0.0,0.0,0.0,0.0,0.0,0.0,0.0,0.0,0.0,0.0,0.0,0.0,0.0,0.0,0.0,0.0,0.0,0.0,0.0,0.0,0.0,0.0,0.0,0.0,0.0,0.0,0.0,0.0,0.0,0.0,0.0,0.0,0.0,0.0,0.0,0.0,0.0,0.0,0.0,0.0,0.0,0.0,0.0,0.0,0.0,0.0,0.0,0.0,0.0,0.0
7085,0.0,0.0,0.0,0.0,0.0,0.0,0.0,0.0,0.0,0.0,0.0,0.0,0.0,0.0,0.0,0.0,0.0,0.0,0.0,0.0,0.0,0.0,0.0,0.0,0.0,0.0,0.0,0.0,0.0,0.0,0.0,0.0,0.0,0.0,0.0,0.0,0.0,0.0,0.0,0.0,0.0,0.0,0.0,0.0,0.0,0.0,0.0,0.0,0.0,0.0,0.0,0.0,0.0,0.0,0.0,0.0,0.0,0.0,0.0,0.0,0.0,0.0,0.0,0.0
7086,0.0,0.0,0.0,0.0,0.0,0.0,0.0,0.0,0.0,0.0,0.0,0.0,0.0,0.0,0.0,0.0,0.0,0.0,0.0,0.0,0.0,0.0,0.0,0.0,0.0,0.0,0.0,0.0,0.0,0.0,0.0,0.0,0.0,0.0,0.0,0.0,0.0,0.0,0.0,0.0,0.0,0.0,0.0,0.0,0.0,0.0,0.0,0.0,0.0,0.0,0.0,0.0,0.0,0.0,0.0,0.0,0.0,0.0,0.0,0.0,0.0,0.0,0.0,0.0
7087,0.0,0.0,0.0,0.0,0.0,0.0,0.0,0.0,0.0,0.0,0.0,0.0,0.0,0.0,0.0,0.0,0.0,0.0,0.0,0.0,0.0,0.0,0.0,0.0,0.0,0.0,0.0,0.0,0.0,0.0,0.0,0.0,0.0,0.0,0.0,0.0,0.0,0.0,0.0,0.0,0.0,0.0,0.0,0.0,0.0,0.0,0.0,0.0,0.0,0.0,0.0,0.0,0.0,0.0,0.0,0.0,0.0,0.0,0.0,0.0,0.0,0.0,0.0,0.0
7088,0.0,0.0,0.0,0.0,0.0,0.0,0.0,0.0,0.0,0.0,0.0,0.0,0.0,0.0,0.0,0.0,0.0,0.0,0.0,0.0,0.0,0.0,0.0,0.0,0.0,0.0,0.0,0.0,0.0,0.0,0.0,0.0,0.0,0.0,0.0,0.0,0.0,0.0,0.0,0.0,0.0,0.0,0.0,0.0,0.0,0.0,0.0,0.0,0.0,0.0,0.0,0.0,0.0,0.0,0.0,0.0,0.0,0.0,0.0,0.0,0.0,0.0,0.0,0.0
7089,0.0,0.0,0.0,0.0,0.0,0.0,0.0,0.0,0.0,0.0,0.0,0.0,0.0,0.0,0.0,0.0,0.0,0.0,0.0,0.0,0.0,0.0,0.0,0.0,0.0,0.0,0.0,0.0,0.0,0.0,0.0,0.0,0.0,0.0,0.0,0.0,0.0,0.0,0.0,0.0,0.0,0.0,0.0,0.0,0.0,0.0,0.0,0.0,0.0,0.0,0.0,0.0,0.0,0.0,0.0,0.0,0.0,0.0,0.0,0.0,0.0,0.0,0.0,0.0
7090,0.0,0.0,0.0,0.0,0.0,0.0,0.0,0.0,0.0,0.0,0.0,0.0,0.0,0.0,0.0,0.0,0.0,0.0,0.0,0.0,0.0,0.0,0.0,0.0,0.0,0.0,0.0,0.0,0.0,0.0,0.0,0.0,0.0,0.0,0.0,0.0,0.0,0.0,0.0,0.0,0.0,0.0,0.0,0.0,0.0,0.0,0.0,0.0,0.0,0.0,0.0,0.0,0.0,0.0,0.0,0.0,0.0,0.0,0.0,0.0,0.0,0.0,0.0,0.0
7091,0.0,0.06,0.29,0.0,0.0,0.35,0.0,0.0,0.34,0.27,0.33,0.01,0.37,0.36,0.37,0.36,0.0,0.08,0.04,0.35,0.32,0.37,0.39,0.34,0.39,0.02,0.0,0.0,0.29,0.3,0.3,0.0,0.0,0.0,0.0,0.32,0.33,0.01,0.01,0.01,0.01,0.02,0.31,0.34,0.34,0.01,0.35,0.0,0.0,0.36,0.02,0.02,0.0,0.0,0.0,0.22,0.0,0.0,0.27,0.0,0.01,0.01,0.29,0.02
7092,0.0,0.69,0.24,0.0,0.0,0.69,0.0,0.0,0.67,0.65,0.69,0.06,0.68,0.7,0.69,0.68,0.09,0.42,0.65,0.68,0.7,0.7,0.59,0.69,0.7,0.56,0.0,0.0,0.69,0.7,0.69,0.0,0.0,0.0,0.0,0.69,0.69,0.71,0.17,0.14,0.24,0.19,0.2,0.69,0.17,0.14,0.69,0.0,0.0,0.7,0.22,0.09,0.03,0.05,0.04,0.66,0.0,0.04,0.69,0.04,0.21,0.14,0.7,0.69
7093,0.0,0.79,0.79,0.0,0.0,0.78,0.0,0.0,0.77,0.76,0.79,0.2,0.75,0.79,0.79,0.78,0.81,0.8,0.81,0.79,0.8,0.79,0.71,0.79,0.78,0.8,0.0,0.0,0.79,0.79,0.79,0.0,0.0,0.0,0.0,0.78,0.44,0.82,0.31,0.45,0.53,0.31,0.8,0.79,0.44,0.34,0.78,0.0,0.0,0.78,0.45,0.23,0.08,0.29,0.13,0.77,0.0,0.1,0.8,0.21,0.8,0.27,0.8,0.8
7094,0.0,0.83,0.83,0.0,0.0,0.82,0.0,0.0,0.8,0.83,0.83,0.29,0.82,0.83,0.83,0.83,0.86,0.84,0.85,0.83,0.84,0.83,0.8,0.83,0.82,0.84,0.0,0.0,0.83,0.83,0.83,0.0,0.0,0.0,0.0,0.82,0.84,0.87,0.84,0.69,0.88,0.68,0.84,0.83,0.84,0.84,0.82,0.0,0.0,0.82,0.86,0.51,0.19,0.84,0.48,0.83,0.0,0.74,0.85,0.27,0.84,0.86,0.84,0.85
7095,0.0,0.85,0.85,0.0,0.0,0.84,0.0,0.0,0.83,0.86,0.86,0.52,0.84,0.85,0.85,0.85,0.56,0.86,0.73,0.85,0.47,0.85,0.84,0.85,0.84,0.86,0.0,0.0,0.85,0.85,0.85,0.0,0.0,0.0,0.0,0.84,0.86,0.89,0.86,0.9,0.9,0.86,0.86,0.86,0.86,0.86,0.84,0.0,0.0,0.83,0.88,0.85,0.65,0.86,0.34,0.85,0.0,0.87,0.87,0.87,0.86,0.87,0.86,0.87
7096,0.0,0.85,0.85,0.0,0.0,0.83,0.0,0.0,0.85,0.7,0.85,0.89,0.83,0.86,0.85,0.85,0.88,0.86,0.42,0.86,0.57,0.86,0.84,0.85,0.83,0.85,0.0,0.0,0.84,0.85,0.85,0.0,0.0,0.0,0.0,0.84,0.86,0.89,0.86,0.9,0.89,0.85,0.86,0.85,0.86,0.86,0.83,0.0,0.0,0.83,0.87,0.84,0.88,0.86,0.46,0.85,0.0,0.87,0.87,0.86,0.86,0.87,0.85,0.86
7097,0.0,0.82,0.83,0.0,0.0,0.81,0.0,0.0,0.83,0.48,0.83,0.87,0.81,0.83,0.83,0.83,0.86,0.84,0.42,0.83,0.26,0.84,0.82,0.84,0.81,0.83,0.0,0.0,0.82,0.82,0.83,0.0,0.0,0.0,0.0,0.82,0.84,0.86,0.84,0.87,0.87,0.83,0.84,0.83,0.84,0.84,0.81,0.0,0.0,0.81,0.85,0.82,0.86,0.84,0.86,0.82,0.0,0.84,0.84,0.84,0.84,0.85,0.83,0.84
7098,0.0,0.77,0.78,0.0,0.0,0.76,0.0,0.0,0.78,0.23,0.78,0.81,0.76,0.79,0.78,0.78,0.81,0.79,0.79,0.79,0.78,0.79,0.77,0.79,0.76,0.79,0.0,0.0,0.78,0.78,0.78,0.0,0.0,0.0,0.0,0.77,0.79,0.81,0.79,0.82,0.82,0.79,0.79,0.78,0.79,0.8,0.76,0.0,0.0,0.76,0.8,0.78,0.8,0.78,0.8,0.76,0.0,0.79,0.79,0.79,0.79,0.8,0.79,0.79
7099,0.0,0.71,0.73,0.0,0.0,0.73,0.0,0.0,0.73,0.72,0.73,0.76,0.7,0.73,0.73,0.72,0.76,0.72,0.73,0.72,0.73,0.73,0.7,0.74,0.72,0.75,0.0,0.0,0.74,0.74,0.74,0.0,0.0,0.0,0.0,0.73,0.74,0.77,0.75,0.77,0.77,0.75,0.75,0.74,0.74,0.76,0.73,0.0,0.0,0.73,0.76,0.75,0.76,0.74,0.76,0.73,0.0,0.75,0.75,0.74,0.75,0.76,0.76,0.75
7100,0.0,0.57,0.58,0.0,0.0,0.55,0.0,0.0,0.53,0.48,0.53,0.54,0.41,0.5,0.5,0.5,0.55,0.46,0.48,0.51,0.51,0.5,0.4,0.54,0.53,0.58,0.0,0.0,0.57,0.57,0.57,0.0,0.0,0.0,0.0,0.56,0.55,0.56,0.57,0.55,0.56,0.56,0.56,0.55,0.54,0.57,0.55,0.0,0.0,0.55,0.57,0.58,0.56,0.56,0.56,0.55,0.0,0.57,0.57,0.56,0.57,0.57,0.58,0.57
7101,0.0,0.0,0.0,0.0,0.0,0.0,0.0,0.0,0.0,0.0,0.0,0.0,0.0,0.0,0.0,0.0,0.0,0.0,0.0,0.0,0.0,0.0,0.0,0.0,0.0,0.0,0.0,0.0,0.0,0.0,0.0,0.0,0.0,0.0,0.0,0.0,0.0,0.0,0.0,0.0,0.0,0.0,0.0,0.0,0.0,0.0,0.0,0.0,0.0,0.0,0.0,0.0,0.0,0.0,0.0,0.0,0.0,0.0,0.0,0.0,0.0,0.0,0.0,0.0
7102,0.0,0.0,0.0,0.0,0.0,0.0,0.0,0.0,0.0,0.0,0.0,0.0,0.0,0.0,0.0,0.0,0.0,0.0,0.0,0.0,0.0,0.0,0.0,0.0,0.0,0.0,0.0,0.0,0.0,0.0,0.0,0.0,0.0,0.0,0.0,0.0,0.0,0.0,0.0,0.0,0.0,0.0,0.0,0.0,0.0,0.0,0.0,0.0,0.0,0.0,0.0,0.0,0.0,0.0,0.0,0.0,0.0,0.0,0.0,0.0,0.0,0.0,0.0,0.0
7103,0.0,0.0,0.0,0.0,0.0,0.0,0.0,0.0,0.0,0.0,0.0,0.0,0.0,0.0,0.0,0.0,0.0,0.0,0.0,0.0,0.0,0.0,0.0,0.0,0.0,0.0,0.0,0.0,0.0,0.0,0.0,0.0,0.0,0.0,0.0,0.0,0.0,0.0,0.0,0.0,0.0,0.0,0.0,0.0,0.0,0.0,0.0,0.0,0.0,0.0,0.0,0.0,0.0,0.0,0.0,0.0,0.0,0.0,0.0,0.0,0.0,0.0,0.0,0.0
7104,0.0,0.0,0.0,0.0,0.0,0.0,0.0,0.0,0.0,0.0,0.0,0.0,0.0,0.0,0.0,0.0,0.0,0.0,0.0,0.0,0.0,0.0,0.0,0.0,0.0,0.0,0.0,0.0,0.0,0.0,0.0,0.0,0.0,0.0,0.0,0.0,0.0,0.0,0.0,0.0,0.0,0.0,0.0,0.0,0.0,0.0,0.0,0.0,0.0,0.0,0.0,0.0,0.0,0.0,0.0,0.0,0.0,0.0,0.0,0.0,0.0,0.0,0.0,0.0
7105,0.0,0.0,0.0,0.0,0.0,0.0,0.0,0.0,0.0,0.0,0.0,0.0,0.0,0.0,0.0,0.0,0.0,0.0,0.0,0.0,0.0,0.0,0.0,0.0,0.0,0.0,0.0,0.0,0.0,0.0,0.0,0.0,0.0,0.0,0.0,0.0,0.0,0.0,0.0,0.0,0.0,0.0,0.0,0.0,0.0,0.0,0.0,0.0,0.0,0.0,0.0,0.0,0.0,0.0,0.0,0.0,0.0,0.0,0.0,0.0,0.0,0.0,0.0,0.0
7106,0.0,0.0,0.0,0.0,0.0,0.0,0.0,0.0,0.0,0.0,0.0,0.0,0.0,0.0,0.0,0.0,0.0,0.0,0.0,0.0,0.0,0.0,0.0,0.0,0.0,0.0,0.0,0.0,0.0,0.0,0.0,0.0,0.0,0.0,0.0,0.0,0.0,0.0,0.0,0.0,0.0,0.0,0.0,0.0,0.0,0.0,0.0,0.0,0.0,0.0,0.0,0.0,0.0,0.0,0.0,0.0,0.0,0.0,0.0,0.0,0.0,0.0,0.0,0.0
7107,0.0,0.0,0.0,0.0,0.0,0.0,0.0,0.0,0.0,0.0,0.0,0.0,0.0,0.0,0.0,0.0,0.0,0.0,0.0,0.0,0.0,0.0,0.0,0.0,0.0,0.0,0.0,0.0,0.0,0.0,0.0,0.0,0.0,0.0,0.0,0.0,0.0,0.0,0.0,0.0,0.0,0.0,0.0,0.0,0.0,0.0,0.0,0.0,0.0,0.0,0.0,0.0,0.0,0.0,0.0,0.0,0.0,0.0,0.0,0.0,0.0,0.0,0.0,0.0
7108,0.0,0.0,0.0,0.0,0.0,0.0,0.0,0.0,0.0,0.0,0.0,0.0,0.0,0.0,0.0,0.0,0.0,0.0,0.0,0.0,0.0,0.0,0.0,0.0,0.0,0.0,0.0,0.0,0.0,0.0,0.0,0.0,0.0,0.0,0.0,0.0,0.0,0.0,0.0,0.0,0.0,0.0,0.0,0.0,0.0,0.0,0.0,0.0,0.0,0.0,0.0,0.0,0.0,0.0,0.0,0.0,0.0,0.0,0.0,0.0,0.0,0.0,0.0,0.0
7109,0.0,0.0,0.0,0.0,0.0,0.0,0.0,0.0,0.0,0.0,0.0,0.0,0.0,0.0,0.0,0.0,0.0,0.0,0.0,0.0,0.0,0.0,0.0,0.0,0.0,0.0,0.0,0.0,0.0,0.0,0.0,0.0,0.0,0.0,0.0,0.0,0.0,0.0,0.0,0.0,0.0,0.0,0.0,0.0,0.0,0.0,0.0,0.0,0.0,0.0,0.0,0.0,0.0,0.0,0.0,0.0,0.0,0.0,0.0,0.0,0.0,0.0,0.0,0.0
7110,0.0,0.0,0.0,0.0,0.0,0.0,0.0,0.0,0.0,0.0,0.0,0.0,0.0,0.0,0.0,0.0,0.0,0.0,0.0,0.0,0.0,0.0,0.0,0.0,0.0,0.0,0.0,0.0,0.0,0.0,0.0,0.0,0.0,0.0,0.0,0.0,0.0,0.0,0.0,0.0,0.0,0.0,0.0,0.0,0.0,0.0,0.0,0.0,0.0,0.0,0.0,0.0,0.0,0.0,0.0,0.0,0.0,0.0,0.0,0.0,0.0,0.0,0.0,0.0
7111,0.0,0.0,0.0,0.0,0.0,0.0,0.0,0.0,0.0,0.0,0.0,0.0,0.0,0.0,0.0,0.0,0.0,0.0,0.0,0.0,0.0,0.0,0.0,0.0,0.0,0.0,0.0,0.0,0.0,0.0,0.0,0.0,0.0,0.0,0.0,0.0,0.0,0.0,0.0,0.0,0.0,0.0,0.0,0.0,0.0,0.0,0.0,0.0,0.0,0.0,0.0,0.0,0.0,0.0,0.0,0.0,0.0,0.0,0.0,0.0,0.0,0.0,0.0,0.0
7112,0.0,0.0,0.0,0.0,0.0,0.0,0.0,0.0,0.0,0.0,0.0,0.0,0.0,0.0,0.0,0.0,0.0,0.0,0.0,0.0,0.0,0.0,0.0,0.0,0.0,0.0,0.0,0.0,0.0,0.0,0.0,0.0,0.0,0.0,0.0,0.0,0.0,0.0,0.0,0.0,0.0,0.0,0.0,0.0,0.0,0.0,0.0,0.0,0.0,0.0,0.0,0.0,0.0,0.0,0.0,0.0,0.0,0.0,0.0,0.0,0.0,0.0,0.0,0.0
7113,0.0,0.0,0.0,0.0,0.0,0.0,0.0,0.0,0.0,0.0,0.0,0.0,0.0,0.0,0.0,0.0,0.0,0.0,0.0,0.0,0.0,0.0,0.0,0.0,0.0,0.0,0.0,0.0,0.0,0.0,0.0,0.0,0.0,0.0,0.0,0.0,0.0,0.0,0.0,0.0,0.0,0.0,0.0,0.0,0.0,0.0,0.0,0.0,0.0,0.0,0.0,0.0,0.0,0.0,0.0,0.0,0.0,0.0,0.0,0.0,0.0,0.0,0.0,0.0
7114,0.0,0.0,0.0,0.0,0.0,0.0,0.0,0.0,0.0,0.0,0.0,0.0,0.0,0.0,0.0,0.0,0.0,0.0,0.0,0.0,0.0,0.0,0.0,0.0,0.0,0.0,0.0,0.0,0.0,0.0,0.0,0.0,0.0,0.0,0.0,0.0,0.0,0.0,0.0,0.0,0.0,0.0,0.0,0.0,0.0,0.0,0.0,0.0,0.0,0.0,0.0,0.0,0.0,0.0,0.0,0.0,0.0,0.0,0.0,0.0,0.0,0.0,0.0,0.0
7115,0.0,0.28,0.27,0.0,0.0,0.33,0.0,0.0,0.31,0.01,0.33,0.07,0.39,0.21,0.28,0.29,0.25,0.28,0.27,0.28,0.11,0.19,0.36,0.33,0.36,0.27,0.0,0.0,0.27,0.28,0.28,0.0,0.0,0.0,0.0,0.3,0.32,0.31,0.3,0.32,0.3,0.3,0.3,0.33,0.33,0.3,0.33,0.0,0.0,0.33,0.24,0.25,0.26,0.23,0.02,0.2,0.0,0.24,0.25,0.24,0.25,0.24,0.27,0.25
7116,0.0,0.64,0.64,0.0,0.0,0.64,0.0,0.0,0.65,0.08,0.65,0.04,0.65,0.51,0.61,0.54,0.66,0.54,0.44,0.59,0.25,0.56,0.65,0.66,0.65,0.65,0.0,0.0,0.64,0.64,0.64,0.0,0.0,0.0,0.0,0.65,0.66,0.65,0.66,0.66,0.66,0.66,0.65,0.65,0.66,0.66,0.64,0.0,0.0,0.64,0.64,0.64,0.64,0.61,0.65,0.6,0.0,0.61,0.63,0.63,0.64,0.63,0.65,0.64
7117,0.0,0.74,0.74,0.0,0.0,0.73,0.0,0.0,0.74,0.18,0.74,0.76,0.7,0.68,0.75,0.75,0.75,0.44,0.42,0.74,0.57,0.33,0.7,0.74,0.74,0.74,0.0,0.0,0.74,0.74,0.74,0.0,0.0,0.0,0.0,0.75,0.75,0.74,0.75,0.75,0.75,0.75,0.74,0.74,0.74,0.76,0.74,0.0,0.0,0.74,0.76,0.75,0.75,0.74,0.76,0.71,0.0,0.74,0.74,0.73,0.75,0.76,0.75,0.75
7118,0.0,0.78,0.79,0.0,0.0,0.78,0.0,0.0,0.78,0.47,0.78,0.81,0.47,0.79,0.79,0.78,0.8,0.6,0.59,0.78,0.69,0.8,0.45,0.79,0.78,0.79,0.0,0.0,0.78,0.79,0.78,0.0,0.0,0.0,0.0,0.79,0.79,0.79,0.8,0.79,0.79,0.8,0.79,0.78,0.79,0.81,0.78,0.0,0.0,0.78,0.8,0.79,0.37,0.79,0.8,0.13,0.0,0.5,0.8,0.3,0.8,0.8,0.8,0.8
7119,0.0,0.81,0.81,0.0,0.0,0.8,0.0,0.0,0.81,0.48,0.81,0.82,0.72,0.81,0.8,0.8,0.82,0.61,0.69,0.81,0.8,0.81,0.4,0.8,0.8,0.81,0.0,0.0,0.8,0.81,0.8,0.0,0.0,0.0,0.0,0.81,0.8,0.81,0.82,0.81,0.81,0.82,0.81,0.8,0.8,0.82,0.8,0.0,0.0,0.8,0.81,0.81,0.81,0.25,0.34,0.78,0.0,0.28,0.81,0.8,0.81,0.8,0.81,0.81
7120,0.0,0.81,0.81,0.0,0.0,0.79,0.0,0.0,0.79,0.46,0.79,0.8,0.65,0.8,0.8,0.79,0.79,0.78,0.78,0.79,0.74,0.8,0.6,0.79,0.8,0.8,0.0,0.0,0.8,0.81,0.8,0.0,0.0,0.0,0.0,0.8,0.8,0.8,0.81,0.8,0.8,0.81,0.8,0.79,0.8,0.82,0.8,0.0,0.0,0.8,0.8,0.81,0.79,0.8,0.8,0.77,0.0,0.79,0.8,0.78,0.81,0.81,0.81,0.81
7121,0.0,0.79,0.79,0.0,0.0,0.78,0.0,0.0,0.76,0.65,0.76,0.76,0.72,0.09,0.19,0.06,0.77,0.71,0.72,0.08,0.74,0.25,0.61,0.77,0.78,0.79,0.0,0.0,0.78,0.79,0.78,0.0,0.0,0.0,0.0,0.78,0.77,0.78,0.79,0.78,0.76,0.79,0.78,0.77,0.77,0.79,0.78,0.0,0.0,0.78,0.8,0.78,0.78,0.78,0.62,0.66,0.0,0.77,0.79,0.64,0.8,0.8,0.78,0.8
7122,0.0,0.78,0.78,0.0,0.0,0.78,0.0,0.0,0.76,0.13,0.76,0.76,0.36,0.03,0.03,0.05,0.76,0.62,0.63,0.2,0.28,0.08,0.64,0.76,0.79,0.78,0.0,0.0,0.77,0.78,0.78,0.0,0.0,0.0,0.0,0.78,0.77,0.77,0.78,0.77,0.77,0.78,0.78,0.77,0.77,0.78,0.78,0.0,0.0,0.78,0.79,0.78,0.77,0.77,0.73,0.56,0.0,0.68,0.79,0.75,0.79,0.79,0.78,0.79
7123,0.0,0.72,0.72,0.0,0.0,0.71,0.0,0.0,0.68,0.01,0.68,0.64,0.28,0.67,0.67,0.66,0.31,0.31,0.37,0.66,0.64,0.67,0.22,0.69,0.7,0.72,0.0,0.0,0.71,0.72,0.71,0.0,0.0,0.0,0.0,0.71,0.69,0.7,0.71,0.7,0.7,0.71,0.71,0.69,0.69,0.72,0.71,0.0,0.0,0.71,0.68,0.72,0.47,0.18,0.57,0.67,0.0,0.34,0.71,0.69,0.72,0.47,0.72,0.71
7124,0.0,0.45,0.44,0.0,0.0,0.53,0.0,0.0,0.44,0.0,0.44,0.36,0.06,0.25,0.39,0.4,0.22,0.33,0.35,0.42,0.0,0.25,0.0,0.47,0.49,0.36,0.0,0.0,0.52,0.45,0.34,0.0,0.0,0.0,0.0,0.52,0.49,0.44,0.53,0.25,0.43,0.53,0.52,0.49,0.48,0.54,0.53,0.0,0.0,0.53,0.5,0.56,0.49,0.51,0.47,0.01,0.0,0.47,0.49,0.48,0.32,0.53,0.56,0.48
7125,0.0,0.0,0.0,0.0,0.0,0.0,0.0,0.0,0.0,0.0,0.0,0.0,0.0,0.0,0.0,0.0,0.0,0.0,0.0,0.0,0.0,0.0,0.0,0.0,0.0,0.0,0.0,0.0,0.0,0.0,0.0,0.0,0.0,0.0,0.0,0.0,0.0,0.0,0.0,0.0,0.0,0.0,0.0,0.0,0.0,0.0,0.0,0.0,0.0,0.0,0.0,0.0,0.0,0.0,0.0,0.0,0.0,0.0,0.0,0.0,0.0,0.0,0.0,0.0
7126,0.0,0.0,0.0,0.0,0.0,0.0,0.0,0.0,0.0,0.0,0.0,0.0,0.0,0.0,0.0,0.0,0.0,0.0,0.0,0.0,0.0,0.0,0.0,0.0,0.0,0.0,0.0,0.0,0.0,0.0,0.0,0.0,0.0,0.0,0.0,0.0,0.0,0.0,0.0,0.0,0.0,0.0,0.0,0.0,0.0,0.0,0.0,0.0,0.0,0.0,0.0,0.0,0.0,0.0,0.0,0.0,0.0,0.0,0.0,0.0,0.0,0.0,0.0,0.0
7127,0.0,0.0,0.0,0.0,0.0,0.0,0.0,0.0,0.0,0.0,0.0,0.0,0.0,0.0,0.0,0.0,0.0,0.0,0.0,0.0,0.0,0.0,0.0,0.0,0.0,0.0,0.0,0.0,0.0,0.0,0.0,0.0,0.0,0.0,0.0,0.0,0.0,0.0,0.0,0.0,0.0,0.0,0.0,0.0,0.0,0.0,0.0,0.0,0.0,0.0,0.0,0.0,0.0,0.0,0.0,0.0,0.0,0.0,0.0,0.0,0.0,0.0,0.0,0.0
7128,0.0,0.0,0.0,0.0,0.0,0.0,0.0,0.0,0.0,0.0,0.0,0.0,0.0,0.0,0.0,0.0,0.0,0.0,0.0,0.0,0.0,0.0,0.0,0.0,0.0,0.0,0.0,0.0,0.0,0.0,0.0,0.0,0.0,0.0,0.0,0.0,0.0,0.0,0.0,0.0,0.0,0.0,0.0,0.0,0.0,0.0,0.0,0.0,0.0,0.0,0.0,0.0,0.0,0.0,0.0,0.0,0.0,0.0,0.0,0.0,0.0,0.0,0.0,0.0
7129,0.0,0.0,0.0,0.0,0.0,0.0,0.0,0.0,0.0,0.0,0.0,0.0,0.0,0.0,0.0,0.0,0.0,0.0,0.0,0.0,0.0,0.0,0.0,0.0,0.0,0.0,0.0,0.0,0.0,0.0,0.0,0.0,0.0,0.0,0.0,0.0,0.0,0.0,0.0,0.0,0.0,0.0,0.0,0.0,0.0,0.0,0.0,0.0,0.0,0.0,0.0,0.0,0.0,0.0,0.0,0.0,0.0,0.0,0.0,0.0,0.0,0.0,0.0,0.0
7130,0.0,0.0,0.0,0.0,0.0,0.0,0.0,0.0,0.0,0.0,0.0,0.0,0.0,0.0,0.0,0.0,0.0,0.0,0.0,0.0,0.0,0.0,0.0,0.0,0.0,0.0,0.0,0.0,0.0,0.0,0.0,0.0,0.0,0.0,0.0,0.0,0.0,0.0,0.0,0.0,0.0,0.0,0.0,0.0,0.0,0.0,0.0,0.0,0.0,0.0,0.0,0.0,0.0,0.0,0.0,0.0,0.0,0.0,0.0,0.0,0.0,0.0,0.0,0.0
7131,0.0,0.0,0.0,0.0,0.0,0.0,0.0,0.0,0.0,0.0,0.0,0.0,0.0,0.0,0.0,0.0,0.0,0.0,0.0,0.0,0.0,0.0,0.0,0.0,0.0,0.0,0.0,0.0,0.0,0.0,0.0,0.0,0.0,0.0,0.0,0.0,0.0,0.0,0.0,0.0,0.0,0.0,0.0,0.0,0.0,0.0,0.0,0.0,0.0,0.0,0.0,0.0,0.0,0.0,0.0,0.0,0.0,0.0,0.0,0.0,0.0,0.0,0.0,0.0
7132,0.0,0.0,0.0,0.0,0.0,0.0,0.0,0.0,0.0,0.0,0.0,0.0,0.0,0.0,0.0,0.0,0.0,0.0,0.0,0.0,0.0,0.0,0.0,0.0,0.0,0.0,0.0,0.0,0.0,0.0,0.0,0.0,0.0,0.0,0.0,0.0,0.0,0.0,0.0,0.0,0.0,0.0,0.0,0.0,0.0,0.0,0.0,0.0,0.0,0.0,0.0,0.0,0.0,0.0,0.0,0.0,0.0,0.0,0.0,0.0,0.0,0.0,0.0,0.0
7133,0.0,0.0,0.0,0.0,0.0,0.0,0.0,0.0,0.0,0.0,0.0,0.0,0.0,0.0,0.0,0.0,0.0,0.0,0.0,0.0,0.0,0.0,0.0,0.0,0.0,0.0,0.0,0.0,0.0,0.0,0.0,0.0,0.0,0.0,0.0,0.0,0.0,0.0,0.0,0.0,0.0,0.0,0.0,0.0,0.0,0.0,0.0,0.0,0.0,0.0,0.0,0.0,0.0,0.0,0.0,0.0,0.0,0.0,0.0,0.0,0.0,0.0,0.0,0.0
7134,0.0,0.0,0.0,0.0,0.0,0.0,0.0,0.0,0.0,0.0,0.0,0.0,0.0,0.0,0.0,0.0,0.0,0.0,0.0,0.0,0.0,0.0,0.0,0.0,0.0,0.0,0.0,0.0,0.0,0.0,0.0,0.0,0.0,0.0,0.0,0.0,0.0,0.0,0.0,0.0,0.0,0.0,0.0,0.0,0.0,0.0,0.0,0.0,0.0,0.0,0.0,0.0,0.0,0.0,0.0,0.0,0.0,0.0,0.0,0.0,0.0,0.0,0.0,0.0
7135,0.0,0.0,0.0,0.0,0.0,0.0,0.0,0.0,0.0,0.0,0.0,0.0,0.0,0.0,0.0,0.0,0.0,0.0,0.0,0.0,0.0,0.0,0.0,0.0,0.0,0.0,0.0,0.0,0.0,0.0,0.0,0.0,0.0,0.0,0.0,0.0,0.0,0.0,0.0,0.0,0.0,0.0,0.0,0.0,0.0,0.0,0.0,0.0,0.0,0.0,0.0,0.0,0.0,0.0,0.0,0.0,0.0,0.0,0.0,0.0,0.0,0.0,0.0,0.0
7136,0.0,0.0,0.0,0.0,0.0,0.0,0.0,0.0,0.0,0.0,0.0,0.0,0.0,0.0,0.0,0.0,0.0,0.0,0.0,0.0,0.0,0.0,0.0,0.0,0.0,0.0,0.0,0.0,0.0,0.0,0.0,0.0,0.0,0.0,0.0,0.0,0.0,0.0,0.0,0.0,0.0,0.0,0.0,0.0,0.0,0.0,0.0,0.0,0.0,0.0,0.0,0.0,0.0,0.0,0.0,0.0,0.0,0.0,0.0,0.0,0.0,0.0,0.0,0.0
7137,0.0,0.0,0.0,0.0,0.0,0.0,0.0,0.0,0.0,0.0,0.0,0.0,0.0,0.0,0.0,0.0,0.0,0.0,0.0,0.0,0.0,0.0,0.0,0.0,0.0,0.0,0.0,0.0,0.0,0.0,0.0,0.0,0.0,0.0,0.0,0.0,0.0,0.0,0.0,0.0,0.0,0.0,0.0,0.0,0.0,0.0,0.0,0.0,0.0,0.0,0.0,0.0,0.0,0.0,0.0,0.0,0.0,0.0,0.0,0.0,0.0,0.0,0.0,0.0
7138,0.0,0.0,0.0,0.0,0.0,0.0,0.0,0.0,0.0,0.0,0.0,0.0,0.0,0.0,0.0,0.0,0.0,0.0,0.0,0.0,0.0,0.0,0.0,0.0,0.0,0.0,0.0,0.0,0.0,0.0,0.0,0.0,0.0,0.0,0.0,0.0,0.0,0.0,0.0,0.0,0.0,0.0,0.0,0.0,0.0,0.0,0.0,0.0,0.0,0.0,0.0,0.0,0.0,0.0,0.0,0.0,0.0,0.0,0.0,0.0,0.0,0.0,0.0,0.0
7139,0.0,0.41,0.4,0.0,0.0,0.43,0.0,0.0,0.48,0.0,0.47,0.04,0.53,0.51,0.51,0.49,0.48,0.02,0.01,0.49,0.0,0.52,0.53,0.47,0.47,0.42,0.0,0.0,0.41,0.42,0.42,0.0,0.0,0.0,0.0,0.42,0.45,0.49,0.44,0.07,0.48,0.44,0.44,0.45,0.47,0.44,0.44,0.0,0.0,0.44,0.24,0.4,0.04,0.01,0.0,0.38,0.0,0.01,0.42,0.01,0.41,0.02,0.41,0.41
7140,0.0,0.66,0.65,0.0,0.0,0.65,0.0,0.0,0.68,0.02,0.69,0.16,0.2,0.7,0.71,0.69,0.72,0.19,0.06,0.69,0.04,0.71,0.21,0.69,0.66,0.66,0.0,0.0,0.65,0.67,0.66,0.0,0.0,0.0,0.0,0.65,0.67,0.72,0.68,0.23,0.71,0.67,0.68,0.67,0.69,0.69,0.65,0.0,0.0,0.65,0.18,0.66,0.15,0.23,0.04,0.68,0.0,0.19,0.15,0.03,0.68,0.06,0.66,0.69
7141,0.0,0.74,0.74,0.0,0.0,0.71,0.0,0.0,0.75,0.1,0.77,0.83,0.17,0.79,0.79,0.77,0.81,0.28,0.2,0.78,0.2,0.79,0.32,0.77,0.73,0.73,0.0,0.0,0.72,0.74,0.72,0.0,0.0,0.0,0.0,0.74,0.75,0.81,0.77,0.82,0.8,0.76,0.77,0.75,0.77,0.78,0.71,0.0,0.0,0.71,0.8,0.75,0.17,0.8,0.11,0.78,0.0,0.18,0.8,0.08,0.78,0.78,0.74,0.78
7142,0.0,0.74,0.75,0.0,0.0,0.72,0.0,0.0,0.78,0.19,0.8,0.84,0.82,0.81,0.81,0.8,0.83,0.23,0.13,0.8,0.22,0.81,0.34,0.79,0.73,0.74,0.0,0.0,0.73,0.74,0.73,0.0,0.0,0.0,0.0,0.75,0.78,0.83,0.79,0.84,0.83,0.78,0.8,0.76,0.79,0.8,0.72,0.0,0.0,0.72,0.82,0.77,0.25,0.81,0.22,0.55,0.0,0.38,0.81,0.2,0.8,0.82,0.76,0.8
7143,0.0,0.75,0.77,0.0,0.0,0.74,0.0,0.0,0.8,0.32,0.82,0.87,0.84,0.83,0.83,0.82,0.86,0.34,0.17,0.82,0.2,0.83,0.46,0.81,0.75,0.76,0.0,0.0,0.76,0.75,0.74,0.0,0.0,0.0,0.0,0.78,0.81,0.85,0.82,0.86,0.85,0.81,0.82,0.79,0.82,0.82,0.74,0.0,0.0,0.74,0.84,0.79,0.64,0.84,0.52,0.82,0.0,0.84,0.83,0.48,0.81,0.84,0.79,0.82
7144,0.0,0.74,0.76,0.0,0.0,0.74,0.0,0.0,0.82,0.5,0.82,0.86,0.84,0.83,0.83,0.82,0.85,0.86,0.44,0.83,0.23,0.84,0.33,0.81,0.76,0.77,0.0,0.0,0.76,0.74,0.75,0.0,0.0,0.0,0.0,0.78,0.82,0.86,0.81,0.87,0.85,0.81,0.82,0.79,0.82,0.82,0.74,0.0,0.0,0.75,0.84,0.8,0.85,0.84,0.85,0.82,0.0,0.84,0.83,0.83,0.82,0.84,0.77,0.82
7145,0.0,0.72,0.74,0.0,0.0,0.72,0.0,0.0,0.8,0.44,0.8,0.84,0.81,0.81,0.81,0.8,0.83,0.83,0.35,0.8,0.34,0.82,0.45,0.79,0.74,0.76,0.0,0.0,0.74,0.73,0.74,0.0,0.0,0.0,0.0,0.77,0.8,0.84,0.8,0.85,0.83,0.8,0.81,0.78,0.8,0.81,0.73,0.0,0.0,0.73,0.82,0.79,0.83,0.82,0.84,0.81,0.0,0.82,0.81,0.82,0.8,0.82,0.78,0.8
7146,0.0,0.69,0.7,0.0,0.0,0.69,0.0,0.0,0.76,0.79,0.75,0.8,0.76,0.77,0.77,0.76,0.79,0.78,0.4,0.76,0.78,0.77,0.76,0.74,0.72,0.72,0.0,0.0,0.71,0.7,0.7,0.0,0.0,0.0,0.0,0.72,0.76,0.79,0.76,0.8,0.78,0.75,0.77,0.74,0.75,0.77,0.69,0.0,0.0,0.7,0.77,0.75,0.79,0.77,0.8,0.78,0.0,0.78,0.76,0.77,0.75,0.77,0.74,0.76
7147,0.0,0.68,0.68,0.0,0.0,0.67,0.0,0.0,0.71,0.7,0.7,0.74,0.7,0.71,0.71,0.7,0.74,0.71,0.23,0.7,0.28,0.71,0.7,0.7,0.69,0.7,0.0,0.0,0.7,0.69,0.69,0.0,0.0,0.0,0.0,0.7,0.72,0.74,0.73,0.75,0.74,0.72,0.73,0.71,0.7,0.73,0.68,0.0,0.0,0.68,0.74,0.72,0.75,0.71,0.75,0.73,0.0,0.75,0.73,0.74,0.72,0.73,0.72,0.73
7148,0.0,0.54,0.53,0.0,0.0,0.51,0.0,0.0,0.51,0.38,0.52,0.53,0.36,0.46,0.46,0.46,0.54,0.4,0.41,0.48,0.45,0.45,0.36,0.52,0.49,0.53,0.0,0.0,0.55,0.54,0.54,0.0,0.0,0.0,0.0,0.54,0.53,0.53,0.55,0.54,0.54,0.54,0.44,0.52,0.51,0.52,0.52,0.0,0.0,0.52,0.55,0.56,0.55,0.56,0.54,0.55,0.0,0.55,0.53,0.55,0.48,0.56,0.55,0.5
7149,0.0,0.0,0.0,0.0,0.0,0.0,0.0,0.0,0.0,0.0,0.0,0.0,0.0,0.0,0.0,0.0,0.0,0.0,0.0,0.0,0.0,0.0,0.0,0.0,0.0,0.0,0.0,0.0,0.0,0.0,0.0,0.0,0.0,0.0,0.0,0.0,0.0,0.0,0.0,0.0,0.0,0.0,0.0,0.0,0.0,0.0,0.0,0.0,0.0,0.0,0.0,0.0,0.0,0.0,0.0,0.0,0.0,0.0,0.0,0.0,0.0,0.0,0.0,0.0
7150,0.0,0.0,0.0,0.0,0.0,0.0,0.0,0.0,0.0,0.0,0.0,0.0,0.0,0.0,0.0,0.0,0.0,0.0,0.0,0.0,0.0,0.0,0.0,0.0,0.0,0.0,0.0,0.0,0.0,0.0,0.0,0.0,0.0,0.0,0.0,0.0,0.0,0.0,0.0,0.0,0.0,0.0,0.0,0.0,0.0,0.0,0.0,0.0,0.0,0.0,0.0,0.0,0.0,0.0,0.0,0.0,0.0,0.0,0.0,0.0,0.0,0.0,0.0,0.0
7151,0.0,0.0,0.0,0.0,0.0,0.0,0.0,0.0,0.0,0.0,0.0,0.0,0.0,0.0,0.0,0.0,0.0,0.0,0.0,0.0,0.0,0.0,0.0,0.0,0.0,0.0,0.0,0.0,0.0,0.0,0.0,0.0,0.0,0.0,0.0,0.0,0.0,0.0,0.0,0.0,0.0,0.0,0.0,0.0,0.0,0.0,0.0,0.0,0.0,0.0,0.0,0.0,0.0,0.0,0.0,0.0,0.0,0.0,0.0,0.0,0.0,0.0,0.0,0.0
7152,0.0,0.0,0.0,0.0,0.0,0.0,0.0,0.0,0.0,0.0,0.0,0.0,0.0,0.0,0.0,0.0,0.0,0.0,0.0,0.0,0.0,0.0,0.0,0.0,0.0,0.0,0.0,0.0,0.0,0.0,0.0,0.0,0.0,0.0,0.0,0.0,0.0,0.0,0.0,0.0,0.0,0.0,0.0,0.0,0.0,0.0,0.0,0.0,0.0,0.0,0.0,0.0,0.0,0.0,0.0,0.0,0.0,0.0,0.0,0.0,0.0,0.0,0.0,0.0
7153,0.0,0.0,0.0,0.0,0.0,0.0,0.0,0.0,0.0,0.0,0.0,0.0,0.0,0.0,0.0,0.0,0.0,0.0,0.0,0.0,0.0,0.0,0.0,0.0,0.0,0.0,0.0,0.0,0.0,0.0,0.0,0.0,0.0,0.0,0.0,0.0,0.0,0.0,0.0,0.0,0.0,0.0,0.0,0.0,0.0,0.0,0.0,0.0,0.0,0.0,0.0,0.0,0.0,0.0,0.0,0.0,0.0,0.0,0.0,0.0,0.0,0.0,0.0,0.0
7154,0.0,0.0,0.0,0.0,0.0,0.0,0.0,0.0,0.0,0.0,0.0,0.0,0.0,0.0,0.0,0.0,0.0,0.0,0.0,0.0,0.0,0.0,0.0,0.0,0.0,0.0,0.0,0.0,0.0,0.0,0.0,0.0,0.0,0.0,0.0,0.0,0.0,0.0,0.0,0.0,0.0,0.0,0.0,0.0,0.0,0.0,0.0,0.0,0.0,0.0,0.0,0.0,0.0,0.0,0.0,0.0,0.0,0.0,0.0,0.0,0.0,0.0,0.0,0.0
7155,0.0,0.0,0.0,0.0,0.0,0.0,0.0,0.0,0.0,0.0,0.0,0.0,0.0,0.0,0.0,0.0,0.0,0.0,0.0,0.0,0.0,0.0,0.0,0.0,0.0,0.0,0.0,0.0,0.0,0.0,0.0,0.0,0.0,0.0,0.0,0.0,0.0,0.0,0.0,0.0,0.0,0.0,0.0,0.0,0.0,0.0,0.0,0.0,0.0,0.0,0.0,0.0,0.0,0.0,0.0,0.0,0.0,0.0,0.0,0.0,0.0,0.0,0.0,0.0
7156,0.0,0.0,0.0,0.0,0.0,0.0,0.0,0.0,0.0,0.0,0.0,0.0,0.0,0.0,0.0,0.0,0.0,0.0,0.0,0.0,0.0,0.0,0.0,0.0,0.0,0.0,0.0,0.0,0.0,0.0,0.0,0.0,0.0,0.0,0.0,0.0,0.0,0.0,0.0,0.0,0.0,0.0,0.0,0.0,0.0,0.0,0.0,0.0,0.0,0.0,0.0,0.0,0.0,0.0,0.0,0.0,0.0,0.0,0.0,0.0,0.0,0.0,0.0,0.0
7157,0.0,0.0,0.0,0.0,0.0,0.0,0.0,0.0,0.0,0.0,0.0,0.0,0.0,0.0,0.0,0.0,0.0,0.0,0.0,0.0,0.0,0.0,0.0,0.0,0.0,0.0,0.0,0.0,0.0,0.0,0.0,0.0,0.0,0.0,0.0,0.0,0.0,0.0,0.0,0.0,0.0,0.0,0.0,0.0,0.0,0.0,0.0,0.0,0.0,0.0,0.0,0.0,0.0,0.0,0.0,0.0,0.0,0.0,0.0,0.0,0.0,0.0,0.0,0.0
7158,0.0,0.0,0.0,0.0,0.0,0.0,0.0,0.0,0.0,0.0,0.0,0.0,0.0,0.0,0.0,0.0,0.0,0.0,0.0,0.0,0.0,0.0,0.0,0.0,0.0,0.0,0.0,0.0,0.0,0.0,0.0,0.0,0.0,0.0,0.0,0.0,0.0,0.0,0.0,0.0,0.0,0.0,0.0,0.0,0.0,0.0,0.0,0.0,0.0,0.0,0.0,0.0,0.0,0.0,0.0,0.0,0.0,0.0,0.0,0.0,0.0,0.0,0.0,0.0
7159,0.0,0.0,0.0,0.0,0.0,0.0,0.0,0.0,0.0,0.0,0.0,0.0,0.0,0.0,0.0,0.0,0.0,0.0,0.0,0.0,0.0,0.0,0.0,0.0,0.0,0.0,0.0,0.0,0.0,0.0,0.0,0.0,0.0,0.0,0.0,0.0,0.0,0.0,0.0,0.0,0.0,0.0,0.0,0.0,0.0,0.0,0.0,0.0,0.0,0.0,0.0,0.0,0.0,0.0,0.0,0.0,0.0,0.0,0.0,0.0,0.0,0.0,0.0,0.0
7160,0.0,0.0,0.0,0.0,0.0,0.0,0.0,0.0,0.0,0.0,0.0,0.0,0.0,0.0,0.0,0.0,0.0,0.0,0.0,0.0,0.0,0.0,0.0,0.0,0.0,0.0,0.0,0.0,0.0,0.0,0.0,0.0,0.0,0.0,0.0,0.0,0.0,0.0,0.0,0.0,0.0,0.0,0.0,0.0,0.0,0.0,0.0,0.0,0.0,0.0,0.0,0.0,0.0,0.0,0.0,0.0,0.0,0.0,0.0,0.0,0.0,0.0,0.0,0.0
7161,0.0,0.0,0.0,0.0,0.0,0.0,0.0,0.0,0.0,0.0,0.0,0.0,0.0,0.0,0.0,0.0,0.0,0.0,0.0,0.0,0.0,0.0,0.0,0.0,0.0,0.0,0.0,0.0,0.0,0.0,0.0,0.0,0.0,0.0,0.0,0.0,0.0,0.0,0.0,0.0,0.0,0.0,0.0,0.0,0.0,0.0,0.0,0.0,0.0,0.0,0.0,0.0,0.0,0.0,0.0,0.0,0.0,0.0,0.0,0.0,0.0,0.0,0.0,0.0
7162,0.0,0.0,0.0,0.0,0.0,0.0,0.0,0.0,0.0,0.0,0.0,0.0,0.0,0.0,0.0,0.0,0.0,0.0,0.0,0.0,0.0,0.0,0.0,0.0,0.0,0.0,0.0,0.0,0.0,0.0,0.0,0.0,0.0,0.0,0.0,0.0,0.0,0.0,0.0,0.0,0.0,0.0,0.0,0.0,0.0,0.0,0.0,0.0,0.0,0.0,0.0,0.0,0.0,0.0,0.0,0.0,0.0,0.0,0.0,0.0,0.0,0.0,0.0,0.0
7163,0.0,0.49,0.48,0.0,0.0,0.39,0.0,0.0,0.5,0.55,0.54,0.54,0.32,0.55,0.49,0.43,0.37,0.51,0.5,0.39,0.39,0.55,0.54,0.54,0.54,0.22,0.0,0.0,0.49,0.5,0.49,0.0,0.0,0.0,0.0,0.52,0.54,0.53,0.53,0.54,0.55,0.17,0.18,0.54,0.54,0.3,0.5,0.0,0.0,0.48,0.1,0.48,0.5,0.47,0.4,0.43,0.0,0.26,0.01,0.48,0.1,0.08,0.5,0.02
7164,0.0,0.43,0.41,0.0,0.0,0.48,0.0,0.0,0.65,0.67,0.65,0.59,0.36,0.61,0.57,0.61,0.64,0.52,0.48,0.64,0.52,0.63,0.63,0.64,0.58,0.47,0.0,0.0,0.61,0.5,0.62,0.0,0.0,0.0,0.0,0.63,0.64,0.65,0.64,0.66,0.66,0.64,0.63,0.64,0.64,0.65,0.45,0.0,0.0,0.49,0.64,0.63,0.63,0.62,0.62,0.6,0.0,0.62,0.06,0.62,0.34,0.43,0.63,0.14
7165,0.0,0.67,0.66,0.0,0.0,0.72,0.0,0.0,0.75,0.77,0.75,0.71,0.62,0.72,0.76,0.75,0.77,0.76,0.77,0.75,0.74,0.72,0.67,0.74,0.73,0.61,0.0,0.0,0.72,0.7,0.6,0.0,0.0,0.0,0.0,0.69,0.75,0.75,0.76,0.76,0.77,0.75,0.75,0.74,0.74,0.76,0.72,0.0,0.0,0.73,0.76,0.75,0.75,0.75,0.76,0.72,0.0,0.75,0.76,0.74,0.76,0.76,0.74,0.76
7166,0.0,0.65,0.62,0.0,0.0,0.7,0.0,0.0,0.8,0.82,0.8,0.82,0.79,0.8,0.8,0.8,0.82,0.77,0.75,0.79,0.7,0.8,0.75,0.79,0.78,0.72,0.0,0.0,0.77,0.65,0.71,0.0,0.0,0.0,0.0,0.77,0.8,0.8,0.78,0.81,0.82,0.77,0.8,0.8,0.8,0.81,0.74,0.0,0.0,0.74,0.81,0.79,0.8,0.8,0.82,0.78,0.0,0.8,0.81,0.8,0.81,0.82,0.77,0.81
7167,0.0,0.63,0.61,0.0,0.0,0.66,0.0,0.0,0.81,0.83,0.81,0.85,0.81,0.82,0.82,0.82,0.84,0.8,0.81,0.81,0.82,0.82,0.81,0.57,0.78,0.65,0.0,0.0,0.72,0.63,0.63,0.0,0.0,0.0,0.0,0.75,0.77,0.83,0.79,0.83,0.84,0.78,0.82,0.81,0.79,0.81,0.68,0.0,0.0,0.64,0.83,0.8,0.82,0.82,0.83,0.8,0.0,0.82,0.83,0.82,0.81,0.83,0.77,0.82
7168,0.0,0.63,0.64,0.0,0.0,0.62,0.0,0.0,0.81,0.61,0.8,0.85,0.8,0.81,0.82,0.82,0.84,0.8,0.79,0.81,0.8,0.81,0.8,0.8,0.73,0.72,0.0,0.0,0.67,0.66,0.71,0.0,0.0,0.0,0.0,0.75,0.8,0.83,0.77,0.84,0.82,0.77,0.79,0.79,0.8,0.76,0.58,0.0,0.0,0.6,0.83,0.65,0.83,0.82,0.83,0.8,0.0,0.82,0.82,0.82,0.82,0.83,0.64,0.82
7169,0.0,0.64,0.6,0.0,0.0,0.6,0.0,0.0,0.79,0.71,0.79,0.83,0.78,0.79,0.8,0.8,0.82,0.78,0.78,0.79,0.78,0.79,0.77,0.76,0.6,0.75,0.0,0.0,0.72,0.69,0.73,0.0,0.0,0.0,0.0,0.74,0.73,0.82,0.71,0.82,0.81,0.72,0.75,0.77,0.76,0.74,0.57,0.0,0.0,0.59,0.79,0.58,0.81,0.79,0.81,0.78,0.0,0.8,0.81,0.8,0.77,0.81,0.62,0.78
7170,0.0,0.53,0.52,0.0,0.0,0.44,0.0,0.0,0.75,0.51,0.74,0.78,0.74,0.75,0.76,0.75,0.77,0.73,0.73,0.75,0.69,0.75,0.72,0.68,0.56,0.69,0.0,0.0,0.72,0.54,0.66,0.0,0.0,0.0,0.0,0.69,0.61,0.76,0.74,0.77,0.73,0.4,0.65,0.66,0.64,0.73,0.44,0.0,0.0,0.45,0.72,0.56,0.77,0.76,0.76,0.74,0.0,0.76,0.72,0.75,0.6,0.76,0.75,0.66
7171,0.0,0.31,0.32,0.0,0.0,0.21,0.0,0.0,0.63,0.37,0.61,0.67,0.62,0.64,0.63,0.61,0.66,0.06,0.11,0.56,0.65,0.64,0.6,0.48,0.32,0.35,0.0,0.0,0.47,0.32,0.33,0.0,0.0,0.0,0.0,0.47,0.43,0.58,0.56,0.61,0.47,0.56,0.55,0.58,0.47,0.55,0.21,0.0,0.0,0.22,0.48,0.54,0.66,0.58,0.66,0.6,0.0,0.64,0.48,0.64,0.44,0.54,0.64,0.44
7172,0.0,0.07,0.06,0.0,0.0,0.06,0.0,0.0,0.12,0.01,0.11,0.22,0.06,0.14,0.12,0.09,0.14,0.08,0.1,0.12,0.14,0.14,0.03,0.12,0.04,0.1,0.0,0.0,0.1,0.08,0.1,0.0,0.0,0.0,0.0,0.1,0.12,0.11,0.1,0.11,0.09,0.1,0.11,0.11,0.11,0.1,0.06,0.0,0.0,0.06,0.11,0.1,0.18,0.2,0.25,0.24,0.0,0.25,0.1,0.24,0.1,0.12,0.1,0.1
7173,0.0,0.0,0.0,0.0,0.0,0.0,0.0,0.0,0.0,0.0,0.0,0.0,0.0,0.0,0.0,0.0,0.0,0.0,0.0,0.0,0.0,0.0,0.0,0.0,0.0,0.0,0.0,0.0,0.0,0.0,0.0,0.0,0.0,0.0,0.0,0.0,0.0,0.0,0.0,0.0,0.0,0.0,0.0,0.0,0.0,0.0,0.0,0.0,0.0,0.0,0.0,0.0,0.0,0.0,0.0,0.0,0.0,0.0,0.0,0.0,0.0,0.0,0.0,0.0
7174,0.0,0.0,0.0,0.0,0.0,0.0,0.0,0.0,0.0,0.0,0.0,0.0,0.0,0.0,0.0,0.0,0.0,0.0,0.0,0.0,0.0,0.0,0.0,0.0,0.0,0.0,0.0,0.0,0.0,0.0,0.0,0.0,0.0,0.0,0.0,0.0,0.0,0.0,0.0,0.0,0.0,0.0,0.0,0.0,0.0,0.0,0.0,0.0,0.0,0.0,0.0,0.0,0.0,0.0,0.0,0.0,0.0,0.0,0.0,0.0,0.0,0.0,0.0,0.0
7175,0.0,0.0,0.0,0.0,0.0,0.0,0.0,0.0,0.0,0.0,0.0,0.0,0.0,0.0,0.0,0.0,0.0,0.0,0.0,0.0,0.0,0.0,0.0,0.0,0.0,0.0,0.0,0.0,0.0,0.0,0.0,0.0,0.0,0.0,0.0,0.0,0.0,0.0,0.0,0.0,0.0,0.0,0.0,0.0,0.0,0.0,0.0,0.0,0.0,0.0,0.0,0.0,0.0,0.0,0.0,0.0,0.0,0.0,0.0,0.0,0.0,0.0,0.0,0.0
7176,0.0,0.0,0.0,0.0,0.0,0.0,0.0,0.0,0.0,0.0,0.0,0.0,0.0,0.0,0.0,0.0,0.0,0.0,0.0,0.0,0.0,0.0,0.0,0.0,0.0,0.0,0.0,0.0,0.0,0.0,0.0,0.0,0.0,0.0,0.0,0.0,0.0,0.0,0.0,0.0,0.0,0.0,0.0,0.0,0.0,0.0,0.0,0.0,0.0,0.0,0.0,0.0,0.0,0.0,0.0,0.0,0.0,0.0,0.0,0.0,0.0,0.0,0.0,0.0
7177,0.0,0.0,0.0,0.0,0.0,0.0,0.0,0.0,0.0,0.0,0.0,0.0,0.0,0.0,0.0,0.0,0.0,0.0,0.0,0.0,0.0,0.0,0.0,0.0,0.0,0.0,0.0,0.0,0.0,0.0,0.0,0.0,0.0,0.0,0.0,0.0,0.0,0.0,0.0,0.0,0.0,0.0,0.0,0.0,0.0,0.0,0.0,0.0,0.0,0.0,0.0,0.0,0.0,0.0,0.0,0.0,0.0,0.0,0.0,0.0,0.0,0.0,0.0,0.0
7178,0.0,0.0,0.0,0.0,0.0,0.0,0.0,0.0,0.0,0.0,0.0,0.0,0.0,0.0,0.0,0.0,0.0,0.0,0.0,0.0,0.0,0.0,0.0,0.0,0.0,0.0,0.0,0.0,0.0,0.0,0.0,0.0,0.0,0.0,0.0,0.0,0.0,0.0,0.0,0.0,0.0,0.0,0.0,0.0,0.0,0.0,0.0,0.0,0.0,0.0,0.0,0.0,0.0,0.0,0.0,0.0,0.0,0.0,0.0,0.0,0.0,0.0,0.0,0.0
7179,0.0,0.0,0.0,0.0,0.0,0.0,0.0,0.0,0.0,0.0,0.0,0.0,0.0,0.0,0.0,0.0,0.0,0.0,0.0,0.0,0.0,0.0,0.0,0.0,0.0,0.0,0.0,0.0,0.0,0.0,0.0,0.0,0.0,0.0,0.0,0.0,0.0,0.0,0.0,0.0,0.0,0.0,0.0,0.0,0.0,0.0,0.0,0.0,0.0,0.0,0.0,0.0,0.0,0.0,0.0,0.0,0.0,0.0,0.0,0.0,0.0,0.0,0.0,0.0
7180,0.0,0.0,0.0,0.0,0.0,0.0,0.0,0.0,0.0,0.0,0.0,0.0,0.0,0.0,0.0,0.0,0.0,0.0,0.0,0.0,0.0,0.0,0.0,0.0,0.0,0.0,0.0,0.0,0.0,0.0,0.0,0.0,0.0,0.0,0.0,0.0,0.0,0.0,0.0,0.0,0.0,0.0,0.0,0.0,0.0,0.0,0.0,0.0,0.0,0.0,0.0,0.0,0.0,0.0,0.0,0.0,0.0,0.0,0.0,0.0,0.0,0.0,0.0,0.0
7181,0.0,0.0,0.0,0.0,0.0,0.0,0.0,0.0,0.0,0.0,0.0,0.0,0.0,0.0,0.0,0.0,0.0,0.0,0.0,0.0,0.0,0.0,0.0,0.0,0.0,0.0,0.0,0.0,0.0,0.0,0.0,0.0,0.0,0.0,0.0,0.0,0.0,0.0,0.0,0.0,0.0,0.0,0.0,0.0,0.0,0.0,0.0,0.0,0.0,0.0,0.0,0.0,0.0,0.0,0.0,0.0,0.0,0.0,0.0,0.0,0.0,0.0,0.0,0.0
7182,0.0,0.0,0.0,0.0,0.0,0.0,0.0,0.0,0.0,0.0,0.0,0.0,0.0,0.0,0.0,0.0,0.0,0.0,0.0,0.0,0.0,0.0,0.0,0.0,0.0,0.0,0.0,0.0,0.0,0.0,0.0,0.0,0.0,0.0,0.0,0.0,0.0,0.0,0.0,0.0,0.0,0.0,0.0,0.0,0.0,0.0,0.0,0.0,0.0,0.0,0.0,0.0,0.0,0.0,0.0,0.0,0.0,0.0,0.0,0.0,0.0,0.0,0.0,0.0
7183,0.0,0.0,0.0,0.0,0.0,0.0,0.0,0.0,0.0,0.0,0.0,0.0,0.0,0.0,0.0,0.0,0.0,0.0,0.0,0.0,0.0,0.0,0.0,0.0,0.0,0.0,0.0,0.0,0.0,0.0,0.0,0.0,0.0,0.0,0.0,0.0,0.0,0.0,0.0,0.0,0.0,0.0,0.0,0.0,0.0,0.0,0.0,0.0,0.0,0.0,0.0,0.0,0.0,0.0,0.0,0.0,0.0,0.0,0.0,0.0,0.0,0.0,0.0,0.0
7184,0.0,0.0,0.0,0.0,0.0,0.0,0.0,0.0,0.0,0.0,0.0,0.0,0.0,0.0,0.0,0.0,0.0,0.0,0.0,0.0,0.0,0.0,0.0,0.0,0.0,0.0,0.0,0.0,0.0,0.0,0.0,0.0,0.0,0.0,0.0,0.0,0.0,0.0,0.0,0.0,0.0,0.0,0.0,0.0,0.0,0.0,0.0,0.0,0.0,0.0,0.0,0.0,0.0,0.0,0.0,0.0,0.0,0.0,0.0,0.0,0.0,0.0,0.0,0.0
7185,0.0,0.0,0.0,0.0,0.0,0.0,0.0,0.0,0.0,0.0,0.0,0.0,0.0,0.0,0.0,0.0,0.0,0.0,0.0,0.0,0.0,0.0,0.0,0.0,0.0,0.0,0.0,0.0,0.0,0.0,0.0,0.0,0.0,0.0,0.0,0.0,0.0,0.0,0.0,0.0,0.0,0.0,0.0,0.0,0.0,0.0,0.0,0.0,0.0,0.0,0.0,0.0,0.0,0.0,0.0,0.0,0.0,0.0,0.0,0.0,0.0,0.0,0.0,0.0
7186,0.0,0.0,0.0,0.0,0.0,0.0,0.0,0.0,0.0,0.0,0.0,0.0,0.0,0.0,0.0,0.0,0.0,0.0,0.0,0.0,0.0,0.0,0.0,0.0,0.0,0.0,0.0,0.0,0.0,0.0,0.0,0.0,0.0,0.0,0.0,0.0,0.0,0.0,0.0,0.0,0.0,0.0,0.0,0.0,0.0,0.0,0.0,0.0,0.0,0.0,0.0,0.0,0.0,0.0,0.0,0.0,0.0,0.0,0.0,0.0,0.0,0.0,0.0,0.0
7187,0.0,0.0,0.01,0.0,0.0,0.01,0.0,0.0,0.01,0.22,0.0,0.0,0.06,0.19,0.17,0.13,0.02,0.01,0.01,0.01,0.01,0.19,0.11,0.04,0.0,0.0,0.0,0.0,0.0,0.0,0.0,0.0,0.0,0.0,0.0,0.01,0.01,0.0,0.01,0.0,0.0,0.01,0.0,0.07,0.01,0.01,0.01,0.0,0.0,0.03,0.01,0.01,0.15,0.18,0.14,0.26,0.0,0.14,0.0,0.28,0.02,0.01,0.0,0.01
7188,0.0,0.04,0.1,0.0,0.0,0.23,0.0,0.0,0.05,0.29,0.04,0.01,0.32,0.18,0.24,0.3,0.1,0.02,0.03,0.14,0.04,0.14,0.43,0.05,0.02,0.03,0.0,0.0,0.02,0.03,0.02,0.0,0.0,0.0,0.0,0.04,0.11,0.02,0.11,0.02,0.04,0.03,0.03,0.13,0.07,0.08,0.22,0.0,0.0,0.06,0.08,0.05,0.18,0.4,0.33,0.45,0.0,0.37,0.02,0.27,0.07,0.07,0.02,0.04
7189,0.0,0.12,0.3,0.0,0.0,0.38,0.0,0.0,0.18,0.09,0.18,0.03,0.28,0.12,0.15,0.16,0.18,0.06,0.06,0.16,0.05,0.16,0.27,0.17,0.02,0.09,0.0,0.0,0.07,0.1,0.09,0.0,0.0,0.0,0.0,0.06,0.29,0.06,0.07,0.05,0.31,0.04,0.04,0.04,0.19,0.07,0.04,0.0,0.0,0.3,0.15,0.14,0.59,0.4,0.42,0.72,0.0,0.58,0.06,0.52,0.18,0.15,0.05,0.09
7190,0.0,0.38,0.55,0.0,0.0,0.38,0.0,0.0,0.29,0.06,0.19,0.04,0.25,0.44,0.38,0.46,0.25,0.18,0.14,0.53,0.07,0.37,0.25,0.05,0.04,0.27,0.0,0.0,0.12,0.28,0.27,0.0,0.0,0.0,0.0,0.1,0.07,0.13,0.08,0.1,0.38,0.07,0.06,0.05,0.06,0.09,0.4,0.0,0.0,0.49,0.32,0.35,0.7,0.77,0.57,0.76,0.0,0.77,0.2,0.77,0.39,0.48,0.07,0.35
7191,0.0,0.25,0.34,0.0,0.0,0.59,0.0,0.0,0.08,0.08,0.09,0.05,0.45,0.44,0.26,0.1,0.37,0.21,0.14,0.07,0.09,0.44,0.38,0.07,0.03,0.36,0.0,0.0,0.14,0.29,0.26,0.0,0.0,0.0,0.0,0.16,0.1,0.27,0.11,0.22,0.18,0.08,0.08,0.09,0.08,0.12,0.58,0.0,0.0,0.42,0.8,0.4,0.78,0.78,0.8,0.77,0.0,0.78,0.28,0.78,0.45,0.8,0.1,0.46
7192,0.0,0.13,0.18,0.0,0.0,0.57,0.0,0.0,0.12,0.07,0.1,0.09,0.57,0.16,0.06,0.09,0.48,0.35,0.32,0.09,0.13,0.13,0.34,0.06,0.03,0.42,0.0,0.0,0.22,0.16,0.23,0.0,0.0,0.0,0.0,0.16,0.1,0.18,0.16,0.13,0.2,0.11,0.1,0.14,0.08,0.17,0.57,0.0,0.0,0.49,0.79,0.53,0.78,0.77,0.78,0.76,0.0,0.78,0.21,0.77,0.47,0.79,0.17,0.44
7193,0.0,0.1,0.14,0.0,0.0,0.33,0.0,0.0,0.12,0.06,0.15,0.06,0.32,0.15,0.08,0.06,0.12,0.2,0.29,0.07,0.36,0.25,0.22,0.06,0.02,0.24,0.0,0.0,0.19,0.08,0.13,0.0,0.0,0.0,0.0,0.21,0.11,0.52,0.13,0.18,0.24,0.09,0.09,0.31,0.07,0.14,0.5,0.0,0.0,0.33,0.79,0.78,0.76,0.77,0.77,0.75,0.0,0.26,0.42,0.49,0.79,0.79,0.27,0.78
7194,0.0,0.07,0.21,0.0,0.0,0.04,0.0,0.0,0.07,0.07,0.1,0.03,0.05,0.05,0.05,0.06,0.06,0.06,0.17,0.32,0.35,0.04,0.16,0.28,0.02,0.35,0.0,0.0,0.15,0.08,0.18,0.0,0.0,0.0,0.0,0.2,0.33,0.15,0.18,0.08,0.2,0.1,0.08,0.16,0.12,0.16,0.03,0.0,0.0,0.02,0.74,0.75,0.2,0.15,0.48,0.72,0.0,0.09,0.75,0.07,0.74,0.75,0.27,0.74
7195,0.0,0.68,0.44,0.0,0.0,0.01,0.0,0.0,0.03,0.11,0.04,0.01,0.02,0.01,0.01,0.01,0.05,0.02,0.04,0.02,0.12,0.02,0.11,0.08,0.0,0.68,0.0,0.0,0.67,0.68,0.68,0.0,0.0,0.0,0.0,0.11,0.3,0.14,0.23,0.12,0.21,0.36,0.66,0.07,0.06,0.67,0.02,0.0,0.0,0.01,0.66,0.67,0.66,0.64,0.32,0.63,0.0,0.06,0.66,0.04,0.66,0.66,0.68,0.66
7196,0.0,0.42,0.42,0.0,0.0,0.0,0.0,0.0,0.0,0.0,0.01,0.0,0.0,0.0,0.0,0.0,0.0,0.0,0.0,0.0,0.0,0.0,0.0,0.01,0.0,0.42,0.0,0.0,0.4,0.42,0.41,0.0,0.0,0.0,0.0,0.02,0.33,0.0,0.38,0.0,0.34,0.37,0.36,0.09,0.01,0.38,0.0,0.0,0.0,0.01,0.38,0.4,0.34,0.36,0.0,0.33,0.0,0.11,0.37,0.0,0.38,0.37,0.41,0.38
7197,0.0,0.0,0.0,0.0,0.0,0.0,0.0,0.0,0.0,0.0,0.0,0.0,0.0,0.0,0.0,0.0,0.0,0.0,0.0,0.0,0.0,0.0,0.0,0.0,0.0,0.0,0.0,0.0,0.0,0.0,0.0,0.0,0.0,0.0,0.0,0.0,0.0,0.0,0.0,0.0,0.0,0.0,0.0,0.0,0.0,0.0,0.0,0.0,0.0,0.0,0.0,0.0,0.0,0.0,0.0,0.0,0.0,0.0,0.0,0.0,0.0,0.0,0.0,0.0
7198,0.0,0.0,0.0,0.0,0.0,0.0,0.0,0.0,0.0,0.0,0.0,0.0,0.0,0.0,0.0,0.0,0.0,0.0,0.0,0.0,0.0,0.0,0.0,0.0,0.0,0.0,0.0,0.0,0.0,0.0,0.0,0.0,0.0,0.0,0.0,0.0,0.0,0.0,0.0,0.0,0.0,0.0,0.0,0.0,0.0,0.0,0.0,0.0,0.0,0.0,0.0,0.0,0.0,0.0,0.0,0.0,0.0,0.0,0.0,0.0,0.0,0.0,0.0,0.0
7199,0.0,0.0,0.0,0.0,0.0,0.0,0.0,0.0,0.0,0.0,0.0,0.0,0.0,0.0,0.0,0.0,0.0,0.0,0.0,0.0,0.0,0.0,0.0,0.0,0.0,0.0,0.0,0.0,0.0,0.0,0.0,0.0,0.0,0.0,0.0,0.0,0.0,0.0,0.0,0.0,0.0,0.0,0.0,0.0,0.0,0.0,0.0,0.0,0.0,0.0,0.0,0.0,0.0,0.0,0.0,0.0,0.0,0.0,0.0,0.0,0.0,0.0,0.0,0.0
7200,0.0,0.0,0.0,0.0,0.0,0.0,0.0,0.0,0.0,0.0,0.0,0.0,0.0,0.0,0.0,0.0,0.0,0.0,0.0,0.0,0.0,0.0,0.0,0.0,0.0,0.0,0.0,0.0,0.0,0.0,0.0,0.0,0.0,0.0,0.0,0.0,0.0,0.0,0.0,0.0,0.0,0.0,0.0,0.0,0.0,0.0,0.0,0.0,0.0,0.0,0.0,0.0,0.0,0.0,0.0,0.0,0.0,0.0,0.0,0.0,0.0,0.0,0.0,0.0
7201,0.0,0.0,0.0,0.0,0.0,0.0,0.0,0.0,0.0,0.0,0.0,0.0,0.0,0.0,0.0,0.0,0.0,0.0,0.0,0.0,0.0,0.0,0.0,0.0,0.0,0.0,0.0,0.0,0.0,0.0,0.0,0.0,0.0,0.0,0.0,0.0,0.0,0.0,0.0,0.0,0.0,0.0,0.0,0.0,0.0,0.0,0.0,0.0,0.0,0.0,0.0,0.0,0.0,0.0,0.0,0.0,0.0,0.0,0.0,0.0,0.0,0.0,0.0,0.0
7202,0.0,0.0,0.0,0.0,0.0,0.0,0.0,0.0,0.0,0.0,0.0,0.0,0.0,0.0,0.0,0.0,0.0,0.0,0.0,0.0,0.0,0.0,0.0,0.0,0.0,0.0,0.0,0.0,0.0,0.0,0.0,0.0,0.0,0.0,0.0,0.0,0.0,0.0,0.0,0.0,0.0,0.0,0.0,0.0,0.0,0.0,0.0,0.0,0.0,0.0,0.0,0.0,0.0,0.0,0.0,0.0,0.0,0.0,0.0,0.0,0.0,0.0,0.0,0.0
7203,0.0,0.0,0.0,0.0,0.0,0.0,0.0,0.0,0.0,0.0,0.0,0.0,0.0,0.0,0.0,0.0,0.0,0.0,0.0,0.0,0.0,0.0,0.0,0.0,0.0,0.0,0.0,0.0,0.0,0.0,0.0,0.0,0.0,0.0,0.0,0.0,0.0,0.0,0.0,0.0,0.0,0.0,0.0,0.0,0.0,0.0,0.0,0.0,0.0,0.0,0.0,0.0,0.0,0.0,0.0,0.0,0.0,0.0,0.0,0.0,0.0,0.0,0.0,0.0
7204,0.0,0.0,0.0,0.0,0.0,0.0,0.0,0.0,0.0,0.0,0.0,0.0,0.0,0.0,0.0,0.0,0.0,0.0,0.0,0.0,0.0,0.0,0.0,0.0,0.0,0.0,0.0,0.0,0.0,0.0,0.0,0.0,0.0,0.0,0.0,0.0,0.0,0.0,0.0,0.0,0.0,0.0,0.0,0.0,0.0,0.0,0.0,0.0,0.0,0.0,0.0,0.0,0.0,0.0,0.0,0.0,0.0,0.0,0.0,0.0,0.0,0.0,0.0,0.0
7205,0.0,0.0,0.0,0.0,0.0,0.0,0.0,0.0,0.0,0.0,0.0,0.0,0.0,0.0,0.0,0.0,0.0,0.0,0.0,0.0,0.0,0.0,0.0,0.0,0.0,0.0,0.0,0.0,0.0,0.0,0.0,0.0,0.0,0.0,0.0,0.0,0.0,0.0,0.0,0.0,0.0,0.0,0.0,0.0,0.0,0.0,0.0,0.0,0.0,0.0,0.0,0.0,0.0,0.0,0.0,0.0,0.0,0.0,0.0,0.0,0.0,0.0,0.0,0.0
7206,0.0,0.0,0.0,0.0,0.0,0.0,0.0,0.0,0.0,0.0,0.0,0.0,0.0,0.0,0.0,0.0,0.0,0.0,0.0,0.0,0.0,0.0,0.0,0.0,0.0,0.0,0.0,0.0,0.0,0.0,0.0,0.0,0.0,0.0,0.0,0.0,0.0,0.0,0.0,0.0,0.0,0.0,0.0,0.0,0.0,0.0,0.0,0.0,0.0,0.0,0.0,0.0,0.0,0.0,0.0,0.0,0.0,0.0,0.0,0.0,0.0,0.0,0.0,0.0
7207,0.0,0.0,0.0,0.0,0.0,0.0,0.0,0.0,0.0,0.0,0.0,0.0,0.0,0.0,0.0,0.0,0.0,0.0,0.0,0.0,0.0,0.0,0.0,0.0,0.0,0.0,0.0,0.0,0.0,0.0,0.0,0.0,0.0,0.0,0.0,0.0,0.0,0.0,0.0,0.0,0.0,0.0,0.0,0.0,0.0,0.0,0.0,0.0,0.0,0.0,0.0,0.0,0.0,0.0,0.0,0.0,0.0,0.0,0.0,0.0,0.0,0.0,0.0,0.0
7208,0.0,0.0,0.0,0.0,0.0,0.0,0.0,0.0,0.0,0.0,0.0,0.0,0.0,0.0,0.0,0.0,0.0,0.0,0.0,0.0,0.0,0.0,0.0,0.0,0.0,0.0,0.0,0.0,0.0,0.0,0.0,0.0,0.0,0.0,0.0,0.0,0.0,0.0,0.0,0.0,0.0,0.0,0.0,0.0,0.0,0.0,0.0,0.0,0.0,0.0,0.0,0.0,0.0,0.0,0.0,0.0,0.0,0.0,0.0,0.0,0.0,0.0,0.0,0.0
7209,0.0,0.0,0.0,0.0,0.0,0.0,0.0,0.0,0.0,0.0,0.0,0.0,0.0,0.0,0.0,0.0,0.0,0.0,0.0,0.0,0.0,0.0,0.0,0.0,0.0,0.0,0.0,0.0,0.0,0.0,0.0,0.0,0.0,0.0,0.0,0.0,0.0,0.0,0.0,0.0,0.0,0.0,0.0,0.0,0.0,0.0,0.0,0.0,0.0,0.0,0.0,0.0,0.0,0.0,0.0,0.0,0.0,0.0,0.0,0.0,0.0,0.0,0.0,0.0
7210,0.0,0.0,0.0,0.0,0.0,0.0,0.0,0.0,0.0,0.0,0.0,0.0,0.0,0.0,0.0,0.0,0.0,0.0,0.0,0.0,0.0,0.0,0.0,0.0,0.0,0.0,0.0,0.0,0.0,0.0,0.0,0.0,0.0,0.0,0.0,0.0,0.0,0.0,0.0,0.0,0.0,0.0,0.0,0.0,0.0,0.0,0.0,0.0,0.0,0.0,0.0,0.0,0.0,0.0,0.0,0.0,0.0,0.0,0.0,0.0,0.0,0.0,0.0,0.0
7211,0.0,0.17,0.02,0.0,0.0,0.0,0.0,0.0,0.48,0.01,0.48,0.01,0.1,0.48,0.42,0.42,0.08,0.48,0.16,0.09,0.01,0.44,0.03,0.34,0.01,0.01,0.0,0.0,0.06,0.2,0.09,0.0,0.0,0.0,0.0,0.02,0.4,0.52,0.01,0.51,0.01,0.02,0.48,0.28,0.35,0.01,0.0,0.0,0.0,0.0,0.14,0.01,0.01,0.09,0.0,0.01,0.0,0.02,0.48,0.01,0.47,0.08,0.01,0.48
7212,0.0,0.33,0.18,0.0,0.0,0.0,0.0,0.0,0.59,0.02,0.6,0.35,0.28,0.03,0.12,0.53,0.67,0.21,0.02,0.03,0.01,0.57,0.11,0.64,0.05,0.05,0.0,0.0,0.13,0.27,0.24,0.0,0.0,0.0,0.0,0.12,0.44,0.68,0.04,0.68,0.25,0.08,0.21,0.63,0.54,0.04,0.0,0.0,0.0,0.01,0.67,0.07,0.29,0.65,0.03,0.03,0.0,0.32,0.67,0.06,0.66,0.67,0.67,0.66
7213,0.0,0.19,0.08,0.0,0.0,0.05,0.0,0.0,0.68,0.04,0.75,0.66,0.71,0.09,0.09,0.04,0.8,0.01,0.01,0.1,0.01,0.06,0.75,0.59,0.0,0.26,0.0,0.0,0.78,0.17,0.79,0.0,0.0,0.0,0.0,0.31,0.74,0.81,0.22,0.8,0.81,0.42,0.78,0.57,0.56,0.37,0.03,0.0,0.0,0.02,0.78,0.29,0.49,0.77,0.11,0.06,0.0,0.32,0.78,0.15,0.78,0.78,0.79,0.78
7214,0.0,0.08,0.8,0.0,0.0,0.03,0.0,0.0,0.78,0.03,0.79,0.84,0.2,0.65,0.12,0.72,0.83,0.02,0.02,0.57,0.04,0.67,0.73,0.66,0.23,0.81,0.0,0.0,0.8,0.1,0.3,0.0,0.0,0.0,0.0,0.56,0.78,0.84,0.8,0.84,0.84,0.8,0.81,0.64,0.72,0.81,0.01,0.0,0.0,0.02,0.81,0.8,0.35,0.8,0.11,0.11,0.0,0.26,0.81,0.2,0.8,0.81,0.81,0.81
7215,0.0,0.83,0.82,0.0,0.0,0.21,0.0,0.0,0.75,0.04,0.82,0.86,0.03,0.68,0.74,0.72,0.85,0.04,0.04,0.65,0.08,0.68,0.04,0.79,0.06,0.84,0.0,0.0,0.82,0.83,0.83,0.0,0.0,0.0,0.0,0.81,0.81,0.86,0.82,0.86,0.86,0.82,0.83,0.81,0.83,0.83,0.31,0.0,0.0,0.48,0.84,0.82,0.45,0.83,0.14,0.37,0.0,0.35,0.84,0.24,0.83,0.84,0.84,0.83
7216,0.0,0.83,0.82,0.0,0.0,0.81,0.0,0.0,0.83,0.02,0.83,0.87,0.76,0.72,0.71,0.65,0.86,0.1,0.09,0.76,0.18,0.73,0.12,0.83,0.02,0.84,0.0,0.0,0.82,0.83,0.83,0.0,0.0,0.0,0.0,0.81,0.83,0.87,0.83,0.86,0.86,0.83,0.83,0.82,0.83,0.84,0.51,0.0,0.0,0.81,0.84,0.84,0.41,0.83,0.14,0.82,0.0,0.49,0.84,0.27,0.83,0.84,0.84,0.84
7217,0.0,0.82,0.82,0.0,0.0,0.79,0.0,0.0,0.83,0.03,0.83,0.87,0.69,0.82,0.81,0.81,0.86,0.82,0.15,0.81,0.14,0.72,0.08,0.81,0.8,0.83,0.0,0.0,0.82,0.83,0.82,0.0,0.0,0.0,0.0,0.8,0.83,0.87,0.82,0.87,0.87,0.82,0.82,0.81,0.82,0.82,0.79,0.0,0.0,0.79,0.84,0.83,0.7,0.82,0.1,0.82,0.0,0.83,0.84,0.39,0.83,0.84,0.84,0.83
7218,0.0,0.78,0.78,0.0,0.0,0.75,0.0,0.0,0.75,0.01,0.77,0.82,0.64,0.76,0.72,0.61,0.81,0.78,0.31,0.74,0.07,0.75,0.72,0.77,0.74,0.79,0.0,0.0,0.78,0.78,0.78,0.0,0.0,0.0,0.0,0.77,0.78,0.82,0.79,0.82,0.82,0.77,0.78,0.77,0.78,0.79,0.75,0.0,0.0,0.74,0.79,0.74,0.8,0.79,0.41,0.78,0.0,0.79,0.78,0.8,0.78,0.79,0.79,0.78
7219,0.0,0.73,0.73,0.0,0.0,0.71,0.0,0.0,0.68,0.0,0.71,0.46,0.67,0.68,0.41,0.59,0.74,0.7,0.24,0.68,0.06,0.67,0.66,0.71,0.7,0.74,0.0,0.0,0.66,0.73,0.73,0.0,0.0,0.0,0.0,0.72,0.72,0.75,0.72,0.75,0.75,0.72,0.72,0.71,0.71,0.73,0.71,0.0,0.0,0.71,0.73,0.72,0.74,0.72,0.74,0.72,0.0,0.73,0.73,0.73,0.73,0.74,0.72,0.73
7220,0.0,0.5,0.5,0.0,0.0,0.48,0.0,0.0,0.4,0.0,0.42,0.42,0.08,0.33,0.33,0.35,0.43,0.27,0.03,0.37,0.01,0.32,0.2,0.44,0.42,0.53,0.0,0.0,0.51,0.5,0.51,0.0,0.0,0.0,0.0,0.07,0.45,0.47,0.48,0.47,0.48,0.48,0.42,0.45,0.44,0.49,0.48,0.0,0.0,0.48,0.46,0.02,0.48,0.48,0.47,0.46,0.0,0.48,0.49,0.48,0.5,0.49,0.46,0.5
7221,0.0,0.0,0.0,0.0,0.0,0.0,0.0,0.0,0.0,0.0,0.0,0.0,0.0,0.0,0.0,0.0,0.0,0.0,0.0,0.0,0.0,0.0,0.0,0.0,0.0,0.0,0.0,0.0,0.0,0.0,0.0,0.0,0.0,0.0,0.0,0.0,0.0,0.0,0.0,0.0,0.0,0.0,0.0,0.0,0.0,0.0,0.0,0.0,0.0,0.0,0.0,0.0,0.0,0.0,0.0,0.0,0.0,0.0,0.0,0.0,0.0,0.0,0.0,0.0
7222,0.0,0.0,0.0,0.0,0.0,0.0,0.0,0.0,0.0,0.0,0.0,0.0,0.0,0.0,0.0,0.0,0.0,0.0,0.0,0.0,0.0,0.0,0.0,0.0,0.0,0.0,0.0,0.0,0.0,0.0,0.0,0.0,0.0,0.0,0.0,0.0,0.0,0.0,0.0,0.0,0.0,0.0,0.0,0.0,0.0,0.0,0.0,0.0,0.0,0.0,0.0,0.0,0.0,0.0,0.0,0.0,0.0,0.0,0.0,0.0,0.0,0.0,0.0,0.0
7223,0.0,0.0,0.0,0.0,0.0,0.0,0.0,0.0,0.0,0.0,0.0,0.0,0.0,0.0,0.0,0.0,0.0,0.0,0.0,0.0,0.0,0.0,0.0,0.0,0.0,0.0,0.0,0.0,0.0,0.0,0.0,0.0,0.0,0.0,0.0,0.0,0.0,0.0,0.0,0.0,0.0,0.0,0.0,0.0,0.0,0.0,0.0,0.0,0.0,0.0,0.0,0.0,0.0,0.0,0.0,0.0,0.0,0.0,0.0,0.0,0.0,0.0,0.0,0.0
7224,0.0,0.0,0.0,0.0,0.0,0.0,0.0,0.0,0.0,0.0,0.0,0.0,0.0,0.0,0.0,0.0,0.0,0.0,0.0,0.0,0.0,0.0,0.0,0.0,0.0,0.0,0.0,0.0,0.0,0.0,0.0,0.0,0.0,0.0,0.0,0.0,0.0,0.0,0.0,0.0,0.0,0.0,0.0,0.0,0.0,0.0,0.0,0.0,0.0,0.0,0.0,0.0,0.0,0.0,0.0,0.0,0.0,0.0,0.0,0.0,0.0,0.0,0.0,0.0
7225,0.0,0.0,0.0,0.0,0.0,0.0,0.0,0.0,0.0,0.0,0.0,0.0,0.0,0.0,0.0,0.0,0.0,0.0,0.0,0.0,0.0,0.0,0.0,0.0,0.0,0.0,0.0,0.0,0.0,0.0,0.0,0.0,0.0,0.0,0.0,0.0,0.0,0.0,0.0,0.0,0.0,0.0,0.0,0.0,0.0,0.0,0.0,0.0,0.0,0.0,0.0,0.0,0.0,0.0,0.0,0.0,0.0,0.0,0.0,0.0,0.0,0.0,0.0,0.0
7226,0.0,0.0,0.0,0.0,0.0,0.0,0.0,0.0,0.0,0.0,0.0,0.0,0.0,0.0,0.0,0.0,0.0,0.0,0.0,0.0,0.0,0.0,0.0,0.0,0.0,0.0,0.0,0.0,0.0,0.0,0.0,0.0,0.0,0.0,0.0,0.0,0.0,0.0,0.0,0.0,0.0,0.0,0.0,0.0,0.0,0.0,0.0,0.0,0.0,0.0,0.0,0.0,0.0,0.0,0.0,0.0,0.0,0.0,0.0,0.0,0.0,0.0,0.0,0.0
7227,0.0,0.0,0.0,0.0,0.0,0.0,0.0,0.0,0.0,0.0,0.0,0.0,0.0,0.0,0.0,0.0,0.0,0.0,0.0,0.0,0.0,0.0,0.0,0.0,0.0,0.0,0.0,0.0,0.0,0.0,0.0,0.0,0.0,0.0,0.0,0.0,0.0,0.0,0.0,0.0,0.0,0.0,0.0,0.0,0.0,0.0,0.0,0.0,0.0,0.0,0.0,0.0,0.0,0.0,0.0,0.0,0.0,0.0,0.0,0.0,0.0,0.0,0.0,0.0
7228,0.0,0.0,0.0,0.0,0.0,0.0,0.0,0.0,0.0,0.0,0.0,0.0,0.0,0.0,0.0,0.0,0.0,0.0,0.0,0.0,0.0,0.0,0.0,0.0,0.0,0.0,0.0,0.0,0.0,0.0,0.0,0.0,0.0,0.0,0.0,0.0,0.0,0.0,0.0,0.0,0.0,0.0,0.0,0.0,0.0,0.0,0.0,0.0,0.0,0.0,0.0,0.0,0.0,0.0,0.0,0.0,0.0,0.0,0.0,0.0,0.0,0.0,0.0,0.0
7229,0.0,0.0,0.0,0.0,0.0,0.0,0.0,0.0,0.0,0.0,0.0,0.0,0.0,0.0,0.0,0.0,0.0,0.0,0.0,0.0,0.0,0.0,0.0,0.0,0.0,0.0,0.0,0.0,0.0,0.0,0.0,0.0,0.0,0.0,0.0,0.0,0.0,0.0,0.0,0.0,0.0,0.0,0.0,0.0,0.0,0.0,0.0,0.0,0.0,0.0,0.0,0.0,0.0,0.0,0.0,0.0,0.0,0.0,0.0,0.0,0.0,0.0,0.0,0.0
7230,0.0,0.0,0.0,0.0,0.0,0.0,0.0,0.0,0.0,0.0,0.0,0.0,0.0,0.0,0.0,0.0,0.0,0.0,0.0,0.0,0.0,0.0,0.0,0.0,0.0,0.0,0.0,0.0,0.0,0.0,0.0,0.0,0.0,0.0,0.0,0.0,0.0,0.0,0.0,0.0,0.0,0.0,0.0,0.0,0.0,0.0,0.0,0.0,0.0,0.0,0.0,0.0,0.0,0.0,0.0,0.0,0.0,0.0,0.0,0.0,0.0,0.0,0.0,0.0
7231,0.0,0.0,0.0,0.0,0.0,0.0,0.0,0.0,0.0,0.0,0.0,0.0,0.0,0.0,0.0,0.0,0.0,0.0,0.0,0.0,0.0,0.0,0.0,0.0,0.0,0.0,0.0,0.0,0.0,0.0,0.0,0.0,0.0,0.0,0.0,0.0,0.0,0.0,0.0,0.0,0.0,0.0,0.0,0.0,0.0,0.0,0.0,0.0,0.0,0.0,0.0,0.0,0.0,0.0,0.0,0.0,0.0,0.0,0.0,0.0,0.0,0.0,0.0,0.0
7232,0.0,0.0,0.0,0.0,0.0,0.0,0.0,0.0,0.0,0.0,0.0,0.0,0.0,0.0,0.0,0.0,0.0,0.0,0.0,0.0,0.0,0.0,0.0,0.0,0.0,0.0,0.0,0.0,0.0,0.0,0.0,0.0,0.0,0.0,0.0,0.0,0.0,0.0,0.0,0.0,0.0,0.0,0.0,0.0,0.0,0.0,0.0,0.0,0.0,0.0,0.0,0.0,0.0,0.0,0.0,0.0,0.0,0.0,0.0,0.0,0.0,0.0,0.0,0.0
7233,0.0,0.0,0.0,0.0,0.0,0.0,0.0,0.0,0.0,0.0,0.0,0.0,0.0,0.0,0.0,0.0,0.0,0.0,0.0,0.0,0.0,0.0,0.0,0.0,0.0,0.0,0.0,0.0,0.0,0.0,0.0,0.0,0.0,0.0,0.0,0.0,0.0,0.0,0.0,0.0,0.0,0.0,0.0,0.0,0.0,0.0,0.0,0.0,0.0,0.0,0.0,0.0,0.0,0.0,0.0,0.0,0.0,0.0,0.0,0.0,0.0,0.0,0.0,0.0
7234,0.0,0.0,0.0,0.0,0.0,0.0,0.0,0.0,0.0,0.0,0.0,0.0,0.0,0.0,0.0,0.0,0.0,0.0,0.0,0.0,0.0,0.0,0.0,0.0,0.0,0.0,0.0,0.0,0.0,0.0,0.0,0.0,0.0,0.0,0.0,0.0,0.0,0.0,0.0,0.0,0.0,0.0,0.0,0.0,0.0,0.0,0.0,0.0,0.0,0.0,0.0,0.0,0.0,0.0,0.0,0.0,0.0,0.0,0.0,0.0,0.0,0.0,0.0,0.0
7235,0.0,0.17,0.2,0.0,0.0,0.25,0.0,0.0,0.42,0.38,0.4,0.42,0.49,0.44,0.44,0.44,0.4,0.46,0.46,0.43,0.41,0.45,0.49,0.4,0.31,0.01,0.0,0.0,0.21,0.16,0.14,0.0,0.0,0.0,0.0,0.27,0.37,0.4,0.29,0.4,0.38,0.3,0.23,0.29,0.4,0.24,0.23,0.0,0.0,0.25,0.34,0.16,0.35,0.3,0.29,0.28,0.0,0.32,0.34,0.32,0.35,0.33,0.2,0.34
7236,0.0,0.38,0.43,0.0,0.0,0.44,0.0,0.0,0.6,0.61,0.59,0.62,0.62,0.62,0.61,0.6,0.59,0.63,0.64,0.61,0.62,0.62,0.63,0.54,0.45,0.48,0.0,0.0,0.15,0.43,0.48,0.0,0.0,0.0,0.0,0.48,0.53,0.6,0.56,0.6,0.59,0.54,0.51,0.47,0.56,0.51,0.52,0.0,0.0,0.56,0.6,0.39,0.6,0.58,0.59,0.57,0.0,0.58,0.59,0.58,0.57,0.6,0.2,0.57
7237,0.0,0.7,0.69,0.0,0.0,0.48,0.0,0.0,0.71,0.73,0.7,0.74,0.72,0.74,0.72,0.72,0.72,0.75,0.75,0.72,0.73,0.74,0.72,0.67,0.65,0.71,0.0,0.0,0.21,0.71,0.69,0.0,0.0,0.0,0.0,0.46,0.67,0.73,0.6,0.72,0.72,0.64,0.65,0.7,0.66,0.59,0.5,0.0,0.0,0.48,0.74,0.37,0.74,0.1,0.74,0.72,0.0,0.09,0.7,0.74,0.64,0.74,0.04,0.69
7238,0.0,0.72,0.72,0.0,0.0,0.71,0.0,0.0,0.76,0.79,0.75,0.79,0.78,0.78,0.78,0.76,0.78,0.8,0.8,0.76,0.78,0.78,0.78,0.73,0.69,0.77,0.0,0.0,0.75,0.74,0.76,0.0,0.0,0.0,0.0,0.75,0.73,0.78,0.45,0.79,0.77,0.47,0.65,0.73,0.74,0.49,0.66,0.0,0.0,0.68,0.77,0.7,0.2,0.76,0.8,0.69,0.0,0.74,0.75,0.78,0.56,0.76,0.64,0.66
7239,0.0,0.76,0.76,0.0,0.0,0.75,0.0,0.0,0.75,0.79,0.74,0.8,0.79,0.78,0.78,0.77,0.78,0.8,0.8,0.77,0.79,0.78,0.79,0.73,0.68,0.11,0.0,0.0,0.77,0.77,0.77,0.0,0.0,0.0,0.0,0.78,0.76,0.78,0.74,0.78,0.76,0.72,0.7,0.7,0.75,0.73,0.74,0.0,0.0,0.74,0.61,0.76,0.8,0.62,0.78,0.62,0.0,0.65,0.61,0.76,0.7,0.63,0.71,0.66
7240,0.0,0.77,0.77,0.0,0.0,0.78,0.0,0.0,0.78,0.78,0.78,0.79,0.79,0.78,0.78,0.75,0.78,0.8,0.81,0.77,0.78,0.78,0.79,0.78,0.78,0.05,0.0,0.0,0.16,0.78,0.1,0.0,0.0,0.0,0.0,0.77,0.76,0.79,0.51,0.8,0.8,0.76,0.74,0.73,0.78,0.28,0.77,0.0,0.0,0.76,0.74,0.78,0.71,0.61,0.77,0.51,0.0,0.59,0.74,0.71,0.78,0.74,0.8,0.78
7241,0.0,0.77,0.77,0.0,0.0,0.77,0.0,0.0,0.76,0.73,0.76,0.77,0.77,0.77,0.78,0.77,0.69,0.72,0.71,0.77,0.68,0.75,0.77,0.76,0.77,0.77,0.0,0.0,0.78,0.77,0.78,0.0,0.0,0.0,0.0,0.75,0.76,0.78,0.78,0.76,0.77,0.44,0.35,0.76,0.76,0.32,0.78,0.0,0.0,0.77,0.55,0.78,0.46,0.43,0.56,0.45,0.0,0.43,0.57,0.47,0.72,0.48,0.79,0.67
7242,0.0,0.17,0.72,0.0,0.0,0.73,0.0,0.0,0.72,0.54,0.7,0.58,0.72,0.71,0.72,0.73,0.69,0.67,0.67,0.73,0.54,0.67,0.71,0.67,0.74,0.7,0.0,0.0,0.71,0.1,0.7,0.0,0.0,0.0,0.0,0.73,0.7,0.65,0.74,0.7,0.61,0.74,0.72,0.7,0.7,0.74,0.73,0.0,0.0,0.73,0.39,0.74,0.42,0.3,0.35,0.34,0.0,0.29,0.41,0.35,0.52,0.36,0.74,0.48
7243,0.0,0.64,0.65,0.0,0.0,0.61,0.0,0.0,0.56,0.22,0.56,0.37,0.48,0.58,0.59,0.58,0.43,0.35,0.31,0.58,0.24,0.58,0.42,0.58,0.61,0.56,0.0,0.0,0.59,0.62,0.54,0.0,0.0,0.0,0.0,0.55,0.61,0.33,0.63,0.3,0.46,0.63,0.61,0.6,0.6,0.62,0.62,0.0,0.0,0.62,0.23,0.46,0.22,0.2,0.23,0.2,0.0,0.19,0.25,0.19,0.4,0.2,0.63,0.35
7244,0.0,0.54,0.55,0.0,0.0,0.52,0.0,0.0,0.4,0.19,0.36,0.2,0.27,0.36,0.36,0.36,0.23,0.15,0.15,0.39,0.14,0.29,0.25,0.33,0.44,0.01,0.0,0.0,0.38,0.55,0.45,0.0,0.0,0.0,0.0,0.07,0.39,0.33,0.45,0.31,0.41,0.42,0.43,0.44,0.33,0.42,0.52,0.0,0.0,0.52,0.2,0.31,0.26,0.18,0.23,0.17,0.0,0.12,0.22,0.16,0.29,0.16,0.42,0.27
7245,0.0,0.0,0.0,0.0,0.0,0.0,0.0,0.0,0.0,0.0,0.0,0.0,0.0,0.0,0.0,0.0,0.0,0.0,0.0,0.0,0.0,0.0,0.0,0.0,0.0,0.0,0.0,0.0,0.0,0.0,0.0,0.0,0.0,0.0,0.0,0.0,0.0,0.0,0.0,0.0,0.0,0.0,0.0,0.0,0.0,0.0,0.0,0.0,0.0,0.0,0.0,0.0,0.0,0.0,0.0,0.0,0.0,0.0,0.0,0.0,0.0,0.0,0.0,0.0
7246,0.0,0.0,0.0,0.0,0.0,0.0,0.0,0.0,0.0,0.0,0.0,0.0,0.0,0.0,0.0,0.0,0.0,0.0,0.0,0.0,0.0,0.0,0.0,0.0,0.0,0.0,0.0,0.0,0.0,0.0,0.0,0.0,0.0,0.0,0.0,0.0,0.0,0.0,0.0,0.0,0.0,0.0,0.0,0.0,0.0,0.0,0.0,0.0,0.0,0.0,0.0,0.0,0.0,0.0,0.0,0.0,0.0,0.0,0.0,0.0,0.0,0.0,0.0,0.0
7247,0.0,0.0,0.0,0.0,0.0,0.0,0.0,0.0,0.0,0.0,0.0,0.0,0.0,0.0,0.0,0.0,0.0,0.0,0.0,0.0,0.0,0.0,0.0,0.0,0.0,0.0,0.0,0.0,0.0,0.0,0.0,0.0,0.0,0.0,0.0,0.0,0.0,0.0,0.0,0.0,0.0,0.0,0.0,0.0,0.0,0.0,0.0,0.0,0.0,0.0,0.0,0.0,0.0,0.0,0.0,0.0,0.0,0.0,0.0,0.0,0.0,0.0,0.0,0.0
7248,0.0,0.0,0.0,0.0,0.0,0.0,0.0,0.0,0.0,0.0,0.0,0.0,0.0,0.0,0.0,0.0,0.0,0.0,0.0,0.0,0.0,0.0,0.0,0.0,0.0,0.0,0.0,0.0,0.0,0.0,0.0,0.0,0.0,0.0,0.0,0.0,0.0,0.0,0.0,0.0,0.0,0.0,0.0,0.0,0.0,0.0,0.0,0.0,0.0,0.0,0.0,0.0,0.0,0.0,0.0,0.0,0.0,0.0,0.0,0.0,0.0,0.0,0.0,0.0
7249,0.0,0.0,0.0,0.0,0.0,0.0,0.0,0.0,0.0,0.0,0.0,0.0,0.0,0.0,0.0,0.0,0.0,0.0,0.0,0.0,0.0,0.0,0.0,0.0,0.0,0.0,0.0,0.0,0.0,0.0,0.0,0.0,0.0,0.0,0.0,0.0,0.0,0.0,0.0,0.0,0.0,0.0,0.0,0.0,0.0,0.0,0.0,0.0,0.0,0.0,0.0,0.0,0.0,0.0,0.0,0.0,0.0,0.0,0.0,0.0,0.0,0.0,0.0,0.0
7250,0.0,0.0,0.0,0.0,0.0,0.0,0.0,0.0,0.0,0.0,0.0,0.0,0.0,0.0,0.0,0.0,0.0,0.0,0.0,0.0,0.0,0.0,0.0,0.0,0.0,0.0,0.0,0.0,0.0,0.0,0.0,0.0,0.0,0.0,0.0,0.0,0.0,0.0,0.0,0.0,0.0,0.0,0.0,0.0,0.0,0.0,0.0,0.0,0.0,0.0,0.0,0.0,0.0,0.0,0.0,0.0,0.0,0.0,0.0,0.0,0.0,0.0,0.0,0.0
7251,0.0,0.0,0.0,0.0,0.0,0.0,0.0,0.0,0.0,0.0,0.0,0.0,0.0,0.0,0.0,0.0,0.0,0.0,0.0,0.0,0.0,0.0,0.0,0.0,0.0,0.0,0.0,0.0,0.0,0.0,0.0,0.0,0.0,0.0,0.0,0.0,0.0,0.0,0.0,0.0,0.0,0.0,0.0,0.0,0.0,0.0,0.0,0.0,0.0,0.0,0.0,0.0,0.0,0.0,0.0,0.0,0.0,0.0,0.0,0.0,0.0,0.0,0.0,0.0
7252,0.0,0.0,0.0,0.0,0.0,0.0,0.0,0.0,0.0,0.0,0.0,0.0,0.0,0.0,0.0,0.0,0.0,0.0,0.0,0.0,0.0,0.0,0.0,0.0,0.0,0.0,0.0,0.0,0.0,0.0,0.0,0.0,0.0,0.0,0.0,0.0,0.0,0.0,0.0,0.0,0.0,0.0,0.0,0.0,0.0,0.0,0.0,0.0,0.0,0.0,0.0,0.0,0.0,0.0,0.0,0.0,0.0,0.0,0.0,0.0,0.0,0.0,0.0,0.0
7253,0.0,0.0,0.0,0.0,0.0,0.0,0.0,0.0,0.0,0.0,0.0,0.0,0.0,0.0,0.0,0.0,0.0,0.0,0.0,0.0,0.0,0.0,0.0,0.0,0.0,0.0,0.0,0.0,0.0,0.0,0.0,0.0,0.0,0.0,0.0,0.0,0.0,0.0,0.0,0.0,0.0,0.0,0.0,0.0,0.0,0.0,0.0,0.0,0.0,0.0,0.0,0.0,0.0,0.0,0.0,0.0,0.0,0.0,0.0,0.0,0.0,0.0,0.0,0.0
7254,0.0,0.0,0.0,0.0,0.0,0.0,0.0,0.0,0.0,0.0,0.0,0.0,0.0,0.0,0.0,0.0,0.0,0.0,0.0,0.0,0.0,0.0,0.0,0.0,0.0,0.0,0.0,0.0,0.0,0.0,0.0,0.0,0.0,0.0,0.0,0.0,0.0,0.0,0.0,0.0,0.0,0.0,0.0,0.0,0.0,0.0,0.0,0.0,0.0,0.0,0.0,0.0,0.0,0.0,0.0,0.0,0.0,0.0,0.0,0.0,0.0,0.0,0.0,0.0
7255,0.0,0.0,0.0,0.0,0.0,0.0,0.0,0.0,0.0,0.0,0.0,0.0,0.0,0.0,0.0,0.0,0.0,0.0,0.0,0.0,0.0,0.0,0.0,0.0,0.0,0.0,0.0,0.0,0.0,0.0,0.0,0.0,0.0,0.0,0.0,0.0,0.0,0.0,0.0,0.0,0.0,0.0,0.0,0.0,0.0,0.0,0.0,0.0,0.0,0.0,0.0,0.0,0.0,0.0,0.0,0.0,0.0,0.0,0.0,0.0,0.0,0.0,0.0,0.0
7256,0.0,0.0,0.0,0.0,0.0,0.0,0.0,0.0,0.0,0.0,0.0,0.0,0.0,0.0,0.0,0.0,0.0,0.0,0.0,0.0,0.0,0.0,0.0,0.0,0.0,0.0,0.0,0.0,0.0,0.0,0.0,0.0,0.0,0.0,0.0,0.0,0.0,0.0,0.0,0.0,0.0,0.0,0.0,0.0,0.0,0.0,0.0,0.0,0.0,0.0,0.0,0.0,0.0,0.0,0.0,0.0,0.0,0.0,0.0,0.0,0.0,0.0,0.0,0.0
7257,0.0,0.0,0.0,0.0,0.0,0.0,0.0,0.0,0.0,0.0,0.0,0.0,0.0,0.0,0.0,0.0,0.0,0.0,0.0,0.0,0.0,0.0,0.0,0.0,0.0,0.0,0.0,0.0,0.0,0.0,0.0,0.0,0.0,0.0,0.0,0.0,0.0,0.0,0.0,0.0,0.0,0.0,0.0,0.0,0.0,0.0,0.0,0.0,0.0,0.0,0.0,0.0,0.0,0.0,0.0,0.0,0.0,0.0,0.0,0.0,0.0,0.0,0.0,0.0
7258,0.0,0.0,0.0,0.0,0.0,0.0,0.0,0.0,0.0,0.0,0.0,0.0,0.0,0.0,0.0,0.0,0.0,0.0,0.0,0.0,0.0,0.0,0.0,0.0,0.0,0.0,0.0,0.0,0.0,0.0,0.0,0.0,0.0,0.0,0.0,0.0,0.0,0.0,0.0,0.0,0.0,0.0,0.0,0.0,0.0,0.0,0.0,0.0,0.0,0.0,0.0,0.0,0.0,0.0,0.0,0.0,0.0,0.0,0.0,0.0,0.0,0.0,0.0,0.0
7259,0.0,0.09,0.08,0.0,0.0,0.1,0.0,0.0,0.11,0.01,0.1,0.35,0.03,0.11,0.12,0.12,0.1,0.37,0.38,0.11,0.36,0.12,0.02,0.18,0.03,0.1,0.0,0.0,0.1,0.12,0.12,0.0,0.0,0.0,0.0,0.16,0.16,0.08,0.1,0.09,0.15,0.13,0.14,0.18,0.18,0.1,0.11,0.0,0.0,0.11,0.22,0.15,0.29,0.26,0.3,0.22,0.0,0.25,0.22,0.28,0.15,0.26,0.13,0.19
7260,0.0,0.2,0.18,0.0,0.0,0.22,0.0,0.0,0.55,0.05,0.55,0.69,0.46,0.45,0.46,0.54,0.68,0.68,0.7,0.58,0.69,0.52,0.65,0.49,0.31,0.46,0.0,0.0,0.57,0.26,0.49,0.0,0.0,0.0,0.0,0.5,0.5,0.61,0.55,0.64,0.59,0.56,0.51,0.54,0.48,0.54,0.2,0.0,0.0,0.24,0.62,0.41,0.66,0.66,0.67,0.63,0.0,0.65,0.58,0.65,0.56,0.64,0.52,0.59
7261,0.0,0.25,0.24,0.0,0.0,0.21,0.0,0.0,0.68,0.78,0.68,0.78,0.68,0.68,0.67,0.66,0.76,0.78,0.78,0.67,0.78,0.7,0.73,0.66,0.28,0.24,0.0,0.0,0.31,0.26,0.24,0.0,0.0,0.0,0.0,0.35,0.62,0.75,0.54,0.76,0.72,0.57,0.6,0.65,0.64,0.54,0.25,0.0,0.0,0.19,0.73,0.5,0.74,0.75,0.75,0.72,0.0,0.74,0.72,0.74,0.56,0.74,0.36,0.64
7262,0.0,0.4,0.44,0.0,0.0,0.18,0.0,0.0,0.56,0.82,0.57,0.79,0.75,0.69,0.6,0.62,0.7,0.82,0.82,0.56,0.82,0.72,0.76,0.37,0.33,0.36,0.0,0.0,0.26,0.38,0.35,0.0,0.0,0.0,0.0,0.3,0.41,0.64,0.35,0.68,0.53,0.35,0.4,0.36,0.37,0.38,0.16,0.0,0.0,0.15,0.48,0.36,0.68,0.52,0.77,0.75,0.0,0.58,0.47,0.76,0.42,0.5,0.32,0.43
7263,0.0,0.28,0.27,0.0,0.0,0.05,0.0,0.0,0.49,0.83,0.5,0.74,0.66,0.55,0.43,0.39,0.52,0.83,0.84,0.44,0.84,0.57,0.76,0.38,0.26,0.35,0.0,0.0,0.34,0.3,0.37,0.0,0.0,0.0,0.0,0.49,0.37,0.49,0.29,0.47,0.11,0.33,0.35,0.35,0.39,0.32,0.05,0.0,0.0,0.04,0.4,0.29,0.73,0.62,0.8,0.77,0.0,0.74,0.4,0.79,0.37,0.46,0.28,0.38
7264,0.0,0.1,0.08,0.0,0.0,0.06,0.0,0.0,0.36,0.82,0.19,0.59,0.59,0.46,0.42,0.39,0.38,0.82,0.83,0.39,0.82,0.5,0.76,0.23,0.06,0.26,0.0,0.0,0.37,0.1,0.22,0.0,0.0,0.0,0.0,0.11,0.23,0.33,0.28,0.34,0.21,0.27,0.25,0.1,0.24,0.27,0.05,0.0,0.0,0.04,0.37,0.38,0.44,0.47,0.7,0.62,0.0,0.51,0.35,0.58,0.32,0.39,0.44,0.33
7265,0.0,0.05,0.04,0.0,0.0,0.03,0.0,0.0,0.29,0.81,0.28,0.24,0.42,0.25,0.24,0.24,0.42,0.62,0.58,0.24,0.73,0.27,0.68,0.33,0.05,0.05,0.0,0.0,0.06,0.04,0.05,0.0,0.0,0.0,0.0,0.08,0.37,0.34,0.43,0.36,0.34,0.42,0.45,0.08,0.34,0.46,0.03,0.0,0.0,0.03,0.46,0.54,0.49,0.49,0.62,0.68,0.0,0.51,0.46,0.65,0.44,0.52,0.23,0.44
7266,0.0,0.02,0.02,0.0,0.0,0.01,0.0,0.0,0.38,0.77,0.4,0.56,0.35,0.4,0.35,0.33,0.47,0.53,0.62,0.38,0.76,0.39,0.54,0.57,0.04,0.03,0.0,0.0,0.09,0.02,0.04,0.0,0.0,0.0,0.0,0.1,0.58,0.41,0.1,0.37,0.41,0.08,0.67,0.06,0.57,0.19,0.01,0.0,0.0,0.01,0.4,0.42,0.49,0.4,0.65,0.56,0.0,0.55,0.4,0.7,0.4,0.39,0.07,0.4
7267,0.0,0.0,0.0,0.0,0.0,0.01,0.0,0.0,0.27,0.65,0.21,0.25,0.28,0.26,0.27,0.25,0.27,0.64,0.65,0.3,0.66,0.28,0.34,0.11,0.01,0.01,0.0,0.0,0.04,0.0,0.02,0.0,0.0,0.0,0.0,0.02,0.05,0.28,0.01,0.3,0.17,0.01,0.01,0.04,0.12,0.02,0.0,0.0,0.0,0.0,0.27,0.08,0.28,0.22,0.38,0.38,0.0,0.31,0.2,0.36,0.27,0.28,0.05,0.24
7268,0.0,0.0,0.0,0.0,0.0,0.0,0.0,0.0,0.01,0.05,0.01,0.06,0.0,0.02,0.0,0.0,0.05,0.04,0.02,0.0,0.05,0.01,0.0,0.01,0.0,0.0,0.0,0.0,0.0,0.0,0.0,0.0,0.0,0.0,0.0,0.0,0.01,0.09,0.0,0.08,0.14,0.0,0.0,0.0,0.01,0.0,0.0,0.0,0.0,0.0,0.16,0.0,0.16,0.17,0.14,0.2,0.0,0.18,0.14,0.16,0.01,0.16,0.0,0.06
7269,0.0,0.0,0.0,0.0,0.0,0.0,0.0,0.0,0.0,0.0,0.0,0.0,0.0,0.0,0.0,0.0,0.0,0.0,0.0,0.0,0.0,0.0,0.0,0.0,0.0,0.0,0.0,0.0,0.0,0.0,0.0,0.0,0.0,0.0,0.0,0.0,0.0,0.0,0.0,0.0,0.0,0.0,0.0,0.0,0.0,0.0,0.0,0.0,0.0,0.0,0.0,0.0,0.0,0.0,0.0,0.0,0.0,0.0,0.0,0.0,0.0,0.0,0.0,0.0
7270,0.0,0.0,0.0,0.0,0.0,0.0,0.0,0.0,0.0,0.0,0.0,0.0,0.0,0.0,0.0,0.0,0.0,0.0,0.0,0.0,0.0,0.0,0.0,0.0,0.0,0.0,0.0,0.0,0.0,0.0,0.0,0.0,0.0,0.0,0.0,0.0,0.0,0.0,0.0,0.0,0.0,0.0,0.0,0.0,0.0,0.0,0.0,0.0,0.0,0.0,0.0,0.0,0.0,0.0,0.0,0.0,0.0,0.0,0.0,0.0,0.0,0.0,0.0,0.0
7271,0.0,0.0,0.0,0.0,0.0,0.0,0.0,0.0,0.0,0.0,0.0,0.0,0.0,0.0,0.0,0.0,0.0,0.0,0.0,0.0,0.0,0.0,0.0,0.0,0.0,0.0,0.0,0.0,0.0,0.0,0.0,0.0,0.0,0.0,0.0,0.0,0.0,0.0,0.0,0.0,0.0,0.0,0.0,0.0,0.0,0.0,0.0,0.0,0.0,0.0,0.0,0.0,0.0,0.0,0.0,0.0,0.0,0.0,0.0,0.0,0.0,0.0,0.0,0.0
7272,0.0,0.0,0.0,0.0,0.0,0.0,0.0,0.0,0.0,0.0,0.0,0.0,0.0,0.0,0.0,0.0,0.0,0.0,0.0,0.0,0.0,0.0,0.0,0.0,0.0,0.0,0.0,0.0,0.0,0.0,0.0,0.0,0.0,0.0,0.0,0.0,0.0,0.0,0.0,0.0,0.0,0.0,0.0,0.0,0.0,0.0,0.0,0.0,0.0,0.0,0.0,0.0,0.0,0.0,0.0,0.0,0.0,0.0,0.0,0.0,0.0,0.0,0.0,0.0
7273,0.0,0.0,0.0,0.0,0.0,0.0,0.0,0.0,0.0,0.0,0.0,0.0,0.0,0.0,0.0,0.0,0.0,0.0,0.0,0.0,0.0,0.0,0.0,0.0,0.0,0.0,0.0,0.0,0.0,0.0,0.0,0.0,0.0,0.0,0.0,0.0,0.0,0.0,0.0,0.0,0.0,0.0,0.0,0.0,0.0,0.0,0.0,0.0,0.0,0.0,0.0,0.0,0.0,0.0,0.0,0.0,0.0,0.0,0.0,0.0,0.0,0.0,0.0,0.0
7274,0.0,0.0,0.0,0.0,0.0,0.0,0.0,0.0,0.0,0.0,0.0,0.0,0.0,0.0,0.0,0.0,0.0,0.0,0.0,0.0,0.0,0.0,0.0,0.0,0.0,0.0,0.0,0.0,0.0,0.0,0.0,0.0,0.0,0.0,0.0,0.0,0.0,0.0,0.0,0.0,0.0,0.0,0.0,0.0,0.0,0.0,0.0,0.0,0.0,0.0,0.0,0.0,0.0,0.0,0.0,0.0,0.0,0.0,0.0,0.0,0.0,0.0,0.0,0.0
7275,0.0,0.0,0.0,0.0,0.0,0.0,0.0,0.0,0.0,0.0,0.0,0.0,0.0,0.0,0.0,0.0,0.0,0.0,0.0,0.0,0.0,0.0,0.0,0.0,0.0,0.0,0.0,0.0,0.0,0.0,0.0,0.0,0.0,0.0,0.0,0.0,0.0,0.0,0.0,0.0,0.0,0.0,0.0,0.0,0.0,0.0,0.0,0.0,0.0,0.0,0.0,0.0,0.0,0.0,0.0,0.0,0.0,0.0,0.0,0.0,0.0,0.0,0.0,0.0
7276,0.0,0.0,0.0,0.0,0.0,0.0,0.0,0.0,0.0,0.0,0.0,0.0,0.0,0.0,0.0,0.0,0.0,0.0,0.0,0.0,0.0,0.0,0.0,0.0,0.0,0.0,0.0,0.0,0.0,0.0,0.0,0.0,0.0,0.0,0.0,0.0,0.0,0.0,0.0,0.0,0.0,0.0,0.0,0.0,0.0,0.0,0.0,0.0,0.0,0.0,0.0,0.0,0.0,0.0,0.0,0.0,0.0,0.0,0.0,0.0,0.0,0.0,0.0,0.0
7277,0.0,0.0,0.0,0.0,0.0,0.0,0.0,0.0,0.0,0.0,0.0,0.0,0.0,0.0,0.0,0.0,0.0,0.0,0.0,0.0,0.0,0.0,0.0,0.0,0.0,0.0,0.0,0.0,0.0,0.0,0.0,0.0,0.0,0.0,0.0,0.0,0.0,0.0,0.0,0.0,0.0,0.0,0.0,0.0,0.0,0.0,0.0,0.0,0.0,0.0,0.0,0.0,0.0,0.0,0.0,0.0,0.0,0.0,0.0,0.0,0.0,0.0,0.0,0.0
7278,0.0,0.0,0.0,0.0,0.0,0.0,0.0,0.0,0.0,0.0,0.0,0.0,0.0,0.0,0.0,0.0,0.0,0.0,0.0,0.0,0.0,0.0,0.0,0.0,0.0,0.0,0.0,0.0,0.0,0.0,0.0,0.0,0.0,0.0,0.0,0.0,0.0,0.0,0.0,0.0,0.0,0.0,0.0,0.0,0.0,0.0,0.0,0.0,0.0,0.0,0.0,0.0,0.0,0.0,0.0,0.0,0.0,0.0,0.0,0.0,0.0,0.0,0.0,0.0
7279,0.0,0.0,0.0,0.0,0.0,0.0,0.0,0.0,0.0,0.0,0.0,0.0,0.0,0.0,0.0,0.0,0.0,0.0,0.0,0.0,0.0,0.0,0.0,0.0,0.0,0.0,0.0,0.0,0.0,0.0,0.0,0.0,0.0,0.0,0.0,0.0,0.0,0.0,0.0,0.0,0.0,0.0,0.0,0.0,0.0,0.0,0.0,0.0,0.0,0.0,0.0,0.0,0.0,0.0,0.0,0.0,0.0,0.0,0.0,0.0,0.0,0.0,0.0,0.0
7280,0.0,0.0,0.0,0.0,0.0,0.0,0.0,0.0,0.0,0.0,0.0,0.0,0.0,0.0,0.0,0.0,0.0,0.0,0.0,0.0,0.0,0.0,0.0,0.0,0.0,0.0,0.0,0.0,0.0,0.0,0.0,0.0,0.0,0.0,0.0,0.0,0.0,0.0,0.0,0.0,0.0,0.0,0.0,0.0,0.0,0.0,0.0,0.0,0.0,0.0,0.0,0.0,0.0,0.0,0.0,0.0,0.0,0.0,0.0,0.0,0.0,0.0,0.0,0.0
7281,0.0,0.0,0.0,0.0,0.0,0.0,0.0,0.0,0.0,0.0,0.0,0.0,0.0,0.0,0.0,0.0,0.0,0.0,0.0,0.0,0.0,0.0,0.0,0.0,0.0,0.0,0.0,0.0,0.0,0.0,0.0,0.0,0.0,0.0,0.0,0.0,0.0,0.0,0.0,0.0,0.0,0.0,0.0,0.0,0.0,0.0,0.0,0.0,0.0,0.0,0.0,0.0,0.0,0.0,0.0,0.0,0.0,0.0,0.0,0.0,0.0,0.0,0.0,0.0
7282,0.0,0.0,0.0,0.0,0.0,0.0,0.0,0.0,0.0,0.0,0.0,0.0,0.0,0.0,0.0,0.0,0.0,0.0,0.0,0.0,0.0,0.0,0.0,0.0,0.0,0.0,0.0,0.0,0.0,0.0,0.0,0.0,0.0,0.0,0.0,0.0,0.0,0.0,0.0,0.0,0.0,0.0,0.0,0.0,0.0,0.0,0.0,0.0,0.0,0.0,0.0,0.0,0.0,0.0,0.0,0.0,0.0,0.0,0.0,0.0,0.0,0.0,0.0,0.0
7283,0.0,0.0,0.0,0.0,0.0,0.0,0.0,0.0,0.0,0.02,0.0,0.0,0.0,0.0,0.0,0.0,0.0,0.01,0.01,0.0,0.22,0.0,0.0,0.0,0.0,0.0,0.0,0.0,0.0,0.0,0.0,0.0,0.0,0.0,0.0,0.0,0.0,0.0,0.0,0.0,0.0,0.0,0.0,0.0,0.0,0.0,0.0,0.0,0.0,0.0,0.0,0.0,0.0,0.0,0.0,0.0,0.0,0.0,0.0,0.0,0.0,0.0,0.0,0.0
7284,0.0,0.0,0.0,0.0,0.0,0.01,0.0,0.0,0.0,0.52,0.0,0.68,0.0,0.0,0.0,0.0,0.02,0.02,0.02,0.0,0.46,0.0,0.01,0.0,0.0,0.0,0.0,0.0,0.0,0.0,0.0,0.0,0.0,0.0,0.0,0.0,0.0,0.01,0.0,0.01,0.01,0.0,0.01,0.0,0.0,0.0,0.01,0.0,0.0,0.01,0.01,0.0,0.02,0.02,0.01,0.02,0.0,0.01,0.0,0.01,0.0,0.01,0.0,0.0
7285,0.0,0.02,0.02,0.0,0.0,0.02,0.0,0.0,0.01,0.72,0.02,0.09,0.02,0.02,0.01,0.01,0.03,0.49,0.71,0.01,0.19,0.02,0.06,0.02,0.02,0.02,0.0,0.0,0.02,0.02,0.02,0.0,0.0,0.0,0.0,0.01,0.02,0.03,0.02,0.03,0.03,0.01,0.02,0.02,0.02,0.02,0.02,0.0,0.0,0.02,0.03,0.01,0.07,0.07,0.06,0.1,0.0,0.16,0.02,0.07,0.01,0.03,0.02,0.02
7286,0.0,0.02,0.02,0.0,0.0,0.05,0.0,0.0,0.03,0.78,0.03,0.1,0.03,0.04,0.03,0.03,0.08,0.25,0.24,0.03,0.2,0.04,0.06,0.03,0.03,0.04,0.0,0.0,0.03,0.03,0.04,0.0,0.0,0.0,0.0,0.03,0.03,0.04,0.02,0.05,0.03,0.02,0.02,0.02,0.03,0.02,0.04,0.0,0.0,0.05,0.04,0.02,0.07,0.19,0.79,0.18,0.0,0.34,0.03,0.3,0.02,0.06,0.03,0.02
7287,0.0,0.03,0.04,0.0,0.0,0.04,0.0,0.0,0.04,0.78,0.04,0.15,0.05,0.04,0.04,0.03,0.09,0.15,0.14,0.03,0.13,0.05,0.08,0.04,0.05,0.04,0.0,0.0,0.03,0.03,0.04,0.0,0.0,0.0,0.0,0.03,0.04,0.05,0.04,0.04,0.04,0.04,0.03,0.03,0.04,0.03,0.04,0.0,0.0,0.04,0.04,0.03,0.06,0.13,0.49,0.33,0.0,0.25,0.03,0.16,0.02,0.06,0.03,0.03
7288,0.0,0.03,0.04,0.0,0.0,0.04,0.0,0.0,0.04,0.2,0.03,0.19,0.08,0.04,0.03,0.03,0.07,0.1,0.09,0.03,0.22,0.04,0.1,0.03,0.05,0.04,0.0,0.0,0.05,0.03,0.05,0.0,0.0,0.0,0.0,0.04,0.04,0.05,0.04,0.04,0.04,0.05,0.03,0.03,0.03,0.05,0.04,0.0,0.0,0.04,0.03,0.03,0.06,0.05,0.79,0.14,0.0,0.09,0.02,0.12,0.02,0.03,0.03,0.03
7289,0.0,0.02,0.02,0.0,0.0,0.02,0.0,0.0,0.03,0.08,0.02,0.07,0.08,0.03,0.02,0.02,0.04,0.18,0.13,0.02,0.14,0.03,0.1,0.03,0.02,0.02,0.0,0.0,0.04,0.02,0.02,0.0,0.0,0.0,0.0,0.03,0.03,0.04,0.04,0.03,0.04,0.05,0.03,0.03,0.03,0.04,0.01,0.0,0.0,0.01,0.03,0.02,0.04,0.03,0.05,0.13,0.0,0.04,0.02,0.12,0.02,0.03,0.04,0.02
7290,0.0,0.01,0.01,0.0,0.0,0.02,0.0,0.0,0.02,0.07,0.01,0.02,0.04,0.01,0.01,0.02,0.02,0.13,0.08,0.02,0.08,0.01,0.03,0.02,0.01,0.01,0.0,0.0,0.01,0.01,0.01,0.0,0.0,0.0,0.0,0.01,0.02,0.03,0.02,0.02,0.02,0.02,0.01,0.01,0.02,0.02,0.03,0.0,0.0,0.03,0.02,0.01,0.02,0.02,0.04,0.08,0.0,0.02,0.01,0.06,0.01,0.02,0.02,0.01
7291,0.0,0.0,0.0,0.0,0.0,0.01,0.0,0.0,0.0,0.61,0.0,0.01,0.01,0.0,0.01,0.01,0.01,0.02,0.01,0.0,0.61,0.0,0.01,0.0,0.0,0.0,0.0,0.0,0.0,0.0,0.0,0.0,0.0,0.0,0.0,0.0,0.0,0.01,0.01,0.01,0.0,0.01,0.0,0.0,0.0,0.01,0.01,0.0,0.0,0.01,0.0,0.0,0.01,0.01,0.01,0.02,0.0,0.01,0.0,0.01,0.0,0.0,0.01,0.0
7292,0.0,0.0,0.0,0.0,0.0,0.0,0.0,0.0,0.0,0.0,0.0,0.0,0.0,0.0,0.0,0.0,0.0,0.0,0.0,0.0,0.02,0.0,0.0,0.0,0.0,0.0,0.0,0.0,0.0,0.0,0.0,0.0,0.0,0.0,0.0,0.0,0.0,0.0,0.0,0.0,0.0,0.0,0.0,0.0,0.0,0.0,0.0,0.0,0.0,0.0,0.0,0.0,0.0,0.0,0.0,0.0,0.0,0.0,0.0,0.0,0.0,0.0,0.0,0.0
7293,0.0,0.0,0.0,0.0,0.0,0.0,0.0,0.0,0.0,0.0,0.0,0.0,0.0,0.0,0.0,0.0,0.0,0.0,0.0,0.0,0.0,0.0,0.0,0.0,0.0,0.0,0.0,0.0,0.0,0.0,0.0,0.0,0.0,0.0,0.0,0.0,0.0,0.0,0.0,0.0,0.0,0.0,0.0,0.0,0.0,0.0,0.0,0.0,0.0,0.0,0.0,0.0,0.0,0.0,0.0,0.0,0.0,0.0,0.0,0.0,0.0,0.0,0.0,0.0
7294,0.0,0.0,0.0,0.0,0.0,0.0,0.0,0.0,0.0,0.0,0.0,0.0,0.0,0.0,0.0,0.0,0.0,0.0,0.0,0.0,0.0,0.0,0.0,0.0,0.0,0.0,0.0,0.0,0.0,0.0,0.0,0.0,0.0,0.0,0.0,0.0,0.0,0.0,0.0,0.0,0.0,0.0,0.0,0.0,0.0,0.0,0.0,0.0,0.0,0.0,0.0,0.0,0.0,0.0,0.0,0.0,0.0,0.0,0.0,0.0,0.0,0.0,0.0,0.0
7295,0.0,0.0,0.0,0.0,0.0,0.0,0.0,0.0,0.0,0.0,0.0,0.0,0.0,0.0,0.0,0.0,0.0,0.0,0.0,0.0,0.0,0.0,0.0,0.0,0.0,0.0,0.0,0.0,0.0,0.0,0.0,0.0,0.0,0.0,0.0,0.0,0.0,0.0,0.0,0.0,0.0,0.0,0.0,0.0,0.0,0.0,0.0,0.0,0.0,0.0,0.0,0.0,0.0,0.0,0.0,0.0,0.0,0.0,0.0,0.0,0.0,0.0,0.0,0.0
7296,0.0,0.0,0.0,0.0,0.0,0.0,0.0,0.0,0.0,0.0,0.0,0.0,0.0,0.0,0.0,0.0,0.0,0.0,0.0,0.0,0.0,0.0,0.0,0.0,0.0,0.0,0.0,0.0,0.0,0.0,0.0,0.0,0.0,0.0,0.0,0.0,0.0,0.0,0.0,0.0,0.0,0.0,0.0,0.0,0.0,0.0,0.0,0.0,0.0,0.0,0.0,0.0,0.0,0.0,0.0,0.0,0.0,0.0,0.0,0.0,0.0,0.0,0.0,0.0
7297,0.0,0.0,0.0,0.0,0.0,0.0,0.0,0.0,0.0,0.0,0.0,0.0,0.0,0.0,0.0,0.0,0.0,0.0,0.0,0.0,0.0,0.0,0.0,0.0,0.0,0.0,0.0,0.0,0.0,0.0,0.0,0.0,0.0,0.0,0.0,0.0,0.0,0.0,0.0,0.0,0.0,0.0,0.0,0.0,0.0,0.0,0.0,0.0,0.0,0.0,0.0,0.0,0.0,0.0,0.0,0.0,0.0,0.0,0.0,0.0,0.0,0.0,0.0,0.0
7298,0.0,0.0,0.0,0.0,0.0,0.0,0.0,0.0,0.0,0.0,0.0,0.0,0.0,0.0,0.0,0.0,0.0,0.0,0.0,0.0,0.0,0.0,0.0,0.0,0.0,0.0,0.0,0.0,0.0,0.0,0.0,0.0,0.0,0.0,0.0,0.0,0.0,0.0,0.0,0.0,0.0,0.0,0.0,0.0,0.0,0.0,0.0,0.0,0.0,0.0,0.0,0.0,0.0,0.0,0.0,0.0,0.0,0.0,0.0,0.0,0.0,0.0,0.0,0.0
7299,0.0,0.0,0.0,0.0,0.0,0.0,0.0,0.0,0.0,0.0,0.0,0.0,0.0,0.0,0.0,0.0,0.0,0.0,0.0,0.0,0.0,0.0,0.0,0.0,0.0,0.0,0.0,0.0,0.0,0.0,0.0,0.0,0.0,0.0,0.0,0.0,0.0,0.0,0.0,0.0,0.0,0.0,0.0,0.0,0.0,0.0,0.0,0.0,0.0,0.0,0.0,0.0,0.0,0.0,0.0,0.0,0.0,0.0,0.0,0.0,0.0,0.0,0.0,0.0
7300,0.0,0.0,0.0,0.0,0.0,0.0,0.0,0.0,0.0,0.0,0.0,0.0,0.0,0.0,0.0,0.0,0.0,0.0,0.0,0.0,0.0,0.0,0.0,0.0,0.0,0.0,0.0,0.0,0.0,0.0,0.0,0.0,0.0,0.0,0.0,0.0,0.0,0.0,0.0,0.0,0.0,0.0,0.0,0.0,0.0,0.0,0.0,0.0,0.0,0.0,0.0,0.0,0.0,0.0,0.0,0.0,0.0,0.0,0.0,0.0,0.0,0.0,0.0,0.0
7301,0.0,0.0,0.0,0.0,0.0,0.0,0.0,0.0,0.0,0.0,0.0,0.0,0.0,0.0,0.0,0.0,0.0,0.0,0.0,0.0,0.0,0.0,0.0,0.0,0.0,0.0,0.0,0.0,0.0,0.0,0.0,0.0,0.0,0.0,0.0,0.0,0.0,0.0,0.0,0.0,0.0,0.0,0.0,0.0,0.0,0.0,0.0,0.0,0.0,0.0,0.0,0.0,0.0,0.0,0.0,0.0,0.0,0.0,0.0,0.0,0.0,0.0,0.0,0.0
7302,0.0,0.0,0.0,0.0,0.0,0.0,0.0,0.0,0.0,0.0,0.0,0.0,0.0,0.0,0.0,0.0,0.0,0.0,0.0,0.0,0.0,0.0,0.0,0.0,0.0,0.0,0.0,0.0,0.0,0.0,0.0,0.0,0.0,0.0,0.0,0.0,0.0,0.0,0.0,0.0,0.0,0.0,0.0,0.0,0.0,0.0,0.0,0.0,0.0,0.0,0.0,0.0,0.0,0.0,0.0,0.0,0.0,0.0,0.0,0.0,0.0,0.0,0.0,0.0
7303,0.0,0.0,0.0,0.0,0.0,0.0,0.0,0.0,0.0,0.0,0.0,0.0,0.0,0.0,0.0,0.0,0.0,0.0,0.0,0.0,0.0,0.0,0.0,0.0,0.0,0.0,0.0,0.0,0.0,0.0,0.0,0.0,0.0,0.0,0.0,0.0,0.0,0.0,0.0,0.0,0.0,0.0,0.0,0.0,0.0,0.0,0.0,0.0,0.0,0.0,0.0,0.0,0.0,0.0,0.0,0.0,0.0,0.0,0.0,0.0,0.0,0.0,0.0,0.0
7304,0.0,0.0,0.0,0.0,0.0,0.0,0.0,0.0,0.0,0.0,0.0,0.0,0.0,0.0,0.0,0.0,0.0,0.0,0.0,0.0,0.0,0.0,0.0,0.0,0.0,0.0,0.0,0.0,0.0,0.0,0.0,0.0,0.0,0.0,0.0,0.0,0.0,0.0,0.0,0.0,0.0,0.0,0.0,0.0,0.0,0.0,0.0,0.0,0.0,0.0,0.0,0.0,0.0,0.0,0.0,0.0,0.0,0.0,0.0,0.0,0.0,0.0,0.0,0.0
7305,0.0,0.0,0.0,0.0,0.0,0.0,0.0,0.0,0.0,0.0,0.0,0.0,0.0,0.0,0.0,0.0,0.0,0.0,0.0,0.0,0.0,0.0,0.0,0.0,0.0,0.0,0.0,0.0,0.0,0.0,0.0,0.0,0.0,0.0,0.0,0.0,0.0,0.0,0.0,0.0,0.0,0.0,0.0,0.0,0.0,0.0,0.0,0.0,0.0,0.0,0.0,0.0,0.0,0.0,0.0,0.0,0.0,0.0,0.0,0.0,0.0,0.0,0.0,0.0
7306,0.0,0.0,0.0,0.0,0.0,0.0,0.0,0.0,0.0,0.0,0.0,0.0,0.0,0.0,0.0,0.0,0.0,0.0,0.0,0.0,0.0,0.0,0.0,0.0,0.0,0.0,0.0,0.0,0.0,0.0,0.0,0.0,0.0,0.0,0.0,0.0,0.0,0.0,0.0,0.0,0.0,0.0,0.0,0.0,0.0,0.0,0.0,0.0,0.0,0.0,0.0,0.0,0.0,0.0,0.0,0.0,0.0,0.0,0.0,0.0,0.0,0.0,0.0,0.0
7307,0.0,0.0,0.0,0.0,0.0,0.0,0.0,0.0,0.0,0.0,0.0,0.0,0.0,0.0,0.0,0.0,0.0,0.0,0.0,0.0,0.0,0.0,0.0,0.0,0.01,0.0,0.0,0.0,0.0,0.0,0.0,0.0,0.0,0.0,0.0,0.0,0.0,0.0,0.0,0.0,0.0,0.0,0.0,0.0,0.0,0.0,0.0,0.0,0.0,0.0,0.0,0.0,0.0,0.0,0.0,0.0,0.0,0.0,0.0,0.0,0.0,0.0,0.0,0.0
7308,0.0,0.0,0.0,0.0,0.0,0.04,0.0,0.0,0.0,0.12,0.0,0.0,0.0,0.0,0.0,0.0,0.0,0.04,0.02,0.0,0.04,0.0,0.04,0.01,0.03,0.0,0.0,0.0,0.0,0.0,0.0,0.0,0.0,0.0,0.0,0.01,0.01,0.0,0.01,0.0,0.02,0.0,0.0,0.01,0.0,0.01,0.05,0.0,0.0,0.05,0.0,0.0,0.01,0.0,0.02,0.02,0.0,0.0,0.0,0.0,0.0,0.0,0.0,0.0
7309,0.0,0.02,0.04,0.0,0.0,0.26,0.0,0.0,0.01,0.69,0.01,0.0,0.01,0.01,0.01,0.01,0.01,0.02,0.03,0.01,0.18,0.01,0.0,0.02,0.26,0.01,0.0,0.0,0.0,0.01,0.01,0.0,0.0,0.0,0.0,0.01,0.02,0.01,0.03,0.01,0.02,0.01,0.01,0.02,0.02,0.02,0.12,0.0,0.0,0.18,0.01,0.0,0.02,0.01,0.02,0.01,0.0,0.01,0.01,0.01,0.0,0.01,0.0,0.01
7310,0.0,0.08,0.16,0.0,0.0,0.76,0.0,0.0,0.02,0.04,0.01,0.01,0.01,0.02,0.02,0.02,0.01,0.01,0.01,0.02,0.04,0.01,0.02,0.02,0.37,0.01,0.0,0.0,0.01,0.03,0.01,0.0,0.0,0.0,0.0,0.01,0.03,0.01,0.05,0.01,0.02,0.0,0.01,0.03,0.02,0.03,0.43,0.0,0.0,0.36,0.02,0.01,0.04,0.01,0.01,0.02,0.0,0.01,0.01,0.01,0.01,0.02,0.01,0.02
7311,0.0,0.25,0.17,0.0,0.0,0.8,0.0,0.0,0.02,0.26,0.02,0.02,0.01,0.03,0.03,0.03,0.01,0.01,0.01,0.02,0.03,0.02,0.01,0.03,0.82,0.02,0.0,0.0,0.02,0.1,0.02,0.0,0.0,0.0,0.0,0.02,0.06,0.02,0.05,0.02,0.02,0.02,0.0,0.03,0.02,0.03,0.81,0.0,0.0,0.81,0.03,0.07,0.04,0.02,0.01,0.05,0.0,0.01,0.03,0.02,0.03,0.02,0.01,0.04
7312,0.0,0.17,0.14,0.0,0.0,0.81,0.0,0.0,0.02,0.06,0.02,0.02,0.01,0.02,0.02,0.02,0.01,0.02,0.02,0.02,0.02,0.02,0.01,0.04,0.82,0.03,0.0,0.0,0.02,0.17,0.04,0.0,0.0,0.0,0.0,0.03,0.06,0.02,0.02,0.02,0.04,0.02,0.02,0.04,0.04,0.03,0.33,0.0,0.0,0.81,0.11,0.02,0.05,0.03,0.02,0.04,0.0,0.01,0.05,0.02,0.02,0.04,0.01,0.04
7313,0.0,0.32,0.15,0.0,0.0,0.19,0.0,0.0,0.01,0.05,0.01,0.01,0.01,0.02,0.02,0.02,0.01,0.01,0.02,0.01,0.01,0.01,0.01,0.03,0.8,0.05,0.0,0.0,0.02,0.37,0.06,0.0,0.0,0.0,0.0,0.02,0.03,0.01,0.02,0.01,0.05,0.02,0.01,0.03,0.03,0.01,0.09,0.0,0.0,0.8,0.07,0.02,0.02,0.08,0.02,0.07,0.0,0.04,0.06,0.02,0.03,0.04,0.01,0.05
7314,0.0,0.3,0.21,0.0,0.0,0.06,0.0,0.0,0.01,0.02,0.01,0.01,0.0,0.01,0.01,0.01,0.01,0.01,0.01,0.01,0.01,0.01,0.0,0.01,0.75,0.03,0.0,0.0,0.01,0.34,0.04,0.0,0.0,0.0,0.0,0.01,0.01,0.01,0.01,0.01,0.01,0.01,0.01,0.01,0.01,0.01,0.04,0.0,0.0,0.08,0.08,0.01,0.01,0.06,0.01,0.04,0.0,0.02,0.02,0.01,0.03,0.17,0.02,0.04
7315,0.0,0.23,0.07,0.0,0.0,0.07,0.0,0.0,0.0,0.0,0.0,0.0,0.0,0.0,0.0,0.0,0.0,0.0,0.0,0.0,0.0,0.0,0.0,0.0,0.63,0.03,0.0,0.0,0.02,0.54,0.01,0.0,0.0,0.0,0.0,0.0,0.0,0.0,0.0,0.0,0.01,0.0,0.0,0.0,0.0,0.0,0.12,0.0,0.0,0.11,0.3,0.01,0.01,0.02,0.01,0.34,0.0,0.21,0.32,0.0,0.11,0.3,0.02,0.35
7316,0.0,0.11,0.02,0.0,0.0,0.0,0.0,0.0,0.0,0.0,0.0,0.0,0.0,0.0,0.0,0.0,0.0,0.0,0.0,0.0,0.0,0.0,0.0,0.0,0.01,0.02,0.0,0.0,0.02,0.11,0.1,0.0,0.0,0.0,0.0,0.0,0.0,0.0,0.0,0.0,0.0,0.0,0.0,0.0,0.0,0.0,0.02,0.0,0.0,0.21,0.02,0.01,0.0,0.0,0.0,0.02,0.0,0.01,0.01,0.0,0.02,0.01,0.0,0.02
7317,0.0,0.0,0.0,0.0,0.0,0.0,0.0,0.0,0.0,0.0,0.0,0.0,0.0,0.0,0.0,0.0,0.0,0.0,0.0,0.0,0.0,0.0,0.0,0.0,0.0,0.0,0.0,0.0,0.0,0.0,0.0,0.0,0.0,0.0,0.0,0.0,0.0,0.0,0.0,0.0,0.0,0.0,0.0,0.0,0.0,0.0,0.0,0.0,0.0,0.0,0.0,0.0,0.0,0.0,0.0,0.0,0.0,0.0,0.0,0.0,0.0,0.0,0.0,0.0
7318,0.0,0.0,0.0,0.0,0.0,0.0,0.0,0.0,0.0,0.0,0.0,0.0,0.0,0.0,0.0,0.0,0.0,0.0,0.0,0.0,0.0,0.0,0.0,0.0,0.0,0.0,0.0,0.0,0.0,0.0,0.0,0.0,0.0,0.0,0.0,0.0,0.0,0.0,0.0,0.0,0.0,0.0,0.0,0.0,0.0,0.0,0.0,0.0,0.0,0.0,0.0,0.0,0.0,0.0,0.0,0.0,0.0,0.0,0.0,0.0,0.0,0.0,0.0,0.0
7319,0.0,0.0,0.0,0.0,0.0,0.0,0.0,0.0,0.0,0.0,0.0,0.0,0.0,0.0,0.0,0.0,0.0,0.0,0.0,0.0,0.0,0.0,0.0,0.0,0.0,0.0,0.0,0.0,0.0,0.0,0.0,0.0,0.0,0.0,0.0,0.0,0.0,0.0,0.0,0.0,0.0,0.0,0.0,0.0,0.0,0.0,0.0,0.0,0.0,0.0,0.0,0.0,0.0,0.0,0.0,0.0,0.0,0.0,0.0,0.0,0.0,0.0,0.0,0.0
7320,0.0,0.0,0.0,0.0,0.0,0.0,0.0,0.0,0.0,0.0,0.0,0.0,0.0,0.0,0.0,0.0,0.0,0.0,0.0,0.0,0.0,0.0,0.0,0.0,0.0,0.0,0.0,0.0,0.0,0.0,0.0,0.0,0.0,0.0,0.0,0.0,0.0,0.0,0.0,0.0,0.0,0.0,0.0,0.0,0.0,0.0,0.0,0.0,0.0,0.0,0.0,0.0,0.0,0.0,0.0,0.0,0.0,0.0,0.0,0.0,0.0,0.0,0.0,0.0
7321,0.0,0.0,0.0,0.0,0.0,0.0,0.0,0.0,0.0,0.0,0.0,0.0,0.0,0.0,0.0,0.0,0.0,0.0,0.0,0.0,0.0,0.0,0.0,0.0,0.0,0.0,0.0,0.0,0.0,0.0,0.0,0.0,0.0,0.0,0.0,0.0,0.0,0.0,0.0,0.0,0.0,0.0,0.0,0.0,0.0,0.0,0.0,0.0,0.0,0.0,0.0,0.0,0.0,0.0,0.0,0.0,0.0,0.0,0.0,0.0,0.0,0.0,0.0,0.0
7322,0.0,0.0,0.0,0.0,0.0,0.0,0.0,0.0,0.0,0.0,0.0,0.0,0.0,0.0,0.0,0.0,0.0,0.0,0.0,0.0,0.0,0.0,0.0,0.0,0.0,0.0,0.0,0.0,0.0,0.0,0.0,0.0,0.0,0.0,0.0,0.0,0.0,0.0,0.0,0.0,0.0,0.0,0.0,0.0,0.0,0.0,0.0,0.0,0.0,0.0,0.0,0.0,0.0,0.0,0.0,0.0,0.0,0.0,0.0,0.0,0.0,0.0,0.0,0.0
7323,0.0,0.0,0.0,0.0,0.0,0.0,0.0,0.0,0.0,0.0,0.0,0.0,0.0,0.0,0.0,0.0,0.0,0.0,0.0,0.0,0.0,0.0,0.0,0.0,0.0,0.0,0.0,0.0,0.0,0.0,0.0,0.0,0.0,0.0,0.0,0.0,0.0,0.0,0.0,0.0,0.0,0.0,0.0,0.0,0.0,0.0,0.0,0.0,0.0,0.0,0.0,0.0,0.0,0.0,0.0,0.0,0.0,0.0,0.0,0.0,0.0,0.0,0.0,0.0
7324,0.0,0.0,0.0,0.0,0.0,0.0,0.0,0.0,0.0,0.0,0.0,0.0,0.0,0.0,0.0,0.0,0.0,0.0,0.0,0.0,0.0,0.0,0.0,0.0,0.0,0.0,0.0,0.0,0.0,0.0,0.0,0.0,0.0,0.0,0.0,0.0,0.0,0.0,0.0,0.0,0.0,0.0,0.0,0.0,0.0,0.0,0.0,0.0,0.0,0.0,0.0,0.0,0.0,0.0,0.0,0.0,0.0,0.0,0.0,0.0,0.0,0.0,0.0,0.0
7325,0.0,0.0,0.0,0.0,0.0,0.0,0.0,0.0,0.0,0.0,0.0,0.0,0.0,0.0,0.0,0.0,0.0,0.0,0.0,0.0,0.0,0.0,0.0,0.0,0.0,0.0,0.0,0.0,0.0,0.0,0.0,0.0,0.0,0.0,0.0,0.0,0.0,0.0,0.0,0.0,0.0,0.0,0.0,0.0,0.0,0.0,0.0,0.0,0.0,0.0,0.0,0.0,0.0,0.0,0.0,0.0,0.0,0.0,0.0,0.0,0.0,0.0,0.0,0.0
7326,0.0,0.0,0.0,0.0,0.0,0.0,0.0,0.0,0.0,0.0,0.0,0.0,0.0,0.0,0.0,0.0,0.0,0.0,0.0,0.0,0.0,0.0,0.0,0.0,0.0,0.0,0.0,0.0,0.0,0.0,0.0,0.0,0.0,0.0,0.0,0.0,0.0,0.0,0.0,0.0,0.0,0.0,0.0,0.0,0.0,0.0,0.0,0.0,0.0,0.0,0.0,0.0,0.0,0.0,0.0,0.0,0.0,0.0,0.0,0.0,0.0,0.0,0.0,0.0
7327,0.0,0.0,0.0,0.0,0.0,0.0,0.0,0.0,0.0,0.0,0.0,0.0,0.0,0.0,0.0,0.0,0.0,0.0,0.0,0.0,0.0,0.0,0.0,0.0,0.0,0.0,0.0,0.0,0.0,0.0,0.0,0.0,0.0,0.0,0.0,0.0,0.0,0.0,0.0,0.0,0.0,0.0,0.0,0.0,0.0,0.0,0.0,0.0,0.0,0.0,0.0,0.0,0.0,0.0,0.0,0.0,0.0,0.0,0.0,0.0,0.0,0.0,0.0,0.0
7328,0.0,0.0,0.0,0.0,0.0,0.0,0.0,0.0,0.0,0.0,0.0,0.0,0.0,0.0,0.0,0.0,0.0,0.0,0.0,0.0,0.0,0.0,0.0,0.0,0.0,0.0,0.0,0.0,0.0,0.0,0.0,0.0,0.0,0.0,0.0,0.0,0.0,0.0,0.0,0.0,0.0,0.0,0.0,0.0,0.0,0.0,0.0,0.0,0.0,0.0,0.0,0.0,0.0,0.0,0.0,0.0,0.0,0.0,0.0,0.0,0.0,0.0,0.0,0.0
7329,0.0,0.0,0.0,0.0,0.0,0.0,0.0,0.0,0.0,0.0,0.0,0.0,0.0,0.0,0.0,0.0,0.0,0.0,0.0,0.0,0.0,0.0,0.0,0.0,0.0,0.0,0.0,0.0,0.0,0.0,0.0,0.0,0.0,0.0,0.0,0.0,0.0,0.0,0.0,0.0,0.0,0.0,0.0,0.0,0.0,0.0,0.0,0.0,0.0,0.0,0.0,0.0,0.0,0.0,0.0,0.0,0.0,0.0,0.0,0.0,0.0,0.0,0.0,0.0
7330,0.0,0.0,0.0,0.0,0.0,0.0,0.0,0.0,0.0,0.0,0.0,0.0,0.0,0.0,0.0,0.0,0.0,0.0,0.0,0.0,0.0,0.0,0.0,0.0,0.0,0.0,0.0,0.0,0.0,0.0,0.0,0.0,0.0,0.0,0.0,0.0,0.0,0.0,0.0,0.0,0.0,0.0,0.0,0.0,0.0,0.0,0.0,0.0,0.0,0.0,0.0,0.0,0.0,0.0,0.0,0.0,0.0,0.0,0.0,0.0,0.0,0.0,0.0,0.0
7331,0.0,0.38,0.38,0.0,0.0,0.41,0.0,0.0,0.4,0.2,0.39,0.05,0.44,0.42,0.42,0.42,0.05,0.39,0.02,0.41,0.04,0.42,0.43,0.4,0.45,0.07,0.0,0.0,0.36,0.38,0.38,0.0,0.0,0.0,0.0,0.38,0.38,0.39,0.02,0.08,0.02,0.02,0.02,0.4,0.4,0.01,0.41,0.0,0.0,0.41,0.04,0.35,0.03,0.3,0.02,0.27,0.0,0.06,0.07,0.31,0.13,0.03,0.37,0.12
7332,0.0,0.72,0.72,0.0,0.0,0.71,0.0,0.0,0.7,0.72,0.7,0.73,0.71,0.7,0.71,0.7,0.73,0.74,0.2,0.7,0.72,0.71,0.71,0.72,0.72,0.73,0.0,0.0,0.71,0.72,0.72,0.0,0.0,0.0,0.0,0.71,0.7,0.74,0.72,0.32,0.32,0.72,0.72,0.71,0.72,0.34,0.71,0.0,0.0,0.71,0.72,0.7,0.55,0.69,0.71,0.68,0.0,0.7,0.72,0.71,0.72,0.71,0.72,0.72
7333,0.0,0.78,0.79,0.0,0.0,0.75,0.0,0.0,0.74,0.78,0.75,0.78,0.75,0.75,0.75,0.74,0.79,0.79,0.53,0.74,0.78,0.75,0.42,0.76,0.76,0.79,0.0,0.0,0.76,0.78,0.78,0.0,0.0,0.0,0.0,0.76,0.74,0.8,0.77,0.8,0.8,0.76,0.77,0.75,0.76,0.78,0.76,0.0,0.0,0.76,0.79,0.76,0.78,0.77,0.78,0.76,0.0,0.77,0.79,0.77,0.78,0.79,0.78,0.79
7334,0.0,0.84,0.85,0.0,0.0,0.81,0.0,0.0,0.8,0.86,0.82,0.86,0.82,0.81,0.81,0.81,0.88,0.86,0.86,0.8,0.85,0.81,0.83,0.82,0.82,0.85,0.0,0.0,0.81,0.84,0.84,0.0,0.0,0.0,0.0,0.82,0.8,0.88,0.83,0.88,0.87,0.83,0.83,0.81,0.82,0.84,0.82,0.0,0.0,0.82,0.87,0.82,0.85,0.85,0.65,0.84,0.0,0.84,0.87,0.84,0.85,0.87,0.84,0.86
7335,0.0,0.86,0.87,0.0,0.0,0.83,0.0,0.0,0.82,0.88,0.84,0.89,0.84,0.83,0.83,0.82,0.9,0.88,0.89,0.83,0.88,0.83,0.85,0.84,0.83,0.87,0.0,0.0,0.83,0.86,0.86,0.0,0.0,0.0,0.0,0.84,0.82,0.91,0.86,0.9,0.91,0.85,0.86,0.83,0.85,0.87,0.83,0.0,0.0,0.83,0.89,0.85,0.88,0.87,0.87,0.86,0.0,0.87,0.89,0.86,0.87,0.89,0.86,0.88
7336,0.0,0.86,0.86,0.0,0.0,0.81,0.0,0.0,0.81,0.87,0.84,0.89,0.83,0.83,0.82,0.82,0.89,0.88,0.89,0.83,0.87,0.82,0.84,0.84,0.82,0.87,0.0,0.0,0.84,0.86,0.86,0.0,0.0,0.0,0.0,0.84,0.82,0.91,0.86,0.9,0.9,0.85,0.86,0.82,0.84,0.86,0.82,0.0,0.0,0.81,0.89,0.86,0.88,0.86,0.87,0.85,0.0,0.87,0.88,0.87,0.87,0.89,0.87,0.87
7337,0.0,0.83,0.84,0.0,0.0,0.79,0.0,0.0,0.79,0.84,0.82,0.87,0.82,0.8,0.8,0.8,0.87,0.85,0.86,0.8,0.84,0.8,0.82,0.82,0.79,0.84,0.0,0.0,0.82,0.83,0.84,0.0,0.0,0.0,0.0,0.82,0.8,0.88,0.83,0.88,0.88,0.83,0.84,0.8,0.82,0.85,0.79,0.0,0.0,0.79,0.86,0.84,0.85,0.84,0.85,0.82,0.0,0.85,0.85,0.84,0.84,0.87,0.86,0.85
7338,0.0,0.81,0.82,0.0,0.0,0.77,0.0,0.0,0.77,0.8,0.79,0.85,0.78,0.79,0.79,0.78,0.84,0.82,0.83,0.79,0.81,0.79,0.78,0.79,0.77,0.83,0.0,0.0,0.81,0.81,0.82,0.0,0.0,0.0,0.0,0.8,0.78,0.85,0.82,0.85,0.85,0.82,0.82,0.79,0.79,0.82,0.77,0.0,0.0,0.77,0.82,0.81,0.82,0.8,0.83,0.8,0.0,0.81,0.82,0.82,0.81,0.83,0.83,0.81
7339,0.0,0.71,0.72,0.0,0.0,0.67,0.0,0.0,0.66,0.66,0.68,0.72,0.65,0.67,0.67,0.67,0.72,0.68,0.69,0.67,0.68,0.67,0.65,0.68,0.66,0.72,0.0,0.0,0.7,0.71,0.71,0.0,0.0,0.0,0.0,0.7,0.68,0.73,0.72,0.73,0.74,0.71,0.72,0.68,0.69,0.72,0.67,0.0,0.0,0.67,0.72,0.72,0.7,0.69,0.7,0.69,0.0,0.7,0.72,0.71,0.71,0.72,0.72,0.71
7340,0.0,0.39,0.4,0.0,0.0,0.33,0.0,0.0,0.19,0.0,0.22,0.17,0.0,0.09,0.09,0.12,0.23,0.0,0.0,0.15,0.01,0.06,0.0,0.25,0.26,0.39,0.0,0.0,0.36,0.38,0.38,0.0,0.0,0.0,0.0,0.34,0.29,0.27,0.35,0.27,0.31,0.34,0.34,0.28,0.27,0.35,0.33,0.0,0.0,0.32,0.37,0.38,0.31,0.35,0.28,0.29,0.0,0.33,0.36,0.3,0.37,0.36,0.38,0.36
7341,0.0,0.0,0.0,0.0,0.0,0.0,0.0,0.0,0.0,0.0,0.0,0.0,0.0,0.0,0.0,0.0,0.0,0.0,0.0,0.0,0.0,0.0,0.0,0.0,0.0,0.0,0.0,0.0,0.0,0.0,0.0,0.0,0.0,0.0,0.0,0.0,0.0,0.0,0.0,0.0,0.0,0.0,0.0,0.0,0.0,0.0,0.0,0.0,0.0,0.0,0.0,0.0,0.0,0.0,0.0,0.0,0.0,0.0,0.0,0.0,0.0,0.0,0.0,0.0
7342,0.0,0.0,0.0,0.0,0.0,0.0,0.0,0.0,0.0,0.0,0.0,0.0,0.0,0.0,0.0,0.0,0.0,0.0,0.0,0.0,0.0,0.0,0.0,0.0,0.0,0.0,0.0,0.0,0.0,0.0,0.0,0.0,0.0,0.0,0.0,0.0,0.0,0.0,0.0,0.0,0.0,0.0,0.0,0.0,0.0,0.0,0.0,0.0,0.0,0.0,0.0,0.0,0.0,0.0,0.0,0.0,0.0,0.0,0.0,0.0,0.0,0.0,0.0,0.0
7343,0.0,0.0,0.0,0.0,0.0,0.0,0.0,0.0,0.0,0.0,0.0,0.0,0.0,0.0,0.0,0.0,0.0,0.0,0.0,0.0,0.0,0.0,0.0,0.0,0.0,0.0,0.0,0.0,0.0,0.0,0.0,0.0,0.0,0.0,0.0,0.0,0.0,0.0,0.0,0.0,0.0,0.0,0.0,0.0,0.0,0.0,0.0,0.0,0.0,0.0,0.0,0.0,0.0,0.0,0.0,0.0,0.0,0.0,0.0,0.0,0.0,0.0,0.0,0.0
7344,0.0,0.0,0.0,0.0,0.0,0.0,0.0,0.0,0.0,0.0,0.0,0.0,0.0,0.0,0.0,0.0,0.0,0.0,0.0,0.0,0.0,0.0,0.0,0.0,0.0,0.0,0.0,0.0,0.0,0.0,0.0,0.0,0.0,0.0,0.0,0.0,0.0,0.0,0.0,0.0,0.0,0.0,0.0,0.0,0.0,0.0,0.0,0.0,0.0,0.0,0.0,0.0,0.0,0.0,0.0,0.0,0.0,0.0,0.0,0.0,0.0,0.0,0.0,0.0
7345,0.0,0.0,0.0,0.0,0.0,0.0,0.0,0.0,0.0,0.0,0.0,0.0,0.0,0.0,0.0,0.0,0.0,0.0,0.0,0.0,0.0,0.0,0.0,0.0,0.0,0.0,0.0,0.0,0.0,0.0,0.0,0.0,0.0,0.0,0.0,0.0,0.0,0.0,0.0,0.0,0.0,0.0,0.0,0.0,0.0,0.0,0.0,0.0,0.0,0.0,0.0,0.0,0.0,0.0,0.0,0.0,0.0,0.0,0.0,0.0,0.0,0.0,0.0,0.0
7346,0.0,0.0,0.0,0.0,0.0,0.0,0.0,0.0,0.0,0.0,0.0,0.0,0.0,0.0,0.0,0.0,0.0,0.0,0.0,0.0,0.0,0.0,0.0,0.0,0.0,0.0,0.0,0.0,0.0,0.0,0.0,0.0,0.0,0.0,0.0,0.0,0.0,0.0,0.0,0.0,0.0,0.0,0.0,0.0,0.0,0.0,0.0,0.0,0.0,0.0,0.0,0.0,0.0,0.0,0.0,0.0,0.0,0.0,0.0,0.0,0.0,0.0,0.0,0.0
7347,0.0,0.0,0.0,0.0,0.0,0.0,0.0,0.0,0.0,0.0,0.0,0.0,0.0,0.0,0.0,0.0,0.0,0.0,0.0,0.0,0.0,0.0,0.0,0.0,0.0,0.0,0.0,0.0,0.0,0.0,0.0,0.0,0.0,0.0,0.0,0.0,0.0,0.0,0.0,0.0,0.0,0.0,0.0,0.0,0.0,0.0,0.0,0.0,0.0,0.0,0.0,0.0,0.0,0.0,0.0,0.0,0.0,0.0,0.0,0.0,0.0,0.0,0.0,0.0
7348,0.0,0.0,0.0,0.0,0.0,0.0,0.0,0.0,0.0,0.0,0.0,0.0,0.0,0.0,0.0,0.0,0.0,0.0,0.0,0.0,0.0,0.0,0.0,0.0,0.0,0.0,0.0,0.0,0.0,0.0,0.0,0.0,0.0,0.0,0.0,0.0,0.0,0.0,0.0,0.0,0.0,0.0,0.0,0.0,0.0,0.0,0.0,0.0,0.0,0.0,0.0,0.0,0.0,0.0,0.0,0.0,0.0,0.0,0.0,0.0,0.0,0.0,0.0,0.0
7349,0.0,0.0,0.0,0.0,0.0,0.0,0.0,0.0,0.0,0.0,0.0,0.0,0.0,0.0,0.0,0.0,0.0,0.0,0.0,0.0,0.0,0.0,0.0,0.0,0.0,0.0,0.0,0.0,0.0,0.0,0.0,0.0,0.0,0.0,0.0,0.0,0.0,0.0,0.0,0.0,0.0,0.0,0.0,0.0,0.0,0.0,0.0,0.0,0.0,0.0,0.0,0.0,0.0,0.0,0.0,0.0,0.0,0.0,0.0,0.0,0.0,0.0,0.0,0.0
7350,0.0,0.0,0.0,0.0,0.0,0.0,0.0,0.0,0.0,0.0,0.0,0.0,0.0,0.0,0.0,0.0,0.0,0.0,0.0,0.0,0.0,0.0,0.0,0.0,0.0,0.0,0.0,0.0,0.0,0.0,0.0,0.0,0.0,0.0,0.0,0.0,0.0,0.0,0.0,0.0,0.0,0.0,0.0,0.0,0.0,0.0,0.0,0.0,0.0,0.0,0.0,0.0,0.0,0.0,0.0,0.0,0.0,0.0,0.0,0.0,0.0,0.0,0.0,0.0
7351,0.0,0.0,0.0,0.0,0.0,0.0,0.0,0.0,0.0,0.0,0.0,0.0,0.0,0.0,0.0,0.0,0.0,0.0,0.0,0.0,0.0,0.0,0.0,0.0,0.0,0.0,0.0,0.0,0.0,0.0,0.0,0.0,0.0,0.0,0.0,0.0,0.0,0.0,0.0,0.0,0.0,0.0,0.0,0.0,0.0,0.0,0.0,0.0,0.0,0.0,0.0,0.0,0.0,0.0,0.0,0.0,0.0,0.0,0.0,0.0,0.0,0.0,0.0,0.0
7352,0.0,0.0,0.0,0.0,0.0,0.0,0.0,0.0,0.0,0.0,0.0,0.0,0.0,0.0,0.0,0.0,0.0,0.0,0.0,0.0,0.0,0.0,0.0,0.0,0.0,0.0,0.0,0.0,0.0,0.0,0.0,0.0,0.0,0.0,0.0,0.0,0.0,0.0,0.0,0.0,0.0,0.0,0.0,0.0,0.0,0.0,0.0,0.0,0.0,0.0,0.0,0.0,0.0,0.0,0.0,0.0,0.0,0.0,0.0,0.0,0.0,0.0,0.0,0.0
7353,0.0,0.0,0.0,0.0,0.0,0.0,0.0,0.0,0.0,0.0,0.0,0.0,0.0,0.0,0.0,0.0,0.0,0.0,0.0,0.0,0.0,0.0,0.0,0.0,0.0,0.0,0.0,0.0,0.0,0.0,0.0,0.0,0.0,0.0,0.0,0.0,0.0,0.0,0.0,0.0,0.0,0.0,0.0,0.0,0.0,0.0,0.0,0.0,0.0,0.0,0.0,0.0,0.0,0.0,0.0,0.0,0.0,0.0,0.0,0.0,0.0,0.0,0.0,0.0
7354,0.0,0.0,0.0,0.0,0.0,0.0,0.0,0.0,0.0,0.0,0.0,0.0,0.0,0.0,0.0,0.0,0.0,0.0,0.0,0.0,0.0,0.0,0.0,0.0,0.0,0.0,0.0,0.0,0.0,0.0,0.0,0.0,0.0,0.0,0.0,0.0,0.0,0.0,0.0,0.0,0.0,0.0,0.0,0.0,0.0,0.0,0.0,0.0,0.0,0.0,0.0,0.0,0.0,0.0,0.0,0.0,0.0,0.0,0.0,0.0,0.0,0.0,0.0,0.0
7355,0.0,0.02,0.01,0.0,0.0,0.08,0.0,0.0,0.02,0.01,0.02,0.01,0.09,0.02,0.02,0.02,0.02,0.05,0.04,0.02,0.01,0.02,0.06,0.03,0.17,0.04,0.0,0.0,0.01,0.02,0.09,0.0,0.0,0.0,0.0,0.02,0.02,0.02,0.02,0.02,0.01,0.04,0.02,0.02,0.02,0.02,0.01,0.0,0.0,0.09,0.01,0.01,0.0,0.0,0.01,0.0,0.0,0.0,0.01,0.0,0.01,0.0,0.01,0.01
7356,0.0,0.32,0.21,0.0,0.0,0.5,0.0,0.0,0.2,0.2,0.26,0.29,0.15,0.22,0.24,0.33,0.22,0.21,0.2,0.29,0.19,0.23,0.18,0.52,0.55,0.32,0.0,0.0,0.22,0.42,0.31,0.0,0.0,0.0,0.0,0.06,0.53,0.22,0.28,0.26,0.58,0.33,0.31,0.58,0.57,0.26,0.52,0.0,0.0,0.53,0.09,0.29,0.19,0.36,0.25,0.35,0.0,0.1,0.14,0.17,0.22,0.17,0.22,0.13
7357,0.0,0.18,0.16,0.0,0.0,0.38,0.0,0.0,0.65,0.34,0.52,0.52,0.37,0.48,0.51,0.51,0.55,0.46,0.48,0.56,0.4,0.42,0.27,0.47,0.4,0.47,0.0,0.0,0.65,0.19,0.42,0.0,0.0,0.0,0.0,0.32,0.27,0.51,0.43,0.5,0.59,0.43,0.58,0.36,0.32,0.5,0.42,0.0,0.0,0.42,0.28,0.37,0.6,0.2,0.36,0.36,0.0,0.54,0.28,0.66,0.31,0.31,0.27,0.3
7358,0.0,0.48,0.49,0.0,0.0,0.46,0.0,0.0,0.66,0.51,0.68,0.47,0.53,0.46,0.46,0.37,0.72,0.46,0.5,0.28,0.47,0.6,0.48,0.54,0.49,0.78,0.0,0.0,0.7,0.57,0.75,0.0,0.0,0.0,0.0,0.74,0.37,0.48,0.58,0.53,0.46,0.74,0.41,0.56,0.46,0.44,0.45,0.0,0.0,0.45,0.59,0.7,0.55,0.54,0.52,0.52,0.0,0.55,0.52,0.72,0.47,0.61,0.47,0.48
7359,0.0,0.49,0.5,0.0,0.0,0.45,0.0,0.0,0.42,0.57,0.46,0.58,0.55,0.66,0.63,0.5,0.58,0.4,0.47,0.42,0.6,0.67,0.66,0.71,0.61,0.56,0.0,0.0,0.57,0.5,0.64,0.0,0.0,0.0,0.0,0.78,0.44,0.46,0.52,0.48,0.46,0.59,0.38,0.74,0.55,0.44,0.46,0.0,0.0,0.47,0.76,0.57,0.72,0.2,0.71,0.51,0.0,0.11,0.62,0.69,0.44,0.82,0.63,0.48
7360,0.0,0.45,0.45,0.0,0.0,0.47,0.0,0.0,0.39,0.54,0.42,0.67,0.65,0.43,0.45,0.5,0.47,0.47,0.48,0.42,0.57,0.42,0.6,0.57,0.45,0.45,0.0,0.0,0.46,0.44,0.44,0.0,0.0,0.0,0.0,0.52,0.48,0.44,0.52,0.44,0.41,0.5,0.55,0.64,0.54,0.56,0.46,0.0,0.0,0.46,0.72,0.57,0.06,0.83,0.78,0.16,0.0,0.15,0.63,0.23,0.48,0.76,0.59,0.56
7361,0.0,0.37,0.39,0.0,0.0,0.42,0.0,0.0,0.38,0.37,0.21,0.61,0.39,0.35,0.39,0.43,0.47,0.7,0.71,0.39,0.46,0.34,0.44,0.37,0.41,0.33,0.0,0.0,0.36,0.35,0.31,0.0,0.0,0.0,0.0,0.35,0.43,0.33,0.43,0.38,0.37,0.44,0.42,0.4,0.4,0.42,0.42,0.0,0.0,0.4,0.38,0.32,0.05,0.63,0.24,0.09,0.0,0.3,0.37,0.08,0.45,0.41,0.33,0.41
7362,0.0,0.3,0.33,0.0,0.0,0.31,0.0,0.0,0.18,0.33,0.24,0.28,0.27,0.26,0.26,0.26,0.25,0.5,0.58,0.27,0.54,0.26,0.21,0.25,0.26,0.21,0.0,0.0,0.26,0.27,0.25,0.0,0.0,0.0,0.0,0.44,0.24,0.2,0.27,0.21,0.2,0.28,0.24,0.24,0.26,0.26,0.31,0.0,0.0,0.3,0.54,0.35,0.17,0.26,0.51,0.61,0.0,0.25,0.54,0.5,0.49,0.48,0.27,0.55
7363,0.0,0.31,0.31,0.0,0.0,0.22,0.0,0.0,0.04,0.5,0.03,0.18,0.33,0.23,0.08,0.02,0.18,0.34,0.33,0.06,0.08,0.22,0.24,0.24,0.17,0.25,0.0,0.0,0.19,0.3,0.25,0.0,0.0,0.0,0.0,0.24,0.2,0.18,0.18,0.19,0.25,0.19,0.19,0.32,0.22,0.18,0.27,0.0,0.0,0.23,0.26,0.27,0.38,0.46,0.2,0.18,0.0,0.45,0.23,0.3,0.22,0.31,0.24,0.23
7364,0.0,0.18,0.23,0.0,0.0,0.04,0.0,0.0,0.05,0.0,0.01,0.03,0.0,0.0,0.01,0.0,0.06,0.0,0.0,0.0,0.01,0.01,0.0,0.04,0.04,0.14,0.0,0.0,0.11,0.18,0.15,0.0,0.0,0.0,0.0,0.14,0.04,0.06,0.23,0.07,0.07,0.23,0.13,0.08,0.04,0.17,0.04,0.0,0.0,0.04,0.08,0.11,0.07,0.08,0.13,0.13,0.0,0.01,0.05,0.01,0.05,0.1,0.05,0.05
7365,0.0,0.0,0.0,0.0,0.0,0.0,0.0,0.0,0.0,0.0,0.0,0.0,0.0,0.0,0.0,0.0,0.0,0.0,0.0,0.0,0.0,0.0,0.0,0.0,0.0,0.0,0.0,0.0,0.0,0.0,0.0,0.0,0.0,0.0,0.0,0.0,0.0,0.0,0.0,0.0,0.0,0.0,0.0,0.0,0.0,0.0,0.0,0.0,0.0,0.0,0.0,0.0,0.0,0.0,0.0,0.0,0.0,0.0,0.0,0.0,0.0,0.0,0.0,0.0
7366,0.0,0.0,0.0,0.0,0.0,0.0,0.0,0.0,0.0,0.0,0.0,0.0,0.0,0.0,0.0,0.0,0.0,0.0,0.0,0.0,0.0,0.0,0.0,0.0,0.0,0.0,0.0,0.0,0.0,0.0,0.0,0.0,0.0,0.0,0.0,0.0,0.0,0.0,0.0,0.0,0.0,0.0,0.0,0.0,0.0,0.0,0.0,0.0,0.0,0.0,0.0,0.0,0.0,0.0,0.0,0.0,0.0,0.0,0.0,0.0,0.0,0.0,0.0,0.0
7367,0.0,0.0,0.0,0.0,0.0,0.0,0.0,0.0,0.0,0.0,0.0,0.0,0.0,0.0,0.0,0.0,0.0,0.0,0.0,0.0,0.0,0.0,0.0,0.0,0.0,0.0,0.0,0.0,0.0,0.0,0.0,0.0,0.0,0.0,0.0,0.0,0.0,0.0,0.0,0.0,0.0,0.0,0.0,0.0,0.0,0.0,0.0,0.0,0.0,0.0,0.0,0.0,0.0,0.0,0.0,0.0,0.0,0.0,0.0,0.0,0.0,0.0,0.0,0.0
7368,0.0,0.0,0.0,0.0,0.0,0.0,0.0,0.0,0.0,0.0,0.0,0.0,0.0,0.0,0.0,0.0,0.0,0.0,0.0,0.0,0.0,0.0,0.0,0.0,0.0,0.0,0.0,0.0,0.0,0.0,0.0,0.0,0.0,0.0,0.0,0.0,0.0,0.0,0.0,0.0,0.0,0.0,0.0,0.0,0.0,0.0,0.0,0.0,0.0,0.0,0.0,0.0,0.0,0.0,0.0,0.0,0.0,0.0,0.0,0.0,0.0,0.0,0.0,0.0
7369,0.0,0.0,0.0,0.0,0.0,0.0,0.0,0.0,0.0,0.0,0.0,0.0,0.0,0.0,0.0,0.0,0.0,0.0,0.0,0.0,0.0,0.0,0.0,0.0,0.0,0.0,0.0,0.0,0.0,0.0,0.0,0.0,0.0,0.0,0.0,0.0,0.0,0.0,0.0,0.0,0.0,0.0,0.0,0.0,0.0,0.0,0.0,0.0,0.0,0.0,0.0,0.0,0.0,0.0,0.0,0.0,0.0,0.0,0.0,0.0,0.0,0.0,0.0,0.0
7370,0.0,0.0,0.0,0.0,0.0,0.0,0.0,0.0,0.0,0.0,0.0,0.0,0.0,0.0,0.0,0.0,0.0,0.0,0.0,0.0,0.0,0.0,0.0,0.0,0.0,0.0,0.0,0.0,0.0,0.0,0.0,0.0,0.0,0.0,0.0,0.0,0.0,0.0,0.0,0.0,0.0,0.0,0.0,0.0,0.0,0.0,0.0,0.0,0.0,0.0,0.0,0.0,0.0,0.0,0.0,0.0,0.0,0.0,0.0,0.0,0.0,0.0,0.0,0.0
7371,0.0,0.0,0.0,0.0,0.0,0.0,0.0,0.0,0.0,0.0,0.0,0.0,0.0,0.0,0.0,0.0,0.0,0.0,0.0,0.0,0.0,0.0,0.0,0.0,0.0,0.0,0.0,0.0,0.0,0.0,0.0,0.0,0.0,0.0,0.0,0.0,0.0,0.0,0.0,0.0,0.0,0.0,0.0,0.0,0.0,0.0,0.0,0.0,0.0,0.0,0.0,0.0,0.0,0.0,0.0,0.0,0.0,0.0,0.0,0.0,0.0,0.0,0.0,0.0
7372,0.0,0.0,0.0,0.0,0.0,0.0,0.0,0.0,0.0,0.0,0.0,0.0,0.0,0.0,0.0,0.0,0.0,0.0,0.0,0.0,0.0,0.0,0.0,0.0,0.0,0.0,0.0,0.0,0.0,0.0,0.0,0.0,0.0,0.0,0.0,0.0,0.0,0.0,0.0,0.0,0.0,0.0,0.0,0.0,0.0,0.0,0.0,0.0,0.0,0.0,0.0,0.0,0.0,0.0,0.0,0.0,0.0,0.0,0.0,0.0,0.0,0.0,0.0,0.0
7373,0.0,0.0,0.0,0.0,0.0,0.0,0.0,0.0,0.0,0.0,0.0,0.0,0.0,0.0,0.0,0.0,0.0,0.0,0.0,0.0,0.0,0.0,0.0,0.0,0.0,0.0,0.0,0.0,0.0,0.0,0.0,0.0,0.0,0.0,0.0,0.0,0.0,0.0,0.0,0.0,0.0,0.0,0.0,0.0,0.0,0.0,0.0,0.0,0.0,0.0,0.0,0.0,0.0,0.0,0.0,0.0,0.0,0.0,0.0,0.0,0.0,0.0,0.0,0.0
7374,0.0,0.0,0.0,0.0,0.0,0.0,0.0,0.0,0.0,0.0,0.0,0.0,0.0,0.0,0.0,0.0,0.0,0.0,0.0,0.0,0.0,0.0,0.0,0.0,0.0,0.0,0.0,0.0,0.0,0.0,0.0,0.0,0.0,0.0,0.0,0.0,0.0,0.0,0.0,0.0,0.0,0.0,0.0,0.0,0.0,0.0,0.0,0.0,0.0,0.0,0.0,0.0,0.0,0.0,0.0,0.0,0.0,0.0,0.0,0.0,0.0,0.0,0.0,0.0
7375,0.0,0.0,0.0,0.0,0.0,0.0,0.0,0.0,0.0,0.0,0.0,0.0,0.0,0.0,0.0,0.0,0.0,0.0,0.0,0.0,0.0,0.0,0.0,0.0,0.0,0.0,0.0,0.0,0.0,0.0,0.0,0.0,0.0,0.0,0.0,0.0,0.0,0.0,0.0,0.0,0.0,0.0,0.0,0.0,0.0,0.0,0.0,0.0,0.0,0.0,0.0,0.0,0.0,0.0,0.0,0.0,0.0,0.0,0.0,0.0,0.0,0.0,0.0,0.0
7376,0.0,0.0,0.0,0.0,0.0,0.0,0.0,0.0,0.0,0.0,0.0,0.0,0.0,0.0,0.0,0.0,0.0,0.0,0.0,0.0,0.0,0.0,0.0,0.0,0.0,0.0,0.0,0.0,0.0,0.0,0.0,0.0,0.0,0.0,0.0,0.0,0.0,0.0,0.0,0.0,0.0,0.0,0.0,0.0,0.0,0.0,0.0,0.0,0.0,0.0,0.0,0.0,0.0,0.0,0.0,0.0,0.0,0.0,0.0,0.0,0.0,0.0,0.0,0.0
7377,0.0,0.0,0.0,0.0,0.0,0.0,0.0,0.0,0.0,0.0,0.0,0.0,0.0,0.0,0.0,0.0,0.0,0.0,0.0,0.0,0.0,0.0,0.0,0.0,0.0,0.0,0.0,0.0,0.0,0.0,0.0,0.0,0.0,0.0,0.0,0.0,0.0,0.0,0.0,0.0,0.0,0.0,0.0,0.0,0.0,0.0,0.0,0.0,0.0,0.0,0.0,0.0,0.0,0.0,0.0,0.0,0.0,0.0,0.0,0.0,0.0,0.0,0.0,0.0
7378,0.0,0.0,0.0,0.0,0.0,0.0,0.0,0.0,0.0,0.0,0.0,0.0,0.0,0.0,0.0,0.0,0.0,0.0,0.0,0.0,0.0,0.0,0.0,0.0,0.0,0.0,0.0,0.0,0.0,0.0,0.0,0.0,0.0,0.0,0.0,0.0,0.0,0.0,0.0,0.0,0.0,0.0,0.0,0.0,0.0,0.0,0.0,0.0,0.0,0.0,0.0,0.0,0.0,0.0,0.0,0.0,0.0,0.0,0.0,0.0,0.0,0.0,0.0,0.0
7379,0.0,0.34,0.29,0.0,0.0,0.42,0.0,0.0,0.42,0.02,0.41,0.14,0.05,0.2,0.44,0.44,0.02,0.44,0.01,0.43,0.0,0.44,0.14,0.41,0.47,0.35,0.0,0.0,0.25,0.34,0.37,0.0,0.0,0.0,0.0,0.4,0.39,0.42,0.39,0.42,0.36,0.4,0.4,0.42,0.41,0.39,0.41,0.0,0.0,0.42,0.05,0.0,0.01,0.17,0.0,0.08,0.0,0.18,0.06,0.03,0.01,0.19,0.37,0.03
7380,0.0,0.59,0.68,0.0,0.0,0.62,0.0,0.0,0.68,0.26,0.67,0.1,0.26,0.68,0.69,0.68,0.7,0.22,0.03,0.68,0.04,0.69,0.69,0.68,0.69,0.57,0.0,0.0,0.58,0.48,0.56,0.0,0.0,0.0,0.0,0.59,0.68,0.71,0.65,0.71,0.7,0.68,0.69,0.69,0.69,0.69,0.62,0.0,0.0,0.66,0.21,0.03,0.68,0.68,0.12,0.5,0.0,0.66,0.31,0.67,0.1,0.69,0.49,0.18
7381,0.0,0.68,0.7,0.0,0.0,0.7,0.0,0.0,0.71,0.51,0.69,0.25,0.71,0.72,0.72,0.71,0.74,0.36,0.07,0.71,0.15,0.72,0.12,0.71,0.68,0.71,0.0,0.0,0.71,0.68,0.7,0.0,0.0,0.0,0.0,0.7,0.71,0.75,0.61,0.76,0.73,0.63,0.68,0.66,0.72,0.65,0.7,0.0,0.0,0.7,0.26,0.14,0.71,0.72,0.33,0.7,0.0,0.7,0.52,0.71,0.16,0.74,0.73,0.24
7382,0.0,0.74,0.75,0.0,0.0,0.74,0.0,0.0,0.73,0.79,0.75,0.82,0.19,0.78,0.77,0.76,0.8,0.81,0.23,0.75,0.3,0.78,0.1,0.75,0.77,0.77,0.0,0.0,0.77,0.75,0.76,0.0,0.0,0.0,0.0,0.77,0.77,0.79,0.77,0.8,0.78,0.78,0.76,0.77,0.77,0.77,0.75,0.0,0.0,0.75,0.28,0.44,0.77,0.75,0.78,0.77,0.0,0.74,0.45,0.77,0.23,0.73,0.79,0.32
7383,0.0,0.72,0.76,0.0,0.0,0.72,0.0,0.0,0.77,0.64,0.72,0.83,0.16,0.79,0.79,0.77,0.8,0.82,0.45,0.76,0.33,0.8,0.15,0.76,0.77,0.72,0.0,0.0,0.78,0.62,0.72,0.0,0.0,0.0,0.0,0.78,0.75,0.75,0.79,0.78,0.72,0.78,0.78,0.78,0.75,0.77,0.74,0.0,0.0,0.74,0.34,0.81,0.77,0.81,0.81,0.38,0.0,0.78,0.5,0.73,0.31,0.74,0.81,0.46
7384,0.0,0.66,0.66,0.0,0.0,0.76,0.0,0.0,0.75,0.81,0.76,0.82,0.79,0.78,0.78,0.75,0.78,0.82,0.83,0.74,0.82,0.79,0.29,0.7,0.73,0.71,0.0,0.0,0.63,0.61,0.76,0.0,0.0,0.0,0.0,0.75,0.76,0.77,0.79,0.77,0.74,0.8,0.78,0.77,0.7,0.8,0.76,0.0,0.0,0.76,0.83,0.72,0.76,0.78,0.79,0.15,0.0,0.72,0.82,0.24,0.82,0.83,0.5,0.82
7385,0.0,0.76,0.77,0.0,0.0,0.74,0.0,0.0,0.63,0.77,0.58,0.78,0.75,0.74,0.75,0.74,0.71,0.79,0.8,0.73,0.78,0.74,0.76,0.73,0.74,0.77,0.0,0.0,0.76,0.76,0.76,0.0,0.0,0.0,0.0,0.71,0.74,0.75,0.77,0.72,0.78,0.77,0.75,0.68,0.74,0.77,0.75,0.0,0.0,0.75,0.8,0.78,0.76,0.8,0.31,0.21,0.0,0.76,0.79,0.74,0.79,0.8,0.78,0.79
7386,0.0,0.69,0.72,0.0,0.0,0.57,0.0,0.0,0.49,0.72,0.59,0.72,0.69,0.64,0.69,0.68,0.7,0.72,0.74,0.68,0.72,0.66,0.68,0.69,0.72,0.73,0.0,0.0,0.72,0.67,0.72,0.0,0.0,0.0,0.0,0.72,0.71,0.72,0.73,0.72,0.71,0.73,0.72,0.71,0.69,0.73,0.54,0.0,0.0,0.55,0.28,0.73,0.73,0.73,0.53,0.16,0.0,0.73,0.69,0.69,0.71,0.74,0.73,0.71
7387,0.0,0.66,0.54,0.0,0.0,0.66,0.0,0.0,0.64,0.03,0.65,0.66,0.61,0.64,0.63,0.55,0.65,0.64,0.65,0.54,0.65,0.63,0.61,0.65,0.55,0.59,0.0,0.0,0.68,0.63,0.57,0.0,0.0,0.0,0.0,0.68,0.66,0.67,0.68,0.67,0.68,0.68,0.67,0.66,0.66,0.69,0.67,0.0,0.0,0.67,0.18,0.69,0.68,0.68,0.1,0.2,0.0,0.68,0.66,0.66,0.7,0.65,0.7,0.68
7388,0.0,0.34,0.28,0.0,0.0,0.32,0.0,0.0,0.34,0.0,0.36,0.33,0.01,0.27,0.28,0.28,0.35,0.01,0.01,0.3,0.01,0.05,0.0,0.38,0.39,0.35,0.0,0.0,0.48,0.35,0.35,0.0,0.0,0.0,0.0,0.45,0.4,0.39,0.47,0.39,0.39,0.46,0.44,0.4,0.39,0.46,0.38,0.0,0.0,0.36,0.01,0.49,0.2,0.08,0.01,0.39,0.0,0.02,0.46,0.4,0.47,0.45,0.5,0.47
7389,0.0,0.0,0.0,0.0,0.0,0.0,0.0,0.0,0.0,0.0,0.0,0.0,0.0,0.0,0.0,0.0,0.0,0.0,0.0,0.0,0.0,0.0,0.0,0.0,0.0,0.0,0.0,0.0,0.0,0.0,0.0,0.0,0.0,0.0,0.0,0.0,0.0,0.0,0.0,0.0,0.0,0.0,0.0,0.0,0.0,0.0,0.0,0.0,0.0,0.0,0.0,0.0,0.0,0.0,0.0,0.0,0.0,0.0,0.0,0.0,0.0,0.0,0.0,0.0
7390,0.0,0.0,0.0,0.0,0.0,0.0,0.0,0.0,0.0,0.0,0.0,0.0,0.0,0.0,0.0,0.0,0.0,0.0,0.0,0.0,0.0,0.0,0.0,0.0,0.0,0.0,0.0,0.0,0.0,0.0,0.0,0.0,0.0,0.0,0.0,0.0,0.0,0.0,0.0,0.0,0.0,0.0,0.0,0.0,0.0,0.0,0.0,0.0,0.0,0.0,0.0,0.0,0.0,0.0,0.0,0.0,0.0,0.0,0.0,0.0,0.0,0.0,0.0,0.0
7391,0.0,0.0,0.0,0.0,0.0,0.0,0.0,0.0,0.0,0.0,0.0,0.0,0.0,0.0,0.0,0.0,0.0,0.0,0.0,0.0,0.0,0.0,0.0,0.0,0.0,0.0,0.0,0.0,0.0,0.0,0.0,0.0,0.0,0.0,0.0,0.0,0.0,0.0,0.0,0.0,0.0,0.0,0.0,0.0,0.0,0.0,0.0,0.0,0.0,0.0,0.0,0.0,0.0,0.0,0.0,0.0,0.0,0.0,0.0,0.0,0.0,0.0,0.0,0.0
7392,0.0,0.0,0.0,0.0,0.0,0.0,0.0,0.0,0.0,0.0,0.0,0.0,0.0,0.0,0.0,0.0,0.0,0.0,0.0,0.0,0.0,0.0,0.0,0.0,0.0,0.0,0.0,0.0,0.0,0.0,0.0,0.0,0.0,0.0,0.0,0.0,0.0,0.0,0.0,0.0,0.0,0.0,0.0,0.0,0.0,0.0,0.0,0.0,0.0,0.0,0.0,0.0,0.0,0.0,0.0,0.0,0.0,0.0,0.0,0.0,0.0,0.0,0.0,0.0
7393,0.0,0.0,0.0,0.0,0.0,0.0,0.0,0.0,0.0,0.0,0.0,0.0,0.0,0.0,0.0,0.0,0.0,0.0,0.0,0.0,0.0,0.0,0.0,0.0,0.0,0.0,0.0,0.0,0.0,0.0,0.0,0.0,0.0,0.0,0.0,0.0,0.0,0.0,0.0,0.0,0.0,0.0,0.0,0.0,0.0,0.0,0.0,0.0,0.0,0.0,0.0,0.0,0.0,0.0,0.0,0.0,0.0,0.0,0.0,0.0,0.0,0.0,0.0,0.0
7394,0.0,0.0,0.0,0.0,0.0,0.0,0.0,0.0,0.0,0.0,0.0,0.0,0.0,0.0,0.0,0.0,0.0,0.0,0.0,0.0,0.0,0.0,0.0,0.0,0.0,0.0,0.0,0.0,0.0,0.0,0.0,0.0,0.0,0.0,0.0,0.0,0.0,0.0,0.0,0.0,0.0,0.0,0.0,0.0,0.0,0.0,0.0,0.0,0.0,0.0,0.0,0.0,0.0,0.0,0.0,0.0,0.0,0.0,0.0,0.0,0.0,0.0,0.0,0.0
7395,0.0,0.0,0.0,0.0,0.0,0.0,0.0,0.0,0.0,0.0,0.0,0.0,0.0,0.0,0.0,0.0,0.0,0.0,0.0,0.0,0.0,0.0,0.0,0.0,0.0,0.0,0.0,0.0,0.0,0.0,0.0,0.0,0.0,0.0,0.0,0.0,0.0,0.0,0.0,0.0,0.0,0.0,0.0,0.0,0.0,0.0,0.0,0.0,0.0,0.0,0.0,0.0,0.0,0.0,0.0,0.0,0.0,0.0,0.0,0.0,0.0,0.0,0.0,0.0
7396,0.0,0.0,0.0,0.0,0.0,0.0,0.0,0.0,0.0,0.0,0.0,0.0,0.0,0.0,0.0,0.0,0.0,0.0,0.0,0.0,0.0,0.0,0.0,0.0,0.0,0.0,0.0,0.0,0.0,0.0,0.0,0.0,0.0,0.0,0.0,0.0,0.0,0.0,0.0,0.0,0.0,0.0,0.0,0.0,0.0,0.0,0.0,0.0,0.0,0.0,0.0,0.0,0.0,0.0,0.0,0.0,0.0,0.0,0.0,0.0,0.0,0.0,0.0,0.0
7397,0.0,0.0,0.0,0.0,0.0,0.0,0.0,0.0,0.0,0.0,0.0,0.0,0.0,0.0,0.0,0.0,0.0,0.0,0.0,0.0,0.0,0.0,0.0,0.0,0.0,0.0,0.0,0.0,0.0,0.0,0.0,0.0,0.0,0.0,0.0,0.0,0.0,0.0,0.0,0.0,0.0,0.0,0.0,0.0,0.0,0.0,0.0,0.0,0.0,0.0,0.0,0.0,0.0,0.0,0.0,0.0,0.0,0.0,0.0,0.0,0.0,0.0,0.0,0.0
7398,0.0,0.0,0.0,0.0,0.0,0.0,0.0,0.0,0.0,0.0,0.0,0.0,0.0,0.0,0.0,0.0,0.0,0.0,0.0,0.0,0.0,0.0,0.0,0.0,0.0,0.0,0.0,0.0,0.0,0.0,0.0,0.0,0.0,0.0,0.0,0.0,0.0,0.0,0.0,0.0,0.0,0.0,0.0,0.0,0.0,0.0,0.0,0.0,0.0,0.0,0.0,0.0,0.0,0.0,0.0,0.0,0.0,0.0,0.0,0.0,0.0,0.0,0.0,0.0
7399,0.0,0.0,0.0,0.0,0.0,0.0,0.0,0.0,0.0,0.0,0.0,0.0,0.0,0.0,0.0,0.0,0.0,0.0,0.0,0.0,0.0,0.0,0.0,0.0,0.0,0.0,0.0,0.0,0.0,0.0,0.0,0.0,0.0,0.0,0.0,0.0,0.0,0.0,0.0,0.0,0.0,0.0,0.0,0.0,0.0,0.0,0.0,0.0,0.0,0.0,0.0,0.0,0.0,0.0,0.0,0.0,0.0,0.0,0.0,0.0,0.0,0.0,0.0,0.0
7400,0.0,0.0,0.0,0.0,0.0,0.0,0.0,0.0,0.0,0.0,0.0,0.0,0.0,0.0,0.0,0.0,0.0,0.0,0.0,0.0,0.0,0.0,0.0,0.0,0.0,0.0,0.0,0.0,0.0,0.0,0.0,0.0,0.0,0.0,0.0,0.0,0.0,0.0,0.0,0.0,0.0,0.0,0.0,0.0,0.0,0.0,0.0,0.0,0.0,0.0,0.0,0.0,0.0,0.0,0.0,0.0,0.0,0.0,0.0,0.0,0.0,0.0,0.0,0.0
7401,0.0,0.0,0.0,0.0,0.0,0.0,0.0,0.0,0.0,0.0,0.0,0.0,0.0,0.0,0.0,0.0,0.0,0.0,0.0,0.0,0.0,0.0,0.0,0.0,0.0,0.0,0.0,0.0,0.0,0.0,0.0,0.0,0.0,0.0,0.0,0.0,0.0,0.0,0.0,0.0,0.0,0.0,0.0,0.0,0.0,0.0,0.0,0.0,0.0,0.0,0.0,0.0,0.0,0.0,0.0,0.0,0.0,0.0,0.0,0.0,0.0,0.0,0.0,0.0
7402,0.0,0.0,0.0,0.0,0.0,0.0,0.0,0.0,0.0,0.0,0.0,0.0,0.0,0.0,0.0,0.0,0.0,0.0,0.0,0.0,0.0,0.0,0.0,0.0,0.0,0.0,0.0,0.0,0.0,0.0,0.0,0.0,0.0,0.0,0.0,0.0,0.0,0.0,0.0,0.0,0.0,0.0,0.0,0.0,0.0,0.0,0.0,0.0,0.0,0.0,0.0,0.0,0.0,0.0,0.0,0.0,0.0,0.0,0.0,0.0,0.0,0.0,0.0,0.0
7403,0.0,0.0,0.0,0.0,0.0,0.0,0.0,0.0,0.07,0.01,0.07,0.01,0.15,0.08,0.09,0.09,0.01,0.02,0.02,0.08,0.0,0.0,0.11,0.02,0.02,0.0,0.0,0.0,0.0,0.0,0.0,0.0,0.0,0.0,0.0,0.01,0.01,0.08,0.0,0.04,0.01,0.0,0.0,0.01,0.02,0.0,0.01,0.0,0.0,0.01,0.0,0.01,0.01,0.0,0.0,0.0,0.0,0.0,0.0,0.0,0.0,0.0,0.0,0.0
7404,0.0,0.0,0.0,0.0,0.0,0.06,0.0,0.0,0.42,0.17,0.37,0.38,0.47,0.54,0.55,0.47,0.39,0.03,0.03,0.46,0.01,0.52,0.02,0.2,0.11,0.0,0.0,0.0,0.02,0.0,0.01,0.0,0.0,0.0,0.0,0.46,0.1,0.28,0.05,0.31,0.19,0.04,0.02,0.07,0.21,0.05,0.04,0.0,0.0,0.04,0.13,0.01,0.25,0.01,0.17,0.16,0.0,0.02,0.12,0.13,0.06,0.04,0.01,0.09
7405,0.0,0.0,0.0,0.0,0.0,0.68,0.0,0.0,0.67,0.16,0.63,0.2,0.14,0.42,0.38,0.35,0.5,0.06,0.04,0.38,0.03,0.6,0.06,0.14,0.46,0.04,0.0,0.0,0.03,0.0,0.03,0.0,0.0,0.0,0.0,0.03,0.11,0.63,0.09,0.57,0.3,0.4,0.09,0.51,0.16,0.14,0.68,0.0,0.0,0.68,0.03,0.01,0.45,0.03,0.14,0.01,0.0,0.15,0.03,0.04,0.01,0.03,0.01,0.02
7406,0.0,0.01,0.03,0.0,0.0,0.02,0.0,0.0,0.72,0.06,0.31,0.22,0.04,0.59,0.67,0.72,0.73,0.12,0.09,0.73,0.19,0.62,0.06,0.74,0.28,0.03,0.0,0.0,0.02,0.01,0.03,0.0,0.0,0.0,0.0,0.01,0.08,0.12,0.06,0.09,0.09,0.06,0.04,0.28,0.75,0.08,0.09,0.0,0.0,0.64,0.02,0.07,0.2,0.07,0.24,0.04,0.0,0.03,0.02,0.32,0.02,0.04,0.03,0.01
7407,0.0,0.01,0.03,0.0,0.0,0.04,0.0,0.0,0.26,0.15,0.08,0.05,0.46,0.04,0.06,0.23,0.11,0.24,0.27,0.72,0.41,0.19,0.32,0.05,0.74,0.02,0.0,0.0,0.01,0.02,0.01,0.0,0.0,0.0,0.0,0.03,0.03,0.04,0.01,0.04,0.01,0.02,0.04,0.02,0.05,0.01,0.03,0.0,0.0,0.03,0.02,0.13,0.02,0.03,0.04,0.04,0.0,0.02,0.01,0.03,0.21,0.02,0.13,0.04
7408,0.0,0.01,0.01,0.0,0.0,0.02,0.0,0.0,0.02,0.08,0.01,0.04,0.61,0.22,0.57,0.16,0.03,0.14,0.31,0.08,0.25,0.14,0.57,0.01,0.12,0.02,0.0,0.0,0.02,0.01,0.02,0.0,0.0,0.0,0.0,0.1,0.03,0.01,0.1,0.02,0.04,0.02,0.02,0.03,0.01,0.14,0.01,0.0,0.0,0.01,0.08,0.02,0.08,0.04,0.01,0.0,0.0,0.07,0.07,0.02,0.48,0.08,0.02,0.36
7409,0.0,0.01,0.01,0.0,0.0,0.01,0.0,0.0,0.04,0.04,0.03,0.03,0.28,0.04,0.03,0.03,0.08,0.16,0.09,0.04,0.07,0.06,0.27,0.04,0.06,0.0,0.0,0.0,0.0,0.01,0.0,0.0,0.0,0.0,0.0,0.01,0.01,0.03,0.01,0.04,0.01,0.01,0.02,0.0,0.02,0.01,0.01,0.0,0.0,0.01,0.01,0.01,0.03,0.0,0.17,0.02,0.0,0.04,0.02,0.08,0.01,0.02,0.02,0.02
7410,0.0,0.01,0.02,0.0,0.0,0.31,0.0,0.0,0.19,0.06,0.03,0.03,0.42,0.06,0.02,0.03,0.01,0.12,0.03,0.04,0.04,0.03,0.23,0.0,0.01,0.01,0.0,0.0,0.01,0.01,0.01,0.0,0.0,0.0,0.0,0.01,0.0,0.0,0.01,0.01,0.0,0.0,0.01,0.01,0.0,0.02,0.11,0.0,0.0,0.08,0.01,0.0,0.0,0.01,0.08,0.01,0.0,0.01,0.01,0.04,0.01,0.23,0.03,0.0
7411,0.0,0.02,0.0,0.0,0.0,0.01,0.0,0.0,0.0,0.01,0.0,0.01,0.04,0.14,0.01,0.0,0.0,0.01,0.01,0.02,0.01,0.18,0.02,0.0,0.01,0.02,0.0,0.0,0.01,0.02,0.01,0.0,0.0,0.0,0.0,0.0,0.0,0.0,0.01,0.0,0.0,0.01,0.0,0.01,0.0,0.01,0.01,0.0,0.0,0.02,0.0,0.0,0.0,0.02,0.0,0.0,0.0,0.02,0.0,0.13,0.01,0.01,0.0,0.01
7412,0.0,0.0,0.0,0.0,0.0,0.0,0.0,0.0,0.0,0.0,0.0,0.0,0.0,0.0,0.0,0.0,0.0,0.0,0.0,0.0,0.0,0.0,0.0,0.0,0.0,0.0,0.0,0.0,0.0,0.0,0.0,0.0,0.0,0.0,0.0,0.01,0.0,0.0,0.0,0.0,0.0,0.0,0.0,0.01,0.0,0.0,0.0,0.0,0.0,0.0,0.0,0.0,0.0,0.0,0.0,0.01,0.0,0.0,0.0,0.0,0.0,0.0,0.0,0.0
7413,0.0,0.0,0.0,0.0,0.0,0.0,0.0,0.0,0.0,0.0,0.0,0.0,0.0,0.0,0.0,0.0,0.0,0.0,0.0,0.0,0.0,0.0,0.0,0.0,0.0,0.0,0.0,0.0,0.0,0.0,0.0,0.0,0.0,0.0,0.0,0.0,0.0,0.0,0.0,0.0,0.0,0.0,0.0,0.0,0.0,0.0,0.0,0.0,0.0,0.0,0.0,0.0,0.0,0.0,0.0,0.0,0.0,0.0,0.0,0.0,0.0,0.0,0.0,0.0
7414,0.0,0.0,0.0,0.0,0.0,0.0,0.0,0.0,0.0,0.0,0.0,0.0,0.0,0.0,0.0,0.0,0.0,0.0,0.0,0.0,0.0,0.0,0.0,0.0,0.0,0.0,0.0,0.0,0.0,0.0,0.0,0.0,0.0,0.0,0.0,0.0,0.0,0.0,0.0,0.0,0.0,0.0,0.0,0.0,0.0,0.0,0.0,0.0,0.0,0.0,0.0,0.0,0.0,0.0,0.0,0.0,0.0,0.0,0.0,0.0,0.0,0.0,0.0,0.0
7415,0.0,0.0,0.0,0.0,0.0,0.0,0.0,0.0,0.0,0.0,0.0,0.0,0.0,0.0,0.0,0.0,0.0,0.0,0.0,0.0,0.0,0.0,0.0,0.0,0.0,0.0,0.0,0.0,0.0,0.0,0.0,0.0,0.0,0.0,0.0,0.0,0.0,0.0,0.0,0.0,0.0,0.0,0.0,0.0,0.0,0.0,0.0,0.0,0.0,0.0,0.0,0.0,0.0,0.0,0.0,0.0,0.0,0.0,0.0,0.0,0.0,0.0,0.0,0.0
7416,0.0,0.0,0.0,0.0,0.0,0.0,0.0,0.0,0.0,0.0,0.0,0.0,0.0,0.0,0.0,0.0,0.0,0.0,0.0,0.0,0.0,0.0,0.0,0.0,0.0,0.0,0.0,0.0,0.0,0.0,0.0,0.0,0.0,0.0,0.0,0.0,0.0,0.0,0.0,0.0,0.0,0.0,0.0,0.0,0.0,0.0,0.0,0.0,0.0,0.0,0.0,0.0,0.0,0.0,0.0,0.0,0.0,0.0,0.0,0.0,0.0,0.0,0.0,0.0
7417,0.0,0.0,0.0,0.0,0.0,0.0,0.0,0.0,0.0,0.0,0.0,0.0,0.0,0.0,0.0,0.0,0.0,0.0,0.0,0.0,0.0,0.0,0.0,0.0,0.0,0.0,0.0,0.0,0.0,0.0,0.0,0.0,0.0,0.0,0.0,0.0,0.0,0.0,0.0,0.0,0.0,0.0,0.0,0.0,0.0,0.0,0.0,0.0,0.0,0.0,0.0,0.0,0.0,0.0,0.0,0.0,0.0,0.0,0.0,0.0,0.0,0.0,0.0,0.0
7418,0.0,0.0,0.0,0.0,0.0,0.0,0.0,0.0,0.0,0.0,0.0,0.0,0.0,0.0,0.0,0.0,0.0,0.0,0.0,0.0,0.0,0.0,0.0,0.0,0.0,0.0,0.0,0.0,0.0,0.0,0.0,0.0,0.0,0.0,0.0,0.0,0.0,0.0,0.0,0.0,0.0,0.0,0.0,0.0,0.0,0.0,0.0,0.0,0.0,0.0,0.0,0.0,0.0,0.0,0.0,0.0,0.0,0.0,0.0,0.0,0.0,0.0,0.0,0.0
7419,0.0,0.0,0.0,0.0,0.0,0.0,0.0,0.0,0.0,0.0,0.0,0.0,0.0,0.0,0.0,0.0,0.0,0.0,0.0,0.0,0.0,0.0,0.0,0.0,0.0,0.0,0.0,0.0,0.0,0.0,0.0,0.0,0.0,0.0,0.0,0.0,0.0,0.0,0.0,0.0,0.0,0.0,0.0,0.0,0.0,0.0,0.0,0.0,0.0,0.0,0.0,0.0,0.0,0.0,0.0,0.0,0.0,0.0,0.0,0.0,0.0,0.0,0.0,0.0
7420,0.0,0.0,0.0,0.0,0.0,0.0,0.0,0.0,0.0,0.0,0.0,0.0,0.0,0.0,0.0,0.0,0.0,0.0,0.0,0.0,0.0,0.0,0.0,0.0,0.0,0.0,0.0,0.0,0.0,0.0,0.0,0.0,0.0,0.0,0.0,0.0,0.0,0.0,0.0,0.0,0.0,0.0,0.0,0.0,0.0,0.0,0.0,0.0,0.0,0.0,0.0,0.0,0.0,0.0,0.0,0.0,0.0,0.0,0.0,0.0,0.0,0.0,0.0,0.0
7421,0.0,0.0,0.0,0.0,0.0,0.0,0.0,0.0,0.0,0.0,0.0,0.0,0.0,0.0,0.0,0.0,0.0,0.0,0.0,0.0,0.0,0.0,0.0,0.0,0.0,0.0,0.0,0.0,0.0,0.0,0.0,0.0,0.0,0.0,0.0,0.0,0.0,0.0,0.0,0.0,0.0,0.0,0.0,0.0,0.0,0.0,0.0,0.0,0.0,0.0,0.0,0.0,0.0,0.0,0.0,0.0,0.0,0.0,0.0,0.0,0.0,0.0,0.0,0.0
7422,0.0,0.0,0.0,0.0,0.0,0.0,0.0,0.0,0.0,0.0,0.0,0.0,0.0,0.0,0.0,0.0,0.0,0.0,0.0,0.0,0.0,0.0,0.0,0.0,0.0,0.0,0.0,0.0,0.0,0.0,0.0,0.0,0.0,0.0,0.0,0.0,0.0,0.0,0.0,0.0,0.0,0.0,0.0,0.0,0.0,0.0,0.0,0.0,0.0,0.0,0.0,0.0,0.0,0.0,0.0,0.0,0.0,0.0,0.0,0.0,0.0,0.0,0.0,0.0
7423,0.0,0.0,0.0,0.0,0.0,0.0,0.0,0.0,0.0,0.0,0.0,0.0,0.0,0.0,0.0,0.0,0.0,0.0,0.0,0.0,0.0,0.0,0.0,0.0,0.0,0.0,0.0,0.0,0.0,0.0,0.0,0.0,0.0,0.0,0.0,0.0,0.0,0.0,0.0,0.0,0.0,0.0,0.0,0.0,0.0,0.0,0.0,0.0,0.0,0.0,0.0,0.0,0.0,0.0,0.0,0.0,0.0,0.0,0.0,0.0,0.0,0.0,0.0,0.0
7424,0.0,0.0,0.0,0.0,0.0,0.0,0.0,0.0,0.0,0.0,0.0,0.0,0.0,0.0,0.0,0.0,0.0,0.0,0.0,0.0,0.0,0.0,0.0,0.0,0.0,0.0,0.0,0.0,0.0,0.0,0.0,0.0,0.0,0.0,0.0,0.0,0.0,0.0,0.0,0.0,0.0,0.0,0.0,0.0,0.0,0.0,0.0,0.0,0.0,0.0,0.0,0.0,0.0,0.0,0.0,0.0,0.0,0.0,0.0,0.0,0.0,0.0,0.0,0.0
7425,0.0,0.0,0.0,0.0,0.0,0.0,0.0,0.0,0.0,0.0,0.0,0.0,0.0,0.0,0.0,0.0,0.0,0.0,0.0,0.0,0.0,0.0,0.0,0.0,0.0,0.0,0.0,0.0,0.0,0.0,0.0,0.0,0.0,0.0,0.0,0.0,0.0,0.0,0.0,0.0,0.0,0.0,0.0,0.0,0.0,0.0,0.0,0.0,0.0,0.0,0.0,0.0,0.0,0.0,0.0,0.0,0.0,0.0,0.0,0.0,0.0,0.0,0.0,0.0
7426,0.0,0.0,0.0,0.0,0.0,0.0,0.0,0.0,0.0,0.0,0.0,0.0,0.0,0.0,0.0,0.0,0.0,0.0,0.0,0.0,0.0,0.0,0.0,0.0,0.0,0.0,0.0,0.0,0.0,0.0,0.0,0.0,0.0,0.0,0.0,0.0,0.0,0.0,0.0,0.0,0.0,0.0,0.0,0.0,0.0,0.0,0.0,0.0,0.0,0.0,0.0,0.0,0.0,0.0,0.0,0.0,0.0,0.0,0.0,0.0,0.0,0.0,0.0,0.0
7427,0.0,0.0,0.0,0.0,0.0,0.01,0.0,0.0,0.01,0.01,0.18,0.01,0.0,0.0,0.01,0.01,0.0,0.01,0.0,0.01,0.0,0.0,0.0,0.0,0.0,0.0,0.0,0.0,0.01,0.0,0.0,0.0,0.0,0.0,0.0,0.0,0.0,0.16,0.0,0.16,0.0,0.0,0.0,0.18,0.0,0.0,0.0,0.0,0.0,0.01,0.05,0.09,0.0,0.02,0.0,0.0,0.0,0.02,0.06,0.0,0.06,0.05,0.11,0.06
7428,0.0,0.02,0.04,0.0,0.0,0.11,0.0,0.0,0.6,0.16,0.6,0.09,0.03,0.03,0.05,0.07,0.18,0.12,0.09,0.05,0.02,0.03,0.03,0.07,0.04,0.06,0.0,0.0,0.64,0.01,0.22,0.0,0.0,0.0,0.0,0.02,0.6,0.61,0.62,0.61,0.2,0.62,0.62,0.09,0.16,0.63,0.14,0.0,0.0,0.1,0.64,0.19,0.12,0.16,0.0,0.41,0.0,0.6,0.64,0.12,0.17,0.64,0.66,0.64
7429,0.0,0.02,0.06,0.0,0.0,0.71,0.0,0.0,0.71,0.07,0.72,0.06,0.06,0.1,0.11,0.08,0.72,0.55,0.14,0.49,0.04,0.11,0.05,0.72,0.16,0.3,0.0,0.0,0.76,0.05,0.54,0.0,0.0,0.0,0.0,0.74,0.73,0.75,0.76,0.74,0.75,0.76,0.75,0.23,0.72,0.76,0.5,0.0,0.0,0.47,0.24,0.06,0.14,0.22,0.18,0.72,0.0,0.25,0.48,0.75,0.05,0.68,0.78,0.24
7430,0.0,0.78,0.79,0.0,0.0,0.75,0.0,0.0,0.77,0.07,0.78,0.19,0.06,0.22,0.18,0.75,0.77,0.77,0.24,0.76,0.04,0.24,0.11,0.78,0.18,0.25,0.0,0.0,0.81,0.79,0.78,0.0,0.0,0.0,0.0,0.79,0.79,0.8,0.81,0.8,0.81,0.81,0.81,0.78,0.78,0.82,0.58,0.0,0.0,0.76,0.53,0.08,0.2,0.12,0.29,0.11,0.0,0.16,0.81,0.79,0.06,0.42,0.44,0.35
7431,0.0,0.79,0.8,0.0,0.0,0.76,0.0,0.0,0.79,0.07,0.79,0.81,0.15,0.77,0.77,0.76,0.8,0.78,0.33,0.78,0.24,0.36,0.09,0.79,0.15,0.29,0.0,0.0,0.81,0.8,0.46,0.0,0.0,0.0,0.0,0.8,0.8,0.82,0.82,0.81,0.82,0.82,0.82,0.79,0.8,0.83,0.32,0.0,0.0,0.76,0.84,0.22,0.09,0.2,0.5,0.46,0.0,0.23,0.83,0.8,0.11,0.66,0.84,0.27
7432,0.0,0.8,0.8,0.0,0.0,0.76,0.0,0.0,0.79,0.04,0.8,0.82,0.28,0.77,0.78,0.78,0.81,0.79,0.72,0.79,0.13,0.77,0.05,0.8,0.19,0.24,0.0,0.0,0.81,0.81,0.36,0.0,0.0,0.0,0.0,0.81,0.81,0.83,0.82,0.82,0.38,0.82,0.82,0.8,0.81,0.83,0.77,0.0,0.0,0.77,0.48,0.26,0.05,0.08,0.22,0.1,0.0,0.06,0.45,0.2,0.24,0.55,0.51,0.45
7433,0.0,0.78,0.79,0.0,0.0,0.7,0.0,0.0,0.78,0.03,0.78,0.81,0.08,0.75,0.76,0.76,0.79,0.78,0.37,0.77,0.09,0.74,0.0,0.79,0.41,0.12,0.0,0.0,0.1,0.79,0.14,0.0,0.0,0.0,0.0,0.79,0.79,0.81,0.81,0.8,0.23,0.81,0.8,0.78,0.79,0.82,0.72,0.0,0.0,0.73,0.69,0.29,0.04,0.05,0.09,0.05,0.0,0.19,0.53,0.05,0.26,0.62,0.83,0.42
7434,0.0,0.74,0.74,0.0,0.0,0.59,0.0,0.0,0.73,0.06,0.74,0.75,0.04,0.7,0.71,0.72,0.74,0.73,0.74,0.72,0.03,0.69,0.02,0.74,0.28,0.31,0.0,0.0,0.08,0.73,0.29,0.0,0.0,0.0,0.0,0.73,0.74,0.76,0.42,0.76,0.1,0.75,0.76,0.73,0.74,0.76,0.58,0.0,0.0,0.6,0.39,0.17,0.16,0.3,0.03,0.02,0.0,0.37,0.77,0.07,0.11,0.05,0.78,0.3
7435,0.0,0.06,0.06,0.0,0.0,0.38,0.0,0.0,0.57,0.0,0.58,0.58,0.01,0.52,0.51,0.53,0.58,0.53,0.54,0.56,0.01,0.52,0.01,0.59,0.03,0.04,0.0,0.0,0.62,0.06,0.04,0.0,0.0,0.0,0.0,0.03,0.61,0.62,0.64,0.61,0.04,0.63,0.63,0.59,0.6,0.64,0.04,0.0,0.0,0.36,0.02,0.05,0.3,0.06,0.02,0.02,0.0,0.03,0.04,0.01,0.04,0.01,0.66,0.06
7436,0.0,0.02,0.11,0.0,0.0,0.01,0.0,0.0,0.01,0.0,0.01,0.0,0.0,0.0,0.0,0.0,0.01,0.0,0.0,0.0,0.0,0.0,0.0,0.01,0.01,0.02,0.0,0.0,0.22,0.0,0.0,0.0,0.0,0.0,0.0,0.02,0.01,0.04,0.19,0.03,0.0,0.15,0.14,0.01,0.01,0.18,0.05,0.0,0.0,0.04,0.0,0.0,0.0,0.0,0.0,0.0,0.0,0.0,0.0,0.0,0.0,0.0,0.23,0.0
7437,0.0,0.0,0.0,0.0,0.0,0.0,0.0,0.0,0.0,0.0,0.0,0.0,0.0,0.0,0.0,0.0,0.0,0.0,0.0,0.0,0.0,0.0,0.0,0.0,0.0,0.0,0.0,0.0,0.0,0.0,0.0,0.0,0.0,0.0,0.0,0.0,0.0,0.0,0.0,0.0,0.0,0.0,0.0,0.0,0.0,0.0,0.0,0.0,0.0,0.0,0.0,0.0,0.0,0.0,0.0,0.0,0.0,0.0,0.0,0.0,0.0,0.0,0.0,0.0
7438,0.0,0.0,0.0,0.0,0.0,0.0,0.0,0.0,0.0,0.0,0.0,0.0,0.0,0.0,0.0,0.0,0.0,0.0,0.0,0.0,0.0,0.0,0.0,0.0,0.0,0.0,0.0,0.0,0.0,0.0,0.0,0.0,0.0,0.0,0.0,0.0,0.0,0.0,0.0,0.0,0.0,0.0,0.0,0.0,0.0,0.0,0.0,0.0,0.0,0.0,0.0,0.0,0.0,0.0,0.0,0.0,0.0,0.0,0.0,0.0,0.0,0.0,0.0,0.0
7439,0.0,0.0,0.0,0.0,0.0,0.0,0.0,0.0,0.0,0.0,0.0,0.0,0.0,0.0,0.0,0.0,0.0,0.0,0.0,0.0,0.0,0.0,0.0,0.0,0.0,0.0,0.0,0.0,0.0,0.0,0.0,0.0,0.0,0.0,0.0,0.0,0.0,0.0,0.0,0.0,0.0,0.0,0.0,0.0,0.0,0.0,0.0,0.0,0.0,0.0,0.0,0.0,0.0,0.0,0.0,0.0,0.0,0.0,0.0,0.0,0.0,0.0,0.0,0.0
7440,0.0,0.0,0.0,0.0,0.0,0.0,0.0,0.0,0.0,0.0,0.0,0.0,0.0,0.0,0.0,0.0,0.0,0.0,0.0,0.0,0.0,0.0,0.0,0.0,0.0,0.0,0.0,0.0,0.0,0.0,0.0,0.0,0.0,0.0,0.0,0.0,0.0,0.0,0.0,0.0,0.0,0.0,0.0,0.0,0.0,0.0,0.0,0.0,0.0,0.0,0.0,0.0,0.0,0.0,0.0,0.0,0.0,0.0,0.0,0.0,0.0,0.0,0.0,0.0
7441,0.0,0.0,0.0,0.0,0.0,0.0,0.0,0.0,0.0,0.0,0.0,0.0,0.0,0.0,0.0,0.0,0.0,0.0,0.0,0.0,0.0,0.0,0.0,0.0,0.0,0.0,0.0,0.0,0.0,0.0,0.0,0.0,0.0,0.0,0.0,0.0,0.0,0.0,0.0,0.0,0.0,0.0,0.0,0.0,0.0,0.0,0.0,0.0,0.0,0.0,0.0,0.0,0.0,0.0,0.0,0.0,0.0,0.0,0.0,0.0,0.0,0.0,0.0,0.0
7442,0.0,0.0,0.0,0.0,0.0,0.0,0.0,0.0,0.0,0.0,0.0,0.0,0.0,0.0,0.0,0.0,0.0,0.0,0.0,0.0,0.0,0.0,0.0,0.0,0.0,0.0,0.0,0.0,0.0,0.0,0.0,0.0,0.0,0.0,0.0,0.0,0.0,0.0,0.0,0.0,0.0,0.0,0.0,0.0,0.0,0.0,0.0,0.0,0.0,0.0,0.0,0.0,0.0,0.0,0.0,0.0,0.0,0.0,0.0,0.0,0.0,0.0,0.0,0.0
7443,0.0,0.0,0.0,0.0,0.0,0.0,0.0,0.0,0.0,0.0,0.0,0.0,0.0,0.0,0.0,0.0,0.0,0.0,0.0,0.0,0.0,0.0,0.0,0.0,0.0,0.0,0.0,0.0,0.0,0.0,0.0,0.0,0.0,0.0,0.0,0.0,0.0,0.0,0.0,0.0,0.0,0.0,0.0,0.0,0.0,0.0,0.0,0.0,0.0,0.0,0.0,0.0,0.0,0.0,0.0,0.0,0.0,0.0,0.0,0.0,0.0,0.0,0.0,0.0
7444,0.0,0.0,0.0,0.0,0.0,0.0,0.0,0.0,0.0,0.0,0.0,0.0,0.0,0.0,0.0,0.0,0.0,0.0,0.0,0.0,0.0,0.0,0.0,0.0,0.0,0.0,0.0,0.0,0.0,0.0,0.0,0.0,0.0,0.0,0.0,0.0,0.0,0.0,0.0,0.0,0.0,0.0,0.0,0.0,0.0,0.0,0.0,0.0,0.0,0.0,0.0,0.0,0.0,0.0,0.0,0.0,0.0,0.0,0.0,0.0,0.0,0.0,0.0,0.0
7445,0.0,0.0,0.0,0.0,0.0,0.0,0.0,0.0,0.0,0.0,0.0,0.0,0.0,0.0,0.0,0.0,0.0,0.0,0.0,0.0,0.0,0.0,0.0,0.0,0.0,0.0,0.0,0.0,0.0,0.0,0.0,0.0,0.0,0.0,0.0,0.0,0.0,0.0,0.0,0.0,0.0,0.0,0.0,0.0,0.0,0.0,0.0,0.0,0.0,0.0,0.0,0.0,0.0,0.0,0.0,0.0,0.0,0.0,0.0,0.0,0.0,0.0,0.0,0.0
7446,0.0,0.0,0.0,0.0,0.0,0.0,0.0,0.0,0.0,0.0,0.0,0.0,0.0,0.0,0.0,0.0,0.0,0.0,0.0,0.0,0.0,0.0,0.0,0.0,0.0,0.0,0.0,0.0,0.0,0.0,0.0,0.0,0.0,0.0,0.0,0.0,0.0,0.0,0.0,0.0,0.0,0.0,0.0,0.0,0.0,0.0,0.0,0.0,0.0,0.0,0.0,0.0,0.0,0.0,0.0,0.0,0.0,0.0,0.0,0.0,0.0,0.0,0.0,0.0
7447,0.0,0.0,0.0,0.0,0.0,0.0,0.0,0.0,0.0,0.0,0.0,0.0,0.0,0.0,0.0,0.0,0.0,0.0,0.0,0.0,0.0,0.0,0.0,0.0,0.0,0.0,0.0,0.0,0.0,0.0,0.0,0.0,0.0,0.0,0.0,0.0,0.0,0.0,0.0,0.0,0.0,0.0,0.0,0.0,0.0,0.0,0.0,0.0,0.0,0.0,0.0,0.0,0.0,0.0,0.0,0.0,0.0,0.0,0.0,0.0,0.0,0.0,0.0,0.0
7448,0.0,0.0,0.0,0.0,0.0,0.0,0.0,0.0,0.0,0.0,0.0,0.0,0.0,0.0,0.0,0.0,0.0,0.0,0.0,0.0,0.0,0.0,0.0,0.0,0.0,0.0,0.0,0.0,0.0,0.0,0.0,0.0,0.0,0.0,0.0,0.0,0.0,0.0,0.0,0.0,0.0,0.0,0.0,0.0,0.0,0.0,0.0,0.0,0.0,0.0,0.0,0.0,0.0,0.0,0.0,0.0,0.0,0.0,0.0,0.0,0.0,0.0,0.0,0.0
7449,0.0,0.0,0.0,0.0,0.0,0.0,0.0,0.0,0.0,0.0,0.0,0.0,0.0,0.0,0.0,0.0,0.0,0.0,0.0,0.0,0.0,0.0,0.0,0.0,0.0,0.0,0.0,0.0,0.0,0.0,0.0,0.0,0.0,0.0,0.0,0.0,0.0,0.0,0.0,0.0,0.0,0.0,0.0,0.0,0.0,0.0,0.0,0.0,0.0,0.0,0.0,0.0,0.0,0.0,0.0,0.0,0.0,0.0,0.0,0.0,0.0,0.0,0.0,0.0
7450,0.0,0.0,0.0,0.0,0.0,0.0,0.0,0.0,0.0,0.0,0.0,0.0,0.0,0.0,0.0,0.0,0.0,0.0,0.0,0.0,0.0,0.0,0.0,0.0,0.0,0.0,0.0,0.0,0.0,0.0,0.0,0.0,0.0,0.0,0.0,0.0,0.0,0.0,0.0,0.0,0.0,0.0,0.0,0.0,0.0,0.0,0.0,0.0,0.0,0.0,0.0,0.0,0.0,0.0,0.0,0.0,0.0,0.0,0.0,0.0,0.0,0.0,0.0,0.0
7451,0.0,0.07,0.06,0.0,0.0,0.18,0.0,0.0,0.14,0.06,0.13,0.13,0.24,0.2,0.21,0.2,0.11,0.19,0.01,0.19,0.0,0.21,0.23,0.14,0.24,0.05,0.0,0.0,0.05,0.07,0.06,0.0,0.0,0.0,0.0,0.11,0.12,0.11,0.09,0.11,0.1,0.1,0.1,0.14,0.13,0.09,0.18,0.0,0.0,0.19,0.01,0.01,0.0,0.0,0.0,0.0,0.0,0.0,0.01,0.0,0.01,0.01,0.03,0.01
7452,0.0,0.67,0.67,0.0,0.0,0.65,0.0,0.0,0.65,0.68,0.66,0.7,0.68,0.67,0.67,0.66,0.69,0.68,0.1,0.66,0.03,0.67,0.14,0.66,0.68,0.68,0.0,0.0,0.65,0.67,0.67,0.0,0.0,0.0,0.0,0.66,0.66,0.69,0.68,0.69,0.69,0.68,0.68,0.66,0.66,0.68,0.65,0.0,0.0,0.65,0.69,0.67,0.1,0.67,0.03,0.65,0.0,0.17,0.68,0.1,0.68,0.68,0.67,0.68
7453,0.0,0.8,0.8,0.0,0.0,0.77,0.0,0.0,0.76,0.79,0.77,0.82,0.78,0.78,0.78,0.78,0.81,0.8,0.23,0.78,0.06,0.79,0.79,0.78,0.78,0.81,0.0,0.0,0.78,0.8,0.8,0.0,0.0,0.0,0.0,0.77,0.78,0.82,0.8,0.82,0.82,0.8,0.8,0.78,0.78,0.81,0.76,0.0,0.0,0.76,0.82,0.79,0.25,0.8,0.24,0.78,0.0,0.8,0.81,0.25,0.81,0.82,0.8,0.81
7454,0.0,0.82,0.83,0.0,0.0,0.79,0.0,0.0,0.78,0.81,0.8,0.84,0.8,0.8,0.8,0.79,0.83,0.82,0.45,0.8,0.08,0.8,0.8,0.8,0.78,0.84,0.0,0.0,0.81,0.83,0.83,0.0,0.0,0.0,0.0,0.8,0.81,0.84,0.83,0.84,0.85,0.83,0.83,0.81,0.81,0.83,0.79,0.0,0.0,0.78,0.84,0.82,0.4,0.83,0.32,0.8,0.0,0.82,0.83,0.52,0.84,0.84,0.82,0.84
7455,0.0,0.87,0.88,0.0,0.0,0.82,0.0,0.0,0.8,0.84,0.83,0.87,0.82,0.83,0.83,0.82,0.86,0.85,0.48,0.82,0.24,0.83,0.83,0.83,0.81,0.87,0.0,0.0,0.84,0.87,0.86,0.0,0.0,0.0,0.0,0.83,0.84,0.87,0.86,0.87,0.87,0.85,0.86,0.84,0.84,0.86,0.82,0.0,0.0,0.82,0.88,0.85,0.87,0.86,0.35,0.84,0.0,0.86,0.87,0.85,0.88,0.88,0.85,0.88
7456,0.0,0.87,0.88,0.0,0.0,0.83,0.0,0.0,0.8,0.84,0.83,0.88,0.81,0.83,0.82,0.82,0.87,0.85,0.45,0.82,0.38,0.83,0.82,0.84,0.81,0.87,0.0,0.0,0.85,0.87,0.86,0.0,0.0,0.0,0.0,0.83,0.85,0.88,0.86,0.88,0.88,0.85,0.87,0.85,0.84,0.87,0.83,0.0,0.0,0.83,0.88,0.86,0.87,0.86,0.46,0.84,0.0,0.87,0.88,0.86,0.88,0.88,0.86,0.88
7457,0.0,0.85,0.85,0.0,0.0,0.82,0.0,0.0,0.78,0.81,0.81,0.85,0.78,0.79,0.79,0.79,0.84,0.47,0.34,0.8,0.83,0.79,0.78,0.81,0.79,0.86,0.0,0.0,0.84,0.85,0.84,0.0,0.0,0.0,0.0,0.82,0.84,0.86,0.85,0.86,0.86,0.84,0.84,0.83,0.82,0.85,0.82,0.0,0.0,0.82,0.86,0.84,0.85,0.84,0.84,0.82,0.0,0.85,0.85,0.84,0.85,0.86,0.85,0.85
7458,0.0,0.8,0.8,0.0,0.0,0.77,0.0,0.0,0.73,0.74,0.77,0.79,0.32,0.74,0.74,0.73,0.79,0.74,0.76,0.74,0.76,0.74,0.72,0.76,0.74,0.81,0.0,0.0,0.79,0.8,0.8,0.0,0.0,0.0,0.0,0.77,0.78,0.8,0.8,0.8,0.8,0.8,0.79,0.78,0.77,0.8,0.77,0.0,0.0,0.77,0.8,0.79,0.8,0.78,0.79,0.76,0.0,0.79,0.8,0.78,0.8,0.8,0.8,0.8
7459,0.0,0.74,0.74,0.0,0.0,0.71,0.0,0.0,0.66,0.64,0.69,0.7,0.14,0.66,0.66,0.66,0.7,0.64,0.66,0.67,0.67,0.66,0.62,0.69,0.68,0.74,0.0,0.0,0.73,0.74,0.73,0.0,0.0,0.0,0.0,0.71,0.71,0.71,0.72,0.72,0.72,0.72,0.72,0.7,0.7,0.73,0.71,0.0,0.0,0.71,0.72,0.73,0.71,0.7,0.71,0.68,0.0,0.71,0.72,0.7,0.72,0.72,0.74,0.72
7460,0.0,0.42,0.44,0.0,0.0,0.36,0.0,0.0,0.14,0.0,0.18,0.02,0.0,0.0,0.01,0.01,0.17,0.0,0.0,0.02,0.0,0.0,0.0,0.22,0.26,0.41,0.0,0.0,0.39,0.42,0.4,0.0,0.0,0.0,0.0,0.35,0.27,0.23,0.35,0.22,0.28,0.34,0.32,0.26,0.23,0.34,0.35,0.0,0.0,0.34,0.36,0.4,0.29,0.32,0.23,0.28,0.0,0.31,0.35,0.27,0.36,0.35,0.4,0.36
7461,0.0,0.0,0.0,0.0,0.0,0.0,0.0,0.0,0.0,0.0,0.0,0.0,0.0,0.0,0.0,0.0,0.0,0.0,0.0,0.0,0.0,0.0,0.0,0.0,0.0,0.0,0.0,0.0,0.0,0.0,0.0,0.0,0.0,0.0,0.0,0.0,0.0,0.0,0.0,0.0,0.0,0.0,0.0,0.0,0.0,0.0,0.0,0.0,0.0,0.0,0.0,0.0,0.0,0.0,0.0,0.0,0.0,0.0,0.0,0.0,0.0,0.0,0.0,0.0
7462,0.0,0.0,0.0,0.0,0.0,0.0,0.0,0.0,0.0,0.0,0.0,0.0,0.0,0.0,0.0,0.0,0.0,0.0,0.0,0.0,0.0,0.0,0.0,0.0,0.0,0.0,0.0,0.0,0.0,0.0,0.0,0.0,0.0,0.0,0.0,0.0,0.0,0.0,0.0,0.0,0.0,0.0,0.0,0.0,0.0,0.0,0.0,0.0,0.0,0.0,0.0,0.0,0.0,0.0,0.0,0.0,0.0,0.0,0.0,0.0,0.0,0.0,0.0,0.0
7463,0.0,0.0,0.0,0.0,0.0,0.0,0.0,0.0,0.0,0.0,0.0,0.0,0.0,0.0,0.0,0.0,0.0,0.0,0.0,0.0,0.0,0.0,0.0,0.0,0.0,0.0,0.0,0.0,0.0,0.0,0.0,0.0,0.0,0.0,0.0,0.0,0.0,0.0,0.0,0.0,0.0,0.0,0.0,0.0,0.0,0.0,0.0,0.0,0.0,0.0,0.0,0.0,0.0,0.0,0.0,0.0,0.0,0.0,0.0,0.0,0.0,0.0,0.0,0.0
7464,0.0,0.0,0.0,0.0,0.0,0.0,0.0,0.0,0.0,0.0,0.0,0.0,0.0,0.0,0.0,0.0,0.0,0.0,0.0,0.0,0.0,0.0,0.0,0.0,0.0,0.0,0.0,0.0,0.0,0.0,0.0,0.0,0.0,0.0,0.0,0.0,0.0,0.0,0.0,0.0,0.0,0.0,0.0,0.0,0.0,0.0,0.0,0.0,0.0,0.0,0.0,0.0,0.0,0.0,0.0,0.0,0.0,0.0,0.0,0.0,0.0,0.0,0.0,0.0
7465,0.0,0.0,0.0,0.0,0.0,0.0,0.0,0.0,0.0,0.0,0.0,0.0,0.0,0.0,0.0,0.0,0.0,0.0,0.0,0.0,0.0,0.0,0.0,0.0,0.0,0.0,0.0,0.0,0.0,0.0,0.0,0.0,0.0,0.0,0.0,0.0,0.0,0.0,0.0,0.0,0.0,0.0,0.0,0.0,0.0,0.0,0.0,0.0,0.0,0.0,0.0,0.0,0.0,0.0,0.0,0.0,0.0,0.0,0.0,0.0,0.0,0.0,0.0,0.0
7466,0.0,0.0,0.0,0.0,0.0,0.0,0.0,0.0,0.0,0.0,0.0,0.0,0.0,0.0,0.0,0.0,0.0,0.0,0.0,0.0,0.0,0.0,0.0,0.0,0.0,0.0,0.0,0.0,0.0,0.0,0.0,0.0,0.0,0.0,0.0,0.0,0.0,0.0,0.0,0.0,0.0,0.0,0.0,0.0,0.0,0.0,0.0,0.0,0.0,0.0,0.0,0.0,0.0,0.0,0.0,0.0,0.0,0.0,0.0,0.0,0.0,0.0,0.0,0.0
7467,0.0,0.0,0.0,0.0,0.0,0.0,0.0,0.0,0.0,0.0,0.0,0.0,0.0,0.0,0.0,0.0,0.0,0.0,0.0,0.0,0.0,0.0,0.0,0.0,0.0,0.0,0.0,0.0,0.0,0.0,0.0,0.0,0.0,0.0,0.0,0.0,0.0,0.0,0.0,0.0,0.0,0.0,0.0,0.0,0.0,0.0,0.0,0.0,0.0,0.0,0.0,0.0,0.0,0.0,0.0,0.0,0.0,0.0,0.0,0.0,0.0,0.0,0.0,0.0
7468,0.0,0.0,0.0,0.0,0.0,0.0,0.0,0.0,0.0,0.0,0.0,0.0,0.0,0.0,0.0,0.0,0.0,0.0,0.0,0.0,0.0,0.0,0.0,0.0,0.0,0.0,0.0,0.0,0.0,0.0,0.0,0.0,0.0,0.0,0.0,0.0,0.0,0.0,0.0,0.0,0.0,0.0,0.0,0.0,0.0,0.0,0.0,0.0,0.0,0.0,0.0,0.0,0.0,0.0,0.0,0.0,0.0,0.0,0.0,0.0,0.0,0.0,0.0,0.0
7469,0.0,0.0,0.0,0.0,0.0,0.0,0.0,0.0,0.0,0.0,0.0,0.0,0.0,0.0,0.0,0.0,0.0,0.0,0.0,0.0,0.0,0.0,0.0,0.0,0.0,0.0,0.0,0.0,0.0,0.0,0.0,0.0,0.0,0.0,0.0,0.0,0.0,0.0,0.0,0.0,0.0,0.0,0.0,0.0,0.0,0.0,0.0,0.0,0.0,0.0,0.0,0.0,0.0,0.0,0.0,0.0,0.0,0.0,0.0,0.0,0.0,0.0,0.0,0.0
7470,0.0,0.0,0.0,0.0,0.0,0.0,0.0,0.0,0.0,0.0,0.0,0.0,0.0,0.0,0.0,0.0,0.0,0.0,0.0,0.0,0.0,0.0,0.0,0.0,0.0,0.0,0.0,0.0,0.0,0.0,0.0,0.0,0.0,0.0,0.0,0.0,0.0,0.0,0.0,0.0,0.0,0.0,0.0,0.0,0.0,0.0,0.0,0.0,0.0,0.0,0.0,0.0,0.0,0.0,0.0,0.0,0.0,0.0,0.0,0.0,0.0,0.0,0.0,0.0
7471,0.0,0.0,0.0,0.0,0.0,0.0,0.0,0.0,0.0,0.0,0.0,0.0,0.0,0.0,0.0,0.0,0.0,0.0,0.0,0.0,0.0,0.0,0.0,0.0,0.0,0.0,0.0,0.0,0.0,0.0,0.0,0.0,0.0,0.0,0.0,0.0,0.0,0.0,0.0,0.0,0.0,0.0,0.0,0.0,0.0,0.0,0.0,0.0,0.0,0.0,0.0,0.0,0.0,0.0,0.0,0.0,0.0,0.0,0.0,0.0,0.0,0.0,0.0,0.0
7472,0.0,0.0,0.0,0.0,0.0,0.0,0.0,0.0,0.0,0.0,0.0,0.0,0.0,0.0,0.0,0.0,0.0,0.0,0.0,0.0,0.0,0.0,0.0,0.0,0.0,0.0,0.0,0.0,0.0,0.0,0.0,0.0,0.0,0.0,0.0,0.0,0.0,0.0,0.0,0.0,0.0,0.0,0.0,0.0,0.0,0.0,0.0,0.0,0.0,0.0,0.0,0.0,0.0,0.0,0.0,0.0,0.0,0.0,0.0,0.0,0.0,0.0,0.0,0.0
7473,0.0,0.0,0.0,0.0,0.0,0.0,0.0,0.0,0.0,0.0,0.0,0.0,0.0,0.0,0.0,0.0,0.0,0.0,0.0,0.0,0.0,0.0,0.0,0.0,0.0,0.0,0.0,0.0,0.0,0.0,0.0,0.0,0.0,0.0,0.0,0.0,0.0,0.0,0.0,0.0,0.0,0.0,0.0,0.0,0.0,0.0,0.0,0.0,0.0,0.0,0.0,0.0,0.0,0.0,0.0,0.0,0.0,0.0,0.0,0.0,0.0,0.0,0.0,0.0
7474,0.0,0.0,0.0,0.0,0.0,0.0,0.0,0.0,0.0,0.0,0.0,0.0,0.0,0.0,0.0,0.0,0.0,0.0,0.0,0.0,0.0,0.0,0.0,0.0,0.0,0.0,0.0,0.0,0.0,0.0,0.0,0.0,0.0,0.0,0.0,0.0,0.0,0.0,0.0,0.0,0.0,0.0,0.0,0.0,0.0,0.0,0.0,0.0,0.0,0.0,0.0,0.0,0.0,0.0,0.0,0.0,0.0,0.0,0.0,0.0,0.0,0.0,0.0,0.0
7475,0.0,0.06,0.05,0.0,0.0,0.18,0.0,0.0,0.18,0.01,0.16,0.08,0.27,0.21,0.22,0.22,0.03,0.06,0.04,0.2,0.01,0.22,0.25,0.17,0.26,0.04,0.0,0.0,0.04,0.06,0.05,0.0,0.0,0.0,0.0,0.1,0.12,0.12,0.09,0.01,0.1,0.1,0.1,0.16,0.16,0.09,0.18,0.0,0.0,0.2,0.0,0.01,0.0,0.0,0.0,0.0,0.0,0.0,0.01,0.0,0.01,0.0,0.03,0.01
7476,0.0,0.63,0.63,0.0,0.0,0.63,0.0,0.0,0.63,0.25,0.63,0.41,0.66,0.65,0.64,0.63,0.59,0.57,0.57,0.63,0.42,0.65,0.61,0.64,0.64,0.64,0.0,0.0,0.62,0.64,0.63,0.0,0.0,0.0,0.0,0.64,0.63,0.64,0.64,0.64,0.64,0.64,0.64,0.64,0.64,0.64,0.64,0.0,0.0,0.64,0.64,0.63,0.63,0.62,0.57,0.34,0.0,0.62,0.63,0.52,0.64,0.63,0.64,0.64
7477,0.0,0.75,0.75,0.0,0.0,0.73,0.0,0.0,0.73,0.47,0.72,0.76,0.76,0.75,0.74,0.74,0.75,0.65,0.62,0.73,0.56,0.75,0.72,0.74,0.74,0.76,0.0,0.0,0.74,0.75,0.74,0.0,0.0,0.0,0.0,0.75,0.74,0.76,0.75,0.75,0.76,0.75,0.75,0.73,0.74,0.75,0.74,0.0,0.0,0.73,0.76,0.76,0.74,0.74,0.74,0.72,0.0,0.73,0.74,0.69,0.75,0.75,0.76,0.75
7478,0.0,0.8,0.8,0.0,0.0,0.78,0.0,0.0,0.79,0.5,0.78,0.8,0.8,0.8,0.78,0.79,0.78,0.75,0.75,0.79,0.59,0.8,0.8,0.78,0.78,0.81,0.0,0.0,0.79,0.8,0.8,0.0,0.0,0.0,0.0,0.8,0.78,0.8,0.8,0.79,0.8,0.8,0.79,0.78,0.78,0.8,0.78,0.0,0.0,0.78,0.81,0.81,0.8,0.8,0.8,0.78,0.0,0.78,0.8,0.79,0.81,0.81,0.81,0.8
7479,0.0,0.82,0.82,0.0,0.0,0.8,0.0,0.0,0.8,0.66,0.8,0.82,0.8,0.81,0.81,0.82,0.8,0.81,0.8,0.81,0.68,0.81,0.82,0.8,0.8,0.82,0.0,0.0,0.82,0.82,0.82,0.0,0.0,0.0,0.0,0.82,0.8,0.82,0.83,0.81,0.82,0.83,0.82,0.8,0.8,0.83,0.8,0.0,0.0,0.8,0.84,0.83,0.82,0.83,0.83,0.81,0.0,0.82,0.83,0.81,0.83,0.84,0.83,0.83
7480,0.0,0.82,0.82,0.0,0.0,0.81,0.0,0.0,0.81,0.58,0.81,0.83,0.81,0.82,0.82,0.82,0.8,0.78,0.75,0.81,0.65,0.82,0.82,0.81,0.81,0.82,0.0,0.0,0.82,0.82,0.82,0.0,0.0,0.0,0.0,0.83,0.81,0.83,0.83,0.82,0.83,0.84,0.83,0.81,0.82,0.83,0.81,0.0,0.0,0.81,0.84,0.84,0.83,0.83,0.83,0.81,0.0,0.82,0.83,0.82,0.84,0.84,0.83,0.83
7481,0.0,0.82,0.82,0.0,0.0,0.81,0.0,0.0,0.8,0.76,0.79,0.81,0.79,0.79,0.8,0.79,0.79,0.8,0.81,0.79,0.8,0.79,0.79,0.8,0.8,0.82,0.0,0.0,0.81,0.82,0.81,0.0,0.0,0.0,0.0,0.82,0.81,0.82,0.82,0.81,0.82,0.82,0.81,0.81,0.8,0.82,0.81,0.0,0.0,0.81,0.84,0.83,0.82,0.82,0.82,0.8,0.0,0.81,0.82,0.81,0.83,0.83,0.82,0.83
7482,0.0,0.77,0.77,0.0,0.0,0.76,0.0,0.0,0.73,0.73,0.73,0.75,0.72,0.73,0.73,0.73,0.74,0.74,0.75,0.73,0.72,0.73,0.71,0.74,0.74,0.77,0.0,0.0,0.75,0.77,0.76,0.0,0.0,0.0,0.0,0.76,0.75,0.76,0.76,0.76,0.76,0.76,0.75,0.75,0.75,0.77,0.76,0.0,0.0,0.76,0.78,0.77,0.76,0.76,0.76,0.74,0.0,0.75,0.77,0.75,0.78,0.77,0.77,0.77
7483,0.0,0.68,0.68,0.0,0.0,0.66,0.0,0.0,0.61,0.22,0.61,0.62,0.57,0.6,0.6,0.61,0.62,0.59,0.59,0.61,0.58,0.6,0.55,0.63,0.63,0.68,0.0,0.0,0.66,0.68,0.67,0.0,0.0,0.0,0.0,0.66,0.64,0.64,0.66,0.64,0.66,0.66,0.65,0.64,0.64,0.66,0.66,0.0,0.0,0.66,0.67,0.67,0.64,0.66,0.64,0.62,0.0,0.64,0.66,0.62,0.67,0.67,0.67,0.67
7484,0.0,0.26,0.28,0.0,0.0,0.22,0.0,0.0,0.0,0.0,0.01,0.0,0.0,0.0,0.0,0.0,0.0,0.0,0.0,0.0,0.0,0.0,0.0,0.05,0.11,0.26,0.0,0.0,0.23,0.26,0.25,0.0,0.0,0.0,0.0,0.21,0.1,0.02,0.19,0.01,0.09,0.18,0.16,0.1,0.06,0.18,0.22,0.0,0.0,0.21,0.19,0.23,0.1,0.17,0.02,0.12,0.0,0.13,0.18,0.09,0.2,0.18,0.23,0.19
7485,0.0,0.0,0.0,0.0,0.0,0.0,0.0,0.0,0.0,0.0,0.0,0.0,0.0,0.0,0.0,0.0,0.0,0.0,0.0,0.0,0.0,0.0,0.0,0.0,0.0,0.0,0.0,0.0,0.0,0.0,0.0,0.0,0.0,0.0,0.0,0.0,0.0,0.0,0.0,0.0,0.0,0.0,0.0,0.0,0.0,0.0,0.0,0.0,0.0,0.0,0.0,0.0,0.0,0.0,0.0,0.0,0.0,0.0,0.0,0.0,0.0,0.0,0.0,0.0
7486,0.0,0.0,0.0,0.0,0.0,0.0,0.0,0.0,0.0,0.0,0.0,0.0,0.0,0.0,0.0,0.0,0.0,0.0,0.0,0.0,0.0,0.0,0.0,0.0,0.0,0.0,0.0,0.0,0.0,0.0,0.0,0.0,0.0,0.0,0.0,0.0,0.0,0.0,0.0,0.0,0.0,0.0,0.0,0.0,0.0,0.0,0.0,0.0,0.0,0.0,0.0,0.0,0.0,0.0,0.0,0.0,0.0,0.0,0.0,0.0,0.0,0.0,0.0,0.0
7487,0.0,0.0,0.0,0.0,0.0,0.0,0.0,0.0,0.0,0.0,0.0,0.0,0.0,0.0,0.0,0.0,0.0,0.0,0.0,0.0,0.0,0.0,0.0,0.0,0.0,0.0,0.0,0.0,0.0,0.0,0.0,0.0,0.0,0.0,0.0,0.0,0.0,0.0,0.0,0.0,0.0,0.0,0.0,0.0,0.0,0.0,0.0,0.0,0.0,0.0,0.0,0.0,0.0,0.0,0.0,0.0,0.0,0.0,0.0,0.0,0.0,0.0,0.0,0.0
7488,0.0,0.0,0.0,0.0,0.0,0.0,0.0,0.0,0.0,0.0,0.0,0.0,0.0,0.0,0.0,0.0,0.0,0.0,0.0,0.0,0.0,0.0,0.0,0.0,0.0,0.0,0.0,0.0,0.0,0.0,0.0,0.0,0.0,0.0,0.0,0.0,0.0,0.0,0.0,0.0,0.0,0.0,0.0,0.0,0.0,0.0,0.0,0.0,0.0,0.0,0.0,0.0,0.0,0.0,0.0,0.0,0.0,0.0,0.0,0.0,0.0,0.0,0.0,0.0
7489,0.0,0.0,0.0,0.0,0.0,0.0,0.0,0.0,0.0,0.0,0.0,0.0,0.0,0.0,0.0,0.0,0.0,0.0,0.0,0.0,0.0,0.0,0.0,0.0,0.0,0.0,0.0,0.0,0.0,0.0,0.0,0.0,0.0,0.0,0.0,0.0,0.0,0.0,0.0,0.0,0.0,0.0,0.0,0.0,0.0,0.0,0.0,0.0,0.0,0.0,0.0,0.0,0.0,0.0,0.0,0.0,0.0,0.0,0.0,0.0,0.0,0.0,0.0,0.0
7490,0.0,0.0,0.0,0.0,0.0,0.0,0.0,0.0,0.0,0.0,0.0,0.0,0.0,0.0,0.0,0.0,0.0,0.0,0.0,0.0,0.0,0.0,0.0,0.0,0.0,0.0,0.0,0.0,0.0,0.0,0.0,0.0,0.0,0.0,0.0,0.0,0.0,0.0,0.0,0.0,0.0,0.0,0.0,0.0,0.0,0.0,0.0,0.0,0.0,0.0,0.0,0.0,0.0,0.0,0.0,0.0,0.0,0.0,0.0,0.0,0.0,0.0,0.0,0.0
7491,0.0,0.0,0.0,0.0,0.0,0.0,0.0,0.0,0.0,0.0,0.0,0.0,0.0,0.0,0.0,0.0,0.0,0.0,0.0,0.0,0.0,0.0,0.0,0.0,0.0,0.0,0.0,0.0,0.0,0.0,0.0,0.0,0.0,0.0,0.0,0.0,0.0,0.0,0.0,0.0,0.0,0.0,0.0,0.0,0.0,0.0,0.0,0.0,0.0,0.0,0.0,0.0,0.0,0.0,0.0,0.0,0.0,0.0,0.0,0.0,0.0,0.0,0.0,0.0
7492,0.0,0.0,0.0,0.0,0.0,0.0,0.0,0.0,0.0,0.0,0.0,0.0,0.0,0.0,0.0,0.0,0.0,0.0,0.0,0.0,0.0,0.0,0.0,0.0,0.0,0.0,0.0,0.0,0.0,0.0,0.0,0.0,0.0,0.0,0.0,0.0,0.0,0.0,0.0,0.0,0.0,0.0,0.0,0.0,0.0,0.0,0.0,0.0,0.0,0.0,0.0,0.0,0.0,0.0,0.0,0.0,0.0,0.0,0.0,0.0,0.0,0.0,0.0,0.0
7493,0.0,0.0,0.0,0.0,0.0,0.0,0.0,0.0,0.0,0.0,0.0,0.0,0.0,0.0,0.0,0.0,0.0,0.0,0.0,0.0,0.0,0.0,0.0,0.0,0.0,0.0,0.0,0.0,0.0,0.0,0.0,0.0,0.0,0.0,0.0,0.0,0.0,0.0,0.0,0.0,0.0,0.0,0.0,0.0,0.0,0.0,0.0,0.0,0.0,0.0,0.0,0.0,0.0,0.0,0.0,0.0,0.0,0.0,0.0,0.0,0.0,0.0,0.0,0.0
7494,0.0,0.0,0.0,0.0,0.0,0.0,0.0,0.0,0.0,0.0,0.0,0.0,0.0,0.0,0.0,0.0,0.0,0.0,0.0,0.0,0.0,0.0,0.0,0.0,0.0,0.0,0.0,0.0,0.0,0.0,0.0,0.0,0.0,0.0,0.0,0.0,0.0,0.0,0.0,0.0,0.0,0.0,0.0,0.0,0.0,0.0,0.0,0.0,0.0,0.0,0.0,0.0,0.0,0.0,0.0,0.0,0.0,0.0,0.0,0.0,0.0,0.0,0.0,0.0
7495,0.0,0.0,0.0,0.0,0.0,0.0,0.0,0.0,0.0,0.0,0.0,0.0,0.0,0.0,0.0,0.0,0.0,0.0,0.0,0.0,0.0,0.0,0.0,0.0,0.0,0.0,0.0,0.0,0.0,0.0,0.0,0.0,0.0,0.0,0.0,0.0,0.0,0.0,0.0,0.0,0.0,0.0,0.0,0.0,0.0,0.0,0.0,0.0,0.0,0.0,0.0,0.0,0.0,0.0,0.0,0.0,0.0,0.0,0.0,0.0,0.0,0.0,0.0,0.0
7496,0.0,0.0,0.0,0.0,0.0,0.0,0.0,0.0,0.0,0.0,0.0,0.0,0.0,0.0,0.0,0.0,0.0,0.0,0.0,0.0,0.0,0.0,0.0,0.0,0.0,0.0,0.0,0.0,0.0,0.0,0.0,0.0,0.0,0.0,0.0,0.0,0.0,0.0,0.0,0.0,0.0,0.0,0.0,0.0,0.0,0.0,0.0,0.0,0.0,0.0,0.0,0.0,0.0,0.0,0.0,0.0,0.0,0.0,0.0,0.0,0.0,0.0,0.0,0.0
7497,0.0,0.0,0.0,0.0,0.0,0.0,0.0,0.0,0.0,0.0,0.0,0.0,0.0,0.0,0.0,0.0,0.0,0.0,0.0,0.0,0.0,0.0,0.0,0.0,0.0,0.0,0.0,0.0,0.0,0.0,0.0,0.0,0.0,0.0,0.0,0.0,0.0,0.0,0.0,0.0,0.0,0.0,0.0,0.0,0.0,0.0,0.0,0.0,0.0,0.0,0.0,0.0,0.0,0.0,0.0,0.0,0.0,0.0,0.0,0.0,0.0,0.0,0.0,0.0
7498,0.0,0.0,0.0,0.0,0.0,0.0,0.0,0.0,0.0,0.0,0.0,0.0,0.0,0.0,0.0,0.0,0.0,0.0,0.0,0.0,0.0,0.0,0.0,0.0,0.0,0.0,0.0,0.0,0.0,0.0,0.0,0.0,0.0,0.0,0.0,0.0,0.0,0.0,0.0,0.0,0.0,0.0,0.0,0.0,0.0,0.0,0.0,0.0,0.0,0.0,0.0,0.0,0.0,0.0,0.0,0.0,0.0,0.0,0.0,0.0,0.0,0.0,0.0,0.0
7499,0.0,0.18,0.17,0.0,0.0,0.26,0.0,0.0,0.24,0.15,0.22,0.22,0.33,0.28,0.3,0.29,0.2,0.27,0.26,0.27,0.19,0.29,0.32,0.24,0.08,0.16,0.0,0.0,0.17,0.18,0.18,0.0,0.0,0.0,0.0,0.21,0.22,0.21,0.19,0.2,0.19,0.2,0.19,0.24,0.24,0.19,0.26,0.0,0.0,0.27,0.01,0.12,0.02,0.01,0.02,0.0,0.0,0.01,0.02,0.01,0.02,0.01,0.15,0.02
7500,0.0,0.64,0.64,0.0,0.0,0.62,0.0,0.0,0.63,0.65,0.63,0.65,0.65,0.65,0.65,0.64,0.63,0.66,0.66,0.64,0.65,0.65,0.65,0.64,0.65,0.65,0.0,0.0,0.64,0.64,0.64,0.0,0.0,0.0,0.0,0.64,0.64,0.64,0.64,0.64,0.64,0.65,0.65,0.65,0.64,0.65,0.63,0.0,0.0,0.64,0.65,0.64,0.64,0.64,0.62,0.55,0.0,0.63,0.64,0.63,0.65,0.65,0.65,0.65
7501,0.0,0.72,0.72,0.0,0.0,0.68,0.0,0.0,0.73,0.76,0.73,0.74,0.74,0.74,0.74,0.73,0.72,0.76,0.76,0.73,0.75,0.74,0.74,0.74,0.69,0.74,0.0,0.0,0.73,0.72,0.72,0.0,0.0,0.0,0.0,0.73,0.73,0.7,0.74,0.7,0.74,0.75,0.74,0.74,0.74,0.75,0.66,0.0,0.0,0.67,0.76,0.75,0.74,0.76,0.75,0.73,0.0,0.74,0.76,0.74,0.76,0.77,0.75,0.76
7502,0.0,0.73,0.73,0.0,0.0,0.7,0.0,0.0,0.74,0.77,0.75,0.75,0.75,0.75,0.75,0.74,0.74,0.76,0.77,0.74,0.76,0.75,0.75,0.75,0.72,0.75,0.0,0.0,0.74,0.74,0.74,0.0,0.0,0.0,0.0,0.74,0.74,0.74,0.76,0.73,0.76,0.76,0.76,0.74,0.75,0.76,0.71,0.0,0.0,0.71,0.78,0.77,0.76,0.77,0.76,0.75,0.0,0.76,0.77,0.75,0.77,0.78,0.76,0.78
7503,0.0,0.73,0.72,0.0,0.0,0.67,0.0,0.0,0.78,0.77,0.78,0.77,0.77,0.77,0.78,0.77,0.76,0.79,0.8,0.77,0.79,0.77,0.77,0.77,0.73,0.78,0.0,0.0,0.77,0.74,0.77,0.0,0.0,0.0,0.0,0.77,0.77,0.78,0.78,0.77,0.78,0.78,0.78,0.76,0.77,0.79,0.7,0.0,0.0,0.7,0.81,0.79,0.79,0.8,0.79,0.77,0.0,0.79,0.8,0.78,0.8,0.81,0.79,0.8
7504,0.0,0.69,0.68,0.0,0.0,0.72,0.0,0.0,0.78,0.54,0.78,0.77,0.77,0.78,0.78,0.77,0.77,0.77,0.79,0.77,0.78,0.77,0.76,0.77,0.74,0.79,0.0,0.0,0.77,0.69,0.77,0.0,0.0,0.0,0.0,0.78,0.77,0.79,0.79,0.78,0.8,0.79,0.78,0.76,0.77,0.79,0.71,0.0,0.0,0.72,0.81,0.79,0.79,0.8,0.79,0.77,0.0,0.79,0.8,0.78,0.8,0.81,0.8,0.81
7505,0.0,0.58,0.57,0.0,0.0,0.64,0.0,0.0,0.76,0.47,0.76,0.75,0.73,0.75,0.75,0.75,0.74,0.71,0.74,0.75,0.73,0.75,0.73,0.75,0.72,0.75,0.0,0.0,0.75,0.58,0.72,0.0,0.0,0.0,0.0,0.74,0.75,0.77,0.77,0.76,0.77,0.77,0.76,0.74,0.74,0.77,0.63,0.0,0.0,0.65,0.79,0.77,0.77,0.78,0.77,0.74,0.0,0.76,0.78,0.76,0.78,0.79,0.77,0.78
7506,0.0,0.47,0.49,0.0,0.0,0.54,0.0,0.0,0.73,0.38,0.73,0.74,0.71,0.72,0.72,0.7,0.72,0.72,0.72,0.72,0.72,0.72,0.7,0.73,0.67,0.62,0.0,0.0,0.73,0.46,0.55,0.0,0.0,0.0,0.0,0.62,0.73,0.76,0.75,0.75,0.7,0.75,0.74,0.73,0.73,0.75,0.54,0.0,0.0,0.56,0.77,0.76,0.75,0.76,0.76,0.73,0.0,0.75,0.76,0.75,0.77,0.77,0.76,0.77
7507,0.0,0.28,0.28,0.0,0.0,0.3,0.0,0.0,0.61,0.12,0.62,0.62,0.57,0.59,0.59,0.59,0.62,0.58,0.59,0.6,0.52,0.59,0.56,0.62,0.37,0.57,0.0,0.0,0.64,0.28,0.42,0.0,0.0,0.0,0.0,0.37,0.62,0.64,0.64,0.64,0.65,0.65,0.63,0.58,0.62,0.64,0.29,0.0,0.0,0.3,0.67,0.65,0.65,0.66,0.64,0.62,0.0,0.65,0.66,0.64,0.67,0.67,0.65,0.67
7508,0.0,0.02,0.04,0.0,0.0,0.04,0.0,0.0,0.0,0.0,0.01,0.0,0.0,0.0,0.0,0.0,0.0,0.0,0.0,0.0,0.0,0.0,0.0,0.01,0.01,0.18,0.0,0.0,0.15,0.05,0.16,0.0,0.0,0.0,0.0,0.08,0.01,0.03,0.12,0.02,0.1,0.08,0.11,0.06,0.01,0.13,0.03,0.0,0.0,0.03,0.19,0.23,0.1,0.17,0.03,0.11,0.0,0.13,0.18,0.09,0.2,0.18,0.2,0.19
7509,0.0,0.0,0.0,0.0,0.0,0.0,0.0,0.0,0.0,0.0,0.0,0.0,0.0,0.0,0.0,0.0,0.0,0.0,0.0,0.0,0.0,0.0,0.0,0.0,0.0,0.0,0.0,0.0,0.0,0.0,0.0,0.0,0.0,0.0,0.0,0.0,0.0,0.0,0.0,0.0,0.0,0.0,0.0,0.0,0.0,0.0,0.0,0.0,0.0,0.0,0.0,0.0,0.0,0.0,0.0,0.0,0.0,0.0,0.0,0.0,0.0,0.0,0.0,0.0
7510,0.0,0.0,0.0,0.0,0.0,0.0,0.0,0.0,0.0,0.0,0.0,0.0,0.0,0.0,0.0,0.0,0.0,0.0,0.0,0.0,0.0,0.0,0.0,0.0,0.0,0.0,0.0,0.0,0.0,0.0,0.0,0.0,0.0,0.0,0.0,0.0,0.0,0.0,0.0,0.0,0.0,0.0,0.0,0.0,0.0,0.0,0.0,0.0,0.0,0.0,0.0,0.0,0.0,0.0,0.0,0.0,0.0,0.0,0.0,0.0,0.0,0.0,0.0,0.0
7511,0.0,0.0,0.0,0.0,0.0,0.0,0.0,0.0,0.0,0.0,0.0,0.0,0.0,0.0,0.0,0.0,0.0,0.0,0.0,0.0,0.0,0.0,0.0,0.0,0.0,0.0,0.0,0.0,0.0,0.0,0.0,0.0,0.0,0.0,0.0,0.0,0.0,0.0,0.0,0.0,0.0,0.0,0.0,0.0,0.0,0.0,0.0,0.0,0.0,0.0,0.0,0.0,0.0,0.0,0.0,0.0,0.0,0.0,0.0,0.0,0.0,0.0,0.0,0.0
7512,0.0,0.0,0.0,0.0,0.0,0.0,0.0,0.0,0.0,0.0,0.0,0.0,0.0,0.0,0.0,0.0,0.0,0.0,0.0,0.0,0.0,0.0,0.0,0.0,0.0,0.0,0.0,0.0,0.0,0.0,0.0,0.0,0.0,0.0,0.0,0.0,0.0,0.0,0.0,0.0,0.0,0.0,0.0,0.0,0.0,0.0,0.0,0.0,0.0,0.0,0.0,0.0,0.0,0.0,0.0,0.0,0.0,0.0,0.0,0.0,0.0,0.0,0.0,0.0
7513,0.0,0.0,0.0,0.0,0.0,0.0,0.0,0.0,0.0,0.0,0.0,0.0,0.0,0.0,0.0,0.0,0.0,0.0,0.0,0.0,0.0,0.0,0.0,0.0,0.0,0.0,0.0,0.0,0.0,0.0,0.0,0.0,0.0,0.0,0.0,0.0,0.0,0.0,0.0,0.0,0.0,0.0,0.0,0.0,0.0,0.0,0.0,0.0,0.0,0.0,0.0,0.0,0.0,0.0,0.0,0.0,0.0,0.0,0.0,0.0,0.0,0.0,0.0,0.0
7514,0.0,0.0,0.0,0.0,0.0,0.0,0.0,0.0,0.0,0.0,0.0,0.0,0.0,0.0,0.0,0.0,0.0,0.0,0.0,0.0,0.0,0.0,0.0,0.0,0.0,0.0,0.0,0.0,0.0,0.0,0.0,0.0,0.0,0.0,0.0,0.0,0.0,0.0,0.0,0.0,0.0,0.0,0.0,0.0,0.0,0.0,0.0,0.0,0.0,0.0,0.0,0.0,0.0,0.0,0.0,0.0,0.0,0.0,0.0,0.0,0.0,0.0,0.0,0.0
7515,0.0,0.0,0.0,0.0,0.0,0.0,0.0,0.0,0.0,0.0,0.0,0.0,0.0,0.0,0.0,0.0,0.0,0.0,0.0,0.0,0.0,0.0,0.0,0.0,0.0,0.0,0.0,0.0,0.0,0.0,0.0,0.0,0.0,0.0,0.0,0.0,0.0,0.0,0.0,0.0,0.0,0.0,0.0,0.0,0.0,0.0,0.0,0.0,0.0,0.0,0.0,0.0,0.0,0.0,0.0,0.0,0.0,0.0,0.0,0.0,0.0,0.0,0.0,0.0
7516,0.0,0.0,0.0,0.0,0.0,0.0,0.0,0.0,0.0,0.0,0.0,0.0,0.0,0.0,0.0,0.0,0.0,0.0,0.0,0.0,0.0,0.0,0.0,0.0,0.0,0.0,0.0,0.0,0.0,0.0,0.0,0.0,0.0,0.0,0.0,0.0,0.0,0.0,0.0,0.0,0.0,0.0,0.0,0.0,0.0,0.0,0.0,0.0,0.0,0.0,0.0,0.0,0.0,0.0,0.0,0.0,0.0,0.0,0.0,0.0,0.0,0.0,0.0,0.0
7517,0.0,0.0,0.0,0.0,0.0,0.0,0.0,0.0,0.0,0.0,0.0,0.0,0.0,0.0,0.0,0.0,0.0,0.0,0.0,0.0,0.0,0.0,0.0,0.0,0.0,0.0,0.0,0.0,0.0,0.0,0.0,0.0,0.0,0.0,0.0,0.0,0.0,0.0,0.0,0.0,0.0,0.0,0.0,0.0,0.0,0.0,0.0,0.0,0.0,0.0,0.0,0.0,0.0,0.0,0.0,0.0,0.0,0.0,0.0,0.0,0.0,0.0,0.0,0.0
7518,0.0,0.0,0.0,0.0,0.0,0.0,0.0,0.0,0.0,0.0,0.0,0.0,0.0,0.0,0.0,0.0,0.0,0.0,0.0,0.0,0.0,0.0,0.0,0.0,0.0,0.0,0.0,0.0,0.0,0.0,0.0,0.0,0.0,0.0,0.0,0.0,0.0,0.0,0.0,0.0,0.0,0.0,0.0,0.0,0.0,0.0,0.0,0.0,0.0,0.0,0.0,0.0,0.0,0.0,0.0,0.0,0.0,0.0,0.0,0.0,0.0,0.0,0.0,0.0
7519,0.0,0.0,0.0,0.0,0.0,0.0,0.0,0.0,0.0,0.0,0.0,0.0,0.0,0.0,0.0,0.0,0.0,0.0,0.0,0.0,0.0,0.0,0.0,0.0,0.0,0.0,0.0,0.0,0.0,0.0,0.0,0.0,0.0,0.0,0.0,0.0,0.0,0.0,0.0,0.0,0.0,0.0,0.0,0.0,0.0,0.0,0.0,0.0,0.0,0.0,0.0,0.0,0.0,0.0,0.0,0.0,0.0,0.0,0.0,0.0,0.0,0.0,0.0,0.0
7520,0.0,0.0,0.0,0.0,0.0,0.0,0.0,0.0,0.0,0.0,0.0,0.0,0.0,0.0,0.0,0.0,0.0,0.0,0.0,0.0,0.0,0.0,0.0,0.0,0.0,0.0,0.0,0.0,0.0,0.0,0.0,0.0,0.0,0.0,0.0,0.0,0.0,0.0,0.0,0.0,0.0,0.0,0.0,0.0,0.0,0.0,0.0,0.0,0.0,0.0,0.0,0.0,0.0,0.0,0.0,0.0,0.0,0.0,0.0,0.0,0.0,0.0,0.0,0.0
7521,0.0,0.0,0.0,0.0,0.0,0.0,0.0,0.0,0.0,0.0,0.0,0.0,0.0,0.0,0.0,0.0,0.0,0.0,0.0,0.0,0.0,0.0,0.0,0.0,0.0,0.0,0.0,0.0,0.0,0.0,0.0,0.0,0.0,0.0,0.0,0.0,0.0,0.0,0.0,0.0,0.0,0.0,0.0,0.0,0.0,0.0,0.0,0.0,0.0,0.0,0.0,0.0,0.0,0.0,0.0,0.0,0.0,0.0,0.0,0.0,0.0,0.0,0.0,0.0
7522,0.0,0.0,0.0,0.0,0.0,0.0,0.0,0.0,0.0,0.0,0.0,0.0,0.0,0.0,0.0,0.0,0.0,0.0,0.0,0.0,0.0,0.0,0.0,0.0,0.0,0.0,0.0,0.0,0.0,0.0,0.0,0.0,0.0,0.0,0.0,0.0,0.0,0.0,0.0,0.0,0.0,0.0,0.0,0.0,0.0,0.0,0.0,0.0,0.0,0.0,0.0,0.0,0.0,0.0,0.0,0.0,0.0,0.0,0.0,0.0,0.0,0.0,0.0,0.0
7523,0.0,0.21,0.2,0.0,0.0,0.28,0.0,0.0,0.27,0.0,0.25,0.25,0.34,0.3,0.31,0.31,0.24,0.07,0.06,0.29,0.0,0.31,0.01,0.27,0.3,0.2,0.0,0.0,0.2,0.21,0.2,0.0,0.0,0.0,0.0,0.24,0.24,0.24,0.22,0.24,0.23,0.23,0.22,0.27,0.26,0.22,0.3,0.0,0.0,0.3,0.02,0.02,0.02,0.01,0.02,0.0,0.0,0.01,0.02,0.01,0.02,0.02,0.19,0.02
7524,0.0,0.65,0.65,0.0,0.0,0.65,0.0,0.0,0.64,0.23,0.63,0.67,0.65,0.64,0.64,0.64,0.65,0.59,0.64,0.64,0.01,0.64,0.17,0.64,0.5,0.64,0.0,0.0,0.65,0.65,0.65,0.0,0.0,0.0,0.0,0.63,0.64,0.65,0.65,0.65,0.66,0.66,0.66,0.65,0.65,0.65,0.65,0.0,0.0,0.65,0.65,0.65,0.64,0.63,0.65,0.62,0.0,0.64,0.65,0.64,0.65,0.65,0.66,0.66
7525,0.0,0.73,0.74,0.0,0.0,0.74,0.0,0.0,0.7,0.39,0.7,0.74,0.7,0.71,0.69,0.7,0.73,0.69,0.71,0.7,0.16,0.71,0.41,0.72,0.61,0.74,0.0,0.0,0.74,0.73,0.74,0.0,0.0,0.0,0.0,0.72,0.73,0.71,0.74,0.69,0.75,0.75,0.75,0.73,0.74,0.75,0.73,0.0,0.0,0.73,0.74,0.74,0.74,0.73,0.75,0.23,0.0,0.74,0.75,0.74,0.75,0.74,0.76,0.76
7526,0.0,0.77,0.77,0.0,0.0,0.76,0.0,0.0,0.71,0.76,0.72,0.78,0.72,0.74,0.71,0.71,0.75,0.31,0.3,0.72,0.26,0.73,0.74,0.76,0.68,0.78,0.0,0.0,0.78,0.77,0.77,0.0,0.0,0.0,0.0,0.76,0.76,0.74,0.78,0.74,0.79,0.78,0.78,0.76,0.77,0.78,0.76,0.0,0.0,0.76,0.77,0.79,0.79,0.78,0.79,0.44,0.0,0.79,0.78,0.78,0.79,0.77,0.8,0.79
7527,0.0,0.78,0.78,0.0,0.0,0.77,0.0,0.0,0.72,0.06,0.72,0.28,0.71,0.74,0.74,0.73,0.78,0.46,0.78,0.72,0.12,0.73,0.74,0.78,0.72,0.79,0.0,0.0,0.79,0.78,0.78,0.0,0.0,0.0,0.0,0.77,0.77,0.75,0.79,0.76,0.8,0.79,0.79,0.77,0.78,0.8,0.77,0.0,0.0,0.77,0.79,0.8,0.8,0.79,0.8,0.77,0.0,0.8,0.78,0.26,0.8,0.8,0.81,0.79
7528,0.0,0.79,0.79,0.0,0.0,0.78,0.0,0.0,0.71,0.03,0.71,0.8,0.73,0.74,0.75,0.75,0.8,0.36,0.78,0.74,0.06,0.74,0.72,0.78,0.77,0.8,0.0,0.0,0.79,0.79,0.79,0.0,0.0,0.0,0.0,0.78,0.79,0.77,0.8,0.79,0.81,0.8,0.79,0.77,0.79,0.8,0.78,0.0,0.0,0.77,0.81,0.81,0.36,0.8,0.43,0.78,0.0,0.8,0.8,0.8,0.79,0.81,0.82,0.8
7529,0.0,0.77,0.77,0.0,0.0,0.75,0.0,0.0,0.7,0.04,0.71,0.77,0.71,0.71,0.72,0.72,0.77,0.27,0.04,0.7,0.55,0.72,0.71,0.75,0.75,0.78,0.0,0.0,0.78,0.77,0.77,0.0,0.0,0.0,0.0,0.76,0.76,0.77,0.78,0.77,0.79,0.78,0.77,0.76,0.76,0.78,0.76,0.0,0.0,0.75,0.78,0.78,0.78,0.77,0.78,0.76,0.0,0.77,0.78,0.77,0.77,0.78,0.79,0.78
7530,0.0,0.73,0.74,0.0,0.0,0.71,0.0,0.0,0.68,0.02,0.66,0.72,0.66,0.67,0.66,0.66,0.72,0.02,0.02,0.67,0.05,0.67,0.66,0.71,0.71,0.74,0.0,0.0,0.73,0.74,0.74,0.0,0.0,0.0,0.0,0.72,0.71,0.73,0.73,0.73,0.74,0.73,0.72,0.72,0.71,0.73,0.71,0.0,0.0,0.71,0.73,0.73,0.73,0.72,0.73,0.71,0.0,0.72,0.73,0.73,0.73,0.73,0.74,0.73
7531,0.0,0.68,0.69,0.0,0.0,0.66,0.0,0.0,0.6,0.02,0.61,0.65,0.59,0.6,0.6,0.6,0.65,0.6,0.01,0.6,0.01,0.6,0.58,0.65,0.65,0.69,0.0,0.0,0.67,0.68,0.68,0.0,0.0,0.0,0.0,0.67,0.65,0.67,0.67,0.67,0.67,0.67,0.67,0.65,0.65,0.67,0.66,0.0,0.0,0.66,0.67,0.67,0.66,0.66,0.66,0.65,0.0,0.66,0.66,0.66,0.66,0.67,0.68,0.66
7532,0.0,0.38,0.4,0.0,0.0,0.33,0.0,0.0,0.02,0.0,0.02,0.0,0.0,0.0,0.0,0.0,0.02,0.0,0.0,0.0,0.0,0.0,0.0,0.19,0.25,0.38,0.0,0.0,0.34,0.38,0.36,0.0,0.0,0.0,0.0,0.32,0.22,0.18,0.3,0.03,0.23,0.29,0.27,0.22,0.2,0.29,0.32,0.0,0.0,0.31,0.3,0.34,0.23,0.28,0.19,0.24,0.0,0.26,0.29,0.22,0.3,0.29,0.34,0.3
7533,0.0,0.0,0.0,0.0,0.0,0.0,0.0,0.0,0.0,0.0,0.0,0.0,0.0,0.0,0.0,0.0,0.0,0.0,0.0,0.0,0.0,0.0,0.0,0.0,0.0,0.0,0.0,0.0,0.0,0.0,0.0,0.0,0.0,0.0,0.0,0.0,0.0,0.0,0.0,0.0,0.0,0.0,0.0,0.0,0.0,0.0,0.0,0.0,0.0,0.0,0.0,0.0,0.0,0.0,0.0,0.0,0.0,0.0,0.0,0.0,0.0,0.0,0.0,0.0
7534,0.0,0.0,0.0,0.0,0.0,0.0,0.0,0.0,0.0,0.0,0.0,0.0,0.0,0.0,0.0,0.0,0.0,0.0,0.0,0.0,0.0,0.0,0.0,0.0,0.0,0.0,0.0,0.0,0.0,0.0,0.0,0.0,0.0,0.0,0.0,0.0,0.0,0.0,0.0,0.0,0.0,0.0,0.0,0.0,0.0,0.0,0.0,0.0,0.0,0.0,0.0,0.0,0.0,0.0,0.0,0.0,0.0,0.0,0.0,0.0,0.0,0.0,0.0,0.0
7535,0.0,0.0,0.0,0.0,0.0,0.0,0.0,0.0,0.0,0.0,0.0,0.0,0.0,0.0,0.0,0.0,0.0,0.0,0.0,0.0,0.0,0.0,0.0,0.0,0.0,0.0,0.0,0.0,0.0,0.0,0.0,0.0,0.0,0.0,0.0,0.0,0.0,0.0,0.0,0.0,0.0,0.0,0.0,0.0,0.0,0.0,0.0,0.0,0.0,0.0,0.0,0.0,0.0,0.0,0.0,0.0,0.0,0.0,0.0,0.0,0.0,0.0,0.0,0.0
7536,0.0,0.0,0.0,0.0,0.0,0.0,0.0,0.0,0.0,0.0,0.0,0.0,0.0,0.0,0.0,0.0,0.0,0.0,0.0,0.0,0.0,0.0,0.0,0.0,0.0,0.0,0.0,0.0,0.0,0.0,0.0,0.0,0.0,0.0,0.0,0.0,0.0,0.0,0.0,0.0,0.0,0.0,0.0,0.0,0.0,0.0,0.0,0.0,0.0,0.0,0.0,0.0,0.0,0.0,0.0,0.0,0.0,0.0,0.0,0.0,0.0,0.0,0.0,0.0
7537,0.0,0.0,0.0,0.0,0.0,0.0,0.0,0.0,0.0,0.0,0.0,0.0,0.0,0.0,0.0,0.0,0.0,0.0,0.0,0.0,0.0,0.0,0.0,0.0,0.0,0.0,0.0,0.0,0.0,0.0,0.0,0.0,0.0,0.0,0.0,0.0,0.0,0.0,0.0,0.0,0.0,0.0,0.0,0.0,0.0,0.0,0.0,0.0,0.0,0.0,0.0,0.0,0.0,0.0,0.0,0.0,0.0,0.0,0.0,0.0,0.0,0.0,0.0,0.0
7538,0.0,0.0,0.0,0.0,0.0,0.0,0.0,0.0,0.0,0.0,0.0,0.0,0.0,0.0,0.0,0.0,0.0,0.0,0.0,0.0,0.0,0.0,0.0,0.0,0.0,0.0,0.0,0.0,0.0,0.0,0.0,0.0,0.0,0.0,0.0,0.0,0.0,0.0,0.0,0.0,0.0,0.0,0.0,0.0,0.0,0.0,0.0,0.0,0.0,0.0,0.0,0.0,0.0,0.0,0.0,0.0,0.0,0.0,0.0,0.0,0.0,0.0,0.0,0.0
7539,0.0,0.0,0.0,0.0,0.0,0.0,0.0,0.0,0.0,0.0,0.0,0.0,0.0,0.0,0.0,0.0,0.0,0.0,0.0,0.0,0.0,0.0,0.0,0.0,0.0,0.0,0.0,0.0,0.0,0.0,0.0,0.0,0.0,0.0,0.0,0.0,0.0,0.0,0.0,0.0,0.0,0.0,0.0,0.0,0.0,0.0,0.0,0.0,0.0,0.0,0.0,0.0,0.0,0.0,0.0,0.0,0.0,0.0,0.0,0.0,0.0,0.0,0.0,0.0
7540,0.0,0.0,0.0,0.0,0.0,0.0,0.0,0.0,0.0,0.0,0.0,0.0,0.0,0.0,0.0,0.0,0.0,0.0,0.0,0.0,0.0,0.0,0.0,0.0,0.0,0.0,0.0,0.0,0.0,0.0,0.0,0.0,0.0,0.0,0.0,0.0,0.0,0.0,0.0,0.0,0.0,0.0,0.0,0.0,0.0,0.0,0.0,0.0,0.0,0.0,0.0,0.0,0.0,0.0,0.0,0.0,0.0,0.0,0.0,0.0,0.0,0.0,0.0,0.0
7541,0.0,0.0,0.0,0.0,0.0,0.0,0.0,0.0,0.0,0.0,0.0,0.0,0.0,0.0,0.0,0.0,0.0,0.0,0.0,0.0,0.0,0.0,0.0,0.0,0.0,0.0,0.0,0.0,0.0,0.0,0.0,0.0,0.0,0.0,0.0,0.0,0.0,0.0,0.0,0.0,0.0,0.0,0.0,0.0,0.0,0.0,0.0,0.0,0.0,0.0,0.0,0.0,0.0,0.0,0.0,0.0,0.0,0.0,0.0,0.0,0.0,0.0,0.0,0.0
7542,0.0,0.0,0.0,0.0,0.0,0.0,0.0,0.0,0.0,0.0,0.0,0.0,0.0,0.0,0.0,0.0,0.0,0.0,0.0,0.0,0.0,0.0,0.0,0.0,0.0,0.0,0.0,0.0,0.0,0.0,0.0,0.0,0.0,0.0,0.0,0.0,0.0,0.0,0.0,0.0,0.0,0.0,0.0,0.0,0.0,0.0,0.0,0.0,0.0,0.0,0.0,0.0,0.0,0.0,0.0,0.0,0.0,0.0,0.0,0.0,0.0,0.0,0.0,0.0
7543,0.0,0.0,0.0,0.0,0.0,0.0,0.0,0.0,0.0,0.0,0.0,0.0,0.0,0.0,0.0,0.0,0.0,0.0,0.0,0.0,0.0,0.0,0.0,0.0,0.0,0.0,0.0,0.0,0.0,0.0,0.0,0.0,0.0,0.0,0.0,0.0,0.0,0.0,0.0,0.0,0.0,0.0,0.0,0.0,0.0,0.0,0.0,0.0,0.0,0.0,0.0,0.0,0.0,0.0,0.0,0.0,0.0,0.0,0.0,0.0,0.0,0.0,0.0,0.0
7544,0.0,0.0,0.0,0.0,0.0,0.0,0.0,0.0,0.0,0.0,0.0,0.0,0.0,0.0,0.0,0.0,0.0,0.0,0.0,0.0,0.0,0.0,0.0,0.0,0.0,0.0,0.0,0.0,0.0,0.0,0.0,0.0,0.0,0.0,0.0,0.0,0.0,0.0,0.0,0.0,0.0,0.0,0.0,0.0,0.0,0.0,0.0,0.0,0.0,0.0,0.0,0.0,0.0,0.0,0.0,0.0,0.0,0.0,0.0,0.0,0.0,0.0,0.0,0.0
7545,0.0,0.0,0.0,0.0,0.0,0.0,0.0,0.0,0.0,0.0,0.0,0.0,0.0,0.0,0.0,0.0,0.0,0.0,0.0,0.0,0.0,0.0,0.0,0.0,0.0,0.0,0.0,0.0,0.0,0.0,0.0,0.0,0.0,0.0,0.0,0.0,0.0,0.0,0.0,0.0,0.0,0.0,0.0,0.0,0.0,0.0,0.0,0.0,0.0,0.0,0.0,0.0,0.0,0.0,0.0,0.0,0.0,0.0,0.0,0.0,0.0,0.0,0.0,0.0
7546,0.0,0.0,0.0,0.0,0.0,0.0,0.0,0.0,0.0,0.0,0.0,0.0,0.0,0.0,0.0,0.0,0.0,0.0,0.0,0.0,0.0,0.0,0.0,0.0,0.0,0.0,0.0,0.0,0.0,0.0,0.0,0.0,0.0,0.0,0.0,0.0,0.0,0.0,0.0,0.0,0.0,0.0,0.0,0.0,0.0,0.0,0.0,0.0,0.0,0.0,0.0,0.0,0.0,0.0,0.0,0.0,0.0,0.0,0.0,0.0,0.0,0.0,0.0,0.0
7547,0.0,0.0,0.0,0.0,0.0,0.07,0.0,0.0,0.02,0.0,0.01,0.0,0.15,0.02,0.04,0.06,0.0,0.03,0.0,0.06,0.0,0.02,0.14,0.01,0.01,0.0,0.0,0.0,0.0,0.0,0.0,0.0,0.0,0.0,0.0,0.01,0.01,0.01,0.0,0.01,0.0,0.01,0.01,0.02,0.01,0.0,0.07,0.0,0.0,0.08,0.0,0.0,0.0,0.0,0.0,0.0,0.0,0.0,0.0,0.0,0.0,0.0,0.0,0.0
7548,0.0,0.61,0.61,0.0,0.0,0.62,0.0,0.0,0.6,0.61,0.61,0.63,0.59,0.56,0.58,0.58,0.62,0.62,0.6,0.57,0.02,0.54,0.55,0.6,0.62,0.61,0.0,0.0,0.6,0.61,0.61,0.0,0.0,0.0,0.0,0.62,0.6,0.62,0.62,0.63,0.61,0.62,0.62,0.6,0.6,0.62,0.62,0.0,0.0,0.62,0.62,0.61,0.61,0.6,0.62,0.11,0.0,0.6,0.61,0.6,0.61,0.62,0.62,0.62
7549,0.0,0.72,0.72,0.0,0.0,0.71,0.0,0.0,0.7,0.12,0.7,0.74,0.69,0.7,0.69,0.66,0.74,0.1,0.07,0.7,0.03,0.71,0.05,0.71,0.7,0.73,0.0,0.0,0.72,0.73,0.73,0.0,0.0,0.0,0.0,0.72,0.71,0.74,0.73,0.74,0.73,0.73,0.72,0.7,0.72,0.74,0.72,0.0,0.0,0.71,0.73,0.73,0.73,0.71,0.74,0.67,0.0,0.7,0.72,0.71,0.72,0.73,0.73,0.73
7550,0.0,0.77,0.77,0.0,0.0,0.76,0.0,0.0,0.76,0.05,0.77,0.8,0.42,0.77,0.76,0.76,0.78,0.27,0.21,0.75,0.04,0.77,0.07,0.77,0.76,0.78,0.0,0.0,0.77,0.78,0.77,0.0,0.0,0.0,0.0,0.78,0.78,0.79,0.78,0.79,0.78,0.79,0.78,0.77,0.78,0.79,0.77,0.0,0.0,0.77,0.79,0.78,0.77,0.78,0.78,0.68,0.0,0.77,0.78,0.77,0.78,0.79,0.78,0.78
7551,0.0,0.78,0.78,0.0,0.0,0.77,0.0,0.0,0.78,0.06,0.78,0.8,0.16,0.78,0.78,0.77,0.79,0.09,0.06,0.78,0.12,0.78,0.51,0.78,0.77,0.79,0.0,0.0,0.78,0.78,0.78,0.0,0.0,0.0,0.0,0.79,0.78,0.8,0.8,0.79,0.78,0.8,0.79,0.78,0.78,0.8,0.77,0.0,0.0,0.77,0.72,0.77,0.78,0.67,0.76,0.64,0.0,0.68,0.75,0.76,0.76,0.72,0.79,0.74
7552,0.0,0.67,0.7,0.0,0.0,0.78,0.0,0.0,0.78,0.04,0.78,0.8,0.19,0.08,0.1,0.78,0.79,0.8,0.46,0.78,0.05,0.07,0.06,0.78,0.78,0.75,0.0,0.0,0.65,0.64,0.73,0.0,0.0,0.0,0.0,0.77,0.79,0.79,0.75,0.8,0.79,0.78,0.77,0.78,0.79,0.76,0.78,0.0,0.0,0.78,0.53,0.53,0.66,0.47,0.6,0.31,0.0,0.47,0.55,0.59,0.62,0.52,0.6,0.58
7553,0.0,0.55,0.59,0.0,0.0,0.76,0.0,0.0,0.73,0.02,0.71,0.61,0.27,0.08,0.1,0.76,0.68,0.75,0.78,0.76,0.03,0.05,0.08,0.7,0.76,0.57,0.0,0.0,0.61,0.51,0.55,0.0,0.0,0.0,0.0,0.51,0.58,0.7,0.46,0.7,0.57,0.53,0.55,0.63,0.67,0.52,0.77,0.0,0.0,0.77,0.46,0.34,0.45,0.34,0.6,0.04,0.0,0.35,0.45,0.43,0.44,0.47,0.39,0.44
7554,0.0,0.53,0.58,0.0,0.0,0.63,0.0,0.0,0.47,0.02,0.47,0.49,0.05,0.43,0.46,0.42,0.52,0.46,0.43,0.43,0.21,0.47,0.7,0.44,0.72,0.51,0.0,0.0,0.58,0.52,0.5,0.0,0.0,0.0,0.0,0.52,0.54,0.49,0.28,0.52,0.36,0.34,0.34,0.61,0.51,0.29,0.64,0.0,0.0,0.6,0.45,0.3,0.32,0.46,0.33,0.06,0.0,0.32,0.39,0.34,0.38,0.4,0.35,0.4
7555,0.0,0.39,0.38,0.0,0.0,0.37,0.0,0.0,0.26,0.01,0.27,0.31,0.17,0.21,0.21,0.22,0.23,0.16,0.15,0.23,0.01,0.2,0.16,0.48,0.43,0.3,0.0,0.0,0.47,0.43,0.42,0.0,0.0,0.0,0.0,0.42,0.18,0.2,0.19,0.2,0.17,0.18,0.17,0.23,0.39,0.19,0.42,0.0,0.0,0.42,0.46,0.48,0.16,0.51,0.17,0.26,0.0,0.19,0.31,0.16,0.29,0.52,0.38,0.31
7556,0.0,0.27,0.29,0.0,0.0,0.33,0.0,0.0,0.01,0.0,0.02,0.0,0.0,0.0,0.0,0.0,0.01,0.0,0.0,0.0,0.0,0.0,0.0,0.24,0.22,0.45,0.0,0.0,0.38,0.27,0.32,0.0,0.0,0.0,0.0,0.28,0.1,0.02,0.16,0.02,0.09,0.13,0.1,0.11,0.19,0.13,0.33,0.0,0.0,0.34,0.39,0.42,0.2,0.32,0.02,0.01,0.0,0.24,0.38,0.18,0.4,0.38,0.39,0.38
7557,0.0,0.0,0.0,0.0,0.0,0.0,0.0,0.0,0.0,0.0,0.0,0.0,0.0,0.0,0.0,0.0,0.0,0.0,0.0,0.0,0.0,0.0,0.0,0.0,0.0,0.0,0.0,0.0,0.0,0.0,0.0,0.0,0.0,0.0,0.0,0.0,0.0,0.0,0.0,0.0,0.0,0.0,0.0,0.0,0.0,0.0,0.0,0.0,0.0,0.0,0.0,0.0,0.0,0.0,0.0,0.0,0.0,0.0,0.0,0.0,0.0,0.0,0.0,0.0
7558,0.0,0.0,0.0,0.0,0.0,0.0,0.0,0.0,0.0,0.0,0.0,0.0,0.0,0.0,0.0,0.0,0.0,0.0,0.0,0.0,0.0,0.0,0.0,0.0,0.0,0.0,0.0,0.0,0.0,0.0,0.0,0.0,0.0,0.0,0.0,0.0,0.0,0.0,0.0,0.0,0.0,0.0,0.0,0.0,0.0,0.0,0.0,0.0,0.0,0.0,0.0,0.0,0.0,0.0,0.0,0.0,0.0,0.0,0.0,0.0,0.0,0.0,0.0,0.0
7559,0.0,0.0,0.0,0.0,0.0,0.0,0.0,0.0,0.0,0.0,0.0,0.0,0.0,0.0,0.0,0.0,0.0,0.0,0.0,0.0,0.0,0.0,0.0,0.0,0.0,0.0,0.0,0.0,0.0,0.0,0.0,0.0,0.0,0.0,0.0,0.0,0.0,0.0,0.0,0.0,0.0,0.0,0.0,0.0,0.0,0.0,0.0,0.0,0.0,0.0,0.0,0.0,0.0,0.0,0.0,0.0,0.0,0.0,0.0,0.0,0.0,0.0,0.0,0.0
7560,0.0,0.0,0.0,0.0,0.0,0.0,0.0,0.0,0.0,0.0,0.0,0.0,0.0,0.0,0.0,0.0,0.0,0.0,0.0,0.0,0.0,0.0,0.0,0.0,0.0,0.0,0.0,0.0,0.0,0.0,0.0,0.0,0.0,0.0,0.0,0.0,0.0,0.0,0.0,0.0,0.0,0.0,0.0,0.0,0.0,0.0,0.0,0.0,0.0,0.0,0.0,0.0,0.0,0.0,0.0,0.0,0.0,0.0,0.0,0.0,0.0,0.0,0.0,0.0
7561,0.0,0.0,0.0,0.0,0.0,0.0,0.0,0.0,0.0,0.0,0.0,0.0,0.0,0.0,0.0,0.0,0.0,0.0,0.0,0.0,0.0,0.0,0.0,0.0,0.0,0.0,0.0,0.0,0.0,0.0,0.0,0.0,0.0,0.0,0.0,0.0,0.0,0.0,0.0,0.0,0.0,0.0,0.0,0.0,0.0,0.0,0.0,0.0,0.0,0.0,0.0,0.0,0.0,0.0,0.0,0.0,0.0,0.0,0.0,0.0,0.0,0.0,0.0,0.0
7562,0.0,0.0,0.0,0.0,0.0,0.0,0.0,0.0,0.0,0.0,0.0,0.0,0.0,0.0,0.0,0.0,0.0,0.0,0.0,0.0,0.0,0.0,0.0,0.0,0.0,0.0,0.0,0.0,0.0,0.0,0.0,0.0,0.0,0.0,0.0,0.0,0.0,0.0,0.0,0.0,0.0,0.0,0.0,0.0,0.0,0.0,0.0,0.0,0.0,0.0,0.0,0.0,0.0,0.0,0.0,0.0,0.0,0.0,0.0,0.0,0.0,0.0,0.0,0.0
7563,0.0,0.0,0.0,0.0,0.0,0.0,0.0,0.0,0.0,0.0,0.0,0.0,0.0,0.0,0.0,0.0,0.0,0.0,0.0,0.0,0.0,0.0,0.0,0.0,0.0,0.0,0.0,0.0,0.0,0.0,0.0,0.0,0.0,0.0,0.0,0.0,0.0,0.0,0.0,0.0,0.0,0.0,0.0,0.0,0.0,0.0,0.0,0.0,0.0,0.0,0.0,0.0,0.0,0.0,0.0,0.0,0.0,0.0,0.0,0.0,0.0,0.0,0.0,0.0
7564,0.0,0.0,0.0,0.0,0.0,0.0,0.0,0.0,0.0,0.0,0.0,0.0,0.0,0.0,0.0,0.0,0.0,0.0,0.0,0.0,0.0,0.0,0.0,0.0,0.0,0.0,0.0,0.0,0.0,0.0,0.0,0.0,0.0,0.0,0.0,0.0,0.0,0.0,0.0,0.0,0.0,0.0,0.0,0.0,0.0,0.0,0.0,0.0,0.0,0.0,0.0,0.0,0.0,0.0,0.0,0.0,0.0,0.0,0.0,0.0,0.0,0.0,0.0,0.0
7565,0.0,0.0,0.0,0.0,0.0,0.0,0.0,0.0,0.0,0.0,0.0,0.0,0.0,0.0,0.0,0.0,0.0,0.0,0.0,0.0,0.0,0.0,0.0,0.0,0.0,0.0,0.0,0.0,0.0,0.0,0.0,0.0,0.0,0.0,0.0,0.0,0.0,0.0,0.0,0.0,0.0,0.0,0.0,0.0,0.0,0.0,0.0,0.0,0.0,0.0,0.0,0.0,0.0,0.0,0.0,0.0,0.0,0.0,0.0,0.0,0.0,0.0,0.0,0.0
7566,0.0,0.0,0.0,0.0,0.0,0.0,0.0,0.0,0.0,0.0,0.0,0.0,0.0,0.0,0.0,0.0,0.0,0.0,0.0,0.0,0.0,0.0,0.0,0.0,0.0,0.0,0.0,0.0,0.0,0.0,0.0,0.0,0.0,0.0,0.0,0.0,0.0,0.0,0.0,0.0,0.0,0.0,0.0,0.0,0.0,0.0,0.0,0.0,0.0,0.0,0.0,0.0,0.0,0.0,0.0,0.0,0.0,0.0,0.0,0.0,0.0,0.0,0.0,0.0
7567,0.0,0.0,0.0,0.0,0.0,0.0,0.0,0.0,0.0,0.0,0.0,0.0,0.0,0.0,0.0,0.0,0.0,0.0,0.0,0.0,0.0,0.0,0.0,0.0,0.0,0.0,0.0,0.0,0.0,0.0,0.0,0.0,0.0,0.0,0.0,0.0,0.0,0.0,0.0,0.0,0.0,0.0,0.0,0.0,0.0,0.0,0.0,0.0,0.0,0.0,0.0,0.0,0.0,0.0,0.0,0.0,0.0,0.0,0.0,0.0,0.0,0.0,0.0,0.0
7568,0.0,0.0,0.0,0.0,0.0,0.0,0.0,0.0,0.0,0.0,0.0,0.0,0.0,0.0,0.0,0.0,0.0,0.0,0.0,0.0,0.0,0.0,0.0,0.0,0.0,0.0,0.0,0.0,0.0,0.0,0.0,0.0,0.0,0.0,0.0,0.0,0.0,0.0,0.0,0.0,0.0,0.0,0.0,0.0,0.0,0.0,0.0,0.0,0.0,0.0,0.0,0.0,0.0,0.0,0.0,0.0,0.0,0.0,0.0,0.0,0.0,0.0,0.0,0.0
7569,0.0,0.0,0.0,0.0,0.0,0.0,0.0,0.0,0.0,0.0,0.0,0.0,0.0,0.0,0.0,0.0,0.0,0.0,0.0,0.0,0.0,0.0,0.0,0.0,0.0,0.0,0.0,0.0,0.0,0.0,0.0,0.0,0.0,0.0,0.0,0.0,0.0,0.0,0.0,0.0,0.0,0.0,0.0,0.0,0.0,0.0,0.0,0.0,0.0,0.0,0.0,0.0,0.0,0.0,0.0,0.0,0.0,0.0,0.0,0.0,0.0,0.0,0.0,0.0
7570,0.0,0.0,0.0,0.0,0.0,0.0,0.0,0.0,0.0,0.0,0.0,0.0,0.0,0.0,0.0,0.0,0.0,0.0,0.0,0.0,0.0,0.0,0.0,0.0,0.0,0.0,0.0,0.0,0.0,0.0,0.0,0.0,0.0,0.0,0.0,0.0,0.0,0.0,0.0,0.0,0.0,0.0,0.0,0.0,0.0,0.0,0.0,0.0,0.0,0.0,0.0,0.0,0.0,0.0,0.0,0.0,0.0,0.0,0.0,0.0,0.0,0.0,0.0,0.0
7571,0.0,0.0,0.0,0.0,0.0,0.01,0.0,0.0,0.0,0.0,0.0,0.0,0.01,0.0,0.0,0.01,0.0,0.0,0.0,0.0,0.0,0.0,0.01,0.0,0.06,0.0,0.0,0.0,0.0,0.0,0.0,0.0,0.0,0.0,0.0,0.0,0.0,0.0,0.0,0.0,0.0,0.0,0.0,0.0,0.0,0.0,0.01,0.0,0.0,0.01,0.0,0.0,0.0,0.0,0.0,0.0,0.0,0.0,0.0,0.0,0.0,0.0,0.0,0.0
7572,0.0,0.34,0.33,0.0,0.0,0.42,0.0,0.0,0.18,0.01,0.2,0.5,0.15,0.12,0.12,0.15,0.49,0.18,0.04,0.16,0.02,0.12,0.15,0.18,0.4,0.0,0.0,0.0,0.35,0.32,0.04,0.0,0.0,0.0,0.0,0.02,0.19,0.28,0.37,0.37,0.1,0.37,0.38,0.18,0.19,0.34,0.39,0.0,0.0,0.38,0.57,0.05,0.15,0.02,0.0,0.0,0.0,0.05,0.57,0.01,0.02,0.54,0.56,0.57
7573,0.0,0.68,0.69,0.0,0.0,0.49,0.0,0.0,0.49,0.03,0.59,0.16,0.28,0.33,0.32,0.36,0.69,0.42,0.05,0.38,0.06,0.34,0.25,0.48,0.55,0.71,0.0,0.0,0.7,0.62,0.69,0.0,0.0,0.0,0.0,0.57,0.66,0.7,0.71,0.68,0.71,0.72,0.71,0.43,0.55,0.72,0.47,0.0,0.0,0.49,0.53,0.25,0.1,0.03,0.16,0.03,0.0,0.02,0.72,0.03,0.33,0.7,0.73,0.72
7574,0.0,0.76,0.76,0.0,0.0,0.09,0.0,0.0,0.76,0.22,0.76,0.16,0.62,0.68,0.6,0.65,0.76,0.13,0.04,0.7,0.2,0.66,0.14,0.77,0.56,0.78,0.0,0.0,0.78,0.77,0.78,0.0,0.0,0.0,0.0,0.76,0.77,0.78,0.78,0.77,0.4,0.78,0.78,0.76,0.77,0.54,0.1,0.0,0.0,0.15,0.07,0.11,0.06,0.06,0.01,0.09,0.0,0.08,0.2,0.02,0.16,0.08,0.8,0.06
7575,0.0,0.79,0.79,0.0,0.0,0.77,0.0,0.0,0.77,0.19,0.77,0.11,0.76,0.77,0.77,0.77,0.3,0.31,0.64,0.77,0.09,0.77,0.06,0.79,0.74,0.81,0.0,0.0,0.8,0.8,0.8,0.0,0.0,0.0,0.0,0.79,0.79,0.19,0.8,0.33,0.8,0.8,0.8,0.78,0.79,0.81,0.77,0.0,0.0,0.77,0.6,0.8,0.06,0.27,0.02,0.77,0.0,0.12,0.46,0.03,0.11,0.29,0.81,0.81
7576,0.0,0.8,0.8,0.0,0.0,0.76,0.0,0.0,0.75,0.08,0.75,0.04,0.76,0.76,0.76,0.76,0.05,0.11,0.25,0.75,0.21,0.76,0.07,0.79,0.77,0.81,0.0,0.0,0.8,0.8,0.8,0.0,0.0,0.0,0.0,0.79,0.79,0.23,0.8,0.15,0.45,0.8,0.8,0.78,0.79,0.8,0.76,0.0,0.0,0.77,0.47,0.81,0.23,0.44,0.1,0.78,0.0,0.55,0.81,0.55,0.81,0.31,0.81,0.81
7577,0.0,0.77,0.78,0.0,0.0,0.75,0.0,0.0,0.74,0.74,0.74,0.15,0.03,0.73,0.73,0.72,0.05,0.35,0.11,0.72,0.25,0.73,0.06,0.76,0.74,0.78,0.0,0.0,0.77,0.78,0.78,0.0,0.0,0.0,0.0,0.77,0.77,0.2,0.78,0.06,0.38,0.78,0.77,0.76,0.77,0.28,0.75,0.0,0.0,0.75,0.78,0.78,0.16,0.51,0.44,0.08,0.0,0.13,0.35,0.77,0.78,0.33,0.79,0.78
7578,0.0,0.76,0.76,0.0,0.0,0.74,0.0,0.0,0.74,0.72,0.74,0.21,0.02,0.73,0.73,0.73,0.21,0.48,0.09,0.74,0.72,0.73,0.03,0.76,0.73,0.78,0.0,0.0,0.76,0.76,0.77,0.0,0.0,0.0,0.0,0.76,0.76,0.77,0.77,0.23,0.48,0.76,0.76,0.75,0.76,0.77,0.74,0.0,0.0,0.74,0.77,0.2,0.19,0.34,0.75,0.09,0.0,0.06,0.76,0.04,0.77,0.32,0.77,0.77
7579,0.0,0.67,0.68,0.0,0.0,0.65,0.0,0.0,0.63,0.56,0.63,0.65,0.01,0.61,0.61,0.61,0.65,0.24,0.01,0.61,0.58,0.61,0.0,0.64,0.63,0.69,0.0,0.0,0.67,0.67,0.68,0.0,0.0,0.0,0.0,0.66,0.65,0.66,0.67,0.66,0.67,0.66,0.66,0.64,0.65,0.67,0.65,0.0,0.0,0.65,0.68,0.3,0.05,0.67,0.04,0.16,0.0,0.34,0.67,0.63,0.2,0.1,0.68,0.67
7580,0.0,0.34,0.36,0.0,0.0,0.27,0.0,0.0,0.0,0.0,0.01,0.0,0.0,0.0,0.0,0.0,0.0,0.0,0.0,0.0,0.0,0.0,0.0,0.02,0.18,0.35,0.0,0.0,0.3,0.33,0.33,0.0,0.0,0.0,0.0,0.26,0.16,0.02,0.25,0.02,0.16,0.24,0.22,0.16,0.02,0.24,0.27,0.0,0.0,0.26,0.05,0.3,0.0,0.23,0.0,0.19,0.0,0.21,0.01,0.16,0.26,0.06,0.3,0.26
7581,0.0,0.0,0.0,0.0,0.0,0.0,0.0,0.0,0.0,0.0,0.0,0.0,0.0,0.0,0.0,0.0,0.0,0.0,0.0,0.0,0.0,0.0,0.0,0.0,0.0,0.0,0.0,0.0,0.0,0.0,0.0,0.0,0.0,0.0,0.0,0.0,0.0,0.0,0.0,0.0,0.0,0.0,0.0,0.0,0.0,0.0,0.0,0.0,0.0,0.0,0.0,0.0,0.0,0.0,0.0,0.0,0.0,0.0,0.0,0.0,0.0,0.0,0.0,0.0
7582,0.0,0.0,0.0,0.0,0.0,0.0,0.0,0.0,0.0,0.0,0.0,0.0,0.0,0.0,0.0,0.0,0.0,0.0,0.0,0.0,0.0,0.0,0.0,0.0,0.0,0.0,0.0,0.0,0.0,0.0,0.0,0.0,0.0,0.0,0.0,0.0,0.0,0.0,0.0,0.0,0.0,0.0,0.0,0.0,0.0,0.0,0.0,0.0,0.0,0.0,0.0,0.0,0.0,0.0,0.0,0.0,0.0,0.0,0.0,0.0,0.0,0.0,0.0,0.0
7583,0.0,0.0,0.0,0.0,0.0,0.0,0.0,0.0,0.0,0.0,0.0,0.0,0.0,0.0,0.0,0.0,0.0,0.0,0.0,0.0,0.0,0.0,0.0,0.0,0.0,0.0,0.0,0.0,0.0,0.0,0.0,0.0,0.0,0.0,0.0,0.0,0.0,0.0,0.0,0.0,0.0,0.0,0.0,0.0,0.0,0.0,0.0,0.0,0.0,0.0,0.0,0.0,0.0,0.0,0.0,0.0,0.0,0.0,0.0,0.0,0.0,0.0,0.0,0.0
7584,0.0,0.0,0.0,0.0,0.0,0.0,0.0,0.0,0.0,0.0,0.0,0.0,0.0,0.0,0.0,0.0,0.0,0.0,0.0,0.0,0.0,0.0,0.0,0.0,0.0,0.0,0.0,0.0,0.0,0.0,0.0,0.0,0.0,0.0,0.0,0.0,0.0,0.0,0.0,0.0,0.0,0.0,0.0,0.0,0.0,0.0,0.0,0.0,0.0,0.0,0.0,0.0,0.0,0.0,0.0,0.0,0.0,0.0,0.0,0.0,0.0,0.0,0.0,0.0
7585,0.0,0.0,0.0,0.0,0.0,0.0,0.0,0.0,0.0,0.0,0.0,0.0,0.0,0.0,0.0,0.0,0.0,0.0,0.0,0.0,0.0,0.0,0.0,0.0,0.0,0.0,0.0,0.0,0.0,0.0,0.0,0.0,0.0,0.0,0.0,0.0,0.0,0.0,0.0,0.0,0.0,0.0,0.0,0.0,0.0,0.0,0.0,0.0,0.0,0.0,0.0,0.0,0.0,0.0,0.0,0.0,0.0,0.0,0.0,0.0,0.0,0.0,0.0,0.0
7586,0.0,0.0,0.0,0.0,0.0,0.0,0.0,0.0,0.0,0.0,0.0,0.0,0.0,0.0,0.0,0.0,0.0,0.0,0.0,0.0,0.0,0.0,0.0,0.0,0.0,0.0,0.0,0.0,0.0,0.0,0.0,0.0,0.0,0.0,0.0,0.0,0.0,0.0,0.0,0.0,0.0,0.0,0.0,0.0,0.0,0.0,0.0,0.0,0.0,0.0,0.0,0.0,0.0,0.0,0.0,0.0,0.0,0.0,0.0,0.0,0.0,0.0,0.0,0.0
7587,0.0,0.0,0.0,0.0,0.0,0.0,0.0,0.0,0.0,0.0,0.0,0.0,0.0,0.0,0.0,0.0,0.0,0.0,0.0,0.0,0.0,0.0,0.0,0.0,0.0,0.0,0.0,0.0,0.0,0.0,0.0,0.0,0.0,0.0,0.0,0.0,0.0,0.0,0.0,0.0,0.0,0.0,0.0,0.0,0.0,0.0,0.0,0.0,0.0,0.0,0.0,0.0,0.0,0.0,0.0,0.0,0.0,0.0,0.0,0.0,0.0,0.0,0.0,0.0
7588,0.0,0.0,0.0,0.0,0.0,0.0,0.0,0.0,0.0,0.0,0.0,0.0,0.0,0.0,0.0,0.0,0.0,0.0,0.0,0.0,0.0,0.0,0.0,0.0,0.0,0.0,0.0,0.0,0.0,0.0,0.0,0.0,0.0,0.0,0.0,0.0,0.0,0.0,0.0,0.0,0.0,0.0,0.0,0.0,0.0,0.0,0.0,0.0,0.0,0.0,0.0,0.0,0.0,0.0,0.0,0.0,0.0,0.0,0.0,0.0,0.0,0.0,0.0,0.0
7589,0.0,0.0,0.0,0.0,0.0,0.0,0.0,0.0,0.0,0.0,0.0,0.0,0.0,0.0,0.0,0.0,0.0,0.0,0.0,0.0,0.0,0.0,0.0,0.0,0.0,0.0,0.0,0.0,0.0,0.0,0.0,0.0,0.0,0.0,0.0,0.0,0.0,0.0,0.0,0.0,0.0,0.0,0.0,0.0,0.0,0.0,0.0,0.0,0.0,0.0,0.0,0.0,0.0,0.0,0.0,0.0,0.0,0.0,0.0,0.0,0.0,0.0,0.0,0.0
7590,0.0,0.0,0.0,0.0,0.0,0.0,0.0,0.0,0.0,0.0,0.0,0.0,0.0,0.0,0.0,0.0,0.0,0.0,0.0,0.0,0.0,0.0,0.0,0.0,0.0,0.0,0.0,0.0,0.0,0.0,0.0,0.0,0.0,0.0,0.0,0.0,0.0,0.0,0.0,0.0,0.0,0.0,0.0,0.0,0.0,0.0,0.0,0.0,0.0,0.0,0.0,0.0,0.0,0.0,0.0,0.0,0.0,0.0,0.0,0.0,0.0,0.0,0.0,0.0
7591,0.0,0.0,0.0,0.0,0.0,0.0,0.0,0.0,0.0,0.0,0.0,0.0,0.0,0.0,0.0,0.0,0.0,0.0,0.0,0.0,0.0,0.0,0.0,0.0,0.0,0.0,0.0,0.0,0.0,0.0,0.0,0.0,0.0,0.0,0.0,0.0,0.0,0.0,0.0,0.0,0.0,0.0,0.0,0.0,0.0,0.0,0.0,0.0,0.0,0.0,0.0,0.0,0.0,0.0,0.0,0.0,0.0,0.0,0.0,0.0,0.0,0.0,0.0,0.0
7592,0.0,0.0,0.0,0.0,0.0,0.0,0.0,0.0,0.0,0.0,0.0,0.0,0.0,0.0,0.0,0.0,0.0,0.0,0.0,0.0,0.0,0.0,0.0,0.0,0.0,0.0,0.0,0.0,0.0,0.0,0.0,0.0,0.0,0.0,0.0,0.0,0.0,0.0,0.0,0.0,0.0,0.0,0.0,0.0,0.0,0.0,0.0,0.0,0.0,0.0,0.0,0.0,0.0,0.0,0.0,0.0,0.0,0.0,0.0,0.0,0.0,0.0,0.0,0.0
7593,0.0,0.0,0.0,0.0,0.0,0.0,0.0,0.0,0.0,0.0,0.0,0.0,0.0,0.0,0.0,0.0,0.0,0.0,0.0,0.0,0.0,0.0,0.0,0.0,0.0,0.0,0.0,0.0,0.0,0.0,0.0,0.0,0.0,0.0,0.0,0.0,0.0,0.0,0.0,0.0,0.0,0.0,0.0,0.0,0.0,0.0,0.0,0.0,0.0,0.0,0.0,0.0,0.0,0.0,0.0,0.0,0.0,0.0,0.0,0.0,0.0,0.0,0.0,0.0
7594,0.0,0.0,0.0,0.0,0.0,0.0,0.0,0.0,0.0,0.0,0.0,0.0,0.0,0.0,0.0,0.0,0.0,0.0,0.0,0.0,0.0,0.0,0.0,0.0,0.0,0.0,0.0,0.0,0.0,0.0,0.0,0.0,0.0,0.0,0.0,0.0,0.0,0.0,0.0,0.0,0.0,0.0,0.0,0.0,0.0,0.0,0.0,0.0,0.0,0.0,0.0,0.0,0.0,0.0,0.0,0.0,0.0,0.0,0.0,0.0,0.0,0.0,0.0,0.0
7595,0.0,0.01,0.0,0.0,0.0,0.19,0.0,0.0,0.17,0.01,0.15,0.08,0.25,0.22,0.23,0.22,0.02,0.18,0.17,0.2,0.01,0.22,0.25,0.16,0.26,0.01,0.0,0.0,0.01,0.01,0.01,0.0,0.0,0.0,0.0,0.1,0.13,0.02,0.01,0.02,0.02,0.02,0.02,0.16,0.15,0.01,0.19,0.0,0.0,0.2,0.0,0.0,0.0,0.0,0.0,0.0,0.0,0.0,0.0,0.0,0.0,0.0,0.01,0.0
7596,0.0,0.62,0.41,0.0,0.0,0.53,0.0,0.0,0.64,0.62,0.64,0.65,0.66,0.64,0.64,0.64,0.65,0.65,0.65,0.64,0.63,0.64,0.66,0.66,0.66,0.5,0.0,0.0,0.61,0.62,0.45,0.0,0.0,0.0,0.0,0.63,0.66,0.63,0.67,0.62,0.67,0.67,0.66,0.66,0.66,0.67,0.56,0.0,0.0,0.6,0.61,0.6,0.65,0.6,0.65,0.62,0.0,0.65,0.6,0.64,0.65,0.63,0.62,0.64
7597,0.0,0.76,0.77,0.0,0.0,0.69,0.0,0.0,0.74,0.74,0.73,0.77,0.72,0.71,0.71,0.73,0.77,0.72,0.71,0.73,0.7,0.72,0.72,0.75,0.76,0.75,0.0,0.0,0.47,0.75,0.7,0.0,0.0,0.0,0.0,0.6,0.72,0.75,0.67,0.78,0.74,0.69,0.74,0.76,0.75,0.72,0.72,0.0,0.0,0.72,0.58,0.48,0.67,0.72,0.77,0.74,0.0,0.59,0.66,0.75,0.63,0.68,0.56,0.65
7598,0.0,0.77,0.7,0.0,0.0,0.79,0.0,0.0,0.75,0.76,0.77,0.82,0.75,0.77,0.78,0.78,0.82,0.73,0.74,0.78,0.77,0.77,0.74,0.75,0.71,0.81,0.0,0.0,0.78,0.79,0.79,0.0,0.0,0.0,0.0,0.82,0.71,0.77,0.57,0.79,0.67,0.54,0.56,0.72,0.74,0.54,0.79,0.0,0.0,0.79,0.5,0.5,0.64,0.43,0.75,0.68,0.0,0.49,0.54,0.74,0.42,0.52,0.76,0.49
7599,0.0,0.72,0.72,0.0,0.0,0.76,0.0,0.0,0.73,0.81,0.68,0.82,0.76,0.76,0.78,0.74,0.78,0.79,0.8,0.73,0.74,0.8,0.78,0.7,0.79,0.61,0.0,0.0,0.61,0.65,0.59,0.0,0.0,0.0,0.0,0.76,0.61,0.59,0.53,0.58,0.59,0.53,0.45,0.56,0.7,0.44,0.77,0.0,0.0,0.76,0.3,0.26,0.48,0.32,0.76,0.44,0.0,0.47,0.32,0.71,0.25,0.33,0.33,0.26
7600,0.0,0.6,0.57,0.0,0.0,0.6,0.0,0.0,0.66,0.72,0.48,0.59,0.78,0.62,0.7,0.74,0.7,0.78,0.82,0.74,0.59,0.67,0.76,0.41,0.77,0.6,0.0,0.0,0.19,0.56,0.63,0.0,0.0,0.0,0.0,0.33,0.26,0.46,0.31,0.47,0.34,0.32,0.3,0.38,0.34,0.28,0.67,0.0,0.0,0.7,0.18,0.34,0.19,0.2,0.42,0.17,0.0,0.16,0.18,0.19,0.2,0.19,0.24,0.2
7601,0.0,0.2,0.06,0.0,0.0,0.3,0.0,0.0,0.21,0.3,0.18,0.29,0.72,0.5,0.49,0.37,0.16,0.38,0.32,0.27,0.28,0.5,0.67,0.22,0.66,0.18,0.0,0.0,0.23,0.23,0.15,0.0,0.0,0.0,0.0,0.18,0.24,0.18,0.42,0.13,0.2,0.39,0.42,0.32,0.21,0.47,0.32,0.0,0.0,0.35,0.08,0.1,0.1,0.16,0.17,0.1,0.0,0.11,0.11,0.3,0.12,0.1,0.43,0.13
7602,0.0,0.06,0.07,0.0,0.0,0.1,0.0,0.0,0.09,0.29,0.1,0.67,0.34,0.09,0.09,0.12,0.09,0.42,0.51,0.1,0.72,0.1,0.36,0.48,0.44,0.11,0.0,0.0,0.33,0.07,0.11,0.0,0.0,0.0,0.0,0.39,0.46,0.16,0.08,0.1,0.25,0.33,0.29,0.45,0.45,0.06,0.13,0.0,0.0,0.15,0.05,0.08,0.6,0.03,0.74,0.21,0.0,0.02,0.02,0.7,0.03,0.02,0.28,0.03
7603,0.0,0.03,0.07,0.0,0.0,0.04,0.0,0.0,0.17,0.45,0.17,0.48,0.57,0.18,0.1,0.13,0.04,0.53,0.49,0.22,0.47,0.2,0.58,0.02,0.24,0.01,0.0,0.0,0.01,0.03,0.01,0.0,0.0,0.0,0.0,0.03,0.01,0.24,0.02,0.33,0.02,0.03,0.02,0.02,0.02,0.02,0.04,0.0,0.0,0.02,0.02,0.0,0.01,0.0,0.05,0.0,0.0,0.01,0.02,0.0,0.01,0.02,0.0,0.02
7604,0.0,0.0,0.0,0.0,0.0,0.0,0.0,0.0,0.0,0.0,0.0,0.0,0.0,0.0,0.0,0.0,0.0,0.0,0.0,0.0,0.0,0.0,0.0,0.0,0.0,0.0,0.0,0.0,0.0,0.0,0.0,0.0,0.0,0.0,0.0,0.0,0.0,0.0,0.0,0.0,0.0,0.0,0.0,0.0,0.0,0.0,0.0,0.0,0.0,0.0,0.0,0.0,0.0,0.0,0.0,0.0,0.0,0.0,0.0,0.0,0.0,0.0,0.0,0.0
7605,0.0,0.0,0.0,0.0,0.0,0.0,0.0,0.0,0.0,0.0,0.0,0.0,0.0,0.0,0.0,0.0,0.0,0.0,0.0,0.0,0.0,0.0,0.0,0.0,0.0,0.0,0.0,0.0,0.0,0.0,0.0,0.0,0.0,0.0,0.0,0.0,0.0,0.0,0.0,0.0,0.0,0.0,0.0,0.0,0.0,0.0,0.0,0.0,0.0,0.0,0.0,0.0,0.0,0.0,0.0,0.0,0.0,0.0,0.0,0.0,0.0,0.0,0.0,0.0
7606,0.0,0.0,0.0,0.0,0.0,0.0,0.0,0.0,0.0,0.0,0.0,0.0,0.0,0.0,0.0,0.0,0.0,0.0,0.0,0.0,0.0,0.0,0.0,0.0,0.0,0.0,0.0,0.0,0.0,0.0,0.0,0.0,0.0,0.0,0.0,0.0,0.0,0.0,0.0,0.0,0.0,0.0,0.0,0.0,0.0,0.0,0.0,0.0,0.0,0.0,0.0,0.0,0.0,0.0,0.0,0.0,0.0,0.0,0.0,0.0,0.0,0.0,0.0,0.0
7607,0.0,0.0,0.0,0.0,0.0,0.0,0.0,0.0,0.0,0.0,0.0,0.0,0.0,0.0,0.0,0.0,0.0,0.0,0.0,0.0,0.0,0.0,0.0,0.0,0.0,0.0,0.0,0.0,0.0,0.0,0.0,0.0,0.0,0.0,0.0,0.0,0.0,0.0,0.0,0.0,0.0,0.0,0.0,0.0,0.0,0.0,0.0,0.0,0.0,0.0,0.0,0.0,0.0,0.0,0.0,0.0,0.0,0.0,0.0,0.0,0.0,0.0,0.0,0.0
7608,0.0,0.0,0.0,0.0,0.0,0.0,0.0,0.0,0.0,0.0,0.0,0.0,0.0,0.0,0.0,0.0,0.0,0.0,0.0,0.0,0.0,0.0,0.0,0.0,0.0,0.0,0.0,0.0,0.0,0.0,0.0,0.0,0.0,0.0,0.0,0.0,0.0,0.0,0.0,0.0,0.0,0.0,0.0,0.0,0.0,0.0,0.0,0.0,0.0,0.0,0.0,0.0,0.0,0.0,0.0,0.0,0.0,0.0,0.0,0.0,0.0,0.0,0.0,0.0
7609,0.0,0.0,0.0,0.0,0.0,0.0,0.0,0.0,0.0,0.0,0.0,0.0,0.0,0.0,0.0,0.0,0.0,0.0,0.0,0.0,0.0,0.0,0.0,0.0,0.0,0.0,0.0,0.0,0.0,0.0,0.0,0.0,0.0,0.0,0.0,0.0,0.0,0.0,0.0,0.0,0.0,0.0,0.0,0.0,0.0,0.0,0.0,0.0,0.0,0.0,0.0,0.0,0.0,0.0,0.0,0.0,0.0,0.0,0.0,0.0,0.0,0.0,0.0,0.0
7610,0.0,0.0,0.0,0.0,0.0,0.0,0.0,0.0,0.0,0.0,0.0,0.0,0.0,0.0,0.0,0.0,0.0,0.0,0.0,0.0,0.0,0.0,0.0,0.0,0.0,0.0,0.0,0.0,0.0,0.0,0.0,0.0,0.0,0.0,0.0,0.0,0.0,0.0,0.0,0.0,0.0,0.0,0.0,0.0,0.0,0.0,0.0,0.0,0.0,0.0,0.0,0.0,0.0,0.0,0.0,0.0,0.0,0.0,0.0,0.0,0.0,0.0,0.0,0.0
7611,0.0,0.0,0.0,0.0,0.0,0.0,0.0,0.0,0.0,0.0,0.0,0.0,0.0,0.0,0.0,0.0,0.0,0.0,0.0,0.0,0.0,0.0,0.0,0.0,0.0,0.0,0.0,0.0,0.0,0.0,0.0,0.0,0.0,0.0,0.0,0.0,0.0,0.0,0.0,0.0,0.0,0.0,0.0,0.0,0.0,0.0,0.0,0.0,0.0,0.0,0.0,0.0,0.0,0.0,0.0,0.0,0.0,0.0,0.0,0.0,0.0,0.0,0.0,0.0
7612,0.0,0.0,0.0,0.0,0.0,0.0,0.0,0.0,0.0,0.0,0.0,0.0,0.0,0.0,0.0,0.0,0.0,0.0,0.0,0.0,0.0,0.0,0.0,0.0,0.0,0.0,0.0,0.0,0.0,0.0,0.0,0.0,0.0,0.0,0.0,0.0,0.0,0.0,0.0,0.0,0.0,0.0,0.0,0.0,0.0,0.0,0.0,0.0,0.0,0.0,0.0,0.0,0.0,0.0,0.0,0.0,0.0,0.0,0.0,0.0,0.0,0.0,0.0,0.0
7613,0.0,0.0,0.0,0.0,0.0,0.0,0.0,0.0,0.0,0.0,0.0,0.0,0.0,0.0,0.0,0.0,0.0,0.0,0.0,0.0,0.0,0.0,0.0,0.0,0.0,0.0,0.0,0.0,0.0,0.0,0.0,0.0,0.0,0.0,0.0,0.0,0.0,0.0,0.0,0.0,0.0,0.0,0.0,0.0,0.0,0.0,0.0,0.0,0.0,0.0,0.0,0.0,0.0,0.0,0.0,0.0,0.0,0.0,0.0,0.0,0.0,0.0,0.0,0.0
7614,0.0,0.0,0.0,0.0,0.0,0.0,0.0,0.0,0.0,0.0,0.0,0.0,0.0,0.0,0.0,0.0,0.0,0.0,0.0,0.0,0.0,0.0,0.0,0.0,0.0,0.0,0.0,0.0,0.0,0.0,0.0,0.0,0.0,0.0,0.0,0.0,0.0,0.0,0.0,0.0,0.0,0.0,0.0,0.0,0.0,0.0,0.0,0.0,0.0,0.0,0.0,0.0,0.0,0.0,0.0,0.0,0.0,0.0,0.0,0.0,0.0,0.0,0.0,0.0
7615,0.0,0.0,0.0,0.0,0.0,0.0,0.0,0.0,0.0,0.0,0.0,0.0,0.0,0.0,0.0,0.0,0.0,0.0,0.0,0.0,0.0,0.0,0.0,0.0,0.0,0.0,0.0,0.0,0.0,0.0,0.0,0.0,0.0,0.0,0.0,0.0,0.0,0.0,0.0,0.0,0.0,0.0,0.0,0.0,0.0,0.0,0.0,0.0,0.0,0.0,0.0,0.0,0.0,0.0,0.0,0.0,0.0,0.0,0.0,0.0,0.0,0.0,0.0,0.0
7616,0.0,0.0,0.0,0.0,0.0,0.0,0.0,0.0,0.0,0.0,0.0,0.0,0.0,0.0,0.0,0.0,0.0,0.0,0.0,0.0,0.0,0.0,0.0,0.0,0.0,0.0,0.0,0.0,0.0,0.0,0.0,0.0,0.0,0.0,0.0,0.0,0.0,0.0,0.0,0.0,0.0,0.0,0.0,0.0,0.0,0.0,0.0,0.0,0.0,0.0,0.0,0.0,0.0,0.0,0.0,0.0,0.0,0.0,0.0,0.0,0.0,0.0,0.0,0.0
7617,0.0,0.0,0.0,0.0,0.0,0.0,0.0,0.0,0.0,0.0,0.0,0.0,0.0,0.0,0.0,0.0,0.0,0.0,0.0,0.0,0.0,0.0,0.0,0.0,0.0,0.0,0.0,0.0,0.0,0.0,0.0,0.0,0.0,0.0,0.0,0.0,0.0,0.0,0.0,0.0,0.0,0.0,0.0,0.0,0.0,0.0,0.0,0.0,0.0,0.0,0.0,0.0,0.0,0.0,0.0,0.0,0.0,0.0,0.0,0.0,0.0,0.0,0.0,0.0
7618,0.0,0.0,0.0,0.0,0.0,0.0,0.0,0.0,0.0,0.0,0.0,0.0,0.0,0.0,0.0,0.0,0.0,0.0,0.0,0.0,0.0,0.0,0.0,0.0,0.0,0.0,0.0,0.0,0.0,0.0,0.0,0.0,0.0,0.0,0.0,0.0,0.0,0.0,0.0,0.0,0.0,0.0,0.0,0.0,0.0,0.0,0.0,0.0,0.0,0.0,0.0,0.0,0.0,0.0,0.0,0.0,0.0,0.0,0.0,0.0,0.0,0.0,0.0,0.0
7619,0.0,0.0,0.0,0.0,0.0,0.05,0.0,0.0,0.01,0.0,0.04,0.0,0.0,0.0,0.0,0.0,0.0,0.0,0.0,0.0,0.0,0.0,0.0,0.0,0.0,0.0,0.0,0.0,0.0,0.0,0.0,0.0,0.0,0.0,0.0,0.0,0.01,0.0,0.0,0.0,0.0,0.0,0.0,0.05,0.0,0.0,0.01,0.0,0.0,0.06,0.0,0.0,0.0,0.0,0.0,0.0,0.0,0.0,0.0,0.0,0.0,0.0,0.0,0.0
7620,0.0,0.49,0.45,0.0,0.0,0.41,0.0,0.0,0.55,0.01,0.55,0.23,0.01,0.03,0.02,0.05,0.04,0.12,0.01,0.09,0.02,0.01,0.0,0.54,0.48,0.52,0.0,0.0,0.4,0.51,0.5,0.0,0.0,0.0,0.0,0.35,0.48,0.56,0.32,0.53,0.02,0.32,0.33,0.44,0.53,0.33,0.22,0.0,0.0,0.48,0.03,0.0,0.04,0.09,0.0,0.0,0.0,0.23,0.05,0.0,0.02,0.02,0.3,0.04
7621,0.0,0.34,0.55,0.0,0.0,0.63,0.0,0.0,0.65,0.02,0.66,0.03,0.05,0.27,0.15,0.34,0.66,0.68,0.03,0.35,0.02,0.3,0.01,0.58,0.58,0.25,0.0,0.0,0.59,0.28,0.34,0.0,0.0,0.0,0.0,0.65,0.53,0.66,0.61,0.66,0.04,0.58,0.42,0.54,0.58,0.27,0.64,0.0,0.0,0.65,0.02,0.03,0.14,0.19,0.0,0.01,0.0,0.07,0.1,0.16,0.03,0.02,0.24,0.08
7622,0.0,0.64,0.68,0.0,0.0,0.66,0.0,0.0,0.64,0.03,0.69,0.04,0.42,0.7,0.37,0.68,0.68,0.12,0.04,0.66,0.04,0.65,0.72,0.69,0.57,0.32,0.0,0.0,0.7,0.59,0.43,0.0,0.0,0.0,0.0,0.21,0.63,0.7,0.22,0.7,0.08,0.2,0.23,0.68,0.7,0.22,0.66,0.0,0.0,0.62,0.03,0.52,0.21,0.03,0.04,0.1,0.0,0.18,0.05,0.06,0.04,0.02,0.23,0.07
7623,0.0,0.7,0.68,0.0,0.0,0.71,0.0,0.0,0.71,0.06,0.71,0.05,0.56,0.03,0.66,0.66,0.75,0.13,0.05,0.7,0.04,0.03,0.66,0.41,0.73,0.45,0.0,0.0,0.55,0.7,0.15,0.0,0.0,0.0,0.0,0.72,0.5,0.64,0.29,0.73,0.04,0.67,0.66,0.5,0.49,0.61,0.7,0.0,0.0,0.7,0.22,0.12,0.22,0.04,0.14,0.2,0.0,0.06,0.31,0.19,0.08,0.15,0.25,0.23
7624,0.0,0.43,0.36,0.0,0.0,0.7,0.0,0.0,0.43,0.06,0.41,0.06,0.69,0.7,0.56,0.68,0.45,0.1,0.05,0.63,0.02,0.13,0.44,0.36,0.72,0.29,0.0,0.0,0.57,0.34,0.31,0.0,0.0,0.0,0.0,0.73,0.3,0.39,0.26,0.36,0.04,0.26,0.2,0.41,0.72,0.22,0.71,0.0,0.0,0.71,0.1,0.08,0.03,0.06,0.3,0.12,0.0,0.02,0.13,0.04,0.18,0.1,0.26,0.18
7625,0.0,0.55,0.62,0.0,0.0,0.7,0.0,0.0,0.28,0.06,0.59,0.06,0.52,0.48,0.28,0.32,0.2,0.02,0.01,0.28,0.01,0.63,0.7,0.29,0.68,0.23,0.0,0.0,0.28,0.43,0.26,0.0,0.0,0.0,0.0,0.39,0.33,0.72,0.31,0.71,0.06,0.28,0.17,0.25,0.18,0.2,0.64,0.0,0.0,0.59,0.12,0.08,0.03,0.26,0.03,0.38,0.0,0.04,0.13,0.02,0.05,0.12,0.29,0.08
7626,0.0,0.66,0.67,0.0,0.0,0.66,0.0,0.0,0.65,0.01,0.33,0.12,0.05,0.26,0.2,0.51,0.05,0.0,0.0,0.56,0.02,0.31,0.42,0.49,0.64,0.39,0.0,0.0,0.24,0.66,0.34,0.0,0.0,0.0,0.0,0.26,0.61,0.65,0.09,0.64,0.07,0.09,0.13,0.32,0.62,0.1,0.67,0.0,0.0,0.66,0.34,0.14,0.07,0.56,0.02,0.68,0.0,0.67,0.42,0.02,0.05,0.39,0.11,0.08
7627,0.0,0.56,0.48,0.0,0.0,0.01,0.0,0.0,0.31,0.0,0.22,0.01,0.0,0.52,0.5,0.51,0.04,0.0,0.0,0.5,0.0,0.52,0.01,0.14,0.54,0.02,0.0,0.0,0.09,0.15,0.09,0.0,0.0,0.0,0.0,0.12,0.06,0.16,0.03,0.2,0.04,0.03,0.03,0.05,0.1,0.03,0.03,0.0,0.0,0.02,0.02,0.04,0.14,0.04,0.01,0.18,0.0,0.06,0.02,0.01,0.01,0.04,0.04,0.01
7628,0.0,0.01,0.03,0.0,0.0,0.0,0.0,0.0,0.0,0.0,0.0,0.0,0.0,0.0,0.0,0.0,0.0,0.0,0.0,0.0,0.0,0.0,0.0,0.0,0.13,0.0,0.0,0.0,0.09,0.04,0.0,0.0,0.0,0.0,0.0,0.0,0.0,0.0,0.0,0.0,0.0,0.0,0.0,0.0,0.0,0.0,0.0,0.0,0.0,0.0,0.0,0.0,0.0,0.0,0.0,0.0,0.0,0.0,0.0,0.0,0.0,0.0,0.01,0.0
7629,0.0,0.0,0.0,0.0,0.0,0.0,0.0,0.0,0.0,0.0,0.0,0.0,0.0,0.0,0.0,0.0,0.0,0.0,0.0,0.0,0.0,0.0,0.0,0.0,0.0,0.0,0.0,0.0,0.0,0.0,0.0,0.0,0.0,0.0,0.0,0.0,0.0,0.0,0.0,0.0,0.0,0.0,0.0,0.0,0.0,0.0,0.0,0.0,0.0,0.0,0.0,0.0,0.0,0.0,0.0,0.0,0.0,0.0,0.0,0.0,0.0,0.0,0.0,0.0
7630,0.0,0.0,0.0,0.0,0.0,0.0,0.0,0.0,0.0,0.0,0.0,0.0,0.0,0.0,0.0,0.0,0.0,0.0,0.0,0.0,0.0,0.0,0.0,0.0,0.0,0.0,0.0,0.0,0.0,0.0,0.0,0.0,0.0,0.0,0.0,0.0,0.0,0.0,0.0,0.0,0.0,0.0,0.0,0.0,0.0,0.0,0.0,0.0,0.0,0.0,0.0,0.0,0.0,0.0,0.0,0.0,0.0,0.0,0.0,0.0,0.0,0.0,0.0,0.0
7631,0.0,0.0,0.0,0.0,0.0,0.0,0.0,0.0,0.0,0.0,0.0,0.0,0.0,0.0,0.0,0.0,0.0,0.0,0.0,0.0,0.0,0.0,0.0,0.0,0.0,0.0,0.0,0.0,0.0,0.0,0.0,0.0,0.0,0.0,0.0,0.0,0.0,0.0,0.0,0.0,0.0,0.0,0.0,0.0,0.0,0.0,0.0,0.0,0.0,0.0,0.0,0.0,0.0,0.0,0.0,0.0,0.0,0.0,0.0,0.0,0.0,0.0,0.0,0.0
7632,0.0,0.0,0.0,0.0,0.0,0.0,0.0,0.0,0.0,0.0,0.0,0.0,0.0,0.0,0.0,0.0,0.0,0.0,0.0,0.0,0.0,0.0,0.0,0.0,0.0,0.0,0.0,0.0,0.0,0.0,0.0,0.0,0.0,0.0,0.0,0.0,0.0,0.0,0.0,0.0,0.0,0.0,0.0,0.0,0.0,0.0,0.0,0.0,0.0,0.0,0.0,0.0,0.0,0.0,0.0,0.0,0.0,0.0,0.0,0.0,0.0,0.0,0.0,0.0
7633,0.0,0.0,0.0,0.0,0.0,0.0,0.0,0.0,0.0,0.0,0.0,0.0,0.0,0.0,0.0,0.0,0.0,0.0,0.0,0.0,0.0,0.0,0.0,0.0,0.0,0.0,0.0,0.0,0.0,0.0,0.0,0.0,0.0,0.0,0.0,0.0,0.0,0.0,0.0,0.0,0.0,0.0,0.0,0.0,0.0,0.0,0.0,0.0,0.0,0.0,0.0,0.0,0.0,0.0,0.0,0.0,0.0,0.0,0.0,0.0,0.0,0.0,0.0,0.0
7634,0.0,0.0,0.0,0.0,0.0,0.0,0.0,0.0,0.0,0.0,0.0,0.0,0.0,0.0,0.0,0.0,0.0,0.0,0.0,0.0,0.0,0.0,0.0,0.0,0.0,0.0,0.0,0.0,0.0,0.0,0.0,0.0,0.0,0.0,0.0,0.0,0.0,0.0,0.0,0.0,0.0,0.0,0.0,0.0,0.0,0.0,0.0,0.0,0.0,0.0,0.0,0.0,0.0,0.0,0.0,0.0,0.0,0.0,0.0,0.0,0.0,0.0,0.0,0.0
7635,0.0,0.0,0.0,0.0,0.0,0.0,0.0,0.0,0.0,0.0,0.0,0.0,0.0,0.0,0.0,0.0,0.0,0.0,0.0,0.0,0.0,0.0,0.0,0.0,0.0,0.0,0.0,0.0,0.0,0.0,0.0,0.0,0.0,0.0,0.0,0.0,0.0,0.0,0.0,0.0,0.0,0.0,0.0,0.0,0.0,0.0,0.0,0.0,0.0,0.0,0.0,0.0,0.0,0.0,0.0,0.0,0.0,0.0,0.0,0.0,0.0,0.0,0.0,0.0
7636,0.0,0.0,0.0,0.0,0.0,0.0,0.0,0.0,0.0,0.0,0.0,0.0,0.0,0.0,0.0,0.0,0.0,0.0,0.0,0.0,0.0,0.0,0.0,0.0,0.0,0.0,0.0,0.0,0.0,0.0,0.0,0.0,0.0,0.0,0.0,0.0,0.0,0.0,0.0,0.0,0.0,0.0,0.0,0.0,0.0,0.0,0.0,0.0,0.0,0.0,0.0,0.0,0.0,0.0,0.0,0.0,0.0,0.0,0.0,0.0,0.0,0.0,0.0,0.0
7637,0.0,0.0,0.0,0.0,0.0,0.0,0.0,0.0,0.0,0.0,0.0,0.0,0.0,0.0,0.0,0.0,0.0,0.0,0.0,0.0,0.0,0.0,0.0,0.0,0.0,0.0,0.0,0.0,0.0,0.0,0.0,0.0,0.0,0.0,0.0,0.0,0.0,0.0,0.0,0.0,0.0,0.0,0.0,0.0,0.0,0.0,0.0,0.0,0.0,0.0,0.0,0.0,0.0,0.0,0.0,0.0,0.0,0.0,0.0,0.0,0.0,0.0,0.0,0.0
7638,0.0,0.0,0.0,0.0,0.0,0.0,0.0,0.0,0.0,0.0,0.0,0.0,0.0,0.0,0.0,0.0,0.0,0.0,0.0,0.0,0.0,0.0,0.0,0.0,0.0,0.0,0.0,0.0,0.0,0.0,0.0,0.0,0.0,0.0,0.0,0.0,0.0,0.0,0.0,0.0,0.0,0.0,0.0,0.0,0.0,0.0,0.0,0.0,0.0,0.0,0.0,0.0,0.0,0.0,0.0,0.0,0.0,0.0,0.0,0.0,0.0,0.0,0.0,0.0
7639,0.0,0.0,0.0,0.0,0.0,0.0,0.0,0.0,0.0,0.0,0.0,0.0,0.0,0.0,0.0,0.0,0.0,0.0,0.0,0.0,0.0,0.0,0.0,0.0,0.0,0.0,0.0,0.0,0.0,0.0,0.0,0.0,0.0,0.0,0.0,0.0,0.0,0.0,0.0,0.0,0.0,0.0,0.0,0.0,0.0,0.0,0.0,0.0,0.0,0.0,0.0,0.0,0.0,0.0,0.0,0.0,0.0,0.0,0.0,0.0,0.0,0.0,0.0,0.0
7640,0.0,0.0,0.0,0.0,0.0,0.0,0.0,0.0,0.0,0.0,0.0,0.0,0.0,0.0,0.0,0.0,0.0,0.0,0.0,0.0,0.0,0.0,0.0,0.0,0.0,0.0,0.0,0.0,0.0,0.0,0.0,0.0,0.0,0.0,0.0,0.0,0.0,0.0,0.0,0.0,0.0,0.0,0.0,0.0,0.0,0.0,0.0,0.0,0.0,0.0,0.0,0.0,0.0,0.0,0.0,0.0,0.0,0.0,0.0,0.0,0.0,0.0,0.0,0.0
7641,0.0,0.0,0.0,0.0,0.0,0.0,0.0,0.0,0.0,0.0,0.0,0.0,0.0,0.0,0.0,0.0,0.0,0.0,0.0,0.0,0.0,0.0,0.0,0.0,0.0,0.0,0.0,0.0,0.0,0.0,0.0,0.0,0.0,0.0,0.0,0.0,0.0,0.0,0.0,0.0,0.0,0.0,0.0,0.0,0.0,0.0,0.0,0.0,0.0,0.0,0.0,0.0,0.0,0.0,0.0,0.0,0.0,0.0,0.0,0.0,0.0,0.0,0.0,0.0
7642,0.0,0.0,0.0,0.0,0.0,0.0,0.0,0.0,0.0,0.0,0.0,0.0,0.0,0.0,0.0,0.0,0.0,0.0,0.0,0.0,0.0,0.0,0.0,0.0,0.0,0.0,0.0,0.0,0.0,0.0,0.0,0.0,0.0,0.0,0.0,0.0,0.0,0.0,0.0,0.0,0.0,0.0,0.0,0.0,0.0,0.0,0.0,0.0,0.0,0.0,0.0,0.0,0.0,0.0,0.0,0.0,0.0,0.0,0.0,0.0,0.0,0.0,0.0,0.0
7643,0.0,0.0,0.0,0.0,0.0,0.0,0.0,0.0,0.0,0.0,0.0,0.0,0.0,0.0,0.0,0.0,0.0,0.0,0.0,0.0,0.0,0.0,0.0,0.0,0.0,0.0,0.0,0.0,0.0,0.0,0.0,0.0,0.0,0.0,0.0,0.0,0.0,0.0,0.0,0.0,0.0,0.0,0.0,0.0,0.0,0.0,0.0,0.0,0.0,0.0,0.0,0.0,0.0,0.0,0.0,0.0,0.0,0.0,0.0,0.0,0.0,0.0,0.0,0.0
7644,0.0,0.47,0.46,0.0,0.0,0.51,0.0,0.0,0.0,0.15,0.0,0.0,0.0,0.0,0.0,0.0,0.0,0.04,0.02,0.0,0.02,0.0,0.09,0.01,0.0,0.51,0.0,0.0,0.49,0.5,0.47,0.0,0.0,0.0,0.0,0.09,0.02,0.0,0.01,0.0,0.0,0.04,0.03,0.02,0.01,0.02,0.5,0.0,0.0,0.52,0.01,0.32,0.01,0.0,0.0,0.0,0.0,0.0,0.01,0.0,0.04,0.02,0.36,0.06
7645,0.0,0.6,0.59,0.0,0.0,0.56,0.0,0.0,0.01,0.02,0.01,0.0,0.0,0.0,0.01,0.01,0.0,0.0,0.0,0.01,0.0,0.0,0.0,0.02,0.65,0.52,0.0,0.0,0.56,0.6,0.59,0.0,0.0,0.0,0.0,0.45,0.02,0.01,0.24,0.0,0.0,0.25,0.27,0.01,0.01,0.21,0.23,0.0,0.0,0.58,0.0,0.25,0.0,0.0,0.0,0.0,0.0,0.0,0.02,0.0,0.11,0.01,0.48,0.04
7646,0.0,0.69,0.7,0.0,0.0,0.69,0.0,0.0,0.02,0.03,0.03,0.01,0.01,0.01,0.01,0.01,0.01,0.0,0.0,0.01,0.0,0.01,0.0,0.09,0.28,0.68,0.0,0.0,0.65,0.69,0.68,0.0,0.0,0.0,0.0,0.69,0.26,0.02,0.7,0.03,0.02,0.7,0.6,0.48,0.12,0.65,0.67,0.0,0.0,0.69,0.01,0.2,0.0,0.0,0.0,0.01,0.0,0.0,0.02,0.01,0.02,0.01,0.36,0.02
7647,0.0,0.71,0.66,0.0,0.0,0.04,0.0,0.0,0.03,0.04,0.03,0.0,0.0,0.02,0.04,0.04,0.01,0.0,0.0,0.03,0.0,0.03,0.0,0.11,0.04,0.72,0.0,0.0,0.71,0.72,0.65,0.0,0.0,0.0,0.0,0.43,0.31,0.01,0.64,0.01,0.01,0.5,0.7,0.44,0.13,0.56,0.07,0.0,0.0,0.05,0.02,0.04,0.01,0.02,0.01,0.06,0.0,0.02,0.04,0.03,0.02,0.03,0.73,0.03
7648,0.0,0.72,0.72,0.0,0.0,0.18,0.0,0.0,0.02,0.03,0.02,0.0,0.01,0.02,0.04,0.04,0.01,0.0,0.0,0.04,0.0,0.01,0.0,0.36,0.04,0.2,0.0,0.0,0.36,0.72,0.72,0.0,0.0,0.0,0.0,0.34,0.03,0.02,0.71,0.02,0.03,0.71,0.25,0.7,0.07,0.68,0.13,0.0,0.0,0.12,0.04,0.04,0.03,0.05,0.02,0.09,0.0,0.07,0.07,0.38,0.02,0.04,0.3,0.04
7649,0.0,0.71,0.32,0.0,0.0,0.69,0.0,0.0,0.02,0.01,0.02,0.0,0.0,0.01,0.03,0.03,0.01,0.0,0.0,0.02,0.01,0.01,0.0,0.08,0.04,0.04,0.0,0.0,0.3,0.71,0.06,0.0,0.0,0.0,0.0,0.7,0.16,0.02,0.08,0.01,0.03,0.33,0.13,0.16,0.06,0.07,0.69,0.0,0.0,0.69,0.13,0.02,0.06,0.2,0.21,0.04,0.0,0.44,0.39,0.67,0.03,0.12,0.08,0.16
7650,0.0,0.68,0.68,0.0,0.0,0.65,0.0,0.0,0.01,0.0,0.01,0.0,0.0,0.01,0.01,0.02,0.01,0.0,0.0,0.01,0.0,0.01,0.0,0.1,0.65,0.15,0.0,0.0,0.06,0.68,0.67,0.0,0.0,0.0,0.0,0.13,0.07,0.01,0.02,0.01,0.02,0.08,0.02,0.2,0.09,0.02,0.65,0.0,0.0,0.65,0.04,0.01,0.04,0.01,0.02,0.0,0.0,0.02,0.44,0.04,0.02,0.03,0.02,0.48
7651,0.0,0.56,0.56,0.0,0.0,0.52,0.0,0.0,0.0,0.0,0.0,0.0,0.0,0.0,0.0,0.0,0.0,0.0,0.0,0.0,0.0,0.0,0.0,0.5,0.5,0.0,0.0,0.0,0.01,0.56,0.02,0.0,0.0,0.0,0.0,0.51,0.52,0.0,0.01,0.0,0.0,0.0,0.54,0.02,0.51,0.02,0.52,0.0,0.0,0.52,0.01,0.24,0.01,0.0,0.0,0.0,0.0,0.01,0.02,0.0,0.04,0.0,0.58,0.19
7652,0.0,0.07,0.11,0.0,0.0,0.03,0.0,0.0,0.0,0.0,0.0,0.0,0.0,0.0,0.0,0.0,0.0,0.0,0.0,0.0,0.0,0.0,0.0,0.0,0.0,0.09,0.0,0.0,0.06,0.1,0.07,0.0,0.0,0.0,0.0,0.01,0.0,0.0,0.01,0.0,0.0,0.01,0.0,0.0,0.0,0.0,0.02,0.0,0.0,0.01,0.0,0.0,0.0,0.0,0.0,0.0,0.0,0.0,0.0,0.0,0.0,0.0,0.0,0.0
7653,0.0,0.0,0.0,0.0,0.0,0.0,0.0,0.0,0.0,0.0,0.0,0.0,0.0,0.0,0.0,0.0,0.0,0.0,0.0,0.0,0.0,0.0,0.0,0.0,0.0,0.0,0.0,0.0,0.0,0.0,0.0,0.0,0.0,0.0,0.0,0.0,0.0,0.0,0.0,0.0,0.0,0.0,0.0,0.0,0.0,0.0,0.0,0.0,0.0,0.0,0.0,0.0,0.0,0.0,0.0,0.0,0.0,0.0,0.0,0.0,0.0,0.0,0.0,0.0
7654,0.0,0.0,0.0,0.0,0.0,0.0,0.0,0.0,0.0,0.0,0.0,0.0,0.0,0.0,0.0,0.0,0.0,0.0,0.0,0.0,0.0,0.0,0.0,0.0,0.0,0.0,0.0,0.0,0.0,0.0,0.0,0.0,0.0,0.0,0.0,0.0,0.0,0.0,0.0,0.0,0.0,0.0,0.0,0.0,0.0,0.0,0.0,0.0,0.0,0.0,0.0,0.0,0.0,0.0,0.0,0.0,0.0,0.0,0.0,0.0,0.0,0.0,0.0,0.0
7655,0.0,0.0,0.0,0.0,0.0,0.0,0.0,0.0,0.0,0.0,0.0,0.0,0.0,0.0,0.0,0.0,0.0,0.0,0.0,0.0,0.0,0.0,0.0,0.0,0.0,0.0,0.0,0.0,0.0,0.0,0.0,0.0,0.0,0.0,0.0,0.0,0.0,0.0,0.0,0.0,0.0,0.0,0.0,0.0,0.0,0.0,0.0,0.0,0.0,0.0,0.0,0.0,0.0,0.0,0.0,0.0,0.0,0.0,0.0,0.0,0.0,0.0,0.0,0.0
7656,0.0,0.0,0.0,0.0,0.0,0.0,0.0,0.0,0.0,0.0,0.0,0.0,0.0,0.0,0.0,0.0,0.0,0.0,0.0,0.0,0.0,0.0,0.0,0.0,0.0,0.0,0.0,0.0,0.0,0.0,0.0,0.0,0.0,0.0,0.0,0.0,0.0,0.0,0.0,0.0,0.0,0.0,0.0,0.0,0.0,0.0,0.0,0.0,0.0,0.0,0.0,0.0,0.0,0.0,0.0,0.0,0.0,0.0,0.0,0.0,0.0,0.0,0.0,0.0
7657,0.0,0.0,0.0,0.0,0.0,0.0,0.0,0.0,0.0,0.0,0.0,0.0,0.0,0.0,0.0,0.0,0.0,0.0,0.0,0.0,0.0,0.0,0.0,0.0,0.0,0.0,0.0,0.0,0.0,0.0,0.0,0.0,0.0,0.0,0.0,0.0,0.0,0.0,0.0,0.0,0.0,0.0,0.0,0.0,0.0,0.0,0.0,0.0,0.0,0.0,0.0,0.0,0.0,0.0,0.0,0.0,0.0,0.0,0.0,0.0,0.0,0.0,0.0,0.0
7658,0.0,0.0,0.0,0.0,0.0,0.0,0.0,0.0,0.0,0.0,0.0,0.0,0.0,0.0,0.0,0.0,0.0,0.0,0.0,0.0,0.0,0.0,0.0,0.0,0.0,0.0,0.0,0.0,0.0,0.0,0.0,0.0,0.0,0.0,0.0,0.0,0.0,0.0,0.0,0.0,0.0,0.0,0.0,0.0,0.0,0.0,0.0,0.0,0.0,0.0,0.0,0.0,0.0,0.0,0.0,0.0,0.0,0.0,0.0,0.0,0.0,0.0,0.0,0.0
7659,0.0,0.0,0.0,0.0,0.0,0.0,0.0,0.0,0.0,0.0,0.0,0.0,0.0,0.0,0.0,0.0,0.0,0.0,0.0,0.0,0.0,0.0,0.0,0.0,0.0,0.0,0.0,0.0,0.0,0.0,0.0,0.0,0.0,0.0,0.0,0.0,0.0,0.0,0.0,0.0,0.0,0.0,0.0,0.0,0.0,0.0,0.0,0.0,0.0,0.0,0.0,0.0,0.0,0.0,0.0,0.0,0.0,0.0,0.0,0.0,0.0,0.0,0.0,0.0
7660,0.0,0.0,0.0,0.0,0.0,0.0,0.0,0.0,0.0,0.0,0.0,0.0,0.0,0.0,0.0,0.0,0.0,0.0,0.0,0.0,0.0,0.0,0.0,0.0,0.0,0.0,0.0,0.0,0.0,0.0,0.0,0.0,0.0,0.0,0.0,0.0,0.0,0.0,0.0,0.0,0.0,0.0,0.0,0.0,0.0,0.0,0.0,0.0,0.0,0.0,0.0,0.0,0.0,0.0,0.0,0.0,0.0,0.0,0.0,0.0,0.0,0.0,0.0,0.0
7661,0.0,0.0,0.0,0.0,0.0,0.0,0.0,0.0,0.0,0.0,0.0,0.0,0.0,0.0,0.0,0.0,0.0,0.0,0.0,0.0,0.0,0.0,0.0,0.0,0.0,0.0,0.0,0.0,0.0,0.0,0.0,0.0,0.0,0.0,0.0,0.0,0.0,0.0,0.0,0.0,0.0,0.0,0.0,0.0,0.0,0.0,0.0,0.0,0.0,0.0,0.0,0.0,0.0,0.0,0.0,0.0,0.0,0.0,0.0,0.0,0.0,0.0,0.0,0.0
7662,0.0,0.0,0.0,0.0,0.0,0.0,0.0,0.0,0.0,0.0,0.0,0.0,0.0,0.0,0.0,0.0,0.0,0.0,0.0,0.0,0.0,0.0,0.0,0.0,0.0,0.0,0.0,0.0,0.0,0.0,0.0,0.0,0.0,0.0,0.0,0.0,0.0,0.0,0.0,0.0,0.0,0.0,0.0,0.0,0.0,0.0,0.0,0.0,0.0,0.0,0.0,0.0,0.0,0.0,0.0,0.0,0.0,0.0,0.0,0.0,0.0,0.0,0.0,0.0
7663,0.0,0.0,0.0,0.0,0.0,0.0,0.0,0.0,0.0,0.0,0.0,0.0,0.0,0.0,0.0,0.0,0.0,0.0,0.0,0.0,0.0,0.0,0.0,0.0,0.0,0.0,0.0,0.0,0.0,0.0,0.0,0.0,0.0,0.0,0.0,0.0,0.0,0.0,0.0,0.0,0.0,0.0,0.0,0.0,0.0,0.0,0.0,0.0,0.0,0.0,0.0,0.0,0.0,0.0,0.0,0.0,0.0,0.0,0.0,0.0,0.0,0.0,0.0,0.0
7664,0.0,0.0,0.0,0.0,0.0,0.0,0.0,0.0,0.0,0.0,0.0,0.0,0.0,0.0,0.0,0.0,0.0,0.0,0.0,0.0,0.0,0.0,0.0,0.0,0.0,0.0,0.0,0.0,0.0,0.0,0.0,0.0,0.0,0.0,0.0,0.0,0.0,0.0,0.0,0.0,0.0,0.0,0.0,0.0,0.0,0.0,0.0,0.0,0.0,0.0,0.0,0.0,0.0,0.0,0.0,0.0,0.0,0.0,0.0,0.0,0.0,0.0,0.0,0.0
7665,0.0,0.0,0.0,0.0,0.0,0.0,0.0,0.0,0.0,0.0,0.0,0.0,0.0,0.0,0.0,0.0,0.0,0.0,0.0,0.0,0.0,0.0,0.0,0.0,0.0,0.0,0.0,0.0,0.0,0.0,0.0,0.0,0.0,0.0,0.0,0.0,0.0,0.0,0.0,0.0,0.0,0.0,0.0,0.0,0.0,0.0,0.0,0.0,0.0,0.0,0.0,0.0,0.0,0.0,0.0,0.0,0.0,0.0,0.0,0.0,0.0,0.0,0.0,0.0
7666,0.0,0.0,0.0,0.0,0.0,0.0,0.0,0.0,0.0,0.0,0.0,0.0,0.0,0.0,0.0,0.0,0.0,0.0,0.0,0.0,0.0,0.0,0.0,0.0,0.0,0.0,0.0,0.0,0.0,0.0,0.0,0.0,0.0,0.0,0.0,0.0,0.0,0.0,0.0,0.0,0.0,0.0,0.0,0.0,0.0,0.0,0.0,0.0,0.0,0.0,0.0,0.0,0.0,0.0,0.0,0.0,0.0,0.0,0.0,0.0,0.0,0.0,0.0,0.0
7667,0.0,0.0,0.0,0.0,0.0,0.08,0.0,0.0,0.01,0.0,0.01,0.0,0.19,0.13,0.15,0.14,0.0,0.02,0.0,0.12,0.0,0.14,0.17,0.01,0.11,0.0,0.0,0.0,0.0,0.0,0.0,0.0,0.0,0.0,0.0,0.0,0.01,0.0,0.0,0.0,0.0,0.0,0.0,0.01,0.01,0.0,0.09,0.0,0.0,0.1,0.0,0.0,0.0,0.0,0.0,0.0,0.0,0.0,0.0,0.0,0.0,0.0,0.0,0.0
7668,0.0,0.22,0.25,0.0,0.0,0.59,0.0,0.0,0.6,0.62,0.61,0.64,0.62,0.62,0.62,0.61,0.63,0.63,0.64,0.61,0.3,0.62,0.62,0.63,0.62,0.62,0.0,0.0,0.61,0.31,0.61,0.0,0.0,0.0,0.0,0.62,0.62,0.65,0.63,0.64,0.64,0.63,0.63,0.62,0.63,0.63,0.6,0.0,0.0,0.6,0.61,0.61,0.61,0.59,0.13,0.57,0.0,0.6,0.61,0.6,0.61,0.61,0.62,0.61
7669,0.0,0.7,0.72,0.0,0.0,0.71,0.0,0.0,0.68,0.73,0.72,0.75,0.71,0.73,0.73,0.71,0.74,0.75,0.75,0.72,0.27,0.73,0.71,0.73,0.72,0.72,0.0,0.0,0.72,0.71,0.7,0.0,0.0,0.0,0.0,0.73,0.73,0.77,0.75,0.76,0.76,0.75,0.75,0.72,0.74,0.75,0.71,0.0,0.0,0.71,0.73,0.72,0.74,0.7,0.42,0.69,0.0,0.71,0.72,0.72,0.72,0.72,0.73,0.72
7670,0.0,0.74,0.76,0.0,0.0,0.75,0.0,0.0,0.74,0.78,0.77,0.8,0.77,0.78,0.78,0.76,0.8,0.8,0.45,0.77,0.17,0.79,0.77,0.78,0.77,0.77,0.0,0.0,0.76,0.74,0.76,0.0,0.0,0.0,0.0,0.78,0.77,0.82,0.8,0.82,0.82,0.8,0.8,0.76,0.79,0.8,0.76,0.0,0.0,0.76,0.79,0.76,0.8,0.76,0.8,0.73,0.0,0.76,0.78,0.79,0.78,0.78,0.78,0.78
7671,0.0,0.75,0.77,0.0,0.0,0.76,0.0,0.0,0.76,0.81,0.78,0.82,0.78,0.79,0.78,0.77,0.82,0.81,0.29,0.77,0.18,0.79,0.78,0.79,0.78,0.78,0.0,0.0,0.77,0.75,0.77,0.0,0.0,0.0,0.0,0.79,0.78,0.84,0.81,0.83,0.83,0.81,0.81,0.76,0.8,0.82,0.77,0.0,0.0,0.77,0.8,0.77,0.81,0.78,0.81,0.72,0.0,0.78,0.79,0.8,0.78,0.8,0.78,0.79
7672,0.0,0.76,0.78,0.0,0.0,0.76,0.0,0.0,0.76,0.8,0.79,0.82,0.79,0.79,0.78,0.77,0.82,0.81,0.39,0.77,0.22,0.8,0.79,0.8,0.77,0.78,0.0,0.0,0.76,0.76,0.77,0.0,0.0,0.0,0.0,0.78,0.78,0.84,0.81,0.83,0.84,0.81,0.81,0.77,0.8,0.81,0.75,0.0,0.0,0.76,0.79,0.78,0.8,0.78,0.81,0.73,0.0,0.78,0.78,0.79,0.78,0.79,0.79,0.78
7673,0.0,0.75,0.77,0.0,0.0,0.74,0.0,0.0,0.74,0.2,0.77,0.81,0.77,0.76,0.76,0.76,0.81,0.78,0.41,0.76,0.25,0.77,0.77,0.78,0.76,0.78,0.0,0.0,0.74,0.76,0.76,0.0,0.0,0.0,0.0,0.76,0.76,0.82,0.78,0.81,0.82,0.78,0.78,0.75,0.78,0.79,0.74,0.0,0.0,0.75,0.78,0.78,0.78,0.76,0.79,0.74,0.0,0.76,0.77,0.77,0.77,0.78,0.78,0.77
7674,0.0,0.71,0.72,0.0,0.0,0.7,0.0,0.0,0.68,0.07,0.72,0.75,0.71,0.71,0.7,0.71,0.75,0.72,0.4,0.71,0.72,0.71,0.71,0.72,0.71,0.73,0.0,0.0,0.69,0.71,0.72,0.0,0.0,0.0,0.0,0.7,0.7,0.75,0.73,0.76,0.76,0.73,0.73,0.7,0.72,0.73,0.69,0.0,0.0,0.7,0.73,0.73,0.73,0.71,0.73,0.69,0.0,0.71,0.72,0.72,0.72,0.73,0.73,0.72
7675,0.0,0.61,0.63,0.0,0.0,0.56,0.0,0.0,0.58,0.02,0.6,0.62,0.56,0.58,0.58,0.58,0.62,0.58,0.59,0.58,0.57,0.58,0.54,0.6,0.58,0.64,0.0,0.0,0.6,0.61,0.62,0.0,0.0,0.0,0.0,0.6,0.59,0.61,0.61,0.63,0.63,0.61,0.62,0.58,0.61,0.62,0.58,0.0,0.0,0.59,0.63,0.63,0.61,0.59,0.6,0.6,0.0,0.6,0.62,0.6,0.62,0.62,0.62,0.61
7676,0.0,0.24,0.26,0.0,0.0,0.2,0.0,0.0,0.0,0.0,0.0,0.0,0.0,0.0,0.0,0.0,0.0,0.0,0.0,0.0,0.0,0.0,0.0,0.0,0.02,0.27,0.0,0.0,0.22,0.26,0.25,0.0,0.0,0.0,0.0,0.19,0.01,0.0,0.17,0.0,0.01,0.16,0.14,0.01,0.0,0.16,0.16,0.0,0.0,0.16,0.17,0.23,0.01,0.15,0.0,0.02,0.0,0.02,0.15,0.01,0.18,0.16,0.23,0.17
7677,0.0,0.0,0.0,0.0,0.0,0.0,0.0,0.0,0.0,0.0,0.0,0.0,0.0,0.0,0.0,0.0,0.0,0.0,0.0,0.0,0.0,0.0,0.0,0.0,0.0,0.0,0.0,0.0,0.0,0.0,0.0,0.0,0.0,0.0,0.0,0.0,0.0,0.0,0.0,0.0,0.0,0.0,0.0,0.0,0.0,0.0,0.0,0.0,0.0,0.0,0.0,0.0,0.0,0.0,0.0,0.0,0.0,0.0,0.0,0.0,0.0,0.0,0.0,0.0
7678,0.0,0.0,0.0,0.0,0.0,0.0,0.0,0.0,0.0,0.0,0.0,0.0,0.0,0.0,0.0,0.0,0.0,0.0,0.0,0.0,0.0,0.0,0.0,0.0,0.0,0.0,0.0,0.0,0.0,0.0,0.0,0.0,0.0,0.0,0.0,0.0,0.0,0.0,0.0,0.0,0.0,0.0,0.0,0.0,0.0,0.0,0.0,0.0,0.0,0.0,0.0,0.0,0.0,0.0,0.0,0.0,0.0,0.0,0.0,0.0,0.0,0.0,0.0,0.0
7679,0.0,0.0,0.0,0.0,0.0,0.0,0.0,0.0,0.0,0.0,0.0,0.0,0.0,0.0,0.0,0.0,0.0,0.0,0.0,0.0,0.0,0.0,0.0,0.0,0.0,0.0,0.0,0.0,0.0,0.0,0.0,0.0,0.0,0.0,0.0,0.0,0.0,0.0,0.0,0.0,0.0,0.0,0.0,0.0,0.0,0.0,0.0,0.0,0.0,0.0,0.0,0.0,0.0,0.0,0.0,0.0,0.0,0.0,0.0,0.0,0.0,0.0,0.0,0.0
7680,0.0,0.0,0.0,0.0,0.0,0.0,0.0,0.0,0.0,0.0,0.0,0.0,0.0,0.0,0.0,0.0,0.0,0.0,0.0,0.0,0.0,0.0,0.0,0.0,0.0,0.0,0.0,0.0,0.0,0.0,0.0,0.0,0.0,0.0,0.0,0.0,0.0,0.0,0.0,0.0,0.0,0.0,0.0,0.0,0.0,0.0,0.0,0.0,0.0,0.0,0.0,0.0,0.0,0.0,0.0,0.0,0.0,0.0,0.0,0.0,0.0,0.0,0.0,0.0
7681,0.0,0.0,0.0,0.0,0.0,0.0,0.0,0.0,0.0,0.0,0.0,0.0,0.0,0.0,0.0,0.0,0.0,0.0,0.0,0.0,0.0,0.0,0.0,0.0,0.0,0.0,0.0,0.0,0.0,0.0,0.0,0.0,0.0,0.0,0.0,0.0,0.0,0.0,0.0,0.0,0.0,0.0,0.0,0.0,0.0,0.0,0.0,0.0,0.0,0.0,0.0,0.0,0.0,0.0,0.0,0.0,0.0,0.0,0.0,0.0,0.0,0.0,0.0,0.0
7682,0.0,0.0,0.0,0.0,0.0,0.0,0.0,0.0,0.0,0.0,0.0,0.0,0.0,0.0,0.0,0.0,0.0,0.0,0.0,0.0,0.0,0.0,0.0,0.0,0.0,0.0,0.0,0.0,0.0,0.0,0.0,0.0,0.0,0.0,0.0,0.0,0.0,0.0,0.0,0.0,0.0,0.0,0.0,0.0,0.0,0.0,0.0,0.0,0.0,0.0,0.0,0.0,0.0,0.0,0.0,0.0,0.0,0.0,0.0,0.0,0.0,0.0,0.0,0.0
7683,0.0,0.0,0.0,0.0,0.0,0.0,0.0,0.0,0.0,0.0,0.0,0.0,0.0,0.0,0.0,0.0,0.0,0.0,0.0,0.0,0.0,0.0,0.0,0.0,0.0,0.0,0.0,0.0,0.0,0.0,0.0,0.0,0.0,0.0,0.0,0.0,0.0,0.0,0.0,0.0,0.0,0.0,0.0,0.0,0.0,0.0,0.0,0.0,0.0,0.0,0.0,0.0,0.0,0.0,0.0,0.0,0.0,0.0,0.0,0.0,0.0,0.0,0.0,0.0
7684,0.0,0.0,0.0,0.0,0.0,0.0,0.0,0.0,0.0,0.0,0.0,0.0,0.0,0.0,0.0,0.0,0.0,0.0,0.0,0.0,0.0,0.0,0.0,0.0,0.0,0.0,0.0,0.0,0.0,0.0,0.0,0.0,0.0,0.0,0.0,0.0,0.0,0.0,0.0,0.0,0.0,0.0,0.0,0.0,0.0,0.0,0.0,0.0,0.0,0.0,0.0,0.0,0.0,0.0,0.0,0.0,0.0,0.0,0.0,0.0,0.0,0.0,0.0,0.0
7685,0.0,0.0,0.0,0.0,0.0,0.0,0.0,0.0,0.0,0.0,0.0,0.0,0.0,0.0,0.0,0.0,0.0,0.0,0.0,0.0,0.0,0.0,0.0,0.0,0.0,0.0,0.0,0.0,0.0,0.0,0.0,0.0,0.0,0.0,0.0,0.0,0.0,0.0,0.0,0.0,0.0,0.0,0.0,0.0,0.0,0.0,0.0,0.0,0.0,0.0,0.0,0.0,0.0,0.0,0.0,0.0,0.0,0.0,0.0,0.0,0.0,0.0,0.0,0.0
7686,0.0,0.0,0.0,0.0,0.0,0.0,0.0,0.0,0.0,0.0,0.0,0.0,0.0,0.0,0.0,0.0,0.0,0.0,0.0,0.0,0.0,0.0,0.0,0.0,0.0,0.0,0.0,0.0,0.0,0.0,0.0,0.0,0.0,0.0,0.0,0.0,0.0,0.0,0.0,0.0,0.0,0.0,0.0,0.0,0.0,0.0,0.0,0.0,0.0,0.0,0.0,0.0,0.0,0.0,0.0,0.0,0.0,0.0,0.0,0.0,0.0,0.0,0.0,0.0
7687,0.0,0.0,0.0,0.0,0.0,0.0,0.0,0.0,0.0,0.0,0.0,0.0,0.0,0.0,0.0,0.0,0.0,0.0,0.0,0.0,0.0,0.0,0.0,0.0,0.0,0.0,0.0,0.0,0.0,0.0,0.0,0.0,0.0,0.0,0.0,0.0,0.0,0.0,0.0,0.0,0.0,0.0,0.0,0.0,0.0,0.0,0.0,0.0,0.0,0.0,0.0,0.0,0.0,0.0,0.0,0.0,0.0,0.0,0.0,0.0,0.0,0.0,0.0,0.0
7688,0.0,0.0,0.0,0.0,0.0,0.0,0.0,0.0,0.0,0.0,0.0,0.0,0.0,0.0,0.0,0.0,0.0,0.0,0.0,0.0,0.0,0.0,0.0,0.0,0.0,0.0,0.0,0.0,0.0,0.0,0.0,0.0,0.0,0.0,0.0,0.0,0.0,0.0,0.0,0.0,0.0,0.0,0.0,0.0,0.0,0.0,0.0,0.0,0.0,0.0,0.0,0.0,0.0,0.0,0.0,0.0,0.0,0.0,0.0,0.0,0.0,0.0,0.0,0.0
7689,0.0,0.0,0.0,0.0,0.0,0.0,0.0,0.0,0.0,0.0,0.0,0.0,0.0,0.0,0.0,0.0,0.0,0.0,0.0,0.0,0.0,0.0,0.0,0.0,0.0,0.0,0.0,0.0,0.0,0.0,0.0,0.0,0.0,0.0,0.0,0.0,0.0,0.0,0.0,0.0,0.0,0.0,0.0,0.0,0.0,0.0,0.0,0.0,0.0,0.0,0.0,0.0,0.0,0.0,0.0,0.0,0.0,0.0,0.0,0.0,0.0,0.0,0.0,0.0
7690,0.0,0.0,0.0,0.0,0.0,0.0,0.0,0.0,0.0,0.0,0.0,0.0,0.0,0.0,0.0,0.0,0.0,0.0,0.0,0.0,0.0,0.0,0.0,0.0,0.0,0.0,0.0,0.0,0.0,0.0,0.0,0.0,0.0,0.0,0.0,0.0,0.0,0.0,0.0,0.0,0.0,0.0,0.0,0.0,0.0,0.0,0.0,0.0,0.0,0.0,0.0,0.0,0.0,0.0,0.0,0.0,0.0,0.0,0.0,0.0,0.0,0.0,0.0,0.0
7691,0.0,0.0,0.0,0.0,0.0,0.04,0.0,0.0,0.01,0.0,0.0,0.01,0.0,0.01,0.0,0.05,0.01,0.03,0.03,0.01,0.0,0.0,0.0,0.03,0.16,0.0,0.0,0.0,0.0,0.0,0.0,0.0,0.0,0.0,0.0,0.01,0.01,0.01,0.0,0.01,0.01,0.0,0.0,0.03,0.03,0.0,0.03,0.0,0.0,0.19,0.0,0.0,0.0,0.0,0.0,0.0,0.0,0.0,0.0,0.0,0.0,0.0,0.0,0.0
7692,0.0,0.31,0.31,0.0,0.0,0.61,0.0,0.0,0.42,0.51,0.59,0.63,0.06,0.25,0.14,0.33,0.62,0.52,0.53,0.5,0.32,0.27,0.02,0.28,0.63,0.56,0.0,0.0,0.53,0.62,0.6,0.0,0.0,0.0,0.0,0.41,0.57,0.63,0.25,0.61,0.36,0.28,0.23,0.53,0.35,0.22,0.61,0.0,0.0,0.61,0.1,0.13,0.2,0.13,0.22,0.16,0.0,0.12,0.1,0.13,0.08,0.14,0.17,0.09
7693,0.0,0.69,0.7,0.0,0.0,0.69,0.0,0.0,0.46,0.68,0.34,0.42,0.13,0.71,0.34,0.65,0.3,0.72,0.72,0.6,0.73,0.73,0.09,0.27,0.71,0.09,0.0,0.0,0.66,0.64,0.34,0.0,0.0,0.0,0.0,0.28,0.49,0.26,0.46,0.26,0.3,0.33,0.18,0.43,0.32,0.28,0.7,0.0,0.0,0.7,0.14,0.45,0.24,0.19,0.25,0.15,0.0,0.15,0.13,0.16,0.16,0.17,0.46,0.14
7694,0.0,0.59,0.51,0.0,0.0,0.6,0.0,0.0,0.27,0.72,0.26,0.35,0.18,0.44,0.38,0.29,0.29,0.68,0.65,0.26,0.71,0.52,0.15,0.4,0.72,0.7,0.0,0.0,0.2,0.61,0.69,0.0,0.0,0.0,0.0,0.33,0.53,0.27,0.67,0.25,0.18,0.69,0.66,0.6,0.51,0.65,0.62,0.0,0.0,0.67,0.09,0.15,0.21,0.12,0.25,0.19,0.0,0.19,0.09,0.21,0.62,0.07,0.37,0.12
7695,0.0,0.12,0.24,0.0,0.0,0.69,0.0,0.0,0.13,0.73,0.1,0.28,0.5,0.3,0.33,0.28,0.22,0.38,0.35,0.22,0.43,0.31,0.46,0.71,0.74,0.07,0.0,0.0,0.34,0.09,0.09,0.0,0.0,0.0,0.0,0.62,0.59,0.15,0.69,0.14,0.71,0.68,0.68,0.71,0.71,0.68,0.7,0.0,0.0,0.67,0.31,0.43,0.13,0.72,0.3,0.37,0.0,0.12,0.32,0.14,0.44,0.28,0.36,0.43
7696,0.0,0.19,0.14,0.0,0.0,0.73,0.0,0.0,0.62,0.22,0.74,0.19,0.38,0.12,0.13,0.46,0.11,0.28,0.27,0.4,0.69,0.2,0.44,0.73,0.72,0.06,0.0,0.0,0.06,0.15,0.08,0.0,0.0,0.0,0.0,0.32,0.74,0.76,0.6,0.74,0.61,0.68,0.7,0.71,0.72,0.57,0.71,0.0,0.0,0.71,0.51,0.14,0.24,0.7,0.66,0.31,0.0,0.35,0.54,0.2,0.48,0.65,0.07,0.47
7697,0.0,0.05,0.02,0.0,0.0,0.49,0.0,0.0,0.69,0.23,0.71,0.05,0.26,0.15,0.25,0.7,0.37,0.37,0.37,0.71,0.41,0.18,0.34,0.7,0.19,0.04,0.0,0.0,0.04,0.05,0.04,0.0,0.0,0.0,0.0,0.03,0.48,0.69,0.23,0.71,0.42,0.33,0.65,0.7,0.63,0.24,0.14,0.0,0.0,0.18,0.34,0.03,0.36,0.19,0.51,0.12,0.0,0.4,0.14,0.39,0.2,0.28,0.04,0.13
7698,0.0,0.55,0.6,0.0,0.0,0.17,0.0,0.0,0.25,0.28,0.2,0.05,0.51,0.66,0.69,0.68,0.25,0.27,0.23,0.68,0.47,0.43,0.49,0.69,0.7,0.04,0.0,0.0,0.01,0.04,0.07,0.0,0.0,0.0,0.0,0.64,0.62,0.27,0.05,0.25,0.3,0.04,0.03,0.61,0.68,0.03,0.66,0.0,0.0,0.65,0.17,0.01,0.27,0.36,0.43,0.12,0.0,0.21,0.03,0.24,0.06,0.35,0.02,0.04
7699,0.0,0.01,0.01,0.0,0.0,0.61,0.0,0.0,0.04,0.0,0.04,0.14,0.36,0.16,0.29,0.42,0.05,0.22,0.24,0.34,0.04,0.15,0.48,0.04,0.46,0.01,0.0,0.0,0.0,0.01,0.01,0.0,0.0,0.0,0.0,0.0,0.03,0.47,0.02,0.4,0.45,0.01,0.01,0.02,0.04,0.02,0.6,0.0,0.0,0.59,0.16,0.02,0.18,0.12,0.15,0.16,0.0,0.14,0.18,0.16,0.25,0.12,0.03,0.24
7700,0.0,0.0,0.0,0.0,0.0,0.11,0.0,0.0,0.0,0.0,0.0,0.0,0.0,0.0,0.0,0.0,0.0,0.0,0.0,0.0,0.0,0.0,0.0,0.0,0.01,0.0,0.0,0.0,0.0,0.0,0.0,0.0,0.0,0.0,0.0,0.0,0.0,0.0,0.0,0.0,0.0,0.0,0.0,0.0,0.0,0.0,0.14,0.0,0.0,0.1,0.0,0.0,0.0,0.0,0.0,0.0,0.0,0.0,0.0,0.0,0.0,0.0,0.0,0.0
7701,0.0,0.0,0.0,0.0,0.0,0.0,0.0,0.0,0.0,0.0,0.0,0.0,0.0,0.0,0.0,0.0,0.0,0.0,0.0,0.0,0.0,0.0,0.0,0.0,0.0,0.0,0.0,0.0,0.0,0.0,0.0,0.0,0.0,0.0,0.0,0.0,0.0,0.0,0.0,0.0,0.0,0.0,0.0,0.0,0.0,0.0,0.0,0.0,0.0,0.0,0.0,0.0,0.0,0.0,0.0,0.0,0.0,0.0,0.0,0.0,0.0,0.0,0.0,0.0
7702,0.0,0.0,0.0,0.0,0.0,0.0,0.0,0.0,0.0,0.0,0.0,0.0,0.0,0.0,0.0,0.0,0.0,0.0,0.0,0.0,0.0,0.0,0.0,0.0,0.0,0.0,0.0,0.0,0.0,0.0,0.0,0.0,0.0,0.0,0.0,0.0,0.0,0.0,0.0,0.0,0.0,0.0,0.0,0.0,0.0,0.0,0.0,0.0,0.0,0.0,0.0,0.0,0.0,0.0,0.0,0.0,0.0,0.0,0.0,0.0,0.0,0.0,0.0,0.0
7703,0.0,0.0,0.0,0.0,0.0,0.0,0.0,0.0,0.0,0.0,0.0,0.0,0.0,0.0,0.0,0.0,0.0,0.0,0.0,0.0,0.0,0.0,0.0,0.0,0.0,0.0,0.0,0.0,0.0,0.0,0.0,0.0,0.0,0.0,0.0,0.0,0.0,0.0,0.0,0.0,0.0,0.0,0.0,0.0,0.0,0.0,0.0,0.0,0.0,0.0,0.0,0.0,0.0,0.0,0.0,0.0,0.0,0.0,0.0,0.0,0.0,0.0,0.0,0.0
7704,0.0,0.0,0.0,0.0,0.0,0.0,0.0,0.0,0.0,0.0,0.0,0.0,0.0,0.0,0.0,0.0,0.0,0.0,0.0,0.0,0.0,0.0,0.0,0.0,0.0,0.0,0.0,0.0,0.0,0.0,0.0,0.0,0.0,0.0,0.0,0.0,0.0,0.0,0.0,0.0,0.0,0.0,0.0,0.0,0.0,0.0,0.0,0.0,0.0,0.0,0.0,0.0,0.0,0.0,0.0,0.0,0.0,0.0,0.0,0.0,0.0,0.0,0.0,0.0
7705,0.0,0.0,0.0,0.0,0.0,0.0,0.0,0.0,0.0,0.0,0.0,0.0,0.0,0.0,0.0,0.0,0.0,0.0,0.0,0.0,0.0,0.0,0.0,0.0,0.0,0.0,0.0,0.0,0.0,0.0,0.0,0.0,0.0,0.0,0.0,0.0,0.0,0.0,0.0,0.0,0.0,0.0,0.0,0.0,0.0,0.0,0.0,0.0,0.0,0.0,0.0,0.0,0.0,0.0,0.0,0.0,0.0,0.0,0.0,0.0,0.0,0.0,0.0,0.0
7706,0.0,0.0,0.0,0.0,0.0,0.0,0.0,0.0,0.0,0.0,0.0,0.0,0.0,0.0,0.0,0.0,0.0,0.0,0.0,0.0,0.0,0.0,0.0,0.0,0.0,0.0,0.0,0.0,0.0,0.0,0.0,0.0,0.0,0.0,0.0,0.0,0.0,0.0,0.0,0.0,0.0,0.0,0.0,0.0,0.0,0.0,0.0,0.0,0.0,0.0,0.0,0.0,0.0,0.0,0.0,0.0,0.0,0.0,0.0,0.0,0.0,0.0,0.0,0.0
7707,0.0,0.0,0.0,0.0,0.0,0.0,0.0,0.0,0.0,0.0,0.0,0.0,0.0,0.0,0.0,0.0,0.0,0.0,0.0,0.0,0.0,0.0,0.0,0.0,0.0,0.0,0.0,0.0,0.0,0.0,0.0,0.0,0.0,0.0,0.0,0.0,0.0,0.0,0.0,0.0,0.0,0.0,0.0,0.0,0.0,0.0,0.0,0.0,0.0,0.0,0.0,0.0,0.0,0.0,0.0,0.0,0.0,0.0,0.0,0.0,0.0,0.0,0.0,0.0
7708,0.0,0.0,0.0,0.0,0.0,0.0,0.0,0.0,0.0,0.0,0.0,0.0,0.0,0.0,0.0,0.0,0.0,0.0,0.0,0.0,0.0,0.0,0.0,0.0,0.0,0.0,0.0,0.0,0.0,0.0,0.0,0.0,0.0,0.0,0.0,0.0,0.0,0.0,0.0,0.0,0.0,0.0,0.0,0.0,0.0,0.0,0.0,0.0,0.0,0.0,0.0,0.0,0.0,0.0,0.0,0.0,0.0,0.0,0.0,0.0,0.0,0.0,0.0,0.0
7709,0.0,0.0,0.0,0.0,0.0,0.0,0.0,0.0,0.0,0.0,0.0,0.0,0.0,0.0,0.0,0.0,0.0,0.0,0.0,0.0,0.0,0.0,0.0,0.0,0.0,0.0,0.0,0.0,0.0,0.0,0.0,0.0,0.0,0.0,0.0,0.0,0.0,0.0,0.0,0.0,0.0,0.0,0.0,0.0,0.0,0.0,0.0,0.0,0.0,0.0,0.0,0.0,0.0,0.0,0.0,0.0,0.0,0.0,0.0,0.0,0.0,0.0,0.0,0.0
7710,0.0,0.0,0.0,0.0,0.0,0.0,0.0,0.0,0.0,0.0,0.0,0.0,0.0,0.0,0.0,0.0,0.0,0.0,0.0,0.0,0.0,0.0,0.0,0.0,0.0,0.0,0.0,0.0,0.0,0.0,0.0,0.0,0.0,0.0,0.0,0.0,0.0,0.0,0.0,0.0,0.0,0.0,0.0,0.0,0.0,0.0,0.0,0.0,0.0,0.0,0.0,0.0,0.0,0.0,0.0,0.0,0.0,0.0,0.0,0.0,0.0,0.0,0.0,0.0
7711,0.0,0.0,0.0,0.0,0.0,0.0,0.0,0.0,0.0,0.0,0.0,0.0,0.0,0.0,0.0,0.0,0.0,0.0,0.0,0.0,0.0,0.0,0.0,0.0,0.0,0.0,0.0,0.0,0.0,0.0,0.0,0.0,0.0,0.0,0.0,0.0,0.0,0.0,0.0,0.0,0.0,0.0,0.0,0.0,0.0,0.0,0.0,0.0,0.0,0.0,0.0,0.0,0.0,0.0,0.0,0.0,0.0,0.0,0.0,0.0,0.0,0.0,0.0,0.0
7712,0.0,0.0,0.0,0.0,0.0,0.0,0.0,0.0,0.0,0.0,0.0,0.0,0.0,0.0,0.0,0.0,0.0,0.0,0.0,0.0,0.0,0.0,0.0,0.0,0.0,0.0,0.0,0.0,0.0,0.0,0.0,0.0,0.0,0.0,0.0,0.0,0.0,0.0,0.0,0.0,0.0,0.0,0.0,0.0,0.0,0.0,0.0,0.0,0.0,0.0,0.0,0.0,0.0,0.0,0.0,0.0,0.0,0.0,0.0,0.0,0.0,0.0,0.0,0.0
7713,0.0,0.0,0.0,0.0,0.0,0.0,0.0,0.0,0.0,0.0,0.0,0.0,0.0,0.0,0.0,0.0,0.0,0.0,0.0,0.0,0.0,0.0,0.0,0.0,0.0,0.0,0.0,0.0,0.0,0.0,0.0,0.0,0.0,0.0,0.0,0.0,0.0,0.0,0.0,0.0,0.0,0.0,0.0,0.0,0.0,0.0,0.0,0.0,0.0,0.0,0.0,0.0,0.0,0.0,0.0,0.0,0.0,0.0,0.0,0.0,0.0,0.0,0.0,0.0
7714,0.0,0.0,0.0,0.0,0.0,0.0,0.0,0.0,0.0,0.0,0.0,0.0,0.0,0.0,0.0,0.0,0.0,0.0,0.0,0.0,0.0,0.0,0.0,0.0,0.0,0.0,0.0,0.0,0.0,0.0,0.0,0.0,0.0,0.0,0.0,0.0,0.0,0.0,0.0,0.0,0.0,0.0,0.0,0.0,0.0,0.0,0.0,0.0,0.0,0.0,0.0,0.0,0.0,0.0,0.0,0.0,0.0,0.0,0.0,0.0,0.0,0.0,0.0,0.0
7715,0.0,0.0,0.0,0.0,0.0,0.0,0.0,0.0,0.0,0.0,0.0,0.0,0.01,0.0,0.0,0.0,0.0,0.0,0.0,0.0,0.0,0.0,0.01,0.0,0.0,0.0,0.0,0.0,0.0,0.0,0.0,0.0,0.0,0.0,0.0,0.0,0.0,0.0,0.0,0.0,0.0,0.0,0.0,0.0,0.0,0.0,0.0,0.0,0.0,0.0,0.0,0.0,0.0,0.0,0.0,0.0,0.0,0.0,0.0,0.0,0.0,0.0,0.0,0.0
7716,0.0,0.6,0.6,0.0,0.0,0.58,0.0,0.0,0.32,0.04,0.22,0.23,0.61,0.6,0.6,0.56,0.6,0.09,0.02,0.53,0.38,0.6,0.61,0.26,0.19,0.6,0.0,0.0,0.6,0.6,0.6,0.0,0.0,0.0,0.0,0.61,0.39,0.07,0.11,0.02,0.02,0.61,0.6,0.42,0.27,0.04,0.59,0.0,0.0,0.58,0.01,0.07,0.01,0.01,0.16,0.02,0.0,0.01,0.01,0.01,0.01,0.01,0.61,0.01
7717,0.0,0.74,0.38,0.0,0.0,0.74,0.0,0.0,0.6,0.26,0.61,0.67,0.72,0.73,0.74,0.74,0.74,0.24,0.07,0.69,0.76,0.72,0.42,0.75,0.72,0.1,0.0,0.0,0.75,0.75,0.75,0.0,0.0,0.0,0.0,0.75,0.33,0.76,0.08,0.77,0.16,0.09,0.1,0.75,0.75,0.07,0.75,0.0,0.0,0.75,0.05,0.18,0.07,0.03,0.26,0.07,0.0,0.04,0.07,0.03,0.05,0.05,0.36,0.06
7718,0.0,0.8,0.28,0.0,0.0,0.8,0.0,0.0,0.8,0.82,0.81,0.83,0.28,0.8,0.8,0.78,0.83,0.82,0.23,0.79,0.82,0.56,0.17,0.81,0.8,0.42,0.0,0.0,0.81,0.81,0.81,0.0,0.0,0.0,0.0,0.2,0.82,0.83,0.19,0.83,0.27,0.18,0.2,0.81,0.81,0.22,0.8,0.0,0.0,0.8,0.18,0.21,0.16,0.1,0.11,0.29,0.0,0.09,0.19,0.09,0.2,0.12,0.73,0.2
7719,0.0,0.81,0.36,0.0,0.0,0.8,0.0,0.0,0.82,0.84,0.83,0.85,0.46,0.8,0.8,0.8,0.85,0.85,0.46,0.8,0.83,0.8,0.32,0.82,0.8,0.82,0.0,0.0,0.82,0.81,0.81,0.0,0.0,0.0,0.0,0.45,0.83,0.85,0.45,0.85,0.34,0.83,0.56,0.82,0.83,0.37,0.81,0.0,0.0,0.8,0.29,0.35,0.3,0.32,0.17,0.8,0.0,0.2,0.54,0.34,0.33,0.25,0.84,0.55
7720,0.0,0.81,0.71,0.0,0.0,0.82,0.0,0.0,0.83,0.84,0.84,0.85,0.79,0.82,0.82,0.82,0.86,0.85,0.86,0.82,0.83,0.82,0.36,0.84,0.82,0.84,0.0,0.0,0.83,0.82,0.83,0.0,0.0,0.0,0.0,0.84,0.84,0.85,0.85,0.86,0.86,0.85,0.85,0.84,0.84,0.86,0.82,0.0,0.0,0.82,0.84,0.84,0.67,0.41,0.61,0.81,0.0,0.63,0.84,0.83,0.84,0.84,0.85,0.84
7721,0.0,0.81,0.81,0.0,0.0,0.8,0.0,0.0,0.8,0.81,0.81,0.82,0.8,0.8,0.8,0.8,0.83,0.82,0.82,0.8,0.8,0.8,0.41,0.82,0.8,0.82,0.0,0.0,0.81,0.81,0.81,0.0,0.0,0.0,0.0,0.81,0.82,0.82,0.82,0.83,0.83,0.82,0.82,0.82,0.82,0.83,0.8,0.0,0.0,0.8,0.82,0.82,0.82,0.81,0.81,0.78,0.0,0.81,0.82,0.8,0.81,0.82,0.83,0.81
7722,0.0,0.75,0.75,0.0,0.0,0.74,0.0,0.0,0.73,0.73,0.74,0.76,0.72,0.72,0.73,0.73,0.76,0.74,0.75,0.73,0.73,0.72,0.72,0.75,0.74,0.77,0.0,0.0,0.76,0.75,0.76,0.0,0.0,0.0,0.0,0.76,0.76,0.76,0.76,0.76,0.77,0.76,0.76,0.75,0.76,0.77,0.74,0.0,0.0,0.73,0.76,0.76,0.76,0.75,0.75,0.72,0.0,0.75,0.76,0.74,0.76,0.76,0.78,0.76
7723,0.0,0.63,0.63,0.0,0.0,0.6,0.0,0.0,0.58,0.51,0.6,0.6,0.5,0.54,0.54,0.55,0.62,0.53,0.54,0.56,0.53,0.53,0.49,0.61,0.6,0.64,0.0,0.0,0.63,0.63,0.63,0.0,0.0,0.0,0.0,0.62,0.62,0.62,0.63,0.62,0.62,0.63,0.63,0.62,0.61,0.64,0.61,0.0,0.0,0.61,0.63,0.64,0.62,0.62,0.61,0.59,0.0,0.61,0.63,0.6,0.63,0.63,0.65,0.63
7724,0.0,0.36,0.36,0.0,0.0,0.27,0.0,0.0,0.0,0.0,0.0,0.0,0.0,0.0,0.0,0.0,0.0,0.0,0.0,0.0,0.0,0.0,0.0,0.01,0.03,0.35,0.0,0.0,0.32,0.36,0.34,0.0,0.0,0.0,0.0,0.29,0.01,0.0,0.05,0.0,0.01,0.04,0.04,0.01,0.01,0.04,0.27,0.0,0.0,0.26,0.05,0.32,0.01,0.04,0.0,0.03,0.0,0.03,0.04,0.01,0.29,0.04,0.33,0.05
7725,0.0,0.0,0.0,0.0,0.0,0.0,0.0,0.0,0.0,0.0,0.0,0.0,0.0,0.0,0.0,0.0,0.0,0.0,0.0,0.0,0.0,0.0,0.0,0.0,0.0,0.0,0.0,0.0,0.0,0.0,0.0,0.0,0.0,0.0,0.0,0.0,0.0,0.0,0.0,0.0,0.0,0.0,0.0,0.0,0.0,0.0,0.0,0.0,0.0,0.0,0.0,0.0,0.0,0.0,0.0,0.0,0.0,0.0,0.0,0.0,0.0,0.0,0.0,0.0
7726,0.0,0.0,0.0,0.0,0.0,0.0,0.0,0.0,0.0,0.0,0.0,0.0,0.0,0.0,0.0,0.0,0.0,0.0,0.0,0.0,0.0,0.0,0.0,0.0,0.0,0.0,0.0,0.0,0.0,0.0,0.0,0.0,0.0,0.0,0.0,0.0,0.0,0.0,0.0,0.0,0.0,0.0,0.0,0.0,0.0,0.0,0.0,0.0,0.0,0.0,0.0,0.0,0.0,0.0,0.0,0.0,0.0,0.0,0.0,0.0,0.0,0.0,0.0,0.0
7727,0.0,0.0,0.0,0.0,0.0,0.0,0.0,0.0,0.0,0.0,0.0,0.0,0.0,0.0,0.0,0.0,0.0,0.0,0.0,0.0,0.0,0.0,0.0,0.0,0.0,0.0,0.0,0.0,0.0,0.0,0.0,0.0,0.0,0.0,0.0,0.0,0.0,0.0,0.0,0.0,0.0,0.0,0.0,0.0,0.0,0.0,0.0,0.0,0.0,0.0,0.0,0.0,0.0,0.0,0.0,0.0,0.0,0.0,0.0,0.0,0.0,0.0,0.0,0.0
7728,0.0,0.0,0.0,0.0,0.0,0.0,0.0,0.0,0.0,0.0,0.0,0.0,0.0,0.0,0.0,0.0,0.0,0.0,0.0,0.0,0.0,0.0,0.0,0.0,0.0,0.0,0.0,0.0,0.0,0.0,0.0,0.0,0.0,0.0,0.0,0.0,0.0,0.0,0.0,0.0,0.0,0.0,0.0,0.0,0.0,0.0,0.0,0.0,0.0,0.0,0.0,0.0,0.0,0.0,0.0,0.0,0.0,0.0,0.0,0.0,0.0,0.0,0.0,0.0
7729,0.0,0.0,0.0,0.0,0.0,0.0,0.0,0.0,0.0,0.0,0.0,0.0,0.0,0.0,0.0,0.0,0.0,0.0,0.0,0.0,0.0,0.0,0.0,0.0,0.0,0.0,0.0,0.0,0.0,0.0,0.0,0.0,0.0,0.0,0.0,0.0,0.0,0.0,0.0,0.0,0.0,0.0,0.0,0.0,0.0,0.0,0.0,0.0,0.0,0.0,0.0,0.0,0.0,0.0,0.0,0.0,0.0,0.0,0.0,0.0,0.0,0.0,0.0,0.0
7730,0.0,0.0,0.0,0.0,0.0,0.0,0.0,0.0,0.0,0.0,0.0,0.0,0.0,0.0,0.0,0.0,0.0,0.0,0.0,0.0,0.0,0.0,0.0,0.0,0.0,0.0,0.0,0.0,0.0,0.0,0.0,0.0,0.0,0.0,0.0,0.0,0.0,0.0,0.0,0.0,0.0,0.0,0.0,0.0,0.0,0.0,0.0,0.0,0.0,0.0,0.0,0.0,0.0,0.0,0.0,0.0,0.0,0.0,0.0,0.0,0.0,0.0,0.0,0.0
7731,0.0,0.0,0.0,0.0,0.0,0.0,0.0,0.0,0.0,0.0,0.0,0.0,0.0,0.0,0.0,0.0,0.0,0.0,0.0,0.0,0.0,0.0,0.0,0.0,0.0,0.0,0.0,0.0,0.0,0.0,0.0,0.0,0.0,0.0,0.0,0.0,0.0,0.0,0.0,0.0,0.0,0.0,0.0,0.0,0.0,0.0,0.0,0.0,0.0,0.0,0.0,0.0,0.0,0.0,0.0,0.0,0.0,0.0,0.0,0.0,0.0,0.0,0.0,0.0
7732,0.0,0.0,0.0,0.0,0.0,0.0,0.0,0.0,0.0,0.0,0.0,0.0,0.0,0.0,0.0,0.0,0.0,0.0,0.0,0.0,0.0,0.0,0.0,0.0,0.0,0.0,0.0,0.0,0.0,0.0,0.0,0.0,0.0,0.0,0.0,0.0,0.0,0.0,0.0,0.0,0.0,0.0,0.0,0.0,0.0,0.0,0.0,0.0,0.0,0.0,0.0,0.0,0.0,0.0,0.0,0.0,0.0,0.0,0.0,0.0,0.0,0.0,0.0,0.0
7733,0.0,0.0,0.0,0.0,0.0,0.0,0.0,0.0,0.0,0.0,0.0,0.0,0.0,0.0,0.0,0.0,0.0,0.0,0.0,0.0,0.0,0.0,0.0,0.0,0.0,0.0,0.0,0.0,0.0,0.0,0.0,0.0,0.0,0.0,0.0,0.0,0.0,0.0,0.0,0.0,0.0,0.0,0.0,0.0,0.0,0.0,0.0,0.0,0.0,0.0,0.0,0.0,0.0,0.0,0.0,0.0,0.0,0.0,0.0,0.0,0.0,0.0,0.0,0.0
7734,0.0,0.0,0.0,0.0,0.0,0.0,0.0,0.0,0.0,0.0,0.0,0.0,0.0,0.0,0.0,0.0,0.0,0.0,0.0,0.0,0.0,0.0,0.0,0.0,0.0,0.0,0.0,0.0,0.0,0.0,0.0,0.0,0.0,0.0,0.0,0.0,0.0,0.0,0.0,0.0,0.0,0.0,0.0,0.0,0.0,0.0,0.0,0.0,0.0,0.0,0.0,0.0,0.0,0.0,0.0,0.0,0.0,0.0,0.0,0.0,0.0,0.0,0.0,0.0
7735,0.0,0.0,0.0,0.0,0.0,0.0,0.0,0.0,0.0,0.0,0.0,0.0,0.0,0.0,0.0,0.0,0.0,0.0,0.0,0.0,0.0,0.0,0.0,0.0,0.0,0.0,0.0,0.0,0.0,0.0,0.0,0.0,0.0,0.0,0.0,0.0,0.0,0.0,0.0,0.0,0.0,0.0,0.0,0.0,0.0,0.0,0.0,0.0,0.0,0.0,0.0,0.0,0.0,0.0,0.0,0.0,0.0,0.0,0.0,0.0,0.0,0.0,0.0,0.0
7736,0.0,0.0,0.0,0.0,0.0,0.0,0.0,0.0,0.0,0.0,0.0,0.0,0.0,0.0,0.0,0.0,0.0,0.0,0.0,0.0,0.0,0.0,0.0,0.0,0.0,0.0,0.0,0.0,0.0,0.0,0.0,0.0,0.0,0.0,0.0,0.0,0.0,0.0,0.0,0.0,0.0,0.0,0.0,0.0,0.0,0.0,0.0,0.0,0.0,0.0,0.0,0.0,0.0,0.0,0.0,0.0,0.0,0.0,0.0,0.0,0.0,0.0,0.0,0.0
7737,0.0,0.0,0.0,0.0,0.0,0.0,0.0,0.0,0.0,0.0,0.0,0.0,0.0,0.0,0.0,0.0,0.0,0.0,0.0,0.0,0.0,0.0,0.0,0.0,0.0,0.0,0.0,0.0,0.0,0.0,0.0,0.0,0.0,0.0,0.0,0.0,0.0,0.0,0.0,0.0,0.0,0.0,0.0,0.0,0.0,0.0,0.0,0.0,0.0,0.0,0.0,0.0,0.0,0.0,0.0,0.0,0.0,0.0,0.0,0.0,0.0,0.0,0.0,0.0
7738,0.0,0.0,0.0,0.0,0.0,0.0,0.0,0.0,0.0,0.0,0.0,0.0,0.0,0.0,0.0,0.0,0.0,0.0,0.0,0.0,0.0,0.0,0.0,0.0,0.0,0.0,0.0,0.0,0.0,0.0,0.0,0.0,0.0,0.0,0.0,0.0,0.0,0.0,0.0,0.0,0.0,0.0,0.0,0.0,0.0,0.0,0.0,0.0,0.0,0.0,0.0,0.0,0.0,0.0,0.0,0.0,0.0,0.0,0.0,0.0,0.0,0.0,0.0,0.0
7739,0.0,0.0,0.0,0.0,0.0,0.02,0.0,0.0,0.0,0.0,0.0,0.0,0.03,0.01,0.02,0.01,0.0,0.0,0.0,0.01,0.0,0.01,0.01,0.01,0.25,0.0,0.0,0.0,0.0,0.0,0.0,0.0,0.0,0.0,0.0,0.0,0.0,0.0,0.0,0.0,0.0,0.0,0.0,0.01,0.01,0.0,0.02,0.0,0.0,0.03,0.0,0.0,0.0,0.0,0.0,0.0,0.0,0.0,0.0,0.0,0.0,0.0,0.0,0.0
7740,0.0,0.58,0.44,0.0,0.0,0.59,0.0,0.0,0.62,0.2,0.6,0.52,0.44,0.55,0.58,0.6,0.6,0.25,0.23,0.6,0.31,0.55,0.32,0.56,0.63,0.63,0.0,0.0,0.61,0.61,0.62,0.0,0.0,0.0,0.0,0.63,0.6,0.62,0.49,0.63,0.48,0.48,0.61,0.62,0.53,0.52,0.61,0.0,0.0,0.6,0.58,0.2,0.32,0.43,0.48,0.34,0.0,0.3,0.57,0.42,0.62,0.48,0.29,0.6
7741,0.0,0.71,0.24,0.0,0.0,0.55,0.0,0.0,0.7,0.34,0.68,0.71,0.66,0.72,0.72,0.72,0.58,0.44,0.45,0.71,0.59,0.72,0.54,0.73,0.74,0.74,0.0,0.0,0.73,0.69,0.73,0.0,0.0,0.0,0.0,0.74,0.73,0.68,0.5,0.71,0.74,0.49,0.48,0.71,0.73,0.47,0.65,0.0,0.0,0.65,0.48,0.49,0.62,0.41,0.53,0.7,0.0,0.61,0.49,0.66,0.48,0.47,0.76,0.47
7742,0.0,0.11,0.38,0.0,0.0,0.73,0.0,0.0,0.77,0.48,0.75,0.66,0.77,0.71,0.71,0.77,0.79,0.66,0.65,0.78,0.66,0.73,0.74,0.7,0.69,0.71,0.0,0.0,0.76,0.1,0.76,0.0,0.0,0.0,0.0,0.79,0.59,0.73,0.56,0.77,0.71,0.57,0.44,0.55,0.69,0.44,0.76,0.0,0.0,0.75,0.64,0.7,0.57,0.51,0.76,0.69,0.0,0.51,0.6,0.59,0.53,0.61,0.79,0.62
7743,0.0,0.06,0.07,0.0,0.0,0.04,0.0,0.0,0.7,0.51,0.6,0.78,0.72,0.77,0.78,0.76,0.78,0.68,0.69,0.76,0.73,0.76,0.73,0.54,0.78,0.15,0.0,0.0,0.77,0.07,0.4,0.0,0.0,0.0,0.0,0.78,0.45,0.58,0.67,0.62,0.55,0.69,0.46,0.46,0.52,0.54,0.06,0.0,0.0,0.05,0.67,0.78,0.56,0.61,0.75,0.53,0.0,0.57,0.65,0.46,0.55,0.67,0.8,0.59
7744,0.0,0.01,0.01,0.0,0.0,0.02,0.0,0.0,0.62,0.58,0.52,0.71,0.73,0.74,0.75,0.73,0.7,0.69,0.71,0.71,0.64,0.74,0.65,0.53,0.77,0.02,0.0,0.0,0.06,0.01,0.02,0.0,0.0,0.0,0.0,0.14,0.55,0.44,0.8,0.42,0.58,0.8,0.75,0.77,0.55,0.8,0.03,0.0,0.0,0.03,0.71,0.76,0.46,0.55,0.62,0.45,0.0,0.47,0.75,0.42,0.59,0.69,0.77,0.67
7745,0.0,0.01,0.01,0.0,0.0,0.01,0.0,0.0,0.5,0.65,0.49,0.6,0.66,0.72,0.71,0.7,0.55,0.51,0.5,0.66,0.45,0.71,0.49,0.66,0.73,0.01,0.0,0.0,0.01,0.01,0.01,0.0,0.0,0.0,0.0,0.01,0.6,0.43,0.04,0.39,0.58,0.07,0.19,0.68,0.63,0.06,0.01,0.0,0.0,0.01,0.55,0.08,0.53,0.38,0.54,0.37,0.0,0.44,0.56,0.39,0.58,0.45,0.01,0.57
7746,0.0,0.0,0.0,0.0,0.0,0.01,0.0,0.0,0.31,0.34,0.31,0.48,0.7,0.6,0.46,0.36,0.45,0.51,0.51,0.35,0.41,0.59,0.68,0.26,0.02,0.0,0.0,0.0,0.0,0.0,0.0,0.0,0.0,0.0,0.0,0.01,0.32,0.32,0.01,0.32,0.34,0.01,0.01,0.06,0.25,0.01,0.01,0.0,0.0,0.01,0.03,0.0,0.34,0.12,0.34,0.23,0.0,0.3,0.02,0.27,0.02,0.03,0.0,0.02
7747,0.0,0.0,0.0,0.0,0.0,0.0,0.0,0.0,0.12,0.19,0.1,0.16,0.28,0.2,0.14,0.12,0.14,0.32,0.31,0.13,0.27,0.2,0.44,0.02,0.06,0.0,0.0,0.0,0.0,0.0,0.0,0.0,0.0,0.0,0.0,0.0,0.0,0.01,0.0,0.07,0.0,0.0,0.0,0.0,0.0,0.0,0.0,0.0,0.0,0.0,0.0,0.0,0.01,0.01,0.22,0.26,0.0,0.02,0.0,0.26,0.0,0.01,0.0,0.0
7748,0.0,0.0,0.0,0.0,0.0,0.0,0.0,0.0,0.0,0.0,0.0,0.0,0.0,0.0,0.0,0.0,0.0,0.0,0.0,0.0,0.0,0.0,0.0,0.0,0.0,0.0,0.0,0.0,0.0,0.0,0.0,0.0,0.0,0.0,0.0,0.0,0.0,0.0,0.0,0.0,0.0,0.0,0.0,0.0,0.0,0.0,0.0,0.0,0.0,0.0,0.0,0.0,0.0,0.0,0.0,0.0,0.0,0.0,0.0,0.0,0.0,0.0,0.0,0.0
7749,0.0,0.0,0.0,0.0,0.0,0.0,0.0,0.0,0.0,0.0,0.0,0.0,0.0,0.0,0.0,0.0,0.0,0.0,0.0,0.0,0.0,0.0,0.0,0.0,0.0,0.0,0.0,0.0,0.0,0.0,0.0,0.0,0.0,0.0,0.0,0.0,0.0,0.0,0.0,0.0,0.0,0.0,0.0,0.0,0.0,0.0,0.0,0.0,0.0,0.0,0.0,0.0,0.0,0.0,0.0,0.0,0.0,0.0,0.0,0.0,0.0,0.0,0.0,0.0
7750,0.0,0.0,0.0,0.0,0.0,0.0,0.0,0.0,0.0,0.0,0.0,0.0,0.0,0.0,0.0,0.0,0.0,0.0,0.0,0.0,0.0,0.0,0.0,0.0,0.0,0.0,0.0,0.0,0.0,0.0,0.0,0.0,0.0,0.0,0.0,0.0,0.0,0.0,0.0,0.0,0.0,0.0,0.0,0.0,0.0,0.0,0.0,0.0,0.0,0.0,0.0,0.0,0.0,0.0,0.0,0.0,0.0,0.0,0.0,0.0,0.0,0.0,0.0,0.0
7751,0.0,0.0,0.0,0.0,0.0,0.0,0.0,0.0,0.0,0.0,0.0,0.0,0.0,0.0,0.0,0.0,0.0,0.0,0.0,0.0,0.0,0.0,0.0,0.0,0.0,0.0,0.0,0.0,0.0,0.0,0.0,0.0,0.0,0.0,0.0,0.0,0.0,0.0,0.0,0.0,0.0,0.0,0.0,0.0,0.0,0.0,0.0,0.0,0.0,0.0,0.0,0.0,0.0,0.0,0.0,0.0,0.0,0.0,0.0,0.0,0.0,0.0,0.0,0.0
7752,0.0,0.0,0.0,0.0,0.0,0.0,0.0,0.0,0.0,0.0,0.0,0.0,0.0,0.0,0.0,0.0,0.0,0.0,0.0,0.0,0.0,0.0,0.0,0.0,0.0,0.0,0.0,0.0,0.0,0.0,0.0,0.0,0.0,0.0,0.0,0.0,0.0,0.0,0.0,0.0,0.0,0.0,0.0,0.0,0.0,0.0,0.0,0.0,0.0,0.0,0.0,0.0,0.0,0.0,0.0,0.0,0.0,0.0,0.0,0.0,0.0,0.0,0.0,0.0
7753,0.0,0.0,0.0,0.0,0.0,0.0,0.0,0.0,0.0,0.0,0.0,0.0,0.0,0.0,0.0,0.0,0.0,0.0,0.0,0.0,0.0,0.0,0.0,0.0,0.0,0.0,0.0,0.0,0.0,0.0,0.0,0.0,0.0,0.0,0.0,0.0,0.0,0.0,0.0,0.0,0.0,0.0,0.0,0.0,0.0,0.0,0.0,0.0,0.0,0.0,0.0,0.0,0.0,0.0,0.0,0.0,0.0,0.0,0.0,0.0,0.0,0.0,0.0,0.0
7754,0.0,0.0,0.0,0.0,0.0,0.0,0.0,0.0,0.0,0.0,0.0,0.0,0.0,0.0,0.0,0.0,0.0,0.0,0.0,0.0,0.0,0.0,0.0,0.0,0.0,0.0,0.0,0.0,0.0,0.0,0.0,0.0,0.0,0.0,0.0,0.0,0.0,0.0,0.0,0.0,0.0,0.0,0.0,0.0,0.0,0.0,0.0,0.0,0.0,0.0,0.0,0.0,0.0,0.0,0.0,0.0,0.0,0.0,0.0,0.0,0.0,0.0,0.0,0.0
7755,0.0,0.0,0.0,0.0,0.0,0.0,0.0,0.0,0.0,0.0,0.0,0.0,0.0,0.0,0.0,0.0,0.0,0.0,0.0,0.0,0.0,0.0,0.0,0.0,0.0,0.0,0.0,0.0,0.0,0.0,0.0,0.0,0.0,0.0,0.0,0.0,0.0,0.0,0.0,0.0,0.0,0.0,0.0,0.0,0.0,0.0,0.0,0.0,0.0,0.0,0.0,0.0,0.0,0.0,0.0,0.0,0.0,0.0,0.0,0.0,0.0,0.0,0.0,0.0
7756,0.0,0.0,0.0,0.0,0.0,0.0,0.0,0.0,0.0,0.0,0.0,0.0,0.0,0.0,0.0,0.0,0.0,0.0,0.0,0.0,0.0,0.0,0.0,0.0,0.0,0.0,0.0,0.0,0.0,0.0,0.0,0.0,0.0,0.0,0.0,0.0,0.0,0.0,0.0,0.0,0.0,0.0,0.0,0.0,0.0,0.0,0.0,0.0,0.0,0.0,0.0,0.0,0.0,0.0,0.0,0.0,0.0,0.0,0.0,0.0,0.0,0.0,0.0,0.0
7757,0.0,0.0,0.0,0.0,0.0,0.0,0.0,0.0,0.0,0.0,0.0,0.0,0.0,0.0,0.0,0.0,0.0,0.0,0.0,0.0,0.0,0.0,0.0,0.0,0.0,0.0,0.0,0.0,0.0,0.0,0.0,0.0,0.0,0.0,0.0,0.0,0.0,0.0,0.0,0.0,0.0,0.0,0.0,0.0,0.0,0.0,0.0,0.0,0.0,0.0,0.0,0.0,0.0,0.0,0.0,0.0,0.0,0.0,0.0,0.0,0.0,0.0,0.0,0.0
7758,0.0,0.0,0.0,0.0,0.0,0.0,0.0,0.0,0.0,0.0,0.0,0.0,0.0,0.0,0.0,0.0,0.0,0.0,0.0,0.0,0.0,0.0,0.0,0.0,0.0,0.0,0.0,0.0,0.0,0.0,0.0,0.0,0.0,0.0,0.0,0.0,0.0,0.0,0.0,0.0,0.0,0.0,0.0,0.0,0.0,0.0,0.0,0.0,0.0,0.0,0.0,0.0,0.0,0.0,0.0,0.0,0.0,0.0,0.0,0.0,0.0,0.0,0.0,0.0
7759,0.0,0.0,0.0,0.0,0.0,0.0,0.0,0.0,0.0,0.0,0.0,0.0,0.0,0.0,0.0,0.0,0.0,0.0,0.0,0.0,0.0,0.0,0.0,0.0,0.0,0.0,0.0,0.0,0.0,0.0,0.0,0.0,0.0,0.0,0.0,0.0,0.0,0.0,0.0,0.0,0.0,0.0,0.0,0.0,0.0,0.0,0.0,0.0,0.0,0.0,0.0,0.0,0.0,0.0,0.0,0.0,0.0,0.0,0.0,0.0,0.0,0.0,0.0,0.0
7760,0.0,0.0,0.0,0.0,0.0,0.0,0.0,0.0,0.0,0.0,0.0,0.0,0.0,0.0,0.0,0.0,0.0,0.0,0.0,0.0,0.0,0.0,0.0,0.0,0.0,0.0,0.0,0.0,0.0,0.0,0.0,0.0,0.0,0.0,0.0,0.0,0.0,0.0,0.0,0.0,0.0,0.0,0.0,0.0,0.0,0.0,0.0,0.0,0.0,0.0,0.0,0.0,0.0,0.0,0.0,0.0,0.0,0.0,0.0,0.0,0.0,0.0,0.0,0.0
7761,0.0,0.0,0.0,0.0,0.0,0.0,0.0,0.0,0.0,0.0,0.0,0.0,0.0,0.0,0.0,0.0,0.0,0.0,0.0,0.0,0.0,0.0,0.0,0.0,0.0,0.0,0.0,0.0,0.0,0.0,0.0,0.0,0.0,0.0,0.0,0.0,0.0,0.0,0.0,0.0,0.0,0.0,0.0,0.0,0.0,0.0,0.0,0.0,0.0,0.0,0.0,0.0,0.0,0.0,0.0,0.0,0.0,0.0,0.0,0.0,0.0,0.0,0.0,0.0
7762,0.0,0.0,0.0,0.0,0.0,0.0,0.0,0.0,0.0,0.0,0.0,0.0,0.0,0.0,0.0,0.0,0.0,0.0,0.0,0.0,0.0,0.0,0.0,0.0,0.0,0.0,0.0,0.0,0.0,0.0,0.0,0.0,0.0,0.0,0.0,0.0,0.0,0.0,0.0,0.0,0.0,0.0,0.0,0.0,0.0,0.0,0.0,0.0,0.0,0.0,0.0,0.0,0.0,0.0,0.0,0.0,0.0,0.0,0.0,0.0,0.0,0.0,0.0,0.0
7763,0.0,0.0,0.0,0.0,0.0,0.0,0.0,0.0,0.0,0.0,0.0,0.0,0.0,0.0,0.0,0.0,0.0,0.0,0.0,0.0,0.0,0.0,0.0,0.0,0.0,0.0,0.0,0.0,0.0,0.0,0.0,0.0,0.0,0.0,0.0,0.0,0.0,0.0,0.0,0.0,0.0,0.0,0.0,0.0,0.0,0.0,0.0,0.0,0.0,0.0,0.0,0.0,0.0,0.0,0.0,0.0,0.0,0.0,0.0,0.0,0.0,0.0,0.0,0.0
7764,0.0,0.5,0.51,0.0,0.0,0.0,0.0,0.0,0.48,0.02,0.41,0.1,0.21,0.14,0.01,0.02,0.01,0.35,0.04,0.16,0.01,0.17,0.27,0.37,0.0,0.23,0.0,0.0,0.5,0.5,0.51,0.0,0.0,0.0,0.0,0.07,0.21,0.05,0.08,0.02,0.01,0.44,0.46,0.3,0.38,0.02,0.0,0.0,0.0,0.0,0.01,0.0,0.0,0.49,0.0,0.03,0.0,0.0,0.49,0.0,0.0,0.0,0.01,0.5
7765,0.0,0.68,0.69,0.0,0.0,0.02,0.0,0.0,0.45,0.02,0.51,0.09,0.18,0.17,0.06,0.2,0.52,0.63,0.04,0.54,0.02,0.34,0.62,0.44,0.02,0.07,0.0,0.0,0.7,0.69,0.15,0.0,0.0,0.0,0.0,0.66,0.23,0.18,0.03,0.07,0.02,0.06,0.02,0.49,0.49,0.02,0.02,0.0,0.0,0.03,0.03,0.43,0.7,0.71,0.06,0.69,0.0,0.7,0.06,0.7,0.71,0.08,0.08,0.7
7766,0.0,0.06,0.05,0.0,0.0,0.71,0.0,0.0,0.42,0.02,0.72,0.72,0.31,0.1,0.16,0.56,0.03,0.73,0.07,0.55,0.05,0.2,0.7,0.73,0.02,0.4,0.0,0.0,0.78,0.12,0.79,0.0,0.0,0.0,0.0,0.76,0.75,0.76,0.77,0.67,0.05,0.15,0.06,0.07,0.74,0.36,0.71,0.0,0.0,0.71,0.04,0.42,0.78,0.78,0.79,0.76,0.0,0.77,0.04,0.78,0.79,0.78,0.8,0.31
7767,0.0,0.56,0.66,0.0,0.0,0.76,0.0,0.0,0.75,0.1,0.74,0.22,0.08,0.22,0.21,0.46,0.4,0.75,0.31,0.35,0.63,0.29,0.12,0.78,0.14,0.24,0.0,0.0,0.82,0.25,0.82,0.0,0.0,0.0,0.0,0.8,0.8,0.81,0.82,0.8,0.43,0.82,0.82,0.25,0.79,0.83,0.76,0.0,0.0,0.76,0.06,0.46,0.82,0.82,0.82,0.79,0.0,0.58,0.05,0.8,0.83,0.81,0.83,0.37
7768,0.0,0.53,0.43,0.0,0.0,0.2,0.0,0.0,0.06,0.19,0.76,0.82,0.22,0.11,0.27,0.75,0.81,0.24,0.77,0.13,0.55,0.17,0.03,0.8,0.76,0.85,0.0,0.0,0.38,0.36,0.84,0.0,0.0,0.0,0.0,0.82,0.81,0.82,0.83,0.82,0.83,0.83,0.84,0.81,0.81,0.84,0.21,0.0,0.0,0.45,0.41,0.46,0.84,0.83,0.82,0.79,0.0,0.65,0.55,0.28,0.84,0.84,0.3,0.83
7769,0.0,0.83,0.83,0.0,0.0,0.12,0.0,0.0,0.32,0.23,0.74,0.81,0.19,0.08,0.04,0.1,0.8,0.21,0.77,0.03,0.28,0.03,0.05,0.79,0.05,0.47,0.0,0.0,0.7,0.84,0.83,0.0,0.0,0.0,0.0,0.24,0.8,0.81,0.82,0.81,0.82,0.82,0.82,0.8,0.8,0.82,0.13,0.0,0.0,0.17,0.81,0.22,0.81,0.8,0.27,0.79,0.0,0.78,0.81,0.8,0.78,0.81,0.58,0.81
7770,0.0,0.78,0.78,0.0,0.0,0.07,0.0,0.0,0.22,0.18,0.7,0.75,0.01,0.04,0.02,0.02,0.74,0.06,0.73,0.05,0.74,0.04,0.01,0.25,0.05,0.8,0.0,0.0,0.78,0.78,0.79,0.0,0.0,0.0,0.0,0.44,0.75,0.76,0.78,0.76,0.77,0.77,0.76,0.75,0.28,0.78,0.05,0.0,0.0,0.19,0.18,0.15,0.72,0.76,0.76,0.74,0.0,0.76,0.75,0.69,0.4,0.73,0.33,0.73
7771,0.0,0.66,0.66,0.0,0.0,0.63,0.0,0.0,0.54,0.02,0.55,0.55,0.0,0.01,0.01,0.02,0.58,0.47,0.49,0.14,0.51,0.01,0.0,0.58,0.03,0.18,0.0,0.0,0.64,0.66,0.66,0.0,0.0,0.0,0.0,0.64,0.6,0.6,0.64,0.59,0.57,0.64,0.63,0.6,0.59,0.64,0.63,0.0,0.0,0.62,0.51,0.05,0.55,0.33,0.55,0.54,0.0,0.18,0.47,0.59,0.16,0.54,0.65,0.4
7772,0.0,0.44,0.45,0.0,0.0,0.41,0.0,0.0,0.0,0.0,0.0,0.0,0.0,0.0,0.0,0.0,0.0,0.0,0.0,0.0,0.0,0.0,0.0,0.01,0.01,0.44,0.0,0.0,0.43,0.44,0.44,0.0,0.0,0.0,0.0,0.08,0.01,0.01,0.07,0.01,0.01,0.06,0.06,0.01,0.01,0.06,0.41,0.0,0.0,0.4,0.02,0.41,0.0,0.05,0.01,0.01,0.0,0.01,0.06,0.0,0.06,0.05,0.42,0.06
7773,0.0,0.0,0.0,0.0,0.0,0.0,0.0,0.0,0.0,0.0,0.0,0.0,0.0,0.0,0.0,0.0,0.0,0.0,0.0,0.0,0.0,0.0,0.0,0.0,0.0,0.0,0.0,0.0,0.0,0.0,0.0,0.0,0.0,0.0,0.0,0.0,0.0,0.0,0.0,0.0,0.0,0.0,0.0,0.0,0.0,0.0,0.0,0.0,0.0,0.0,0.0,0.0,0.0,0.0,0.0,0.0,0.0,0.0,0.0,0.0,0.0,0.0,0.0,0.0
7774,0.0,0.0,0.0,0.0,0.0,0.0,0.0,0.0,0.0,0.0,0.0,0.0,0.0,0.0,0.0,0.0,0.0,0.0,0.0,0.0,0.0,0.0,0.0,0.0,0.0,0.0,0.0,0.0,0.0,0.0,0.0,0.0,0.0,0.0,0.0,0.0,0.0,0.0,0.0,0.0,0.0,0.0,0.0,0.0,0.0,0.0,0.0,0.0,0.0,0.0,0.0,0.0,0.0,0.0,0.0,0.0,0.0,0.0,0.0,0.0,0.0,0.0,0.0,0.0
7775,0.0,0.0,0.0,0.0,0.0,0.0,0.0,0.0,0.0,0.0,0.0,0.0,0.0,0.0,0.0,0.0,0.0,0.0,0.0,0.0,0.0,0.0,0.0,0.0,0.0,0.0,0.0,0.0,0.0,0.0,0.0,0.0,0.0,0.0,0.0,0.0,0.0,0.0,0.0,0.0,0.0,0.0,0.0,0.0,0.0,0.0,0.0,0.0,0.0,0.0,0.0,0.0,0.0,0.0,0.0,0.0,0.0,0.0,0.0,0.0,0.0,0.0,0.0,0.0
7776,0.0,0.0,0.0,0.0,0.0,0.0,0.0,0.0,0.0,0.0,0.0,0.0,0.0,0.0,0.0,0.0,0.0,0.0,0.0,0.0,0.0,0.0,0.0,0.0,0.0,0.0,0.0,0.0,0.0,0.0,0.0,0.0,0.0,0.0,0.0,0.0,0.0,0.0,0.0,0.0,0.0,0.0,0.0,0.0,0.0,0.0,0.0,0.0,0.0,0.0,0.0,0.0,0.0,0.0,0.0,0.0,0.0,0.0,0.0,0.0,0.0,0.0,0.0,0.0
7777,0.0,0.0,0.0,0.0,0.0,0.0,0.0,0.0,0.0,0.0,0.0,0.0,0.0,0.0,0.0,0.0,0.0,0.0,0.0,0.0,0.0,0.0,0.0,0.0,0.0,0.0,0.0,0.0,0.0,0.0,0.0,0.0,0.0,0.0,0.0,0.0,0.0,0.0,0.0,0.0,0.0,0.0,0.0,0.0,0.0,0.0,0.0,0.0,0.0,0.0,0.0,0.0,0.0,0.0,0.0,0.0,0.0,0.0,0.0,0.0,0.0,0.0,0.0,0.0
7778,0.0,0.0,0.0,0.0,0.0,0.0,0.0,0.0,0.0,0.0,0.0,0.0,0.0,0.0,0.0,0.0,0.0,0.0,0.0,0.0,0.0,0.0,0.0,0.0,0.0,0.0,0.0,0.0,0.0,0.0,0.0,0.0,0.0,0.0,0.0,0.0,0.0,0.0,0.0,0.0,0.0,0.0,0.0,0.0,0.0,0.0,0.0,0.0,0.0,0.0,0.0,0.0,0.0,0.0,0.0,0.0,0.0,0.0,0.0,0.0,0.0,0.0,0.0,0.0
7779,0.0,0.0,0.0,0.0,0.0,0.0,0.0,0.0,0.0,0.0,0.0,0.0,0.0,0.0,0.0,0.0,0.0,0.0,0.0,0.0,0.0,0.0,0.0,0.0,0.0,0.0,0.0,0.0,0.0,0.0,0.0,0.0,0.0,0.0,0.0,0.0,0.0,0.0,0.0,0.0,0.0,0.0,0.0,0.0,0.0,0.0,0.0,0.0,0.0,0.0,0.0,0.0,0.0,0.0,0.0,0.0,0.0,0.0,0.0,0.0,0.0,0.0,0.0,0.0
7780,0.0,0.0,0.0,0.0,0.0,0.0,0.0,0.0,0.0,0.0,0.0,0.0,0.0,0.0,0.0,0.0,0.0,0.0,0.0,0.0,0.0,0.0,0.0,0.0,0.0,0.0,0.0,0.0,0.0,0.0,0.0,0.0,0.0,0.0,0.0,0.0,0.0,0.0,0.0,0.0,0.0,0.0,0.0,0.0,0.0,0.0,0.0,0.0,0.0,0.0,0.0,0.0,0.0,0.0,0.0,0.0,0.0,0.0,0.0,0.0,0.0,0.0,0.0,0.0
7781,0.0,0.0,0.0,0.0,0.0,0.0,0.0,0.0,0.0,0.0,0.0,0.0,0.0,0.0,0.0,0.0,0.0,0.0,0.0,0.0,0.0,0.0,0.0,0.0,0.0,0.0,0.0,0.0,0.0,0.0,0.0,0.0,0.0,0.0,0.0,0.0,0.0,0.0,0.0,0.0,0.0,0.0,0.0,0.0,0.0,0.0,0.0,0.0,0.0,0.0,0.0,0.0,0.0,0.0,0.0,0.0,0.0,0.0,0.0,0.0,0.0,0.0,0.0,0.0
7782,0.0,0.0,0.0,0.0,0.0,0.0,0.0,0.0,0.0,0.0,0.0,0.0,0.0,0.0,0.0,0.0,0.0,0.0,0.0,0.0,0.0,0.0,0.0,0.0,0.0,0.0,0.0,0.0,0.0,0.0,0.0,0.0,0.0,0.0,0.0,0.0,0.0,0.0,0.0,0.0,0.0,0.0,0.0,0.0,0.0,0.0,0.0,0.0,0.0,0.0,0.0,0.0,0.0,0.0,0.0,0.0,0.0,0.0,0.0,0.0,0.0,0.0,0.0,0.0
7783,0.0,0.0,0.0,0.0,0.0,0.0,0.0,0.0,0.0,0.0,0.0,0.0,0.0,0.0,0.0,0.0,0.0,0.0,0.0,0.0,0.0,0.0,0.0,0.0,0.0,0.0,0.0,0.0,0.0,0.0,0.0,0.0,0.0,0.0,0.0,0.0,0.0,0.0,0.0,0.0,0.0,0.0,0.0,0.0,0.0,0.0,0.0,0.0,0.0,0.0,0.0,0.0,0.0,0.0,0.0,0.0,0.0,0.0,0.0,0.0,0.0,0.0,0.0,0.0
7784,0.0,0.0,0.0,0.0,0.0,0.0,0.0,0.0,0.0,0.0,0.0,0.0,0.0,0.0,0.0,0.0,0.0,0.0,0.0,0.0,0.0,0.0,0.0,0.0,0.0,0.0,0.0,0.0,0.0,0.0,0.0,0.0,0.0,0.0,0.0,0.0,0.0,0.0,0.0,0.0,0.0,0.0,0.0,0.0,0.0,0.0,0.0,0.0,0.0,0.0,0.0,0.0,0.0,0.0,0.0,0.0,0.0,0.0,0.0,0.0,0.0,0.0,0.0,0.0
7785,0.0,0.0,0.0,0.0,0.0,0.0,0.0,0.0,0.0,0.0,0.0,0.0,0.0,0.0,0.0,0.0,0.0,0.0,0.0,0.0,0.0,0.0,0.0,0.0,0.0,0.0,0.0,0.0,0.0,0.0,0.0,0.0,0.0,0.0,0.0,0.0,0.0,0.0,0.0,0.0,0.0,0.0,0.0,0.0,0.0,0.0,0.0,0.0,0.0,0.0,0.0,0.0,0.0,0.0,0.0,0.0,0.0,0.0,0.0,0.0,0.0,0.0,0.0,0.0
7786,0.0,0.0,0.0,0.0,0.0,0.0,0.0,0.0,0.0,0.0,0.0,0.0,0.0,0.0,0.0,0.0,0.0,0.0,0.0,0.0,0.0,0.0,0.0,0.0,0.0,0.0,0.0,0.0,0.0,0.0,0.0,0.0,0.0,0.0,0.0,0.0,0.0,0.0,0.0,0.0,0.0,0.0,0.0,0.0,0.0,0.0,0.0,0.0,0.0,0.0,0.0,0.0,0.0,0.0,0.0,0.0,0.0,0.0,0.0,0.0,0.0,0.0,0.0,0.0
7787,0.0,0.0,0.0,0.0,0.0,0.0,0.0,0.0,0.0,0.0,0.0,0.0,0.02,0.0,0.0,0.0,0.0,0.0,0.0,0.0,0.0,0.0,0.01,0.0,0.02,0.0,0.0,0.0,0.0,0.0,0.0,0.0,0.0,0.0,0.0,0.0,0.0,0.0,0.0,0.0,0.0,0.0,0.0,0.0,0.0,0.0,0.0,0.0,0.0,0.0,0.0,0.0,0.0,0.0,0.0,0.0,0.0,0.0,0.0,0.0,0.0,0.0,0.0,0.0
7788,0.0,0.51,0.5,0.0,0.0,0.53,0.0,0.0,0.55,0.52,0.53,0.56,0.58,0.56,0.57,0.56,0.54,0.58,0.57,0.55,0.54,0.57,0.58,0.54,0.57,0.51,0.0,0.0,0.5,0.51,0.51,0.0,0.0,0.0,0.0,0.52,0.53,0.55,0.52,0.55,0.54,0.53,0.53,0.54,0.54,0.53,0.53,0.0,0.0,0.54,0.49,0.49,0.5,0.47,0.13,0.44,0.0,0.48,0.49,0.49,0.5,0.48,0.51,0.49
7789,0.0,0.72,0.72,0.0,0.0,0.72,0.0,0.0,0.73,0.76,0.71,0.77,0.76,0.75,0.75,0.74,0.76,0.78,0.78,0.75,0.77,0.75,0.76,0.74,0.74,0.73,0.0,0.0,0.72,0.72,0.72,0.0,0.0,0.0,0.0,0.73,0.74,0.74,0.74,0.76,0.76,0.74,0.74,0.74,0.74,0.75,0.72,0.0,0.0,0.72,0.73,0.73,0.74,0.73,0.75,0.7,0.0,0.73,0.73,0.73,0.74,0.72,0.74,0.74
7790,0.0,0.79,0.79,0.0,0.0,0.79,0.0,0.0,0.77,0.83,0.77,0.84,0.82,0.81,0.82,0.81,0.82,0.84,0.85,0.8,0.84,0.82,0.82,0.81,0.81,0.8,0.0,0.0,0.79,0.79,0.79,0.0,0.0,0.0,0.0,0.81,0.81,0.8,0.82,0.82,0.83,0.82,0.81,0.81,0.81,0.82,0.79,0.0,0.0,0.79,0.81,0.82,0.81,0.79,0.82,0.78,0.0,0.8,0.8,0.8,0.82,0.8,0.82,0.81
7791,0.0,0.8,0.8,0.0,0.0,0.79,0.0,0.0,0.79,0.85,0.79,0.85,0.83,0.83,0.83,0.81,0.84,0.85,0.86,0.8,0.85,0.83,0.84,0.82,0.81,0.8,0.0,0.0,0.79,0.8,0.79,0.0,0.0,0.0,0.0,0.81,0.82,0.8,0.82,0.83,0.84,0.82,0.81,0.82,0.82,0.82,0.79,0.0,0.0,0.79,0.82,0.57,0.83,0.8,0.83,0.8,0.0,0.8,0.81,0.82,0.82,0.82,0.78,0.82
7792,0.0,0.8,0.8,0.0,0.0,0.79,0.0,0.0,0.8,0.84,0.79,0.84,0.83,0.82,0.82,0.81,0.83,0.84,0.85,0.8,0.84,0.83,0.83,0.81,0.81,0.81,0.0,0.0,0.8,0.8,0.8,0.0,0.0,0.0,0.0,0.76,0.82,0.79,0.72,0.82,0.83,0.69,0.74,0.81,0.82,0.65,0.79,0.0,0.0,0.79,0.52,0.81,0.8,0.63,0.82,0.75,0.0,0.8,0.52,0.7,0.63,0.52,0.81,0.54
7793,0.0,0.8,0.8,0.0,0.0,0.79,0.0,0.0,0.78,0.82,0.69,0.82,0.8,0.79,0.79,0.79,0.77,0.78,0.78,0.79,0.62,0.8,0.8,0.72,0.79,0.8,0.0,0.0,0.79,0.8,0.79,0.0,0.0,0.0,0.0,0.8,0.7,0.76,0.81,0.72,0.78,0.81,0.79,0.68,0.74,0.81,0.79,0.0,0.0,0.79,0.81,0.81,0.63,0.79,0.6,0.73,0.0,0.75,0.8,0.59,0.81,0.81,0.81,0.81
7794,0.0,0.74,0.74,0.0,0.0,0.73,0.0,0.0,0.66,0.69,0.7,0.74,0.71,0.72,0.72,0.67,0.73,0.72,0.74,0.7,0.74,0.72,0.71,0.72,0.73,0.74,0.0,0.0,0.74,0.74,0.73,0.0,0.0,0.0,0.0,0.74,0.73,0.73,0.74,0.71,0.74,0.74,0.73,0.72,0.73,0.75,0.73,0.0,0.0,0.73,0.75,0.75,0.73,0.74,0.71,0.68,0.0,0.73,0.74,0.72,0.75,0.75,0.75,0.75
7795,0.0,0.66,0.66,0.0,0.0,0.65,0.0,0.0,0.62,0.58,0.63,0.63,0.57,0.6,0.6,0.6,0.62,0.58,0.6,0.61,0.6,0.6,0.57,0.63,0.64,0.6,0.0,0.0,0.6,0.66,0.6,0.0,0.0,0.0,0.0,0.66,0.64,0.64,0.66,0.63,0.65,0.66,0.65,0.64,0.64,0.67,0.65,0.0,0.0,0.65,0.55,0.62,0.64,0.63,0.62,0.61,0.0,0.52,0.5,0.63,0.49,0.57,0.58,0.51
7796,0.0,0.32,0.34,0.0,0.0,0.26,0.0,0.0,0.0,0.0,0.0,0.0,0.0,0.0,0.0,0.0,0.0,0.0,0.0,0.0,0.0,0.0,0.0,0.0,0.01,0.3,0.0,0.0,0.15,0.31,0.29,0.0,0.0,0.0,0.0,0.04,0.0,0.0,0.02,0.0,0.0,0.02,0.01,0.0,0.0,0.01,0.26,0.0,0.0,0.04,0.02,0.15,0.0,0.01,0.0,0.0,0.0,0.01,0.02,0.0,0.03,0.02,0.14,0.02
7797,0.0,0.0,0.0,0.0,0.0,0.0,0.0,0.0,0.0,0.0,0.0,0.0,0.0,0.0,0.0,0.0,0.0,0.0,0.0,0.0,0.0,0.0,0.0,0.0,0.0,0.0,0.0,0.0,0.0,0.0,0.0,0.0,0.0,0.0,0.0,0.0,0.0,0.0,0.0,0.0,0.0,0.0,0.0,0.0,0.0,0.0,0.0,0.0,0.0,0.0,0.0,0.0,0.0,0.0,0.0,0.0,0.0,0.0,0.0,0.0,0.0,0.0,0.0,0.0
7798,0.0,0.0,0.0,0.0,0.0,0.0,0.0,0.0,0.0,0.0,0.0,0.0,0.0,0.0,0.0,0.0,0.0,0.0,0.0,0.0,0.0,0.0,0.0,0.0,0.0,0.0,0.0,0.0,0.0,0.0,0.0,0.0,0.0,0.0,0.0,0.0,0.0,0.0,0.0,0.0,0.0,0.0,0.0,0.0,0.0,0.0,0.0,0.0,0.0,0.0,0.0,0.0,0.0,0.0,0.0,0.0,0.0,0.0,0.0,0.0,0.0,0.0,0.0,0.0
7799,0.0,0.0,0.0,0.0,0.0,0.0,0.0,0.0,0.0,0.0,0.0,0.0,0.0,0.0,0.0,0.0,0.0,0.0,0.0,0.0,0.0,0.0,0.0,0.0,0.0,0.0,0.0,0.0,0.0,0.0,0.0,0.0,0.0,0.0,0.0,0.0,0.0,0.0,0.0,0.0,0.0,0.0,0.0,0.0,0.0,0.0,0.0,0.0,0.0,0.0,0.0,0.0,0.0,0.0,0.0,0.0,0.0,0.0,0.0,0.0,0.0,0.0,0.0,0.0
7800,0.0,0.0,0.0,0.0,0.0,0.0,0.0,0.0,0.0,0.0,0.0,0.0,0.0,0.0,0.0,0.0,0.0,0.0,0.0,0.0,0.0,0.0,0.0,0.0,0.0,0.0,0.0,0.0,0.0,0.0,0.0,0.0,0.0,0.0,0.0,0.0,0.0,0.0,0.0,0.0,0.0,0.0,0.0,0.0,0.0,0.0,0.0,0.0,0.0,0.0,0.0,0.0,0.0,0.0,0.0,0.0,0.0,0.0,0.0,0.0,0.0,0.0,0.0,0.0
7801,0.0,0.0,0.0,0.0,0.0,0.0,0.0,0.0,0.0,0.0,0.0,0.0,0.0,0.0,0.0,0.0,0.0,0.0,0.0,0.0,0.0,0.0,0.0,0.0,0.0,0.0,0.0,0.0,0.0,0.0,0.0,0.0,0.0,0.0,0.0,0.0,0.0,0.0,0.0,0.0,0.0,0.0,0.0,0.0,0.0,0.0,0.0,0.0,0.0,0.0,0.0,0.0,0.0,0.0,0.0,0.0,0.0,0.0,0.0,0.0,0.0,0.0,0.0,0.0
7802,0.0,0.0,0.0,0.0,0.0,0.0,0.0,0.0,0.0,0.0,0.0,0.0,0.0,0.0,0.0,0.0,0.0,0.0,0.0,0.0,0.0,0.0,0.0,0.0,0.0,0.0,0.0,0.0,0.0,0.0,0.0,0.0,0.0,0.0,0.0,0.0,0.0,0.0,0.0,0.0,0.0,0.0,0.0,0.0,0.0,0.0,0.0,0.0,0.0,0.0,0.0,0.0,0.0,0.0,0.0,0.0,0.0,0.0,0.0,0.0,0.0,0.0,0.0,0.0
7803,0.0,0.0,0.0,0.0,0.0,0.0,0.0,0.0,0.0,0.0,0.0,0.0,0.0,0.0,0.0,0.0,0.0,0.0,0.0,0.0,0.0,0.0,0.0,0.0,0.0,0.0,0.0,0.0,0.0,0.0,0.0,0.0,0.0,0.0,0.0,0.0,0.0,0.0,0.0,0.0,0.0,0.0,0.0,0.0,0.0,0.0,0.0,0.0,0.0,0.0,0.0,0.0,0.0,0.0,0.0,0.0,0.0,0.0,0.0,0.0,0.0,0.0,0.0,0.0
7804,0.0,0.0,0.0,0.0,0.0,0.0,0.0,0.0,0.0,0.0,0.0,0.0,0.0,0.0,0.0,0.0,0.0,0.0,0.0,0.0,0.0,0.0,0.0,0.0,0.0,0.0,0.0,0.0,0.0,0.0,0.0,0.0,0.0,0.0,0.0,0.0,0.0,0.0,0.0,0.0,0.0,0.0,0.0,0.0,0.0,0.0,0.0,0.0,0.0,0.0,0.0,0.0,0.0,0.0,0.0,0.0,0.0,0.0,0.0,0.0,0.0,0.0,0.0,0.0
7805,0.0,0.0,0.0,0.0,0.0,0.0,0.0,0.0,0.0,0.0,0.0,0.0,0.0,0.0,0.0,0.0,0.0,0.0,0.0,0.0,0.0,0.0,0.0,0.0,0.0,0.0,0.0,0.0,0.0,0.0,0.0,0.0,0.0,0.0,0.0,0.0,0.0,0.0,0.0,0.0,0.0,0.0,0.0,0.0,0.0,0.0,0.0,0.0,0.0,0.0,0.0,0.0,0.0,0.0,0.0,0.0,0.0,0.0,0.0,0.0,0.0,0.0,0.0,0.0
7806,0.0,0.0,0.0,0.0,0.0,0.0,0.0,0.0,0.0,0.0,0.0,0.0,0.0,0.0,0.0,0.0,0.0,0.0,0.0,0.0,0.0,0.0,0.0,0.0,0.0,0.0,0.0,0.0,0.0,0.0,0.0,0.0,0.0,0.0,0.0,0.0,0.0,0.0,0.0,0.0,0.0,0.0,0.0,0.0,0.0,0.0,0.0,0.0,0.0,0.0,0.0,0.0,0.0,0.0,0.0,0.0,0.0,0.0,0.0,0.0,0.0,0.0,0.0,0.0
7807,0.0,0.0,0.0,0.0,0.0,0.0,0.0,0.0,0.0,0.0,0.0,0.0,0.0,0.0,0.0,0.0,0.0,0.0,0.0,0.0,0.0,0.0,0.0,0.0,0.0,0.0,0.0,0.0,0.0,0.0,0.0,0.0,0.0,0.0,0.0,0.0,0.0,0.0,0.0,0.0,0.0,0.0,0.0,0.0,0.0,0.0,0.0,0.0,0.0,0.0,0.0,0.0,0.0,0.0,0.0,0.0,0.0,0.0,0.0,0.0,0.0,0.0,0.0,0.0
7808,0.0,0.0,0.0,0.0,0.0,0.0,0.0,0.0,0.0,0.0,0.0,0.0,0.0,0.0,0.0,0.0,0.0,0.0,0.0,0.0,0.0,0.0,0.0,0.0,0.0,0.0,0.0,0.0,0.0,0.0,0.0,0.0,0.0,0.0,0.0,0.0,0.0,0.0,0.0,0.0,0.0,0.0,0.0,0.0,0.0,0.0,0.0,0.0,0.0,0.0,0.0,0.0,0.0,0.0,0.0,0.0,0.0,0.0,0.0,0.0,0.0,0.0,0.0,0.0
7809,0.0,0.0,0.0,0.0,0.0,0.0,0.0,0.0,0.0,0.0,0.0,0.0,0.0,0.0,0.0,0.0,0.0,0.0,0.0,0.0,0.0,0.0,0.0,0.0,0.0,0.0,0.0,0.0,0.0,0.0,0.0,0.0,0.0,0.0,0.0,0.0,0.0,0.0,0.0,0.0,0.0,0.0,0.0,0.0,0.0,0.0,0.0,0.0,0.0,0.0,0.0,0.0,0.0,0.0,0.0,0.0,0.0,0.0,0.0,0.0,0.0,0.0,0.0,0.0
7810,0.0,0.0,0.0,0.0,0.0,0.0,0.0,0.0,0.0,0.0,0.0,0.0,0.0,0.0,0.0,0.0,0.0,0.0,0.0,0.0,0.0,0.0,0.0,0.0,0.0,0.0,0.0,0.0,0.0,0.0,0.0,0.0,0.0,0.0,0.0,0.0,0.0,0.0,0.0,0.0,0.0,0.0,0.0,0.0,0.0,0.0,0.0,0.0,0.0,0.0,0.0,0.0,0.0,0.0,0.0,0.0,0.0,0.0,0.0,0.0,0.0,0.0,0.0,0.0
7811,0.0,0.0,0.0,0.0,0.0,0.0,0.0,0.0,0.0,0.0,0.0,0.0,0.0,0.0,0.0,0.0,0.0,0.0,0.0,0.0,0.0,0.0,0.0,0.0,0.0,0.0,0.0,0.0,0.0,0.0,0.0,0.0,0.0,0.0,0.0,0.0,0.0,0.0,0.0,0.0,0.0,0.0,0.0,0.0,0.0,0.0,0.0,0.0,0.0,0.0,0.0,0.0,0.0,0.0,0.0,0.0,0.0,0.0,0.0,0.0,0.0,0.0,0.0,0.0
7812,0.0,0.52,0.52,0.0,0.0,0.54,0.0,0.0,0.46,0.02,0.49,0.44,0.27,0.2,0.24,0.35,0.49,0.02,0.03,0.37,0.46,0.15,0.25,0.51,0.56,0.5,0.0,0.0,0.49,0.52,0.5,0.0,0.0,0.0,0.0,0.52,0.5,0.5,0.52,0.47,0.46,0.52,0.51,0.52,0.51,0.51,0.55,0.0,0.0,0.55,0.19,0.46,0.24,0.14,0.38,0.18,0.0,0.28,0.2,0.22,0.42,0.19,0.49,0.27
7813,0.0,0.71,0.7,0.0,0.0,0.7,0.0,0.0,0.66,0.14,0.67,0.66,0.53,0.64,0.65,0.22,0.66,0.67,0.7,0.09,0.5,0.61,0.53,0.64,0.7,0.65,0.0,0.0,0.5,0.71,0.6,0.0,0.0,0.0,0.0,0.69,0.63,0.67,0.7,0.67,0.55,0.71,0.7,0.68,0.62,0.7,0.7,0.0,0.0,0.7,0.45,0.37,0.25,0.3,0.43,0.3,0.0,0.22,0.4,0.27,0.56,0.48,0.44,0.45
7814,0.0,0.76,0.76,0.0,0.0,0.75,0.0,0.0,0.42,0.17,0.5,0.51,0.68,0.06,0.09,0.65,0.35,0.54,0.5,0.18,0.45,0.07,0.7,0.72,0.76,0.76,0.0,0.0,0.73,0.76,0.75,0.0,0.0,0.0,0.0,0.69,0.55,0.67,0.58,0.54,0.66,0.54,0.58,0.73,0.69,0.67,0.75,0.0,0.0,0.75,0.76,0.75,0.51,0.71,0.39,0.62,0.0,0.6,0.76,0.42,0.76,0.76,0.76,0.76
7815,0.0,0.78,0.78,0.0,0.0,0.77,0.0,0.0,0.74,0.32,0.77,0.5,0.08,0.14,0.4,0.48,0.74,0.46,0.48,0.67,0.48,0.12,0.58,0.76,0.78,0.78,0.0,0.0,0.75,0.78,0.78,0.0,0.0,0.0,0.0,0.77,0.76,0.78,0.78,0.77,0.77,0.79,0.78,0.76,0.76,0.79,0.78,0.0,0.0,0.78,0.79,0.76,0.72,0.76,0.67,0.69,0.0,0.7,0.78,0.69,0.79,0.79,0.76,0.79
7816,0.0,0.78,0.78,0.0,0.0,0.77,0.0,0.0,0.77,0.33,0.77,0.71,0.59,0.73,0.76,0.76,0.72,0.33,0.33,0.76,0.39,0.74,0.4,0.76,0.78,0.78,0.0,0.0,0.76,0.78,0.78,0.0,0.0,0.0,0.0,0.78,0.76,0.78,0.78,0.77,0.77,0.78,0.78,0.76,0.76,0.78,0.77,0.0,0.0,0.78,0.79,0.78,0.75,0.76,0.62,0.09,0.0,0.74,0.78,0.61,0.79,0.78,0.78,0.79
7817,0.0,0.75,0.75,0.0,0.0,0.74,0.0,0.0,0.73,0.26,0.74,0.54,0.61,0.71,0.72,0.72,0.71,0.1,0.37,0.72,0.72,0.72,0.5,0.73,0.75,0.76,0.0,0.0,0.74,0.76,0.75,0.0,0.0,0.0,0.0,0.75,0.73,0.75,0.75,0.74,0.74,0.76,0.75,0.73,0.73,0.76,0.75,0.0,0.0,0.75,0.75,0.74,0.71,0.72,0.52,0.07,0.0,0.71,0.75,0.11,0.76,0.75,0.76,0.76
7818,0.0,0.7,0.71,0.0,0.0,0.69,0.0,0.0,0.67,0.11,0.68,0.51,0.56,0.65,0.66,0.66,0.66,0.63,0.64,0.66,0.65,0.65,0.46,0.66,0.69,0.71,0.0,0.0,0.69,0.71,0.71,0.0,0.0,0.0,0.0,0.7,0.64,0.69,0.7,0.68,0.69,0.7,0.68,0.68,0.63,0.7,0.7,0.0,0.0,0.7,0.7,0.62,0.67,0.67,0.48,0.46,0.0,0.66,0.69,0.6,0.7,0.69,0.71,0.7
7819,0.0,0.64,0.64,0.0,0.0,0.63,0.0,0.0,0.6,0.02,0.6,0.56,0.43,0.58,0.58,0.58,0.59,0.14,0.5,0.58,0.58,0.57,0.42,0.6,0.62,0.65,0.0,0.0,0.63,0.64,0.64,0.0,0.0,0.0,0.0,0.64,0.59,0.62,0.63,0.61,0.62,0.63,0.54,0.61,0.6,0.57,0.63,0.0,0.0,0.63,0.64,0.62,0.6,0.59,0.47,0.48,0.0,0.51,0.63,0.45,0.64,0.63,0.61,0.63
7820,0.0,0.32,0.34,0.0,0.0,0.27,0.0,0.0,0.0,0.0,0.0,0.0,0.0,0.0,0.0,0.0,0.0,0.0,0.0,0.0,0.0,0.0,0.0,0.0,0.01,0.31,0.0,0.0,0.05,0.32,0.3,0.0,0.0,0.0,0.0,0.04,0.0,0.0,0.01,0.0,0.0,0.01,0.01,0.0,0.0,0.01,0.05,0.0,0.0,0.04,0.01,0.04,0.0,0.01,0.0,0.01,0.0,0.01,0.01,0.0,0.03,0.01,0.05,0.01
7821,0.0,0.0,0.0,0.0,0.0,0.0,0.0,0.0,0.0,0.0,0.0,0.0,0.0,0.0,0.0,0.0,0.0,0.0,0.0,0.0,0.0,0.0,0.0,0.0,0.0,0.0,0.0,0.0,0.0,0.0,0.0,0.0,0.0,0.0,0.0,0.0,0.0,0.0,0.0,0.0,0.0,0.0,0.0,0.0,0.0,0.0,0.0,0.0,0.0,0.0,0.0,0.0,0.0,0.0,0.0,0.0,0.0,0.0,0.0,0.0,0.0,0.0,0.0,0.0
7822,0.0,0.0,0.0,0.0,0.0,0.0,0.0,0.0,0.0,0.0,0.0,0.0,0.0,0.0,0.0,0.0,0.0,0.0,0.0,0.0,0.0,0.0,0.0,0.0,0.0,0.0,0.0,0.0,0.0,0.0,0.0,0.0,0.0,0.0,0.0,0.0,0.0,0.0,0.0,0.0,0.0,0.0,0.0,0.0,0.0,0.0,0.0,0.0,0.0,0.0,0.0,0.0,0.0,0.0,0.0,0.0,0.0,0.0,0.0,0.0,0.0,0.0,0.0,0.0
7823,0.0,0.0,0.0,0.0,0.0,0.0,0.0,0.0,0.0,0.0,0.0,0.0,0.0,0.0,0.0,0.0,0.0,0.0,0.0,0.0,0.0,0.0,0.0,0.0,0.0,0.0,0.0,0.0,0.0,0.0,0.0,0.0,0.0,0.0,0.0,0.0,0.0,0.0,0.0,0.0,0.0,0.0,0.0,0.0,0.0,0.0,0.0,0.0,0.0,0.0,0.0,0.0,0.0,0.0,0.0,0.0,0.0,0.0,0.0,0.0,0.0,0.0,0.0,0.0
7824,0.0,0.0,0.0,0.0,0.0,0.0,0.0,0.0,0.0,0.0,0.0,0.0,0.0,0.0,0.0,0.0,0.0,0.0,0.0,0.0,0.0,0.0,0.0,0.0,0.0,0.0,0.0,0.0,0.0,0.0,0.0,0.0,0.0,0.0,0.0,0.0,0.0,0.0,0.0,0.0,0.0,0.0,0.0,0.0,0.0,0.0,0.0,0.0,0.0,0.0,0.0,0.0,0.0,0.0,0.0,0.0,0.0,0.0,0.0,0.0,0.0,0.0,0.0,0.0
7825,0.0,0.0,0.0,0.0,0.0,0.0,0.0,0.0,0.0,0.0,0.0,0.0,0.0,0.0,0.0,0.0,0.0,0.0,0.0,0.0,0.0,0.0,0.0,0.0,0.0,0.0,0.0,0.0,0.0,0.0,0.0,0.0,0.0,0.0,0.0,0.0,0.0,0.0,0.0,0.0,0.0,0.0,0.0,0.0,0.0,0.0,0.0,0.0,0.0,0.0,0.0,0.0,0.0,0.0,0.0,0.0,0.0,0.0,0.0,0.0,0.0,0.0,0.0,0.0
7826,0.0,0.0,0.0,0.0,0.0,0.0,0.0,0.0,0.0,0.0,0.0,0.0,0.0,0.0,0.0,0.0,0.0,0.0,0.0,0.0,0.0,0.0,0.0,0.0,0.0,0.0,0.0,0.0,0.0,0.0,0.0,0.0,0.0,0.0,0.0,0.0,0.0,0.0,0.0,0.0,0.0,0.0,0.0,0.0,0.0,0.0,0.0,0.0,0.0,0.0,0.0,0.0,0.0,0.0,0.0,0.0,0.0,0.0,0.0,0.0,0.0,0.0,0.0,0.0
7827,0.0,0.0,0.0,0.0,0.0,0.0,0.0,0.0,0.0,0.0,0.0,0.0,0.0,0.0,0.0,0.0,0.0,0.0,0.0,0.0,0.0,0.0,0.0,0.0,0.0,0.0,0.0,0.0,0.0,0.0,0.0,0.0,0.0,0.0,0.0,0.0,0.0,0.0,0.0,0.0,0.0,0.0,0.0,0.0,0.0,0.0,0.0,0.0,0.0,0.0,0.0,0.0,0.0,0.0,0.0,0.0,0.0,0.0,0.0,0.0,0.0,0.0,0.0,0.0
7828,0.0,0.0,0.0,0.0,0.0,0.0,0.0,0.0,0.0,0.0,0.0,0.0,0.0,0.0,0.0,0.0,0.0,0.0,0.0,0.0,0.0,0.0,0.0,0.0,0.0,0.0,0.0,0.0,0.0,0.0,0.0,0.0,0.0,0.0,0.0,0.0,0.0,0.0,0.0,0.0,0.0,0.0,0.0,0.0,0.0,0.0,0.0,0.0,0.0,0.0,0.0,0.0,0.0,0.0,0.0,0.0,0.0,0.0,0.0,0.0,0.0,0.0,0.0,0.0
7829,0.0,0.0,0.0,0.0,0.0,0.0,0.0,0.0,0.0,0.0,0.0,0.0,0.0,0.0,0.0,0.0,0.0,0.0,0.0,0.0,0.0,0.0,0.0,0.0,0.0,0.0,0.0,0.0,0.0,0.0,0.0,0.0,0.0,0.0,0.0,0.0,0.0,0.0,0.0,0.0,0.0,0.0,0.0,0.0,0.0,0.0,0.0,0.0,0.0,0.0,0.0,0.0,0.0,0.0,0.0,0.0,0.0,0.0,0.0,0.0,0.0,0.0,0.0,0.0
7830,0.0,0.0,0.0,0.0,0.0,0.0,0.0,0.0,0.0,0.0,0.0,0.0,0.0,0.0,0.0,0.0,0.0,0.0,0.0,0.0,0.0,0.0,0.0,0.0,0.0,0.0,0.0,0.0,0.0,0.0,0.0,0.0,0.0,0.0,0.0,0.0,0.0,0.0,0.0,0.0,0.0,0.0,0.0,0.0,0.0,0.0,0.0,0.0,0.0,0.0,0.0,0.0,0.0,0.0,0.0,0.0,0.0,0.0,0.0,0.0,0.0,0.0,0.0,0.0
7831,0.0,0.0,0.0,0.0,0.0,0.0,0.0,0.0,0.0,0.0,0.0,0.0,0.0,0.0,0.0,0.0,0.0,0.0,0.0,0.0,0.0,0.0,0.0,0.0,0.0,0.0,0.0,0.0,0.0,0.0,0.0,0.0,0.0,0.0,0.0,0.0,0.0,0.0,0.0,0.0,0.0,0.0,0.0,0.0,0.0,0.0,0.0,0.0,0.0,0.0,0.0,0.0,0.0,0.0,0.0,0.0,0.0,0.0,0.0,0.0,0.0,0.0,0.0,0.0
7832,0.0,0.0,0.0,0.0,0.0,0.0,0.0,0.0,0.0,0.0,0.0,0.0,0.0,0.0,0.0,0.0,0.0,0.0,0.0,0.0,0.0,0.0,0.0,0.0,0.0,0.0,0.0,0.0,0.0,0.0,0.0,0.0,0.0,0.0,0.0,0.0,0.0,0.0,0.0,0.0,0.0,0.0,0.0,0.0,0.0,0.0,0.0,0.0,0.0,0.0,0.0,0.0,0.0,0.0,0.0,0.0,0.0,0.0,0.0,0.0,0.0,0.0,0.0,0.0
7833,0.0,0.0,0.0,0.0,0.0,0.0,0.0,0.0,0.0,0.0,0.0,0.0,0.0,0.0,0.0,0.0,0.0,0.0,0.0,0.0,0.0,0.0,0.0,0.0,0.0,0.0,0.0,0.0,0.0,0.0,0.0,0.0,0.0,0.0,0.0,0.0,0.0,0.0,0.0,0.0,0.0,0.0,0.0,0.0,0.0,0.0,0.0,0.0,0.0,0.0,0.0,0.0,0.0,0.0,0.0,0.0,0.0,0.0,0.0,0.0,0.0,0.0,0.0,0.0
7834,0.0,0.0,0.0,0.0,0.0,0.0,0.0,0.0,0.0,0.0,0.0,0.0,0.0,0.0,0.0,0.0,0.0,0.0,0.0,0.0,0.0,0.0,0.0,0.0,0.0,0.0,0.0,0.0,0.0,0.0,0.0,0.0,0.0,0.0,0.0,0.0,0.0,0.0,0.0,0.0,0.0,0.0,0.0,0.0,0.0,0.0,0.0,0.0,0.0,0.0,0.0,0.0,0.0,0.0,0.0,0.0,0.0,0.0,0.0,0.0,0.0,0.0,0.0,0.0
7835,0.0,0.0,0.0,0.0,0.0,0.0,0.0,0.0,0.0,0.0,0.0,0.0,0.0,0.0,0.0,0.0,0.0,0.0,0.0,0.0,0.0,0.0,0.0,0.0,0.01,0.0,0.0,0.0,0.0,0.0,0.0,0.0,0.0,0.0,0.0,0.0,0.0,0.0,0.0,0.0,0.0,0.0,0.0,0.0,0.0,0.0,0.0,0.0,0.0,0.0,0.0,0.0,0.0,0.0,0.0,0.0,0.0,0.0,0.0,0.0,0.0,0.0,0.0,0.0
7836,0.0,0.48,0.43,0.0,0.0,0.58,0.0,0.0,0.56,0.58,0.57,0.58,0.61,0.17,0.6,0.59,0.01,0.6,0.5,0.58,0.28,0.6,0.62,0.58,0.59,0.22,0.0,0.0,0.29,0.41,0.25,0.0,0.0,0.0,0.0,0.54,0.57,0.09,0.54,0.03,0.32,0.58,0.57,0.58,0.58,0.55,0.58,0.0,0.0,0.59,0.33,0.43,0.55,0.54,0.52,0.53,0.0,0.53,0.35,0.54,0.32,0.42,0.35,0.33
7837,0.0,0.45,0.48,0.0,0.0,0.69,0.0,0.0,0.69,0.61,0.68,0.67,0.73,0.12,0.25,0.71,0.04,0.56,0.44,0.7,0.42,0.09,0.73,0.71,0.7,0.6,0.0,0.0,0.59,0.48,0.59,0.0,0.0,0.0,0.0,0.64,0.69,0.67,0.68,0.7,0.32,0.68,0.65,0.68,0.7,0.63,0.69,0.0,0.0,0.7,0.68,0.35,0.69,0.68,0.69,0.6,0.0,0.66,0.68,0.66,0.56,0.68,0.44,0.65
7838,0.0,0.73,0.74,0.0,0.0,0.64,0.0,0.0,0.76,0.64,0.76,0.75,0.77,0.2,0.76,0.75,0.2,0.6,0.65,0.75,0.52,0.13,0.71,0.75,0.74,0.75,0.0,0.0,0.7,0.74,0.72,0.0,0.0,0.0,0.0,0.74,0.74,0.75,0.74,0.76,0.76,0.73,0.75,0.72,0.75,0.69,0.61,0.0,0.0,0.64,0.69,0.59,0.72,0.66,0.68,0.71,0.0,0.7,0.68,0.65,0.52,0.67,0.7,0.64
7839,0.0,0.76,0.76,0.0,0.0,0.73,0.0,0.0,0.77,0.6,0.78,0.78,0.79,0.23,0.78,0.77,0.78,0.8,0.78,0.77,0.72,0.16,0.79,0.76,0.67,0.77,0.0,0.0,0.76,0.76,0.76,0.0,0.0,0.0,0.0,0.78,0.73,0.78,0.74,0.77,0.72,0.78,0.72,0.78,0.76,0.7,0.71,0.0,0.0,0.72,0.6,0.78,0.66,0.65,0.76,0.75,0.0,0.65,0.68,0.73,0.69,0.64,0.76,0.68
7840,0.0,0.76,0.76,0.0,0.0,0.76,0.0,0.0,0.76,0.59,0.75,0.77,0.78,0.4,0.77,0.76,0.78,0.79,0.8,0.76,0.74,0.37,0.79,0.78,0.46,0.77,0.0,0.0,0.76,0.76,0.76,0.0,0.0,0.0,0.0,0.48,0.78,0.77,0.79,0.77,0.78,0.79,0.78,0.77,0.78,0.79,0.76,0.0,0.0,0.76,0.55,0.77,0.65,0.53,0.72,0.66,0.0,0.59,0.69,0.71,0.71,0.56,0.77,0.64
7841,0.0,0.75,0.74,0.0,0.0,0.75,0.0,0.0,0.76,0.49,0.76,0.75,0.75,0.16,0.16,0.75,0.77,0.37,0.41,0.75,0.55,0.15,0.71,0.76,0.23,0.68,0.0,0.0,0.71,0.75,0.69,0.0,0.0,0.0,0.0,0.68,0.76,0.77,0.77,0.77,0.76,0.78,0.77,0.76,0.76,0.77,0.75,0.0,0.0,0.75,0.66,0.62,0.59,0.53,0.66,0.59,0.0,0.62,0.64,0.59,0.62,0.72,0.72,0.64
7842,0.0,0.5,0.59,0.0,0.0,0.51,0.0,0.0,0.7,0.42,0.63,0.69,0.69,0.7,0.7,0.7,0.7,0.56,0.51,0.69,0.44,0.7,0.69,0.64,0.09,0.45,0.0,0.0,0.44,0.52,0.39,0.0,0.0,0.0,0.0,0.71,0.54,0.67,0.29,0.71,0.73,0.34,0.38,0.63,0.6,0.33,0.22,0.0,0.0,0.21,0.62,0.72,0.58,0.47,0.43,0.24,0.0,0.48,0.57,0.35,0.71,0.63,0.43,0.62
7843,0.0,0.4,0.46,0.0,0.0,0.22,0.0,0.0,0.59,0.37,0.59,0.44,0.54,0.54,0.04,0.51,0.46,0.27,0.25,0.58,0.21,0.51,0.5,0.33,0.02,0.62,0.0,0.0,0.62,0.53,0.26,0.0,0.0,0.0,0.0,0.48,0.6,0.57,0.63,0.58,0.62,0.63,0.62,0.34,0.52,0.63,0.06,0.0,0.0,0.04,0.44,0.64,0.54,0.5,0.33,0.33,0.0,0.45,0.55,0.34,0.61,0.39,0.22,0.6
7844,0.0,0.01,0.0,0.0,0.0,0.0,0.0,0.0,0.0,0.0,0.0,0.0,0.0,0.0,0.0,0.0,0.0,0.0,0.0,0.0,0.0,0.0,0.0,0.0,0.0,0.02,0.0,0.0,0.01,0.0,0.0,0.0,0.0,0.0,0.0,0.01,0.0,0.0,0.0,0.0,0.0,0.0,0.0,0.0,0.0,0.0,0.0,0.0,0.0,0.0,0.0,0.01,0.0,0.0,0.0,0.0,0.0,0.0,0.0,0.0,0.0,0.0,0.0,0.0
7845,0.0,0.0,0.0,0.0,0.0,0.0,0.0,0.0,0.0,0.0,0.0,0.0,0.0,0.0,0.0,0.0,0.0,0.0,0.0,0.0,0.0,0.0,0.0,0.0,0.0,0.0,0.0,0.0,0.0,0.0,0.0,0.0,0.0,0.0,0.0,0.0,0.0,0.0,0.0,0.0,0.0,0.0,0.0,0.0,0.0,0.0,0.0,0.0,0.0,0.0,0.0,0.0,0.0,0.0,0.0,0.0,0.0,0.0,0.0,0.0,0.0,0.0,0.0,0.0
7846,0.0,0.0,0.0,0.0,0.0,0.0,0.0,0.0,0.0,0.0,0.0,0.0,0.0,0.0,0.0,0.0,0.0,0.0,0.0,0.0,0.0,0.0,0.0,0.0,0.0,0.0,0.0,0.0,0.0,0.0,0.0,0.0,0.0,0.0,0.0,0.0,0.0,0.0,0.0,0.0,0.0,0.0,0.0,0.0,0.0,0.0,0.0,0.0,0.0,0.0,0.0,0.0,0.0,0.0,0.0,0.0,0.0,0.0,0.0,0.0,0.0,0.0,0.0,0.0
7847,0.0,0.0,0.0,0.0,0.0,0.0,0.0,0.0,0.0,0.0,0.0,0.0,0.0,0.0,0.0,0.0,0.0,0.0,0.0,0.0,0.0,0.0,0.0,0.0,0.0,0.0,0.0,0.0,0.0,0.0,0.0,0.0,0.0,0.0,0.0,0.0,0.0,0.0,0.0,0.0,0.0,0.0,0.0,0.0,0.0,0.0,0.0,0.0,0.0,0.0,0.0,0.0,0.0,0.0,0.0,0.0,0.0,0.0,0.0,0.0,0.0,0.0,0.0,0.0
7848,0.0,0.0,0.0,0.0,0.0,0.0,0.0,0.0,0.0,0.0,0.0,0.0,0.0,0.0,0.0,0.0,0.0,0.0,0.0,0.0,0.0,0.0,0.0,0.0,0.0,0.0,0.0,0.0,0.0,0.0,0.0,0.0,0.0,0.0,0.0,0.0,0.0,0.0,0.0,0.0,0.0,0.0,0.0,0.0,0.0,0.0,0.0,0.0,0.0,0.0,0.0,0.0,0.0,0.0,0.0,0.0,0.0,0.0,0.0,0.0,0.0,0.0,0.0,0.0
7849,0.0,0.0,0.0,0.0,0.0,0.0,0.0,0.0,0.0,0.0,0.0,0.0,0.0,0.0,0.0,0.0,0.0,0.0,0.0,0.0,0.0,0.0,0.0,0.0,0.0,0.0,0.0,0.0,0.0,0.0,0.0,0.0,0.0,0.0,0.0,0.0,0.0,0.0,0.0,0.0,0.0,0.0,0.0,0.0,0.0,0.0,0.0,0.0,0.0,0.0,0.0,0.0,0.0,0.0,0.0,0.0,0.0,0.0,0.0,0.0,0.0,0.0,0.0,0.0
7850,0.0,0.0,0.0,0.0,0.0,0.0,0.0,0.0,0.0,0.0,0.0,0.0,0.0,0.0,0.0,0.0,0.0,0.0,0.0,0.0,0.0,0.0,0.0,0.0,0.0,0.0,0.0,0.0,0.0,0.0,0.0,0.0,0.0,0.0,0.0,0.0,0.0,0.0,0.0,0.0,0.0,0.0,0.0,0.0,0.0,0.0,0.0,0.0,0.0,0.0,0.0,0.0,0.0,0.0,0.0,0.0,0.0,0.0,0.0,0.0,0.0,0.0,0.0,0.0
7851,0.0,0.0,0.0,0.0,0.0,0.0,0.0,0.0,0.0,0.0,0.0,0.0,0.0,0.0,0.0,0.0,0.0,0.0,0.0,0.0,0.0,0.0,0.0,0.0,0.0,0.0,0.0,0.0,0.0,0.0,0.0,0.0,0.0,0.0,0.0,0.0,0.0,0.0,0.0,0.0,0.0,0.0,0.0,0.0,0.0,0.0,0.0,0.0,0.0,0.0,0.0,0.0,0.0,0.0,0.0,0.0,0.0,0.0,0.0,0.0,0.0,0.0,0.0,0.0
7852,0.0,0.0,0.0,0.0,0.0,0.0,0.0,0.0,0.0,0.0,0.0,0.0,0.0,0.0,0.0,0.0,0.0,0.0,0.0,0.0,0.0,0.0,0.0,0.0,0.0,0.0,0.0,0.0,0.0,0.0,0.0,0.0,0.0,0.0,0.0,0.0,0.0,0.0,0.0,0.0,0.0,0.0,0.0,0.0,0.0,0.0,0.0,0.0,0.0,0.0,0.0,0.0,0.0,0.0,0.0,0.0,0.0,0.0,0.0,0.0,0.0,0.0,0.0,0.0
7853,0.0,0.0,0.0,0.0,0.0,0.0,0.0,0.0,0.0,0.0,0.0,0.0,0.0,0.0,0.0,0.0,0.0,0.0,0.0,0.0,0.0,0.0,0.0,0.0,0.0,0.0,0.0,0.0,0.0,0.0,0.0,0.0,0.0,0.0,0.0,0.0,0.0,0.0,0.0,0.0,0.0,0.0,0.0,0.0,0.0,0.0,0.0,0.0,0.0,0.0,0.0,0.0,0.0,0.0,0.0,0.0,0.0,0.0,0.0,0.0,0.0,0.0,0.0,0.0
7854,0.0,0.0,0.0,0.0,0.0,0.0,0.0,0.0,0.0,0.0,0.0,0.0,0.0,0.0,0.0,0.0,0.0,0.0,0.0,0.0,0.0,0.0,0.0,0.0,0.0,0.0,0.0,0.0,0.0,0.0,0.0,0.0,0.0,0.0,0.0,0.0,0.0,0.0,0.0,0.0,0.0,0.0,0.0,0.0,0.0,0.0,0.0,0.0,0.0,0.0,0.0,0.0,0.0,0.0,0.0,0.0,0.0,0.0,0.0,0.0,0.0,0.0,0.0,0.0
7855,0.0,0.0,0.0,0.0,0.0,0.0,0.0,0.0,0.0,0.0,0.0,0.0,0.0,0.0,0.0,0.0,0.0,0.0,0.0,0.0,0.0,0.0,0.0,0.0,0.0,0.0,0.0,0.0,0.0,0.0,0.0,0.0,0.0,0.0,0.0,0.0,0.0,0.0,0.0,0.0,0.0,0.0,0.0,0.0,0.0,0.0,0.0,0.0,0.0,0.0,0.0,0.0,0.0,0.0,0.0,0.0,0.0,0.0,0.0,0.0,0.0,0.0,0.0,0.0
7856,0.0,0.0,0.0,0.0,0.0,0.0,0.0,0.0,0.0,0.0,0.0,0.0,0.0,0.0,0.0,0.0,0.0,0.0,0.0,0.0,0.0,0.0,0.0,0.0,0.0,0.0,0.0,0.0,0.0,0.0,0.0,0.0,0.0,0.0,0.0,0.0,0.0,0.0,0.0,0.0,0.0,0.0,0.0,0.0,0.0,0.0,0.0,0.0,0.0,0.0,0.0,0.0,0.0,0.0,0.0,0.0,0.0,0.0,0.0,0.0,0.0,0.0,0.0,0.0
7857,0.0,0.0,0.0,0.0,0.0,0.0,0.0,0.0,0.0,0.0,0.0,0.0,0.0,0.0,0.0,0.0,0.0,0.0,0.0,0.0,0.0,0.0,0.0,0.0,0.0,0.0,0.0,0.0,0.0,0.0,0.0,0.0,0.0,0.0,0.0,0.0,0.0,0.0,0.0,0.0,0.0,0.0,0.0,0.0,0.0,0.0,0.0,0.0,0.0,0.0,0.0,0.0,0.0,0.0,0.0,0.0,0.0,0.0,0.0,0.0,0.0,0.0,0.0,0.0
7858,0.0,0.0,0.0,0.0,0.0,0.0,0.0,0.0,0.0,0.0,0.0,0.0,0.0,0.0,0.0,0.0,0.0,0.0,0.0,0.0,0.0,0.0,0.0,0.0,0.0,0.0,0.0,0.0,0.0,0.0,0.0,0.0,0.0,0.0,0.0,0.0,0.0,0.0,0.0,0.0,0.0,0.0,0.0,0.0,0.0,0.0,0.0,0.0,0.0,0.0,0.0,0.0,0.0,0.0,0.0,0.0,0.0,0.0,0.0,0.0,0.0,0.0,0.0,0.0
7859,0.0,0.0,0.0,0.0,0.0,0.0,0.0,0.0,0.0,0.0,0.0,0.0,0.0,0.0,0.0,0.0,0.0,0.0,0.0,0.0,0.0,0.0,0.0,0.0,0.0,0.0,0.0,0.0,0.0,0.0,0.0,0.0,0.0,0.0,0.0,0.0,0.0,0.0,0.0,0.0,0.0,0.0,0.0,0.0,0.0,0.0,0.0,0.0,0.0,0.0,0.0,0.0,0.0,0.0,0.0,0.0,0.0,0.0,0.0,0.0,0.0,0.0,0.0,0.0
7860,0.0,0.24,0.14,0.0,0.0,0.22,0.0,0.0,0.32,0.19,0.29,0.44,0.31,0.43,0.48,0.44,0.33,0.01,0.01,0.34,0.01,0.31,0.01,0.17,0.15,0.25,0.0,0.0,0.22,0.27,0.24,0.0,0.0,0.0,0.0,0.16,0.24,0.22,0.25,0.2,0.15,0.28,0.27,0.3,0.2,0.23,0.29,0.0,0.0,0.41,0.02,0.09,0.02,0.02,0.02,0.04,0.0,0.06,0.03,0.06,0.02,0.02,0.14,0.03
7861,0.0,0.53,0.6,0.0,0.0,0.62,0.0,0.0,0.35,0.54,0.62,0.09,0.02,0.29,0.22,0.21,0.65,0.55,0.36,0.2,0.15,0.33,0.04,0.23,0.63,0.6,0.0,0.0,0.59,0.62,0.6,0.0,0.0,0.0,0.0,0.57,0.39,0.66,0.58,0.66,0.66,0.53,0.48,0.25,0.28,0.56,0.62,0.0,0.0,0.59,0.05,0.43,0.21,0.14,0.05,0.02,0.0,0.64,0.12,0.06,0.05,0.07,0.29,0.06
7862,0.0,0.67,0.68,0.0,0.0,0.68,0.0,0.0,0.7,0.8,0.69,0.05,0.06,0.69,0.69,0.62,0.73,0.08,0.09,0.54,0.16,0.7,0.09,0.57,0.67,0.69,0.0,0.0,0.68,0.67,0.67,0.0,0.0,0.0,0.0,0.66,0.59,0.7,0.64,0.74,0.61,0.7,0.6,0.62,0.62,0.61,0.69,0.0,0.0,0.7,0.15,0.61,0.47,0.25,0.12,0.07,0.0,0.26,0.25,0.11,0.07,0.12,0.7,0.15
7863,0.0,0.71,0.68,0.0,0.0,0.71,0.0,0.0,0.62,0.85,0.63,0.08,0.1,0.72,0.65,0.54,0.74,0.07,0.08,0.56,0.24,0.74,0.29,0.48,0.71,0.67,0.0,0.0,0.41,0.72,0.69,0.0,0.0,0.0,0.0,0.65,0.66,0.72,0.6,0.7,0.55,0.65,0.61,0.69,0.5,0.57,0.7,0.0,0.0,0.71,0.56,0.38,0.35,0.62,0.08,0.09,0.0,0.33,0.56,0.07,0.12,0.58,0.42,0.28
7864,0.0,0.42,0.41,0.0,0.0,0.7,0.0,0.0,0.51,0.84,0.52,0.71,0.34,0.64,0.57,0.48,0.7,0.49,0.52,0.52,0.75,0.57,0.33,0.37,0.72,0.5,0.0,0.0,0.72,0.41,0.44,0.0,0.0,0.0,0.0,0.66,0.58,0.56,0.62,0.61,0.58,0.64,0.62,0.56,0.61,0.66,0.71,0.0,0.0,0.72,0.58,0.18,0.35,0.18,0.41,0.67,0.0,0.24,0.61,0.18,0.56,0.67,0.73,0.55
7865,0.0,0.47,0.48,0.0,0.0,0.71,0.0,0.0,0.64,0.82,0.64,0.75,0.37,0.57,0.46,0.52,0.7,0.62,0.63,0.28,0.79,0.66,0.08,0.55,0.6,0.57,0.0,0.0,0.65,0.43,0.56,0.0,0.0,0.0,0.0,0.64,0.36,0.68,0.52,0.68,0.62,0.56,0.59,0.69,0.55,0.34,0.71,0.0,0.0,0.71,0.57,0.06,0.5,0.22,0.16,0.65,0.0,0.21,0.56,0.09,0.55,0.23,0.09,0.56
7866,0.0,0.31,0.38,0.0,0.0,0.65,0.0,0.0,0.55,0.75,0.47,0.6,0.03,0.6,0.58,0.53,0.2,0.62,0.65,0.56,0.75,0.23,0.02,0.07,0.68,0.51,0.0,0.0,0.04,0.32,0.45,0.0,0.0,0.0,0.0,0.59,0.1,0.41,0.56,0.38,0.36,0.32,0.07,0.12,0.26,0.35,0.63,0.0,0.0,0.64,0.31,0.07,0.16,0.05,0.63,0.57,0.0,0.06,0.24,0.67,0.28,0.15,0.02,0.27
7867,0.0,0.45,0.44,0.0,0.0,0.52,0.0,0.0,0.04,0.56,0.14,0.56,0.01,0.02,0.12,0.15,0.25,0.57,0.58,0.14,0.61,0.02,0.11,0.01,0.26,0.04,0.0,0.0,0.04,0.44,0.01,0.0,0.0,0.0,0.0,0.39,0.17,0.16,0.09,0.08,0.13,0.03,0.02,0.02,0.01,0.04,0.48,0.0,0.0,0.48,0.04,0.32,0.35,0.16,0.46,0.57,0.0,0.4,0.06,0.41,0.11,0.03,0.01,0.08
7868,0.0,0.0,0.04,0.0,0.0,0.0,0.0,0.0,0.0,0.0,0.0,0.0,0.0,0.0,0.0,0.0,0.0,0.0,0.0,0.0,0.0,0.0,0.0,0.0,0.0,0.0,0.0,0.0,0.0,0.0,0.0,0.0,0.0,0.0,0.0,0.0,0.0,0.0,0.0,0.0,0.0,0.0,0.0,0.0,0.0,0.0,0.0,0.0,0.0,0.0,0.0,0.0,0.0,0.0,0.0,0.0,0.0,0.0,0.0,0.0,0.0,0.0,0.0,0.0
7869,0.0,0.0,0.0,0.0,0.0,0.0,0.0,0.0,0.0,0.0,0.0,0.0,0.0,0.0,0.0,0.0,0.0,0.0,0.0,0.0,0.0,0.0,0.0,0.0,0.0,0.0,0.0,0.0,0.0,0.0,0.0,0.0,0.0,0.0,0.0,0.0,0.0,0.0,0.0,0.0,0.0,0.0,0.0,0.0,0.0,0.0,0.0,0.0,0.0,0.0,0.0,0.0,0.0,0.0,0.0,0.0,0.0,0.0,0.0,0.0,0.0,0.0,0.0,0.0
7870,0.0,0.0,0.0,0.0,0.0,0.0,0.0,0.0,0.0,0.0,0.0,0.0,0.0,0.0,0.0,0.0,0.0,0.0,0.0,0.0,0.0,0.0,0.0,0.0,0.0,0.0,0.0,0.0,0.0,0.0,0.0,0.0,0.0,0.0,0.0,0.0,0.0,0.0,0.0,0.0,0.0,0.0,0.0,0.0,0.0,0.0,0.0,0.0,0.0,0.0,0.0,0.0,0.0,0.0,0.0,0.0,0.0,0.0,0.0,0.0,0.0,0.0,0.0,0.0
7871,0.0,0.0,0.0,0.0,0.0,0.0,0.0,0.0,0.0,0.0,0.0,0.0,0.0,0.0,0.0,0.0,0.0,0.0,0.0,0.0,0.0,0.0,0.0,0.0,0.0,0.0,0.0,0.0,0.0,0.0,0.0,0.0,0.0,0.0,0.0,0.0,0.0,0.0,0.0,0.0,0.0,0.0,0.0,0.0,0.0,0.0,0.0,0.0,0.0,0.0,0.0,0.0,0.0,0.0,0.0,0.0,0.0,0.0,0.0,0.0,0.0,0.0,0.0,0.0
7872,0.0,0.0,0.0,0.0,0.0,0.0,0.0,0.0,0.0,0.0,0.0,0.0,0.0,0.0,0.0,0.0,0.0,0.0,0.0,0.0,0.0,0.0,0.0,0.0,0.0,0.0,0.0,0.0,0.0,0.0,0.0,0.0,0.0,0.0,0.0,0.0,0.0,0.0,0.0,0.0,0.0,0.0,0.0,0.0,0.0,0.0,0.0,0.0,0.0,0.0,0.0,0.0,0.0,0.0,0.0,0.0,0.0,0.0,0.0,0.0,0.0,0.0,0.0,0.0
7873,0.0,0.0,0.0,0.0,0.0,0.0,0.0,0.0,0.0,0.0,0.0,0.0,0.0,0.0,0.0,0.0,0.0,0.0,0.0,0.0,0.0,0.0,0.0,0.0,0.0,0.0,0.0,0.0,0.0,0.0,0.0,0.0,0.0,0.0,0.0,0.0,0.0,0.0,0.0,0.0,0.0,0.0,0.0,0.0,0.0,0.0,0.0,0.0,0.0,0.0,0.0,0.0,0.0,0.0,0.0,0.0,0.0,0.0,0.0,0.0,0.0,0.0,0.0,0.0
7874,0.0,0.0,0.0,0.0,0.0,0.0,0.0,0.0,0.0,0.0,0.0,0.0,0.0,0.0,0.0,0.0,0.0,0.0,0.0,0.0,0.0,0.0,0.0,0.0,0.0,0.0,0.0,0.0,0.0,0.0,0.0,0.0,0.0,0.0,0.0,0.0,0.0,0.0,0.0,0.0,0.0,0.0,0.0,0.0,0.0,0.0,0.0,0.0,0.0,0.0,0.0,0.0,0.0,0.0,0.0,0.0,0.0,0.0,0.0,0.0,0.0,0.0,0.0,0.0
7875,0.0,0.0,0.0,0.0,0.0,0.0,0.0,0.0,0.0,0.0,0.0,0.0,0.0,0.0,0.0,0.0,0.0,0.0,0.0,0.0,0.0,0.0,0.0,0.0,0.0,0.0,0.0,0.0,0.0,0.0,0.0,0.0,0.0,0.0,0.0,0.0,0.0,0.0,0.0,0.0,0.0,0.0,0.0,0.0,0.0,0.0,0.0,0.0,0.0,0.0,0.0,0.0,0.0,0.0,0.0,0.0,0.0,0.0,0.0,0.0,0.0,0.0,0.0,0.0
7876,0.0,0.0,0.0,0.0,0.0,0.0,0.0,0.0,0.0,0.0,0.0,0.0,0.0,0.0,0.0,0.0,0.0,0.0,0.0,0.0,0.0,0.0,0.0,0.0,0.0,0.0,0.0,0.0,0.0,0.0,0.0,0.0,0.0,0.0,0.0,0.0,0.0,0.0,0.0,0.0,0.0,0.0,0.0,0.0,0.0,0.0,0.0,0.0,0.0,0.0,0.0,0.0,0.0,0.0,0.0,0.0,0.0,0.0,0.0,0.0,0.0,0.0,0.0,0.0
7877,0.0,0.0,0.0,0.0,0.0,0.0,0.0,0.0,0.0,0.0,0.0,0.0,0.0,0.0,0.0,0.0,0.0,0.0,0.0,0.0,0.0,0.0,0.0,0.0,0.0,0.0,0.0,0.0,0.0,0.0,0.0,0.0,0.0,0.0,0.0,0.0,0.0,0.0,0.0,0.0,0.0,0.0,0.0,0.0,0.0,0.0,0.0,0.0,0.0,0.0,0.0,0.0,0.0,0.0,0.0,0.0,0.0,0.0,0.0,0.0,0.0,0.0,0.0,0.0
7878,0.0,0.0,0.0,0.0,0.0,0.0,0.0,0.0,0.0,0.0,0.0,0.0,0.0,0.0,0.0,0.0,0.0,0.0,0.0,0.0,0.0,0.0,0.0,0.0,0.0,0.0,0.0,0.0,0.0,0.0,0.0,0.0,0.0,0.0,0.0,0.0,0.0,0.0,0.0,0.0,0.0,0.0,0.0,0.0,0.0,0.0,0.0,0.0,0.0,0.0,0.0,0.0,0.0,0.0,0.0,0.0,0.0,0.0,0.0,0.0,0.0,0.0,0.0,0.0
7879,0.0,0.0,0.0,0.0,0.0,0.0,0.0,0.0,0.0,0.0,0.0,0.0,0.0,0.0,0.0,0.0,0.0,0.0,0.0,0.0,0.0,0.0,0.0,0.0,0.0,0.0,0.0,0.0,0.0,0.0,0.0,0.0,0.0,0.0,0.0,0.0,0.0,0.0,0.0,0.0,0.0,0.0,0.0,0.0,0.0,0.0,0.0,0.0,0.0,0.0,0.0,0.0,0.0,0.0,0.0,0.0,0.0,0.0,0.0,0.0,0.0,0.0,0.0,0.0
7880,0.0,0.0,0.0,0.0,0.0,0.0,0.0,0.0,0.0,0.0,0.0,0.0,0.0,0.0,0.0,0.0,0.0,0.0,0.0,0.0,0.0,0.0,0.0,0.0,0.0,0.0,0.0,0.0,0.0,0.0,0.0,0.0,0.0,0.0,0.0,0.0,0.0,0.0,0.0,0.0,0.0,0.0,0.0,0.0,0.0,0.0,0.0,0.0,0.0,0.0,0.0,0.0,0.0,0.0,0.0,0.0,0.0,0.0,0.0,0.0,0.0,0.0,0.0,0.0
7881,0.0,0.0,0.0,0.0,0.0,0.0,0.0,0.0,0.0,0.0,0.0,0.0,0.0,0.0,0.0,0.0,0.0,0.0,0.0,0.0,0.0,0.0,0.0,0.0,0.0,0.0,0.0,0.0,0.0,0.0,0.0,0.0,0.0,0.0,0.0,0.0,0.0,0.0,0.0,0.0,0.0,0.0,0.0,0.0,0.0,0.0,0.0,0.0,0.0,0.0,0.0,0.0,0.0,0.0,0.0,0.0,0.0,0.0,0.0,0.0,0.0,0.0,0.0,0.0
7882,0.0,0.0,0.0,0.0,0.0,0.0,0.0,0.0,0.0,0.0,0.0,0.0,0.0,0.0,0.0,0.0,0.0,0.0,0.0,0.0,0.0,0.0,0.0,0.0,0.0,0.0,0.0,0.0,0.0,0.0,0.0,0.0,0.0,0.0,0.0,0.0,0.0,0.0,0.0,0.0,0.0,0.0,0.0,0.0,0.0,0.0,0.0,0.0,0.0,0.0,0.0,0.0,0.0,0.0,0.0,0.0,0.0,0.0,0.0,0.0,0.0,0.0,0.0,0.0
7883,0.0,0.0,0.0,0.0,0.0,0.0,0.0,0.0,0.0,0.0,0.0,0.0,0.0,0.0,0.0,0.0,0.0,0.0,0.0,0.0,0.0,0.0,0.0,0.0,0.0,0.0,0.0,0.0,0.0,0.0,0.0,0.0,0.0,0.0,0.0,0.0,0.0,0.0,0.0,0.0,0.0,0.0,0.0,0.0,0.0,0.0,0.0,0.0,0.0,0.0,0.0,0.0,0.0,0.0,0.0,0.0,0.0,0.0,0.0,0.0,0.0,0.0,0.0,0.0
7884,0.0,0.61,0.6,0.0,0.0,0.6,0.0,0.0,0.61,0.52,0.6,0.61,0.63,0.62,0.62,0.62,0.6,0.6,0.6,0.62,0.56,0.62,0.62,0.62,0.11,0.6,0.0,0.0,0.58,0.61,0.6,0.0,0.0,0.0,0.0,0.62,0.61,0.61,0.61,0.6,0.6,0.61,0.59,0.62,0.62,0.6,0.61,0.0,0.0,0.61,0.56,0.57,0.56,0.53,0.55,0.47,0.0,0.53,0.56,0.52,0.57,0.56,0.58,0.56
7885,0.0,0.77,0.77,0.0,0.0,0.77,0.0,0.0,0.75,0.73,0.74,0.77,0.76,0.76,0.76,0.76,0.76,0.76,0.77,0.76,0.74,0.76,0.76,0.76,0.76,0.77,0.0,0.0,0.75,0.77,0.77,0.0,0.0,0.0,0.0,0.77,0.75,0.74,0.76,0.75,0.72,0.76,0.74,0.76,0.76,0.75,0.77,0.0,0.0,0.77,0.75,0.74,0.74,0.73,0.72,0.7,0.0,0.71,0.74,0.7,0.75,0.75,0.75,0.75
7886,0.0,0.84,0.84,0.0,0.0,0.83,0.0,0.0,0.81,0.8,0.8,0.83,0.82,0.82,0.82,0.82,0.82,0.82,0.83,0.81,0.81,0.82,0.81,0.82,0.82,0.84,0.0,0.0,0.81,0.84,0.83,0.0,0.0,0.0,0.0,0.83,0.8,0.8,0.81,0.82,0.78,0.82,0.79,0.82,0.82,0.8,0.83,0.0,0.0,0.83,0.81,0.79,0.79,0.79,0.79,0.78,0.0,0.77,0.81,0.78,0.81,0.81,0.8,0.81
7887,0.0,0.86,0.86,0.0,0.0,0.85,0.0,0.0,0.81,0.82,0.8,0.84,0.83,0.82,0.83,0.83,0.84,0.83,0.85,0.83,0.84,0.83,0.83,0.83,0.84,0.85,0.0,0.0,0.82,0.86,0.85,0.0,0.0,0.0,0.0,0.85,0.81,0.81,0.82,0.84,0.83,0.83,0.79,0.83,0.83,0.8,0.86,0.0,0.0,0.85,0.83,0.8,0.81,0.81,0.83,0.8,0.0,0.8,0.83,0.81,0.83,0.83,0.82,0.83
7888,0.0,0.86,0.86,0.0,0.0,0.85,0.0,0.0,0.8,0.82,0.79,0.84,0.83,0.82,0.83,0.82,0.84,0.83,0.84,0.82,0.84,0.83,0.83,0.82,0.85,0.84,0.0,0.0,0.82,0.86,0.84,0.0,0.0,0.0,0.0,0.84,0.81,0.81,0.81,0.84,0.83,0.82,0.8,0.82,0.81,0.81,0.85,0.0,0.0,0.85,0.82,0.8,0.82,0.82,0.83,0.8,0.0,0.81,0.83,0.82,0.83,0.82,0.81,0.83
7889,0.0,0.84,0.84,0.0,0.0,0.83,0.0,0.0,0.78,0.8,0.78,0.82,0.8,0.79,0.8,0.8,0.82,0.8,0.81,0.79,0.81,0.8,0.79,0.8,0.82,0.82,0.0,0.0,0.8,0.84,0.82,0.0,0.0,0.0,0.0,0.82,0.79,0.8,0.8,0.82,0.81,0.8,0.8,0.8,0.8,0.81,0.83,0.0,0.0,0.83,0.8,0.8,0.8,0.8,0.8,0.78,0.0,0.8,0.8,0.8,0.8,0.8,0.8,0.8
7890,0.0,0.78,0.78,0.0,0.0,0.78,0.0,0.0,0.73,0.73,0.73,0.75,0.73,0.73,0.74,0.73,0.75,0.72,0.74,0.73,0.74,0.74,0.71,0.74,0.76,0.77,0.0,0.0,0.76,0.78,0.77,0.0,0.0,0.0,0.0,0.76,0.74,0.75,0.76,0.76,0.76,0.76,0.76,0.75,0.75,0.76,0.78,0.0,0.0,0.78,0.75,0.75,0.75,0.75,0.75,0.73,0.0,0.75,0.75,0.74,0.75,0.75,0.76,0.75
7891,0.0,0.66,0.67,0.0,0.0,0.65,0.0,0.0,0.6,0.53,0.6,0.62,0.54,0.59,0.6,0.59,0.62,0.53,0.55,0.59,0.57,0.59,0.52,0.61,0.64,0.66,0.0,0.0,0.63,0.66,0.65,0.0,0.0,0.0,0.0,0.64,0.62,0.62,0.64,0.63,0.64,0.64,0.63,0.62,0.62,0.64,0.66,0.0,0.0,0.65,0.64,0.64,0.63,0.63,0.62,0.61,0.0,0.63,0.63,0.62,0.63,0.64,0.64,0.63
7892,0.0,0.14,0.16,0.0,0.0,0.01,0.0,0.0,0.0,0.0,0.0,0.0,0.0,0.0,0.0,0.0,0.0,0.0,0.0,0.0,0.0,0.0,0.0,0.0,0.0,0.02,0.0,0.0,0.01,0.13,0.02,0.0,0.0,0.0,0.0,0.0,0.0,0.0,0.0,0.0,0.0,0.0,0.0,0.0,0.0,0.0,0.01,0.0,0.0,0.01,0.0,0.01,0.0,0.0,0.0,0.0,0.0,0.0,0.0,0.0,0.0,0.0,0.01,0.0
7893,0.0,0.0,0.0,0.0,0.0,0.0,0.0,0.0,0.0,0.0,0.0,0.0,0.0,0.0,0.0,0.0,0.0,0.0,0.0,0.0,0.0,0.0,0.0,0.0,0.0,0.0,0.0,0.0,0.0,0.0,0.0,0.0,0.0,0.0,0.0,0.0,0.0,0.0,0.0,0.0,0.0,0.0,0.0,0.0,0.0,0.0,0.0,0.0,0.0,0.0,0.0,0.0,0.0,0.0,0.0,0.0,0.0,0.0,0.0,0.0,0.0,0.0,0.0,0.0
7894,0.0,0.0,0.0,0.0,0.0,0.0,0.0,0.0,0.0,0.0,0.0,0.0,0.0,0.0,0.0,0.0,0.0,0.0,0.0,0.0,0.0,0.0,0.0,0.0,0.0,0.0,0.0,0.0,0.0,0.0,0.0,0.0,0.0,0.0,0.0,0.0,0.0,0.0,0.0,0.0,0.0,0.0,0.0,0.0,0.0,0.0,0.0,0.0,0.0,0.0,0.0,0.0,0.0,0.0,0.0,0.0,0.0,0.0,0.0,0.0,0.0,0.0,0.0,0.0
7895,0.0,0.0,0.0,0.0,0.0,0.0,0.0,0.0,0.0,0.0,0.0,0.0,0.0,0.0,0.0,0.0,0.0,0.0,0.0,0.0,0.0,0.0,0.0,0.0,0.0,0.0,0.0,0.0,0.0,0.0,0.0,0.0,0.0,0.0,0.0,0.0,0.0,0.0,0.0,0.0,0.0,0.0,0.0,0.0,0.0,0.0,0.0,0.0,0.0,0.0,0.0,0.0,0.0,0.0,0.0,0.0,0.0,0.0,0.0,0.0,0.0,0.0,0.0,0.0
7896,0.0,0.0,0.0,0.0,0.0,0.0,0.0,0.0,0.0,0.0,0.0,0.0,0.0,0.0,0.0,0.0,0.0,0.0,0.0,0.0,0.0,0.0,0.0,0.0,0.0,0.0,0.0,0.0,0.0,0.0,0.0,0.0,0.0,0.0,0.0,0.0,0.0,0.0,0.0,0.0,0.0,0.0,0.0,0.0,0.0,0.0,0.0,0.0,0.0,0.0,0.0,0.0,0.0,0.0,0.0,0.0,0.0,0.0,0.0,0.0,0.0,0.0,0.0,0.0
7897,0.0,0.0,0.0,0.0,0.0,0.0,0.0,0.0,0.0,0.0,0.0,0.0,0.0,0.0,0.0,0.0,0.0,0.0,0.0,0.0,0.0,0.0,0.0,0.0,0.0,0.0,0.0,0.0,0.0,0.0,0.0,0.0,0.0,0.0,0.0,0.0,0.0,0.0,0.0,0.0,0.0,0.0,0.0,0.0,0.0,0.0,0.0,0.0,0.0,0.0,0.0,0.0,0.0,0.0,0.0,0.0,0.0,0.0,0.0,0.0,0.0,0.0,0.0,0.0
7898,0.0,0.0,0.0,0.0,0.0,0.0,0.0,0.0,0.0,0.0,0.0,0.0,0.0,0.0,0.0,0.0,0.0,0.0,0.0,0.0,0.0,0.0,0.0,0.0,0.0,0.0,0.0,0.0,0.0,0.0,0.0,0.0,0.0,0.0,0.0,0.0,0.0,0.0,0.0,0.0,0.0,0.0,0.0,0.0,0.0,0.0,0.0,0.0,0.0,0.0,0.0,0.0,0.0,0.0,0.0,0.0,0.0,0.0,0.0,0.0,0.0,0.0,0.0,0.0
7899,0.0,0.0,0.0,0.0,0.0,0.0,0.0,0.0,0.0,0.0,0.0,0.0,0.0,0.0,0.0,0.0,0.0,0.0,0.0,0.0,0.0,0.0,0.0,0.0,0.0,0.0,0.0,0.0,0.0,0.0,0.0,0.0,0.0,0.0,0.0,0.0,0.0,0.0,0.0,0.0,0.0,0.0,0.0,0.0,0.0,0.0,0.0,0.0,0.0,0.0,0.0,0.0,0.0,0.0,0.0,0.0,0.0,0.0,0.0,0.0,0.0,0.0,0.0,0.0
7900,0.0,0.0,0.0,0.0,0.0,0.0,0.0,0.0,0.0,0.0,0.0,0.0,0.0,0.0,0.0,0.0,0.0,0.0,0.0,0.0,0.0,0.0,0.0,0.0,0.0,0.0,0.0,0.0,0.0,0.0,0.0,0.0,0.0,0.0,0.0,0.0,0.0,0.0,0.0,0.0,0.0,0.0,0.0,0.0,0.0,0.0,0.0,0.0,0.0,0.0,0.0,0.0,0.0,0.0,0.0,0.0,0.0,0.0,0.0,0.0,0.0,0.0,0.0,0.0
7901,0.0,0.0,0.0,0.0,0.0,0.0,0.0,0.0,0.0,0.0,0.0,0.0,0.0,0.0,0.0,0.0,0.0,0.0,0.0,0.0,0.0,0.0,0.0,0.0,0.0,0.0,0.0,0.0,0.0,0.0,0.0,0.0,0.0,0.0,0.0,0.0,0.0,0.0,0.0,0.0,0.0,0.0,0.0,0.0,0.0,0.0,0.0,0.0,0.0,0.0,0.0,0.0,0.0,0.0,0.0,0.0,0.0,0.0,0.0,0.0,0.0,0.0,0.0,0.0
7902,0.0,0.0,0.0,0.0,0.0,0.0,0.0,0.0,0.0,0.0,0.0,0.0,0.0,0.0,0.0,0.0,0.0,0.0,0.0,0.0,0.0,0.0,0.0,0.0,0.0,0.0,0.0,0.0,0.0,0.0,0.0,0.0,0.0,0.0,0.0,0.0,0.0,0.0,0.0,0.0,0.0,0.0,0.0,0.0,0.0,0.0,0.0,0.0,0.0,0.0,0.0,0.0,0.0,0.0,0.0,0.0,0.0,0.0,0.0,0.0,0.0,0.0,0.0,0.0
7903,0.0,0.0,0.0,0.0,0.0,0.0,0.0,0.0,0.0,0.0,0.0,0.0,0.0,0.0,0.0,0.0,0.0,0.0,0.0,0.0,0.0,0.0,0.0,0.0,0.0,0.0,0.0,0.0,0.0,0.0,0.0,0.0,0.0,0.0,0.0,0.0,0.0,0.0,0.0,0.0,0.0,0.0,0.0,0.0,0.0,0.0,0.0,0.0,0.0,0.0,0.0,0.0,0.0,0.0,0.0,0.0,0.0,0.0,0.0,0.0,0.0,0.0,0.0,0.0
7904,0.0,0.0,0.0,0.0,0.0,0.0,0.0,0.0,0.0,0.0,0.0,0.0,0.0,0.0,0.0,0.0,0.0,0.0,0.0,0.0,0.0,0.0,0.0,0.0,0.0,0.0,0.0,0.0,0.0,0.0,0.0,0.0,0.0,0.0,0.0,0.0,0.0,0.0,0.0,0.0,0.0,0.0,0.0,0.0,0.0,0.0,0.0,0.0,0.0,0.0,0.0,0.0,0.0,0.0,0.0,0.0,0.0,0.0,0.0,0.0,0.0,0.0,0.0,0.0
7905,0.0,0.0,0.0,0.0,0.0,0.0,0.0,0.0,0.0,0.0,0.0,0.0,0.0,0.0,0.0,0.0,0.0,0.0,0.0,0.0,0.0,0.0,0.0,0.0,0.0,0.0,0.0,0.0,0.0,0.0,0.0,0.0,0.0,0.0,0.0,0.0,0.0,0.0,0.0,0.0,0.0,0.0,0.0,0.0,0.0,0.0,0.0,0.0,0.0,0.0,0.0,0.0,0.0,0.0,0.0,0.0,0.0,0.0,0.0,0.0,0.0,0.0,0.0,0.0
7906,0.0,0.0,0.0,0.0,0.0,0.0,0.0,0.0,0.0,0.0,0.0,0.0,0.0,0.0,0.0,0.0,0.0,0.0,0.0,0.0,0.0,0.0,0.0,0.0,0.0,0.0,0.0,0.0,0.0,0.0,0.0,0.0,0.0,0.0,0.0,0.0,0.0,0.0,0.0,0.0,0.0,0.0,0.0,0.0,0.0,0.0,0.0,0.0,0.0,0.0,0.0,0.0,0.0,0.0,0.0,0.0,0.0,0.0,0.0,0.0,0.0,0.0,0.0,0.0
7907,0.0,0.0,0.0,0.0,0.0,0.0,0.0,0.0,0.0,0.0,0.0,0.0,0.0,0.0,0.0,0.0,0.0,0.0,0.0,0.0,0.0,0.0,0.0,0.0,0.0,0.0,0.0,0.0,0.0,0.0,0.0,0.0,0.0,0.0,0.0,0.0,0.0,0.0,0.0,0.0,0.0,0.0,0.0,0.0,0.0,0.0,0.0,0.0,0.0,0.0,0.0,0.0,0.0,0.0,0.0,0.0,0.0,0.0,0.0,0.0,0.0,0.0,0.0,0.0
7908,0.0,0.51,0.54,0.0,0.0,0.57,0.0,0.0,0.53,0.48,0.52,0.52,0.58,0.54,0.55,0.55,0.52,0.55,0.56,0.54,0.52,0.55,0.57,0.55,0.59,0.47,0.0,0.0,0.49,0.54,0.51,0.0,0.0,0.0,0.0,0.53,0.54,0.53,0.38,0.52,0.53,0.39,0.44,0.56,0.55,0.33,0.57,0.0,0.0,0.57,0.36,0.29,0.49,0.39,0.49,0.45,0.0,0.46,0.45,0.47,0.32,0.36,0.42,0.4
7909,0.0,0.7,0.72,0.0,0.0,0.72,0.0,0.0,0.68,0.66,0.68,0.74,0.74,0.7,0.71,0.69,0.73,0.74,0.75,0.69,0.74,0.7,0.73,0.72,0.73,0.56,0.0,0.0,0.69,0.68,0.6,0.0,0.0,0.0,0.0,0.71,0.71,0.7,0.72,0.72,0.72,0.73,0.61,0.7,0.72,0.71,0.72,0.0,0.0,0.72,0.66,0.7,0.69,0.68,0.68,0.67,0.0,0.68,0.61,0.69,0.6,0.7,0.71,0.6
7910,0.0,0.78,0.78,0.0,0.0,0.78,0.0,0.0,0.72,0.75,0.73,0.8,0.79,0.74,0.76,0.75,0.8,0.81,0.82,0.75,0.6,0.76,0.8,0.71,0.78,0.76,0.0,0.0,0.72,0.77,0.72,0.0,0.0,0.0,0.0,0.77,0.64,0.74,0.74,0.78,0.76,0.76,0.79,0.75,0.71,0.78,0.78,0.0,0.0,0.78,0.76,0.76,0.76,0.75,0.77,0.72,0.0,0.73,0.76,0.75,0.76,0.76,0.75,0.76
7911,0.0,0.8,0.8,0.0,0.0,0.79,0.0,0.0,0.72,0.77,0.74,0.59,0.8,0.76,0.76,0.77,0.81,0.8,0.74,0.76,0.49,0.79,0.8,0.76,0.79,0.79,0.0,0.0,0.64,0.79,0.77,0.0,0.0,0.0,0.0,0.71,0.79,0.73,0.8,0.78,0.77,0.8,0.8,0.78,0.77,0.81,0.79,0.0,0.0,0.79,0.78,0.78,0.74,0.77,0.78,0.71,0.0,0.76,0.77,0.67,0.79,0.78,0.76,0.78
7912,0.0,0.79,0.8,0.0,0.0,0.79,0.0,0.0,0.7,0.75,0.7,0.82,0.8,0.78,0.77,0.77,0.69,0.45,0.42,0.77,0.44,0.79,0.56,0.75,0.79,0.8,0.0,0.0,0.75,0.79,0.78,0.0,0.0,0.0,0.0,0.79,0.79,0.75,0.8,0.77,0.78,0.8,0.8,0.78,0.76,0.8,0.8,0.0,0.0,0.8,0.79,0.79,0.8,0.78,0.8,0.78,0.0,0.79,0.77,0.79,0.79,0.79,0.77,0.78
7913,0.0,0.76,0.78,0.0,0.0,0.76,0.0,0.0,0.74,0.77,0.74,0.79,0.75,0.76,0.75,0.74,0.78,0.38,0.45,0.74,0.57,0.76,0.4,0.73,0.75,0.78,0.0,0.0,0.75,0.76,0.75,0.0,0.0,0.0,0.0,0.77,0.75,0.76,0.77,0.79,0.75,0.77,0.77,0.74,0.73,0.78,0.77,0.0,0.0,0.77,0.77,0.78,0.77,0.76,0.77,0.76,0.0,0.76,0.76,0.76,0.76,0.74,0.76,0.76
7914,0.0,0.73,0.74,0.0,0.0,0.7,0.0,0.0,0.7,0.71,0.7,0.74,0.7,0.71,0.71,0.7,0.73,0.7,0.71,0.7,0.5,0.71,0.42,0.71,0.72,0.73,0.0,0.0,0.71,0.73,0.72,0.0,0.0,0.0,0.0,0.73,0.7,0.72,0.73,0.74,0.71,0.74,0.74,0.7,0.7,0.74,0.67,0.0,0.0,0.66,0.72,0.73,0.74,0.72,0.73,0.73,0.0,0.71,0.72,0.73,0.72,0.72,0.69,0.71
7915,0.0,0.62,0.59,0.0,0.0,0.63,0.0,0.0,0.59,0.55,0.59,0.61,0.56,0.59,0.59,0.59,0.6,0.45,0.45,0.59,0.32,0.58,0.35,0.59,0.59,0.49,0.0,0.0,0.62,0.62,0.57,0.0,0.0,0.0,0.0,0.62,0.59,0.61,0.63,0.62,0.61,0.63,0.62,0.59,0.6,0.63,0.62,0.0,0.0,0.62,0.62,0.63,0.61,0.62,0.61,0.61,0.0,0.61,0.62,0.61,0.62,0.62,0.62,0.62
7916,0.0,0.01,0.01,0.0,0.0,0.01,0.0,0.0,0.0,0.0,0.0,0.0,0.0,0.0,0.0,0.0,0.0,0.0,0.0,0.0,0.0,0.0,0.0,0.0,0.0,0.01,0.0,0.0,0.01,0.01,0.01,0.0,0.0,0.0,0.0,0.0,0.0,0.0,0.0,0.0,0.0,0.0,0.0,0.0,0.0,0.0,0.01,0.0,0.0,0.01,0.0,0.01,0.0,0.0,0.0,0.0,0.0,0.0,0.0,0.0,0.0,0.0,0.0,0.0
7917,0.0,0.0,0.0,0.0,0.0,0.0,0.0,0.0,0.0,0.0,0.0,0.0,0.0,0.0,0.0,0.0,0.0,0.0,0.0,0.0,0.0,0.0,0.0,0.0,0.0,0.0,0.0,0.0,0.0,0.0,0.0,0.0,0.0,0.0,0.0,0.0,0.0,0.0,0.0,0.0,0.0,0.0,0.0,0.0,0.0,0.0,0.0,0.0,0.0,0.0,0.0,0.0,0.0,0.0,0.0,0.0,0.0,0.0,0.0,0.0,0.0,0.0,0.0,0.0
7918,0.0,0.0,0.0,0.0,0.0,0.0,0.0,0.0,0.0,0.0,0.0,0.0,0.0,0.0,0.0,0.0,0.0,0.0,0.0,0.0,0.0,0.0,0.0,0.0,0.0,0.0,0.0,0.0,0.0,0.0,0.0,0.0,0.0,0.0,0.0,0.0,0.0,0.0,0.0,0.0,0.0,0.0,0.0,0.0,0.0,0.0,0.0,0.0,0.0,0.0,0.0,0.0,0.0,0.0,0.0,0.0,0.0,0.0,0.0,0.0,0.0,0.0,0.0,0.0
7919,0.0,0.0,0.0,0.0,0.0,0.0,0.0,0.0,0.0,0.0,0.0,0.0,0.0,0.0,0.0,0.0,0.0,0.0,0.0,0.0,0.0,0.0,0.0,0.0,0.0,0.0,0.0,0.0,0.0,0.0,0.0,0.0,0.0,0.0,0.0,0.0,0.0,0.0,0.0,0.0,0.0,0.0,0.0,0.0,0.0,0.0,0.0,0.0,0.0,0.0,0.0,0.0,0.0,0.0,0.0,0.0,0.0,0.0,0.0,0.0,0.0,0.0,0.0,0.0
7920,0.0,0.0,0.0,0.0,0.0,0.0,0.0,0.0,0.0,0.0,0.0,0.0,0.0,0.0,0.0,0.0,0.0,0.0,0.0,0.0,0.0,0.0,0.0,0.0,0.0,0.0,0.0,0.0,0.0,0.0,0.0,0.0,0.0,0.0,0.0,0.0,0.0,0.0,0.0,0.0,0.0,0.0,0.0,0.0,0.0,0.0,0.0,0.0,0.0,0.0,0.0,0.0,0.0,0.0,0.0,0.0,0.0,0.0,0.0,0.0,0.0,0.0,0.0,0.0
7921,0.0,0.0,0.0,0.0,0.0,0.0,0.0,0.0,0.0,0.0,0.0,0.0,0.0,0.0,0.0,0.0,0.0,0.0,0.0,0.0,0.0,0.0,0.0,0.0,0.0,0.0,0.0,0.0,0.0,0.0,0.0,0.0,0.0,0.0,0.0,0.0,0.0,0.0,0.0,0.0,0.0,0.0,0.0,0.0,0.0,0.0,0.0,0.0,0.0,0.0,0.0,0.0,0.0,0.0,0.0,0.0,0.0,0.0,0.0,0.0,0.0,0.0,0.0,0.0
7922,0.0,0.0,0.0,0.0,0.0,0.0,0.0,0.0,0.0,0.0,0.0,0.0,0.0,0.0,0.0,0.0,0.0,0.0,0.0,0.0,0.0,0.0,0.0,0.0,0.0,0.0,0.0,0.0,0.0,0.0,0.0,0.0,0.0,0.0,0.0,0.0,0.0,0.0,0.0,0.0,0.0,0.0,0.0,0.0,0.0,0.0,0.0,0.0,0.0,0.0,0.0,0.0,0.0,0.0,0.0,0.0,0.0,0.0,0.0,0.0,0.0,0.0,0.0,0.0
7923,0.0,0.0,0.0,0.0,0.0,0.0,0.0,0.0,0.0,0.0,0.0,0.0,0.0,0.0,0.0,0.0,0.0,0.0,0.0,0.0,0.0,0.0,0.0,0.0,0.0,0.0,0.0,0.0,0.0,0.0,0.0,0.0,0.0,0.0,0.0,0.0,0.0,0.0,0.0,0.0,0.0,0.0,0.0,0.0,0.0,0.0,0.0,0.0,0.0,0.0,0.0,0.0,0.0,0.0,0.0,0.0,0.0,0.0,0.0,0.0,0.0,0.0,0.0,0.0
7924,0.0,0.0,0.0,0.0,0.0,0.0,0.0,0.0,0.0,0.0,0.0,0.0,0.0,0.0,0.0,0.0,0.0,0.0,0.0,0.0,0.0,0.0,0.0,0.0,0.0,0.0,0.0,0.0,0.0,0.0,0.0,0.0,0.0,0.0,0.0,0.0,0.0,0.0,0.0,0.0,0.0,0.0,0.0,0.0,0.0,0.0,0.0,0.0,0.0,0.0,0.0,0.0,0.0,0.0,0.0,0.0,0.0,0.0,0.0,0.0,0.0,0.0,0.0,0.0
7925,0.0,0.0,0.0,0.0,0.0,0.0,0.0,0.0,0.0,0.0,0.0,0.0,0.0,0.0,0.0,0.0,0.0,0.0,0.0,0.0,0.0,0.0,0.0,0.0,0.0,0.0,0.0,0.0,0.0,0.0,0.0,0.0,0.0,0.0,0.0,0.0,0.0,0.0,0.0,0.0,0.0,0.0,0.0,0.0,0.0,0.0,0.0,0.0,0.0,0.0,0.0,0.0,0.0,0.0,0.0,0.0,0.0,0.0,0.0,0.0,0.0,0.0,0.0,0.0
7926,0.0,0.0,0.0,0.0,0.0,0.0,0.0,0.0,0.0,0.0,0.0,0.0,0.0,0.0,0.0,0.0,0.0,0.0,0.0,0.0,0.0,0.0,0.0,0.0,0.0,0.0,0.0,0.0,0.0,0.0,0.0,0.0,0.0,0.0,0.0,0.0,0.0,0.0,0.0,0.0,0.0,0.0,0.0,0.0,0.0,0.0,0.0,0.0,0.0,0.0,0.0,0.0,0.0,0.0,0.0,0.0,0.0,0.0,0.0,0.0,0.0,0.0,0.0,0.0
7927,0.0,0.0,0.0,0.0,0.0,0.0,0.0,0.0,0.0,0.0,0.0,0.0,0.0,0.0,0.0,0.0,0.0,0.0,0.0,0.0,0.0,0.0,0.0,0.0,0.0,0.0,0.0,0.0,0.0,0.0,0.0,0.0,0.0,0.0,0.0,0.0,0.0,0.0,0.0,0.0,0.0,0.0,0.0,0.0,0.0,0.0,0.0,0.0,0.0,0.0,0.0,0.0,0.0,0.0,0.0,0.0,0.0,0.0,0.0,0.0,0.0,0.0,0.0,0.0
7928,0.0,0.0,0.0,0.0,0.0,0.0,0.0,0.0,0.0,0.0,0.0,0.0,0.0,0.0,0.0,0.0,0.0,0.0,0.0,0.0,0.0,0.0,0.0,0.0,0.0,0.0,0.0,0.0,0.0,0.0,0.0,0.0,0.0,0.0,0.0,0.0,0.0,0.0,0.0,0.0,0.0,0.0,0.0,0.0,0.0,0.0,0.0,0.0,0.0,0.0,0.0,0.0,0.0,0.0,0.0,0.0,0.0,0.0,0.0,0.0,0.0,0.0,0.0,0.0
7929,0.0,0.0,0.0,0.0,0.0,0.0,0.0,0.0,0.0,0.0,0.0,0.0,0.0,0.0,0.0,0.0,0.0,0.0,0.0,0.0,0.0,0.0,0.0,0.0,0.0,0.0,0.0,0.0,0.0,0.0,0.0,0.0,0.0,0.0,0.0,0.0,0.0,0.0,0.0,0.0,0.0,0.0,0.0,0.0,0.0,0.0,0.0,0.0,0.0,0.0,0.0,0.0,0.0,0.0,0.0,0.0,0.0,0.0,0.0,0.0,0.0,0.0,0.0,0.0
7930,0.0,0.0,0.0,0.0,0.0,0.0,0.0,0.0,0.0,0.0,0.0,0.0,0.0,0.0,0.0,0.0,0.0,0.0,0.0,0.0,0.0,0.0,0.0,0.0,0.0,0.0,0.0,0.0,0.0,0.0,0.0,0.0,0.0,0.0,0.0,0.0,0.0,0.0,0.0,0.0,0.0,0.0,0.0,0.0,0.0,0.0,0.0,0.0,0.0,0.0,0.0,0.0,0.0,0.0,0.0,0.0,0.0,0.0,0.0,0.0,0.0,0.0,0.0,0.0
7931,0.0,0.0,0.0,0.0,0.0,0.0,0.0,0.0,0.0,0.0,0.0,0.0,0.0,0.0,0.0,0.0,0.0,0.0,0.0,0.0,0.0,0.0,0.0,0.0,0.0,0.0,0.0,0.0,0.0,0.0,0.0,0.0,0.0,0.0,0.0,0.0,0.0,0.0,0.0,0.0,0.0,0.0,0.0,0.0,0.0,0.0,0.0,0.0,0.0,0.0,0.0,0.0,0.0,0.0,0.0,0.0,0.0,0.0,0.0,0.0,0.0,0.0,0.0,0.0
7932,0.0,0.38,0.42,0.0,0.0,0.54,0.0,0.0,0.49,0.46,0.52,0.36,0.57,0.42,0.46,0.46,0.5,0.52,0.52,0.46,0.45,0.44,0.58,0.5,0.54,0.45,0.0,0.0,0.22,0.38,0.41,0.0,0.0,0.0,0.0,0.36,0.44,0.51,0.49,0.52,0.5,0.43,0.47,0.49,0.54,0.48,0.55,0.0,0.0,0.56,0.45,0.27,0.4,0.25,0.48,0.38,0.0,0.18,0.44,0.42,0.42,0.43,0.23,0.43
7933,0.0,0.67,0.69,0.0,0.0,0.59,0.0,0.0,0.67,0.62,0.65,0.68,0.64,0.68,0.68,0.68,0.65,0.64,0.64,0.69,0.6,0.67,0.68,0.68,0.68,0.68,0.0,0.0,0.66,0.62,0.43,0.0,0.0,0.0,0.0,0.69,0.65,0.56,0.68,0.59,0.66,0.57,0.63,0.66,0.67,0.68,0.52,0.0,0.0,0.52,0.68,0.47,0.43,0.68,0.66,0.5,0.0,0.52,0.68,0.43,0.6,0.7,0.59,0.66
7934,0.0,0.69,0.71,0.0,0.0,0.63,0.0,0.0,0.71,0.6,0.63,0.74,0.7,0.73,0.69,0.72,0.66,0.63,0.68,0.74,0.68,0.71,0.7,0.54,0.62,0.67,0.0,0.0,0.7,0.6,0.7,0.0,0.0,0.0,0.0,0.66,0.54,0.63,0.7,0.64,0.67,0.4,0.27,0.61,0.58,0.68,0.7,0.0,0.0,0.71,0.77,0.72,0.7,0.74,0.57,0.61,0.0,0.75,0.76,0.6,0.76,0.29,0.74,0.76
7935,0.0,0.36,0.37,0.0,0.0,0.42,0.0,0.0,0.74,0.73,0.74,0.67,0.73,0.74,0.75,0.7,0.72,0.74,0.73,0.68,0.76,0.75,0.68,0.53,0.73,0.7,0.0,0.0,0.46,0.42,0.56,0.0,0.0,0.0,0.0,0.53,0.75,0.75,0.68,0.75,0.78,0.74,0.33,0.72,0.57,0.74,0.5,0.0,0.0,0.54,0.55,0.59,0.63,0.57,0.75,0.53,0.0,0.48,0.59,0.7,0.49,0.66,0.58,0.53
7936,0.0,0.26,0.24,0.0,0.0,0.14,0.0,0.0,0.71,0.73,0.68,0.76,0.74,0.76,0.76,0.75,0.73,0.74,0.76,0.74,0.77,0.76,0.7,0.62,0.41,0.41,0.0,0.0,0.77,0.34,0.36,0.0,0.0,0.0,0.0,0.75,0.68,0.6,0.53,0.58,0.63,0.5,0.38,0.68,0.68,0.51,0.18,0.0,0.0,0.32,0.63,0.79,0.58,0.78,0.58,0.6,0.0,0.79,0.7,0.58,0.65,0.67,0.79,0.65
7937,0.0,0.1,0.09,0.0,0.0,0.32,0.0,0.0,0.42,0.72,0.45,0.77,0.71,0.7,0.64,0.57,0.61,0.72,0.71,0.52,0.57,0.72,0.7,0.74,0.32,0.54,0.0,0.0,0.48,0.14,0.39,0.0,0.0,0.0,0.0,0.57,0.7,0.59,0.56,0.48,0.17,0.59,0.36,0.73,0.75,0.68,0.39,0.0,0.0,0.55,0.75,0.52,0.67,0.69,0.38,0.66,0.0,0.61,0.75,0.63,0.76,0.75,0.3,0.73
7938,0.0,0.22,0.35,0.0,0.0,0.13,0.0,0.0,0.68,0.57,0.68,0.6,0.6,0.64,0.55,0.64,0.58,0.61,0.58,0.67,0.44,0.66,0.51,0.63,0.35,0.17,0.0,0.0,0.58,0.1,0.16,0.0,0.0,0.0,0.0,0.28,0.49,0.7,0.42,0.72,0.71,0.62,0.3,0.4,0.64,0.39,0.14,0.0,0.0,0.17,0.49,0.09,0.7,0.67,0.48,0.4,0.0,0.68,0.55,0.67,0.27,0.65,0.22,0.42
7939,0.0,0.1,0.11,0.0,0.0,0.38,0.0,0.0,0.12,0.2,0.52,0.5,0.45,0.5,0.5,0.5,0.51,0.4,0.41,0.5,0.32,0.5,0.42,0.56,0.21,0.11,0.0,0.0,0.16,0.1,0.11,0.0,0.0,0.0,0.0,0.14,0.14,0.35,0.22,0.38,0.26,0.23,0.21,0.25,0.43,0.23,0.32,0.0,0.0,0.14,0.04,0.15,0.37,0.05,0.47,0.51,0.0,0.26,0.04,0.49,0.04,0.03,0.14,0.04
7940,0.0,0.0,0.0,0.0,0.0,0.0,0.0,0.0,0.0,0.0,0.0,0.0,0.0,0.0,0.0,0.0,0.0,0.0,0.0,0.0,0.0,0.0,0.0,0.0,0.0,0.0,0.0,0.0,0.0,0.0,0.0,0.0,0.0,0.0,0.0,0.0,0.0,0.0,0.0,0.0,0.0,0.0,0.0,0.0,0.0,0.0,0.0,0.0,0.0,0.0,0.0,0.0,0.0,0.0,0.0,0.0,0.0,0.0,0.0,0.0,0.0,0.0,0.0,0.0
7941,0.0,0.0,0.0,0.0,0.0,0.0,0.0,0.0,0.0,0.0,0.0,0.0,0.0,0.0,0.0,0.0,0.0,0.0,0.0,0.0,0.0,0.0,0.0,0.0,0.0,0.0,0.0,0.0,0.0,0.0,0.0,0.0,0.0,0.0,0.0,0.0,0.0,0.0,0.0,0.0,0.0,0.0,0.0,0.0,0.0,0.0,0.0,0.0,0.0,0.0,0.0,0.0,0.0,0.0,0.0,0.0,0.0,0.0,0.0,0.0,0.0,0.0,0.0,0.0
7942,0.0,0.0,0.0,0.0,0.0,0.0,0.0,0.0,0.0,0.0,0.0,0.0,0.0,0.0,0.0,0.0,0.0,0.0,0.0,0.0,0.0,0.0,0.0,0.0,0.0,0.0,0.0,0.0,0.0,0.0,0.0,0.0,0.0,0.0,0.0,0.0,0.0,0.0,0.0,0.0,0.0,0.0,0.0,0.0,0.0,0.0,0.0,0.0,0.0,0.0,0.0,0.0,0.0,0.0,0.0,0.0,0.0,0.0,0.0,0.0,0.0,0.0,0.0,0.0
7943,0.0,0.0,0.0,0.0,0.0,0.0,0.0,0.0,0.0,0.0,0.0,0.0,0.0,0.0,0.0,0.0,0.0,0.0,0.0,0.0,0.0,0.0,0.0,0.0,0.0,0.0,0.0,0.0,0.0,0.0,0.0,0.0,0.0,0.0,0.0,0.0,0.0,0.0,0.0,0.0,0.0,0.0,0.0,0.0,0.0,0.0,0.0,0.0,0.0,0.0,0.0,0.0,0.0,0.0,0.0,0.0,0.0,0.0,0.0,0.0,0.0,0.0,0.0,0.0
7944,0.0,0.0,0.0,0.0,0.0,0.0,0.0,0.0,0.0,0.0,0.0,0.0,0.0,0.0,0.0,0.0,0.0,0.0,0.0,0.0,0.0,0.0,0.0,0.0,0.0,0.0,0.0,0.0,0.0,0.0,0.0,0.0,0.0,0.0,0.0,0.0,0.0,0.0,0.0,0.0,0.0,0.0,0.0,0.0,0.0,0.0,0.0,0.0,0.0,0.0,0.0,0.0,0.0,0.0,0.0,0.0,0.0,0.0,0.0,0.0,0.0,0.0,0.0,0.0
7945,0.0,0.0,0.0,0.0,0.0,0.0,0.0,0.0,0.0,0.0,0.0,0.0,0.0,0.0,0.0,0.0,0.0,0.0,0.0,0.0,0.0,0.0,0.0,0.0,0.0,0.0,0.0,0.0,0.0,0.0,0.0,0.0,0.0,0.0,0.0,0.0,0.0,0.0,0.0,0.0,0.0,0.0,0.0,0.0,0.0,0.0,0.0,0.0,0.0,0.0,0.0,0.0,0.0,0.0,0.0,0.0,0.0,0.0,0.0,0.0,0.0,0.0,0.0,0.0
7946,0.0,0.0,0.0,0.0,0.0,0.0,0.0,0.0,0.0,0.0,0.0,0.0,0.0,0.0,0.0,0.0,0.0,0.0,0.0,0.0,0.0,0.0,0.0,0.0,0.0,0.0,0.0,0.0,0.0,0.0,0.0,0.0,0.0,0.0,0.0,0.0,0.0,0.0,0.0,0.0,0.0,0.0,0.0,0.0,0.0,0.0,0.0,0.0,0.0,0.0,0.0,0.0,0.0,0.0,0.0,0.0,0.0,0.0,0.0,0.0,0.0,0.0,0.0,0.0
7947,0.0,0.0,0.0,0.0,0.0,0.0,0.0,0.0,0.0,0.0,0.0,0.0,0.0,0.0,0.0,0.0,0.0,0.0,0.0,0.0,0.0,0.0,0.0,0.0,0.0,0.0,0.0,0.0,0.0,0.0,0.0,0.0,0.0,0.0,0.0,0.0,0.0,0.0,0.0,0.0,0.0,0.0,0.0,0.0,0.0,0.0,0.0,0.0,0.0,0.0,0.0,0.0,0.0,0.0,0.0,0.0,0.0,0.0,0.0,0.0,0.0,0.0,0.0,0.0
7948,0.0,0.0,0.0,0.0,0.0,0.0,0.0,0.0,0.0,0.0,0.0,0.0,0.0,0.0,0.0,0.0,0.0,0.0,0.0,0.0,0.0,0.0,0.0,0.0,0.0,0.0,0.0,0.0,0.0,0.0,0.0,0.0,0.0,0.0,0.0,0.0,0.0,0.0,0.0,0.0,0.0,0.0,0.0,0.0,0.0,0.0,0.0,0.0,0.0,0.0,0.0,0.0,0.0,0.0,0.0,0.0,0.0,0.0,0.0,0.0,0.0,0.0,0.0,0.0
7949,0.0,0.0,0.0,0.0,0.0,0.0,0.0,0.0,0.0,0.0,0.0,0.0,0.0,0.0,0.0,0.0,0.0,0.0,0.0,0.0,0.0,0.0,0.0,0.0,0.0,0.0,0.0,0.0,0.0,0.0,0.0,0.0,0.0,0.0,0.0,0.0,0.0,0.0,0.0,0.0,0.0,0.0,0.0,0.0,0.0,0.0,0.0,0.0,0.0,0.0,0.0,0.0,0.0,0.0,0.0,0.0,0.0,0.0,0.0,0.0,0.0,0.0,0.0,0.0
7950,0.0,0.0,0.0,0.0,0.0,0.0,0.0,0.0,0.0,0.0,0.0,0.0,0.0,0.0,0.0,0.0,0.0,0.0,0.0,0.0,0.0,0.0,0.0,0.0,0.0,0.0,0.0,0.0,0.0,0.0,0.0,0.0,0.0,0.0,0.0,0.0,0.0,0.0,0.0,0.0,0.0,0.0,0.0,0.0,0.0,0.0,0.0,0.0,0.0,0.0,0.0,0.0,0.0,0.0,0.0,0.0,0.0,0.0,0.0,0.0,0.0,0.0,0.0,0.0
7951,0.0,0.0,0.0,0.0,0.0,0.0,0.0,0.0,0.0,0.0,0.0,0.0,0.0,0.0,0.0,0.0,0.0,0.0,0.0,0.0,0.0,0.0,0.0,0.0,0.0,0.0,0.0,0.0,0.0,0.0,0.0,0.0,0.0,0.0,0.0,0.0,0.0,0.0,0.0,0.0,0.0,0.0,0.0,0.0,0.0,0.0,0.0,0.0,0.0,0.0,0.0,0.0,0.0,0.0,0.0,0.0,0.0,0.0,0.0,0.0,0.0,0.0,0.0,0.0
7952,0.0,0.0,0.0,0.0,0.0,0.0,0.0,0.0,0.0,0.0,0.0,0.0,0.0,0.0,0.0,0.0,0.0,0.0,0.0,0.0,0.0,0.0,0.0,0.0,0.0,0.0,0.0,0.0,0.0,0.0,0.0,0.0,0.0,0.0,0.0,0.0,0.0,0.0,0.0,0.0,0.0,0.0,0.0,0.0,0.0,0.0,0.0,0.0,0.0,0.0,0.0,0.0,0.0,0.0,0.0,0.0,0.0,0.0,0.0,0.0,0.0,0.0,0.0,0.0
7953,0.0,0.0,0.0,0.0,0.0,0.0,0.0,0.0,0.0,0.0,0.0,0.0,0.0,0.0,0.0,0.0,0.0,0.0,0.0,0.0,0.0,0.0,0.0,0.0,0.0,0.0,0.0,0.0,0.0,0.0,0.0,0.0,0.0,0.0,0.0,0.0,0.0,0.0,0.0,0.0,0.0,0.0,0.0,0.0,0.0,0.0,0.0,0.0,0.0,0.0,0.0,0.0,0.0,0.0,0.0,0.0,0.0,0.0,0.0,0.0,0.0,0.0,0.0,0.0
7954,0.0,0.0,0.0,0.0,0.0,0.0,0.0,0.0,0.0,0.0,0.0,0.0,0.0,0.0,0.0,0.0,0.0,0.0,0.0,0.0,0.0,0.0,0.0,0.0,0.0,0.0,0.0,0.0,0.0,0.0,0.0,0.0,0.0,0.0,0.0,0.0,0.0,0.0,0.0,0.0,0.0,0.0,0.0,0.0,0.0,0.0,0.0,0.0,0.0,0.0,0.0,0.0,0.0,0.0,0.0,0.0,0.0,0.0,0.0,0.0,0.0,0.0,0.0,0.0
7955,0.0,0.0,0.0,0.0,0.0,0.0,0.0,0.0,0.0,0.0,0.0,0.0,0.0,0.0,0.0,0.0,0.0,0.0,0.0,0.0,0.0,0.0,0.0,0.0,0.0,0.0,0.0,0.0,0.0,0.0,0.0,0.0,0.0,0.0,0.0,0.0,0.0,0.0,0.0,0.0,0.0,0.0,0.0,0.0,0.0,0.0,0.0,0.0,0.0,0.0,0.0,0.0,0.0,0.0,0.0,0.0,0.0,0.0,0.0,0.0,0.0,0.0,0.0,0.0
7956,0.0,0.0,0.0,0.0,0.0,0.01,0.0,0.0,0.0,0.0,0.0,0.0,0.03,0.02,0.02,0.0,0.0,0.01,0.01,0.0,0.0,0.03,0.02,0.0,0.01,0.0,0.0,0.0,0.0,0.0,0.0,0.0,0.0,0.0,0.0,0.01,0.0,0.0,0.0,0.0,0.0,0.0,0.0,0.0,0.0,0.0,0.01,0.0,0.0,0.01,0.0,0.0,0.01,0.01,0.06,0.0,0.0,0.01,0.0,0.01,0.01,0.0,0.0,0.0
7957,0.0,0.0,0.0,0.0,0.0,0.02,0.0,0.0,0.01,0.01,0.01,0.01,0.05,0.03,0.03,0.02,0.0,0.03,0.02,0.02,0.02,0.04,0.06,0.01,0.21,0.01,0.0,0.0,0.02,0.01,0.01,0.0,0.0,0.0,0.0,0.03,0.01,0.0,0.0,0.0,0.0,0.0,0.0,0.01,0.01,0.0,0.01,0.0,0.0,0.02,0.01,0.0,0.05,0.38,0.22,0.02,0.0,0.01,0.0,0.07,0.01,0.02,0.01,0.0
7958,0.0,0.0,0.02,0.0,0.0,0.01,0.0,0.0,0.01,0.03,0.01,0.01,0.08,0.03,0.04,0.02,0.01,0.04,0.05,0.01,0.05,0.04,0.08,0.02,0.17,0.01,0.0,0.0,0.0,0.01,0.01,0.0,0.0,0.0,0.0,0.01,0.01,0.0,0.02,0.0,0.0,0.02,0.01,0.01,0.02,0.02,0.01,0.0,0.0,0.02,0.01,0.02,0.1,0.08,0.08,0.25,0.0,0.04,0.01,0.14,0.02,0.02,0.0,0.01
7959,0.0,0.01,0.01,0.0,0.0,0.02,0.0,0.0,0.02,0.04,0.02,0.01,0.11,0.02,0.03,0.04,0.01,0.05,0.06,0.02,0.06,0.03,0.1,0.02,0.18,0.0,0.0,0.0,0.01,0.01,0.0,0.0,0.0,0.0,0.0,0.01,0.01,0.0,0.02,0.0,0.0,0.02,0.0,0.0,0.02,0.02,0.02,0.0,0.0,0.02,0.02,0.03,0.04,0.01,0.16,0.16,0.0,0.13,0.02,0.12,0.06,0.02,0.01,0.04
7960,0.0,0.01,0.0,0.0,0.0,0.04,0.0,0.0,0.01,0.05,0.01,0.01,0.05,0.02,0.02,0.01,0.01,0.03,0.04,0.01,0.03,0.02,0.06,0.01,0.02,0.02,0.0,0.0,0.01,0.03,0.01,0.0,0.0,0.0,0.0,0.08,0.03,0.01,0.02,0.01,0.0,0.02,0.0,0.01,0.01,0.02,0.07,0.0,0.0,0.07,0.01,0.01,0.03,0.1,0.45,0.2,0.0,0.06,0.01,0.23,0.07,0.01,0.0,0.03
7961,0.0,0.0,0.0,0.0,0.0,0.01,0.0,0.0,0.01,0.02,0.01,0.01,0.02,0.01,0.01,0.01,0.01,0.01,0.01,0.01,0.02,0.01,0.06,0.01,0.04,0.0,0.0,0.0,0.0,0.0,0.0,0.0,0.0,0.0,0.0,0.02,0.04,0.0,0.01,0.01,0.0,0.01,0.02,0.01,0.02,0.03,0.01,0.0,0.0,0.01,0.01,0.07,0.04,0.02,0.16,0.08,0.0,0.05,0.0,0.16,0.01,0.01,0.0,0.01
7962,0.0,0.0,0.0,0.0,0.0,0.0,0.0,0.0,0.0,0.02,0.01,0.01,0.01,0.0,0.0,0.0,0.0,0.0,0.0,0.01,0.01,0.0,0.01,0.01,0.04,0.0,0.0,0.0,0.0,0.0,0.0,0.0,0.0,0.0,0.0,0.01,0.0,0.0,0.01,0.0,0.0,0.0,0.0,0.0,0.01,0.01,0.0,0.0,0.0,0.0,0.0,0.0,0.05,0.01,0.01,0.22,0.0,0.03,0.0,0.01,0.0,0.0,0.0,0.0
7963,0.0,0.0,0.0,0.0,0.0,0.0,0.0,0.0,0.0,0.0,0.0,0.0,0.0,0.0,0.0,0.0,0.0,0.0,0.0,0.0,0.0,0.0,0.0,0.0,0.01,0.0,0.0,0.0,0.0,0.0,0.0,0.0,0.0,0.0,0.0,0.0,0.0,0.0,0.0,0.0,0.0,0.0,0.0,0.0,0.0,0.0,0.0,0.0,0.0,0.0,0.0,0.0,0.0,0.0,0.0,0.0,0.0,0.0,0.0,0.0,0.0,0.0,0.0,0.0
7964,0.0,0.0,0.0,0.0,0.0,0.0,0.0,0.0,0.0,0.0,0.0,0.0,0.0,0.0,0.0,0.0,0.0,0.0,0.0,0.0,0.0,0.0,0.0,0.0,0.0,0.0,0.0,0.0,0.0,0.0,0.0,0.0,0.0,0.0,0.0,0.0,0.0,0.0,0.0,0.0,0.0,0.0,0.0,0.0,0.0,0.0,0.0,0.0,0.0,0.0,0.0,0.0,0.0,0.0,0.0,0.0,0.0,0.0,0.0,0.0,0.0,0.0,0.0,0.0
7965,0.0,0.0,0.0,0.0,0.0,0.0,0.0,0.0,0.0,0.0,0.0,0.0,0.0,0.0,0.0,0.0,0.0,0.0,0.0,0.0,0.0,0.0,0.0,0.0,0.0,0.0,0.0,0.0,0.0,0.0,0.0,0.0,0.0,0.0,0.0,0.0,0.0,0.0,0.0,0.0,0.0,0.0,0.0,0.0,0.0,0.0,0.0,0.0,0.0,0.0,0.0,0.0,0.0,0.0,0.0,0.0,0.0,0.0,0.0,0.0,0.0,0.0,0.0,0.0
7966,0.0,0.0,0.0,0.0,0.0,0.0,0.0,0.0,0.0,0.0,0.0,0.0,0.0,0.0,0.0,0.0,0.0,0.0,0.0,0.0,0.0,0.0,0.0,0.0,0.0,0.0,0.0,0.0,0.0,0.0,0.0,0.0,0.0,0.0,0.0,0.0,0.0,0.0,0.0,0.0,0.0,0.0,0.0,0.0,0.0,0.0,0.0,0.0,0.0,0.0,0.0,0.0,0.0,0.0,0.0,0.0,0.0,0.0,0.0,0.0,0.0,0.0,0.0,0.0
7967,0.0,0.0,0.0,0.0,0.0,0.0,0.0,0.0,0.0,0.0,0.0,0.0,0.0,0.0,0.0,0.0,0.0,0.0,0.0,0.0,0.0,0.0,0.0,0.0,0.0,0.0,0.0,0.0,0.0,0.0,0.0,0.0,0.0,0.0,0.0,0.0,0.0,0.0,0.0,0.0,0.0,0.0,0.0,0.0,0.0,0.0,0.0,0.0,0.0,0.0,0.0,0.0,0.0,0.0,0.0,0.0,0.0,0.0,0.0,0.0,0.0,0.0,0.0,0.0
7968,0.0,0.0,0.0,0.0,0.0,0.0,0.0,0.0,0.0,0.0,0.0,0.0,0.0,0.0,0.0,0.0,0.0,0.0,0.0,0.0,0.0,0.0,0.0,0.0,0.0,0.0,0.0,0.0,0.0,0.0,0.0,0.0,0.0,0.0,0.0,0.0,0.0,0.0,0.0,0.0,0.0,0.0,0.0,0.0,0.0,0.0,0.0,0.0,0.0,0.0,0.0,0.0,0.0,0.0,0.0,0.0,0.0,0.0,0.0,0.0,0.0,0.0,0.0,0.0
7969,0.0,0.0,0.0,0.0,0.0,0.0,0.0,0.0,0.0,0.0,0.0,0.0,0.0,0.0,0.0,0.0,0.0,0.0,0.0,0.0,0.0,0.0,0.0,0.0,0.0,0.0,0.0,0.0,0.0,0.0,0.0,0.0,0.0,0.0,0.0,0.0,0.0,0.0,0.0,0.0,0.0,0.0,0.0,0.0,0.0,0.0,0.0,0.0,0.0,0.0,0.0,0.0,0.0,0.0,0.0,0.0,0.0,0.0,0.0,0.0,0.0,0.0,0.0,0.0
7970,0.0,0.0,0.0,0.0,0.0,0.0,0.0,0.0,0.0,0.0,0.0,0.0,0.0,0.0,0.0,0.0,0.0,0.0,0.0,0.0,0.0,0.0,0.0,0.0,0.0,0.0,0.0,0.0,0.0,0.0,0.0,0.0,0.0,0.0,0.0,0.0,0.0,0.0,0.0,0.0,0.0,0.0,0.0,0.0,0.0,0.0,0.0,0.0,0.0,0.0,0.0,0.0,0.0,0.0,0.0,0.0,0.0,0.0,0.0,0.0,0.0,0.0,0.0,0.0
7971,0.0,0.0,0.0,0.0,0.0,0.0,0.0,0.0,0.0,0.0,0.0,0.0,0.0,0.0,0.0,0.0,0.0,0.0,0.0,0.0,0.0,0.0,0.0,0.0,0.0,0.0,0.0,0.0,0.0,0.0,0.0,0.0,0.0,0.0,0.0,0.0,0.0,0.0,0.0,0.0,0.0,0.0,0.0,0.0,0.0,0.0,0.0,0.0,0.0,0.0,0.0,0.0,0.0,0.0,0.0,0.0,0.0,0.0,0.0,0.0,0.0,0.0,0.0,0.0
7972,0.0,0.0,0.0,0.0,0.0,0.0,0.0,0.0,0.0,0.0,0.0,0.0,0.0,0.0,0.0,0.0,0.0,0.0,0.0,0.0,0.0,0.0,0.0,0.0,0.0,0.0,0.0,0.0,0.0,0.0,0.0,0.0,0.0,0.0,0.0,0.0,0.0,0.0,0.0,0.0,0.0,0.0,0.0,0.0,0.0,0.0,0.0,0.0,0.0,0.0,0.0,0.0,0.0,0.0,0.0,0.0,0.0,0.0,0.0,0.0,0.0,0.0,0.0,0.0
7973,0.0,0.0,0.0,0.0,0.0,0.0,0.0,0.0,0.0,0.0,0.0,0.0,0.0,0.0,0.0,0.0,0.0,0.0,0.0,0.0,0.0,0.0,0.0,0.0,0.0,0.0,0.0,0.0,0.0,0.0,0.0,0.0,0.0,0.0,0.0,0.0,0.0,0.0,0.0,0.0,0.0,0.0,0.0,0.0,0.0,0.0,0.0,0.0,0.0,0.0,0.0,0.0,0.0,0.0,0.0,0.0,0.0,0.0,0.0,0.0,0.0,0.0,0.0,0.0
7974,0.0,0.0,0.0,0.0,0.0,0.0,0.0,0.0,0.0,0.0,0.0,0.0,0.0,0.0,0.0,0.0,0.0,0.0,0.0,0.0,0.0,0.0,0.0,0.0,0.0,0.0,0.0,0.0,0.0,0.0,0.0,0.0,0.0,0.0,0.0,0.0,0.0,0.0,0.0,0.0,0.0,0.0,0.0,0.0,0.0,0.0,0.0,0.0,0.0,0.0,0.0,0.0,0.0,0.0,0.0,0.0,0.0,0.0,0.0,0.0,0.0,0.0,0.0,0.0
7975,0.0,0.0,0.0,0.0,0.0,0.0,0.0,0.0,0.0,0.0,0.0,0.0,0.0,0.0,0.0,0.0,0.0,0.0,0.0,0.0,0.0,0.0,0.0,0.0,0.0,0.0,0.0,0.0,0.0,0.0,0.0,0.0,0.0,0.0,0.0,0.0,0.0,0.0,0.0,0.0,0.0,0.0,0.0,0.0,0.0,0.0,0.0,0.0,0.0,0.0,0.0,0.0,0.0,0.0,0.0,0.0,0.0,0.0,0.0,0.0,0.0,0.0,0.0,0.0
7976,0.0,0.0,0.0,0.0,0.0,0.0,0.0,0.0,0.0,0.0,0.0,0.0,0.0,0.0,0.0,0.0,0.0,0.0,0.0,0.0,0.0,0.0,0.0,0.0,0.0,0.0,0.0,0.0,0.0,0.0,0.0,0.0,0.0,0.0,0.0,0.0,0.0,0.0,0.0,0.0,0.0,0.0,0.0,0.0,0.0,0.0,0.0,0.0,0.0,0.0,0.0,0.0,0.0,0.0,0.0,0.0,0.0,0.0,0.0,0.0,0.0,0.0,0.0,0.0
7977,0.0,0.0,0.0,0.0,0.0,0.0,0.0,0.0,0.0,0.0,0.0,0.0,0.0,0.0,0.0,0.0,0.0,0.0,0.0,0.0,0.0,0.0,0.0,0.0,0.0,0.0,0.0,0.0,0.0,0.0,0.0,0.0,0.0,0.0,0.0,0.0,0.0,0.0,0.0,0.0,0.0,0.0,0.0,0.0,0.0,0.0,0.0,0.0,0.0,0.0,0.0,0.0,0.0,0.0,0.0,0.0,0.0,0.0,0.0,0.0,0.0,0.0,0.0,0.0
7978,0.0,0.0,0.0,0.0,0.0,0.0,0.0,0.0,0.0,0.0,0.0,0.0,0.0,0.0,0.0,0.0,0.0,0.0,0.0,0.0,0.0,0.0,0.0,0.0,0.0,0.0,0.0,0.0,0.0,0.0,0.0,0.0,0.0,0.0,0.0,0.0,0.0,0.0,0.0,0.0,0.0,0.0,0.0,0.0,0.0,0.0,0.0,0.0,0.0,0.0,0.0,0.0,0.0,0.0,0.0,0.0,0.0,0.0,0.0,0.0,0.0,0.0,0.0,0.0
7979,0.0,0.0,0.0,0.0,0.0,0.0,0.0,0.0,0.0,0.0,0.0,0.0,0.0,0.0,0.0,0.0,0.0,0.0,0.0,0.0,0.0,0.0,0.0,0.0,0.0,0.0,0.0,0.0,0.0,0.0,0.0,0.0,0.0,0.0,0.0,0.0,0.0,0.0,0.0,0.0,0.0,0.0,0.0,0.0,0.0,0.0,0.0,0.0,0.0,0.0,0.0,0.0,0.0,0.0,0.0,0.0,0.0,0.0,0.0,0.0,0.0,0.0,0.0,0.0
7980,0.0,0.48,0.48,0.0,0.0,0.48,0.0,0.0,0.47,0.02,0.46,0.13,0.21,0.48,0.47,0.46,0.47,0.49,0.48,0.46,0.02,0.44,0.47,0.48,0.5,0.04,0.0,0.0,0.47,0.48,0.47,0.0,0.0,0.0,0.0,0.48,0.48,0.48,0.47,0.48,0.48,0.48,0.47,0.48,0.48,0.48,0.48,0.0,0.0,0.49,0.43,0.45,0.43,0.39,0.03,0.35,0.0,0.39,0.43,0.39,0.43,0.42,0.48,0.43
7981,0.0,0.7,0.7,0.0,0.0,0.68,0.0,0.0,0.68,0.69,0.67,0.71,0.67,0.67,0.67,0.66,0.7,0.7,0.52,0.68,0.24,0.68,0.68,0.68,0.68,0.7,0.0,0.0,0.7,0.7,0.7,0.0,0.0,0.0,0.0,0.69,0.69,0.71,0.7,0.71,0.71,0.7,0.69,0.69,0.68,0.7,0.68,0.0,0.0,0.68,0.69,0.69,0.68,0.66,0.19,0.64,0.0,0.65,0.68,0.66,0.67,0.68,0.7,0.68
7982,0.0,0.78,0.78,0.0,0.0,0.76,0.0,0.0,0.76,0.78,0.76,0.8,0.76,0.76,0.76,0.76,0.79,0.79,0.8,0.76,0.79,0.76,0.76,0.76,0.75,0.78,0.0,0.0,0.78,0.78,0.78,0.0,0.0,0.0,0.0,0.77,0.77,0.8,0.78,0.8,0.8,0.78,0.77,0.77,0.77,0.78,0.76,0.0,0.0,0.76,0.77,0.77,0.77,0.74,0.78,0.74,0.0,0.75,0.77,0.75,0.75,0.76,0.79,0.76
7983,0.0,0.79,0.79,0.0,0.0,0.78,0.0,0.0,0.78,0.81,0.79,0.82,0.79,0.79,0.8,0.79,0.81,0.81,0.83,0.78,0.82,0.79,0.79,0.8,0.79,0.81,0.0,0.0,0.8,0.8,0.8,0.0,0.0,0.0,0.0,0.8,0.79,0.82,0.8,0.82,0.82,0.8,0.79,0.79,0.8,0.8,0.78,0.0,0.0,0.79,0.8,0.8,0.8,0.79,0.8,0.76,0.0,0.79,0.8,0.79,0.79,0.8,0.81,0.8
7984,0.0,0.79,0.78,0.0,0.0,0.78,0.0,0.0,0.78,0.81,0.79,0.82,0.78,0.79,0.79,0.78,0.81,0.8,0.82,0.78,0.81,0.79,0.78,0.79,0.78,0.8,0.0,0.0,0.8,0.79,0.79,0.0,0.0,0.0,0.0,0.79,0.79,0.82,0.8,0.82,0.82,0.8,0.79,0.79,0.8,0.8,0.78,0.0,0.0,0.78,0.8,0.8,0.8,0.79,0.8,0.77,0.0,0.79,0.8,0.79,0.8,0.81,0.81,0.8
7985,0.0,0.78,0.78,0.0,0.0,0.77,0.0,0.0,0.77,0.79,0.76,0.8,0.76,0.77,0.77,0.76,0.79,0.78,0.8,0.75,0.79,0.77,0.76,0.78,0.76,0.79,0.0,0.0,0.78,0.78,0.78,0.0,0.0,0.0,0.0,0.78,0.78,0.8,0.79,0.8,0.8,0.79,0.77,0.78,0.78,0.79,0.77,0.0,0.0,0.77,0.79,0.79,0.79,0.78,0.79,0.77,0.0,0.78,0.79,0.78,0.79,0.79,0.79,0.79
7986,0.0,0.73,0.73,0.0,0.0,0.72,0.0,0.0,0.7,0.71,0.7,0.74,0.69,0.7,0.7,0.69,0.73,0.71,0.72,0.69,0.72,0.7,0.69,0.72,0.7,0.74,0.0,0.0,0.73,0.73,0.73,0.0,0.0,0.0,0.0,0.72,0.72,0.73,0.74,0.74,0.74,0.73,0.72,0.72,0.72,0.74,0.72,0.0,0.0,0.72,0.74,0.74,0.74,0.73,0.74,0.71,0.0,0.73,0.73,0.73,0.74,0.73,0.74,0.74
7987,0.0,0.62,0.63,0.0,0.0,0.61,0.0,0.0,0.58,0.58,0.58,0.6,0.56,0.57,0.57,0.57,0.6,0.57,0.58,0.57,0.58,0.57,0.56,0.6,0.59,0.63,0.0,0.0,0.62,0.63,0.63,0.0,0.0,0.0,0.0,0.62,0.6,0.6,0.62,0.61,0.62,0.62,0.61,0.6,0.6,0.62,0.61,0.0,0.0,0.61,0.62,0.63,0.61,0.61,0.61,0.6,0.0,0.61,0.62,0.61,0.63,0.62,0.63,0.62
7988,0.0,0.04,0.23,0.0,0.0,0.01,0.0,0.0,0.0,0.0,0.0,0.0,0.0,0.0,0.0,0.0,0.0,0.0,0.0,0.0,0.0,0.0,0.0,0.0,0.0,0.03,0.0,0.0,0.01,0.03,0.03,0.0,0.0,0.0,0.0,0.01,0.0,0.0,0.0,0.0,0.0,0.0,0.0,0.0,0.0,0.0,0.01,0.0,0.0,0.01,0.0,0.01,0.0,0.0,0.0,0.0,0.0,0.0,0.0,0.0,0.0,0.0,0.01,0.0
7989,0.0,0.0,0.0,0.0,0.0,0.0,0.0,0.0,0.0,0.0,0.0,0.0,0.0,0.0,0.0,0.0,0.0,0.0,0.0,0.0,0.0,0.0,0.0,0.0,0.0,0.0,0.0,0.0,0.0,0.0,0.0,0.0,0.0,0.0,0.0,0.0,0.0,0.0,0.0,0.0,0.0,0.0,0.0,0.0,0.0,0.0,0.0,0.0,0.0,0.0,0.0,0.0,0.0,0.0,0.0,0.0,0.0,0.0,0.0,0.0,0.0,0.0,0.0,0.0
7990,0.0,0.0,0.0,0.0,0.0,0.0,0.0,0.0,0.0,0.0,0.0,0.0,0.0,0.0,0.0,0.0,0.0,0.0,0.0,0.0,0.0,0.0,0.0,0.0,0.0,0.0,0.0,0.0,0.0,0.0,0.0,0.0,0.0,0.0,0.0,0.0,0.0,0.0,0.0,0.0,0.0,0.0,0.0,0.0,0.0,0.0,0.0,0.0,0.0,0.0,0.0,0.0,0.0,0.0,0.0,0.0,0.0,0.0,0.0,0.0,0.0,0.0,0.0,0.0
7991,0.0,0.0,0.0,0.0,0.0,0.0,0.0,0.0,0.0,0.0,0.0,0.0,0.0,0.0,0.0,0.0,0.0,0.0,0.0,0.0,0.0,0.0,0.0,0.0,0.0,0.0,0.0,0.0,0.0,0.0,0.0,0.0,0.0,0.0,0.0,0.0,0.0,0.0,0.0,0.0,0.0,0.0,0.0,0.0,0.0,0.0,0.0,0.0,0.0,0.0,0.0,0.0,0.0,0.0,0.0,0.0,0.0,0.0,0.0,0.0,0.0,0.0,0.0,0.0
7992,0.0,0.0,0.0,0.0,0.0,0.0,0.0,0.0,0.0,0.0,0.0,0.0,0.0,0.0,0.0,0.0,0.0,0.0,0.0,0.0,0.0,0.0,0.0,0.0,0.0,0.0,0.0,0.0,0.0,0.0,0.0,0.0,0.0,0.0,0.0,0.0,0.0,0.0,0.0,0.0,0.0,0.0,0.0,0.0,0.0,0.0,0.0,0.0,0.0,0.0,0.0,0.0,0.0,0.0,0.0,0.0,0.0,0.0,0.0,0.0,0.0,0.0,0.0,0.0
7993,0.0,0.0,0.0,0.0,0.0,0.0,0.0,0.0,0.0,0.0,0.0,0.0,0.0,0.0,0.0,0.0,0.0,0.0,0.0,0.0,0.0,0.0,0.0,0.0,0.0,0.0,0.0,0.0,0.0,0.0,0.0,0.0,0.0,0.0,0.0,0.0,0.0,0.0,0.0,0.0,0.0,0.0,0.0,0.0,0.0,0.0,0.0,0.0,0.0,0.0,0.0,0.0,0.0,0.0,0.0,0.0,0.0,0.0,0.0,0.0,0.0,0.0,0.0,0.0
7994,0.0,0.0,0.0,0.0,0.0,0.0,0.0,0.0,0.0,0.0,0.0,0.0,0.0,0.0,0.0,0.0,0.0,0.0,0.0,0.0,0.0,0.0,0.0,0.0,0.0,0.0,0.0,0.0,0.0,0.0,0.0,0.0,0.0,0.0,0.0,0.0,0.0,0.0,0.0,0.0,0.0,0.0,0.0,0.0,0.0,0.0,0.0,0.0,0.0,0.0,0.0,0.0,0.0,0.0,0.0,0.0,0.0,0.0,0.0,0.0,0.0,0.0,0.0,0.0
7995,0.0,0.0,0.0,0.0,0.0,0.0,0.0,0.0,0.0,0.0,0.0,0.0,0.0,0.0,0.0,0.0,0.0,0.0,0.0,0.0,0.0,0.0,0.0,0.0,0.0,0.0,0.0,0.0,0.0,0.0,0.0,0.0,0.0,0.0,0.0,0.0,0.0,0.0,0.0,0.0,0.0,0.0,0.0,0.0,0.0,0.0,0.0,0.0,0.0,0.0,0.0,0.0,0.0,0.0,0.0,0.0,0.0,0.0,0.0,0.0,0.0,0.0,0.0,0.0
7996,0.0,0.0,0.0,0.0,0.0,0.0,0.0,0.0,0.0,0.0,0.0,0.0,0.0,0.0,0.0,0.0,0.0,0.0,0.0,0.0,0.0,0.0,0.0,0.0,0.0,0.0,0.0,0.0,0.0,0.0,0.0,0.0,0.0,0.0,0.0,0.0,0.0,0.0,0.0,0.0,0.0,0.0,0.0,0.0,0.0,0.0,0.0,0.0,0.0,0.0,0.0,0.0,0.0,0.0,0.0,0.0,0.0,0.0,0.0,0.0,0.0,0.0,0.0,0.0
7997,0.0,0.0,0.0,0.0,0.0,0.0,0.0,0.0,0.0,0.0,0.0,0.0,0.0,0.0,0.0,0.0,0.0,0.0,0.0,0.0,0.0,0.0,0.0,0.0,0.0,0.0,0.0,0.0,0.0,0.0,0.0,0.0,0.0,0.0,0.0,0.0,0.0,0.0,0.0,0.0,0.0,0.0,0.0,0.0,0.0,0.0,0.0,0.0,0.0,0.0,0.0,0.0,0.0,0.0,0.0,0.0,0.0,0.0,0.0,0.0,0.0,0.0,0.0,0.0
7998,0.0,0.0,0.0,0.0,0.0,0.0,0.0,0.0,0.0,0.0,0.0,0.0,0.0,0.0,0.0,0.0,0.0,0.0,0.0,0.0,0.0,0.0,0.0,0.0,0.0,0.0,0.0,0.0,0.0,0.0,0.0,0.0,0.0,0.0,0.0,0.0,0.0,0.0,0.0,0.0,0.0,0.0,0.0,0.0,0.0,0.0,0.0,0.0,0.0,0.0,0.0,0.0,0.0,0.0,0.0,0.0,0.0,0.0,0.0,0.0,0.0,0.0,0.0,0.0
7999,0.0,0.0,0.0,0.0,0.0,0.0,0.0,0.0,0.0,0.0,0.0,0.0,0.0,0.0,0.0,0.0,0.0,0.0,0.0,0.0,0.0,0.0,0.0,0.0,0.0,0.0,0.0,0.0,0.0,0.0,0.0,0.0,0.0,0.0,0.0,0.0,0.0,0.0,0.0,0.0,0.0,0.0,0.0,0.0,0.0,0.0,0.0,0.0,0.0,0.0,0.0,0.0,0.0,0.0,0.0,0.0,0.0,0.0,0.0,0.0,0.0,0.0,0.0,0.0
8000,0.0,0.0,0.0,0.0,0.0,0.0,0.0,0.0,0.0,0.0,0.0,0.0,0.0,0.0,0.0,0.0,0.0,0.0,0.0,0.0,0.0,0.0,0.0,0.0,0.0,0.0,0.0,0.0,0.0,0.0,0.0,0.0,0.0,0.0,0.0,0.0,0.0,0.0,0.0,0.0,0.0,0.0,0.0,0.0,0.0,0.0,0.0,0.0,0.0,0.0,0.0,0.0,0.0,0.0,0.0,0.0,0.0,0.0,0.0,0.0,0.0,0.0,0.0,0.0
8001,0.0,0.0,0.0,0.0,0.0,0.0,0.0,0.0,0.0,0.0,0.0,0.0,0.0,0.0,0.0,0.0,0.0,0.0,0.0,0.0,0.0,0.0,0.0,0.0,0.0,0.0,0.0,0.0,0.0,0.0,0.0,0.0,0.0,0.0,0.0,0.0,0.0,0.0,0.0,0.0,0.0,0.0,0.0,0.0,0.0,0.0,0.0,0.0,0.0,0.0,0.0,0.0,0.0,0.0,0.0,0.0,0.0,0.0,0.0,0.0,0.0,0.0,0.0,0.0
8002,0.0,0.0,0.0,0.0,0.0,0.0,0.0,0.0,0.0,0.0,0.0,0.0,0.0,0.0,0.0,0.0,0.0,0.0,0.0,0.0,0.0,0.0,0.0,0.0,0.0,0.0,0.0,0.0,0.0,0.0,0.0,0.0,0.0,0.0,0.0,0.0,0.0,0.0,0.0,0.0,0.0,0.0,0.0,0.0,0.0,0.0,0.0,0.0,0.0,0.0,0.0,0.0,0.0,0.0,0.0,0.0,0.0,0.0,0.0,0.0,0.0,0.0,0.0,0.0
8003,0.0,0.0,0.0,0.0,0.0,0.0,0.0,0.0,0.0,0.0,0.0,0.0,0.0,0.0,0.0,0.0,0.0,0.0,0.0,0.0,0.0,0.0,0.0,0.0,0.0,0.0,0.0,0.0,0.0,0.0,0.0,0.0,0.0,0.0,0.0,0.0,0.0,0.0,0.0,0.0,0.0,0.0,0.0,0.0,0.0,0.0,0.0,0.0,0.0,0.0,0.0,0.0,0.0,0.0,0.0,0.0,0.0,0.0,0.0,0.0,0.0,0.0,0.0,0.0
8004,0.0,0.46,0.06,0.0,0.0,0.49,0.0,0.0,0.3,0.42,0.31,0.44,0.36,0.23,0.04,0.01,0.32,0.44,0.37,0.03,0.39,0.26,0.39,0.27,0.5,0.01,0.0,0.0,0.44,0.19,0.06,0.0,0.0,0.0,0.0,0.46,0.43,0.34,0.45,0.37,0.44,0.45,0.44,0.23,0.2,0.45,0.49,0.0,0.0,0.49,0.02,0.1,0.03,0.0,0.1,0.01,0.0,0.01,0.4,0.02,0.34,0.01,0.44,0.41
8005,0.0,0.68,0.25,0.0,0.0,0.68,0.0,0.0,0.57,0.68,0.56,0.65,0.58,0.51,0.5,0.2,0.65,0.66,0.67,0.25,0.66,0.51,0.49,0.58,0.68,0.07,0.0,0.0,0.67,0.69,0.68,0.0,0.0,0.0,0.0,0.66,0.62,0.59,0.67,0.61,0.67,0.67,0.67,0.6,0.57,0.67,0.68,0.0,0.0,0.68,0.08,0.65,0.04,0.02,0.04,0.21,0.0,0.02,0.35,0.12,0.66,0.06,0.68,0.65
8006,0.0,0.77,0.77,0.0,0.0,0.75,0.0,0.0,0.67,0.77,0.67,0.72,0.7,0.62,0.38,0.6,0.69,0.75,0.75,0.66,0.76,0.64,0.69,0.39,0.74,0.12,0.0,0.0,0.76,0.77,0.77,0.0,0.0,0.0,0.0,0.74,0.72,0.75,0.75,0.75,0.76,0.75,0.75,0.7,0.68,0.76,0.75,0.0,0.0,0.75,0.16,0.08,0.08,0.06,0.76,0.74,0.0,0.1,0.26,0.76,0.76,0.08,0.76,0.64
8007,0.0,0.82,0.81,0.0,0.0,0.78,0.0,0.0,0.73,0.8,0.73,0.77,0.7,0.64,0.69,0.66,0.34,0.78,0.77,0.68,0.79,0.65,0.74,0.75,0.78,0.33,0.0,0.0,0.79,0.82,0.8,0.0,0.0,0.0,0.0,0.76,0.76,0.79,0.78,0.73,0.8,0.79,0.79,0.76,0.74,0.77,0.78,0.0,0.0,0.78,0.47,0.41,0.81,0.14,0.8,0.38,0.0,0.81,0.51,0.8,0.81,0.23,0.54,0.81
8008,0.0,0.82,0.82,0.0,0.0,0.79,0.0,0.0,0.77,0.81,0.78,0.8,0.7,0.7,0.66,0.68,0.19,0.79,0.79,0.72,0.79,0.7,0.73,0.76,0.78,0.82,0.0,0.0,0.78,0.82,0.81,0.0,0.0,0.0,0.0,0.78,0.79,0.81,0.79,0.8,0.47,0.8,0.81,0.75,0.78,0.81,0.79,0.0,0.0,0.79,0.83,0.82,0.82,0.42,0.81,0.54,0.0,0.3,0.82,0.81,0.82,0.41,0.52,0.82
8009,0.0,0.79,0.8,0.0,0.0,0.76,0.0,0.0,0.73,0.78,0.76,0.78,0.7,0.64,0.59,0.52,0.78,0.76,0.76,0.7,0.77,0.66,0.74,0.76,0.75,0.8,0.0,0.0,0.78,0.79,0.79,0.0,0.0,0.0,0.0,0.76,0.77,0.79,0.79,0.78,0.8,0.79,0.79,0.76,0.77,0.79,0.76,0.0,0.0,0.76,0.8,0.79,0.8,0.42,0.79,0.78,0.0,0.29,0.8,0.79,0.8,0.8,0.8,0.8
8010,0.0,0.74,0.75,0.0,0.0,0.71,0.0,0.0,0.69,0.7,0.7,0.72,0.64,0.58,0.66,0.57,0.72,0.69,0.7,0.67,0.7,0.57,0.66,0.71,0.7,0.74,0.0,0.0,0.73,0.74,0.74,0.0,0.0,0.0,0.0,0.72,0.72,0.73,0.74,0.73,0.74,0.74,0.74,0.71,0.72,0.74,0.71,0.0,0.0,0.71,0.75,0.74,0.74,0.45,0.74,0.72,0.0,0.27,0.75,0.73,0.74,0.75,0.74,0.74
8011,0.0,0.66,0.67,0.0,0.0,0.64,0.0,0.0,0.6,0.58,0.61,0.62,0.55,0.57,0.53,0.58,0.62,0.56,0.57,0.58,0.57,0.57,0.55,0.62,0.62,0.66,0.0,0.0,0.65,0.66,0.66,0.0,0.0,0.0,0.0,0.64,0.63,0.63,0.65,0.63,0.64,0.65,0.64,0.63,0.62,0.65,0.63,0.0,0.0,0.63,0.66,0.66,0.64,0.65,0.34,0.62,0.0,0.47,0.65,0.33,0.66,0.66,0.66,0.65
8012,0.0,0.07,0.37,0.0,0.0,0.01,0.0,0.0,0.0,0.0,0.0,0.0,0.0,0.0,0.0,0.0,0.0,0.0,0.0,0.0,0.0,0.0,0.0,0.0,0.0,0.06,0.0,0.0,0.01,0.06,0.05,0.0,0.0,0.0,0.0,0.01,0.0,0.0,0.01,0.0,0.0,0.01,0.01,0.0,0.0,0.01,0.01,0.0,0.0,0.01,0.01,0.01,0.0,0.01,0.0,0.0,0.0,0.0,0.01,0.0,0.01,0.01,0.01,0.01
8013,0.0,0.0,0.0,0.0,0.0,0.0,0.0,0.0,0.0,0.0,0.0,0.0,0.0,0.0,0.0,0.0,0.0,0.0,0.0,0.0,0.0,0.0,0.0,0.0,0.0,0.0,0.0,0.0,0.0,0.0,0.0,0.0,0.0,0.0,0.0,0.0,0.0,0.0,0.0,0.0,0.0,0.0,0.0,0.0,0.0,0.0,0.0,0.0,0.0,0.0,0.0,0.0,0.0,0.0,0.0,0.0,0.0,0.0,0.0,0.0,0.0,0.0,0.0,0.0
8014,0.0,0.0,0.0,0.0,0.0,0.0,0.0,0.0,0.0,0.0,0.0,0.0,0.0,0.0,0.0,0.0,0.0,0.0,0.0,0.0,0.0,0.0,0.0,0.0,0.0,0.0,0.0,0.0,0.0,0.0,0.0,0.0,0.0,0.0,0.0,0.0,0.0,0.0,0.0,0.0,0.0,0.0,0.0,0.0,0.0,0.0,0.0,0.0,0.0,0.0,0.0,0.0,0.0,0.0,0.0,0.0,0.0,0.0,0.0,0.0,0.0,0.0,0.0,0.0
8015,0.0,0.0,0.0,0.0,0.0,0.0,0.0,0.0,0.0,0.0,0.0,0.0,0.0,0.0,0.0,0.0,0.0,0.0,0.0,0.0,0.0,0.0,0.0,0.0,0.0,0.0,0.0,0.0,0.0,0.0,0.0,0.0,0.0,0.0,0.0,0.0,0.0,0.0,0.0,0.0,0.0,0.0,0.0,0.0,0.0,0.0,0.0,0.0,0.0,0.0,0.0,0.0,0.0,0.0,0.0,0.0,0.0,0.0,0.0,0.0,0.0,0.0,0.0,0.0
8016,0.0,0.0,0.0,0.0,0.0,0.0,0.0,0.0,0.0,0.0,0.0,0.0,0.0,0.0,0.0,0.0,0.0,0.0,0.0,0.0,0.0,0.0,0.0,0.0,0.0,0.0,0.0,0.0,0.0,0.0,0.0,0.0,0.0,0.0,0.0,0.0,0.0,0.0,0.0,0.0,0.0,0.0,0.0,0.0,0.0,0.0,0.0,0.0,0.0,0.0,0.0,0.0,0.0,0.0,0.0,0.0,0.0,0.0,0.0,0.0,0.0,0.0,0.0,0.0
8017,0.0,0.0,0.0,0.0,0.0,0.0,0.0,0.0,0.0,0.0,0.0,0.0,0.0,0.0,0.0,0.0,0.0,0.0,0.0,0.0,0.0,0.0,0.0,0.0,0.0,0.0,0.0,0.0,0.0,0.0,0.0,0.0,0.0,0.0,0.0,0.0,0.0,0.0,0.0,0.0,0.0,0.0,0.0,0.0,0.0,0.0,0.0,0.0,0.0,0.0,0.0,0.0,0.0,0.0,0.0,0.0,0.0,0.0,0.0,0.0,0.0,0.0,0.0,0.0
8018,0.0,0.0,0.0,0.0,0.0,0.0,0.0,0.0,0.0,0.0,0.0,0.0,0.0,0.0,0.0,0.0,0.0,0.0,0.0,0.0,0.0,0.0,0.0,0.0,0.0,0.0,0.0,0.0,0.0,0.0,0.0,0.0,0.0,0.0,0.0,0.0,0.0,0.0,0.0,0.0,0.0,0.0,0.0,0.0,0.0,0.0,0.0,0.0,0.0,0.0,0.0,0.0,0.0,0.0,0.0,0.0,0.0,0.0,0.0,0.0,0.0,0.0,0.0,0.0
8019,0.0,0.0,0.0,0.0,0.0,0.0,0.0,0.0,0.0,0.0,0.0,0.0,0.0,0.0,0.0,0.0,0.0,0.0,0.0,0.0,0.0,0.0,0.0,0.0,0.0,0.0,0.0,0.0,0.0,0.0,0.0,0.0,0.0,0.0,0.0,0.0,0.0,0.0,0.0,0.0,0.0,0.0,0.0,0.0,0.0,0.0,0.0,0.0,0.0,0.0,0.0,0.0,0.0,0.0,0.0,0.0,0.0,0.0,0.0,0.0,0.0,0.0,0.0,0.0
8020,0.0,0.0,0.0,0.0,0.0,0.0,0.0,0.0,0.0,0.0,0.0,0.0,0.0,0.0,0.0,0.0,0.0,0.0,0.0,0.0,0.0,0.0,0.0,0.0,0.0,0.0,0.0,0.0,0.0,0.0,0.0,0.0,0.0,0.0,0.0,0.0,0.0,0.0,0.0,0.0,0.0,0.0,0.0,0.0,0.0,0.0,0.0,0.0,0.0,0.0,0.0,0.0,0.0,0.0,0.0,0.0,0.0,0.0,0.0,0.0,0.0,0.0,0.0,0.0
8021,0.0,0.0,0.0,0.0,0.0,0.0,0.0,0.0,0.0,0.0,0.0,0.0,0.0,0.0,0.0,0.0,0.0,0.0,0.0,0.0,0.0,0.0,0.0,0.0,0.0,0.0,0.0,0.0,0.0,0.0,0.0,0.0,0.0,0.0,0.0,0.0,0.0,0.0,0.0,0.0,0.0,0.0,0.0,0.0,0.0,0.0,0.0,0.0,0.0,0.0,0.0,0.0,0.0,0.0,0.0,0.0,0.0,0.0,0.0,0.0,0.0,0.0,0.0,0.0
8022,0.0,0.0,0.0,0.0,0.0,0.0,0.0,0.0,0.0,0.0,0.0,0.0,0.0,0.0,0.0,0.0,0.0,0.0,0.0,0.0,0.0,0.0,0.0,0.0,0.0,0.0,0.0,0.0,0.0,0.0,0.0,0.0,0.0,0.0,0.0,0.0,0.0,0.0,0.0,0.0,0.0,0.0,0.0,0.0,0.0,0.0,0.0,0.0,0.0,0.0,0.0,0.0,0.0,0.0,0.0,0.0,0.0,0.0,0.0,0.0,0.0,0.0,0.0,0.0
8023,0.0,0.0,0.0,0.0,0.0,0.0,0.0,0.0,0.0,0.0,0.0,0.0,0.0,0.0,0.0,0.0,0.0,0.0,0.0,0.0,0.0,0.0,0.0,0.0,0.0,0.0,0.0,0.0,0.0,0.0,0.0,0.0,0.0,0.0,0.0,0.0,0.0,0.0,0.0,0.0,0.0,0.0,0.0,0.0,0.0,0.0,0.0,0.0,0.0,0.0,0.0,0.0,0.0,0.0,0.0,0.0,0.0,0.0,0.0,0.0,0.0,0.0,0.0,0.0
8024,0.0,0.0,0.0,0.0,0.0,0.0,0.0,0.0,0.0,0.0,0.0,0.0,0.0,0.0,0.0,0.0,0.0,0.0,0.0,0.0,0.0,0.0,0.0,0.0,0.0,0.0,0.0,0.0,0.0,0.0,0.0,0.0,0.0,0.0,0.0,0.0,0.0,0.0,0.0,0.0,0.0,0.0,0.0,0.0,0.0,0.0,0.0,0.0,0.0,0.0,0.0,0.0,0.0,0.0,0.0,0.0,0.0,0.0,0.0,0.0,0.0,0.0,0.0,0.0
8025,0.0,0.0,0.0,0.0,0.0,0.0,0.0,0.0,0.0,0.0,0.0,0.0,0.0,0.0,0.0,0.0,0.0,0.0,0.0,0.0,0.0,0.0,0.0,0.0,0.0,0.0,0.0,0.0,0.0,0.0,0.0,0.0,0.0,0.0,0.0,0.0,0.0,0.0,0.0,0.0,0.0,0.0,0.0,0.0,0.0,0.0,0.0,0.0,0.0,0.0,0.0,0.0,0.0,0.0,0.0,0.0,0.0,0.0,0.0,0.0,0.0,0.0,0.0,0.0
8026,0.0,0.0,0.0,0.0,0.0,0.0,0.0,0.0,0.0,0.0,0.0,0.0,0.0,0.0,0.0,0.0,0.0,0.0,0.0,0.0,0.0,0.0,0.0,0.0,0.0,0.0,0.0,0.0,0.0,0.0,0.0,0.0,0.0,0.0,0.0,0.0,0.0,0.0,0.0,0.0,0.0,0.0,0.0,0.0,0.0,0.0,0.0,0.0,0.0,0.0,0.0,0.0,0.0,0.0,0.0,0.0,0.0,0.0,0.0,0.0,0.0,0.0,0.0,0.0
8027,0.0,0.0,0.0,0.0,0.0,0.0,0.0,0.0,0.0,0.0,0.0,0.0,0.0,0.0,0.0,0.0,0.0,0.0,0.0,0.0,0.0,0.0,0.0,0.0,0.0,0.0,0.0,0.0,0.0,0.0,0.0,0.0,0.0,0.0,0.0,0.0,0.0,0.0,0.0,0.0,0.0,0.0,0.0,0.0,0.0,0.0,0.0,0.0,0.0,0.0,0.0,0.0,0.0,0.0,0.0,0.0,0.0,0.0,0.0,0.0,0.0,0.0,0.0,0.0
8028,0.0,0.44,0.45,0.0,0.0,0.48,0.0,0.0,0.45,0.36,0.44,0.43,0.5,0.47,0.49,0.48,0.43,0.44,0.44,0.47,0.39,0.48,0.49,0.47,0.5,0.44,0.0,0.0,0.43,0.44,0.43,0.0,0.0,0.0,0.0,0.46,0.45,0.43,0.45,0.43,0.43,0.45,0.44,0.46,0.46,0.45,0.48,0.0,0.0,0.49,0.39,0.41,0.39,0.36,0.38,0.31,0.0,0.36,0.39,0.36,0.4,0.38,0.42,0.39
8029,0.0,0.71,0.71,0.0,0.0,0.71,0.0,0.0,0.67,0.68,0.67,0.67,0.69,0.68,0.69,0.69,0.67,0.67,0.69,0.68,0.67,0.68,0.69,0.69,0.71,0.71,0.0,0.0,0.69,0.71,0.7,0.0,0.0,0.0,0.0,0.71,0.68,0.68,0.71,0.68,0.69,0.71,0.7,0.69,0.69,0.71,0.72,0.0,0.0,0.72,0.69,0.7,0.69,0.68,0.68,0.65,0.0,0.69,0.69,0.67,0.69,0.69,0.7,0.68
8030,0.0,0.77,0.78,0.0,0.0,0.78,0.0,0.0,0.71,0.75,0.73,0.75,0.74,0.72,0.73,0.73,0.74,0.74,0.74,0.72,0.74,0.72,0.73,0.74,0.78,0.77,0.0,0.0,0.75,0.77,0.76,0.0,0.0,0.0,0.0,0.76,0.74,0.76,0.77,0.76,0.76,0.77,0.76,0.75,0.74,0.77,0.78,0.0,0.0,0.78,0.76,0.76,0.77,0.75,0.76,0.72,0.0,0.76,0.76,0.75,0.76,0.76,0.77,0.76
8031,0.0,0.79,0.8,0.0,0.0,0.8,0.0,0.0,0.75,0.77,0.76,0.78,0.74,0.72,0.74,0.74,0.77,0.77,0.77,0.74,0.76,0.72,0.74,0.77,0.8,0.79,0.0,0.0,0.77,0.79,0.79,0.0,0.0,0.0,0.0,0.78,0.76,0.79,0.79,0.78,0.78,0.79,0.78,0.78,0.77,0.8,0.8,0.0,0.0,0.8,0.79,0.78,0.8,0.78,0.79,0.76,0.0,0.79,0.79,0.78,0.79,0.79,0.79,0.78
8032,0.0,0.79,0.79,0.0,0.0,0.8,0.0,0.0,0.76,0.77,0.77,0.78,0.74,0.73,0.73,0.74,0.78,0.77,0.78,0.74,0.76,0.73,0.76,0.78,0.8,0.8,0.0,0.0,0.78,0.79,0.79,0.0,0.0,0.0,0.0,0.79,0.78,0.79,0.79,0.79,0.78,0.79,0.79,0.78,0.78,0.8,0.8,0.0,0.0,0.8,0.79,0.78,0.79,0.78,0.79,0.76,0.0,0.79,0.78,0.78,0.79,0.79,0.79,0.78
8033,0.0,0.76,0.77,0.0,0.0,0.77,0.0,0.0,0.74,0.66,0.75,0.76,0.71,0.72,0.71,0.72,0.76,0.75,0.75,0.72,0.74,0.72,0.73,0.76,0.78,0.78,0.0,0.0,0.76,0.77,0.77,0.0,0.0,0.0,0.0,0.77,0.76,0.77,0.77,0.77,0.77,0.77,0.76,0.76,0.76,0.78,0.77,0.0,0.0,0.77,0.77,0.76,0.77,0.76,0.77,0.74,0.0,0.76,0.76,0.76,0.76,0.77,0.78,0.76
8034,0.0,0.71,0.72,0.0,0.0,0.7,0.0,0.0,0.68,0.3,0.69,0.69,0.64,0.66,0.66,0.66,0.69,0.67,0.67,0.67,0.66,0.66,0.65,0.7,0.72,0.72,0.0,0.0,0.71,0.71,0.72,0.0,0.0,0.0,0.0,0.71,0.7,0.71,0.72,0.71,0.71,0.71,0.71,0.7,0.7,0.72,0.71,0.0,0.0,0.71,0.71,0.7,0.71,0.7,0.7,0.68,0.0,0.71,0.71,0.7,0.71,0.71,0.72,0.7
8035,0.0,0.6,0.6,0.0,0.0,0.57,0.0,0.0,0.5,0.18,0.51,0.48,0.38,0.46,0.46,0.47,0.5,0.38,0.39,0.48,0.4,0.44,0.37,0.54,0.56,0.6,0.0,0.0,0.59,0.6,0.6,0.0,0.0,0.0,0.0,0.59,0.55,0.53,0.58,0.52,0.55,0.58,0.57,0.55,0.54,0.58,0.58,0.0,0.0,0.57,0.57,0.58,0.54,0.55,0.52,0.51,0.0,0.55,0.56,0.52,0.57,0.57,0.6,0.56
8036,0.0,0.04,0.05,0.0,0.0,0.01,0.0,0.0,0.0,0.0,0.0,0.0,0.0,0.0,0.0,0.0,0.0,0.0,0.0,0.0,0.0,0.0,0.0,0.0,0.0,0.03,0.0,0.0,0.01,0.04,0.03,0.0,0.0,0.0,0.0,0.01,0.0,0.0,0.0,0.0,0.0,0.0,0.0,0.0,0.0,0.0,0.01,0.0,0.0,0.01,0.0,0.01,0.0,0.0,0.0,0.0,0.0,0.0,0.0,0.0,0.0,0.0,0.01,0.0
8037,0.0,0.0,0.0,0.0,0.0,0.0,0.0,0.0,0.0,0.0,0.0,0.0,0.0,0.0,0.0,0.0,0.0,0.0,0.0,0.0,0.0,0.0,0.0,0.0,0.0,0.0,0.0,0.0,0.0,0.0,0.0,0.0,0.0,0.0,0.0,0.0,0.0,0.0,0.0,0.0,0.0,0.0,0.0,0.0,0.0,0.0,0.0,0.0,0.0,0.0,0.0,0.0,0.0,0.0,0.0,0.0,0.0,0.0,0.0,0.0,0.0,0.0,0.0,0.0
8038,0.0,0.0,0.0,0.0,0.0,0.0,0.0,0.0,0.0,0.0,0.0,0.0,0.0,0.0,0.0,0.0,0.0,0.0,0.0,0.0,0.0,0.0,0.0,0.0,0.0,0.0,0.0,0.0,0.0,0.0,0.0,0.0,0.0,0.0,0.0,0.0,0.0,0.0,0.0,0.0,0.0,0.0,0.0,0.0,0.0,0.0,0.0,0.0,0.0,0.0,0.0,0.0,0.0,0.0,0.0,0.0,0.0,0.0,0.0,0.0,0.0,0.0,0.0,0.0
8039,0.0,0.0,0.0,0.0,0.0,0.0,0.0,0.0,0.0,0.0,0.0,0.0,0.0,0.0,0.0,0.0,0.0,0.0,0.0,0.0,0.0,0.0,0.0,0.0,0.0,0.0,0.0,0.0,0.0,0.0,0.0,0.0,0.0,0.0,0.0,0.0,0.0,0.0,0.0,0.0,0.0,0.0,0.0,0.0,0.0,0.0,0.0,0.0,0.0,0.0,0.0,0.0,0.0,0.0,0.0,0.0,0.0,0.0,0.0,0.0,0.0,0.0,0.0,0.0
8040,0.0,0.0,0.0,0.0,0.0,0.0,0.0,0.0,0.0,0.0,0.0,0.0,0.0,0.0,0.0,0.0,0.0,0.0,0.0,0.0,0.0,0.0,0.0,0.0,0.0,0.0,0.0,0.0,0.0,0.0,0.0,0.0,0.0,0.0,0.0,0.0,0.0,0.0,0.0,0.0,0.0,0.0,0.0,0.0,0.0,0.0,0.0,0.0,0.0,0.0,0.0,0.0,0.0,0.0,0.0,0.0,0.0,0.0,0.0,0.0,0.0,0.0,0.0,0.0
8041,0.0,0.0,0.0,0.0,0.0,0.0,0.0,0.0,0.0,0.0,0.0,0.0,0.0,0.0,0.0,0.0,0.0,0.0,0.0,0.0,0.0,0.0,0.0,0.0,0.0,0.0,0.0,0.0,0.0,0.0,0.0,0.0,0.0,0.0,0.0,0.0,0.0,0.0,0.0,0.0,0.0,0.0,0.0,0.0,0.0,0.0,0.0,0.0,0.0,0.0,0.0,0.0,0.0,0.0,0.0,0.0,0.0,0.0,0.0,0.0,0.0,0.0,0.0,0.0
8042,0.0,0.0,0.0,0.0,0.0,0.0,0.0,0.0,0.0,0.0,0.0,0.0,0.0,0.0,0.0,0.0,0.0,0.0,0.0,0.0,0.0,0.0,0.0,0.0,0.0,0.0,0.0,0.0,0.0,0.0,0.0,0.0,0.0,0.0,0.0,0.0,0.0,0.0,0.0,0.0,0.0,0.0,0.0,0.0,0.0,0.0,0.0,0.0,0.0,0.0,0.0,0.0,0.0,0.0,0.0,0.0,0.0,0.0,0.0,0.0,0.0,0.0,0.0,0.0
8043,0.0,0.0,0.0,0.0,0.0,0.0,0.0,0.0,0.0,0.0,0.0,0.0,0.0,0.0,0.0,0.0,0.0,0.0,0.0,0.0,0.0,0.0,0.0,0.0,0.0,0.0,0.0,0.0,0.0,0.0,0.0,0.0,0.0,0.0,0.0,0.0,0.0,0.0,0.0,0.0,0.0,0.0,0.0,0.0,0.0,0.0,0.0,0.0,0.0,0.0,0.0,0.0,0.0,0.0,0.0,0.0,0.0,0.0,0.0,0.0,0.0,0.0,0.0,0.0
8044,0.0,0.0,0.0,0.0,0.0,0.0,0.0,0.0,0.0,0.0,0.0,0.0,0.0,0.0,0.0,0.0,0.0,0.0,0.0,0.0,0.0,0.0,0.0,0.0,0.0,0.0,0.0,0.0,0.0,0.0,0.0,0.0,0.0,0.0,0.0,0.0,0.0,0.0,0.0,0.0,0.0,0.0,0.0,0.0,0.0,0.0,0.0,0.0,0.0,0.0,0.0,0.0,0.0,0.0,0.0,0.0,0.0,0.0,0.0,0.0,0.0,0.0,0.0,0.0
8045,0.0,0.0,0.0,0.0,0.0,0.0,0.0,0.0,0.0,0.0,0.0,0.0,0.0,0.0,0.0,0.0,0.0,0.0,0.0,0.0,0.0,0.0,0.0,0.0,0.0,0.0,0.0,0.0,0.0,0.0,0.0,0.0,0.0,0.0,0.0,0.0,0.0,0.0,0.0,0.0,0.0,0.0,0.0,0.0,0.0,0.0,0.0,0.0,0.0,0.0,0.0,0.0,0.0,0.0,0.0,0.0,0.0,0.0,0.0,0.0,0.0,0.0,0.0,0.0
8046,0.0,0.0,0.0,0.0,0.0,0.0,0.0,0.0,0.0,0.0,0.0,0.0,0.0,0.0,0.0,0.0,0.0,0.0,0.0,0.0,0.0,0.0,0.0,0.0,0.0,0.0,0.0,0.0,0.0,0.0,0.0,0.0,0.0,0.0,0.0,0.0,0.0,0.0,0.0,0.0,0.0,0.0,0.0,0.0,0.0,0.0,0.0,0.0,0.0,0.0,0.0,0.0,0.0,0.0,0.0,0.0,0.0,0.0,0.0,0.0,0.0,0.0,0.0,0.0
8047,0.0,0.0,0.0,0.0,0.0,0.0,0.0,0.0,0.0,0.0,0.0,0.0,0.0,0.0,0.0,0.0,0.0,0.0,0.0,0.0,0.0,0.0,0.0,0.0,0.0,0.0,0.0,0.0,0.0,0.0,0.0,0.0,0.0,0.0,0.0,0.0,0.0,0.0,0.0,0.0,0.0,0.0,0.0,0.0,0.0,0.0,0.0,0.0,0.0,0.0,0.0,0.0,0.0,0.0,0.0,0.0,0.0,0.0,0.0,0.0,0.0,0.0,0.0,0.0
8048,0.0,0.0,0.0,0.0,0.0,0.0,0.0,0.0,0.0,0.0,0.0,0.0,0.0,0.0,0.0,0.0,0.0,0.0,0.0,0.0,0.0,0.0,0.0,0.0,0.0,0.0,0.0,0.0,0.0,0.0,0.0,0.0,0.0,0.0,0.0,0.0,0.0,0.0,0.0,0.0,0.0,0.0,0.0,0.0,0.0,0.0,0.0,0.0,0.0,0.0,0.0,0.0,0.0,0.0,0.0,0.0,0.0,0.0,0.0,0.0,0.0,0.0,0.0,0.0
8049,0.0,0.0,0.0,0.0,0.0,0.0,0.0,0.0,0.0,0.0,0.0,0.0,0.0,0.0,0.0,0.0,0.0,0.0,0.0,0.0,0.0,0.0,0.0,0.0,0.0,0.0,0.0,0.0,0.0,0.0,0.0,0.0,0.0,0.0,0.0,0.0,0.0,0.0,0.0,0.0,0.0,0.0,0.0,0.0,0.0,0.0,0.0,0.0,0.0,0.0,0.0,0.0,0.0,0.0,0.0,0.0,0.0,0.0,0.0,0.0,0.0,0.0,0.0,0.0
8050,0.0,0.0,0.0,0.0,0.0,0.0,0.0,0.0,0.0,0.0,0.0,0.0,0.0,0.0,0.0,0.0,0.0,0.0,0.0,0.0,0.0,0.0,0.0,0.0,0.0,0.0,0.0,0.0,0.0,0.0,0.0,0.0,0.0,0.0,0.0,0.0,0.0,0.0,0.0,0.0,0.0,0.0,0.0,0.0,0.0,0.0,0.0,0.0,0.0,0.0,0.0,0.0,0.0,0.0,0.0,0.0,0.0,0.0,0.0,0.0,0.0,0.0,0.0,0.0
8051,0.0,0.0,0.0,0.0,0.0,0.0,0.0,0.0,0.0,0.0,0.0,0.0,0.0,0.0,0.0,0.0,0.0,0.0,0.0,0.0,0.0,0.0,0.0,0.0,0.0,0.0,0.0,0.0,0.0,0.0,0.0,0.0,0.0,0.0,0.0,0.0,0.0,0.0,0.0,0.0,0.0,0.0,0.0,0.0,0.0,0.0,0.0,0.0,0.0,0.0,0.0,0.0,0.0,0.0,0.0,0.0,0.0,0.0,0.0,0.0,0.0,0.0,0.0,0.0
8052,0.0,0.53,0.53,0.0,0.0,0.56,0.0,0.0,0.54,0.48,0.54,0.53,0.56,0.55,0.55,0.55,0.52,0.54,0.54,0.54,0.51,0.55,0.55,0.54,0.22,0.54,0.0,0.0,0.53,0.53,0.53,0.0,0.0,0.0,0.0,0.55,0.53,0.54,0.55,0.54,0.54,0.56,0.55,0.54,0.54,0.56,0.56,0.0,0.0,0.56,0.5,0.52,0.5,0.47,0.49,0.42,0.0,0.47,0.5,0.47,0.51,0.5,0.54,0.51
8053,0.0,0.67,0.68,0.0,0.0,0.68,0.0,0.0,0.68,0.69,0.68,0.69,0.69,0.69,0.69,0.68,0.68,0.69,0.7,0.68,0.69,0.7,0.7,0.68,0.7,0.7,0.0,0.0,0.68,0.68,0.68,0.0,0.0,0.0,0.0,0.68,0.67,0.7,0.69,0.7,0.69,0.7,0.68,0.67,0.68,0.7,0.68,0.0,0.0,0.68,0.7,0.7,0.7,0.56,0.7,0.4,0.0,0.66,0.7,0.7,0.7,0.7,0.71,0.7
8054,0.0,0.72,0.73,0.0,0.0,0.73,0.0,0.0,0.74,0.74,0.74,0.74,0.74,0.74,0.73,0.73,0.71,0.74,0.75,0.73,0.74,0.74,0.74,0.73,0.73,0.75,0.0,0.0,0.73,0.73,0.74,0.0,0.0,0.0,0.0,0.73,0.71,0.74,0.74,0.74,0.74,0.74,0.73,0.72,0.73,0.75,0.73,0.0,0.0,0.73,0.73,0.73,0.7,0.62,0.76,0.35,0.0,0.5,0.72,0.63,0.74,0.72,0.76,0.73
8055,0.0,0.77,0.78,0.0,0.0,0.76,0.0,0.0,0.77,0.65,0.78,0.78,0.77,0.77,0.77,0.76,0.76,0.78,0.78,0.76,0.74,0.77,0.77,0.77,0.77,0.79,0.0,0.0,0.74,0.78,0.77,0.0,0.0,0.0,0.0,0.78,0.75,0.77,0.78,0.77,0.78,0.78,0.77,0.76,0.76,0.79,0.77,0.0,0.0,0.76,0.73,0.67,0.53,0.76,0.7,0.63,0.0,0.66,0.78,0.52,0.78,0.77,0.75,0.78
8056,0.0,0.78,0.78,0.0,0.0,0.76,0.0,0.0,0.78,0.77,0.78,0.77,0.76,0.77,0.77,0.77,0.77,0.77,0.78,0.77,0.68,0.77,0.76,0.77,0.76,0.79,0.0,0.0,0.74,0.78,0.78,0.0,0.0,0.0,0.0,0.78,0.76,0.78,0.8,0.78,0.76,0.8,0.79,0.77,0.77,0.8,0.76,0.0,0.0,0.76,0.68,0.79,0.66,0.7,0.61,0.48,0.0,0.72,0.7,0.52,0.69,0.68,0.78,0.69
8057,0.0,0.76,0.76,0.0,0.0,0.74,0.0,0.0,0.76,0.49,0.76,0.76,0.73,0.75,0.74,0.74,0.75,0.74,0.73,0.75,0.54,0.74,0.73,0.75,0.74,0.77,0.0,0.0,0.77,0.76,0.77,0.0,0.0,0.0,0.0,0.76,0.76,0.74,0.71,0.74,0.76,0.77,0.77,0.75,0.74,0.77,0.74,0.0,0.0,0.74,0.74,0.73,0.54,0.71,0.59,0.39,0.0,0.61,0.65,0.39,0.7,0.71,0.77,0.7
8058,0.0,0.34,0.18,0.0,0.0,0.68,0.0,0.0,0.69,0.44,0.69,0.69,0.66,0.68,0.68,0.68,0.67,0.67,0.62,0.68,0.35,0.68,0.65,0.69,0.67,0.71,0.0,0.0,0.58,0.69,0.71,0.0,0.0,0.0,0.0,0.7,0.7,0.61,0.54,0.54,0.63,0.61,0.57,0.69,0.69,0.51,0.68,0.0,0.0,0.68,0.35,0.66,0.31,0.3,0.29,0.31,0.0,0.34,0.43,0.32,0.45,0.33,0.71,0.48
8059,0.0,0.37,0.36,0.0,0.0,0.59,0.0,0.0,0.58,0.36,0.49,0.54,0.55,0.57,0.57,0.57,0.41,0.32,0.3,0.57,0.28,0.56,0.55,0.59,0.59,0.47,0.0,0.0,0.38,0.38,0.38,0.0,0.0,0.0,0.0,0.5,0.6,0.34,0.5,0.34,0.4,0.44,0.39,0.59,0.59,0.44,0.59,0.0,0.0,0.59,0.63,0.49,0.22,0.49,0.23,0.16,0.0,0.23,0.61,0.2,0.46,0.63,0.41,0.56
8060,0.0,0.01,0.01,0.0,0.0,0.0,0.0,0.0,0.0,0.0,0.0,0.0,0.0,0.0,0.0,0.0,0.0,0.0,0.0,0.0,0.0,0.0,0.0,0.0,0.0,0.0,0.0,0.0,0.0,0.0,0.0,0.0,0.0,0.0,0.0,0.0,0.0,0.0,0.0,0.0,0.0,0.0,0.0,0.0,0.0,0.0,0.0,0.0,0.0,0.0,0.0,0.0,0.0,0.0,0.0,0.0,0.0,0.0,0.0,0.0,0.0,0.0,0.0,0.0
8061,0.0,0.0,0.0,0.0,0.0,0.0,0.0,0.0,0.0,0.0,0.0,0.0,0.0,0.0,0.0,0.0,0.0,0.0,0.0,0.0,0.0,0.0,0.0,0.0,0.0,0.0,0.0,0.0,0.0,0.0,0.0,0.0,0.0,0.0,0.0,0.0,0.0,0.0,0.0,0.0,0.0,0.0,0.0,0.0,0.0,0.0,0.0,0.0,0.0,0.0,0.0,0.0,0.0,0.0,0.0,0.0,0.0,0.0,0.0,0.0,0.0,0.0,0.0,0.0
8062,0.0,0.0,0.0,0.0,0.0,0.0,0.0,0.0,0.0,0.0,0.0,0.0,0.0,0.0,0.0,0.0,0.0,0.0,0.0,0.0,0.0,0.0,0.0,0.0,0.0,0.0,0.0,0.0,0.0,0.0,0.0,0.0,0.0,0.0,0.0,0.0,0.0,0.0,0.0,0.0,0.0,0.0,0.0,0.0,0.0,0.0,0.0,0.0,0.0,0.0,0.0,0.0,0.0,0.0,0.0,0.0,0.0,0.0,0.0,0.0,0.0,0.0,0.0,0.0
8063,0.0,0.0,0.0,0.0,0.0,0.0,0.0,0.0,0.0,0.0,0.0,0.0,0.0,0.0,0.0,0.0,0.0,0.0,0.0,0.0,0.0,0.0,0.0,0.0,0.0,0.0,0.0,0.0,0.0,0.0,0.0,0.0,0.0,0.0,0.0,0.0,0.0,0.0,0.0,0.0,0.0,0.0,0.0,0.0,0.0,0.0,0.0,0.0,0.0,0.0,0.0,0.0,0.0,0.0,0.0,0.0,0.0,0.0,0.0,0.0,0.0,0.0,0.0,0.0
8064,0.0,0.0,0.0,0.0,0.0,0.0,0.0,0.0,0.0,0.0,0.0,0.0,0.0,0.0,0.0,0.0,0.0,0.0,0.0,0.0,0.0,0.0,0.0,0.0,0.0,0.0,0.0,0.0,0.0,0.0,0.0,0.0,0.0,0.0,0.0,0.0,0.0,0.0,0.0,0.0,0.0,0.0,0.0,0.0,0.0,0.0,0.0,0.0,0.0,0.0,0.0,0.0,0.0,0.0,0.0,0.0,0.0,0.0,0.0,0.0,0.0,0.0,0.0,0.0
8065,0.0,0.0,0.0,0.0,0.0,0.0,0.0,0.0,0.0,0.0,0.0,0.0,0.0,0.0,0.0,0.0,0.0,0.0,0.0,0.0,0.0,0.0,0.0,0.0,0.0,0.0,0.0,0.0,0.0,0.0,0.0,0.0,0.0,0.0,0.0,0.0,0.0,0.0,0.0,0.0,0.0,0.0,0.0,0.0,0.0,0.0,0.0,0.0,0.0,0.0,0.0,0.0,0.0,0.0,0.0,0.0,0.0,0.0,0.0,0.0,0.0,0.0,0.0,0.0
8066,0.0,0.0,0.0,0.0,0.0,0.0,0.0,0.0,0.0,0.0,0.0,0.0,0.0,0.0,0.0,0.0,0.0,0.0,0.0,0.0,0.0,0.0,0.0,0.0,0.0,0.0,0.0,0.0,0.0,0.0,0.0,0.0,0.0,0.0,0.0,0.0,0.0,0.0,0.0,0.0,0.0,0.0,0.0,0.0,0.0,0.0,0.0,0.0,0.0,0.0,0.0,0.0,0.0,0.0,0.0,0.0,0.0,0.0,0.0,0.0,0.0,0.0,0.0,0.0
8067,0.0,0.0,0.0,0.0,0.0,0.0,0.0,0.0,0.0,0.0,0.0,0.0,0.0,0.0,0.0,0.0,0.0,0.0,0.0,0.0,0.0,0.0,0.0,0.0,0.0,0.0,0.0,0.0,0.0,0.0,0.0,0.0,0.0,0.0,0.0,0.0,0.0,0.0,0.0,0.0,0.0,0.0,0.0,0.0,0.0,0.0,0.0,0.0,0.0,0.0,0.0,0.0,0.0,0.0,0.0,0.0,0.0,0.0,0.0,0.0,0.0,0.0,0.0,0.0
8068,0.0,0.0,0.0,0.0,0.0,0.0,0.0,0.0,0.0,0.0,0.0,0.0,0.0,0.0,0.0,0.0,0.0,0.0,0.0,0.0,0.0,0.0,0.0,0.0,0.0,0.0,0.0,0.0,0.0,0.0,0.0,0.0,0.0,0.0,0.0,0.0,0.0,0.0,0.0,0.0,0.0,0.0,0.0,0.0,0.0,0.0,0.0,0.0,0.0,0.0,0.0,0.0,0.0,0.0,0.0,0.0,0.0,0.0,0.0,0.0,0.0,0.0,0.0,0.0
8069,0.0,0.0,0.0,0.0,0.0,0.0,0.0,0.0,0.0,0.0,0.0,0.0,0.0,0.0,0.0,0.0,0.0,0.0,0.0,0.0,0.0,0.0,0.0,0.0,0.0,0.0,0.0,0.0,0.0,0.0,0.0,0.0,0.0,0.0,0.0,0.0,0.0,0.0,0.0,0.0,0.0,0.0,0.0,0.0,0.0,0.0,0.0,0.0,0.0,0.0,0.0,0.0,0.0,0.0,0.0,0.0,0.0,0.0,0.0,0.0,0.0,0.0,0.0,0.0
8070,0.0,0.0,0.0,0.0,0.0,0.0,0.0,0.0,0.0,0.0,0.0,0.0,0.0,0.0,0.0,0.0,0.0,0.0,0.0,0.0,0.0,0.0,0.0,0.0,0.0,0.0,0.0,0.0,0.0,0.0,0.0,0.0,0.0,0.0,0.0,0.0,0.0,0.0,0.0,0.0,0.0,0.0,0.0,0.0,0.0,0.0,0.0,0.0,0.0,0.0,0.0,0.0,0.0,0.0,0.0,0.0,0.0,0.0,0.0,0.0,0.0,0.0,0.0,0.0
8071,0.0,0.0,0.0,0.0,0.0,0.0,0.0,0.0,0.0,0.0,0.0,0.0,0.0,0.0,0.0,0.0,0.0,0.0,0.0,0.0,0.0,0.0,0.0,0.0,0.0,0.0,0.0,0.0,0.0,0.0,0.0,0.0,0.0,0.0,0.0,0.0,0.0,0.0,0.0,0.0,0.0,0.0,0.0,0.0,0.0,0.0,0.0,0.0,0.0,0.0,0.0,0.0,0.0,0.0,0.0,0.0,0.0,0.0,0.0,0.0,0.0,0.0,0.0,0.0
8072,0.0,0.0,0.0,0.0,0.0,0.0,0.0,0.0,0.0,0.0,0.0,0.0,0.0,0.0,0.0,0.0,0.0,0.0,0.0,0.0,0.0,0.0,0.0,0.0,0.0,0.0,0.0,0.0,0.0,0.0,0.0,0.0,0.0,0.0,0.0,0.0,0.0,0.0,0.0,0.0,0.0,0.0,0.0,0.0,0.0,0.0,0.0,0.0,0.0,0.0,0.0,0.0,0.0,0.0,0.0,0.0,0.0,0.0,0.0,0.0,0.0,0.0,0.0,0.0
8073,0.0,0.0,0.0,0.0,0.0,0.0,0.0,0.0,0.0,0.0,0.0,0.0,0.0,0.0,0.0,0.0,0.0,0.0,0.0,0.0,0.0,0.0,0.0,0.0,0.0,0.0,0.0,0.0,0.0,0.0,0.0,0.0,0.0,0.0,0.0,0.0,0.0,0.0,0.0,0.0,0.0,0.0,0.0,0.0,0.0,0.0,0.0,0.0,0.0,0.0,0.0,0.0,0.0,0.0,0.0,0.0,0.0,0.0,0.0,0.0,0.0,0.0,0.0,0.0
8074,0.0,0.0,0.0,0.0,0.0,0.0,0.0,0.0,0.0,0.0,0.0,0.0,0.0,0.0,0.0,0.0,0.0,0.0,0.0,0.0,0.0,0.0,0.0,0.0,0.0,0.0,0.0,0.0,0.0,0.0,0.0,0.0,0.0,0.0,0.0,0.0,0.0,0.0,0.0,0.0,0.0,0.0,0.0,0.0,0.0,0.0,0.0,0.0,0.0,0.0,0.0,0.0,0.0,0.0,0.0,0.0,0.0,0.0,0.0,0.0,0.0,0.0,0.0,0.0
8075,0.0,0.0,0.0,0.0,0.0,0.0,0.0,0.0,0.0,0.0,0.0,0.0,0.0,0.0,0.0,0.0,0.0,0.0,0.0,0.0,0.0,0.0,0.0,0.0,0.0,0.0,0.0,0.0,0.0,0.0,0.0,0.0,0.0,0.0,0.0,0.0,0.0,0.0,0.0,0.0,0.0,0.0,0.0,0.0,0.0,0.0,0.0,0.0,0.0,0.0,0.0,0.0,0.0,0.0,0.0,0.0,0.0,0.0,0.0,0.0,0.0,0.0,0.0,0.0
8076,0.0,0.0,0.04,0.0,0.0,0.14,0.0,0.0,0.18,0.01,0.25,0.04,0.03,0.06,0.03,0.09,0.2,0.14,0.14,0.17,0.0,0.04,0.18,0.18,0.13,0.0,0.0,0.0,0.01,0.01,0.0,0.0,0.0,0.0,0.0,0.25,0.13,0.1,0.21,0.18,0.0,0.2,0.13,0.16,0.17,0.2,0.13,0.0,0.0,0.11,0.0,0.0,0.0,0.0,0.0,0.0,0.0,0.0,0.0,0.01,0.0,0.0,0.38,0.0
8077,0.0,0.02,0.01,0.0,0.0,0.47,0.0,0.0,0.32,0.05,0.41,0.03,0.07,0.31,0.27,0.32,0.43,0.34,0.43,0.33,0.06,0.19,0.3,0.39,0.41,0.01,0.0,0.0,0.04,0.01,0.02,0.0,0.0,0.0,0.0,0.01,0.02,0.03,0.01,0.04,0.0,0.01,0.01,0.38,0.36,0.01,0.43,0.0,0.0,0.39,0.05,0.01,0.02,0.68,0.04,0.02,0.0,0.13,0.32,0.01,0.02,0.06,0.19,0.13
8078,0.0,0.03,0.05,0.0,0.0,0.5,0.0,0.0,0.14,0.04,0.36,0.03,0.12,0.38,0.4,0.45,0.04,0.47,0.14,0.2,0.08,0.38,0.13,0.03,0.56,0.26,0.0,0.0,0.73,0.06,0.73,0.0,0.0,0.0,0.0,0.02,0.02,0.08,0.06,0.07,0.01,0.05,0.53,0.03,0.02,0.27,0.56,0.0,0.0,0.49,0.11,0.05,0.1,0.73,0.02,0.03,0.0,0.22,0.28,0.74,0.08,0.1,0.28,0.23
8079,0.0,0.75,0.75,0.0,0.0,0.08,0.0,0.0,0.06,0.03,0.08,0.7,0.12,0.04,0.06,0.05,0.07,0.42,0.31,0.08,0.06,0.11,0.12,0.02,0.42,0.46,0.0,0.0,0.76,0.76,0.76,0.0,0.0,0.0,0.0,0.74,0.1,0.1,0.52,0.04,0.31,0.75,0.75,0.02,0.03,0.45,0.14,0.0,0.0,0.1,0.1,0.17,0.12,0.3,0.21,0.04,0.0,0.19,0.19,0.22,0.17,0.1,0.3,0.26
8080,0.0,0.76,0.76,0.0,0.0,0.08,0.0,0.0,0.3,0.03,0.73,0.76,0.13,0.03,0.05,0.06,0.21,0.55,0.5,0.03,0.06,0.03,0.16,0.5,0.67,0.78,0.0,0.0,0.77,0.76,0.77,0.0,0.0,0.0,0.0,0.75,0.74,0.75,0.34,0.19,0.29,0.5,0.76,0.41,0.74,0.4,0.06,0.0,0.0,0.07,0.06,0.13,0.09,0.1,0.09,0.05,0.0,0.13,0.1,0.1,0.11,0.06,0.8,0.1
8081,0.0,0.76,0.76,0.0,0.0,0.25,0.0,0.0,0.71,0.02,0.71,0.23,0.05,0.03,0.02,0.02,0.75,0.71,0.29,0.11,0.02,0.01,0.05,0.72,0.05,0.78,0.0,0.0,0.77,0.76,0.77,0.0,0.0,0.0,0.0,0.75,0.74,0.72,0.77,0.73,0.28,0.76,0.76,0.72,0.73,0.77,0.71,0.0,0.0,0.25,0.05,0.09,0.08,0.1,0.06,0.09,0.0,0.12,0.06,0.09,0.06,0.03,0.43,0.06
8082,0.0,0.72,0.72,0.0,0.0,0.67,0.0,0.0,0.65,0.02,0.65,0.3,0.01,0.39,0.04,0.64,0.7,0.66,0.02,0.65,0.01,0.13,0.02,0.68,0.66,0.74,0.0,0.0,0.73,0.72,0.73,0.0,0.0,0.0,0.0,0.72,0.7,0.68,0.73,0.69,0.07,0.72,0.72,0.69,0.69,0.48,0.67,0.0,0.0,0.67,0.02,0.07,0.08,0.12,0.04,0.04,0.0,0.09,0.03,0.07,0.03,0.01,0.34,0.03
8083,0.0,0.63,0.63,0.0,0.0,0.58,0.0,0.0,0.52,0.0,0.54,0.25,0.0,0.06,0.5,0.51,0.58,0.16,0.0,0.52,0.0,0.02,0.02,0.59,0.56,0.64,0.0,0.0,0.63,0.63,0.64,0.0,0.0,0.0,0.0,0.62,0.14,0.59,0.27,0.59,0.04,0.62,0.14,0.59,0.14,0.1,0.58,0.0,0.0,0.58,0.0,0.03,0.04,0.15,0.01,0.01,0.0,0.02,0.0,0.02,0.01,0.01,0.14,0.01
8084,0.0,0.01,0.02,0.0,0.0,0.0,0.0,0.0,0.0,0.0,0.0,0.0,0.0,0.0,0.0,0.0,0.0,0.0,0.0,0.0,0.0,0.0,0.0,0.0,0.0,0.01,0.0,0.0,0.0,0.01,0.0,0.0,0.0,0.0,0.0,0.0,0.0,0.0,0.0,0.0,0.0,0.0,0.0,0.0,0.0,0.0,0.0,0.0,0.0,0.0,0.0,0.0,0.0,0.0,0.0,0.0,0.0,0.0,0.0,0.0,0.0,0.0,0.0,0.0
8085,0.0,0.0,0.0,0.0,0.0,0.0,0.0,0.0,0.0,0.0,0.0,0.0,0.0,0.0,0.0,0.0,0.0,0.0,0.0,0.0,0.0,0.0,0.0,0.0,0.0,0.0,0.0,0.0,0.0,0.0,0.0,0.0,0.0,0.0,0.0,0.0,0.0,0.0,0.0,0.0,0.0,0.0,0.0,0.0,0.0,0.0,0.0,0.0,0.0,0.0,0.0,0.0,0.0,0.0,0.0,0.0,0.0,0.0,0.0,0.0,0.0,0.0,0.0,0.0
8086,0.0,0.0,0.0,0.0,0.0,0.0,0.0,0.0,0.0,0.0,0.0,0.0,0.0,0.0,0.0,0.0,0.0,0.0,0.0,0.0,0.0,0.0,0.0,0.0,0.0,0.0,0.0,0.0,0.0,0.0,0.0,0.0,0.0,0.0,0.0,0.0,0.0,0.0,0.0,0.0,0.0,0.0,0.0,0.0,0.0,0.0,0.0,0.0,0.0,0.0,0.0,0.0,0.0,0.0,0.0,0.0,0.0,0.0,0.0,0.0,0.0,0.0,0.0,0.0
8087,0.0,0.0,0.0,0.0,0.0,0.0,0.0,0.0,0.0,0.0,0.0,0.0,0.0,0.0,0.0,0.0,0.0,0.0,0.0,0.0,0.0,0.0,0.0,0.0,0.0,0.0,0.0,0.0,0.0,0.0,0.0,0.0,0.0,0.0,0.0,0.0,0.0,0.0,0.0,0.0,0.0,0.0,0.0,0.0,0.0,0.0,0.0,0.0,0.0,0.0,0.0,0.0,0.0,0.0,0.0,0.0,0.0,0.0,0.0,0.0,0.0,0.0,0.0,0.0
8088,0.0,0.0,0.0,0.0,0.0,0.0,0.0,0.0,0.0,0.0,0.0,0.0,0.0,0.0,0.0,0.0,0.0,0.0,0.0,0.0,0.0,0.0,0.0,0.0,0.0,0.0,0.0,0.0,0.0,0.0,0.0,0.0,0.0,0.0,0.0,0.0,0.0,0.0,0.0,0.0,0.0,0.0,0.0,0.0,0.0,0.0,0.0,0.0,0.0,0.0,0.0,0.0,0.0,0.0,0.0,0.0,0.0,0.0,0.0,0.0,0.0,0.0,0.0,0.0
8089,0.0,0.0,0.0,0.0,0.0,0.0,0.0,0.0,0.0,0.0,0.0,0.0,0.0,0.0,0.0,0.0,0.0,0.0,0.0,0.0,0.0,0.0,0.0,0.0,0.0,0.0,0.0,0.0,0.0,0.0,0.0,0.0,0.0,0.0,0.0,0.0,0.0,0.0,0.0,0.0,0.0,0.0,0.0,0.0,0.0,0.0,0.0,0.0,0.0,0.0,0.0,0.0,0.0,0.0,0.0,0.0,0.0,0.0,0.0,0.0,0.0,0.0,0.0,0.0
8090,0.0,0.0,0.0,0.0,0.0,0.0,0.0,0.0,0.0,0.0,0.0,0.0,0.0,0.0,0.0,0.0,0.0,0.0,0.0,0.0,0.0,0.0,0.0,0.0,0.0,0.0,0.0,0.0,0.0,0.0,0.0,0.0,0.0,0.0,0.0,0.0,0.0,0.0,0.0,0.0,0.0,0.0,0.0,0.0,0.0,0.0,0.0,0.0,0.0,0.0,0.0,0.0,0.0,0.0,0.0,0.0,0.0,0.0,0.0,0.0,0.0,0.0,0.0,0.0
8091,0.0,0.0,0.0,0.0,0.0,0.0,0.0,0.0,0.0,0.0,0.0,0.0,0.0,0.0,0.0,0.0,0.0,0.0,0.0,0.0,0.0,0.0,0.0,0.0,0.0,0.0,0.0,0.0,0.0,0.0,0.0,0.0,0.0,0.0,0.0,0.0,0.0,0.0,0.0,0.0,0.0,0.0,0.0,0.0,0.0,0.0,0.0,0.0,0.0,0.0,0.0,0.0,0.0,0.0,0.0,0.0,0.0,0.0,0.0,0.0,0.0,0.0,0.0,0.0
8092,0.0,0.0,0.0,0.0,0.0,0.0,0.0,0.0,0.0,0.0,0.0,0.0,0.0,0.0,0.0,0.0,0.0,0.0,0.0,0.0,0.0,0.0,0.0,0.0,0.0,0.0,0.0,0.0,0.0,0.0,0.0,0.0,0.0,0.0,0.0,0.0,0.0,0.0,0.0,0.0,0.0,0.0,0.0,0.0,0.0,0.0,0.0,0.0,0.0,0.0,0.0,0.0,0.0,0.0,0.0,0.0,0.0,0.0,0.0,0.0,0.0,0.0,0.0,0.0
8093,0.0,0.0,0.0,0.0,0.0,0.0,0.0,0.0,0.0,0.0,0.0,0.0,0.0,0.0,0.0,0.0,0.0,0.0,0.0,0.0,0.0,0.0,0.0,0.0,0.0,0.0,0.0,0.0,0.0,0.0,0.0,0.0,0.0,0.0,0.0,0.0,0.0,0.0,0.0,0.0,0.0,0.0,0.0,0.0,0.0,0.0,0.0,0.0,0.0,0.0,0.0,0.0,0.0,0.0,0.0,0.0,0.0,0.0,0.0,0.0,0.0,0.0,0.0,0.0
8094,0.0,0.0,0.0,0.0,0.0,0.0,0.0,0.0,0.0,0.0,0.0,0.0,0.0,0.0,0.0,0.0,0.0,0.0,0.0,0.0,0.0,0.0,0.0,0.0,0.0,0.0,0.0,0.0,0.0,0.0,0.0,0.0,0.0,0.0,0.0,0.0,0.0,0.0,0.0,0.0,0.0,0.0,0.0,0.0,0.0,0.0,0.0,0.0,0.0,0.0,0.0,0.0,0.0,0.0,0.0,0.0,0.0,0.0,0.0,0.0,0.0,0.0,0.0,0.0
8095,0.0,0.0,0.0,0.0,0.0,0.0,0.0,0.0,0.0,0.0,0.0,0.0,0.0,0.0,0.0,0.0,0.0,0.0,0.0,0.0,0.0,0.0,0.0,0.0,0.0,0.0,0.0,0.0,0.0,0.0,0.0,0.0,0.0,0.0,0.0,0.0,0.0,0.0,0.0,0.0,0.0,0.0,0.0,0.0,0.0,0.0,0.0,0.0,0.0,0.0,0.0,0.0,0.0,0.0,0.0,0.0,0.0,0.0,0.0,0.0,0.0,0.0,0.0,0.0
8096,0.0,0.0,0.0,0.0,0.0,0.0,0.0,0.0,0.0,0.0,0.0,0.0,0.0,0.0,0.0,0.0,0.0,0.0,0.0,0.0,0.0,0.0,0.0,0.0,0.0,0.0,0.0,0.0,0.0,0.0,0.0,0.0,0.0,0.0,0.0,0.0,0.0,0.0,0.0,0.0,0.0,0.0,0.0,0.0,0.0,0.0,0.0,0.0,0.0,0.0,0.0,0.0,0.0,0.0,0.0,0.0,0.0,0.0,0.0,0.0,0.0,0.0,0.0,0.0
8097,0.0,0.0,0.0,0.0,0.0,0.0,0.0,0.0,0.0,0.0,0.0,0.0,0.0,0.0,0.0,0.0,0.0,0.0,0.0,0.0,0.0,0.0,0.0,0.0,0.0,0.0,0.0,0.0,0.0,0.0,0.0,0.0,0.0,0.0,0.0,0.0,0.0,0.0,0.0,0.0,0.0,0.0,0.0,0.0,0.0,0.0,0.0,0.0,0.0,0.0,0.0,0.0,0.0,0.0,0.0,0.0,0.0,0.0,0.0,0.0,0.0,0.0,0.0,0.0
8098,0.0,0.0,0.0,0.0,0.0,0.0,0.0,0.0,0.0,0.0,0.0,0.0,0.0,0.0,0.0,0.0,0.0,0.0,0.0,0.0,0.0,0.0,0.0,0.0,0.0,0.0,0.0,0.0,0.0,0.0,0.0,0.0,0.0,0.0,0.0,0.0,0.0,0.0,0.0,0.0,0.0,0.0,0.0,0.0,0.0,0.0,0.0,0.0,0.0,0.0,0.0,0.0,0.0,0.0,0.0,0.0,0.0,0.0,0.0,0.0,0.0,0.0,0.0,0.0
8099,0.0,0.0,0.0,0.0,0.0,0.0,0.0,0.0,0.0,0.0,0.0,0.0,0.0,0.0,0.0,0.0,0.0,0.0,0.0,0.0,0.0,0.0,0.0,0.0,0.0,0.0,0.0,0.0,0.0,0.0,0.0,0.0,0.0,0.0,0.0,0.0,0.0,0.0,0.0,0.0,0.0,0.0,0.0,0.0,0.0,0.0,0.0,0.0,0.0,0.0,0.0,0.0,0.0,0.0,0.0,0.0,0.0,0.0,0.0,0.0,0.0,0.0,0.0,0.0
8100,0.0,0.16,0.13,0.0,0.0,0.19,0.0,0.0,0.38,0.08,0.35,0.5,0.19,0.51,0.52,0.52,0.48,0.5,0.51,0.47,0.06,0.52,0.06,0.18,0.18,0.16,0.0,0.0,0.13,0.17,0.14,0.0,0.0,0.0,0.0,0.21,0.16,0.41,0.33,0.42,0.2,0.33,0.41,0.26,0.17,0.3,0.17,0.0,0.0,0.18,0.45,0.13,0.17,0.41,0.44,0.4,0.0,0.41,0.06,0.1,0.32,0.16,0.12,0.34
8101,0.0,0.38,0.37,0.0,0.0,0.21,0.0,0.0,0.64,0.21,0.62,0.66,0.66,0.65,0.62,0.5,0.64,0.66,0.67,0.54,0.11,0.66,0.19,0.5,0.23,0.22,0.0,0.0,0.19,0.38,0.22,0.0,0.0,0.0,0.0,0.22,0.44,0.65,0.18,0.64,0.57,0.18,0.2,0.37,0.5,0.18,0.22,0.0,0.0,0.21,0.64,0.14,0.63,0.61,0.64,0.55,0.0,0.63,0.31,0.63,0.5,0.64,0.18,0.61
8102,0.0,0.49,0.49,0.0,0.0,0.47,0.0,0.0,0.52,0.6,0.46,0.71,0.7,0.7,0.7,0.66,0.66,0.72,0.73,0.68,0.24,0.7,0.42,0.24,0.37,0.3,0.0,0.0,0.26,0.4,0.28,0.0,0.0,0.0,0.0,0.3,0.24,0.64,0.27,0.67,0.46,0.26,0.26,0.24,0.24,0.26,0.45,0.0,0.0,0.47,0.34,0.25,0.57,0.41,0.67,0.64,0.0,0.45,0.33,0.52,0.31,0.35,0.28,0.32
8103,0.0,0.38,0.38,0.0,0.0,0.41,0.0,0.0,0.38,0.72,0.36,0.72,0.72,0.65,0.6,0.36,0.63,0.73,0.74,0.39,0.42,0.63,0.71,0.26,0.55,0.36,0.0,0.0,0.38,0.39,0.36,0.0,0.0,0.0,0.0,0.37,0.26,0.4,0.37,0.46,0.37,0.36,0.36,0.28,0.26,0.38,0.42,0.0,0.0,0.47,0.61,0.36,0.58,0.46,0.68,0.69,0.0,0.5,0.56,0.7,0.46,0.58,0.39,0.53
8104,0.0,0.34,0.38,0.0,0.0,0.57,0.0,0.0,0.49,0.64,0.4,0.5,0.71,0.46,0.34,0.32,0.42,0.47,0.52,0.4,0.59,0.52,0.61,0.32,0.55,0.29,0.0,0.0,0.08,0.3,0.12,0.0,0.0,0.0,0.0,0.38,0.33,0.47,0.27,0.48,0.51,0.2,0.36,0.4,0.31,0.38,0.51,0.0,0.0,0.57,0.51,0.36,0.49,0.47,0.61,0.46,0.0,0.4,0.47,0.51,0.4,0.55,0.27,0.4
8105,0.0,0.44,0.41,0.0,0.0,0.51,0.0,0.0,0.38,0.56,0.44,0.08,0.44,0.34,0.35,0.29,0.4,0.71,0.73,0.32,0.68,0.33,0.33,0.36,0.46,0.27,0.0,0.0,0.15,0.27,0.26,0.0,0.0,0.0,0.0,0.29,0.31,0.54,0.24,0.52,0.55,0.41,0.39,0.44,0.34,0.41,0.55,0.0,0.0,0.63,0.48,0.4,0.3,0.23,0.34,0.25,0.0,0.21,0.5,0.34,0.48,0.46,0.19,0.5
8106,0.0,0.06,0.04,0.0,0.0,0.66,0.0,0.0,0.46,0.6,0.52,0.05,0.26,0.42,0.37,0.31,0.34,0.36,0.44,0.39,0.6,0.42,0.34,0.38,0.64,0.14,0.0,0.0,0.14,0.06,0.06,0.0,0.0,0.0,0.0,0.35,0.33,0.49,0.3,0.45,0.38,0.3,0.36,0.38,0.39,0.33,0.62,0.0,0.0,0.62,0.28,0.31,0.24,0.25,0.19,0.14,0.0,0.23,0.3,0.13,0.21,0.32,0.32,0.24
8107,0.0,0.01,0.01,0.0,0.0,0.28,0.0,0.0,0.21,0.26,0.2,0.02,0.16,0.25,0.12,0.1,0.19,0.14,0.14,0.12,0.23,0.2,0.1,0.19,0.43,0.01,0.0,0.0,0.01,0.01,0.01,0.0,0.0,0.0,0.0,0.2,0.14,0.22,0.24,0.21,0.14,0.24,0.21,0.15,0.19,0.24,0.3,0.0,0.0,0.38,0.08,0.02,0.08,0.05,0.07,0.06,0.0,0.07,0.08,0.04,0.14,0.07,0.01,0.12
8108,0.0,0.0,0.0,0.0,0.0,0.0,0.0,0.0,0.0,0.0,0.0,0.0,0.0,0.0,0.0,0.0,0.0,0.0,0.0,0.0,0.0,0.0,0.0,0.0,0.0,0.0,0.0,0.0,0.0,0.0,0.0,0.0,0.0,0.0,0.0,0.0,0.0,0.0,0.0,0.0,0.0,0.0,0.0,0.0,0.0,0.0,0.0,0.0,0.0,0.0,0.0,0.0,0.0,0.0,0.0,0.0,0.0,0.0,0.0,0.0,0.0,0.0,0.0,0.0
8109,0.0,0.0,0.0,0.0,0.0,0.0,0.0,0.0,0.0,0.0,0.0,0.0,0.0,0.0,0.0,0.0,0.0,0.0,0.0,0.0,0.0,0.0,0.0,0.0,0.0,0.0,0.0,0.0,0.0,0.0,0.0,0.0,0.0,0.0,0.0,0.0,0.0,0.0,0.0,0.0,0.0,0.0,0.0,0.0,0.0,0.0,0.0,0.0,0.0,0.0,0.0,0.0,0.0,0.0,0.0,0.0,0.0,0.0,0.0,0.0,0.0,0.0,0.0,0.0
8110,0.0,0.0,0.0,0.0,0.0,0.0,0.0,0.0,0.0,0.0,0.0,0.0,0.0,0.0,0.0,0.0,0.0,0.0,0.0,0.0,0.0,0.0,0.0,0.0,0.0,0.0,0.0,0.0,0.0,0.0,0.0,0.0,0.0,0.0,0.0,0.0,0.0,0.0,0.0,0.0,0.0,0.0,0.0,0.0,0.0,0.0,0.0,0.0,0.0,0.0,0.0,0.0,0.0,0.0,0.0,0.0,0.0,0.0,0.0,0.0,0.0,0.0,0.0,0.0
8111,0.0,0.0,0.0,0.0,0.0,0.0,0.0,0.0,0.0,0.0,0.0,0.0,0.0,0.0,0.0,0.0,0.0,0.0,0.0,0.0,0.0,0.0,0.0,0.0,0.0,0.0,0.0,0.0,0.0,0.0,0.0,0.0,0.0,0.0,0.0,0.0,0.0,0.0,0.0,0.0,0.0,0.0,0.0,0.0,0.0,0.0,0.0,0.0,0.0,0.0,0.0,0.0,0.0,0.0,0.0,0.0,0.0,0.0,0.0,0.0,0.0,0.0,0.0,0.0
8112,0.0,0.0,0.0,0.0,0.0,0.0,0.0,0.0,0.0,0.0,0.0,0.0,0.0,0.0,0.0,0.0,0.0,0.0,0.0,0.0,0.0,0.0,0.0,0.0,0.0,0.0,0.0,0.0,0.0,0.0,0.0,0.0,0.0,0.0,0.0,0.0,0.0,0.0,0.0,0.0,0.0,0.0,0.0,0.0,0.0,0.0,0.0,0.0,0.0,0.0,0.0,0.0,0.0,0.0,0.0,0.0,0.0,0.0,0.0,0.0,0.0,0.0,0.0,0.0
8113,0.0,0.0,0.0,0.0,0.0,0.0,0.0,0.0,0.0,0.0,0.0,0.0,0.0,0.0,0.0,0.0,0.0,0.0,0.0,0.0,0.0,0.0,0.0,0.0,0.0,0.0,0.0,0.0,0.0,0.0,0.0,0.0,0.0,0.0,0.0,0.0,0.0,0.0,0.0,0.0,0.0,0.0,0.0,0.0,0.0,0.0,0.0,0.0,0.0,0.0,0.0,0.0,0.0,0.0,0.0,0.0,0.0,0.0,0.0,0.0,0.0,0.0,0.0,0.0
8114,0.0,0.0,0.0,0.0,0.0,0.0,0.0,0.0,0.0,0.0,0.0,0.0,0.0,0.0,0.0,0.0,0.0,0.0,0.0,0.0,0.0,0.0,0.0,0.0,0.0,0.0,0.0,0.0,0.0,0.0,0.0,0.0,0.0,0.0,0.0,0.0,0.0,0.0,0.0,0.0,0.0,0.0,0.0,0.0,0.0,0.0,0.0,0.0,0.0,0.0,0.0,0.0,0.0,0.0,0.0,0.0,0.0,0.0,0.0,0.0,0.0,0.0,0.0,0.0
8115,0.0,0.0,0.0,0.0,0.0,0.0,0.0,0.0,0.0,0.0,0.0,0.0,0.0,0.0,0.0,0.0,0.0,0.0,0.0,0.0,0.0,0.0,0.0,0.0,0.0,0.0,0.0,0.0,0.0,0.0,0.0,0.0,0.0,0.0,0.0,0.0,0.0,0.0,0.0,0.0,0.0,0.0,0.0,0.0,0.0,0.0,0.0,0.0,0.0,0.0,0.0,0.0,0.0,0.0,0.0,0.0,0.0,0.0,0.0,0.0,0.0,0.0,0.0,0.0
8116,0.0,0.0,0.0,0.0,0.0,0.0,0.0,0.0,0.0,0.0,0.0,0.0,0.0,0.0,0.0,0.0,0.0,0.0,0.0,0.0,0.0,0.0,0.0,0.0,0.0,0.0,0.0,0.0,0.0,0.0,0.0,0.0,0.0,0.0,0.0,0.0,0.0,0.0,0.0,0.0,0.0,0.0,0.0,0.0,0.0,0.0,0.0,0.0,0.0,0.0,0.0,0.0,0.0,0.0,0.0,0.0,0.0,0.0,0.0,0.0,0.0,0.0,0.0,0.0
8117,0.0,0.0,0.0,0.0,0.0,0.0,0.0,0.0,0.0,0.0,0.0,0.0,0.0,0.0,0.0,0.0,0.0,0.0,0.0,0.0,0.0,0.0,0.0,0.0,0.0,0.0,0.0,0.0,0.0,0.0,0.0,0.0,0.0,0.0,0.0,0.0,0.0,0.0,0.0,0.0,0.0,0.0,0.0,0.0,0.0,0.0,0.0,0.0,0.0,0.0,0.0,0.0,0.0,0.0,0.0,0.0,0.0,0.0,0.0,0.0,0.0,0.0,0.0,0.0
8118,0.0,0.0,0.0,0.0,0.0,0.0,0.0,0.0,0.0,0.0,0.0,0.0,0.0,0.0,0.0,0.0,0.0,0.0,0.0,0.0,0.0,0.0,0.0,0.0,0.0,0.0,0.0,0.0,0.0,0.0,0.0,0.0,0.0,0.0,0.0,0.0,0.0,0.0,0.0,0.0,0.0,0.0,0.0,0.0,0.0,0.0,0.0,0.0,0.0,0.0,0.0,0.0,0.0,0.0,0.0,0.0,0.0,0.0,0.0,0.0,0.0,0.0,0.0,0.0
8119,0.0,0.0,0.0,0.0,0.0,0.0,0.0,0.0,0.0,0.0,0.0,0.0,0.0,0.0,0.0,0.0,0.0,0.0,0.0,0.0,0.0,0.0,0.0,0.0,0.0,0.0,0.0,0.0,0.0,0.0,0.0,0.0,0.0,0.0,0.0,0.0,0.0,0.0,0.0,0.0,0.0,0.0,0.0,0.0,0.0,0.0,0.0,0.0,0.0,0.0,0.0,0.0,0.0,0.0,0.0,0.0,0.0,0.0,0.0,0.0,0.0,0.0,0.0,0.0
8120,0.0,0.0,0.0,0.0,0.0,0.0,0.0,0.0,0.0,0.0,0.0,0.0,0.0,0.0,0.0,0.0,0.0,0.0,0.0,0.0,0.0,0.0,0.0,0.0,0.0,0.0,0.0,0.0,0.0,0.0,0.0,0.0,0.0,0.0,0.0,0.0,0.0,0.0,0.0,0.0,0.0,0.0,0.0,0.0,0.0,0.0,0.0,0.0,0.0,0.0,0.0,0.0,0.0,0.0,0.0,0.0,0.0,0.0,0.0,0.0,0.0,0.0,0.0,0.0
8121,0.0,0.0,0.0,0.0,0.0,0.0,0.0,0.0,0.0,0.0,0.0,0.0,0.0,0.0,0.0,0.0,0.0,0.0,0.0,0.0,0.0,0.0,0.0,0.0,0.0,0.0,0.0,0.0,0.0,0.0,0.0,0.0,0.0,0.0,0.0,0.0,0.0,0.0,0.0,0.0,0.0,0.0,0.0,0.0,0.0,0.0,0.0,0.0,0.0,0.0,0.0,0.0,0.0,0.0,0.0,0.0,0.0,0.0,0.0,0.0,0.0,0.0,0.0,0.0
8122,0.0,0.0,0.0,0.0,0.0,0.0,0.0,0.0,0.0,0.0,0.0,0.0,0.0,0.0,0.0,0.0,0.0,0.0,0.0,0.0,0.0,0.0,0.0,0.0,0.0,0.0,0.0,0.0,0.0,0.0,0.0,0.0,0.0,0.0,0.0,0.0,0.0,0.0,0.0,0.0,0.0,0.0,0.0,0.0,0.0,0.0,0.0,0.0,0.0,0.0,0.0,0.0,0.0,0.0,0.0,0.0,0.0,0.0,0.0,0.0,0.0,0.0,0.0,0.0
8123,0.0,0.0,0.0,0.0,0.0,0.0,0.0,0.0,0.0,0.0,0.0,0.0,0.0,0.0,0.0,0.0,0.0,0.0,0.0,0.0,0.0,0.0,0.0,0.0,0.0,0.0,0.0,0.0,0.0,0.0,0.0,0.0,0.0,0.0,0.0,0.0,0.0,0.0,0.0,0.0,0.0,0.0,0.0,0.0,0.0,0.0,0.0,0.0,0.0,0.0,0.0,0.0,0.0,0.0,0.0,0.0,0.0,0.0,0.0,0.0,0.0,0.0,0.0,0.0
8124,0.0,0.02,0.0,0.0,0.0,0.0,0.0,0.0,0.0,0.04,0.0,0.01,0.02,0.01,0.01,0.0,0.0,0.0,0.01,0.0,0.0,0.02,0.02,0.0,0.04,0.01,0.0,0.0,0.01,0.02,0.0,0.0,0.0,0.0,0.0,0.01,0.0,0.0,0.02,0.0,0.0,0.01,0.0,0.0,0.0,0.01,0.0,0.0,0.0,0.0,0.0,0.02,0.01,0.0,0.0,0.0,0.0,0.0,0.0,0.0,0.03,0.0,0.01,0.0
8125,0.0,0.05,0.01,0.0,0.0,0.03,0.0,0.0,0.01,0.03,0.02,0.01,0.05,0.01,0.0,0.01,0.0,0.02,0.02,0.01,0.02,0.01,0.04,0.02,0.02,0.05,0.0,0.0,0.05,0.07,0.04,0.0,0.0,0.0,0.0,0.04,0.03,0.02,0.08,0.01,0.06,0.05,0.04,0.02,0.02,0.07,0.01,0.0,0.0,0.02,0.01,0.03,0.01,0.0,0.01,0.01,0.0,0.0,0.01,0.01,0.02,0.01,0.03,0.01
8126,0.0,0.04,0.04,0.0,0.0,0.01,0.0,0.0,0.03,0.07,0.04,0.02,0.04,0.02,0.04,0.04,0.01,0.02,0.01,0.03,0.03,0.02,0.03,0.07,0.03,0.02,0.0,0.0,0.02,0.05,0.03,0.0,0.0,0.0,0.0,0.06,0.08,0.01,0.11,0.01,0.02,0.08,0.07,0.21,0.08,0.11,0.0,0.0,0.0,0.0,0.03,0.12,0.02,0.03,0.02,0.04,0.0,0.02,0.02,0.02,0.04,0.02,0.07,0.03
8127,0.0,0.04,0.05,0.0,0.0,0.01,0.0,0.0,0.06,0.09,0.13,0.06,0.02,0.04,0.07,0.1,0.05,0.02,0.02,0.11,0.04,0.03,0.03,0.2,0.03,0.03,0.0,0.0,0.16,0.04,0.05,0.0,0.0,0.0,0.0,0.07,0.16,0.19,0.13,0.11,0.13,0.07,0.05,0.05,0.18,0.06,0.01,0.0,0.0,0.01,0.04,0.2,0.03,0.04,0.03,0.06,0.0,0.04,0.05,0.04,0.07,0.04,0.06,0.06
8128,0.0,0.06,0.07,0.0,0.0,0.0,0.0,0.0,0.13,0.08,0.17,0.06,0.03,0.36,0.37,0.27,0.07,0.01,0.01,0.22,0.02,0.29,0.03,0.2,0.0,0.04,0.0,0.0,0.04,0.05,0.05,0.0,0.0,0.0,0.0,0.08,0.17,0.17,0.06,0.07,0.19,0.04,0.09,0.05,0.18,0.1,0.0,0.0,0.0,0.0,0.05,0.1,0.06,0.05,0.04,0.08,0.0,0.05,0.05,0.04,0.05,0.04,0.07,0.05
8129,0.0,0.04,0.05,0.0,0.0,0.0,0.0,0.0,0.08,0.06,0.1,0.08,0.06,0.04,0.3,0.07,0.05,0.01,0.01,0.14,0.02,0.06,0.02,0.09,0.02,0.08,0.0,0.0,0.09,0.05,0.07,0.0,0.0,0.0,0.0,0.04,0.1,0.1,0.1,0.09,0.1,0.07,0.06,0.04,0.1,0.09,0.0,0.0,0.0,0.0,0.06,0.1,0.05,0.03,0.05,0.38,0.0,0.07,0.04,0.04,0.04,0.04,0.08,0.03
8130,0.0,0.01,0.01,0.0,0.0,0.01,0.0,0.0,0.05,0.04,0.06,0.04,0.04,0.04,0.04,0.05,0.03,0.0,0.0,0.03,0.01,0.05,0.01,0.03,0.0,0.14,0.0,0.0,0.08,0.02,0.04,0.0,0.0,0.0,0.0,0.03,0.07,0.11,0.06,0.08,0.08,0.03,0.04,0.04,0.03,0.05,0.0,0.0,0.0,0.0,0.03,0.04,0.04,0.02,0.07,0.07,0.0,0.04,0.03,0.03,0.03,0.02,0.02,0.02
8131,0.0,0.0,0.0,0.0,0.0,0.01,0.0,0.0,0.02,0.01,0.03,0.01,0.0,0.01,0.01,0.01,0.01,0.0,0.0,0.01,0.0,0.01,0.0,0.01,0.0,0.02,0.0,0.0,0.03,0.0,0.01,0.0,0.0,0.0,0.0,0.01,0.03,0.03,0.03,0.03,0.04,0.02,0.02,0.0,0.02,0.02,0.01,0.0,0.0,0.01,0.01,0.01,0.01,0.01,0.01,0.01,0.0,0.01,0.01,0.01,0.01,0.0,0.0,0.01
8132,0.0,0.0,0.0,0.0,0.0,0.0,0.0,0.0,0.0,0.0,0.0,0.0,0.0,0.0,0.0,0.0,0.0,0.0,0.0,0.0,0.0,0.0,0.0,0.0,0.0,0.0,0.0,0.0,0.0,0.0,0.0,0.0,0.0,0.0,0.0,0.0,0.0,0.0,0.0,0.0,0.0,0.0,0.0,0.0,0.0,0.0,0.0,0.0,0.0,0.0,0.0,0.0,0.0,0.0,0.0,0.0,0.0,0.0,0.0,0.0,0.0,0.0,0.0,0.0
8133,0.0,0.0,0.0,0.0,0.0,0.0,0.0,0.0,0.0,0.0,0.0,0.0,0.0,0.0,0.0,0.0,0.0,0.0,0.0,0.0,0.0,0.0,0.0,0.0,0.0,0.0,0.0,0.0,0.0,0.0,0.0,0.0,0.0,0.0,0.0,0.0,0.0,0.0,0.0,0.0,0.0,0.0,0.0,0.0,0.0,0.0,0.0,0.0,0.0,0.0,0.0,0.0,0.0,0.0,0.0,0.0,0.0,0.0,0.0,0.0,0.0,0.0,0.0,0.0
8134,0.0,0.0,0.0,0.0,0.0,0.0,0.0,0.0,0.0,0.0,0.0,0.0,0.0,0.0,0.0,0.0,0.0,0.0,0.0,0.0,0.0,0.0,0.0,0.0,0.0,0.0,0.0,0.0,0.0,0.0,0.0,0.0,0.0,0.0,0.0,0.0,0.0,0.0,0.0,0.0,0.0,0.0,0.0,0.0,0.0,0.0,0.0,0.0,0.0,0.0,0.0,0.0,0.0,0.0,0.0,0.0,0.0,0.0,0.0,0.0,0.0,0.0,0.0,0.0
8135,0.0,0.0,0.0,0.0,0.0,0.0,0.0,0.0,0.0,0.0,0.0,0.0,0.0,0.0,0.0,0.0,0.0,0.0,0.0,0.0,0.0,0.0,0.0,0.0,0.0,0.0,0.0,0.0,0.0,0.0,0.0,0.0,0.0,0.0,0.0,0.0,0.0,0.0,0.0,0.0,0.0,0.0,0.0,0.0,0.0,0.0,0.0,0.0,0.0,0.0,0.0,0.0,0.0,0.0,0.0,0.0,0.0,0.0,0.0,0.0,0.0,0.0,0.0,0.0
8136,0.0,0.0,0.0,0.0,0.0,0.0,0.0,0.0,0.0,0.0,0.0,0.0,0.0,0.0,0.0,0.0,0.0,0.0,0.0,0.0,0.0,0.0,0.0,0.0,0.0,0.0,0.0,0.0,0.0,0.0,0.0,0.0,0.0,0.0,0.0,0.0,0.0,0.0,0.0,0.0,0.0,0.0,0.0,0.0,0.0,0.0,0.0,0.0,0.0,0.0,0.0,0.0,0.0,0.0,0.0,0.0,0.0,0.0,0.0,0.0,0.0,0.0,0.0,0.0
8137,0.0,0.0,0.0,0.0,0.0,0.0,0.0,0.0,0.0,0.0,0.0,0.0,0.0,0.0,0.0,0.0,0.0,0.0,0.0,0.0,0.0,0.0,0.0,0.0,0.0,0.0,0.0,0.0,0.0,0.0,0.0,0.0,0.0,0.0,0.0,0.0,0.0,0.0,0.0,0.0,0.0,0.0,0.0,0.0,0.0,0.0,0.0,0.0,0.0,0.0,0.0,0.0,0.0,0.0,0.0,0.0,0.0,0.0,0.0,0.0,0.0,0.0,0.0,0.0
8138,0.0,0.0,0.0,0.0,0.0,0.0,0.0,0.0,0.0,0.0,0.0,0.0,0.0,0.0,0.0,0.0,0.0,0.0,0.0,0.0,0.0,0.0,0.0,0.0,0.0,0.0,0.0,0.0,0.0,0.0,0.0,0.0,0.0,0.0,0.0,0.0,0.0,0.0,0.0,0.0,0.0,0.0,0.0,0.0,0.0,0.0,0.0,0.0,0.0,0.0,0.0,0.0,0.0,0.0,0.0,0.0,0.0,0.0,0.0,0.0,0.0,0.0,0.0,0.0
8139,0.0,0.0,0.0,0.0,0.0,0.0,0.0,0.0,0.0,0.0,0.0,0.0,0.0,0.0,0.0,0.0,0.0,0.0,0.0,0.0,0.0,0.0,0.0,0.0,0.0,0.0,0.0,0.0,0.0,0.0,0.0,0.0,0.0,0.0,0.0,0.0,0.0,0.0,0.0,0.0,0.0,0.0,0.0,0.0,0.0,0.0,0.0,0.0,0.0,0.0,0.0,0.0,0.0,0.0,0.0,0.0,0.0,0.0,0.0,0.0,0.0,0.0,0.0,0.0
8140,0.0,0.0,0.0,0.0,0.0,0.0,0.0,0.0,0.0,0.0,0.0,0.0,0.0,0.0,0.0,0.0,0.0,0.0,0.0,0.0,0.0,0.0,0.0,0.0,0.0,0.0,0.0,0.0,0.0,0.0,0.0,0.0,0.0,0.0,0.0,0.0,0.0,0.0,0.0,0.0,0.0,0.0,0.0,0.0,0.0,0.0,0.0,0.0,0.0,0.0,0.0,0.0,0.0,0.0,0.0,0.0,0.0,0.0,0.0,0.0,0.0,0.0,0.0,0.0
8141,0.0,0.0,0.0,0.0,0.0,0.0,0.0,0.0,0.0,0.0,0.0,0.0,0.0,0.0,0.0,0.0,0.0,0.0,0.0,0.0,0.0,0.0,0.0,0.0,0.0,0.0,0.0,0.0,0.0,0.0,0.0,0.0,0.0,0.0,0.0,0.0,0.0,0.0,0.0,0.0,0.0,0.0,0.0,0.0,0.0,0.0,0.0,0.0,0.0,0.0,0.0,0.0,0.0,0.0,0.0,0.0,0.0,0.0,0.0,0.0,0.0,0.0,0.0,0.0
8142,0.0,0.0,0.0,0.0,0.0,0.0,0.0,0.0,0.0,0.0,0.0,0.0,0.0,0.0,0.0,0.0,0.0,0.0,0.0,0.0,0.0,0.0,0.0,0.0,0.0,0.0,0.0,0.0,0.0,0.0,0.0,0.0,0.0,0.0,0.0,0.0,0.0,0.0,0.0,0.0,0.0,0.0,0.0,0.0,0.0,0.0,0.0,0.0,0.0,0.0,0.0,0.0,0.0,0.0,0.0,0.0,0.0,0.0,0.0,0.0,0.0,0.0,0.0,0.0
8143,0.0,0.0,0.0,0.0,0.0,0.0,0.0,0.0,0.0,0.0,0.0,0.0,0.0,0.0,0.0,0.0,0.0,0.0,0.0,0.0,0.0,0.0,0.0,0.0,0.0,0.0,0.0,0.0,0.0,0.0,0.0,0.0,0.0,0.0,0.0,0.0,0.0,0.0,0.0,0.0,0.0,0.0,0.0,0.0,0.0,0.0,0.0,0.0,0.0,0.0,0.0,0.0,0.0,0.0,0.0,0.0,0.0,0.0,0.0,0.0,0.0,0.0,0.0,0.0
8144,0.0,0.0,0.0,0.0,0.0,0.0,0.0,0.0,0.0,0.0,0.0,0.0,0.0,0.0,0.0,0.0,0.0,0.0,0.0,0.0,0.0,0.0,0.0,0.0,0.0,0.0,0.0,0.0,0.0,0.0,0.0,0.0,0.0,0.0,0.0,0.0,0.0,0.0,0.0,0.0,0.0,0.0,0.0,0.0,0.0,0.0,0.0,0.0,0.0,0.0,0.0,0.0,0.0,0.0,0.0,0.0,0.0,0.0,0.0,0.0,0.0,0.0,0.0,0.0
8145,0.0,0.0,0.0,0.0,0.0,0.0,0.0,0.0,0.0,0.0,0.0,0.0,0.0,0.0,0.0,0.0,0.0,0.0,0.0,0.0,0.0,0.0,0.0,0.0,0.0,0.0,0.0,0.0,0.0,0.0,0.0,0.0,0.0,0.0,0.0,0.0,0.0,0.0,0.0,0.0,0.0,0.0,0.0,0.0,0.0,0.0,0.0,0.0,0.0,0.0,0.0,0.0,0.0,0.0,0.0,0.0,0.0,0.0,0.0,0.0,0.0,0.0,0.0,0.0
8146,0.0,0.0,0.0,0.0,0.0,0.0,0.0,0.0,0.0,0.0,0.0,0.0,0.0,0.0,0.0,0.0,0.0,0.0,0.0,0.0,0.0,0.0,0.0,0.0,0.0,0.0,0.0,0.0,0.0,0.0,0.0,0.0,0.0,0.0,0.0,0.0,0.0,0.0,0.0,0.0,0.0,0.0,0.0,0.0,0.0,0.0,0.0,0.0,0.0,0.0,0.0,0.0,0.0,0.0,0.0,0.0,0.0,0.0,0.0,0.0,0.0,0.0,0.0,0.0
8147,0.0,0.0,0.0,0.0,0.0,0.0,0.0,0.0,0.0,0.0,0.0,0.0,0.0,0.0,0.0,0.0,0.0,0.0,0.0,0.0,0.0,0.0,0.0,0.0,0.0,0.0,0.0,0.0,0.0,0.0,0.0,0.0,0.0,0.0,0.0,0.0,0.0,0.0,0.0,0.0,0.0,0.0,0.0,0.0,0.0,0.0,0.0,0.0,0.0,0.0,0.0,0.0,0.0,0.0,0.0,0.0,0.0,0.0,0.0,0.0,0.0,0.0,0.0,0.0
8148,0.0,0.04,0.02,0.0,0.0,0.46,0.0,0.0,0.44,0.02,0.43,0.03,0.03,0.46,0.47,0.46,0.42,0.02,0.02,0.45,0.01,0.46,0.02,0.44,0.07,0.01,0.0,0.0,0.02,0.04,0.02,0.0,0.0,0.0,0.0,0.03,0.43,0.44,0.11,0.43,0.43,0.43,0.42,0.44,0.44,0.07,0.46,0.0,0.0,0.46,0.02,0.01,0.01,0.01,0.01,0.02,0.0,0.01,0.04,0.01,0.02,0.02,0.02,0.02
8149,0.0,0.7,0.24,0.0,0.0,0.7,0.0,0.0,0.7,0.21,0.7,0.42,0.41,0.71,0.71,0.71,0.7,0.26,0.22,0.71,0.11,0.71,0.18,0.7,0.25,0.14,0.0,0.0,0.2,0.48,0.32,0.0,0.0,0.0,0.0,0.21,0.69,0.71,0.41,0.71,0.69,0.7,0.7,0.7,0.7,0.7,0.7,0.0,0.0,0.7,0.23,0.12,0.14,0.18,0.08,0.14,0.0,0.17,0.28,0.05,0.36,0.25,0.19,0.26
8150,0.0,0.75,0.76,0.0,0.0,0.76,0.0,0.0,0.76,0.34,0.76,0.79,0.77,0.77,0.77,0.77,0.75,0.78,0.5,0.76,0.27,0.77,0.39,0.76,0.39,0.62,0.0,0.0,0.75,0.75,0.75,0.0,0.0,0.0,0.0,0.75,0.74,0.76,0.75,0.77,0.74,0.75,0.75,0.76,0.76,0.75,0.76,0.0,0.0,0.76,0.52,0.24,0.77,0.38,0.17,0.24,0.0,0.28,0.5,0.14,0.44,0.48,0.75,0.56
8151,0.0,0.77,0.76,0.0,0.0,0.76,0.0,0.0,0.78,0.36,0.78,0.81,0.79,0.79,0.79,0.78,0.78,0.8,0.81,0.78,0.34,0.79,0.44,0.78,0.66,0.77,0.0,0.0,0.76,0.77,0.76,0.0,0.0,0.0,0.0,0.76,0.76,0.77,0.76,0.78,0.76,0.76,0.75,0.77,0.78,0.76,0.77,0.0,0.0,0.77,0.5,0.52,0.78,0.42,0.3,0.37,0.0,0.52,0.74,0.31,0.48,0.61,0.75,0.65
8152,0.0,0.76,0.76,0.0,0.0,0.76,0.0,0.0,0.78,0.35,0.78,0.8,0.79,0.79,0.79,0.79,0.77,0.8,0.81,0.78,0.37,0.79,0.59,0.78,0.8,0.78,0.0,0.0,0.77,0.77,0.77,0.0,0.0,0.0,0.0,0.77,0.78,0.76,0.77,0.77,0.73,0.77,0.75,0.77,0.78,0.76,0.77,0.0,0.0,0.78,0.76,0.77,0.77,0.29,0.77,0.7,0.0,0.7,0.74,0.5,0.75,0.73,0.77,0.75
8153,0.0,0.74,0.74,0.0,0.0,0.74,0.0,0.0,0.76,0.36,0.74,0.78,0.76,0.76,0.76,0.76,0.74,0.78,0.78,0.76,0.32,0.76,0.77,0.76,0.77,0.75,0.0,0.0,0.74,0.74,0.75,0.0,0.0,0.0,0.0,0.75,0.76,0.72,0.76,0.72,0.74,0.76,0.75,0.75,0.75,0.76,0.74,0.0,0.0,0.75,0.75,0.75,0.72,0.61,0.75,0.72,0.0,0.68,0.74,0.7,0.73,0.75,0.76,0.73
8154,0.0,0.69,0.7,0.0,0.0,0.67,0.0,0.0,0.68,0.36,0.68,0.69,0.68,0.68,0.68,0.68,0.66,0.69,0.7,0.68,0.22,0.68,0.68,0.69,0.7,0.7,0.0,0.0,0.69,0.69,0.69,0.0,0.0,0.0,0.0,0.69,0.69,0.66,0.7,0.66,0.68,0.69,0.68,0.68,0.69,0.7,0.67,0.0,0.0,0.67,0.7,0.7,0.66,0.68,0.68,0.58,0.0,0.68,0.68,0.43,0.69,0.69,0.7,0.69
8155,0.0,0.62,0.63,0.0,0.0,0.59,0.0,0.0,0.5,0.45,0.57,0.54,0.55,0.57,0.57,0.57,0.41,0.57,0.58,0.57,0.12,0.57,0.54,0.58,0.26,0.62,0.0,0.0,0.61,0.62,0.62,0.0,0.0,0.0,0.0,0.6,0.59,0.59,0.6,0.58,0.58,0.6,0.6,0.58,0.59,0.61,0.6,0.0,0.0,0.59,0.61,0.62,0.59,0.59,0.6,0.58,0.0,0.59,0.6,0.59,0.61,0.6,0.62,0.6
8156,0.0,0.07,0.08,0.0,0.0,0.01,0.0,0.0,0.0,0.0,0.0,0.0,0.0,0.0,0.0,0.0,0.0,0.0,0.0,0.0,0.0,0.0,0.0,0.0,0.0,0.02,0.0,0.0,0.01,0.07,0.02,0.0,0.0,0.0,0.0,0.01,0.0,0.0,0.01,0.0,0.0,0.01,0.01,0.0,0.0,0.01,0.01,0.0,0.0,0.01,0.01,0.01,0.0,0.01,0.0,0.0,0.0,0.0,0.01,0.0,0.01,0.01,0.01,0.01
8157,0.0,0.0,0.0,0.0,0.0,0.0,0.0,0.0,0.0,0.0,0.0,0.0,0.0,0.0,0.0,0.0,0.0,0.0,0.0,0.0,0.0,0.0,0.0,0.0,0.0,0.0,0.0,0.0,0.0,0.0,0.0,0.0,0.0,0.0,0.0,0.0,0.0,0.0,0.0,0.0,0.0,0.0,0.0,0.0,0.0,0.0,0.0,0.0,0.0,0.0,0.0,0.0,0.0,0.0,0.0,0.0,0.0,0.0,0.0,0.0,0.0,0.0,0.0,0.0
8158,0.0,0.0,0.0,0.0,0.0,0.0,0.0,0.0,0.0,0.0,0.0,0.0,0.0,0.0,0.0,0.0,0.0,0.0,0.0,0.0,0.0,0.0,0.0,0.0,0.0,0.0,0.0,0.0,0.0,0.0,0.0,0.0,0.0,0.0,0.0,0.0,0.0,0.0,0.0,0.0,0.0,0.0,0.0,0.0,0.0,0.0,0.0,0.0,0.0,0.0,0.0,0.0,0.0,0.0,0.0,0.0,0.0,0.0,0.0,0.0,0.0,0.0,0.0,0.0
8159,0.0,0.0,0.0,0.0,0.0,0.0,0.0,0.0,0.0,0.0,0.0,0.0,0.0,0.0,0.0,0.0,0.0,0.0,0.0,0.0,0.0,0.0,0.0,0.0,0.0,0.0,0.0,0.0,0.0,0.0,0.0,0.0,0.0,0.0,0.0,0.0,0.0,0.0,0.0,0.0,0.0,0.0,0.0,0.0,0.0,0.0,0.0,0.0,0.0,0.0,0.0,0.0,0.0,0.0,0.0,0.0,0.0,0.0,0.0,0.0,0.0,0.0,0.0,0.0
8160,0.0,0.0,0.0,0.0,0.0,0.0,0.0,0.0,0.0,0.0,0.0,0.0,0.0,0.0,0.0,0.0,0.0,0.0,0.0,0.0,0.0,0.0,0.0,0.0,0.0,0.0,0.0,0.0,0.0,0.0,0.0,0.0,0.0,0.0,0.0,0.0,0.0,0.0,0.0,0.0,0.0,0.0,0.0,0.0,0.0,0.0,0.0,0.0,0.0,0.0,0.0,0.0,0.0,0.0,0.0,0.0,0.0,0.0,0.0,0.0,0.0,0.0,0.0,0.0
8161,0.0,0.0,0.0,0.0,0.0,0.0,0.0,0.0,0.0,0.0,0.0,0.0,0.0,0.0,0.0,0.0,0.0,0.0,0.0,0.0,0.0,0.0,0.0,0.0,0.0,0.0,0.0,0.0,0.0,0.0,0.0,0.0,0.0,0.0,0.0,0.0,0.0,0.0,0.0,0.0,0.0,0.0,0.0,0.0,0.0,0.0,0.0,0.0,0.0,0.0,0.0,0.0,0.0,0.0,0.0,0.0,0.0,0.0,0.0,0.0,0.0,0.0,0.0,0.0
8162,0.0,0.0,0.0,0.0,0.0,0.0,0.0,0.0,0.0,0.0,0.0,0.0,0.0,0.0,0.0,0.0,0.0,0.0,0.0,0.0,0.0,0.0,0.0,0.0,0.0,0.0,0.0,0.0,0.0,0.0,0.0,0.0,0.0,0.0,0.0,0.0,0.0,0.0,0.0,0.0,0.0,0.0,0.0,0.0,0.0,0.0,0.0,0.0,0.0,0.0,0.0,0.0,0.0,0.0,0.0,0.0,0.0,0.0,0.0,0.0,0.0,0.0,0.0,0.0
8163,0.0,0.0,0.0,0.0,0.0,0.0,0.0,0.0,0.0,0.0,0.0,0.0,0.0,0.0,0.0,0.0,0.0,0.0,0.0,0.0,0.0,0.0,0.0,0.0,0.0,0.0,0.0,0.0,0.0,0.0,0.0,0.0,0.0,0.0,0.0,0.0,0.0,0.0,0.0,0.0,0.0,0.0,0.0,0.0,0.0,0.0,0.0,0.0,0.0,0.0,0.0,0.0,0.0,0.0,0.0,0.0,0.0,0.0,0.0,0.0,0.0,0.0,0.0,0.0
8164,0.0,0.0,0.0,0.0,0.0,0.0,0.0,0.0,0.0,0.0,0.0,0.0,0.0,0.0,0.0,0.0,0.0,0.0,0.0,0.0,0.0,0.0,0.0,0.0,0.0,0.0,0.0,0.0,0.0,0.0,0.0,0.0,0.0,0.0,0.0,0.0,0.0,0.0,0.0,0.0,0.0,0.0,0.0,0.0,0.0,0.0,0.0,0.0,0.0,0.0,0.0,0.0,0.0,0.0,0.0,0.0,0.0,0.0,0.0,0.0,0.0,0.0,0.0,0.0
8165,0.0,0.0,0.0,0.0,0.0,0.0,0.0,0.0,0.0,0.0,0.0,0.0,0.0,0.0,0.0,0.0,0.0,0.0,0.0,0.0,0.0,0.0,0.0,0.0,0.0,0.0,0.0,0.0,0.0,0.0,0.0,0.0,0.0,0.0,0.0,0.0,0.0,0.0,0.0,0.0,0.0,0.0,0.0,0.0,0.0,0.0,0.0,0.0,0.0,0.0,0.0,0.0,0.0,0.0,0.0,0.0,0.0,0.0,0.0,0.0,0.0,0.0,0.0,0.0
8166,0.0,0.0,0.0,0.0,0.0,0.0,0.0,0.0,0.0,0.0,0.0,0.0,0.0,0.0,0.0,0.0,0.0,0.0,0.0,0.0,0.0,0.0,0.0,0.0,0.0,0.0,0.0,0.0,0.0,0.0,0.0,0.0,0.0,0.0,0.0,0.0,0.0,0.0,0.0,0.0,0.0,0.0,0.0,0.0,0.0,0.0,0.0,0.0,0.0,0.0,0.0,0.0,0.0,0.0,0.0,0.0,0.0,0.0,0.0,0.0,0.0,0.0,0.0,0.0
8167,0.0,0.0,0.0,0.0,0.0,0.0,0.0,0.0,0.0,0.0,0.0,0.0,0.0,0.0,0.0,0.0,0.0,0.0,0.0,0.0,0.0,0.0,0.0,0.0,0.0,0.0,0.0,0.0,0.0,0.0,0.0,0.0,0.0,0.0,0.0,0.0,0.0,0.0,0.0,0.0,0.0,0.0,0.0,0.0,0.0,0.0,0.0,0.0,0.0,0.0,0.0,0.0,0.0,0.0,0.0,0.0,0.0,0.0,0.0,0.0,0.0,0.0,0.0,0.0
8168,0.0,0.0,0.0,0.0,0.0,0.0,0.0,0.0,0.0,0.0,0.0,0.0,0.0,0.0,0.0,0.0,0.0,0.0,0.0,0.0,0.0,0.0,0.0,0.0,0.0,0.0,0.0,0.0,0.0,0.0,0.0,0.0,0.0,0.0,0.0,0.0,0.0,0.0,0.0,0.0,0.0,0.0,0.0,0.0,0.0,0.0,0.0,0.0,0.0,0.0,0.0,0.0,0.0,0.0,0.0,0.0,0.0,0.0,0.0,0.0,0.0,0.0,0.0,0.0
8169,0.0,0.0,0.0,0.0,0.0,0.0,0.0,0.0,0.0,0.0,0.0,0.0,0.0,0.0,0.0,0.0,0.0,0.0,0.0,0.0,0.0,0.0,0.0,0.0,0.0,0.0,0.0,0.0,0.0,0.0,0.0,0.0,0.0,0.0,0.0,0.0,0.0,0.0,0.0,0.0,0.0,0.0,0.0,0.0,0.0,0.0,0.0,0.0,0.0,0.0,0.0,0.0,0.0,0.0,0.0,0.0,0.0,0.0,0.0,0.0,0.0,0.0,0.0,0.0
8170,0.0,0.0,0.0,0.0,0.0,0.0,0.0,0.0,0.0,0.0,0.0,0.0,0.0,0.0,0.0,0.0,0.0,0.0,0.0,0.0,0.0,0.0,0.0,0.0,0.0,0.0,0.0,0.0,0.0,0.0,0.0,0.0,0.0,0.0,0.0,0.0,0.0,0.0,0.0,0.0,0.0,0.0,0.0,0.0,0.0,0.0,0.0,0.0,0.0,0.0,0.0,0.0,0.0,0.0,0.0,0.0,0.0,0.0,0.0,0.0,0.0,0.0,0.0,0.0
8171,0.0,0.0,0.0,0.0,0.0,0.0,0.0,0.0,0.0,0.0,0.0,0.0,0.0,0.0,0.0,0.0,0.0,0.0,0.0,0.0,0.0,0.0,0.0,0.0,0.0,0.0,0.0,0.0,0.0,0.0,0.0,0.0,0.0,0.0,0.0,0.0,0.0,0.0,0.0,0.0,0.0,0.0,0.0,0.0,0.0,0.0,0.0,0.0,0.0,0.0,0.0,0.0,0.0,0.0,0.0,0.0,0.0,0.0,0.0,0.0,0.0,0.0,0.0,0.0
8172,0.0,0.48,0.48,0.0,0.0,0.51,0.0,0.0,0.13,0.43,0.03,0.01,0.01,0.01,0.02,0.12,0.01,0.01,0.06,0.03,0.17,0.02,0.01,0.04,0.53,0.02,0.0,0.0,0.46,0.48,0.48,0.0,0.0,0.0,0.0,0.48,0.01,0.01,0.44,0.0,0.0,0.47,0.17,0.0,0.03,0.46,0.51,0.0,0.0,0.52,0.08,0.03,0.02,0.14,0.03,0.29,0.0,0.28,0.1,0.13,0.01,0.13,0.46,0.02
8173,0.0,0.64,0.64,0.0,0.0,0.65,0.0,0.0,0.12,0.63,0.06,0.02,0.04,0.03,0.06,0.2,0.01,0.06,0.19,0.13,0.32,0.05,0.03,0.02,0.66,0.23,0.0,0.0,0.65,0.65,0.64,0.0,0.0,0.0,0.0,0.62,0.02,0.01,0.64,0.01,0.01,0.64,0.63,0.02,0.03,0.63,0.65,0.0,0.0,0.65,0.28,0.2,0.11,0.56,0.19,0.12,0.0,0.57,0.61,0.5,0.07,0.56,0.64,0.2
8174,0.0,0.73,0.73,0.0,0.0,0.73,0.0,0.0,0.09,0.27,0.05,0.03,0.23,0.03,0.34,0.12,0.23,0.09,0.32,0.14,0.27,0.03,0.06,0.05,0.74,0.17,0.0,0.0,0.74,0.74,0.74,0.0,0.0,0.0,0.0,0.73,0.6,0.05,0.18,0.04,0.19,0.28,0.27,0.72,0.72,0.16,0.74,0.0,0.0,0.74,0.69,0.16,0.44,0.06,0.7,0.56,0.0,0.11,0.69,0.7,0.28,0.38,0.73,0.7
8175,0.0,0.77,0.77,0.0,0.0,0.76,0.0,0.0,0.37,0.19,0.08,0.03,0.65,0.08,0.16,0.13,0.08,0.45,0.62,0.18,0.58,0.06,0.15,0.75,0.76,0.2,0.0,0.0,0.78,0.77,0.78,0.0,0.0,0.0,0.0,0.76,0.74,0.05,0.77,0.04,0.23,0.77,0.76,0.76,0.72,0.78,0.76,0.0,0.0,0.76,0.74,0.1,0.12,0.46,0.69,0.2,0.0,0.06,0.74,0.68,0.76,0.75,0.52,0.75
8176,0.0,0.78,0.78,0.0,0.0,0.76,0.0,0.0,0.13,0.31,0.28,0.2,0.64,0.12,0.1,0.07,0.04,0.65,0.7,0.33,0.09,0.09,0.25,0.74,0.76,0.1,0.0,0.0,0.53,0.78,0.39,0.0,0.0,0.0,0.0,0.77,0.75,0.05,0.78,0.09,0.31,0.77,0.76,0.76,0.62,0.78,0.76,0.0,0.0,0.76,0.37,0.32,0.1,0.27,0.18,0.18,0.0,0.47,0.76,0.29,0.78,0.76,0.28,0.76
8177,0.0,0.76,0.77,0.0,0.0,0.75,0.0,0.0,0.33,0.32,0.27,0.27,0.21,0.14,0.06,0.19,0.55,0.1,0.06,0.23,0.04,0.06,0.06,0.74,0.75,0.08,0.0,0.0,0.28,0.77,0.19,0.0,0.0,0.0,0.0,0.77,0.74,0.65,0.77,0.26,0.52,0.77,0.76,0.74,0.74,0.77,0.75,0.0,0.0,0.75,0.76,0.77,0.07,0.74,0.08,0.71,0.0,0.75,0.75,0.06,0.76,0.76,0.78,0.76
8178,0.0,0.7,0.26,0.0,0.0,0.69,0.0,0.0,0.14,0.05,0.63,0.17,0.09,0.31,0.22,0.65,0.54,0.2,0.28,0.12,0.02,0.18,0.58,0.66,0.68,0.72,0.0,0.0,0.22,0.71,0.72,0.0,0.0,0.0,0.0,0.71,0.68,0.57,0.7,0.64,0.69,0.7,0.69,0.67,0.67,0.7,0.69,0.0,0.0,0.69,0.13,0.18,0.69,0.65,0.02,0.62,0.0,0.67,0.68,0.67,0.68,0.68,0.06,0.67
8179,0.0,0.64,0.4,0.0,0.0,0.62,0.0,0.0,0.2,0.02,0.55,0.18,0.05,0.02,0.56,0.57,0.57,0.5,0.47,0.03,0.02,0.01,0.0,0.58,0.61,0.23,0.0,0.0,0.03,0.14,0.65,0.0,0.0,0.0,0.0,0.63,0.59,0.58,0.63,0.5,0.61,0.62,0.61,0.59,0.58,0.63,0.62,0.0,0.0,0.62,0.22,0.02,0.59,0.02,0.59,0.58,0.0,0.15,0.07,0.59,0.62,0.07,0.02,0.61
8180,0.0,0.04,0.05,0.0,0.0,0.01,0.0,0.0,0.0,0.0,0.0,0.0,0.0,0.0,0.0,0.0,0.0,0.0,0.0,0.0,0.0,0.0,0.0,0.0,0.0,0.0,0.0,0.0,0.0,0.04,0.0,0.0,0.0,0.0,0.0,0.01,0.0,0.0,0.0,0.0,0.0,0.0,0.0,0.0,0.0,0.0,0.01,0.0,0.0,0.01,0.0,0.0,0.0,0.0,0.0,0.0,0.0,0.0,0.0,0.0,0.0,0.0,0.0,0.0
8181,0.0,0.0,0.0,0.0,0.0,0.0,0.0,0.0,0.0,0.0,0.0,0.0,0.0,0.0,0.0,0.0,0.0,0.0,0.0,0.0,0.0,0.0,0.0,0.0,0.0,0.0,0.0,0.0,0.0,0.0,0.0,0.0,0.0,0.0,0.0,0.0,0.0,0.0,0.0,0.0,0.0,0.0,0.0,0.0,0.0,0.0,0.0,0.0,0.0,0.0,0.0,0.0,0.0,0.0,0.0,0.0,0.0,0.0,0.0,0.0,0.0,0.0,0.0,0.0
8182,0.0,0.0,0.0,0.0,0.0,0.0,0.0,0.0,0.0,0.0,0.0,0.0,0.0,0.0,0.0,0.0,0.0,0.0,0.0,0.0,0.0,0.0,0.0,0.0,0.0,0.0,0.0,0.0,0.0,0.0,0.0,0.0,0.0,0.0,0.0,0.0,0.0,0.0,0.0,0.0,0.0,0.0,0.0,0.0,0.0,0.0,0.0,0.0,0.0,0.0,0.0,0.0,0.0,0.0,0.0,0.0,0.0,0.0,0.0,0.0,0.0,0.0,0.0,0.0
8183,0.0,0.0,0.0,0.0,0.0,0.0,0.0,0.0,0.0,0.0,0.0,0.0,0.0,0.0,0.0,0.0,0.0,0.0,0.0,0.0,0.0,0.0,0.0,0.0,0.0,0.0,0.0,0.0,0.0,0.0,0.0,0.0,0.0,0.0,0.0,0.0,0.0,0.0,0.0,0.0,0.0,0.0,0.0,0.0,0.0,0.0,0.0,0.0,0.0,0.0,0.0,0.0,0.0,0.0,0.0,0.0,0.0,0.0,0.0,0.0,0.0,0.0,0.0,0.0
8184,0.0,0.0,0.0,0.0,0.0,0.0,0.0,0.0,0.0,0.0,0.0,0.0,0.0,0.0,0.0,0.0,0.0,0.0,0.0,0.0,0.0,0.0,0.0,0.0,0.0,0.0,0.0,0.0,0.0,0.0,0.0,0.0,0.0,0.0,0.0,0.0,0.0,0.0,0.0,0.0,0.0,0.0,0.0,0.0,0.0,0.0,0.0,0.0,0.0,0.0,0.0,0.0,0.0,0.0,0.0,0.0,0.0,0.0,0.0,0.0,0.0,0.0,0.0,0.0
8185,0.0,0.0,0.0,0.0,0.0,0.0,0.0,0.0,0.0,0.0,0.0,0.0,0.0,0.0,0.0,0.0,0.0,0.0,0.0,0.0,0.0,0.0,0.0,0.0,0.0,0.0,0.0,0.0,0.0,0.0,0.0,0.0,0.0,0.0,0.0,0.0,0.0,0.0,0.0,0.0,0.0,0.0,0.0,0.0,0.0,0.0,0.0,0.0,0.0,0.0,0.0,0.0,0.0,0.0,0.0,0.0,0.0,0.0,0.0,0.0,0.0,0.0,0.0,0.0
8186,0.0,0.0,0.0,0.0,0.0,0.0,0.0,0.0,0.0,0.0,0.0,0.0,0.0,0.0,0.0,0.0,0.0,0.0,0.0,0.0,0.0,0.0,0.0,0.0,0.0,0.0,0.0,0.0,0.0,0.0,0.0,0.0,0.0,0.0,0.0,0.0,0.0,0.0,0.0,0.0,0.0,0.0,0.0,0.0,0.0,0.0,0.0,0.0,0.0,0.0,0.0,0.0,0.0,0.0,0.0,0.0,0.0,0.0,0.0,0.0,0.0,0.0,0.0,0.0
8187,0.0,0.0,0.0,0.0,0.0,0.0,0.0,0.0,0.0,0.0,0.0,0.0,0.0,0.0,0.0,0.0,0.0,0.0,0.0,0.0,0.0,0.0,0.0,0.0,0.0,0.0,0.0,0.0,0.0,0.0,0.0,0.0,0.0,0.0,0.0,0.0,0.0,0.0,0.0,0.0,0.0,0.0,0.0,0.0,0.0,0.0,0.0,0.0,0.0,0.0,0.0,0.0,0.0,0.0,0.0,0.0,0.0,0.0,0.0,0.0,0.0,0.0,0.0,0.0
8188,0.0,0.0,0.0,0.0,0.0,0.0,0.0,0.0,0.0,0.0,0.0,0.0,0.0,0.0,0.0,0.0,0.0,0.0,0.0,0.0,0.0,0.0,0.0,0.0,0.0,0.0,0.0,0.0,0.0,0.0,0.0,0.0,0.0,0.0,0.0,0.0,0.0,0.0,0.0,0.0,0.0,0.0,0.0,0.0,0.0,0.0,0.0,0.0,0.0,0.0,0.0,0.0,0.0,0.0,0.0,0.0,0.0,0.0,0.0,0.0,0.0,0.0,0.0,0.0
8189,0.0,0.0,0.0,0.0,0.0,0.0,0.0,0.0,0.0,0.0,0.0,0.0,0.0,0.0,0.0,0.0,0.0,0.0,0.0,0.0,0.0,0.0,0.0,0.0,0.0,0.0,0.0,0.0,0.0,0.0,0.0,0.0,0.0,0.0,0.0,0.0,0.0,0.0,0.0,0.0,0.0,0.0,0.0,0.0,0.0,0.0,0.0,0.0,0.0,0.0,0.0,0.0,0.0,0.0,0.0,0.0,0.0,0.0,0.0,0.0,0.0,0.0,0.0,0.0
8190,0.0,0.0,0.0,0.0,0.0,0.0,0.0,0.0,0.0,0.0,0.0,0.0,0.0,0.0,0.0,0.0,0.0,0.0,0.0,0.0,0.0,0.0,0.0,0.0,0.0,0.0,0.0,0.0,0.0,0.0,0.0,0.0,0.0,0.0,0.0,0.0,0.0,0.0,0.0,0.0,0.0,0.0,0.0,0.0,0.0,0.0,0.0,0.0,0.0,0.0,0.0,0.0,0.0,0.0,0.0,0.0,0.0,0.0,0.0,0.0,0.0,0.0,0.0,0.0
8191,0.0,0.0,0.0,0.0,0.0,0.0,0.0,0.0,0.0,0.0,0.0,0.0,0.0,0.0,0.0,0.0,0.0,0.0,0.0,0.0,0.0,0.0,0.0,0.0,0.0,0.0,0.0,0.0,0.0,0.0,0.0,0.0,0.0,0.0,0.0,0.0,0.0,0.0,0.0,0.0,0.0,0.0,0.0,0.0,0.0,0.0,0.0,0.0,0.0,0.0,0.0,0.0,0.0,0.0,0.0,0.0,0.0,0.0,0.0,0.0,0.0,0.0,0.0,0.0
8192,0.0,0.0,0.0,0.0,0.0,0.0,0.0,0.0,0.0,0.0,0.0,0.0,0.0,0.0,0.0,0.0,0.0,0.0,0.0,0.0,0.0,0.0,0.0,0.0,0.0,0.0,0.0,0.0,0.0,0.0,0.0,0.0,0.0,0.0,0.0,0.0,0.0,0.0,0.0,0.0,0.0,0.0,0.0,0.0,0.0,0.0,0.0,0.0,0.0,0.0,0.0,0.0,0.0,0.0,0.0,0.0,0.0,0.0,0.0,0.0,0.0,0.0,0.0,0.0
8193,0.0,0.0,0.0,0.0,0.0,0.0,0.0,0.0,0.0,0.0,0.0,0.0,0.0,0.0,0.0,0.0,0.0,0.0,0.0,0.0,0.0,0.0,0.0,0.0,0.0,0.0,0.0,0.0,0.0,0.0,0.0,0.0,0.0,0.0,0.0,0.0,0.0,0.0,0.0,0.0,0.0,0.0,0.0,0.0,0.0,0.0,0.0,0.0,0.0,0.0,0.0,0.0,0.0,0.0,0.0,0.0,0.0,0.0,0.0,0.0,0.0,0.0,0.0,0.0
8194,0.0,0.0,0.0,0.0,0.0,0.0,0.0,0.0,0.0,0.0,0.0,0.0,0.0,0.0,0.0,0.0,0.0,0.0,0.0,0.0,0.0,0.0,0.0,0.0,0.0,0.0,0.0,0.0,0.0,0.0,0.0,0.0,0.0,0.0,0.0,0.0,0.0,0.0,0.0,0.0,0.0,0.0,0.0,0.0,0.0,0.0,0.0,0.0,0.0,0.0,0.0,0.0,0.0,0.0,0.0,0.0,0.0,0.0,0.0,0.0,0.0,0.0,0.0,0.0
8195,0.0,0.0,0.0,0.0,0.0,0.0,0.0,0.0,0.0,0.0,0.0,0.0,0.0,0.0,0.0,0.0,0.0,0.0,0.0,0.0,0.0,0.0,0.0,0.0,0.0,0.0,0.0,0.0,0.0,0.0,0.0,0.0,0.0,0.0,0.0,0.0,0.0,0.0,0.0,0.0,0.0,0.0,0.0,0.0,0.0,0.0,0.0,0.0,0.0,0.0,0.0,0.0,0.0,0.0,0.0,0.0,0.0,0.0,0.0,0.0,0.0,0.0,0.0,0.0
8196,0.0,0.42,0.42,0.0,0.0,0.45,0.0,0.0,0.01,0.0,0.01,0.13,0.02,0.02,0.02,0.02,0.25,0.41,0.09,0.01,0.02,0.02,0.42,0.2,0.03,0.42,0.0,0.0,0.42,0.43,0.42,0.0,0.0,0.0,0.0,0.43,0.39,0.37,0.44,0.38,0.27,0.45,0.43,0.21,0.23,0.43,0.43,0.0,0.0,0.44,0.37,0.41,0.01,0.01,0.18,0.26,0.0,0.01,0.38,0.29,0.39,0.36,0.07,0.38
8197,0.0,0.67,0.67,0.0,0.0,0.63,0.0,0.0,0.03,0.03,0.03,0.39,0.05,0.04,0.05,0.06,0.32,0.38,0.28,0.05,0.11,0.04,0.57,0.65,0.13,0.66,0.0,0.0,0.66,0.67,0.66,0.0,0.0,0.0,0.0,0.64,0.67,0.08,0.66,0.1,0.53,0.68,0.66,0.68,0.65,0.61,0.63,0.0,0.0,0.64,0.66,0.67,0.17,0.12,0.34,0.6,0.0,0.05,0.67,0.54,0.67,0.65,0.68,0.66
8198,0.0,0.72,0.73,0.0,0.0,0.69,0.0,0.0,0.06,0.07,0.06,0.58,0.13,0.07,0.1,0.15,0.12,0.24,0.34,0.08,0.05,0.07,0.44,0.71,0.28,0.73,0.0,0.0,0.7,0.73,0.72,0.0,0.0,0.0,0.0,0.71,0.67,0.08,0.74,0.14,0.68,0.75,0.74,0.71,0.7,0.75,0.7,0.0,0.0,0.7,0.7,0.74,0.28,0.17,0.7,0.65,0.0,0.1,0.7,0.66,0.72,0.69,0.73,0.72
8199,0.0,0.74,0.75,0.0,0.0,0.73,0.0,0.0,0.09,0.08,0.09,0.68,0.29,0.09,0.13,0.18,0.19,0.07,0.1,0.1,0.05,0.09,0.5,0.71,0.71,0.76,0.0,0.0,0.73,0.75,0.76,0.0,0.0,0.0,0.0,0.74,0.75,0.09,0.78,0.22,0.68,0.78,0.77,0.77,0.73,0.78,0.73,0.0,0.0,0.73,0.74,0.76,0.22,0.18,0.72,0.7,0.0,0.1,0.73,0.69,0.76,0.38,0.76,0.75
8200,0.0,0.75,0.75,0.0,0.0,0.73,0.0,0.0,0.09,0.07,0.1,0.73,0.19,0.08,0.13,0.18,0.13,0.05,0.05,0.12,0.07,0.06,0.33,0.74,0.73,0.75,0.0,0.0,0.73,0.75,0.75,0.0,0.0,0.0,0.0,0.74,0.75,0.07,0.78,0.09,0.65,0.78,0.77,0.76,0.74,0.78,0.74,0.0,0.0,0.74,0.75,0.77,0.09,0.29,0.73,0.73,0.0,0.11,0.73,0.74,0.76,0.19,0.76,0.76
8201,0.0,0.75,0.75,0.0,0.0,0.73,0.0,0.0,0.07,0.06,0.2,0.73,0.11,0.07,0.1,0.16,0.09,0.03,0.04,0.1,0.07,0.05,0.33,0.73,0.73,0.75,0.0,0.0,0.74,0.75,0.75,0.0,0.0,0.0,0.0,0.74,0.74,0.09,0.76,0.12,0.4,0.76,0.75,0.74,0.57,0.76,0.73,0.0,0.0,0.73,0.75,0.76,0.07,0.75,0.75,0.73,0.0,0.33,0.74,0.74,0.75,0.17,0.76,0.75
8202,0.0,0.7,0.71,0.0,0.0,0.69,0.0,0.0,0.05,0.04,0.66,0.69,0.02,0.06,0.07,0.09,0.11,0.02,0.02,0.07,0.1,0.03,0.28,0.7,0.68,0.71,0.0,0.0,0.7,0.7,0.7,0.0,0.0,0.0,0.0,0.7,0.69,0.08,0.71,0.08,0.38,0.71,0.7,0.69,0.7,0.72,0.69,0.0,0.0,0.69,0.71,0.72,0.06,0.7,0.71,0.69,0.0,0.71,0.71,0.7,0.71,0.13,0.72,0.71
8203,0.0,0.61,0.62,0.0,0.0,0.6,0.0,0.0,0.03,0.02,0.25,0.18,0.01,0.11,0.1,0.03,0.03,0.01,0.01,0.02,0.05,0.06,0.19,0.58,0.58,0.62,0.0,0.0,0.61,0.61,0.61,0.0,0.0,0.0,0.0,0.6,0.58,0.03,0.61,0.04,0.45,0.6,0.6,0.58,0.58,0.61,0.6,0.0,0.0,0.59,0.61,0.62,0.6,0.6,0.59,0.58,0.0,0.6,0.61,0.59,0.61,0.6,0.62,0.61
8204,0.0,0.02,0.02,0.0,0.0,0.0,0.0,0.0,0.0,0.0,0.0,0.0,0.0,0.0,0.0,0.0,0.0,0.0,0.0,0.0,0.0,0.0,0.0,0.0,0.0,0.01,0.0,0.0,0.0,0.02,0.01,0.0,0.0,0.0,0.0,0.0,0.0,0.0,0.0,0.0,0.0,0.0,0.0,0.0,0.0,0.0,0.0,0.0,0.0,0.0,0.0,0.0,0.0,0.0,0.0,0.0,0.0,0.0,0.0,0.0,0.0,0.0,0.0,0.0
8205,0.0,0.0,0.0,0.0,0.0,0.0,0.0,0.0,0.0,0.0,0.0,0.0,0.0,0.0,0.0,0.0,0.0,0.0,0.0,0.0,0.0,0.0,0.0,0.0,0.0,0.0,0.0,0.0,0.0,0.0,0.0,0.0,0.0,0.0,0.0,0.0,0.0,0.0,0.0,0.0,0.0,0.0,0.0,0.0,0.0,0.0,0.0,0.0,0.0,0.0,0.0,0.0,0.0,0.0,0.0,0.0,0.0,0.0,0.0,0.0,0.0,0.0,0.0,0.0
8206,0.0,0.0,0.0,0.0,0.0,0.0,0.0,0.0,0.0,0.0,0.0,0.0,0.0,0.0,0.0,0.0,0.0,0.0,0.0,0.0,0.0,0.0,0.0,0.0,0.0,0.0,0.0,0.0,0.0,0.0,0.0,0.0,0.0,0.0,0.0,0.0,0.0,0.0,0.0,0.0,0.0,0.0,0.0,0.0,0.0,0.0,0.0,0.0,0.0,0.0,0.0,0.0,0.0,0.0,0.0,0.0,0.0,0.0,0.0,0.0,0.0,0.0,0.0,0.0
8207,0.0,0.0,0.0,0.0,0.0,0.0,0.0,0.0,0.0,0.0,0.0,0.0,0.0,0.0,0.0,0.0,0.0,0.0,0.0,0.0,0.0,0.0,0.0,0.0,0.0,0.0,0.0,0.0,0.0,0.0,0.0,0.0,0.0,0.0,0.0,0.0,0.0,0.0,0.0,0.0,0.0,0.0,0.0,0.0,0.0,0.0,0.0,0.0,0.0,0.0,0.0,0.0,0.0,0.0,0.0,0.0,0.0,0.0,0.0,0.0,0.0,0.0,0.0,0.0
8208,0.0,0.0,0.0,0.0,0.0,0.0,0.0,0.0,0.0,0.0,0.0,0.0,0.0,0.0,0.0,0.0,0.0,0.0,0.0,0.0,0.0,0.0,0.0,0.0,0.0,0.0,0.0,0.0,0.0,0.0,0.0,0.0,0.0,0.0,0.0,0.0,0.0,0.0,0.0,0.0,0.0,0.0,0.0,0.0,0.0,0.0,0.0,0.0,0.0,0.0,0.0,0.0,0.0,0.0,0.0,0.0,0.0,0.0,0.0,0.0,0.0,0.0,0.0,0.0
8209,0.0,0.0,0.0,0.0,0.0,0.0,0.0,0.0,0.0,0.0,0.0,0.0,0.0,0.0,0.0,0.0,0.0,0.0,0.0,0.0,0.0,0.0,0.0,0.0,0.0,0.0,0.0,0.0,0.0,0.0,0.0,0.0,0.0,0.0,0.0,0.0,0.0,0.0,0.0,0.0,0.0,0.0,0.0,0.0,0.0,0.0,0.0,0.0,0.0,0.0,0.0,0.0,0.0,0.0,0.0,0.0,0.0,0.0,0.0,0.0,0.0,0.0,0.0,0.0
8210,0.0,0.0,0.0,0.0,0.0,0.0,0.0,0.0,0.0,0.0,0.0,0.0,0.0,0.0,0.0,0.0,0.0,0.0,0.0,0.0,0.0,0.0,0.0,0.0,0.0,0.0,0.0,0.0,0.0,0.0,0.0,0.0,0.0,0.0,0.0,0.0,0.0,0.0,0.0,0.0,0.0,0.0,0.0,0.0,0.0,0.0,0.0,0.0,0.0,0.0,0.0,0.0,0.0,0.0,0.0,0.0,0.0,0.0,0.0,0.0,0.0,0.0,0.0,0.0
8211,0.0,0.0,0.0,0.0,0.0,0.0,0.0,0.0,0.0,0.0,0.0,0.0,0.0,0.0,0.0,0.0,0.0,0.0,0.0,0.0,0.0,0.0,0.0,0.0,0.0,0.0,0.0,0.0,0.0,0.0,0.0,0.0,0.0,0.0,0.0,0.0,0.0,0.0,0.0,0.0,0.0,0.0,0.0,0.0,0.0,0.0,0.0,0.0,0.0,0.0,0.0,0.0,0.0,0.0,0.0,0.0,0.0,0.0,0.0,0.0,0.0,0.0,0.0,0.0
8212,0.0,0.0,0.0,0.0,0.0,0.0,0.0,0.0,0.0,0.0,0.0,0.0,0.0,0.0,0.0,0.0,0.0,0.0,0.0,0.0,0.0,0.0,0.0,0.0,0.0,0.0,0.0,0.0,0.0,0.0,0.0,0.0,0.0,0.0,0.0,0.0,0.0,0.0,0.0,0.0,0.0,0.0,0.0,0.0,0.0,0.0,0.0,0.0,0.0,0.0,0.0,0.0,0.0,0.0,0.0,0.0,0.0,0.0,0.0,0.0,0.0,0.0,0.0,0.0
8213,0.0,0.0,0.0,0.0,0.0,0.0,0.0,0.0,0.0,0.0,0.0,0.0,0.0,0.0,0.0,0.0,0.0,0.0,0.0,0.0,0.0,0.0,0.0,0.0,0.0,0.0,0.0,0.0,0.0,0.0,0.0,0.0,0.0,0.0,0.0,0.0,0.0,0.0,0.0,0.0,0.0,0.0,0.0,0.0,0.0,0.0,0.0,0.0,0.0,0.0,0.0,0.0,0.0,0.0,0.0,0.0,0.0,0.0,0.0,0.0,0.0,0.0,0.0,0.0
8214,0.0,0.0,0.0,0.0,0.0,0.0,0.0,0.0,0.0,0.0,0.0,0.0,0.0,0.0,0.0,0.0,0.0,0.0,0.0,0.0,0.0,0.0,0.0,0.0,0.0,0.0,0.0,0.0,0.0,0.0,0.0,0.0,0.0,0.0,0.0,0.0,0.0,0.0,0.0,0.0,0.0,0.0,0.0,0.0,0.0,0.0,0.0,0.0,0.0,0.0,0.0,0.0,0.0,0.0,0.0,0.0,0.0,0.0,0.0,0.0,0.0,0.0,0.0,0.0
8215,0.0,0.0,0.0,0.0,0.0,0.0,0.0,0.0,0.0,0.0,0.0,0.0,0.0,0.0,0.0,0.0,0.0,0.0,0.0,0.0,0.0,0.0,0.0,0.0,0.0,0.0,0.0,0.0,0.0,0.0,0.0,0.0,0.0,0.0,0.0,0.0,0.0,0.0,0.0,0.0,0.0,0.0,0.0,0.0,0.0,0.0,0.0,0.0,0.0,0.0,0.0,0.0,0.0,0.0,0.0,0.0,0.0,0.0,0.0,0.0,0.0,0.0,0.0,0.0
8216,0.0,0.0,0.0,0.0,0.0,0.0,0.0,0.0,0.0,0.0,0.0,0.0,0.0,0.0,0.0,0.0,0.0,0.0,0.0,0.0,0.0,0.0,0.0,0.0,0.0,0.0,0.0,0.0,0.0,0.0,0.0,0.0,0.0,0.0,0.0,0.0,0.0,0.0,0.0,0.0,0.0,0.0,0.0,0.0,0.0,0.0,0.0,0.0,0.0,0.0,0.0,0.0,0.0,0.0,0.0,0.0,0.0,0.0,0.0,0.0,0.0,0.0,0.0,0.0
8217,0.0,0.0,0.0,0.0,0.0,0.0,0.0,0.0,0.0,0.0,0.0,0.0,0.0,0.0,0.0,0.0,0.0,0.0,0.0,0.0,0.0,0.0,0.0,0.0,0.0,0.0,0.0,0.0,0.0,0.0,0.0,0.0,0.0,0.0,0.0,0.0,0.0,0.0,0.0,0.0,0.0,0.0,0.0,0.0,0.0,0.0,0.0,0.0,0.0,0.0,0.0,0.0,0.0,0.0,0.0,0.0,0.0,0.0,0.0,0.0,0.0,0.0,0.0,0.0
8218,0.0,0.0,0.0,0.0,0.0,0.0,0.0,0.0,0.0,0.0,0.0,0.0,0.0,0.0,0.0,0.0,0.0,0.0,0.0,0.0,0.0,0.0,0.0,0.0,0.0,0.0,0.0,0.0,0.0,0.0,0.0,0.0,0.0,0.0,0.0,0.0,0.0,0.0,0.0,0.0,0.0,0.0,0.0,0.0,0.0,0.0,0.0,0.0,0.0,0.0,0.0,0.0,0.0,0.0,0.0,0.0,0.0,0.0,0.0,0.0,0.0,0.0,0.0,0.0
8219,0.0,0.0,0.0,0.0,0.0,0.0,0.0,0.0,0.0,0.0,0.0,0.0,0.0,0.0,0.0,0.0,0.0,0.0,0.0,0.0,0.0,0.0,0.0,0.0,0.0,0.0,0.0,0.0,0.0,0.0,0.0,0.0,0.0,0.0,0.0,0.0,0.0,0.0,0.0,0.0,0.0,0.0,0.0,0.0,0.0,0.0,0.0,0.0,0.0,0.0,0.0,0.0,0.0,0.0,0.0,0.0,0.0,0.0,0.0,0.0,0.0,0.0,0.0,0.0
8220,0.0,0.54,0.54,0.0,0.0,0.56,0.0,0.0,0.56,0.54,0.54,0.56,0.58,0.57,0.57,0.57,0.56,0.56,0.55,0.57,0.27,0.57,0.57,0.56,0.58,0.54,0.0,0.0,0.54,0.54,0.54,0.0,0.0,0.0,0.0,0.55,0.55,0.54,0.53,0.55,0.55,0.54,0.54,0.55,0.56,0.54,0.56,0.0,0.0,0.56,0.54,0.54,0.54,0.52,0.54,0.48,0.0,0.52,0.54,0.52,0.54,0.54,0.54,0.54
8221,0.0,0.64,0.64,0.0,0.0,0.67,0.0,0.0,0.66,0.65,0.64,0.66,0.68,0.67,0.68,0.68,0.64,0.65,0.65,0.68,0.66,0.67,0.68,0.66,0.67,0.64,0.0,0.0,0.63,0.63,0.63,0.0,0.0,0.0,0.0,0.64,0.66,0.66,0.64,0.66,0.67,0.64,0.64,0.67,0.67,0.64,0.67,0.0,0.0,0.68,0.66,0.65,0.66,0.65,0.66,0.62,0.0,0.64,0.65,0.64,0.66,0.66,0.65,0.66
8222,0.0,0.71,0.71,0.0,0.0,0.73,0.0,0.0,0.72,0.73,0.7,0.71,0.74,0.72,0.73,0.73,0.73,0.7,0.71,0.73,0.73,0.72,0.74,0.72,0.73,0.72,0.0,0.0,0.71,0.71,0.71,0.0,0.0,0.0,0.0,0.72,0.74,0.74,0.72,0.74,0.74,0.71,0.72,0.73,0.73,0.72,0.73,0.0,0.0,0.73,0.74,0.73,0.74,0.71,0.74,0.67,0.0,0.7,0.73,0.72,0.74,0.73,0.72,0.73
8223,0.0,0.74,0.74,0.0,0.0,0.74,0.0,0.0,0.71,0.76,0.73,0.76,0.76,0.74,0.74,0.74,0.76,0.74,0.74,0.74,0.76,0.74,0.76,0.74,0.75,0.75,0.0,0.0,0.74,0.74,0.75,0.0,0.0,0.0,0.0,0.75,0.76,0.77,0.75,0.77,0.76,0.74,0.75,0.75,0.75,0.76,0.74,0.0,0.0,0.75,0.77,0.76,0.74,0.76,0.76,0.7,0.0,0.75,0.76,0.72,0.76,0.77,0.75,0.76
8224,0.0,0.75,0.76,0.0,0.0,0.73,0.0,0.0,0.73,0.76,0.75,0.76,0.76,0.74,0.74,0.73,0.76,0.75,0.75,0.72,0.76,0.74,0.75,0.74,0.76,0.76,0.0,0.0,0.76,0.75,0.76,0.0,0.0,0.0,0.0,0.76,0.76,0.78,0.76,0.78,0.77,0.76,0.76,0.75,0.75,0.77,0.73,0.0,0.0,0.74,0.78,0.77,0.78,0.78,0.78,0.75,0.0,0.77,0.77,0.76,0.77,0.78,0.77,0.77
8225,0.0,0.74,0.75,0.0,0.0,0.7,0.0,0.0,0.72,0.72,0.74,0.75,0.72,0.7,0.7,0.69,0.74,0.73,0.74,0.7,0.74,0.72,0.71,0.73,0.74,0.74,0.0,0.0,0.75,0.74,0.75,0.0,0.0,0.0,0.0,0.75,0.74,0.76,0.75,0.76,0.75,0.75,0.74,0.74,0.74,0.75,0.7,0.0,0.0,0.72,0.76,0.75,0.76,0.76,0.76,0.73,0.0,0.75,0.75,0.75,0.76,0.76,0.75,0.75
8226,0.0,0.66,0.64,0.0,0.0,0.66,0.0,0.0,0.66,0.65,0.67,0.68,0.64,0.64,0.63,0.64,0.68,0.66,0.66,0.64,0.67,0.64,0.63,0.68,0.67,0.61,0.0,0.0,0.58,0.66,0.66,0.0,0.0,0.0,0.0,0.68,0.69,0.69,0.69,0.69,0.69,0.69,0.69,0.68,0.68,0.7,0.67,0.0,0.0,0.66,0.64,0.6,0.69,0.63,0.69,0.57,0.0,0.64,0.65,0.68,0.59,0.66,0.6,0.64
8227,0.0,0.36,0.35,0.0,0.0,0.59,0.0,0.0,0.56,0.54,0.57,0.58,0.53,0.54,0.54,0.55,0.58,0.55,0.56,0.55,0.56,0.54,0.52,0.58,0.58,0.18,0.0,0.0,0.22,0.3,0.18,0.0,0.0,0.0,0.0,0.45,0.59,0.59,0.49,0.59,0.6,0.53,0.53,0.59,0.58,0.52,0.59,0.0,0.0,0.57,0.29,0.23,0.46,0.6,0.59,0.42,0.0,0.48,0.3,0.35,0.36,0.22,0.23,0.47
8228,0.0,0.0,0.01,0.0,0.0,0.0,0.0,0.0,0.0,0.0,0.0,0.0,0.0,0.0,0.0,0.0,0.0,0.0,0.0,0.0,0.0,0.0,0.0,0.0,0.0,0.0,0.0,0.0,0.0,0.0,0.0,0.0,0.0,0.0,0.0,0.0,0.0,0.0,0.0,0.0,0.0,0.0,0.0,0.0,0.0,0.0,0.0,0.0,0.0,0.0,0.0,0.0,0.0,0.0,0.0,0.0,0.0,0.0,0.0,0.0,0.0,0.0,0.0,0.0
8229,0.0,0.0,0.0,0.0,0.0,0.0,0.0,0.0,0.0,0.0,0.0,0.0,0.0,0.0,0.0,0.0,0.0,0.0,0.0,0.0,0.0,0.0,0.0,0.0,0.0,0.0,0.0,0.0,0.0,0.0,0.0,0.0,0.0,0.0,0.0,0.0,0.0,0.0,0.0,0.0,0.0,0.0,0.0,0.0,0.0,0.0,0.0,0.0,0.0,0.0,0.0,0.0,0.0,0.0,0.0,0.0,0.0,0.0,0.0,0.0,0.0,0.0,0.0,0.0
8230,0.0,0.0,0.0,0.0,0.0,0.0,0.0,0.0,0.0,0.0,0.0,0.0,0.0,0.0,0.0,0.0,0.0,0.0,0.0,0.0,0.0,0.0,0.0,0.0,0.0,0.0,0.0,0.0,0.0,0.0,0.0,0.0,0.0,0.0,0.0,0.0,0.0,0.0,0.0,0.0,0.0,0.0,0.0,0.0,0.0,0.0,0.0,0.0,0.0,0.0,0.0,0.0,0.0,0.0,0.0,0.0,0.0,0.0,0.0,0.0,0.0,0.0,0.0,0.0
8231,0.0,0.0,0.0,0.0,0.0,0.0,0.0,0.0,0.0,0.0,0.0,0.0,0.0,0.0,0.0,0.0,0.0,0.0,0.0,0.0,0.0,0.0,0.0,0.0,0.0,0.0,0.0,0.0,0.0,0.0,0.0,0.0,0.0,0.0,0.0,0.0,0.0,0.0,0.0,0.0,0.0,0.0,0.0,0.0,0.0,0.0,0.0,0.0,0.0,0.0,0.0,0.0,0.0,0.0,0.0,0.0,0.0,0.0,0.0,0.0,0.0,0.0,0.0,0.0
8232,0.0,0.0,0.0,0.0,0.0,0.0,0.0,0.0,0.0,0.0,0.0,0.0,0.0,0.0,0.0,0.0,0.0,0.0,0.0,0.0,0.0,0.0,0.0,0.0,0.0,0.0,0.0,0.0,0.0,0.0,0.0,0.0,0.0,0.0,0.0,0.0,0.0,0.0,0.0,0.0,0.0,0.0,0.0,0.0,0.0,0.0,0.0,0.0,0.0,0.0,0.0,0.0,0.0,0.0,0.0,0.0,0.0,0.0,0.0,0.0,0.0,0.0,0.0,0.0
8233,0.0,0.0,0.0,0.0,0.0,0.0,0.0,0.0,0.0,0.0,0.0,0.0,0.0,0.0,0.0,0.0,0.0,0.0,0.0,0.0,0.0,0.0,0.0,0.0,0.0,0.0,0.0,0.0,0.0,0.0,0.0,0.0,0.0,0.0,0.0,0.0,0.0,0.0,0.0,0.0,0.0,0.0,0.0,0.0,0.0,0.0,0.0,0.0,0.0,0.0,0.0,0.0,0.0,0.0,0.0,0.0,0.0,0.0,0.0,0.0,0.0,0.0,0.0,0.0
8234,0.0,0.0,0.0,0.0,0.0,0.0,0.0,0.0,0.0,0.0,0.0,0.0,0.0,0.0,0.0,0.0,0.0,0.0,0.0,0.0,0.0,0.0,0.0,0.0,0.0,0.0,0.0,0.0,0.0,0.0,0.0,0.0,0.0,0.0,0.0,0.0,0.0,0.0,0.0,0.0,0.0,0.0,0.0,0.0,0.0,0.0,0.0,0.0,0.0,0.0,0.0,0.0,0.0,0.0,0.0,0.0,0.0,0.0,0.0,0.0,0.0,0.0,0.0,0.0
8235,0.0,0.0,0.0,0.0,0.0,0.0,0.0,0.0,0.0,0.0,0.0,0.0,0.0,0.0,0.0,0.0,0.0,0.0,0.0,0.0,0.0,0.0,0.0,0.0,0.0,0.0,0.0,0.0,0.0,0.0,0.0,0.0,0.0,0.0,0.0,0.0,0.0,0.0,0.0,0.0,0.0,0.0,0.0,0.0,0.0,0.0,0.0,0.0,0.0,0.0,0.0,0.0,0.0,0.0,0.0,0.0,0.0,0.0,0.0,0.0,0.0,0.0,0.0,0.0
8236,0.0,0.0,0.0,0.0,0.0,0.0,0.0,0.0,0.0,0.0,0.0,0.0,0.0,0.0,0.0,0.0,0.0,0.0,0.0,0.0,0.0,0.0,0.0,0.0,0.0,0.0,0.0,0.0,0.0,0.0,0.0,0.0,0.0,0.0,0.0,0.0,0.0,0.0,0.0,0.0,0.0,0.0,0.0,0.0,0.0,0.0,0.0,0.0,0.0,0.0,0.0,0.0,0.0,0.0,0.0,0.0,0.0,0.0,0.0,0.0,0.0,0.0,0.0,0.0
8237,0.0,0.0,0.0,0.0,0.0,0.0,0.0,0.0,0.0,0.0,0.0,0.0,0.0,0.0,0.0,0.0,0.0,0.0,0.0,0.0,0.0,0.0,0.0,0.0,0.0,0.0,0.0,0.0,0.0,0.0,0.0,0.0,0.0,0.0,0.0,0.0,0.0,0.0,0.0,0.0,0.0,0.0,0.0,0.0,0.0,0.0,0.0,0.0,0.0,0.0,0.0,0.0,0.0,0.0,0.0,0.0,0.0,0.0,0.0,0.0,0.0,0.0,0.0,0.0
8238,0.0,0.0,0.0,0.0,0.0,0.0,0.0,0.0,0.0,0.0,0.0,0.0,0.0,0.0,0.0,0.0,0.0,0.0,0.0,0.0,0.0,0.0,0.0,0.0,0.0,0.0,0.0,0.0,0.0,0.0,0.0,0.0,0.0,0.0,0.0,0.0,0.0,0.0,0.0,0.0,0.0,0.0,0.0,0.0,0.0,0.0,0.0,0.0,0.0,0.0,0.0,0.0,0.0,0.0,0.0,0.0,0.0,0.0,0.0,0.0,0.0,0.0,0.0,0.0
8239,0.0,0.0,0.0,0.0,0.0,0.0,0.0,0.0,0.0,0.0,0.0,0.0,0.0,0.0,0.0,0.0,0.0,0.0,0.0,0.0,0.0,0.0,0.0,0.0,0.0,0.0,0.0,0.0,0.0,0.0,0.0,0.0,0.0,0.0,0.0,0.0,0.0,0.0,0.0,0.0,0.0,0.0,0.0,0.0,0.0,0.0,0.0,0.0,0.0,0.0,0.0,0.0,0.0,0.0,0.0,0.0,0.0,0.0,0.0,0.0,0.0,0.0,0.0,0.0
8240,0.0,0.0,0.0,0.0,0.0,0.0,0.0,0.0,0.0,0.0,0.0,0.0,0.0,0.0,0.0,0.0,0.0,0.0,0.0,0.0,0.0,0.0,0.0,0.0,0.0,0.0,0.0,0.0,0.0,0.0,0.0,0.0,0.0,0.0,0.0,0.0,0.0,0.0,0.0,0.0,0.0,0.0,0.0,0.0,0.0,0.0,0.0,0.0,0.0,0.0,0.0,0.0,0.0,0.0,0.0,0.0,0.0,0.0,0.0,0.0,0.0,0.0,0.0,0.0
8241,0.0,0.0,0.0,0.0,0.0,0.0,0.0,0.0,0.0,0.0,0.0,0.0,0.0,0.0,0.0,0.0,0.0,0.0,0.0,0.0,0.0,0.0,0.0,0.0,0.0,0.0,0.0,0.0,0.0,0.0,0.0,0.0,0.0,0.0,0.0,0.0,0.0,0.0,0.0,0.0,0.0,0.0,0.0,0.0,0.0,0.0,0.0,0.0,0.0,0.0,0.0,0.0,0.0,0.0,0.0,0.0,0.0,0.0,0.0,0.0,0.0,0.0,0.0,0.0
8242,0.0,0.0,0.0,0.0,0.0,0.0,0.0,0.0,0.0,0.0,0.0,0.0,0.0,0.0,0.0,0.0,0.0,0.0,0.0,0.0,0.0,0.0,0.0,0.0,0.0,0.0,0.0,0.0,0.0,0.0,0.0,0.0,0.0,0.0,0.0,0.0,0.0,0.0,0.0,0.0,0.0,0.0,0.0,0.0,0.0,0.0,0.0,0.0,0.0,0.0,0.0,0.0,0.0,0.0,0.0,0.0,0.0,0.0,0.0,0.0,0.0,0.0,0.0,0.0
8243,0.0,0.0,0.0,0.0,0.0,0.0,0.0,0.0,0.0,0.0,0.0,0.0,0.0,0.0,0.0,0.0,0.0,0.0,0.0,0.0,0.0,0.0,0.0,0.0,0.0,0.0,0.0,0.0,0.0,0.0,0.0,0.0,0.0,0.0,0.0,0.0,0.0,0.0,0.0,0.0,0.0,0.0,0.0,0.0,0.0,0.0,0.0,0.0,0.0,0.0,0.0,0.0,0.0,0.0,0.0,0.0,0.0,0.0,0.0,0.0,0.0,0.0,0.0,0.0
8244,0.0,0.46,0.43,0.0,0.0,0.47,0.0,0.0,0.33,0.43,0.26,0.4,0.38,0.51,0.51,0.44,0.3,0.41,0.42,0.38,0.33,0.51,0.45,0.45,0.54,0.43,0.0,0.0,0.28,0.47,0.43,0.0,0.0,0.0,0.0,0.36,0.42,0.26,0.48,0.27,0.49,0.47,0.45,0.37,0.47,0.42,0.46,0.0,0.0,0.45,0.35,0.41,0.27,0.39,0.42,0.14,0.0,0.14,0.35,0.29,0.37,0.37,0.32,0.33
8245,0.0,0.14,0.1,0.0,0.0,0.64,0.0,0.0,0.51,0.64,0.63,0.55,0.67,0.61,0.55,0.57,0.63,0.55,0.48,0.57,0.64,0.6,0.66,0.64,0.68,0.57,0.0,0.0,0.63,0.4,0.54,0.0,0.0,0.0,0.0,0.64,0.65,0.68,0.6,0.68,0.12,0.62,0.65,0.65,0.64,0.65,0.64,0.0,0.0,0.65,0.65,0.58,0.67,0.63,0.39,0.29,0.0,0.41,0.64,0.3,0.66,0.63,0.56,0.65
8246,0.0,0.07,0.19,0.0,0.0,0.73,0.0,0.0,0.69,0.73,0.72,0.72,0.52,0.73,0.72,0.7,0.51,0.69,0.72,0.68,0.68,0.7,0.7,0.71,0.71,0.18,0.0,0.0,0.34,0.08,0.19,0.0,0.0,0.0,0.0,0.56,0.7,0.63,0.57,0.61,0.27,0.54,0.54,0.67,0.71,0.57,0.73,0.0,0.0,0.71,0.62,0.49,0.67,0.51,0.4,0.54,0.0,0.58,0.62,0.51,0.65,0.58,0.44,0.62
8247,0.0,0.1,0.06,0.0,0.0,0.48,0.0,0.0,0.38,0.75,0.65,0.58,0.7,0.69,0.68,0.7,0.41,0.7,0.69,0.51,0.68,0.73,0.73,0.67,0.73,0.41,0.0,0.0,0.12,0.32,0.13,0.0,0.0,0.0,0.0,0.16,0.64,0.65,0.2,0.63,0.63,0.22,0.38,0.63,0.68,0.26,0.48,0.0,0.0,0.54,0.4,0.16,0.52,0.37,0.48,0.44,0.0,0.46,0.42,0.42,0.27,0.4,0.22,0.35
8248,0.0,0.08,0.14,0.0,0.0,0.71,0.0,0.0,0.54,0.72,0.52,0.5,0.7,0.59,0.58,0.47,0.48,0.66,0.61,0.51,0.54,0.66,0.72,0.51,0.41,0.05,0.0,0.0,0.1,0.06,0.07,0.0,0.0,0.0,0.0,0.32,0.22,0.59,0.31,0.56,0.42,0.3,0.21,0.3,0.42,0.3,0.67,0.0,0.0,0.66,0.08,0.21,0.32,0.06,0.42,0.36,0.0,0.12,0.07,0.39,0.23,0.06,0.24,0.1
8249,0.0,0.08,0.09,0.0,0.0,0.53,0.0,0.0,0.25,0.42,0.2,0.35,0.64,0.53,0.53,0.43,0.19,0.38,0.35,0.38,0.48,0.58,0.5,0.2,0.51,0.06,0.0,0.0,0.03,0.08,0.06,0.0,0.0,0.0,0.0,0.04,0.26,0.1,0.28,0.09,0.08,0.31,0.26,0.3,0.23,0.25,0.64,0.0,0.0,0.68,0.08,0.19,0.06,0.09,0.1,0.05,0.0,0.06,0.08,0.05,0.07,0.08,0.47,0.08
8250,0.0,0.25,0.3,0.0,0.0,0.22,0.0,0.0,0.08,0.57,0.08,0.05,0.56,0.2,0.23,0.06,0.05,0.52,0.53,0.04,0.49,0.31,0.51,0.47,0.51,0.21,0.0,0.0,0.05,0.25,0.21,0.0,0.0,0.0,0.0,0.12,0.19,0.02,0.12,0.03,0.06,0.12,0.04,0.21,0.31,0.19,0.2,0.0,0.0,0.21,0.04,0.12,0.06,0.04,0.04,0.04,0.0,0.04,0.04,0.05,0.22,0.04,0.21,0.07
8251,0.0,0.24,0.04,0.0,0.0,0.25,0.0,0.0,0.19,0.36,0.02,0.0,0.34,0.02,0.02,0.03,0.06,0.22,0.14,0.03,0.22,0.02,0.35,0.07,0.22,0.03,0.0,0.0,0.06,0.23,0.04,0.0,0.0,0.0,0.0,0.22,0.11,0.01,0.17,0.0,0.02,0.13,0.17,0.03,0.08,0.17,0.23,0.0,0.0,0.24,0.14,0.01,0.01,0.02,0.02,0.0,0.0,0.02,0.13,0.02,0.09,0.19,0.27,0.08
8252,0.0,0.01,0.0,0.0,0.0,0.0,0.0,0.0,0.0,0.0,0.0,0.0,0.0,0.0,0.0,0.0,0.0,0.0,0.0,0.0,0.0,0.0,0.0,0.0,0.0,0.0,0.0,0.0,0.0,0.01,0.0,0.0,0.0,0.0,0.0,0.0,0.0,0.0,0.0,0.0,0.0,0.0,0.0,0.0,0.0,0.0,0.0,0.0,0.0,0.0,0.0,0.0,0.0,0.0,0.0,0.0,0.0,0.0,0.0,0.0,0.0,0.0,0.0,0.0
8253,0.0,0.0,0.0,0.0,0.0,0.0,0.0,0.0,0.0,0.0,0.0,0.0,0.0,0.0,0.0,0.0,0.0,0.0,0.0,0.0,0.0,0.0,0.0,0.0,0.0,0.0,0.0,0.0,0.0,0.0,0.0,0.0,0.0,0.0,0.0,0.0,0.0,0.0,0.0,0.0,0.0,0.0,0.0,0.0,0.0,0.0,0.0,0.0,0.0,0.0,0.0,0.0,0.0,0.0,0.0,0.0,0.0,0.0,0.0,0.0,0.0,0.0,0.0,0.0
8254,0.0,0.0,0.0,0.0,0.0,0.0,0.0,0.0,0.0,0.0,0.0,0.0,0.0,0.0,0.0,0.0,0.0,0.0,0.0,0.0,0.0,0.0,0.0,0.0,0.0,0.0,0.0,0.0,0.0,0.0,0.0,0.0,0.0,0.0,0.0,0.0,0.0,0.0,0.0,0.0,0.0,0.0,0.0,0.0,0.0,0.0,0.0,0.0,0.0,0.0,0.0,0.0,0.0,0.0,0.0,0.0,0.0,0.0,0.0,0.0,0.0,0.0,0.0,0.0
8255,0.0,0.0,0.0,0.0,0.0,0.0,0.0,0.0,0.0,0.0,0.0,0.0,0.0,0.0,0.0,0.0,0.0,0.0,0.0,0.0,0.0,0.0,0.0,0.0,0.0,0.0,0.0,0.0,0.0,0.0,0.0,0.0,0.0,0.0,0.0,0.0,0.0,0.0,0.0,0.0,0.0,0.0,0.0,0.0,0.0,0.0,0.0,0.0,0.0,0.0,0.0,0.0,0.0,0.0,0.0,0.0,0.0,0.0,0.0,0.0,0.0,0.0,0.0,0.0
8256,0.0,0.0,0.0,0.0,0.0,0.0,0.0,0.0,0.0,0.0,0.0,0.0,0.0,0.0,0.0,0.0,0.0,0.0,0.0,0.0,0.0,0.0,0.0,0.0,0.0,0.0,0.0,0.0,0.0,0.0,0.0,0.0,0.0,0.0,0.0,0.0,0.0,0.0,0.0,0.0,0.0,0.0,0.0,0.0,0.0,0.0,0.0,0.0,0.0,0.0,0.0,0.0,0.0,0.0,0.0,0.0,0.0,0.0,0.0,0.0,0.0,0.0,0.0,0.0
8257,0.0,0.0,0.0,0.0,0.0,0.0,0.0,0.0,0.0,0.0,0.0,0.0,0.0,0.0,0.0,0.0,0.0,0.0,0.0,0.0,0.0,0.0,0.0,0.0,0.0,0.0,0.0,0.0,0.0,0.0,0.0,0.0,0.0,0.0,0.0,0.0,0.0,0.0,0.0,0.0,0.0,0.0,0.0,0.0,0.0,0.0,0.0,0.0,0.0,0.0,0.0,0.0,0.0,0.0,0.0,0.0,0.0,0.0,0.0,0.0,0.0,0.0,0.0,0.0
8258,0.0,0.0,0.0,0.0,0.0,0.0,0.0,0.0,0.0,0.0,0.0,0.0,0.0,0.0,0.0,0.0,0.0,0.0,0.0,0.0,0.0,0.0,0.0,0.0,0.0,0.0,0.0,0.0,0.0,0.0,0.0,0.0,0.0,0.0,0.0,0.0,0.0,0.0,0.0,0.0,0.0,0.0,0.0,0.0,0.0,0.0,0.0,0.0,0.0,0.0,0.0,0.0,0.0,0.0,0.0,0.0,0.0,0.0,0.0,0.0,0.0,0.0,0.0,0.0
8259,0.0,0.0,0.0,0.0,0.0,0.0,0.0,0.0,0.0,0.0,0.0,0.0,0.0,0.0,0.0,0.0,0.0,0.0,0.0,0.0,0.0,0.0,0.0,0.0,0.0,0.0,0.0,0.0,0.0,0.0,0.0,0.0,0.0,0.0,0.0,0.0,0.0,0.0,0.0,0.0,0.0,0.0,0.0,0.0,0.0,0.0,0.0,0.0,0.0,0.0,0.0,0.0,0.0,0.0,0.0,0.0,0.0,0.0,0.0,0.0,0.0,0.0,0.0,0.0
8260,0.0,0.0,0.0,0.0,0.0,0.0,0.0,0.0,0.0,0.0,0.0,0.0,0.0,0.0,0.0,0.0,0.0,0.0,0.0,0.0,0.0,0.0,0.0,0.0,0.0,0.0,0.0,0.0,0.0,0.0,0.0,0.0,0.0,0.0,0.0,0.0,0.0,0.0,0.0,0.0,0.0,0.0,0.0,0.0,0.0,0.0,0.0,0.0,0.0,0.0,0.0,0.0,0.0,0.0,0.0,0.0,0.0,0.0,0.0,0.0,0.0,0.0,0.0,0.0
8261,0.0,0.0,0.0,0.0,0.0,0.0,0.0,0.0,0.0,0.0,0.0,0.0,0.0,0.0,0.0,0.0,0.0,0.0,0.0,0.0,0.0,0.0,0.0,0.0,0.0,0.0,0.0,0.0,0.0,0.0,0.0,0.0,0.0,0.0,0.0,0.0,0.0,0.0,0.0,0.0,0.0,0.0,0.0,0.0,0.0,0.0,0.0,0.0,0.0,0.0,0.0,0.0,0.0,0.0,0.0,0.0,0.0,0.0,0.0,0.0,0.0,0.0,0.0,0.0
8262,0.0,0.0,0.0,0.0,0.0,0.0,0.0,0.0,0.0,0.0,0.0,0.0,0.0,0.0,0.0,0.0,0.0,0.0,0.0,0.0,0.0,0.0,0.0,0.0,0.0,0.0,0.0,0.0,0.0,0.0,0.0,0.0,0.0,0.0,0.0,0.0,0.0,0.0,0.0,0.0,0.0,0.0,0.0,0.0,0.0,0.0,0.0,0.0,0.0,0.0,0.0,0.0,0.0,0.0,0.0,0.0,0.0,0.0,0.0,0.0,0.0,0.0,0.0,0.0
8263,0.0,0.0,0.0,0.0,0.0,0.0,0.0,0.0,0.0,0.0,0.0,0.0,0.0,0.0,0.0,0.0,0.0,0.0,0.0,0.0,0.0,0.0,0.0,0.0,0.0,0.0,0.0,0.0,0.0,0.0,0.0,0.0,0.0,0.0,0.0,0.0,0.0,0.0,0.0,0.0,0.0,0.0,0.0,0.0,0.0,0.0,0.0,0.0,0.0,0.0,0.0,0.0,0.0,0.0,0.0,0.0,0.0,0.0,0.0,0.0,0.0,0.0,0.0,0.0
8264,0.0,0.0,0.0,0.0,0.0,0.0,0.0,0.0,0.0,0.0,0.0,0.0,0.0,0.0,0.0,0.0,0.0,0.0,0.0,0.0,0.0,0.0,0.0,0.0,0.0,0.0,0.0,0.0,0.0,0.0,0.0,0.0,0.0,0.0,0.0,0.0,0.0,0.0,0.0,0.0,0.0,0.0,0.0,0.0,0.0,0.0,0.0,0.0,0.0,0.0,0.0,0.0,0.0,0.0,0.0,0.0,0.0,0.0,0.0,0.0,0.0,0.0,0.0,0.0
8265,0.0,0.0,0.0,0.0,0.0,0.0,0.0,0.0,0.0,0.0,0.0,0.0,0.0,0.0,0.0,0.0,0.0,0.0,0.0,0.0,0.0,0.0,0.0,0.0,0.0,0.0,0.0,0.0,0.0,0.0,0.0,0.0,0.0,0.0,0.0,0.0,0.0,0.0,0.0,0.0,0.0,0.0,0.0,0.0,0.0,0.0,0.0,0.0,0.0,0.0,0.0,0.0,0.0,0.0,0.0,0.0,0.0,0.0,0.0,0.0,0.0,0.0,0.0,0.0
8266,0.0,0.0,0.0,0.0,0.0,0.0,0.0,0.0,0.0,0.0,0.0,0.0,0.0,0.0,0.0,0.0,0.0,0.0,0.0,0.0,0.0,0.0,0.0,0.0,0.0,0.0,0.0,0.0,0.0,0.0,0.0,0.0,0.0,0.0,0.0,0.0,0.0,0.0,0.0,0.0,0.0,0.0,0.0,0.0,0.0,0.0,0.0,0.0,0.0,0.0,0.0,0.0,0.0,0.0,0.0,0.0,0.0,0.0,0.0,0.0,0.0,0.0,0.0,0.0
8267,0.0,0.0,0.0,0.0,0.0,0.0,0.0,0.0,0.0,0.0,0.0,0.0,0.0,0.0,0.0,0.0,0.0,0.0,0.0,0.0,0.0,0.0,0.0,0.0,0.0,0.0,0.0,0.0,0.0,0.0,0.0,0.0,0.0,0.0,0.0,0.0,0.0,0.0,0.0,0.0,0.0,0.0,0.0,0.0,0.0,0.0,0.0,0.0,0.0,0.0,0.0,0.0,0.0,0.0,0.0,0.0,0.0,0.0,0.0,0.0,0.0,0.0,0.0,0.0
8268,0.0,0.0,0.0,0.0,0.0,0.0,0.0,0.0,0.0,0.0,0.0,0.0,0.01,0.0,0.0,0.0,0.0,0.0,0.0,0.0,0.0,0.0,0.07,0.0,0.0,0.11,0.0,0.0,0.01,0.0,0.18,0.0,0.0,0.0,0.0,0.01,0.0,0.0,0.01,0.0,0.0,0.02,0.01,0.01,0.0,0.01,0.01,0.0,0.0,0.01,0.05,0.01,0.01,0.02,0.01,0.46,0.0,0.01,0.0,0.01,0.01,0.02,0.0,0.01
8269,0.0,0.02,0.03,0.0,0.0,0.0,0.0,0.0,0.0,0.02,0.01,0.0,0.05,0.0,0.0,0.0,0.01,0.0,0.0,0.0,0.0,0.0,0.08,0.01,0.0,0.02,0.0,0.0,0.05,0.02,0.02,0.0,0.0,0.0,0.0,0.26,0.02,0.01,0.1,0.01,0.06,0.02,0.01,0.02,0.03,0.02,0.0,0.0,0.0,0.0,0.02,0.02,0.02,0.04,0.01,0.6,0.0,0.02,0.02,0.05,0.03,0.02,0.05,0.02
8270,0.0,0.02,0.09,0.0,0.0,0.04,0.0,0.0,0.02,0.05,0.04,0.01,0.07,0.03,0.03,0.05,0.02,0.01,0.01,0.04,0.02,0.02,0.21,0.05,0.03,0.02,0.0,0.0,0.02,0.02,0.02,0.0,0.0,0.0,0.0,0.26,0.02,0.02,0.05,0.03,0.03,0.04,0.03,0.01,0.05,0.04,0.04,0.0,0.0,0.04,0.06,0.05,0.14,0.08,0.04,0.04,0.0,0.08,0.11,0.25,0.02,0.06,0.07,0.04
8271,0.0,0.03,0.15,0.0,0.0,0.06,0.0,0.0,0.02,0.05,0.01,0.02,0.02,0.09,0.07,0.05,0.02,0.01,0.01,0.05,0.03,0.07,0.07,0.02,0.02,0.04,0.0,0.0,0.02,0.03,0.03,0.0,0.0,0.0,0.0,0.04,0.04,0.02,0.04,0.02,0.02,0.08,0.17,0.03,0.02,0.05,0.04,0.0,0.0,0.03,0.1,0.05,0.2,0.1,0.07,0.04,0.0,0.09,0.07,0.12,0.07,0.06,0.02,0.09
8272,0.0,0.05,0.2,0.0,0.0,0.05,0.0,0.0,0.01,0.06,0.01,0.01,0.01,0.06,0.03,0.01,0.02,0.01,0.01,0.02,0.03,0.06,0.04,0.02,0.06,0.06,0.0,0.0,0.03,0.04,0.04,0.0,0.0,0.0,0.0,0.02,0.07,0.04,0.02,0.04,0.03,0.04,0.04,0.03,0.01,0.03,0.04,0.0,0.0,0.03,0.06,0.03,0.07,0.07,0.07,0.04,0.0,0.07,0.05,0.07,0.04,0.06,0.12,0.06
8273,0.0,0.04,0.07,0.0,0.0,0.03,0.0,0.0,0.01,0.03,0.01,0.0,0.04,0.02,0.0,0.01,0.01,0.01,0.02,0.02,0.01,0.02,0.05,0.01,0.02,0.06,0.0,0.0,0.1,0.04,0.06,0.0,0.0,0.0,0.0,0.06,0.02,0.01,0.03,0.01,0.09,0.03,0.03,0.01,0.0,0.03,0.03,0.0,0.0,0.03,0.02,0.07,0.03,0.03,0.02,0.02,0.0,0.05,0.03,0.06,0.02,0.01,0.11,0.02
8274,0.0,0.03,0.07,0.0,0.0,0.03,0.0,0.0,0.0,0.02,0.01,0.01,0.0,0.0,0.0,0.0,0.0,0.01,0.0,0.0,0.0,0.0,0.0,0.03,0.03,0.03,0.0,0.0,0.04,0.03,0.04,0.0,0.0,0.0,0.0,0.02,0.02,0.0,0.02,0.0,0.03,0.02,0.02,0.05,0.03,0.03,0.03,0.0,0.0,0.02,0.03,0.02,0.03,0.02,0.01,0.01,0.0,0.02,0.03,0.04,0.03,0.03,0.02,0.03
8275,0.0,0.04,0.61,0.0,0.0,0.0,0.0,0.0,0.0,0.0,0.0,0.0,0.0,0.0,0.0,0.0,0.0,0.0,0.0,0.0,0.0,0.0,0.0,0.0,0.0,0.02,0.0,0.0,0.02,0.08,0.04,0.0,0.0,0.0,0.0,0.01,0.01,0.0,0.02,0.0,0.01,0.01,0.01,0.01,0.0,0.03,0.0,0.0,0.0,0.0,0.01,0.0,0.03,0.01,0.01,0.01,0.0,0.02,0.02,0.02,0.02,0.01,0.02,0.02
8276,0.0,0.0,0.01,0.0,0.0,0.0,0.0,0.0,0.0,0.0,0.0,0.0,0.0,0.0,0.0,0.0,0.0,0.0,0.0,0.0,0.0,0.0,0.0,0.0,0.0,0.0,0.0,0.0,0.0,0.0,0.0,0.0,0.0,0.0,0.0,0.0,0.0,0.0,0.0,0.0,0.0,0.0,0.0,0.0,0.0,0.0,0.0,0.0,0.0,0.0,0.0,0.0,0.0,0.0,0.0,0.0,0.0,0.0,0.0,0.0,0.0,0.0,0.01,0.0
8277,0.0,0.0,0.0,0.0,0.0,0.0,0.0,0.0,0.0,0.0,0.0,0.0,0.0,0.0,0.0,0.0,0.0,0.0,0.0,0.0,0.0,0.0,0.0,0.0,0.0,0.0,0.0,0.0,0.0,0.0,0.0,0.0,0.0,0.0,0.0,0.0,0.0,0.0,0.0,0.0,0.0,0.0,0.0,0.0,0.0,0.0,0.0,0.0,0.0,0.0,0.0,0.0,0.0,0.0,0.0,0.0,0.0,0.0,0.0,0.0,0.0,0.0,0.0,0.0
8278,0.0,0.0,0.0,0.0,0.0,0.0,0.0,0.0,0.0,0.0,0.0,0.0,0.0,0.0,0.0,0.0,0.0,0.0,0.0,0.0,0.0,0.0,0.0,0.0,0.0,0.0,0.0,0.0,0.0,0.0,0.0,0.0,0.0,0.0,0.0,0.0,0.0,0.0,0.0,0.0,0.0,0.0,0.0,0.0,0.0,0.0,0.0,0.0,0.0,0.0,0.0,0.0,0.0,0.0,0.0,0.0,0.0,0.0,0.0,0.0,0.0,0.0,0.0,0.0
8279,0.0,0.0,0.0,0.0,0.0,0.0,0.0,0.0,0.0,0.0,0.0,0.0,0.0,0.0,0.0,0.0,0.0,0.0,0.0,0.0,0.0,0.0,0.0,0.0,0.0,0.0,0.0,0.0,0.0,0.0,0.0,0.0,0.0,0.0,0.0,0.0,0.0,0.0,0.0,0.0,0.0,0.0,0.0,0.0,0.0,0.0,0.0,0.0,0.0,0.0,0.0,0.0,0.0,0.0,0.0,0.0,0.0,0.0,0.0,0.0,0.0,0.0,0.0,0.0
8280,0.0,0.0,0.0,0.0,0.0,0.0,0.0,0.0,0.0,0.0,0.0,0.0,0.0,0.0,0.0,0.0,0.0,0.0,0.0,0.0,0.0,0.0,0.0,0.0,0.0,0.0,0.0,0.0,0.0,0.0,0.0,0.0,0.0,0.0,0.0,0.0,0.0,0.0,0.0,0.0,0.0,0.0,0.0,0.0,0.0,0.0,0.0,0.0,0.0,0.0,0.0,0.0,0.0,0.0,0.0,0.0,0.0,0.0,0.0,0.0,0.0,0.0,0.0,0.0
8281,0.0,0.0,0.0,0.0,0.0,0.0,0.0,0.0,0.0,0.0,0.0,0.0,0.0,0.0,0.0,0.0,0.0,0.0,0.0,0.0,0.0,0.0,0.0,0.0,0.0,0.0,0.0,0.0,0.0,0.0,0.0,0.0,0.0,0.0,0.0,0.0,0.0,0.0,0.0,0.0,0.0,0.0,0.0,0.0,0.0,0.0,0.0,0.0,0.0,0.0,0.0,0.0,0.0,0.0,0.0,0.0,0.0,0.0,0.0,0.0,0.0,0.0,0.0,0.0
8282,0.0,0.0,0.0,0.0,0.0,0.0,0.0,0.0,0.0,0.0,0.0,0.0,0.0,0.0,0.0,0.0,0.0,0.0,0.0,0.0,0.0,0.0,0.0,0.0,0.0,0.0,0.0,0.0,0.0,0.0,0.0,0.0,0.0,0.0,0.0,0.0,0.0,0.0,0.0,0.0,0.0,0.0,0.0,0.0,0.0,0.0,0.0,0.0,0.0,0.0,0.0,0.0,0.0,0.0,0.0,0.0,0.0,0.0,0.0,0.0,0.0,0.0,0.0,0.0
8283,0.0,0.0,0.0,0.0,0.0,0.0,0.0,0.0,0.0,0.0,0.0,0.0,0.0,0.0,0.0,0.0,0.0,0.0,0.0,0.0,0.0,0.0,0.0,0.0,0.0,0.0,0.0,0.0,0.0,0.0,0.0,0.0,0.0,0.0,0.0,0.0,0.0,0.0,0.0,0.0,0.0,0.0,0.0,0.0,0.0,0.0,0.0,0.0,0.0,0.0,0.0,0.0,0.0,0.0,0.0,0.0,0.0,0.0,0.0,0.0,0.0,0.0,0.0,0.0
8284,0.0,0.0,0.0,0.0,0.0,0.0,0.0,0.0,0.0,0.0,0.0,0.0,0.0,0.0,0.0,0.0,0.0,0.0,0.0,0.0,0.0,0.0,0.0,0.0,0.0,0.0,0.0,0.0,0.0,0.0,0.0,0.0,0.0,0.0,0.0,0.0,0.0,0.0,0.0,0.0,0.0,0.0,0.0,0.0,0.0,0.0,0.0,0.0,0.0,0.0,0.0,0.0,0.0,0.0,0.0,0.0,0.0,0.0,0.0,0.0,0.0,0.0,0.0,0.0
8285,0.0,0.0,0.0,0.0,0.0,0.0,0.0,0.0,0.0,0.0,0.0,0.0,0.0,0.0,0.0,0.0,0.0,0.0,0.0,0.0,0.0,0.0,0.0,0.0,0.0,0.0,0.0,0.0,0.0,0.0,0.0,0.0,0.0,0.0,0.0,0.0,0.0,0.0,0.0,0.0,0.0,0.0,0.0,0.0,0.0,0.0,0.0,0.0,0.0,0.0,0.0,0.0,0.0,0.0,0.0,0.0,0.0,0.0,0.0,0.0,0.0,0.0,0.0,0.0
8286,0.0,0.0,0.0,0.0,0.0,0.0,0.0,0.0,0.0,0.0,0.0,0.0,0.0,0.0,0.0,0.0,0.0,0.0,0.0,0.0,0.0,0.0,0.0,0.0,0.0,0.0,0.0,0.0,0.0,0.0,0.0,0.0,0.0,0.0,0.0,0.0,0.0,0.0,0.0,0.0,0.0,0.0,0.0,0.0,0.0,0.0,0.0,0.0,0.0,0.0,0.0,0.0,0.0,0.0,0.0,0.0,0.0,0.0,0.0,0.0,0.0,0.0,0.0,0.0
8287,0.0,0.0,0.0,0.0,0.0,0.0,0.0,0.0,0.0,0.0,0.0,0.0,0.0,0.0,0.0,0.0,0.0,0.0,0.0,0.0,0.0,0.0,0.0,0.0,0.0,0.0,0.0,0.0,0.0,0.0,0.0,0.0,0.0,0.0,0.0,0.0,0.0,0.0,0.0,0.0,0.0,0.0,0.0,0.0,0.0,0.0,0.0,0.0,0.0,0.0,0.0,0.0,0.0,0.0,0.0,0.0,0.0,0.0,0.0,0.0,0.0,0.0,0.0,0.0
8288,0.0,0.0,0.0,0.0,0.0,0.0,0.0,0.0,0.0,0.0,0.0,0.0,0.0,0.0,0.0,0.0,0.0,0.0,0.0,0.0,0.0,0.0,0.0,0.0,0.0,0.0,0.0,0.0,0.0,0.0,0.0,0.0,0.0,0.0,0.0,0.0,0.0,0.0,0.0,0.0,0.0,0.0,0.0,0.0,0.0,0.0,0.0,0.0,0.0,0.0,0.0,0.0,0.0,0.0,0.0,0.0,0.0,0.0,0.0,0.0,0.0,0.0,0.0,0.0
8289,0.0,0.0,0.0,0.0,0.0,0.0,0.0,0.0,0.0,0.0,0.0,0.0,0.0,0.0,0.0,0.0,0.0,0.0,0.0,0.0,0.0,0.0,0.0,0.0,0.0,0.0,0.0,0.0,0.0,0.0,0.0,0.0,0.0,0.0,0.0,0.0,0.0,0.0,0.0,0.0,0.0,0.0,0.0,0.0,0.0,0.0,0.0,0.0,0.0,0.0,0.0,0.0,0.0,0.0,0.0,0.0,0.0,0.0,0.0,0.0,0.0,0.0,0.0,0.0
8290,0.0,0.0,0.0,0.0,0.0,0.0,0.0,0.0,0.0,0.0,0.0,0.0,0.0,0.0,0.0,0.0,0.0,0.0,0.0,0.0,0.0,0.0,0.0,0.0,0.0,0.0,0.0,0.0,0.0,0.0,0.0,0.0,0.0,0.0,0.0,0.0,0.0,0.0,0.0,0.0,0.0,0.0,0.0,0.0,0.0,0.0,0.0,0.0,0.0,0.0,0.0,0.0,0.0,0.0,0.0,0.0,0.0,0.0,0.0,0.0,0.0,0.0,0.0,0.0
8291,0.0,0.0,0.0,0.0,0.0,0.0,0.0,0.0,0.0,0.0,0.0,0.0,0.0,0.0,0.0,0.0,0.0,0.0,0.0,0.0,0.0,0.0,0.0,0.0,0.0,0.0,0.0,0.0,0.0,0.0,0.0,0.0,0.0,0.0,0.0,0.0,0.0,0.0,0.0,0.0,0.0,0.0,0.0,0.0,0.0,0.0,0.0,0.0,0.0,0.0,0.0,0.0,0.0,0.0,0.0,0.0,0.0,0.0,0.0,0.0,0.0,0.0,0.0,0.0
8292,0.0,0.38,0.02,0.0,0.0,0.03,0.0,0.0,0.01,0.0,0.01,0.0,0.0,0.0,0.0,0.0,0.0,0.0,0.0,0.0,0.0,0.0,0.0,0.46,0.03,0.01,0.0,0.0,0.01,0.37,0.0,0.0,0.0,0.0,0.0,0.01,0.45,0.01,0.25,0.01,0.16,0.32,0.29,0.45,0.47,0.24,0.03,0.0,0.0,0.02,0.06,0.01,0.17,0.01,0.01,0.0,0.0,0.15,0.31,0.16,0.17,0.03,0.24,0.34
8293,0.0,0.1,0.22,0.0,0.0,0.7,0.0,0.0,0.1,0.01,0.64,0.02,0.02,0.02,0.04,0.06,0.03,0.01,0.01,0.07,0.0,0.02,0.01,0.69,0.18,0.06,0.0,0.0,0.08,0.04,0.04,0.0,0.0,0.0,0.0,0.69,0.7,0.04,0.61,0.05,0.54,0.62,0.62,0.7,0.7,0.59,0.7,0.0,0.0,0.7,0.13,0.05,0.26,0.01,0.19,0.03,0.0,0.03,0.31,0.05,0.5,0.06,0.67,0.48
8294,0.0,0.78,0.79,0.0,0.0,0.78,0.0,0.0,0.77,0.04,0.75,0.77,0.04,0.07,0.2,0.77,0.78,0.03,0.02,0.37,0.04,0.06,0.02,0.78,0.79,0.8,0.0,0.0,0.75,0.78,0.78,0.0,0.0,0.0,0.0,0.78,0.78,0.77,0.71,0.77,0.76,0.76,0.7,0.78,0.78,0.67,0.78,0.0,0.0,0.78,0.34,0.17,0.3,0.05,0.22,0.05,0.0,0.07,0.1,0.09,0.45,0.15,0.78,0.19
8295,0.0,0.81,0.82,0.0,0.0,0.79,0.0,0.0,0.77,0.1,0.78,0.8,0.05,0.08,0.11,0.2,0.79,0.04,0.04,0.21,0.76,0.06,0.03,0.77,0.79,0.81,0.0,0.0,0.78,0.81,0.8,0.0,0.0,0.0,0.0,0.79,0.79,0.81,0.74,0.81,0.8,0.79,0.78,0.78,0.78,0.75,0.79,0.0,0.0,0.79,0.35,0.19,0.3,0.1,0.2,0.08,0.0,0.1,0.8,0.12,0.8,0.2,0.8,0.8
8296,0.0,0.82,0.83,0.0,0.0,0.81,0.0,0.0,0.77,0.5,0.79,0.82,0.06,0.12,0.16,0.78,0.82,0.06,0.25,0.79,0.77,0.08,0.03,0.77,0.81,0.82,0.0,0.0,0.8,0.82,0.82,0.0,0.0,0.0,0.0,0.8,0.8,0.81,0.8,0.83,0.82,0.8,0.81,0.79,0.78,0.81,0.81,0.0,0.0,0.81,0.34,0.19,0.11,0.12,0.09,0.18,0.0,0.11,0.51,0.08,0.82,0.2,0.82,0.82
8297,0.0,0.82,0.82,0.0,0.0,0.79,0.0,0.0,0.76,0.13,0.78,0.8,0.04,0.24,0.25,0.75,0.81,0.15,0.15,0.76,0.24,0.08,0.02,0.76,0.79,0.82,0.0,0.0,0.8,0.81,0.81,0.0,0.0,0.0,0.0,0.79,0.79,0.8,0.78,0.82,0.79,0.8,0.78,0.78,0.78,0.76,0.79,0.0,0.0,0.78,0.45,0.17,0.08,0.18,0.06,0.8,0.0,0.11,0.82,0.15,0.81,0.25,0.82,0.81
8298,0.0,0.78,0.78,0.0,0.0,0.74,0.0,0.0,0.72,0.04,0.73,0.21,0.03,0.7,0.7,0.7,0.51,0.69,0.14,0.71,0.06,0.7,0.01,0.72,0.73,0.78,0.0,0.0,0.76,0.78,0.77,0.0,0.0,0.0,0.0,0.75,0.74,0.76,0.76,0.22,0.72,0.76,0.76,0.74,0.73,0.44,0.74,0.0,0.0,0.73,0.78,0.18,0.17,0.76,0.07,0.75,0.0,0.27,0.77,0.32,0.77,0.77,0.78,0.77
8299,0.0,0.65,0.66,0.0,0.0,0.61,0.0,0.0,0.54,0.02,0.56,0.55,0.01,0.5,0.51,0.5,0.58,0.44,0.01,0.52,0.02,0.04,0.01,0.57,0.6,0.66,0.0,0.0,0.64,0.65,0.65,0.0,0.0,0.0,0.0,0.62,0.6,0.61,0.27,0.18,0.3,0.63,0.64,0.59,0.59,0.15,0.61,0.0,0.0,0.61,0.65,0.65,0.16,0.64,0.04,0.62,0.0,0.63,0.65,0.62,0.64,0.65,0.66,0.64
8300,0.0,0.01,0.01,0.0,0.0,0.0,0.0,0.0,0.0,0.0,0.0,0.0,0.0,0.0,0.0,0.0,0.0,0.0,0.0,0.0,0.0,0.0,0.0,0.0,0.0,0.0,0.0,0.0,0.0,0.01,0.0,0.0,0.0,0.0,0.0,0.0,0.0,0.0,0.0,0.0,0.0,0.0,0.0,0.0,0.0,0.0,0.0,0.0,0.0,0.0,0.0,0.0,0.0,0.0,0.0,0.0,0.0,0.0,0.0,0.0,0.0,0.0,0.0,0.0
8301,0.0,0.0,0.0,0.0,0.0,0.0,0.0,0.0,0.0,0.0,0.0,0.0,0.0,0.0,0.0,0.0,0.0,0.0,0.0,0.0,0.0,0.0,0.0,0.0,0.0,0.0,0.0,0.0,0.0,0.0,0.0,0.0,0.0,0.0,0.0,0.0,0.0,0.0,0.0,0.0,0.0,0.0,0.0,0.0,0.0,0.0,0.0,0.0,0.0,0.0,0.0,0.0,0.0,0.0,0.0,0.0,0.0,0.0,0.0,0.0,0.0,0.0,0.0,0.0
8302,0.0,0.0,0.0,0.0,0.0,0.0,0.0,0.0,0.0,0.0,0.0,0.0,0.0,0.0,0.0,0.0,0.0,0.0,0.0,0.0,0.0,0.0,0.0,0.0,0.0,0.0,0.0,0.0,0.0,0.0,0.0,0.0,0.0,0.0,0.0,0.0,0.0,0.0,0.0,0.0,0.0,0.0,0.0,0.0,0.0,0.0,0.0,0.0,0.0,0.0,0.0,0.0,0.0,0.0,0.0,0.0,0.0,0.0,0.0,0.0,0.0,0.0,0.0,0.0
8303,0.0,0.0,0.0,0.0,0.0,0.0,0.0,0.0,0.0,0.0,0.0,0.0,0.0,0.0,0.0,0.0,0.0,0.0,0.0,0.0,0.0,0.0,0.0,0.0,0.0,0.0,0.0,0.0,0.0,0.0,0.0,0.0,0.0,0.0,0.0,0.0,0.0,0.0,0.0,0.0,0.0,0.0,0.0,0.0,0.0,0.0,0.0,0.0,0.0,0.0,0.0,0.0,0.0,0.0,0.0,0.0,0.0,0.0,0.0,0.0,0.0,0.0,0.0,0.0
8304,0.0,0.0,0.0,0.0,0.0,0.0,0.0,0.0,0.0,0.0,0.0,0.0,0.0,0.0,0.0,0.0,0.0,0.0,0.0,0.0,0.0,0.0,0.0,0.0,0.0,0.0,0.0,0.0,0.0,0.0,0.0,0.0,0.0,0.0,0.0,0.0,0.0,0.0,0.0,0.0,0.0,0.0,0.0,0.0,0.0,0.0,0.0,0.0,0.0,0.0,0.0,0.0,0.0,0.0,0.0,0.0,0.0,0.0,0.0,0.0,0.0,0.0,0.0,0.0
8305,0.0,0.0,0.0,0.0,0.0,0.0,0.0,0.0,0.0,0.0,0.0,0.0,0.0,0.0,0.0,0.0,0.0,0.0,0.0,0.0,0.0,0.0,0.0,0.0,0.0,0.0,0.0,0.0,0.0,0.0,0.0,0.0,0.0,0.0,0.0,0.0,0.0,0.0,0.0,0.0,0.0,0.0,0.0,0.0,0.0,0.0,0.0,0.0,0.0,0.0,0.0,0.0,0.0,0.0,0.0,0.0,0.0,0.0,0.0,0.0,0.0,0.0,0.0,0.0
8306,0.0,0.0,0.0,0.0,0.0,0.0,0.0,0.0,0.0,0.0,0.0,0.0,0.0,0.0,0.0,0.0,0.0,0.0,0.0,0.0,0.0,0.0,0.0,0.0,0.0,0.0,0.0,0.0,0.0,0.0,0.0,0.0,0.0,0.0,0.0,0.0,0.0,0.0,0.0,0.0,0.0,0.0,0.0,0.0,0.0,0.0,0.0,0.0,0.0,0.0,0.0,0.0,0.0,0.0,0.0,0.0,0.0,0.0,0.0,0.0,0.0,0.0,0.0,0.0
8307,0.0,0.0,0.0,0.0,0.0,0.0,0.0,0.0,0.0,0.0,0.0,0.0,0.0,0.0,0.0,0.0,0.0,0.0,0.0,0.0,0.0,0.0,0.0,0.0,0.0,0.0,0.0,0.0,0.0,0.0,0.0,0.0,0.0,0.0,0.0,0.0,0.0,0.0,0.0,0.0,0.0,0.0,0.0,0.0,0.0,0.0,0.0,0.0,0.0,0.0,0.0,0.0,0.0,0.0,0.0,0.0,0.0,0.0,0.0,0.0,0.0,0.0,0.0,0.0
8308,0.0,0.0,0.0,0.0,0.0,0.0,0.0,0.0,0.0,0.0,0.0,0.0,0.0,0.0,0.0,0.0,0.0,0.0,0.0,0.0,0.0,0.0,0.0,0.0,0.0,0.0,0.0,0.0,0.0,0.0,0.0,0.0,0.0,0.0,0.0,0.0,0.0,0.0,0.0,0.0,0.0,0.0,0.0,0.0,0.0,0.0,0.0,0.0,0.0,0.0,0.0,0.0,0.0,0.0,0.0,0.0,0.0,0.0,0.0,0.0,0.0,0.0,0.0,0.0
8309,0.0,0.0,0.0,0.0,0.0,0.0,0.0,0.0,0.0,0.0,0.0,0.0,0.0,0.0,0.0,0.0,0.0,0.0,0.0,0.0,0.0,0.0,0.0,0.0,0.0,0.0,0.0,0.0,0.0,0.0,0.0,0.0,0.0,0.0,0.0,0.0,0.0,0.0,0.0,0.0,0.0,0.0,0.0,0.0,0.0,0.0,0.0,0.0,0.0,0.0,0.0,0.0,0.0,0.0,0.0,0.0,0.0,0.0,0.0,0.0,0.0,0.0,0.0,0.0
8310,0.0,0.0,0.0,0.0,0.0,0.0,0.0,0.0,0.0,0.0,0.0,0.0,0.0,0.0,0.0,0.0,0.0,0.0,0.0,0.0,0.0,0.0,0.0,0.0,0.0,0.0,0.0,0.0,0.0,0.0,0.0,0.0,0.0,0.0,0.0,0.0,0.0,0.0,0.0,0.0,0.0,0.0,0.0,0.0,0.0,0.0,0.0,0.0,0.0,0.0,0.0,0.0,0.0,0.0,0.0,0.0,0.0,0.0,0.0,0.0,0.0,0.0,0.0,0.0
8311,0.0,0.0,0.0,0.0,0.0,0.0,0.0,0.0,0.0,0.0,0.0,0.0,0.0,0.0,0.0,0.0,0.0,0.0,0.0,0.0,0.0,0.0,0.0,0.0,0.0,0.0,0.0,0.0,0.0,0.0,0.0,0.0,0.0,0.0,0.0,0.0,0.0,0.0,0.0,0.0,0.0,0.0,0.0,0.0,0.0,0.0,0.0,0.0,0.0,0.0,0.0,0.0,0.0,0.0,0.0,0.0,0.0,0.0,0.0,0.0,0.0,0.0,0.0,0.0
8312,0.0,0.0,0.0,0.0,0.0,0.0,0.0,0.0,0.0,0.0,0.0,0.0,0.0,0.0,0.0,0.0,0.0,0.0,0.0,0.0,0.0,0.0,0.0,0.0,0.0,0.0,0.0,0.0,0.0,0.0,0.0,0.0,0.0,0.0,0.0,0.0,0.0,0.0,0.0,0.0,0.0,0.0,0.0,0.0,0.0,0.0,0.0,0.0,0.0,0.0,0.0,0.0,0.0,0.0,0.0,0.0,0.0,0.0,0.0,0.0,0.0,0.0,0.0,0.0
8313,0.0,0.0,0.0,0.0,0.0,0.0,0.0,0.0,0.0,0.0,0.0,0.0,0.0,0.0,0.0,0.0,0.0,0.0,0.0,0.0,0.0,0.0,0.0,0.0,0.0,0.0,0.0,0.0,0.0,0.0,0.0,0.0,0.0,0.0,0.0,0.0,0.0,0.0,0.0,0.0,0.0,0.0,0.0,0.0,0.0,0.0,0.0,0.0,0.0,0.0,0.0,0.0,0.0,0.0,0.0,0.0,0.0,0.0,0.0,0.0,0.0,0.0,0.0,0.0
8314,0.0,0.0,0.0,0.0,0.0,0.0,0.0,0.0,0.0,0.0,0.0,0.0,0.0,0.0,0.0,0.0,0.0,0.0,0.0,0.0,0.0,0.0,0.0,0.0,0.0,0.0,0.0,0.0,0.0,0.0,0.0,0.0,0.0,0.0,0.0,0.0,0.0,0.0,0.0,0.0,0.0,0.0,0.0,0.0,0.0,0.0,0.0,0.0,0.0,0.0,0.0,0.0,0.0,0.0,0.0,0.0,0.0,0.0,0.0,0.0,0.0,0.0,0.0,0.0
8315,0.0,0.0,0.0,0.0,0.0,0.0,0.0,0.0,0.0,0.0,0.0,0.0,0.0,0.0,0.0,0.0,0.0,0.0,0.0,0.0,0.0,0.0,0.0,0.0,0.0,0.0,0.0,0.0,0.0,0.0,0.0,0.0,0.0,0.0,0.0,0.0,0.0,0.0,0.0,0.0,0.0,0.0,0.0,0.0,0.0,0.0,0.0,0.0,0.0,0.0,0.0,0.0,0.0,0.0,0.0,0.0,0.0,0.0,0.0,0.0,0.0,0.0,0.0,0.0
8316,0.0,0.55,0.55,0.0,0.0,0.57,0.0,0.0,0.55,0.53,0.55,0.55,0.28,0.36,0.3,0.32,0.55,0.55,0.55,0.44,0.54,0.35,0.53,0.56,0.18,0.55,0.0,0.0,0.54,0.55,0.55,0.0,0.0,0.0,0.0,0.56,0.55,0.55,0.56,0.55,0.55,0.56,0.56,0.56,0.55,0.56,0.57,0.0,0.0,0.57,0.54,0.55,0.54,0.54,0.53,0.48,0.0,0.54,0.55,0.53,0.54,0.54,0.55,0.54
8317,0.0,0.68,0.69,0.0,0.0,0.68,0.0,0.0,0.68,0.66,0.69,0.71,0.65,0.67,0.31,0.66,0.7,0.65,0.68,0.5,0.67,0.47,0.67,0.68,0.3,0.68,0.0,0.0,0.67,0.68,0.67,0.0,0.0,0.0,0.0,0.69,0.68,0.71,0.69,0.71,0.7,0.69,0.69,0.68,0.68,0.7,0.68,0.0,0.0,0.67,0.66,0.66,0.66,0.63,0.65,0.58,0.0,0.64,0.66,0.64,0.65,0.65,0.68,0.65
8318,0.0,0.77,0.78,0.0,0.0,0.77,0.0,0.0,0.7,0.74,0.76,0.79,0.71,0.76,0.49,0.27,0.78,0.77,0.78,0.46,0.75,0.73,0.75,0.75,0.12,0.78,0.0,0.0,0.76,0.77,0.77,0.0,0.0,0.0,0.0,0.78,0.77,0.79,0.79,0.79,0.79,0.79,0.79,0.76,0.76,0.8,0.77,0.0,0.0,0.75,0.76,0.76,0.77,0.74,0.75,0.7,0.0,0.75,0.76,0.74,0.75,0.76,0.77,0.75
8319,0.0,0.81,0.82,0.0,0.0,0.8,0.0,0.0,0.64,0.77,0.68,0.8,0.11,0.4,0.3,0.38,0.82,0.81,0.81,0.54,0.78,0.36,0.42,0.68,0.1,0.82,0.0,0.0,0.8,0.81,0.81,0.0,0.0,0.0,0.0,0.82,0.8,0.83,0.83,0.83,0.82,0.83,0.83,0.74,0.78,0.83,0.8,0.0,0.0,0.8,0.8,0.8,0.8,0.79,0.78,0.76,0.0,0.79,0.8,0.78,0.78,0.8,0.81,0.79
8320,0.0,0.82,0.83,0.0,0.0,0.8,0.0,0.0,0.73,0.77,0.78,0.82,0.07,0.4,0.3,0.36,0.8,0.8,0.81,0.32,0.79,0.3,0.18,0.54,0.23,0.83,0.0,0.0,0.81,0.82,0.81,0.0,0.0,0.0,0.0,0.82,0.8,0.84,0.83,0.84,0.83,0.83,0.83,0.66,0.55,0.84,0.8,0.0,0.0,0.8,0.81,0.81,0.81,0.8,0.8,0.77,0.0,0.8,0.8,0.78,0.8,0.81,0.82,0.8
8321,0.0,0.8,0.8,0.0,0.0,0.78,0.0,0.0,0.56,0.74,0.76,0.8,0.0,0.11,0.01,0.01,0.78,0.31,0.48,0.2,0.76,0.04,0.03,0.56,0.12,0.8,0.0,0.0,0.79,0.8,0.79,0.0,0.0,0.0,0.0,0.8,0.77,0.8,0.81,0.79,0.81,0.8,0.8,0.62,0.69,0.81,0.78,0.0,0.0,0.77,0.79,0.79,0.79,0.77,0.78,0.75,0.0,0.78,0.79,0.77,0.78,0.79,0.8,0.78
8322,0.0,0.74,0.75,0.0,0.0,0.64,0.0,0.0,0.02,0.67,0.63,0.7,0.0,0.0,0.01,0.01,0.72,0.17,0.18,0.0,0.69,0.0,0.14,0.04,0.02,0.75,0.0,0.0,0.73,0.74,0.74,0.0,0.0,0.0,0.0,0.74,0.7,0.73,0.75,0.73,0.74,0.74,0.74,0.58,0.62,0.75,0.66,0.0,0.0,0.22,0.74,0.74,0.73,0.72,0.72,0.69,0.0,0.72,0.74,0.71,0.73,0.73,0.74,0.73
8323,0.0,0.63,0.64,0.0,0.0,0.52,0.0,0.0,0.0,0.4,0.0,0.29,0.0,0.0,0.0,0.0,0.48,0.03,0.06,0.0,0.31,0.0,0.01,0.0,0.0,0.63,0.0,0.0,0.61,0.63,0.62,0.0,0.0,0.0,0.0,0.58,0.01,0.52,0.61,0.52,0.55,0.58,0.58,0.0,0.0,0.61,0.51,0.0,0.0,0.46,0.61,0.62,0.59,0.58,0.56,0.53,0.0,0.58,0.61,0.56,0.61,0.61,0.62,0.61
8324,0.0,0.07,0.08,0.0,0.0,0.01,0.0,0.0,0.0,0.0,0.0,0.0,0.0,0.0,0.0,0.0,0.0,0.0,0.0,0.0,0.0,0.0,0.0,0.0,0.0,0.02,0.0,0.0,0.01,0.07,0.02,0.0,0.0,0.0,0.0,0.01,0.0,0.0,0.01,0.0,0.0,0.01,0.0,0.0,0.0,0.01,0.01,0.0,0.0,0.0,0.01,0.01,0.0,0.01,0.0,0.0,0.0,0.0,0.01,0.0,0.01,0.01,0.01,0.01
8325,0.0,0.0,0.0,0.0,0.0,0.0,0.0,0.0,0.0,0.0,0.0,0.0,0.0,0.0,0.0,0.0,0.0,0.0,0.0,0.0,0.0,0.0,0.0,0.0,0.0,0.0,0.0,0.0,0.0,0.0,0.0,0.0,0.0,0.0,0.0,0.0,0.0,0.0,0.0,0.0,0.0,0.0,0.0,0.0,0.0,0.0,0.0,0.0,0.0,0.0,0.0,0.0,0.0,0.0,0.0,0.0,0.0,0.0,0.0,0.0,0.0,0.0,0.0,0.0
8326,0.0,0.0,0.0,0.0,0.0,0.0,0.0,0.0,0.0,0.0,0.0,0.0,0.0,0.0,0.0,0.0,0.0,0.0,0.0,0.0,0.0,0.0,0.0,0.0,0.0,0.0,0.0,0.0,0.0,0.0,0.0,0.0,0.0,0.0,0.0,0.0,0.0,0.0,0.0,0.0,0.0,0.0,0.0,0.0,0.0,0.0,0.0,0.0,0.0,0.0,0.0,0.0,0.0,0.0,0.0,0.0,0.0,0.0,0.0,0.0,0.0,0.0,0.0,0.0
8327,0.0,0.0,0.0,0.0,0.0,0.0,0.0,0.0,0.0,0.0,0.0,0.0,0.0,0.0,0.0,0.0,0.0,0.0,0.0,0.0,0.0,0.0,0.0,0.0,0.0,0.0,0.0,0.0,0.0,0.0,0.0,0.0,0.0,0.0,0.0,0.0,0.0,0.0,0.0,0.0,0.0,0.0,0.0,0.0,0.0,0.0,0.0,0.0,0.0,0.0,0.0,0.0,0.0,0.0,0.0,0.0,0.0,0.0,0.0,0.0,0.0,0.0,0.0,0.0
8328,0.0,0.0,0.0,0.0,0.0,0.0,0.0,0.0,0.0,0.0,0.0,0.0,0.0,0.0,0.0,0.0,0.0,0.0,0.0,0.0,0.0,0.0,0.0,0.0,0.0,0.0,0.0,0.0,0.0,0.0,0.0,0.0,0.0,0.0,0.0,0.0,0.0,0.0,0.0,0.0,0.0,0.0,0.0,0.0,0.0,0.0,0.0,0.0,0.0,0.0,0.0,0.0,0.0,0.0,0.0,0.0,0.0,0.0,0.0,0.0,0.0,0.0,0.0,0.0
8329,0.0,0.0,0.0,0.0,0.0,0.0,0.0,0.0,0.0,0.0,0.0,0.0,0.0,0.0,0.0,0.0,0.0,0.0,0.0,0.0,0.0,0.0,0.0,0.0,0.0,0.0,0.0,0.0,0.0,0.0,0.0,0.0,0.0,0.0,0.0,0.0,0.0,0.0,0.0,0.0,0.0,0.0,0.0,0.0,0.0,0.0,0.0,0.0,0.0,0.0,0.0,0.0,0.0,0.0,0.0,0.0,0.0,0.0,0.0,0.0,0.0,0.0,0.0,0.0
8330,0.0,0.0,0.0,0.0,0.0,0.0,0.0,0.0,0.0,0.0,0.0,0.0,0.0,0.0,0.0,0.0,0.0,0.0,0.0,0.0,0.0,0.0,0.0,0.0,0.0,0.0,0.0,0.0,0.0,0.0,0.0,0.0,0.0,0.0,0.0,0.0,0.0,0.0,0.0,0.0,0.0,0.0,0.0,0.0,0.0,0.0,0.0,0.0,0.0,0.0,0.0,0.0,0.0,0.0,0.0,0.0,0.0,0.0,0.0,0.0,0.0,0.0,0.0,0.0
8331,0.0,0.0,0.0,0.0,0.0,0.0,0.0,0.0,0.0,0.0,0.0,0.0,0.0,0.0,0.0,0.0,0.0,0.0,0.0,0.0,0.0,0.0,0.0,0.0,0.0,0.0,0.0,0.0,0.0,0.0,0.0,0.0,0.0,0.0,0.0,0.0,0.0,0.0,0.0,0.0,0.0,0.0,0.0,0.0,0.0,0.0,0.0,0.0,0.0,0.0,0.0,0.0,0.0,0.0,0.0,0.0,0.0,0.0,0.0,0.0,0.0,0.0,0.0,0.0
8332,0.0,0.0,0.0,0.0,0.0,0.0,0.0,0.0,0.0,0.0,0.0,0.0,0.0,0.0,0.0,0.0,0.0,0.0,0.0,0.0,0.0,0.0,0.0,0.0,0.0,0.0,0.0,0.0,0.0,0.0,0.0,0.0,0.0,0.0,0.0,0.0,0.0,0.0,0.0,0.0,0.0,0.0,0.0,0.0,0.0,0.0,0.0,0.0,0.0,0.0,0.0,0.0,0.0,0.0,0.0,0.0,0.0,0.0,0.0,0.0,0.0,0.0,0.0,0.0
8333,0.0,0.0,0.0,0.0,0.0,0.0,0.0,0.0,0.0,0.0,0.0,0.0,0.0,0.0,0.0,0.0,0.0,0.0,0.0,0.0,0.0,0.0,0.0,0.0,0.0,0.0,0.0,0.0,0.0,0.0,0.0,0.0,0.0,0.0,0.0,0.0,0.0,0.0,0.0,0.0,0.0,0.0,0.0,0.0,0.0,0.0,0.0,0.0,0.0,0.0,0.0,0.0,0.0,0.0,0.0,0.0,0.0,0.0,0.0,0.0,0.0,0.0,0.0,0.0
8334,0.0,0.0,0.0,0.0,0.0,0.0,0.0,0.0,0.0,0.0,0.0,0.0,0.0,0.0,0.0,0.0,0.0,0.0,0.0,0.0,0.0,0.0,0.0,0.0,0.0,0.0,0.0,0.0,0.0,0.0,0.0,0.0,0.0,0.0,0.0,0.0,0.0,0.0,0.0,0.0,0.0,0.0,0.0,0.0,0.0,0.0,0.0,0.0,0.0,0.0,0.0,0.0,0.0,0.0,0.0,0.0,0.0,0.0,0.0,0.0,0.0,0.0,0.0,0.0
8335,0.0,0.0,0.0,0.0,0.0,0.0,0.0,0.0,0.0,0.0,0.0,0.0,0.0,0.0,0.0,0.0,0.0,0.0,0.0,0.0,0.0,0.0,0.0,0.0,0.0,0.0,0.0,0.0,0.0,0.0,0.0,0.0,0.0,0.0,0.0,0.0,0.0,0.0,0.0,0.0,0.0,0.0,0.0,0.0,0.0,0.0,0.0,0.0,0.0,0.0,0.0,0.0,0.0,0.0,0.0,0.0,0.0,0.0,0.0,0.0,0.0,0.0,0.0,0.0
8336,0.0,0.0,0.0,0.0,0.0,0.0,0.0,0.0,0.0,0.0,0.0,0.0,0.0,0.0,0.0,0.0,0.0,0.0,0.0,0.0,0.0,0.0,0.0,0.0,0.0,0.0,0.0,0.0,0.0,0.0,0.0,0.0,0.0,0.0,0.0,0.0,0.0,0.0,0.0,0.0,0.0,0.0,0.0,0.0,0.0,0.0,0.0,0.0,0.0,0.0,0.0,0.0,0.0,0.0,0.0,0.0,0.0,0.0,0.0,0.0,0.0,0.0,0.0,0.0
8337,0.0,0.0,0.0,0.0,0.0,0.0,0.0,0.0,0.0,0.0,0.0,0.0,0.0,0.0,0.0,0.0,0.0,0.0,0.0,0.0,0.0,0.0,0.0,0.0,0.0,0.0,0.0,0.0,0.0,0.0,0.0,0.0,0.0,0.0,0.0,0.0,0.0,0.0,0.0,0.0,0.0,0.0,0.0,0.0,0.0,0.0,0.0,0.0,0.0,0.0,0.0,0.0,0.0,0.0,0.0,0.0,0.0,0.0,0.0,0.0,0.0,0.0,0.0,0.0
8338,0.0,0.0,0.0,0.0,0.0,0.0,0.0,0.0,0.0,0.0,0.0,0.0,0.0,0.0,0.0,0.0,0.0,0.0,0.0,0.0,0.0,0.0,0.0,0.0,0.0,0.0,0.0,0.0,0.0,0.0,0.0,0.0,0.0,0.0,0.0,0.0,0.0,0.0,0.0,0.0,0.0,0.0,0.0,0.0,0.0,0.0,0.0,0.0,0.0,0.0,0.0,0.0,0.0,0.0,0.0,0.0,0.0,0.0,0.0,0.0,0.0,0.0,0.0,0.0
8339,0.0,0.0,0.0,0.0,0.0,0.0,0.0,0.0,0.0,0.0,0.0,0.0,0.0,0.0,0.0,0.0,0.0,0.0,0.0,0.0,0.0,0.0,0.0,0.0,0.0,0.0,0.0,0.0,0.0,0.0,0.0,0.0,0.0,0.0,0.0,0.0,0.0,0.0,0.0,0.0,0.0,0.0,0.0,0.0,0.0,0.0,0.0,0.0,0.0,0.0,0.0,0.0,0.0,0.0,0.0,0.0,0.0,0.0,0.0,0.0,0.0,0.0,0.0,0.0
8340,0.0,0.0,0.0,0.0,0.0,0.01,0.0,0.0,0.0,0.1,0.0,0.0,0.01,0.02,0.0,0.0,0.0,0.3,0.3,0.0,0.25,0.28,0.01,0.0,0.0,0.0,0.0,0.0,0.0,0.0,0.0,0.0,0.0,0.0,0.0,0.0,0.0,0.0,0.0,0.0,0.0,0.0,0.0,0.0,0.0,0.0,0.0,0.0,0.0,0.01,0.08,0.0,0.02,0.05,0.0,0.0,0.0,0.03,0.08,0.02,0.1,0.06,0.0,0.1
8341,0.0,0.04,0.04,0.0,0.0,0.06,0.0,0.0,0.01,0.48,0.0,0.62,0.05,0.61,0.12,0.07,0.12,0.63,0.63,0.06,0.63,0.13,0.02,0.02,0.03,0.02,0.0,0.0,0.01,0.03,0.02,0.0,0.0,0.0,0.0,0.02,0.01,0.0,0.01,0.0,0.16,0.01,0.01,0.01,0.02,0.01,0.06,0.0,0.0,0.06,0.4,0.02,0.53,0.4,0.04,0.18,0.0,0.24,0.39,0.05,0.4,0.45,0.01,0.38
8342,0.0,0.14,0.09,0.0,0.0,0.08,0.0,0.0,0.18,0.7,0.03,0.74,0.07,0.26,0.08,0.08,0.25,0.06,0.43,0.7,0.74,0.17,0.05,0.05,0.07,0.04,0.0,0.0,0.03,0.1,0.04,0.0,0.0,0.0,0.0,0.07,0.04,0.04,0.03,0.08,0.06,0.03,0.04,0.05,0.04,0.03,0.07,0.0,0.0,0.06,0.73,0.33,0.73,0.71,0.06,0.69,0.0,0.71,0.72,0.7,0.71,0.72,0.06,0.72
8343,0.0,0.71,0.31,0.0,0.0,0.71,0.0,0.0,0.12,0.74,0.06,0.28,0.03,0.21,0.19,0.1,0.25,0.04,0.06,0.32,0.74,0.17,0.08,0.06,0.08,0.12,0.0,0.0,0.06,0.38,0.4,0.0,0.0,0.0,0.0,0.04,0.06,0.07,0.06,0.17,0.43,0.06,0.11,0.05,0.08,0.09,0.39,0.0,0.0,0.37,0.73,0.27,0.75,0.73,0.76,0.7,0.0,0.72,0.13,0.73,0.71,0.74,0.07,0.72
8344,0.0,0.29,0.27,0.0,0.0,0.38,0.0,0.0,0.1,0.74,0.15,0.13,0.03,0.05,0.03,0.02,0.21,0.06,0.14,0.07,0.17,0.06,0.06,0.07,0.05,0.09,0.0,0.0,0.05,0.1,0.07,0.0,0.0,0.0,0.0,0.08,0.04,0.16,0.11,0.21,0.68,0.1,0.08,0.04,0.07,0.11,0.34,0.0,0.0,0.42,0.68,0.5,0.76,0.66,0.76,0.72,0.0,0.72,0.6,0.75,0.49,0.67,0.3,0.54
8345,0.0,0.2,0.17,0.0,0.0,0.06,0.0,0.0,0.02,0.7,0.01,0.17,0.02,0.02,0.02,0.01,0.16,0.06,0.4,0.02,0.01,0.02,0.02,0.0,0.03,0.07,0.0,0.0,0.2,0.1,0.06,0.0,0.0,0.0,0.0,0.06,0.03,0.05,0.09,0.06,0.06,0.04,0.07,0.01,0.02,0.16,0.06,0.0,0.0,0.05,0.69,0.19,0.73,0.49,0.72,0.73,0.0,0.59,0.52,0.64,0.53,0.55,0.38,0.58
8346,0.0,0.02,0.02,0.0,0.0,0.08,0.0,0.0,0.0,0.02,0.0,0.03,0.0,0.01,0.01,0.01,0.02,0.02,0.04,0.0,0.02,0.01,0.0,0.0,0.0,0.06,0.0,0.0,0.16,0.02,0.03,0.0,0.0,0.0,0.0,0.01,0.0,0.01,0.04,0.02,0.02,0.01,0.02,0.0,0.0,0.04,0.04,0.0,0.0,0.02,0.31,0.29,0.64,0.31,0.58,0.58,0.0,0.44,0.33,0.4,0.28,0.35,0.46,0.31
8347,0.0,0.01,0.01,0.0,0.0,0.0,0.0,0.0,0.0,0.01,0.0,0.0,0.0,0.0,0.0,0.0,0.0,0.0,0.0,0.0,0.01,0.0,0.0,0.0,0.0,0.6,0.0,0.0,0.04,0.01,0.02,0.0,0.0,0.0,0.0,0.24,0.0,0.0,0.01,0.0,0.0,0.01,0.0,0.0,0.0,0.01,0.0,0.0,0.0,0.0,0.4,0.42,0.4,0.03,0.34,0.28,0.0,0.19,0.49,0.09,0.42,0.3,0.55,0.42
8348,0.0,0.0,0.0,0.0,0.0,0.0,0.0,0.0,0.0,0.0,0.0,0.0,0.0,0.0,0.0,0.0,0.0,0.0,0.0,0.0,0.0,0.0,0.0,0.0,0.0,0.0,0.0,0.0,0.0,0.0,0.0,0.0,0.0,0.0,0.0,0.0,0.0,0.0,0.0,0.0,0.0,0.0,0.0,0.0,0.0,0.0,0.0,0.0,0.0,0.0,0.01,0.0,0.0,0.0,0.0,0.0,0.0,0.0,0.01,0.0,0.01,0.0,0.0,0.01
8349,0.0,0.0,0.0,0.0,0.0,0.0,0.0,0.0,0.0,0.0,0.0,0.0,0.0,0.0,0.0,0.0,0.0,0.0,0.0,0.0,0.0,0.0,0.0,0.0,0.0,0.0,0.0,0.0,0.0,0.0,0.0,0.0,0.0,0.0,0.0,0.0,0.0,0.0,0.0,0.0,0.0,0.0,0.0,0.0,0.0,0.0,0.0,0.0,0.0,0.0,0.0,0.0,0.0,0.0,0.0,0.0,0.0,0.0,0.0,0.0,0.0,0.0,0.0,0.0
8350,0.0,0.0,0.0,0.0,0.0,0.0,0.0,0.0,0.0,0.0,0.0,0.0,0.0,0.0,0.0,0.0,0.0,0.0,0.0,0.0,0.0,0.0,0.0,0.0,0.0,0.0,0.0,0.0,0.0,0.0,0.0,0.0,0.0,0.0,0.0,0.0,0.0,0.0,0.0,0.0,0.0,0.0,0.0,0.0,0.0,0.0,0.0,0.0,0.0,0.0,0.0,0.0,0.0,0.0,0.0,0.0,0.0,0.0,0.0,0.0,0.0,0.0,0.0,0.0
8351,0.0,0.0,0.0,0.0,0.0,0.0,0.0,0.0,0.0,0.0,0.0,0.0,0.0,0.0,0.0,0.0,0.0,0.0,0.0,0.0,0.0,0.0,0.0,0.0,0.0,0.0,0.0,0.0,0.0,0.0,0.0,0.0,0.0,0.0,0.0,0.0,0.0,0.0,0.0,0.0,0.0,0.0,0.0,0.0,0.0,0.0,0.0,0.0,0.0,0.0,0.0,0.0,0.0,0.0,0.0,0.0,0.0,0.0,0.0,0.0,0.0,0.0,0.0,0.0
8352,0.0,0.0,0.0,0.0,0.0,0.0,0.0,0.0,0.0,0.0,0.0,0.0,0.0,0.0,0.0,0.0,0.0,0.0,0.0,0.0,0.0,0.0,0.0,0.0,0.0,0.0,0.0,0.0,0.0,0.0,0.0,0.0,0.0,0.0,0.0,0.0,0.0,0.0,0.0,0.0,0.0,0.0,0.0,0.0,0.0,0.0,0.0,0.0,0.0,0.0,0.0,0.0,0.0,0.0,0.0,0.0,0.0,0.0,0.0,0.0,0.0,0.0,0.0,0.0
8353,0.0,0.0,0.0,0.0,0.0,0.0,0.0,0.0,0.0,0.0,0.0,0.0,0.0,0.0,0.0,0.0,0.0,0.0,0.0,0.0,0.0,0.0,0.0,0.0,0.0,0.0,0.0,0.0,0.0,0.0,0.0,0.0,0.0,0.0,0.0,0.0,0.0,0.0,0.0,0.0,0.0,0.0,0.0,0.0,0.0,0.0,0.0,0.0,0.0,0.0,0.0,0.0,0.0,0.0,0.0,0.0,0.0,0.0,0.0,0.0,0.0,0.0,0.0,0.0
8354,0.0,0.0,0.0,0.0,0.0,0.0,0.0,0.0,0.0,0.0,0.0,0.0,0.0,0.0,0.0,0.0,0.0,0.0,0.0,0.0,0.0,0.0,0.0,0.0,0.0,0.0,0.0,0.0,0.0,0.0,0.0,0.0,0.0,0.0,0.0,0.0,0.0,0.0,0.0,0.0,0.0,0.0,0.0,0.0,0.0,0.0,0.0,0.0,0.0,0.0,0.0,0.0,0.0,0.0,0.0,0.0,0.0,0.0,0.0,0.0,0.0,0.0,0.0,0.0
8355,0.0,0.0,0.0,0.0,0.0,0.0,0.0,0.0,0.0,0.0,0.0,0.0,0.0,0.0,0.0,0.0,0.0,0.0,0.0,0.0,0.0,0.0,0.0,0.0,0.0,0.0,0.0,0.0,0.0,0.0,0.0,0.0,0.0,0.0,0.0,0.0,0.0,0.0,0.0,0.0,0.0,0.0,0.0,0.0,0.0,0.0,0.0,0.0,0.0,0.0,0.0,0.0,0.0,0.0,0.0,0.0,0.0,0.0,0.0,0.0,0.0,0.0,0.0,0.0
8356,0.0,0.0,0.0,0.0,0.0,0.0,0.0,0.0,0.0,0.0,0.0,0.0,0.0,0.0,0.0,0.0,0.0,0.0,0.0,0.0,0.0,0.0,0.0,0.0,0.0,0.0,0.0,0.0,0.0,0.0,0.0,0.0,0.0,0.0,0.0,0.0,0.0,0.0,0.0,0.0,0.0,0.0,0.0,0.0,0.0,0.0,0.0,0.0,0.0,0.0,0.0,0.0,0.0,0.0,0.0,0.0,0.0,0.0,0.0,0.0,0.0,0.0,0.0,0.0
8357,0.0,0.0,0.0,0.0,0.0,0.0,0.0,0.0,0.0,0.0,0.0,0.0,0.0,0.0,0.0,0.0,0.0,0.0,0.0,0.0,0.0,0.0,0.0,0.0,0.0,0.0,0.0,0.0,0.0,0.0,0.0,0.0,0.0,0.0,0.0,0.0,0.0,0.0,0.0,0.0,0.0,0.0,0.0,0.0,0.0,0.0,0.0,0.0,0.0,0.0,0.0,0.0,0.0,0.0,0.0,0.0,0.0,0.0,0.0,0.0,0.0,0.0,0.0,0.0
8358,0.0,0.0,0.0,0.0,0.0,0.0,0.0,0.0,0.0,0.0,0.0,0.0,0.0,0.0,0.0,0.0,0.0,0.0,0.0,0.0,0.0,0.0,0.0,0.0,0.0,0.0,0.0,0.0,0.0,0.0,0.0,0.0,0.0,0.0,0.0,0.0,0.0,0.0,0.0,0.0,0.0,0.0,0.0,0.0,0.0,0.0,0.0,0.0,0.0,0.0,0.0,0.0,0.0,0.0,0.0,0.0,0.0,0.0,0.0,0.0,0.0,0.0,0.0,0.0
8359,0.0,0.0,0.0,0.0,0.0,0.0,0.0,0.0,0.0,0.0,0.0,0.0,0.0,0.0,0.0,0.0,0.0,0.0,0.0,0.0,0.0,0.0,0.0,0.0,0.0,0.0,0.0,0.0,0.0,0.0,0.0,0.0,0.0,0.0,0.0,0.0,0.0,0.0,0.0,0.0,0.0,0.0,0.0,0.0,0.0,0.0,0.0,0.0,0.0,0.0,0.0,0.0,0.0,0.0,0.0,0.0,0.0,0.0,0.0,0.0,0.0,0.0,0.0,0.0
8360,0.0,0.0,0.0,0.0,0.0,0.0,0.0,0.0,0.0,0.0,0.0,0.0,0.0,0.0,0.0,0.0,0.0,0.0,0.0,0.0,0.0,0.0,0.0,0.0,0.0,0.0,0.0,0.0,0.0,0.0,0.0,0.0,0.0,0.0,0.0,0.0,0.0,0.0,0.0,0.0,0.0,0.0,0.0,0.0,0.0,0.0,0.0,0.0,0.0,0.0,0.0,0.0,0.0,0.0,0.0,0.0,0.0,0.0,0.0,0.0,0.0,0.0,0.0,0.0
8361,0.0,0.0,0.0,0.0,0.0,0.0,0.0,0.0,0.0,0.0,0.0,0.0,0.0,0.0,0.0,0.0,0.0,0.0,0.0,0.0,0.0,0.0,0.0,0.0,0.0,0.0,0.0,0.0,0.0,0.0,0.0,0.0,0.0,0.0,0.0,0.0,0.0,0.0,0.0,0.0,0.0,0.0,0.0,0.0,0.0,0.0,0.0,0.0,0.0,0.0,0.0,0.0,0.0,0.0,0.0,0.0,0.0,0.0,0.0,0.0,0.0,0.0,0.0,0.0
8362,0.0,0.0,0.0,0.0,0.0,0.0,0.0,0.0,0.0,0.0,0.0,0.0,0.0,0.0,0.0,0.0,0.0,0.0,0.0,0.0,0.0,0.0,0.0,0.0,0.0,0.0,0.0,0.0,0.0,0.0,0.0,0.0,0.0,0.0,0.0,0.0,0.0,0.0,0.0,0.0,0.0,0.0,0.0,0.0,0.0,0.0,0.0,0.0,0.0,0.0,0.0,0.0,0.0,0.0,0.0,0.0,0.0,0.0,0.0,0.0,0.0,0.0,0.0,0.0
8363,0.0,0.0,0.0,0.0,0.0,0.0,0.0,0.0,0.0,0.0,0.0,0.0,0.0,0.0,0.0,0.0,0.0,0.0,0.0,0.0,0.0,0.0,0.0,0.0,0.0,0.0,0.0,0.0,0.0,0.0,0.0,0.0,0.0,0.0,0.0,0.0,0.0,0.0,0.0,0.0,0.0,0.0,0.0,0.0,0.0,0.0,0.0,0.0,0.0,0.0,0.0,0.0,0.0,0.0,0.0,0.0,0.0,0.0,0.0,0.0,0.0,0.0,0.0,0.0
8364,0.0,0.0,0.0,0.0,0.0,0.0,0.0,0.0,0.0,0.15,0.0,0.0,0.0,0.0,0.0,0.0,0.0,0.0,0.06,0.0,0.22,0.0,0.0,0.0,0.0,0.0,0.0,0.0,0.0,0.0,0.0,0.0,0.0,0.0,0.0,0.0,0.0,0.0,0.0,0.0,0.0,0.0,0.0,0.0,0.0,0.0,0.0,0.0,0.0,0.0,0.0,0.0,0.0,0.0,0.0,0.0,0.0,0.0,0.0,0.0,0.0,0.0,0.0,0.0
8365,0.0,0.02,0.02,0.0,0.0,0.04,0.0,0.0,0.0,0.53,0.0,0.01,0.01,0.02,0.02,0.01,0.03,0.02,0.28,0.01,0.63,0.02,0.01,0.01,0.02,0.01,0.0,0.0,0.01,0.01,0.01,0.0,0.0,0.0,0.0,0.01,0.01,0.01,0.01,0.0,0.1,0.01,0.01,0.01,0.01,0.01,0.03,0.0,0.0,0.03,0.07,0.01,0.01,0.0,0.1,0.01,0.0,0.0,0.03,0.04,0.04,0.02,0.01,0.03
8366,0.0,0.04,0.04,0.0,0.0,0.07,0.0,0.0,0.03,0.69,0.02,0.1,0.01,0.02,0.06,0.04,0.02,0.13,0.56,0.04,0.73,0.03,0.02,0.04,0.04,0.02,0.0,0.0,0.01,0.03,0.02,0.0,0.0,0.0,0.0,0.02,0.02,0.02,0.02,0.01,0.27,0.02,0.01,0.01,0.03,0.02,0.06,0.0,0.0,0.06,0.22,0.02,0.03,0.01,0.7,0.07,0.0,0.02,0.09,0.52,0.09,0.19,0.01,0.09
8367,0.0,0.06,0.06,0.0,0.0,0.06,0.0,0.0,0.02,0.72,0.02,0.7,0.11,0.03,0.15,0.06,0.06,0.72,0.74,0.04,0.76,0.06,0.04,0.03,0.05,0.03,0.0,0.0,0.02,0.04,0.03,0.0,0.0,0.0,0.0,0.02,0.02,0.02,0.02,0.01,0.2,0.02,0.02,0.02,0.02,0.02,0.05,0.0,0.0,0.05,0.46,0.02,0.09,0.04,0.72,0.7,0.0,0.1,0.3,0.72,0.16,0.47,0.02,0.26
8368,0.0,0.06,0.05,0.0,0.0,0.07,0.0,0.0,0.02,0.72,0.02,0.39,0.01,0.02,0.25,0.07,0.08,0.74,0.75,0.03,0.77,0.03,0.59,0.02,0.05,0.03,0.0,0.0,0.02,0.05,0.03,0.0,0.0,0.0,0.0,0.03,0.02,0.02,0.02,0.02,0.04,0.01,0.02,0.02,0.02,0.02,0.06,0.0,0.0,0.06,0.74,0.03,0.13,0.74,0.74,0.69,0.0,0.72,0.13,0.58,0.3,0.74,0.01,0.27
8369,0.0,0.04,0.04,0.0,0.0,0.07,0.0,0.0,0.01,0.7,0.01,0.73,0.04,0.02,0.02,0.02,0.08,0.7,0.71,0.02,0.73,0.04,0.68,0.01,0.03,0.03,0.0,0.0,0.02,0.03,0.02,0.0,0.0,0.0,0.0,0.02,0.01,0.02,0.02,0.02,0.03,0.01,0.01,0.03,0.01,0.01,0.07,0.0,0.0,0.06,0.71,0.02,0.71,0.33,0.72,0.66,0.0,0.37,0.09,0.71,0.2,0.71,0.01,0.09
8370,0.0,0.03,0.03,0.0,0.0,0.05,0.0,0.0,0.02,0.66,0.02,0.69,0.03,0.03,0.02,0.02,0.06,0.65,0.65,0.02,0.45,0.03,0.63,0.0,0.02,0.02,0.0,0.0,0.01,0.02,0.02,0.0,0.0,0.0,0.0,0.01,0.01,0.01,0.01,0.01,0.02,0.01,0.0,0.02,0.01,0.0,0.04,0.0,0.0,0.04,0.69,0.01,0.69,0.69,0.69,0.69,0.0,0.69,0.12,0.64,0.69,0.69,0.01,0.26
8371,0.0,0.01,0.01,0.0,0.0,0.01,0.0,0.0,0.0,0.15,0.0,0.53,0.0,0.0,0.01,0.0,0.02,0.32,0.25,0.0,0.23,0.0,0.4,0.0,0.0,0.01,0.0,0.0,0.01,0.0,0.0,0.0,0.0,0.0,0.0,0.01,0.0,0.0,0.0,0.0,0.0,0.0,0.0,0.0,0.0,0.0,0.01,0.0,0.0,0.01,0.58,0.0,0.09,0.58,0.51,0.59,0.0,0.57,0.57,0.53,0.57,0.58,0.0,0.57
8372,0.0,0.0,0.0,0.0,0.0,0.0,0.0,0.0,0.0,0.0,0.0,0.0,0.0,0.0,0.0,0.0,0.0,0.0,0.0,0.0,0.0,0.0,0.0,0.0,0.0,0.0,0.0,0.0,0.0,0.0,0.0,0.0,0.0,0.0,0.0,0.0,0.0,0.0,0.0,0.0,0.0,0.0,0.0,0.0,0.0,0.0,0.0,0.0,0.0,0.0,0.0,0.0,0.0,0.0,0.0,0.0,0.0,0.0,0.0,0.0,0.01,0.0,0.0,0.0
8373,0.0,0.0,0.0,0.0,0.0,0.0,0.0,0.0,0.0,0.0,0.0,0.0,0.0,0.0,0.0,0.0,0.0,0.0,0.0,0.0,0.0,0.0,0.0,0.0,0.0,0.0,0.0,0.0,0.0,0.0,0.0,0.0,0.0,0.0,0.0,0.0,0.0,0.0,0.0,0.0,0.0,0.0,0.0,0.0,0.0,0.0,0.0,0.0,0.0,0.0,0.0,0.0,0.0,0.0,0.0,0.0,0.0,0.0,0.0,0.0,0.0,0.0,0.0,0.0
8374,0.0,0.0,0.0,0.0,0.0,0.0,0.0,0.0,0.0,0.0,0.0,0.0,0.0,0.0,0.0,0.0,0.0,0.0,0.0,0.0,0.0,0.0,0.0,0.0,0.0,0.0,0.0,0.0,0.0,0.0,0.0,0.0,0.0,0.0,0.0,0.0,0.0,0.0,0.0,0.0,0.0,0.0,0.0,0.0,0.0,0.0,0.0,0.0,0.0,0.0,0.0,0.0,0.0,0.0,0.0,0.0,0.0,0.0,0.0,0.0,0.0,0.0,0.0,0.0
8375,0.0,0.0,0.0,0.0,0.0,0.0,0.0,0.0,0.0,0.0,0.0,0.0,0.0,0.0,0.0,0.0,0.0,0.0,0.0,0.0,0.0,0.0,0.0,0.0,0.0,0.0,0.0,0.0,0.0,0.0,0.0,0.0,0.0,0.0,0.0,0.0,0.0,0.0,0.0,0.0,0.0,0.0,0.0,0.0,0.0,0.0,0.0,0.0,0.0,0.0,0.0,0.0,0.0,0.0,0.0,0.0,0.0,0.0,0.0,0.0,0.0,0.0,0.0,0.0
8376,0.0,0.0,0.0,0.0,0.0,0.0,0.0,0.0,0.0,0.0,0.0,0.0,0.0,0.0,0.0,0.0,0.0,0.0,0.0,0.0,0.0,0.0,0.0,0.0,0.0,0.0,0.0,0.0,0.0,0.0,0.0,0.0,0.0,0.0,0.0,0.0,0.0,0.0,0.0,0.0,0.0,0.0,0.0,0.0,0.0,0.0,0.0,0.0,0.0,0.0,0.0,0.0,0.0,0.0,0.0,0.0,0.0,0.0,0.0,0.0,0.0,0.0,0.0,0.0
8377,0.0,0.0,0.0,0.0,0.0,0.0,0.0,0.0,0.0,0.0,0.0,0.0,0.0,0.0,0.0,0.0,0.0,0.0,0.0,0.0,0.0,0.0,0.0,0.0,0.0,0.0,0.0,0.0,0.0,0.0,0.0,0.0,0.0,0.0,0.0,0.0,0.0,0.0,0.0,0.0,0.0,0.0,0.0,0.0,0.0,0.0,0.0,0.0,0.0,0.0,0.0,0.0,0.0,0.0,0.0,0.0,0.0,0.0,0.0,0.0,0.0,0.0,0.0,0.0
8378,0.0,0.0,0.0,0.0,0.0,0.0,0.0,0.0,0.0,0.0,0.0,0.0,0.0,0.0,0.0,0.0,0.0,0.0,0.0,0.0,0.0,0.0,0.0,0.0,0.0,0.0,0.0,0.0,0.0,0.0,0.0,0.0,0.0,0.0,0.0,0.0,0.0,0.0,0.0,0.0,0.0,0.0,0.0,0.0,0.0,0.0,0.0,0.0,0.0,0.0,0.0,0.0,0.0,0.0,0.0,0.0,0.0,0.0,0.0,0.0,0.0,0.0,0.0,0.0
8379,0.0,0.0,0.0,0.0,0.0,0.0,0.0,0.0,0.0,0.0,0.0,0.0,0.0,0.0,0.0,0.0,0.0,0.0,0.0,0.0,0.0,0.0,0.0,0.0,0.0,0.0,0.0,0.0,0.0,0.0,0.0,0.0,0.0,0.0,0.0,0.0,0.0,0.0,0.0,0.0,0.0,0.0,0.0,0.0,0.0,0.0,0.0,0.0,0.0,0.0,0.0,0.0,0.0,0.0,0.0,0.0,0.0,0.0,0.0,0.0,0.0,0.0,0.0,0.0
8380,0.0,0.0,0.0,0.0,0.0,0.0,0.0,0.0,0.0,0.0,0.0,0.0,0.0,0.0,0.0,0.0,0.0,0.0,0.0,0.0,0.0,0.0,0.0,0.0,0.0,0.0,0.0,0.0,0.0,0.0,0.0,0.0,0.0,0.0,0.0,0.0,0.0,0.0,0.0,0.0,0.0,0.0,0.0,0.0,0.0,0.0,0.0,0.0,0.0,0.0,0.0,0.0,0.0,0.0,0.0,0.0,0.0,0.0,0.0,0.0,0.0,0.0,0.0,0.0
8381,0.0,0.0,0.0,0.0,0.0,0.0,0.0,0.0,0.0,0.0,0.0,0.0,0.0,0.0,0.0,0.0,0.0,0.0,0.0,0.0,0.0,0.0,0.0,0.0,0.0,0.0,0.0,0.0,0.0,0.0,0.0,0.0,0.0,0.0,0.0,0.0,0.0,0.0,0.0,0.0,0.0,0.0,0.0,0.0,0.0,0.0,0.0,0.0,0.0,0.0,0.0,0.0,0.0,0.0,0.0,0.0,0.0,0.0,0.0,0.0,0.0,0.0,0.0,0.0
8382,0.0,0.0,0.0,0.0,0.0,0.0,0.0,0.0,0.0,0.0,0.0,0.0,0.0,0.0,0.0,0.0,0.0,0.0,0.0,0.0,0.0,0.0,0.0,0.0,0.0,0.0,0.0,0.0,0.0,0.0,0.0,0.0,0.0,0.0,0.0,0.0,0.0,0.0,0.0,0.0,0.0,0.0,0.0,0.0,0.0,0.0,0.0,0.0,0.0,0.0,0.0,0.0,0.0,0.0,0.0,0.0,0.0,0.0,0.0,0.0,0.0,0.0,0.0,0.0
8383,0.0,0.0,0.0,0.0,0.0,0.0,0.0,0.0,0.0,0.0,0.0,0.0,0.0,0.0,0.0,0.0,0.0,0.0,0.0,0.0,0.0,0.0,0.0,0.0,0.0,0.0,0.0,0.0,0.0,0.0,0.0,0.0,0.0,0.0,0.0,0.0,0.0,0.0,0.0,0.0,0.0,0.0,0.0,0.0,0.0,0.0,0.0,0.0,0.0,0.0,0.0,0.0,0.0,0.0,0.0,0.0,0.0,0.0,0.0,0.0,0.0,0.0,0.0,0.0
8384,0.0,0.0,0.0,0.0,0.0,0.0,0.0,0.0,0.0,0.0,0.0,0.0,0.0,0.0,0.0,0.0,0.0,0.0,0.0,0.0,0.0,0.0,0.0,0.0,0.0,0.0,0.0,0.0,0.0,0.0,0.0,0.0,0.0,0.0,0.0,0.0,0.0,0.0,0.0,0.0,0.0,0.0,0.0,0.0,0.0,0.0,0.0,0.0,0.0,0.0,0.0,0.0,0.0,0.0,0.0,0.0,0.0,0.0,0.0,0.0,0.0,0.0,0.0,0.0
8385,0.0,0.0,0.0,0.0,0.0,0.0,0.0,0.0,0.0,0.0,0.0,0.0,0.0,0.0,0.0,0.0,0.0,0.0,0.0,0.0,0.0,0.0,0.0,0.0,0.0,0.0,0.0,0.0,0.0,0.0,0.0,0.0,0.0,0.0,0.0,0.0,0.0,0.0,0.0,0.0,0.0,0.0,0.0,0.0,0.0,0.0,0.0,0.0,0.0,0.0,0.0,0.0,0.0,0.0,0.0,0.0,0.0,0.0,0.0,0.0,0.0,0.0,0.0,0.0
8386,0.0,0.0,0.0,0.0,0.0,0.0,0.0,0.0,0.0,0.0,0.0,0.0,0.0,0.0,0.0,0.0,0.0,0.0,0.0,0.0,0.0,0.0,0.0,0.0,0.0,0.0,0.0,0.0,0.0,0.0,0.0,0.0,0.0,0.0,0.0,0.0,0.0,0.0,0.0,0.0,0.0,0.0,0.0,0.0,0.0,0.0,0.0,0.0,0.0,0.0,0.0,0.0,0.0,0.0,0.0,0.0,0.0,0.0,0.0,0.0,0.0,0.0,0.0,0.0
8387,0.0,0.0,0.0,0.0,0.0,0.0,0.0,0.0,0.0,0.0,0.0,0.0,0.0,0.0,0.0,0.0,0.0,0.0,0.0,0.0,0.0,0.0,0.0,0.0,0.0,0.0,0.0,0.0,0.0,0.0,0.0,0.0,0.0,0.0,0.0,0.0,0.0,0.0,0.0,0.0,0.0,0.0,0.0,0.0,0.0,0.0,0.0,0.0,0.0,0.0,0.0,0.0,0.0,0.0,0.0,0.0,0.0,0.0,0.0,0.0,0.0,0.0,0.0,0.0
8388,0.0,0.41,0.4,0.0,0.0,0.0,0.0,0.0,0.42,0.02,0.37,0.17,0.02,0.19,0.5,0.49,0.49,0.02,0.02,0.49,0.02,0.15,0.01,0.44,0.0,0.4,0.0,0.0,0.4,0.41,0.4,0.0,0.0,0.0,0.0,0.42,0.43,0.39,0.41,0.48,0.31,0.41,0.41,0.43,0.44,0.41,0.0,0.0,0.0,0.0,0.44,0.02,0.44,0.12,0.04,0.01,0.0,0.14,0.43,0.01,0.39,0.44,0.39,0.41
8389,0.0,0.68,0.68,0.0,0.0,0.05,0.0,0.0,0.71,0.17,0.7,0.28,0.06,0.1,0.3,0.7,0.7,0.06,0.1,0.71,0.16,0.08,0.06,0.66,0.0,0.68,0.0,0.0,0.66,0.68,0.68,0.0,0.0,0.0,0.0,0.69,0.66,0.71,0.68,0.71,0.71,0.69,0.66,0.7,0.62,0.68,0.02,0.0,0.0,0.01,0.71,0.69,0.7,0.37,0.18,0.1,0.0,0.5,0.7,0.11,0.7,0.71,0.17,0.7
8390,0.0,0.72,0.72,0.0,0.0,0.13,0.0,0.0,0.76,0.13,0.76,0.38,0.09,0.1,0.24,0.25,0.77,0.1,0.13,0.26,0.21,0.14,0.09,0.74,0.02,0.56,0.0,0.0,0.6,0.72,0.6,0.0,0.0,0.0,0.0,0.73,0.74,0.78,0.73,0.78,0.78,0.73,0.74,0.71,0.74,0.74,0.24,0.0,0.0,0.06,0.78,0.76,0.78,0.5,0.25,0.16,0.0,0.76,0.78,0.16,0.78,0.78,0.74,0.78
8391,0.0,0.75,0.75,0.0,0.0,0.72,0.0,0.0,0.81,0.27,0.81,0.64,0.21,0.17,0.38,0.32,0.8,0.21,0.39,0.33,0.27,0.16,0.22,0.82,0.02,0.78,0.0,0.0,0.81,0.74,0.74,0.0,0.0,0.0,0.0,0.77,0.82,0.82,0.81,0.82,0.83,0.81,0.79,0.82,0.82,0.81,0.74,0.0,0.0,0.23,0.83,0.81,0.66,0.6,0.3,0.31,0.0,0.72,0.83,0.22,0.83,0.83,0.82,0.82
8392,0.0,0.79,0.79,0.0,0.0,0.79,0.0,0.0,0.81,0.48,0.81,0.84,0.34,0.79,0.8,0.23,0.82,0.8,0.65,0.26,0.26,0.8,0.79,0.82,0.03,0.82,0.0,0.0,0.82,0.82,0.82,0.0,0.0,0.0,0.0,0.83,0.82,0.82,0.81,0.83,0.83,0.82,0.8,0.82,0.83,0.81,0.8,0.0,0.0,0.8,0.84,0.82,0.82,0.55,0.34,0.79,0.0,0.48,0.83,0.21,0.83,0.83,0.82,0.83
8393,0.0,0.8,0.8,0.0,0.0,0.8,0.0,0.0,0.78,0.33,0.78,0.8,0.76,0.77,0.77,0.77,0.79,0.76,0.52,0.78,0.18,0.77,0.74,0.8,0.04,0.8,0.0,0.0,0.79,0.8,0.8,0.0,0.0,0.0,0.0,0.8,0.79,0.8,0.79,0.81,0.8,0.79,0.78,0.79,0.8,0.79,0.8,0.0,0.0,0.8,0.81,0.8,0.8,0.2,0.25,0.77,0.0,0.3,0.81,0.25,0.81,0.81,0.8,0.81
8394,0.0,0.76,0.77,0.0,0.0,0.73,0.0,0.0,0.73,0.69,0.74,0.74,0.7,0.72,0.72,0.72,0.73,0.7,0.71,0.71,0.2,0.72,0.69,0.75,0.02,0.76,0.0,0.0,0.75,0.76,0.76,0.0,0.0,0.0,0.0,0.76,0.75,0.74,0.75,0.74,0.76,0.74,0.73,0.75,0.75,0.76,0.72,0.0,0.0,0.69,0.78,0.76,0.36,0.14,0.22,0.73,0.0,0.19,0.78,0.2,0.78,0.78,0.76,0.78
8395,0.0,0.64,0.65,0.0,0.0,0.62,0.0,0.0,0.58,0.46,0.6,0.57,0.12,0.54,0.54,0.55,0.6,0.48,0.5,0.56,0.5,0.53,0.05,0.61,0.01,0.65,0.0,0.0,0.64,0.65,0.64,0.0,0.0,0.0,0.0,0.63,0.62,0.59,0.63,0.58,0.62,0.62,0.61,0.61,0.61,0.63,0.64,0.0,0.0,0.63,0.23,0.64,0.22,0.04,0.08,0.15,0.0,0.1,0.24,0.04,0.65,0.11,0.65,0.64
8396,0.0,0.06,0.06,0.0,0.0,0.01,0.0,0.0,0.0,0.0,0.0,0.0,0.0,0.0,0.0,0.0,0.0,0.0,0.0,0.0,0.0,0.0,0.0,0.0,0.0,0.05,0.0,0.0,0.01,0.05,0.04,0.0,0.0,0.0,0.0,0.01,0.0,0.0,0.0,0.0,0.0,0.01,0.0,0.0,0.0,0.01,0.01,0.0,0.0,0.01,0.0,0.01,0.0,0.0,0.0,0.0,0.0,0.0,0.0,0.0,0.01,0.0,0.01,0.01
8397,0.0,0.0,0.0,0.0,0.0,0.0,0.0,0.0,0.0,0.0,0.0,0.0,0.0,0.0,0.0,0.0,0.0,0.0,0.0,0.0,0.0,0.0,0.0,0.0,0.0,0.0,0.0,0.0,0.0,0.0,0.0,0.0,0.0,0.0,0.0,0.0,0.0,0.0,0.0,0.0,0.0,0.0,0.0,0.0,0.0,0.0,0.0,0.0,0.0,0.0,0.0,0.0,0.0,0.0,0.0,0.0,0.0,0.0,0.0,0.0,0.0,0.0,0.0,0.0
8398,0.0,0.0,0.0,0.0,0.0,0.0,0.0,0.0,0.0,0.0,0.0,0.0,0.0,0.0,0.0,0.0,0.0,0.0,0.0,0.0,0.0,0.0,0.0,0.0,0.0,0.0,0.0,0.0,0.0,0.0,0.0,0.0,0.0,0.0,0.0,0.0,0.0,0.0,0.0,0.0,0.0,0.0,0.0,0.0,0.0,0.0,0.0,0.0,0.0,0.0,0.0,0.0,0.0,0.0,0.0,0.0,0.0,0.0,0.0,0.0,0.0,0.0,0.0,0.0
8399,0.0,0.0,0.0,0.0,0.0,0.0,0.0,0.0,0.0,0.0,0.0,0.0,0.0,0.0,0.0,0.0,0.0,0.0,0.0,0.0,0.0,0.0,0.0,0.0,0.0,0.0,0.0,0.0,0.0,0.0,0.0,0.0,0.0,0.0,0.0,0.0,0.0,0.0,0.0,0.0,0.0,0.0,0.0,0.0,0.0,0.0,0.0,0.0,0.0,0.0,0.0,0.0,0.0,0.0,0.0,0.0,0.0,0.0,0.0,0.0,0.0,0.0,0.0,0.0
8400,0.0,0.0,0.0,0.0,0.0,0.0,0.0,0.0,0.0,0.0,0.0,0.0,0.0,0.0,0.0,0.0,0.0,0.0,0.0,0.0,0.0,0.0,0.0,0.0,0.0,0.0,0.0,0.0,0.0,0.0,0.0,0.0,0.0,0.0,0.0,0.0,0.0,0.0,0.0,0.0,0.0,0.0,0.0,0.0,0.0,0.0,0.0,0.0,0.0,0.0,0.0,0.0,0.0,0.0,0.0,0.0,0.0,0.0,0.0,0.0,0.0,0.0,0.0,0.0
8401,0.0,0.0,0.0,0.0,0.0,0.0,0.0,0.0,0.0,0.0,0.0,0.0,0.0,0.0,0.0,0.0,0.0,0.0,0.0,0.0,0.0,0.0,0.0,0.0,0.0,0.0,0.0,0.0,0.0,0.0,0.0,0.0,0.0,0.0,0.0,0.0,0.0,0.0,0.0,0.0,0.0,0.0,0.0,0.0,0.0,0.0,0.0,0.0,0.0,0.0,0.0,0.0,0.0,0.0,0.0,0.0,0.0,0.0,0.0,0.0,0.0,0.0,0.0,0.0
8402,0.0,0.0,0.0,0.0,0.0,0.0,0.0,0.0,0.0,0.0,0.0,0.0,0.0,0.0,0.0,0.0,0.0,0.0,0.0,0.0,0.0,0.0,0.0,0.0,0.0,0.0,0.0,0.0,0.0,0.0,0.0,0.0,0.0,0.0,0.0,0.0,0.0,0.0,0.0,0.0,0.0,0.0,0.0,0.0,0.0,0.0,0.0,0.0,0.0,0.0,0.0,0.0,0.0,0.0,0.0,0.0,0.0,0.0,0.0,0.0,0.0,0.0,0.0,0.0
8403,0.0,0.0,0.0,0.0,0.0,0.0,0.0,0.0,0.0,0.0,0.0,0.0,0.0,0.0,0.0,0.0,0.0,0.0,0.0,0.0,0.0,0.0,0.0,0.0,0.0,0.0,0.0,0.0,0.0,0.0,0.0,0.0,0.0,0.0,0.0,0.0,0.0,0.0,0.0,0.0,0.0,0.0,0.0,0.0,0.0,0.0,0.0,0.0,0.0,0.0,0.0,0.0,0.0,0.0,0.0,0.0,0.0,0.0,0.0,0.0,0.0,0.0,0.0,0.0
8404,0.0,0.0,0.0,0.0,0.0,0.0,0.0,0.0,0.0,0.0,0.0,0.0,0.0,0.0,0.0,0.0,0.0,0.0,0.0,0.0,0.0,0.0,0.0,0.0,0.0,0.0,0.0,0.0,0.0,0.0,0.0,0.0,0.0,0.0,0.0,0.0,0.0,0.0,0.0,0.0,0.0,0.0,0.0,0.0,0.0,0.0,0.0,0.0,0.0,0.0,0.0,0.0,0.0,0.0,0.0,0.0,0.0,0.0,0.0,0.0,0.0,0.0,0.0,0.0
8405,0.0,0.0,0.0,0.0,0.0,0.0,0.0,0.0,0.0,0.0,0.0,0.0,0.0,0.0,0.0,0.0,0.0,0.0,0.0,0.0,0.0,0.0,0.0,0.0,0.0,0.0,0.0,0.0,0.0,0.0,0.0,0.0,0.0,0.0,0.0,0.0,0.0,0.0,0.0,0.0,0.0,0.0,0.0,0.0,0.0,0.0,0.0,0.0,0.0,0.0,0.0,0.0,0.0,0.0,0.0,0.0,0.0,0.0,0.0,0.0,0.0,0.0,0.0,0.0
8406,0.0,0.0,0.0,0.0,0.0,0.0,0.0,0.0,0.0,0.0,0.0,0.0,0.0,0.0,0.0,0.0,0.0,0.0,0.0,0.0,0.0,0.0,0.0,0.0,0.0,0.0,0.0,0.0,0.0,0.0,0.0,0.0,0.0,0.0,0.0,0.0,0.0,0.0,0.0,0.0,0.0,0.0,0.0,0.0,0.0,0.0,0.0,0.0,0.0,0.0,0.0,0.0,0.0,0.0,0.0,0.0,0.0,0.0,0.0,0.0,0.0,0.0,0.0,0.0
8407,0.0,0.0,0.0,0.0,0.0,0.0,0.0,0.0,0.0,0.0,0.0,0.0,0.0,0.0,0.0,0.0,0.0,0.0,0.0,0.0,0.0,0.0,0.0,0.0,0.0,0.0,0.0,0.0,0.0,0.0,0.0,0.0,0.0,0.0,0.0,0.0,0.0,0.0,0.0,0.0,0.0,0.0,0.0,0.0,0.0,0.0,0.0,0.0,0.0,0.0,0.0,0.0,0.0,0.0,0.0,0.0,0.0,0.0,0.0,0.0,0.0,0.0,0.0,0.0
8408,0.0,0.0,0.0,0.0,0.0,0.0,0.0,0.0,0.0,0.0,0.0,0.0,0.0,0.0,0.0,0.0,0.0,0.0,0.0,0.0,0.0,0.0,0.0,0.0,0.0,0.0,0.0,0.0,0.0,0.0,0.0,0.0,0.0,0.0,0.0,0.0,0.0,0.0,0.0,0.0,0.0,0.0,0.0,0.0,0.0,0.0,0.0,0.0,0.0,0.0,0.0,0.0,0.0,0.0,0.0,0.0,0.0,0.0,0.0,0.0,0.0,0.0,0.0,0.0
8409,0.0,0.0,0.0,0.0,0.0,0.0,0.0,0.0,0.0,0.0,0.0,0.0,0.0,0.0,0.0,0.0,0.0,0.0,0.0,0.0,0.0,0.0,0.0,0.0,0.0,0.0,0.0,0.0,0.0,0.0,0.0,0.0,0.0,0.0,0.0,0.0,0.0,0.0,0.0,0.0,0.0,0.0,0.0,0.0,0.0,0.0,0.0,0.0,0.0,0.0,0.0,0.0,0.0,0.0,0.0,0.0,0.0,0.0,0.0,0.0,0.0,0.0,0.0,0.0
8410,0.0,0.0,0.0,0.0,0.0,0.0,0.0,0.0,0.0,0.0,0.0,0.0,0.0,0.0,0.0,0.0,0.0,0.0,0.0,0.0,0.0,0.0,0.0,0.0,0.0,0.0,0.0,0.0,0.0,0.0,0.0,0.0,0.0,0.0,0.0,0.0,0.0,0.0,0.0,0.0,0.0,0.0,0.0,0.0,0.0,0.0,0.0,0.0,0.0,0.0,0.0,0.0,0.0,0.0,0.0,0.0,0.0,0.0,0.0,0.0,0.0,0.0,0.0,0.0
8411,0.0,0.0,0.0,0.0,0.0,0.0,0.0,0.0,0.0,0.0,0.0,0.0,0.0,0.0,0.0,0.0,0.0,0.0,0.0,0.0,0.0,0.0,0.0,0.0,0.0,0.0,0.0,0.0,0.0,0.0,0.0,0.0,0.0,0.0,0.0,0.0,0.0,0.0,0.0,0.0,0.0,0.0,0.0,0.0,0.0,0.0,0.0,0.0,0.0,0.0,0.0,0.0,0.0,0.0,0.0,0.0,0.0,0.0,0.0,0.0,0.0,0.0,0.0,0.0
8412,0.0,0.35,0.34,0.0,0.0,0.42,0.0,0.0,0.35,0.24,0.34,0.33,0.39,0.37,0.38,0.38,0.33,0.32,0.29,0.37,0.28,0.38,0.38,0.37,0.42,0.34,0.0,0.0,0.33,0.35,0.34,0.0,0.0,0.0,0.0,0.36,0.35,0.34,0.34,0.33,0.33,0.35,0.34,0.37,0.36,0.34,0.42,0.0,0.0,0.42,0.26,0.29,0.26,0.23,0.25,0.17,0.0,0.23,0.27,0.22,0.28,0.26,0.32,0.27
8413,0.0,0.66,0.65,0.0,0.0,0.67,0.0,0.0,0.64,0.62,0.64,0.66,0.65,0.65,0.65,0.65,0.64,0.64,0.63,0.65,0.64,0.65,0.63,0.65,0.67,0.65,0.0,0.0,0.64,0.66,0.65,0.0,0.0,0.0,0.0,0.65,0.64,0.65,0.65,0.64,0.63,0.65,0.64,0.65,0.65,0.64,0.67,0.0,0.0,0.68,0.63,0.62,0.63,0.6,0.62,0.58,0.0,0.6,0.64,0.6,0.64,0.62,0.64,0.63
8414,0.0,0.75,0.75,0.0,0.0,0.76,0.0,0.0,0.73,0.73,0.73,0.76,0.74,0.74,0.75,0.74,0.74,0.75,0.75,0.74,0.75,0.74,0.74,0.74,0.76,0.72,0.0,0.0,0.72,0.75,0.74,0.0,0.0,0.0,0.0,0.74,0.74,0.74,0.73,0.74,0.7,0.74,0.73,0.74,0.74,0.73,0.76,0.0,0.0,0.76,0.73,0.73,0.73,0.7,0.7,0.7,0.0,0.69,0.73,0.69,0.73,0.72,0.73,0.72
8415,0.0,0.77,0.77,0.0,0.0,0.78,0.0,0.0,0.75,0.73,0.74,0.78,0.76,0.76,0.76,0.76,0.76,0.77,0.78,0.76,0.76,0.76,0.76,0.76,0.79,0.76,0.0,0.0,0.74,0.77,0.75,0.0,0.0,0.0,0.0,0.77,0.76,0.75,0.76,0.76,0.76,0.76,0.76,0.76,0.76,0.77,0.78,0.0,0.0,0.78,0.75,0.76,0.75,0.74,0.74,0.74,0.0,0.73,0.75,0.71,0.75,0.75,0.76,0.74
8416,0.0,0.76,0.76,0.0,0.0,0.78,0.0,0.0,0.75,0.77,0.74,0.78,0.76,0.76,0.76,0.76,0.78,0.77,0.78,0.76,0.78,0.76,0.76,0.76,0.79,0.78,0.0,0.0,0.74,0.76,0.76,0.0,0.0,0.0,0.0,0.77,0.77,0.73,0.77,0.77,0.77,0.77,0.77,0.77,0.77,0.78,0.79,0.0,0.0,0.79,0.77,0.77,0.77,0.76,0.77,0.75,0.0,0.76,0.76,0.75,0.76,0.76,0.77,0.76
8417,0.0,0.74,0.75,0.0,0.0,0.75,0.0,0.0,0.71,0.73,0.71,0.75,0.72,0.72,0.73,0.73,0.75,0.74,0.74,0.72,0.75,0.72,0.72,0.74,0.76,0.76,0.0,0.0,0.72,0.74,0.75,0.0,0.0,0.0,0.0,0.75,0.75,0.71,0.76,0.75,0.75,0.76,0.75,0.74,0.74,0.76,0.75,0.0,0.0,0.76,0.75,0.75,0.75,0.74,0.75,0.72,0.0,0.74,0.74,0.73,0.75,0.75,0.75,0.74
8418,0.0,0.7,0.71,0.0,0.0,0.71,0.0,0.0,0.66,0.65,0.66,0.7,0.66,0.67,0.67,0.67,0.7,0.68,0.69,0.66,0.7,0.67,0.66,0.69,0.72,0.72,0.0,0.0,0.68,0.7,0.7,0.0,0.0,0.0,0.0,0.7,0.7,0.68,0.71,0.7,0.71,0.71,0.71,0.69,0.69,0.71,0.71,0.0,0.0,0.71,0.7,0.71,0.7,0.68,0.69,0.67,0.0,0.68,0.7,0.68,0.7,0.7,0.71,0.69
8419,0.0,0.6,0.6,0.0,0.0,0.59,0.0,0.0,0.49,0.39,0.5,0.5,0.4,0.46,0.47,0.48,0.52,0.39,0.41,0.48,0.43,0.46,0.38,0.53,0.57,0.6,0.0,0.0,0.56,0.59,0.59,0.0,0.0,0.0,0.0,0.58,0.55,0.53,0.58,0.54,0.56,0.58,0.58,0.55,0.54,0.59,0.59,0.0,0.0,0.59,0.56,0.58,0.54,0.54,0.51,0.39,0.0,0.53,0.55,0.5,0.57,0.56,0.59,0.56
8420,0.0,0.08,0.09,0.0,0.0,0.02,0.0,0.0,0.0,0.0,0.0,0.0,0.0,0.0,0.0,0.0,0.0,0.0,0.0,0.0,0.0,0.0,0.0,0.0,0.01,0.07,0.0,0.0,0.02,0.08,0.07,0.0,0.0,0.0,0.0,0.01,0.0,0.0,0.01,0.0,0.0,0.01,0.01,0.0,0.0,0.01,0.02,0.0,0.0,0.02,0.01,0.02,0.0,0.01,0.0,0.0,0.0,0.0,0.01,0.0,0.01,0.01,0.02,0.01
8421,0.0,0.0,0.0,0.0,0.0,0.0,0.0,0.0,0.0,0.0,0.0,0.0,0.0,0.0,0.0,0.0,0.0,0.0,0.0,0.0,0.0,0.0,0.0,0.0,0.0,0.0,0.0,0.0,0.0,0.0,0.0,0.0,0.0,0.0,0.0,0.0,0.0,0.0,0.0,0.0,0.0,0.0,0.0,0.0,0.0,0.0,0.0,0.0,0.0,0.0,0.0,0.0,0.0,0.0,0.0,0.0,0.0,0.0,0.0,0.0,0.0,0.0,0.0,0.0
8422,0.0,0.0,0.0,0.0,0.0,0.0,0.0,0.0,0.0,0.0,0.0,0.0,0.0,0.0,0.0,0.0,0.0,0.0,0.0,0.0,0.0,0.0,0.0,0.0,0.0,0.0,0.0,0.0,0.0,0.0,0.0,0.0,0.0,0.0,0.0,0.0,0.0,0.0,0.0,0.0,0.0,0.0,0.0,0.0,0.0,0.0,0.0,0.0,0.0,0.0,0.0,0.0,0.0,0.0,0.0,0.0,0.0,0.0,0.0,0.0,0.0,0.0,0.0,0.0
8423,0.0,0.0,0.0,0.0,0.0,0.0,0.0,0.0,0.0,0.0,0.0,0.0,0.0,0.0,0.0,0.0,0.0,0.0,0.0,0.0,0.0,0.0,0.0,0.0,0.0,0.0,0.0,0.0,0.0,0.0,0.0,0.0,0.0,0.0,0.0,0.0,0.0,0.0,0.0,0.0,0.0,0.0,0.0,0.0,0.0,0.0,0.0,0.0,0.0,0.0,0.0,0.0,0.0,0.0,0.0,0.0,0.0,0.0,0.0,0.0,0.0,0.0,0.0,0.0
8424,0.0,0.0,0.0,0.0,0.0,0.0,0.0,0.0,0.0,0.0,0.0,0.0,0.0,0.0,0.0,0.0,0.0,0.0,0.0,0.0,0.0,0.0,0.0,0.0,0.0,0.0,0.0,0.0,0.0,0.0,0.0,0.0,0.0,0.0,0.0,0.0,0.0,0.0,0.0,0.0,0.0,0.0,0.0,0.0,0.0,0.0,0.0,0.0,0.0,0.0,0.0,0.0,0.0,0.0,0.0,0.0,0.0,0.0,0.0,0.0,0.0,0.0,0.0,0.0
8425,0.0,0.0,0.0,0.0,0.0,0.0,0.0,0.0,0.0,0.0,0.0,0.0,0.0,0.0,0.0,0.0,0.0,0.0,0.0,0.0,0.0,0.0,0.0,0.0,0.0,0.0,0.0,0.0,0.0,0.0,0.0,0.0,0.0,0.0,0.0,0.0,0.0,0.0,0.0,0.0,0.0,0.0,0.0,0.0,0.0,0.0,0.0,0.0,0.0,0.0,0.0,0.0,0.0,0.0,0.0,0.0,0.0,0.0,0.0,0.0,0.0,0.0,0.0,0.0
8426,0.0,0.0,0.0,0.0,0.0,0.0,0.0,0.0,0.0,0.0,0.0,0.0,0.0,0.0,0.0,0.0,0.0,0.0,0.0,0.0,0.0,0.0,0.0,0.0,0.0,0.0,0.0,0.0,0.0,0.0,0.0,0.0,0.0,0.0,0.0,0.0,0.0,0.0,0.0,0.0,0.0,0.0,0.0,0.0,0.0,0.0,0.0,0.0,0.0,0.0,0.0,0.0,0.0,0.0,0.0,0.0,0.0,0.0,0.0,0.0,0.0,0.0,0.0,0.0
8427,0.0,0.0,0.0,0.0,0.0,0.0,0.0,0.0,0.0,0.0,0.0,0.0,0.0,0.0,0.0,0.0,0.0,0.0,0.0,0.0,0.0,0.0,0.0,0.0,0.0,0.0,0.0,0.0,0.0,0.0,0.0,0.0,0.0,0.0,0.0,0.0,0.0,0.0,0.0,0.0,0.0,0.0,0.0,0.0,0.0,0.0,0.0,0.0,0.0,0.0,0.0,0.0,0.0,0.0,0.0,0.0,0.0,0.0,0.0,0.0,0.0,0.0,0.0,0.0
8428,0.0,0.0,0.0,0.0,0.0,0.0,0.0,0.0,0.0,0.0,0.0,0.0,0.0,0.0,0.0,0.0,0.0,0.0,0.0,0.0,0.0,0.0,0.0,0.0,0.0,0.0,0.0,0.0,0.0,0.0,0.0,0.0,0.0,0.0,0.0,0.0,0.0,0.0,0.0,0.0,0.0,0.0,0.0,0.0,0.0,0.0,0.0,0.0,0.0,0.0,0.0,0.0,0.0,0.0,0.0,0.0,0.0,0.0,0.0,0.0,0.0,0.0,0.0,0.0
8429,0.0,0.0,0.0,0.0,0.0,0.0,0.0,0.0,0.0,0.0,0.0,0.0,0.0,0.0,0.0,0.0,0.0,0.0,0.0,0.0,0.0,0.0,0.0,0.0,0.0,0.0,0.0,0.0,0.0,0.0,0.0,0.0,0.0,0.0,0.0,0.0,0.0,0.0,0.0,0.0,0.0,0.0,0.0,0.0,0.0,0.0,0.0,0.0,0.0,0.0,0.0,0.0,0.0,0.0,0.0,0.0,0.0,0.0,0.0,0.0,0.0,0.0,0.0,0.0
8430,0.0,0.0,0.0,0.0,0.0,0.0,0.0,0.0,0.0,0.0,0.0,0.0,0.0,0.0,0.0,0.0,0.0,0.0,0.0,0.0,0.0,0.0,0.0,0.0,0.0,0.0,0.0,0.0,0.0,0.0,0.0,0.0,0.0,0.0,0.0,0.0,0.0,0.0,0.0,0.0,0.0,0.0,0.0,0.0,0.0,0.0,0.0,0.0,0.0,0.0,0.0,0.0,0.0,0.0,0.0,0.0,0.0,0.0,0.0,0.0,0.0,0.0,0.0,0.0
8431,0.0,0.0,0.0,0.0,0.0,0.0,0.0,0.0,0.0,0.0,0.0,0.0,0.0,0.0,0.0,0.0,0.0,0.0,0.0,0.0,0.0,0.0,0.0,0.0,0.0,0.0,0.0,0.0,0.0,0.0,0.0,0.0,0.0,0.0,0.0,0.0,0.0,0.0,0.0,0.0,0.0,0.0,0.0,0.0,0.0,0.0,0.0,0.0,0.0,0.0,0.0,0.0,0.0,0.0,0.0,0.0,0.0,0.0,0.0,0.0,0.0,0.0,0.0,0.0
8432,0.0,0.0,0.0,0.0,0.0,0.0,0.0,0.0,0.0,0.0,0.0,0.0,0.0,0.0,0.0,0.0,0.0,0.0,0.0,0.0,0.0,0.0,0.0,0.0,0.0,0.0,0.0,0.0,0.0,0.0,0.0,0.0,0.0,0.0,0.0,0.0,0.0,0.0,0.0,0.0,0.0,0.0,0.0,0.0,0.0,0.0,0.0,0.0,0.0,0.0,0.0,0.0,0.0,0.0,0.0,0.0,0.0,0.0,0.0,0.0,0.0,0.0,0.0,0.0
8433,0.0,0.0,0.0,0.0,0.0,0.0,0.0,0.0,0.0,0.0,0.0,0.0,0.0,0.0,0.0,0.0,0.0,0.0,0.0,0.0,0.0,0.0,0.0,0.0,0.0,0.0,0.0,0.0,0.0,0.0,0.0,0.0,0.0,0.0,0.0,0.0,0.0,0.0,0.0,0.0,0.0,0.0,0.0,0.0,0.0,0.0,0.0,0.0,0.0,0.0,0.0,0.0,0.0,0.0,0.0,0.0,0.0,0.0,0.0,0.0,0.0,0.0,0.0,0.0
8434,0.0,0.0,0.0,0.0,0.0,0.0,0.0,0.0,0.0,0.0,0.0,0.0,0.0,0.0,0.0,0.0,0.0,0.0,0.0,0.0,0.0,0.0,0.0,0.0,0.0,0.0,0.0,0.0,0.0,0.0,0.0,0.0,0.0,0.0,0.0,0.0,0.0,0.0,0.0,0.0,0.0,0.0,0.0,0.0,0.0,0.0,0.0,0.0,0.0,0.0,0.0,0.0,0.0,0.0,0.0,0.0,0.0,0.0,0.0,0.0,0.0,0.0,0.0,0.0
8435,0.0,0.0,0.0,0.0,0.0,0.0,0.0,0.0,0.0,0.0,0.0,0.0,0.0,0.0,0.0,0.0,0.0,0.0,0.0,0.0,0.0,0.0,0.0,0.0,0.0,0.0,0.0,0.0,0.0,0.0,0.0,0.0,0.0,0.0,0.0,0.0,0.0,0.0,0.0,0.0,0.0,0.0,0.0,0.0,0.0,0.0,0.0,0.0,0.0,0.0,0.0,0.0,0.0,0.0,0.0,0.0,0.0,0.0,0.0,0.0,0.0,0.0,0.0,0.0
8436,0.0,0.52,0.52,0.0,0.0,0.53,0.0,0.0,0.54,0.38,0.54,0.53,0.51,0.32,0.36,0.54,0.52,0.32,0.31,0.54,0.27,0.34,0.32,0.54,0.53,0.42,0.0,0.0,0.35,0.52,0.47,0.0,0.0,0.0,0.0,0.36,0.53,0.52,0.45,0.53,0.51,0.54,0.48,0.54,0.54,0.52,0.54,0.0,0.0,0.53,0.39,0.33,0.35,0.36,0.4,0.27,0.0,0.37,0.42,0.34,0.39,0.39,0.44,0.42
8437,0.0,0.63,0.61,0.0,0.0,0.61,0.0,0.0,0.64,0.32,0.63,0.64,0.49,0.36,0.38,0.52,0.63,0.43,0.38,0.6,0.33,0.36,0.48,0.62,0.64,0.55,0.0,0.0,0.55,0.63,0.61,0.0,0.0,0.0,0.0,0.62,0.59,0.61,0.51,0.63,0.53,0.56,0.54,0.6,0.62,0.6,0.62,0.0,0.0,0.63,0.5,0.53,0.57,0.28,0.57,0.36,0.0,0.41,0.54,0.36,0.52,0.52,0.58,0.52
8438,0.0,0.71,0.68,0.0,0.0,0.71,0.0,0.0,0.72,0.36,0.7,0.67,0.64,0.46,0.46,0.61,0.71,0.51,0.55,0.72,0.66,0.54,0.51,0.69,0.72,0.68,0.0,0.0,0.69,0.72,0.7,0.0,0.0,0.0,0.0,0.68,0.66,0.69,0.7,0.72,0.65,0.72,0.69,0.68,0.69,0.7,0.72,0.0,0.0,0.72,0.68,0.68,0.62,0.56,0.7,0.65,0.0,0.64,0.59,0.63,0.7,0.62,0.7,0.68
8439,0.0,0.76,0.75,0.0,0.0,0.7,0.0,0.0,0.72,0.51,0.72,0.7,0.72,0.54,0.7,0.74,0.73,0.52,0.52,0.72,0.67,0.6,0.58,0.75,0.76,0.73,0.0,0.0,0.72,0.77,0.71,0.0,0.0,0.0,0.0,0.75,0.74,0.71,0.76,0.71,0.74,0.76,0.73,0.73,0.75,0.76,0.71,0.0,0.0,0.72,0.76,0.72,0.73,0.71,0.74,0.68,0.0,0.68,0.73,0.74,0.73,0.72,0.76,0.74
8440,0.0,0.74,0.75,0.0,0.0,0.7,0.0,0.0,0.72,0.59,0.72,0.53,0.72,0.67,0.7,0.71,0.73,0.47,0.45,0.73,0.66,0.63,0.67,0.74,0.73,0.75,0.0,0.0,0.74,0.75,0.75,0.0,0.0,0.0,0.0,0.74,0.73,0.72,0.76,0.74,0.74,0.76,0.75,0.74,0.72,0.76,0.7,0.0,0.0,0.71,0.71,0.7,0.69,0.75,0.77,0.7,0.0,0.53,0.71,0.73,0.75,0.73,0.75,0.7
8441,0.0,0.76,0.76,0.0,0.0,0.6,0.0,0.0,0.54,0.46,0.59,0.58,0.7,0.68,0.68,0.66,0.55,0.62,0.62,0.65,0.61,0.68,0.61,0.73,0.7,0.76,0.0,0.0,0.71,0.76,0.75,0.0,0.0,0.0,0.0,0.74,0.73,0.64,0.74,0.55,0.6,0.74,0.74,0.73,0.73,0.74,0.59,0.0,0.0,0.59,0.75,0.66,0.68,0.71,0.68,0.71,0.0,0.66,0.74,0.65,0.72,0.74,0.71,0.73
8442,0.0,0.64,0.62,0.0,0.0,0.55,0.0,0.0,0.52,0.38,0.5,0.32,0.56,0.45,0.49,0.5,0.52,0.54,0.53,0.5,0.53,0.52,0.59,0.56,0.49,0.17,0.0,0.0,0.26,0.24,0.64,0.0,0.0,0.0,0.0,0.69,0.66,0.53,0.66,0.52,0.4,0.63,0.63,0.6,0.56,0.62,0.52,0.0,0.0,0.55,0.64,0.49,0.42,0.63,0.46,0.38,0.0,0.61,0.63,0.46,0.62,0.64,0.67,0.63
8443,0.0,0.62,0.63,0.0,0.0,0.41,0.0,0.0,0.41,0.32,0.4,0.4,0.34,0.41,0.45,0.44,0.42,0.42,0.46,0.4,0.5,0.35,0.45,0.48,0.43,0.19,0.0,0.0,0.1,0.62,0.06,0.0,0.0,0.0,0.0,0.61,0.58,0.36,0.59,0.37,0.4,0.13,0.05,0.52,0.51,0.41,0.24,0.0,0.0,0.1,0.53,0.4,0.44,0.55,0.33,0.4,0.0,0.58,0.58,0.34,0.47,0.55,0.51,0.52
8444,0.0,0.07,0.01,0.0,0.0,0.02,0.0,0.0,0.0,0.0,0.0,0.0,0.0,0.0,0.0,0.0,0.0,0.0,0.0,0.0,0.0,0.0,0.0,0.0,0.01,0.0,0.0,0.0,0.01,0.08,0.0,0.0,0.0,0.0,0.0,0.01,0.0,0.0,0.0,0.0,0.0,0.0,0.01,0.0,0.0,0.01,0.02,0.0,0.0,0.01,0.0,0.0,0.0,0.0,0.0,0.0,0.0,0.0,0.01,0.0,0.01,0.01,0.01,0.01
8445,0.0,0.0,0.0,0.0,0.0,0.0,0.0,0.0,0.0,0.0,0.0,0.0,0.0,0.0,0.0,0.0,0.0,0.0,0.0,0.0,0.0,0.0,0.0,0.0,0.0,0.0,0.0,0.0,0.0,0.0,0.0,0.0,0.0,0.0,0.0,0.0,0.0,0.0,0.0,0.0,0.0,0.0,0.0,0.0,0.0,0.0,0.0,0.0,0.0,0.0,0.0,0.0,0.0,0.0,0.0,0.0,0.0,0.0,0.0,0.0,0.0,0.0,0.0,0.0
8446,0.0,0.0,0.0,0.0,0.0,0.0,0.0,0.0,0.0,0.0,0.0,0.0,0.0,0.0,0.0,0.0,0.0,0.0,0.0,0.0,0.0,0.0,0.0,0.0,0.0,0.0,0.0,0.0,0.0,0.0,0.0,0.0,0.0,0.0,0.0,0.0,0.0,0.0,0.0,0.0,0.0,0.0,0.0,0.0,0.0,0.0,0.0,0.0,0.0,0.0,0.0,0.0,0.0,0.0,0.0,0.0,0.0,0.0,0.0,0.0,0.0,0.0,0.0,0.0
8447,0.0,0.0,0.0,0.0,0.0,0.0,0.0,0.0,0.0,0.0,0.0,0.0,0.0,0.0,0.0,0.0,0.0,0.0,0.0,0.0,0.0,0.0,0.0,0.0,0.0,0.0,0.0,0.0,0.0,0.0,0.0,0.0,0.0,0.0,0.0,0.0,0.0,0.0,0.0,0.0,0.0,0.0,0.0,0.0,0.0,0.0,0.0,0.0,0.0,0.0,0.0,0.0,0.0,0.0,0.0,0.0,0.0,0.0,0.0,0.0,0.0,0.0,0.0,0.0
8448,0.0,0.0,0.0,0.0,0.0,0.0,0.0,0.0,0.0,0.0,0.0,0.0,0.0,0.0,0.0,0.0,0.0,0.0,0.0,0.0,0.0,0.0,0.0,0.0,0.0,0.0,0.0,0.0,0.0,0.0,0.0,0.0,0.0,0.0,0.0,0.0,0.0,0.0,0.0,0.0,0.0,0.0,0.0,0.0,0.0,0.0,0.0,0.0,0.0,0.0,0.0,0.0,0.0,0.0,0.0,0.0,0.0,0.0,0.0,0.0,0.0,0.0,0.0,0.0
8449,0.0,0.0,0.0,0.0,0.0,0.0,0.0,0.0,0.0,0.0,0.0,0.0,0.0,0.0,0.0,0.0,0.0,0.0,0.0,0.0,0.0,0.0,0.0,0.0,0.0,0.0,0.0,0.0,0.0,0.0,0.0,0.0,0.0,0.0,0.0,0.0,0.0,0.0,0.0,0.0,0.0,0.0,0.0,0.0,0.0,0.0,0.0,0.0,0.0,0.0,0.0,0.0,0.0,0.0,0.0,0.0,0.0,0.0,0.0,0.0,0.0,0.0,0.0,0.0
8450,0.0,0.0,0.0,0.0,0.0,0.0,0.0,0.0,0.0,0.0,0.0,0.0,0.0,0.0,0.0,0.0,0.0,0.0,0.0,0.0,0.0,0.0,0.0,0.0,0.0,0.0,0.0,0.0,0.0,0.0,0.0,0.0,0.0,0.0,0.0,0.0,0.0,0.0,0.0,0.0,0.0,0.0,0.0,0.0,0.0,0.0,0.0,0.0,0.0,0.0,0.0,0.0,0.0,0.0,0.0,0.0,0.0,0.0,0.0,0.0,0.0,0.0,0.0,0.0
8451,0.0,0.0,0.0,0.0,0.0,0.0,0.0,0.0,0.0,0.0,0.0,0.0,0.0,0.0,0.0,0.0,0.0,0.0,0.0,0.0,0.0,0.0,0.0,0.0,0.0,0.0,0.0,0.0,0.0,0.0,0.0,0.0,0.0,0.0,0.0,0.0,0.0,0.0,0.0,0.0,0.0,0.0,0.0,0.0,0.0,0.0,0.0,0.0,0.0,0.0,0.0,0.0,0.0,0.0,0.0,0.0,0.0,0.0,0.0,0.0,0.0,0.0,0.0,0.0
8452,0.0,0.0,0.0,0.0,0.0,0.0,0.0,0.0,0.0,0.0,0.0,0.0,0.0,0.0,0.0,0.0,0.0,0.0,0.0,0.0,0.0,0.0,0.0,0.0,0.0,0.0,0.0,0.0,0.0,0.0,0.0,0.0,0.0,0.0,0.0,0.0,0.0,0.0,0.0,0.0,0.0,0.0,0.0,0.0,0.0,0.0,0.0,0.0,0.0,0.0,0.0,0.0,0.0,0.0,0.0,0.0,0.0,0.0,0.0,0.0,0.0,0.0,0.0,0.0
8453,0.0,0.0,0.0,0.0,0.0,0.0,0.0,0.0,0.0,0.0,0.0,0.0,0.0,0.0,0.0,0.0,0.0,0.0,0.0,0.0,0.0,0.0,0.0,0.0,0.0,0.0,0.0,0.0,0.0,0.0,0.0,0.0,0.0,0.0,0.0,0.0,0.0,0.0,0.0,0.0,0.0,0.0,0.0,0.0,0.0,0.0,0.0,0.0,0.0,0.0,0.0,0.0,0.0,0.0,0.0,0.0,0.0,0.0,0.0,0.0,0.0,0.0,0.0,0.0
8454,0.0,0.0,0.0,0.0,0.0,0.0,0.0,0.0,0.0,0.0,0.0,0.0,0.0,0.0,0.0,0.0,0.0,0.0,0.0,0.0,0.0,0.0,0.0,0.0,0.0,0.0,0.0,0.0,0.0,0.0,0.0,0.0,0.0,0.0,0.0,0.0,0.0,0.0,0.0,0.0,0.0,0.0,0.0,0.0,0.0,0.0,0.0,0.0,0.0,0.0,0.0,0.0,0.0,0.0,0.0,0.0,0.0,0.0,0.0,0.0,0.0,0.0,0.0,0.0
8455,0.0,0.0,0.0,0.0,0.0,0.0,0.0,0.0,0.0,0.0,0.0,0.0,0.0,0.0,0.0,0.0,0.0,0.0,0.0,0.0,0.0,0.0,0.0,0.0,0.0,0.0,0.0,0.0,0.0,0.0,0.0,0.0,0.0,0.0,0.0,0.0,0.0,0.0,0.0,0.0,0.0,0.0,0.0,0.0,0.0,0.0,0.0,0.0,0.0,0.0,0.0,0.0,0.0,0.0,0.0,0.0,0.0,0.0,0.0,0.0,0.0,0.0,0.0,0.0
8456,0.0,0.0,0.0,0.0,0.0,0.0,0.0,0.0,0.0,0.0,0.0,0.0,0.0,0.0,0.0,0.0,0.0,0.0,0.0,0.0,0.0,0.0,0.0,0.0,0.0,0.0,0.0,0.0,0.0,0.0,0.0,0.0,0.0,0.0,0.0,0.0,0.0,0.0,0.0,0.0,0.0,0.0,0.0,0.0,0.0,0.0,0.0,0.0,0.0,0.0,0.0,0.0,0.0,0.0,0.0,0.0,0.0,0.0,0.0,0.0,0.0,0.0,0.0,0.0
8457,0.0,0.0,0.0,0.0,0.0,0.0,0.0,0.0,0.0,0.0,0.0,0.0,0.0,0.0,0.0,0.0,0.0,0.0,0.0,0.0,0.0,0.0,0.0,0.0,0.0,0.0,0.0,0.0,0.0,0.0,0.0,0.0,0.0,0.0,0.0,0.0,0.0,0.0,0.0,0.0,0.0,0.0,0.0,0.0,0.0,0.0,0.0,0.0,0.0,0.0,0.0,0.0,0.0,0.0,0.0,0.0,0.0,0.0,0.0,0.0,0.0,0.0,0.0,0.0
8458,0.0,0.0,0.0,0.0,0.0,0.0,0.0,0.0,0.0,0.0,0.0,0.0,0.0,0.0,0.0,0.0,0.0,0.0,0.0,0.0,0.0,0.0,0.0,0.0,0.0,0.0,0.0,0.0,0.0,0.0,0.0,0.0,0.0,0.0,0.0,0.0,0.0,0.0,0.0,0.0,0.0,0.0,0.0,0.0,0.0,0.0,0.0,0.0,0.0,0.0,0.0,0.0,0.0,0.0,0.0,0.0,0.0,0.0,0.0,0.0,0.0,0.0,0.0,0.0
8459,0.0,0.0,0.0,0.0,0.0,0.0,0.0,0.0,0.0,0.0,0.0,0.0,0.0,0.0,0.0,0.0,0.0,0.0,0.0,0.0,0.0,0.0,0.0,0.0,0.0,0.0,0.0,0.0,0.0,0.0,0.0,0.0,0.0,0.0,0.0,0.0,0.0,0.0,0.0,0.0,0.0,0.0,0.0,0.0,0.0,0.0,0.0,0.0,0.0,0.0,0.0,0.0,0.0,0.0,0.0,0.0,0.0,0.0,0.0,0.0,0.0,0.0,0.0,0.0
8460,0.0,0.01,0.0,0.0,0.0,0.0,0.0,0.0,0.39,0.08,0.33,0.53,0.43,0.34,0.42,0.27,0.36,0.06,0.45,0.22,0.05,0.48,0.16,0.27,0.0,0.0,0.0,0.0,0.06,0.03,0.0,0.0,0.0,0.0,0.0,0.35,0.0,0.1,0.06,0.14,0.01,0.08,0.02,0.0,0.02,0.09,0.01,0.0,0.0,0.02,0.19,0.01,0.02,0.0,0.01,0.29,0.0,0.0,0.0,0.01,0.0,0.13,0.01,0.0
8461,0.0,0.01,0.02,0.0,0.0,0.0,0.0,0.0,0.26,0.14,0.16,0.12,0.57,0.29,0.41,0.29,0.24,0.12,0.6,0.25,0.15,0.36,0.07,0.01,0.0,0.02,0.0,0.0,0.02,0.01,0.02,0.0,0.0,0.0,0.0,0.02,0.03,0.07,0.02,0.07,0.03,0.02,0.1,0.01,0.02,0.17,0.01,0.0,0.0,0.01,0.01,0.11,0.02,0.01,0.02,0.28,0.0,0.01,0.01,0.02,0.06,0.01,0.13,0.02
8462,0.0,0.01,0.03,0.0,0.0,0.03,0.0,0.0,0.16,0.2,0.13,0.13,0.72,0.44,0.37,0.27,0.33,0.24,0.68,0.49,0.45,0.43,0.7,0.04,0.06,0.05,0.0,0.0,0.17,0.02,0.05,0.0,0.0,0.0,0.0,0.17,0.03,0.26,0.04,0.32,0.14,0.07,0.05,0.03,0.03,0.07,0.02,0.0,0.0,0.02,0.23,0.25,0.04,0.13,0.04,0.05,0.0,0.08,0.16,0.02,0.24,0.22,0.34,0.22
8463,0.0,0.03,0.06,0.0,0.0,0.09,0.0,0.0,0.3,0.75,0.1,0.26,0.73,0.51,0.21,0.02,0.05,0.29,0.11,0.02,0.55,0.37,0.62,0.05,0.33,0.39,0.0,0.0,0.16,0.04,0.08,0.0,0.0,0.0,0.0,0.02,0.09,0.08,0.04,0.07,0.12,0.02,0.03,0.05,0.07,0.06,0.07,0.0,0.0,0.05,0.32,0.26,0.24,0.2,0.16,0.27,0.0,0.37,0.26,0.28,0.38,0.31,0.4,0.31
8464,0.0,0.04,0.08,0.0,0.0,0.07,0.0,0.0,0.19,0.74,0.08,0.18,0.57,0.1,0.08,0.07,0.09,0.28,0.06,0.12,0.51,0.13,0.69,0.05,0.71,0.42,0.0,0.0,0.3,0.04,0.09,0.0,0.0,0.0,0.0,0.02,0.04,0.11,0.05,0.11,0.25,0.04,0.03,0.02,0.04,0.06,0.13,0.0,0.0,0.08,0.33,0.26,0.26,0.11,0.15,0.48,0.0,0.31,0.35,0.26,0.32,0.32,0.5,0.33
8465,0.0,0.07,0.09,0.0,0.0,0.04,0.0,0.0,0.16,0.65,0.08,0.04,0.5,0.09,0.09,0.07,0.09,0.06,0.06,0.06,0.25,0.11,0.14,0.02,0.1,0.3,0.0,0.0,0.18,0.08,0.31,0.0,0.0,0.0,0.0,0.03,0.02,0.14,0.08,0.12,0.11,0.03,0.03,0.02,0.03,0.06,0.03,0.0,0.0,0.02,0.29,0.34,0.28,0.11,0.25,0.29,0.0,0.32,0.29,0.38,0.24,0.3,0.54,0.26
8466,0.0,0.21,0.18,0.0,0.0,0.04,0.0,0.0,0.1,0.56,0.02,0.06,0.05,0.02,0.08,0.14,0.07,0.13,0.05,0.12,0.2,0.06,0.29,0.0,0.26,0.36,0.0,0.0,0.09,0.24,0.34,0.0,0.0,0.0,0.0,0.04,0.02,0.15,0.06,0.13,0.07,0.03,0.02,0.0,0.01,0.05,0.05,0.0,0.0,0.1,0.14,0.3,0.12,0.05,0.22,0.31,0.0,0.27,0.14,0.36,0.21,0.15,0.13,0.16
8467,0.0,0.49,0.12,0.0,0.0,0.04,0.0,0.0,0.01,0.46,0.0,0.04,0.01,0.18,0.19,0.01,0.06,0.06,0.02,0.01,0.11,0.14,0.01,0.0,0.0,0.33,0.0,0.0,0.08,0.34,0.41,0.0,0.0,0.0,0.0,0.02,0.01,0.01,0.02,0.01,0.07,0.02,0.01,0.0,0.0,0.03,0.03,0.0,0.0,0.04,0.05,0.09,0.05,0.14,0.11,0.25,0.0,0.07,0.1,0.08,0.09,0.04,0.38,0.13
8468,0.0,0.02,0.0,0.0,0.0,0.0,0.0,0.0,0.0,0.0,0.0,0.0,0.0,0.0,0.0,0.0,0.0,0.0,0.0,0.0,0.0,0.0,0.0,0.0,0.0,0.01,0.0,0.0,0.01,0.01,0.02,0.0,0.0,0.0,0.0,0.0,0.0,0.0,0.0,0.0,0.0,0.0,0.0,0.0,0.0,0.0,0.0,0.0,0.0,0.0,0.0,0.0,0.0,0.0,0.0,0.0,0.0,0.0,0.0,0.0,0.0,0.0,0.0,0.0
8469,0.0,0.0,0.0,0.0,0.0,0.0,0.0,0.0,0.0,0.0,0.0,0.0,0.0,0.0,0.0,0.0,0.0,0.0,0.0,0.0,0.0,0.0,0.0,0.0,0.0,0.0,0.0,0.0,0.0,0.0,0.0,0.0,0.0,0.0,0.0,0.0,0.0,0.0,0.0,0.0,0.0,0.0,0.0,0.0,0.0,0.0,0.0,0.0,0.0,0.0,0.0,0.0,0.0,0.0,0.0,0.0,0.0,0.0,0.0,0.0,0.0,0.0,0.0,0.0
8470,0.0,0.0,0.0,0.0,0.0,0.0,0.0,0.0,0.0,0.0,0.0,0.0,0.0,0.0,0.0,0.0,0.0,0.0,0.0,0.0,0.0,0.0,0.0,0.0,0.0,0.0,0.0,0.0,0.0,0.0,0.0,0.0,0.0,0.0,0.0,0.0,0.0,0.0,0.0,0.0,0.0,0.0,0.0,0.0,0.0,0.0,0.0,0.0,0.0,0.0,0.0,0.0,0.0,0.0,0.0,0.0,0.0,0.0,0.0,0.0,0.0,0.0,0.0,0.0
8471,0.0,0.0,0.0,0.0,0.0,0.0,0.0,0.0,0.0,0.0,0.0,0.0,0.0,0.0,0.0,0.0,0.0,0.0,0.0,0.0,0.0,0.0,0.0,0.0,0.0,0.0,0.0,0.0,0.0,0.0,0.0,0.0,0.0,0.0,0.0,0.0,0.0,0.0,0.0,0.0,0.0,0.0,0.0,0.0,0.0,0.0,0.0,0.0,0.0,0.0,0.0,0.0,0.0,0.0,0.0,0.0,0.0,0.0,0.0,0.0,0.0,0.0,0.0,0.0
8472,0.0,0.0,0.0,0.0,0.0,0.0,0.0,0.0,0.0,0.0,0.0,0.0,0.0,0.0,0.0,0.0,0.0,0.0,0.0,0.0,0.0,0.0,0.0,0.0,0.0,0.0,0.0,0.0,0.0,0.0,0.0,0.0,0.0,0.0,0.0,0.0,0.0,0.0,0.0,0.0,0.0,0.0,0.0,0.0,0.0,0.0,0.0,0.0,0.0,0.0,0.0,0.0,0.0,0.0,0.0,0.0,0.0,0.0,0.0,0.0,0.0,0.0,0.0,0.0
8473,0.0,0.0,0.0,0.0,0.0,0.0,0.0,0.0,0.0,0.0,0.0,0.0,0.0,0.0,0.0,0.0,0.0,0.0,0.0,0.0,0.0,0.0,0.0,0.0,0.0,0.0,0.0,0.0,0.0,0.0,0.0,0.0,0.0,0.0,0.0,0.0,0.0,0.0,0.0,0.0,0.0,0.0,0.0,0.0,0.0,0.0,0.0,0.0,0.0,0.0,0.0,0.0,0.0,0.0,0.0,0.0,0.0,0.0,0.0,0.0,0.0,0.0,0.0,0.0
8474,0.0,0.0,0.0,0.0,0.0,0.0,0.0,0.0,0.0,0.0,0.0,0.0,0.0,0.0,0.0,0.0,0.0,0.0,0.0,0.0,0.0,0.0,0.0,0.0,0.0,0.0,0.0,0.0,0.0,0.0,0.0,0.0,0.0,0.0,0.0,0.0,0.0,0.0,0.0,0.0,0.0,0.0,0.0,0.0,0.0,0.0,0.0,0.0,0.0,0.0,0.0,0.0,0.0,0.0,0.0,0.0,0.0,0.0,0.0,0.0,0.0,0.0,0.0,0.0
8475,0.0,0.0,0.0,0.0,0.0,0.0,0.0,0.0,0.0,0.0,0.0,0.0,0.0,0.0,0.0,0.0,0.0,0.0,0.0,0.0,0.0,0.0,0.0,0.0,0.0,0.0,0.0,0.0,0.0,0.0,0.0,0.0,0.0,0.0,0.0,0.0,0.0,0.0,0.0,0.0,0.0,0.0,0.0,0.0,0.0,0.0,0.0,0.0,0.0,0.0,0.0,0.0,0.0,0.0,0.0,0.0,0.0,0.0,0.0,0.0,0.0,0.0,0.0,0.0
8476,0.0,0.0,0.0,0.0,0.0,0.0,0.0,0.0,0.0,0.0,0.0,0.0,0.0,0.0,0.0,0.0,0.0,0.0,0.0,0.0,0.0,0.0,0.0,0.0,0.0,0.0,0.0,0.0,0.0,0.0,0.0,0.0,0.0,0.0,0.0,0.0,0.0,0.0,0.0,0.0,0.0,0.0,0.0,0.0,0.0,0.0,0.0,0.0,0.0,0.0,0.0,0.0,0.0,0.0,0.0,0.0,0.0,0.0,0.0,0.0,0.0,0.0,0.0,0.0
8477,0.0,0.0,0.0,0.0,0.0,0.0,0.0,0.0,0.0,0.0,0.0,0.0,0.0,0.0,0.0,0.0,0.0,0.0,0.0,0.0,0.0,0.0,0.0,0.0,0.0,0.0,0.0,0.0,0.0,0.0,0.0,0.0,0.0,0.0,0.0,0.0,0.0,0.0,0.0,0.0,0.0,0.0,0.0,0.0,0.0,0.0,0.0,0.0,0.0,0.0,0.0,0.0,0.0,0.0,0.0,0.0,0.0,0.0,0.0,0.0,0.0,0.0,0.0,0.0
8478,0.0,0.0,0.0,0.0,0.0,0.0,0.0,0.0,0.0,0.0,0.0,0.0,0.0,0.0,0.0,0.0,0.0,0.0,0.0,0.0,0.0,0.0,0.0,0.0,0.0,0.0,0.0,0.0,0.0,0.0,0.0,0.0,0.0,0.0,0.0,0.0,0.0,0.0,0.0,0.0,0.0,0.0,0.0,0.0,0.0,0.0,0.0,0.0,0.0,0.0,0.0,0.0,0.0,0.0,0.0,0.0,0.0,0.0,0.0,0.0,0.0,0.0,0.0,0.0
8479,0.0,0.0,0.0,0.0,0.0,0.0,0.0,0.0,0.0,0.0,0.0,0.0,0.0,0.0,0.0,0.0,0.0,0.0,0.0,0.0,0.0,0.0,0.0,0.0,0.0,0.0,0.0,0.0,0.0,0.0,0.0,0.0,0.0,0.0,0.0,0.0,0.0,0.0,0.0,0.0,0.0,0.0,0.0,0.0,0.0,0.0,0.0,0.0,0.0,0.0,0.0,0.0,0.0,0.0,0.0,0.0,0.0,0.0,0.0,0.0,0.0,0.0,0.0,0.0
8480,0.0,0.0,0.0,0.0,0.0,0.0,0.0,0.0,0.0,0.0,0.0,0.0,0.0,0.0,0.0,0.0,0.0,0.0,0.0,0.0,0.0,0.0,0.0,0.0,0.0,0.0,0.0,0.0,0.0,0.0,0.0,0.0,0.0,0.0,0.0,0.0,0.0,0.0,0.0,0.0,0.0,0.0,0.0,0.0,0.0,0.0,0.0,0.0,0.0,0.0,0.0,0.0,0.0,0.0,0.0,0.0,0.0,0.0,0.0,0.0,0.0,0.0,0.0,0.0
8481,0.0,0.0,0.0,0.0,0.0,0.0,0.0,0.0,0.0,0.0,0.0,0.0,0.0,0.0,0.0,0.0,0.0,0.0,0.0,0.0,0.0,0.0,0.0,0.0,0.0,0.0,0.0,0.0,0.0,0.0,0.0,0.0,0.0,0.0,0.0,0.0,0.0,0.0,0.0,0.0,0.0,0.0,0.0,0.0,0.0,0.0,0.0,0.0,0.0,0.0,0.0,0.0,0.0,0.0,0.0,0.0,0.0,0.0,0.0,0.0,0.0,0.0,0.0,0.0
8482,0.0,0.0,0.0,0.0,0.0,0.0,0.0,0.0,0.0,0.0,0.0,0.0,0.0,0.0,0.0,0.0,0.0,0.0,0.0,0.0,0.0,0.0,0.0,0.0,0.0,0.0,0.0,0.0,0.0,0.0,0.0,0.0,0.0,0.0,0.0,0.0,0.0,0.0,0.0,0.0,0.0,0.0,0.0,0.0,0.0,0.0,0.0,0.0,0.0,0.0,0.0,0.0,0.0,0.0,0.0,0.0,0.0,0.0,0.0,0.0,0.0,0.0,0.0,0.0
8483,0.0,0.0,0.0,0.0,0.0,0.0,0.0,0.0,0.0,0.0,0.0,0.0,0.0,0.0,0.0,0.0,0.0,0.0,0.0,0.0,0.0,0.0,0.0,0.0,0.0,0.0,0.0,0.0,0.0,0.0,0.0,0.0,0.0,0.0,0.0,0.0,0.0,0.0,0.0,0.0,0.0,0.0,0.0,0.0,0.0,0.0,0.0,0.0,0.0,0.0,0.0,0.0,0.0,0.0,0.0,0.0,0.0,0.0,0.0,0.0,0.0,0.0,0.0,0.0
8484,0.0,0.34,0.33,0.0,0.0,0.38,0.0,0.0,0.36,0.06,0.35,0.35,0.4,0.38,0.39,0.38,0.34,0.36,0.05,0.37,0.01,0.39,0.38,0.37,0.42,0.06,0.0,0.0,0.33,0.34,0.34,0.0,0.0,0.0,0.0,0.08,0.35,0.34,0.35,0.34,0.34,0.36,0.35,0.36,0.36,0.35,0.38,0.0,0.0,0.39,0.02,0.01,0.28,0.24,0.0,0.17,0.0,0.24,0.04,0.23,0.02,0.07,0.33,0.04
8485,0.0,0.64,0.62,0.0,0.0,0.63,0.0,0.0,0.64,0.65,0.64,0.68,0.66,0.65,0.65,0.64,0.67,0.67,0.54,0.64,0.28,0.66,0.66,0.66,0.66,0.65,0.0,0.0,0.66,0.64,0.65,0.0,0.0,0.0,0.0,0.45,0.65,0.66,0.66,0.67,0.66,0.67,0.67,0.66,0.66,0.67,0.63,0.0,0.0,0.63,0.21,0.16,0.64,0.64,0.62,0.61,0.0,0.63,0.37,0.64,0.26,0.66,0.67,0.3
8486,0.0,0.69,0.69,0.0,0.0,0.68,0.0,0.0,0.69,0.73,0.71,0.76,0.72,0.71,0.71,0.7,0.74,0.74,0.75,0.68,0.74,0.72,0.72,0.73,0.71,0.72,0.0,0.0,0.72,0.71,0.71,0.0,0.0,0.0,0.0,0.71,0.72,0.73,0.73,0.3,0.74,0.74,0.74,0.73,0.74,0.74,0.68,0.0,0.0,0.68,0.42,0.56,0.72,0.73,0.74,0.72,0.0,0.72,0.75,0.73,0.39,0.74,0.74,0.76
8487,0.0,0.72,0.71,0.0,0.0,0.69,0.0,0.0,0.72,0.75,0.73,0.77,0.74,0.73,0.72,0.71,0.75,0.76,0.76,0.7,0.31,0.73,0.74,0.75,0.72,0.73,0.0,0.0,0.72,0.73,0.71,0.0,0.0,0.0,0.0,0.72,0.75,0.73,0.75,0.73,0.77,0.76,0.76,0.74,0.76,0.76,0.68,0.0,0.0,0.68,0.77,0.75,0.75,0.74,0.76,0.73,0.0,0.74,0.77,0.75,0.58,0.76,0.75,0.78
8488,0.0,0.22,0.73,0.0,0.0,0.39,0.0,0.0,0.72,0.75,0.73,0.78,0.74,0.73,0.72,0.72,0.75,0.75,0.76,0.72,0.35,0.73,0.74,0.75,0.73,0.42,0.0,0.0,0.73,0.19,0.21,0.0,0.0,0.0,0.0,0.74,0.75,0.73,0.76,0.74,0.77,0.76,0.76,0.75,0.76,0.77,0.72,0.0,0.0,0.14,0.78,0.76,0.75,0.76,0.77,0.75,0.0,0.75,0.78,0.76,0.78,0.77,0.76,0.78
8489,0.0,0.11,0.13,0.0,0.0,0.74,0.0,0.0,0.72,0.12,0.72,0.75,0.72,0.71,0.71,0.71,0.49,0.74,0.35,0.71,0.24,0.72,0.72,0.74,0.73,0.37,0.0,0.0,0.34,0.11,0.16,0.0,0.0,0.0,0.0,0.73,0.74,0.55,0.75,0.37,0.76,0.75,0.75,0.74,0.74,0.75,0.71,0.0,0.0,0.74,0.76,0.75,0.74,0.74,0.76,0.74,0.0,0.74,0.76,0.74,0.76,0.76,0.75,0.76
8490,0.0,0.7,0.7,0.0,0.0,0.69,0.0,0.0,0.67,0.05,0.67,0.69,0.65,0.65,0.65,0.66,0.69,0.67,0.68,0.67,0.36,0.66,0.65,0.69,0.68,0.71,0.0,0.0,0.13,0.21,0.21,0.0,0.0,0.0,0.0,0.68,0.69,0.19,0.7,0.37,0.71,0.7,0.7,0.69,0.69,0.7,0.69,0.0,0.0,0.69,0.71,0.71,0.7,0.7,0.7,0.68,0.0,0.69,0.71,0.69,0.71,0.71,0.71,0.71
8491,0.0,0.6,0.61,0.0,0.0,0.2,0.0,0.0,0.53,0.01,0.54,0.54,0.44,0.49,0.5,0.51,0.55,0.45,0.46,0.51,0.02,0.48,0.43,0.55,0.56,0.04,0.0,0.0,0.08,0.09,0.04,0.0,0.0,0.0,0.0,0.58,0.57,0.22,0.58,0.5,0.58,0.58,0.58,0.56,0.56,0.59,0.58,0.0,0.0,0.58,0.6,0.6,0.59,0.59,0.57,0.56,0.0,0.58,0.59,0.57,0.6,0.6,0.18,0.59
8492,0.0,0.04,0.03,0.0,0.0,0.01,0.0,0.0,0.0,0.0,0.0,0.0,0.0,0.0,0.0,0.0,0.0,0.0,0.0,0.0,0.0,0.0,0.0,0.0,0.0,0.0,0.0,0.0,0.0,0.01,0.0,0.0,0.0,0.0,0.0,0.0,0.0,0.0,0.0,0.0,0.0,0.0,0.0,0.0,0.0,0.0,0.0,0.0,0.0,0.0,0.0,0.0,0.0,0.0,0.0,0.0,0.0,0.0,0.0,0.0,0.0,0.0,0.0,0.0
8493,0.0,0.0,0.0,0.0,0.0,0.0,0.0,0.0,0.0,0.0,0.0,0.0,0.0,0.0,0.0,0.0,0.0,0.0,0.0,0.0,0.0,0.0,0.0,0.0,0.0,0.0,0.0,0.0,0.0,0.0,0.0,0.0,0.0,0.0,0.0,0.0,0.0,0.0,0.0,0.0,0.0,0.0,0.0,0.0,0.0,0.0,0.0,0.0,0.0,0.0,0.0,0.0,0.0,0.0,0.0,0.0,0.0,0.0,0.0,0.0,0.0,0.0,0.0,0.0
8494,0.0,0.0,0.0,0.0,0.0,0.0,0.0,0.0,0.0,0.0,0.0,0.0,0.0,0.0,0.0,0.0,0.0,0.0,0.0,0.0,0.0,0.0,0.0,0.0,0.0,0.0,0.0,0.0,0.0,0.0,0.0,0.0,0.0,0.0,0.0,0.0,0.0,0.0,0.0,0.0,0.0,0.0,0.0,0.0,0.0,0.0,0.0,0.0,0.0,0.0,0.0,0.0,0.0,0.0,0.0,0.0,0.0,0.0,0.0,0.0,0.0,0.0,0.0,0.0
8495,0.0,0.0,0.0,0.0,0.0,0.0,0.0,0.0,0.0,0.0,0.0,0.0,0.0,0.0,0.0,0.0,0.0,0.0,0.0,0.0,0.0,0.0,0.0,0.0,0.0,0.0,0.0,0.0,0.0,0.0,0.0,0.0,0.0,0.0,0.0,0.0,0.0,0.0,0.0,0.0,0.0,0.0,0.0,0.0,0.0,0.0,0.0,0.0,0.0,0.0,0.0,0.0,0.0,0.0,0.0,0.0,0.0,0.0,0.0,0.0,0.0,0.0,0.0,0.0
8496,0.0,0.0,0.0,0.0,0.0,0.0,0.0,0.0,0.0,0.0,0.0,0.0,0.0,0.0,0.0,0.0,0.0,0.0,0.0,0.0,0.0,0.0,0.0,0.0,0.0,0.0,0.0,0.0,0.0,0.0,0.0,0.0,0.0,0.0,0.0,0.0,0.0,0.0,0.0,0.0,0.0,0.0,0.0,0.0,0.0,0.0,0.0,0.0,0.0,0.0,0.0,0.0,0.0,0.0,0.0,0.0,0.0,0.0,0.0,0.0,0.0,0.0,0.0,0.0
8497,0.0,0.0,0.0,0.0,0.0,0.0,0.0,0.0,0.0,0.0,0.0,0.0,0.0,0.0,0.0,0.0,0.0,0.0,0.0,0.0,0.0,0.0,0.0,0.0,0.0,0.0,0.0,0.0,0.0,0.0,0.0,0.0,0.0,0.0,0.0,0.0,0.0,0.0,0.0,0.0,0.0,0.0,0.0,0.0,0.0,0.0,0.0,0.0,0.0,0.0,0.0,0.0,0.0,0.0,0.0,0.0,0.0,0.0,0.0,0.0,0.0,0.0,0.0,0.0
8498,0.0,0.0,0.0,0.0,0.0,0.0,0.0,0.0,0.0,0.0,0.0,0.0,0.0,0.0,0.0,0.0,0.0,0.0,0.0,0.0,0.0,0.0,0.0,0.0,0.0,0.0,0.0,0.0,0.0,0.0,0.0,0.0,0.0,0.0,0.0,0.0,0.0,0.0,0.0,0.0,0.0,0.0,0.0,0.0,0.0,0.0,0.0,0.0,0.0,0.0,0.0,0.0,0.0,0.0,0.0,0.0,0.0,0.0,0.0,0.0,0.0,0.0,0.0,0.0
8499,0.0,0.0,0.0,0.0,0.0,0.0,0.0,0.0,0.0,0.0,0.0,0.0,0.0,0.0,0.0,0.0,0.0,0.0,0.0,0.0,0.0,0.0,0.0,0.0,0.0,0.0,0.0,0.0,0.0,0.0,0.0,0.0,0.0,0.0,0.0,0.0,0.0,0.0,0.0,0.0,0.0,0.0,0.0,0.0,0.0,0.0,0.0,0.0,0.0,0.0,0.0,0.0,0.0,0.0,0.0,0.0,0.0,0.0,0.0,0.0,0.0,0.0,0.0,0.0
8500,0.0,0.0,0.0,0.0,0.0,0.0,0.0,0.0,0.0,0.0,0.0,0.0,0.0,0.0,0.0,0.0,0.0,0.0,0.0,0.0,0.0,0.0,0.0,0.0,0.0,0.0,0.0,0.0,0.0,0.0,0.0,0.0,0.0,0.0,0.0,0.0,0.0,0.0,0.0,0.0,0.0,0.0,0.0,0.0,0.0,0.0,0.0,0.0,0.0,0.0,0.0,0.0,0.0,0.0,0.0,0.0,0.0,0.0,0.0,0.0,0.0,0.0,0.0,0.0
8501,0.0,0.0,0.0,0.0,0.0,0.0,0.0,0.0,0.0,0.0,0.0,0.0,0.0,0.0,0.0,0.0,0.0,0.0,0.0,0.0,0.0,0.0,0.0,0.0,0.0,0.0,0.0,0.0,0.0,0.0,0.0,0.0,0.0,0.0,0.0,0.0,0.0,0.0,0.0,0.0,0.0,0.0,0.0,0.0,0.0,0.0,0.0,0.0,0.0,0.0,0.0,0.0,0.0,0.0,0.0,0.0,0.0,0.0,0.0,0.0,0.0,0.0,0.0,0.0
8502,0.0,0.0,0.0,0.0,0.0,0.0,0.0,0.0,0.0,0.0,0.0,0.0,0.0,0.0,0.0,0.0,0.0,0.0,0.0,0.0,0.0,0.0,0.0,0.0,0.0,0.0,0.0,0.0,0.0,0.0,0.0,0.0,0.0,0.0,0.0,0.0,0.0,0.0,0.0,0.0,0.0,0.0,0.0,0.0,0.0,0.0,0.0,0.0,0.0,0.0,0.0,0.0,0.0,0.0,0.0,0.0,0.0,0.0,0.0,0.0,0.0,0.0,0.0,0.0
8503,0.0,0.0,0.0,0.0,0.0,0.0,0.0,0.0,0.0,0.0,0.0,0.0,0.0,0.0,0.0,0.0,0.0,0.0,0.0,0.0,0.0,0.0,0.0,0.0,0.0,0.0,0.0,0.0,0.0,0.0,0.0,0.0,0.0,0.0,0.0,0.0,0.0,0.0,0.0,0.0,0.0,0.0,0.0,0.0,0.0,0.0,0.0,0.0,0.0,0.0,0.0,0.0,0.0,0.0,0.0,0.0,0.0,0.0,0.0,0.0,0.0,0.0,0.0,0.0
8504,0.0,0.0,0.0,0.0,0.0,0.0,0.0,0.0,0.0,0.0,0.0,0.0,0.0,0.0,0.0,0.0,0.0,0.0,0.0,0.0,0.0,0.0,0.0,0.0,0.0,0.0,0.0,0.0,0.0,0.0,0.0,0.0,0.0,0.0,0.0,0.0,0.0,0.0,0.0,0.0,0.0,0.0,0.0,0.0,0.0,0.0,0.0,0.0,0.0,0.0,0.0,0.0,0.0,0.0,0.0,0.0,0.0,0.0,0.0,0.0,0.0,0.0,0.0,0.0
8505,0.0,0.0,0.0,0.0,0.0,0.0,0.0,0.0,0.0,0.0,0.0,0.0,0.0,0.0,0.0,0.0,0.0,0.0,0.0,0.0,0.0,0.0,0.0,0.0,0.0,0.0,0.0,0.0,0.0,0.0,0.0,0.0,0.0,0.0,0.0,0.0,0.0,0.0,0.0,0.0,0.0,0.0,0.0,0.0,0.0,0.0,0.0,0.0,0.0,0.0,0.0,0.0,0.0,0.0,0.0,0.0,0.0,0.0,0.0,0.0,0.0,0.0,0.0,0.0
8506,0.0,0.0,0.0,0.0,0.0,0.0,0.0,0.0,0.0,0.0,0.0,0.0,0.0,0.0,0.0,0.0,0.0,0.0,0.0,0.0,0.0,0.0,0.0,0.0,0.0,0.0,0.0,0.0,0.0,0.0,0.0,0.0,0.0,0.0,0.0,0.0,0.0,0.0,0.0,0.0,0.0,0.0,0.0,0.0,0.0,0.0,0.0,0.0,0.0,0.0,0.0,0.0,0.0,0.0,0.0,0.0,0.0,0.0,0.0,0.0,0.0,0.0,0.0,0.0
8507,0.0,0.0,0.0,0.0,0.0,0.0,0.0,0.0,0.0,0.0,0.0,0.0,0.0,0.0,0.0,0.0,0.0,0.0,0.0,0.0,0.0,0.0,0.0,0.0,0.0,0.0,0.0,0.0,0.0,0.0,0.0,0.0,0.0,0.0,0.0,0.0,0.0,0.0,0.0,0.0,0.0,0.0,0.0,0.0,0.0,0.0,0.0,0.0,0.0,0.0,0.0,0.0,0.0,0.0,0.0,0.0,0.0,0.0,0.0,0.0,0.0,0.0,0.0,0.0
8508,0.0,0.0,0.0,0.0,0.0,0.0,0.0,0.0,0.09,0.1,0.06,0.08,0.14,0.12,0.09,0.08,0.0,0.1,0.09,0.13,0.1,0.14,0.15,0.02,0.01,0.0,0.0,0.0,0.0,0.0,0.0,0.0,0.0,0.0,0.0,0.02,0.01,0.0,0.0,0.0,0.0,0.01,0.01,0.0,0.02,0.01,0.0,0.0,0.0,0.0,0.02,0.02,0.01,0.0,0.02,0.0,0.0,0.0,0.0,0.03,0.0,0.02,0.0,0.0
8509,0.0,0.0,0.0,0.0,0.0,0.02,0.0,0.0,0.1,0.27,0.04,0.28,0.43,0.06,0.21,0.2,0.07,0.3,0.29,0.2,0.38,0.06,0.41,0.11,0.03,0.02,0.0,0.0,0.01,0.0,0.01,0.0,0.0,0.0,0.0,0.02,0.12,0.03,0.1,0.08,0.02,0.06,0.03,0.05,0.12,0.06,0.01,0.0,0.0,0.01,0.16,0.11,0.24,0.04,0.33,0.04,0.0,0.05,0.02,0.2,0.12,0.16,0.02,0.03
8510,0.0,0.01,0.01,0.0,0.0,0.02,0.0,0.0,0.05,0.58,0.04,0.26,0.12,0.19,0.19,0.18,0.19,0.3,0.28,0.17,0.36,0.21,0.27,0.05,0.06,0.02,0.0,0.0,0.01,0.01,0.01,0.0,0.0,0.0,0.0,0.2,0.07,0.06,0.11,0.16,0.19,0.03,0.03,0.05,0.06,0.06,0.02,0.0,0.0,0.02,0.19,0.1,0.24,0.08,0.25,0.06,0.0,0.13,0.05,0.15,0.19,0.16,0.02,0.06
8511,0.0,0.02,0.02,0.0,0.0,0.02,0.0,0.0,0.07,0.42,0.06,0.21,0.24,0.24,0.28,0.16,0.2,0.3,0.29,0.11,0.35,0.21,0.3,0.08,0.01,0.03,0.0,0.0,0.02,0.02,0.02,0.0,0.0,0.0,0.0,0.03,0.35,0.07,0.03,0.35,0.31,0.02,0.02,0.03,0.15,0.03,0.03,0.0,0.0,0.02,0.33,0.1,0.38,0.15,0.37,0.04,0.0,0.17,0.05,0.29,0.26,0.27,0.03,0.07
8512,0.0,0.01,0.02,0.0,0.0,0.0,0.0,0.0,0.08,0.17,0.04,0.33,0.37,0.26,0.28,0.2,0.09,0.26,0.24,0.21,0.38,0.27,0.37,0.03,0.01,0.02,0.0,0.0,0.02,0.01,0.02,0.0,0.0,0.0,0.0,0.05,0.03,0.04,0.06,0.13,0.27,0.04,0.03,0.03,0.03,0.05,0.0,0.0,0.0,0.0,0.31,0.12,0.3,0.22,0.32,0.05,0.0,0.07,0.05,0.32,0.27,0.16,0.03,0.07
8513,0.0,0.01,0.03,0.0,0.0,0.0,0.0,0.0,0.03,0.07,0.02,0.18,0.04,0.08,0.08,0.04,0.03,0.22,0.21,0.03,0.31,0.11,0.22,0.01,0.0,0.02,0.0,0.0,0.02,0.02,0.01,0.0,0.0,0.0,0.0,0.03,0.04,0.05,0.05,0.09,0.38,0.01,0.02,0.02,0.02,0.04,0.0,0.0,0.0,0.0,0.22,0.03,0.23,0.15,0.24,0.04,0.0,0.06,0.04,0.11,0.07,0.09,0.04,0.04
8514,0.0,0.0,0.02,0.0,0.0,0.0,0.0,0.0,0.01,0.19,0.0,0.1,0.02,0.06,0.01,0.01,0.02,0.07,0.05,0.01,0.11,0.04,0.1,0.0,0.02,0.01,0.0,0.0,0.0,0.0,0.0,0.0,0.0,0.0,0.0,0.0,0.01,0.02,0.0,0.04,0.04,0.0,0.0,0.0,0.0,0.0,0.0,0.0,0.0,0.0,0.04,0.04,0.2,0.03,0.3,0.05,0.0,0.04,0.01,0.14,0.02,0.02,0.02,0.01
8515,0.0,0.0,0.0,0.0,0.0,0.0,0.0,0.0,0.0,0.04,0.0,0.01,0.0,0.01,0.0,0.0,0.0,0.01,0.01,0.0,0.02,0.0,0.0,0.0,0.0,0.0,0.0,0.0,0.0,0.01,0.0,0.0,0.0,0.0,0.0,0.0,0.0,0.0,0.0,0.0,0.01,0.0,0.0,0.0,0.0,0.0,0.0,0.0,0.0,0.0,0.01,0.0,0.03,0.04,0.02,0.01,0.0,0.02,0.0,0.01,0.0,0.02,0.0,0.0
8516,0.0,0.0,0.0,0.0,0.0,0.0,0.0,0.0,0.0,0.0,0.0,0.0,0.0,0.0,0.0,0.0,0.0,0.0,0.0,0.0,0.0,0.0,0.0,0.0,0.0,0.0,0.0,0.0,0.0,0.0,0.0,0.0,0.0,0.0,0.0,0.0,0.0,0.0,0.0,0.0,0.0,0.0,0.0,0.0,0.0,0.0,0.0,0.0,0.0,0.0,0.0,0.0,0.0,0.0,0.0,0.0,0.0,0.0,0.0,0.0,0.0,0.0,0.0,0.0
8517,0.0,0.0,0.0,0.0,0.0,0.0,0.0,0.0,0.0,0.0,0.0,0.0,0.0,0.0,0.0,0.0,0.0,0.0,0.0,0.0,0.0,0.0,0.0,0.0,0.0,0.0,0.0,0.0,0.0,0.0,0.0,0.0,0.0,0.0,0.0,0.0,0.0,0.0,0.0,0.0,0.0,0.0,0.0,0.0,0.0,0.0,0.0,0.0,0.0,0.0,0.0,0.0,0.0,0.0,0.0,0.0,0.0,0.0,0.0,0.0,0.0,0.0,0.0,0.0
8518,0.0,0.0,0.0,0.0,0.0,0.0,0.0,0.0,0.0,0.0,0.0,0.0,0.0,0.0,0.0,0.0,0.0,0.0,0.0,0.0,0.0,0.0,0.0,0.0,0.0,0.0,0.0,0.0,0.0,0.0,0.0,0.0,0.0,0.0,0.0,0.0,0.0,0.0,0.0,0.0,0.0,0.0,0.0,0.0,0.0,0.0,0.0,0.0,0.0,0.0,0.0,0.0,0.0,0.0,0.0,0.0,0.0,0.0,0.0,0.0,0.0,0.0,0.0,0.0
8519,0.0,0.0,0.0,0.0,0.0,0.0,0.0,0.0,0.0,0.0,0.0,0.0,0.0,0.0,0.0,0.0,0.0,0.0,0.0,0.0,0.0,0.0,0.0,0.0,0.0,0.0,0.0,0.0,0.0,0.0,0.0,0.0,0.0,0.0,0.0,0.0,0.0,0.0,0.0,0.0,0.0,0.0,0.0,0.0,0.0,0.0,0.0,0.0,0.0,0.0,0.0,0.0,0.0,0.0,0.0,0.0,0.0,0.0,0.0,0.0,0.0,0.0,0.0,0.0
8520,0.0,0.0,0.0,0.0,0.0,0.0,0.0,0.0,0.0,0.0,0.0,0.0,0.0,0.0,0.0,0.0,0.0,0.0,0.0,0.0,0.0,0.0,0.0,0.0,0.0,0.0,0.0,0.0,0.0,0.0,0.0,0.0,0.0,0.0,0.0,0.0,0.0,0.0,0.0,0.0,0.0,0.0,0.0,0.0,0.0,0.0,0.0,0.0,0.0,0.0,0.0,0.0,0.0,0.0,0.0,0.0,0.0,0.0,0.0,0.0,0.0,0.0,0.0,0.0
8521,0.0,0.0,0.0,0.0,0.0,0.0,0.0,0.0,0.0,0.0,0.0,0.0,0.0,0.0,0.0,0.0,0.0,0.0,0.0,0.0,0.0,0.0,0.0,0.0,0.0,0.0,0.0,0.0,0.0,0.0,0.0,0.0,0.0,0.0,0.0,0.0,0.0,0.0,0.0,0.0,0.0,0.0,0.0,0.0,0.0,0.0,0.0,0.0,0.0,0.0,0.0,0.0,0.0,0.0,0.0,0.0,0.0,0.0,0.0,0.0,0.0,0.0,0.0,0.0
8522,0.0,0.0,0.0,0.0,0.0,0.0,0.0,0.0,0.0,0.0,0.0,0.0,0.0,0.0,0.0,0.0,0.0,0.0,0.0,0.0,0.0,0.0,0.0,0.0,0.0,0.0,0.0,0.0,0.0,0.0,0.0,0.0,0.0,0.0,0.0,0.0,0.0,0.0,0.0,0.0,0.0,0.0,0.0,0.0,0.0,0.0,0.0,0.0,0.0,0.0,0.0,0.0,0.0,0.0,0.0,0.0,0.0,0.0,0.0,0.0,0.0,0.0,0.0,0.0
8523,0.0,0.0,0.0,0.0,0.0,0.0,0.0,0.0,0.0,0.0,0.0,0.0,0.0,0.0,0.0,0.0,0.0,0.0,0.0,0.0,0.0,0.0,0.0,0.0,0.0,0.0,0.0,0.0,0.0,0.0,0.0,0.0,0.0,0.0,0.0,0.0,0.0,0.0,0.0,0.0,0.0,0.0,0.0,0.0,0.0,0.0,0.0,0.0,0.0,0.0,0.0,0.0,0.0,0.0,0.0,0.0,0.0,0.0,0.0,0.0,0.0,0.0,0.0,0.0
8524,0.0,0.0,0.0,0.0,0.0,0.0,0.0,0.0,0.0,0.0,0.0,0.0,0.0,0.0,0.0,0.0,0.0,0.0,0.0,0.0,0.0,0.0,0.0,0.0,0.0,0.0,0.0,0.0,0.0,0.0,0.0,0.0,0.0,0.0,0.0,0.0,0.0,0.0,0.0,0.0,0.0,0.0,0.0,0.0,0.0,0.0,0.0,0.0,0.0,0.0,0.0,0.0,0.0,0.0,0.0,0.0,0.0,0.0,0.0,0.0,0.0,0.0,0.0,0.0
8525,0.0,0.0,0.0,0.0,0.0,0.0,0.0,0.0,0.0,0.0,0.0,0.0,0.0,0.0,0.0,0.0,0.0,0.0,0.0,0.0,0.0,0.0,0.0,0.0,0.0,0.0,0.0,0.0,0.0,0.0,0.0,0.0,0.0,0.0,0.0,0.0,0.0,0.0,0.0,0.0,0.0,0.0,0.0,0.0,0.0,0.0,0.0,0.0,0.0,0.0,0.0,0.0,0.0,0.0,0.0,0.0,0.0,0.0,0.0,0.0,0.0,0.0,0.0,0.0
8526,0.0,0.0,0.0,0.0,0.0,0.0,0.0,0.0,0.0,0.0,0.0,0.0,0.0,0.0,0.0,0.0,0.0,0.0,0.0,0.0,0.0,0.0,0.0,0.0,0.0,0.0,0.0,0.0,0.0,0.0,0.0,0.0,0.0,0.0,0.0,0.0,0.0,0.0,0.0,0.0,0.0,0.0,0.0,0.0,0.0,0.0,0.0,0.0,0.0,0.0,0.0,0.0,0.0,0.0,0.0,0.0,0.0,0.0,0.0,0.0,0.0,0.0,0.0,0.0
8527,0.0,0.0,0.0,0.0,0.0,0.0,0.0,0.0,0.0,0.0,0.0,0.0,0.0,0.0,0.0,0.0,0.0,0.0,0.0,0.0,0.0,0.0,0.0,0.0,0.0,0.0,0.0,0.0,0.0,0.0,0.0,0.0,0.0,0.0,0.0,0.0,0.0,0.0,0.0,0.0,0.0,0.0,0.0,0.0,0.0,0.0,0.0,0.0,0.0,0.0,0.0,0.0,0.0,0.0,0.0,0.0,0.0,0.0,0.0,0.0,0.0,0.0,0.0,0.0
8528,0.0,0.0,0.0,0.0,0.0,0.0,0.0,0.0,0.0,0.0,0.0,0.0,0.0,0.0,0.0,0.0,0.0,0.0,0.0,0.0,0.0,0.0,0.0,0.0,0.0,0.0,0.0,0.0,0.0,0.0,0.0,0.0,0.0,0.0,0.0,0.0,0.0,0.0,0.0,0.0,0.0,0.0,0.0,0.0,0.0,0.0,0.0,0.0,0.0,0.0,0.0,0.0,0.0,0.0,0.0,0.0,0.0,0.0,0.0,0.0,0.0,0.0,0.0,0.0
8529,0.0,0.0,0.0,0.0,0.0,0.0,0.0,0.0,0.0,0.0,0.0,0.0,0.0,0.0,0.0,0.0,0.0,0.0,0.0,0.0,0.0,0.0,0.0,0.0,0.0,0.0,0.0,0.0,0.0,0.0,0.0,0.0,0.0,0.0,0.0,0.0,0.0,0.0,0.0,0.0,0.0,0.0,0.0,0.0,0.0,0.0,0.0,0.0,0.0,0.0,0.0,0.0,0.0,0.0,0.0,0.0,0.0,0.0,0.0,0.0,0.0,0.0,0.0,0.0
8530,0.0,0.0,0.0,0.0,0.0,0.0,0.0,0.0,0.0,0.0,0.0,0.0,0.0,0.0,0.0,0.0,0.0,0.0,0.0,0.0,0.0,0.0,0.0,0.0,0.0,0.0,0.0,0.0,0.0,0.0,0.0,0.0,0.0,0.0,0.0,0.0,0.0,0.0,0.0,0.0,0.0,0.0,0.0,0.0,0.0,0.0,0.0,0.0,0.0,0.0,0.0,0.0,0.0,0.0,0.0,0.0,0.0,0.0,0.0,0.0,0.0,0.0,0.0,0.0
8531,0.0,0.0,0.0,0.0,0.0,0.0,0.0,0.0,0.0,0.0,0.0,0.0,0.0,0.0,0.0,0.0,0.0,0.0,0.0,0.0,0.0,0.0,0.0,0.0,0.0,0.0,0.0,0.0,0.0,0.0,0.0,0.0,0.0,0.0,0.0,0.0,0.0,0.0,0.0,0.0,0.0,0.0,0.0,0.0,0.0,0.0,0.0,0.0,0.0,0.0,0.0,0.0,0.0,0.0,0.0,0.0,0.0,0.0,0.0,0.0,0.0,0.0,0.0,0.0
8532,0.0,0.55,0.55,0.0,0.0,0.56,0.0,0.0,0.53,0.0,0.49,0.46,0.02,0.06,0.02,0.02,0.5,0.01,0.0,0.03,0.01,0.48,0.54,0.37,0.57,0.01,0.0,0.0,0.51,0.55,0.54,0.0,0.0,0.0,0.0,0.01,0.16,0.42,0.05,0.5,0.14,0.29,0.26,0.32,0.33,0.16,0.56,0.0,0.0,0.56,0.07,0.0,0.03,0.0,0.02,0.15,0.0,0.01,0.27,0.25,0.02,0.02,0.13,0.24
8533,0.0,0.67,0.66,0.0,0.0,0.67,0.0,0.0,0.58,0.01,0.63,0.35,0.04,0.1,0.02,0.02,0.59,0.02,0.01,0.1,0.02,0.07,0.04,0.37,0.67,0.04,0.0,0.0,0.65,0.67,0.66,0.0,0.0,0.0,0.0,0.04,0.33,0.6,0.1,0.59,0.17,0.37,0.38,0.31,0.61,0.2,0.67,0.0,0.0,0.67,0.04,0.05,0.34,0.01,0.13,0.37,0.0,0.39,0.25,0.38,0.07,0.03,0.19,0.15
8534,0.0,0.76,0.4,0.0,0.0,0.76,0.0,0.0,0.74,0.2,0.74,0.39,0.63,0.71,0.67,0.64,0.74,0.12,0.05,0.71,0.33,0.71,0.21,0.71,0.76,0.09,0.0,0.0,0.76,0.76,0.77,0.0,0.0,0.0,0.0,0.08,0.5,0.74,0.24,0.75,0.14,0.75,0.57,0.52,0.7,0.34,0.76,0.0,0.0,0.76,0.11,0.06,0.24,0.48,0.29,0.59,0.0,0.26,0.59,0.64,0.27,0.08,0.24,0.47
8535,0.0,0.81,0.82,0.0,0.0,0.8,0.0,0.0,0.76,0.1,0.79,0.43,0.74,0.77,0.47,0.58,0.76,0.61,0.36,0.63,0.21,0.78,0.57,0.74,0.8,0.14,0.0,0.0,0.82,0.82,0.82,0.0,0.0,0.0,0.0,0.2,0.7,0.81,0.46,0.82,0.3,0.82,0.82,0.77,0.76,0.45,0.81,0.0,0.0,0.81,0.5,0.06,0.52,0.7,0.32,0.68,0.0,0.72,0.71,0.72,0.54,0.48,0.34,0.74
8536,0.0,0.81,0.34,0.0,0.0,0.81,0.0,0.0,0.57,0.2,0.77,0.43,0.27,0.44,0.53,0.48,0.79,0.5,0.2,0.48,0.5,0.49,0.18,0.79,0.8,0.33,0.0,0.0,0.64,0.81,0.81,0.0,0.0,0.0,0.0,0.22,0.81,0.81,0.57,0.82,0.42,0.83,0.83,0.81,0.81,0.55,0.81,0.0,0.0,0.81,0.61,0.09,0.51,0.31,0.23,0.62,0.0,0.73,0.8,0.37,0.55,0.55,0.35,0.81
8537,0.0,0.65,0.8,0.0,0.0,0.78,0.0,0.0,0.68,0.28,0.77,0.47,0.07,0.4,0.52,0.59,0.79,0.17,0.06,0.53,0.23,0.41,0.55,0.78,0.78,0.29,0.0,0.0,0.8,0.8,0.8,0.0,0.0,0.0,0.0,0.36,0.79,0.39,0.41,0.8,0.12,0.81,0.8,0.78,0.79,0.48,0.78,0.0,0.0,0.78,0.6,0.09,0.27,0.18,0.09,0.6,0.0,0.25,0.81,0.19,0.39,0.76,0.37,0.6
8538,0.0,0.77,0.77,0.0,0.0,0.75,0.0,0.0,0.72,0.19,0.73,0.54,0.13,0.39,0.56,0.61,0.75,0.33,0.07,0.71,0.19,0.39,0.53,0.74,0.74,0.25,0.0,0.0,0.77,0.77,0.78,0.0,0.0,0.0,0.0,0.56,0.75,0.29,0.77,0.75,0.07,0.77,0.77,0.75,0.75,0.77,0.75,0.0,0.0,0.75,0.77,0.06,0.11,0.17,0.04,0.13,0.0,0.08,0.77,0.07,0.78,0.7,0.77,0.78
8539,0.0,0.68,0.68,0.0,0.0,0.65,0.0,0.0,0.6,0.27,0.61,0.57,0.32,0.39,0.59,0.59,0.63,0.32,0.21,0.6,0.26,0.35,0.44,0.62,0.64,0.2,0.0,0.0,0.66,0.68,0.66,0.0,0.0,0.0,0.0,0.66,0.63,0.16,0.66,0.63,0.02,0.66,0.66,0.64,0.63,0.67,0.65,0.0,0.0,0.65,0.66,0.03,0.03,0.64,0.01,0.03,0.0,0.04,0.66,0.04,0.67,0.65,0.49,0.67
8540,0.0,0.27,0.29,0.0,0.0,0.03,0.0,0.0,0.0,0.0,0.0,0.0,0.0,0.0,0.0,0.0,0.0,0.0,0.0,0.0,0.0,0.0,0.0,0.0,0.0,0.03,0.0,0.0,0.03,0.26,0.03,0.0,0.0,0.0,0.0,0.01,0.0,0.0,0.01,0.0,0.0,0.01,0.0,0.0,0.0,0.01,0.03,0.0,0.0,0.03,0.01,0.0,0.0,0.0,0.0,0.0,0.0,0.0,0.0,0.0,0.0,0.0,0.01,0.01
8541,0.0,0.0,0.0,0.0,0.0,0.0,0.0,0.0,0.0,0.0,0.0,0.0,0.0,0.0,0.0,0.0,0.0,0.0,0.0,0.0,0.0,0.0,0.0,0.0,0.0,0.0,0.0,0.0,0.0,0.0,0.0,0.0,0.0,0.0,0.0,0.0,0.0,0.0,0.0,0.0,0.0,0.0,0.0,0.0,0.0,0.0,0.0,0.0,0.0,0.0,0.0,0.0,0.0,0.0,0.0,0.0,0.0,0.0,0.0,0.0,0.0,0.0,0.0,0.0
8542,0.0,0.0,0.0,0.0,0.0,0.0,0.0,0.0,0.0,0.0,0.0,0.0,0.0,0.0,0.0,0.0,0.0,0.0,0.0,0.0,0.0,0.0,0.0,0.0,0.0,0.0,0.0,0.0,0.0,0.0,0.0,0.0,0.0,0.0,0.0,0.0,0.0,0.0,0.0,0.0,0.0,0.0,0.0,0.0,0.0,0.0,0.0,0.0,0.0,0.0,0.0,0.0,0.0,0.0,0.0,0.0,0.0,0.0,0.0,0.0,0.0,0.0,0.0,0.0
8543,0.0,0.0,0.0,0.0,0.0,0.0,0.0,0.0,0.0,0.0,0.0,0.0,0.0,0.0,0.0,0.0,0.0,0.0,0.0,0.0,0.0,0.0,0.0,0.0,0.0,0.0,0.0,0.0,0.0,0.0,0.0,0.0,0.0,0.0,0.0,0.0,0.0,0.0,0.0,0.0,0.0,0.0,0.0,0.0,0.0,0.0,0.0,0.0,0.0,0.0,0.0,0.0,0.0,0.0,0.0,0.0,0.0,0.0,0.0,0.0,0.0,0.0,0.0,0.0
8544,0.0,0.0,0.0,0.0,0.0,0.0,0.0,0.0,0.0,0.0,0.0,0.0,0.0,0.0,0.0,0.0,0.0,0.0,0.0,0.0,0.0,0.0,0.0,0.0,0.0,0.0,0.0,0.0,0.0,0.0,0.0,0.0,0.0,0.0,0.0,0.0,0.0,0.0,0.0,0.0,0.0,0.0,0.0,0.0,0.0,0.0,0.0,0.0,0.0,0.0,0.0,0.0,0.0,0.0,0.0,0.0,0.0,0.0,0.0,0.0,0.0,0.0,0.0,0.0
8545,0.0,0.0,0.0,0.0,0.0,0.0,0.0,0.0,0.0,0.0,0.0,0.0,0.0,0.0,0.0,0.0,0.0,0.0,0.0,0.0,0.0,0.0,0.0,0.0,0.0,0.0,0.0,0.0,0.0,0.0,0.0,0.0,0.0,0.0,0.0,0.0,0.0,0.0,0.0,0.0,0.0,0.0,0.0,0.0,0.0,0.0,0.0,0.0,0.0,0.0,0.0,0.0,0.0,0.0,0.0,0.0,0.0,0.0,0.0,0.0,0.0,0.0,0.0,0.0
8546,0.0,0.0,0.0,0.0,0.0,0.0,0.0,0.0,0.0,0.0,0.0,0.0,0.0,0.0,0.0,0.0,0.0,0.0,0.0,0.0,0.0,0.0,0.0,0.0,0.0,0.0,0.0,0.0,0.0,0.0,0.0,0.0,0.0,0.0,0.0,0.0,0.0,0.0,0.0,0.0,0.0,0.0,0.0,0.0,0.0,0.0,0.0,0.0,0.0,0.0,0.0,0.0,0.0,0.0,0.0,0.0,0.0,0.0,0.0,0.0,0.0,0.0,0.0,0.0
8547,0.0,0.0,0.0,0.0,0.0,0.0,0.0,0.0,0.0,0.0,0.0,0.0,0.0,0.0,0.0,0.0,0.0,0.0,0.0,0.0,0.0,0.0,0.0,0.0,0.0,0.0,0.0,0.0,0.0,0.0,0.0,0.0,0.0,0.0,0.0,0.0,0.0,0.0,0.0,0.0,0.0,0.0,0.0,0.0,0.0,0.0,0.0,0.0,0.0,0.0,0.0,0.0,0.0,0.0,0.0,0.0,0.0,0.0,0.0,0.0,0.0,0.0,0.0,0.0
8548,0.0,0.0,0.0,0.0,0.0,0.0,0.0,0.0,0.0,0.0,0.0,0.0,0.0,0.0,0.0,0.0,0.0,0.0,0.0,0.0,0.0,0.0,0.0,0.0,0.0,0.0,0.0,0.0,0.0,0.0,0.0,0.0,0.0,0.0,0.0,0.0,0.0,0.0,0.0,0.0,0.0,0.0,0.0,0.0,0.0,0.0,0.0,0.0,0.0,0.0,0.0,0.0,0.0,0.0,0.0,0.0,0.0,0.0,0.0,0.0,0.0,0.0,0.0,0.0
8549,0.0,0.0,0.0,0.0,0.0,0.0,0.0,0.0,0.0,0.0,0.0,0.0,0.0,0.0,0.0,0.0,0.0,0.0,0.0,0.0,0.0,0.0,0.0,0.0,0.0,0.0,0.0,0.0,0.0,0.0,0.0,0.0,0.0,0.0,0.0,0.0,0.0,0.0,0.0,0.0,0.0,0.0,0.0,0.0,0.0,0.0,0.0,0.0,0.0,0.0,0.0,0.0,0.0,0.0,0.0,0.0,0.0,0.0,0.0,0.0,0.0,0.0,0.0,0.0
8550,0.0,0.0,0.0,0.0,0.0,0.0,0.0,0.0,0.0,0.0,0.0,0.0,0.0,0.0,0.0,0.0,0.0,0.0,0.0,0.0,0.0,0.0,0.0,0.0,0.0,0.0,0.0,0.0,0.0,0.0,0.0,0.0,0.0,0.0,0.0,0.0,0.0,0.0,0.0,0.0,0.0,0.0,0.0,0.0,0.0,0.0,0.0,0.0,0.0,0.0,0.0,0.0,0.0,0.0,0.0,0.0,0.0,0.0,0.0,0.0,0.0,0.0,0.0,0.0
8551,0.0,0.0,0.0,0.0,0.0,0.0,0.0,0.0,0.0,0.0,0.0,0.0,0.0,0.0,0.0,0.0,0.0,0.0,0.0,0.0,0.0,0.0,0.0,0.0,0.0,0.0,0.0,0.0,0.0,0.0,0.0,0.0,0.0,0.0,0.0,0.0,0.0,0.0,0.0,0.0,0.0,0.0,0.0,0.0,0.0,0.0,0.0,0.0,0.0,0.0,0.0,0.0,0.0,0.0,0.0,0.0,0.0,0.0,0.0,0.0,0.0,0.0,0.0,0.0
8552,0.0,0.0,0.0,0.0,0.0,0.0,0.0,0.0,0.0,0.0,0.0,0.0,0.0,0.0,0.0,0.0,0.0,0.0,0.0,0.0,0.0,0.0,0.0,0.0,0.0,0.0,0.0,0.0,0.0,0.0,0.0,0.0,0.0,0.0,0.0,0.0,0.0,0.0,0.0,0.0,0.0,0.0,0.0,0.0,0.0,0.0,0.0,0.0,0.0,0.0,0.0,0.0,0.0,0.0,0.0,0.0,0.0,0.0,0.0,0.0,0.0,0.0,0.0,0.0
8553,0.0,0.0,0.0,0.0,0.0,0.0,0.0,0.0,0.0,0.0,0.0,0.0,0.0,0.0,0.0,0.0,0.0,0.0,0.0,0.0,0.0,0.0,0.0,0.0,0.0,0.0,0.0,0.0,0.0,0.0,0.0,0.0,0.0,0.0,0.0,0.0,0.0,0.0,0.0,0.0,0.0,0.0,0.0,0.0,0.0,0.0,0.0,0.0,0.0,0.0,0.0,0.0,0.0,0.0,0.0,0.0,0.0,0.0,0.0,0.0,0.0,0.0,0.0,0.0
8554,0.0,0.0,0.0,0.0,0.0,0.0,0.0,0.0,0.0,0.0,0.0,0.0,0.0,0.0,0.0,0.0,0.0,0.0,0.0,0.0,0.0,0.0,0.0,0.0,0.0,0.0,0.0,0.0,0.0,0.0,0.0,0.0,0.0,0.0,0.0,0.0,0.0,0.0,0.0,0.0,0.0,0.0,0.0,0.0,0.0,0.0,0.0,0.0,0.0,0.0,0.0,0.0,0.0,0.0,0.0,0.0,0.0,0.0,0.0,0.0,0.0,0.0,0.0,0.0
8555,0.0,0.0,0.0,0.0,0.0,0.0,0.0,0.0,0.0,0.0,0.0,0.0,0.0,0.0,0.0,0.0,0.0,0.0,0.0,0.0,0.0,0.0,0.0,0.0,0.0,0.0,0.0,0.0,0.0,0.0,0.0,0.0,0.0,0.0,0.0,0.0,0.0,0.0,0.0,0.0,0.0,0.0,0.0,0.0,0.0,0.0,0.0,0.0,0.0,0.0,0.0,0.0,0.0,0.0,0.0,0.0,0.0,0.0,0.0,0.0,0.0,0.0,0.0,0.0
8556,0.0,0.31,0.31,0.0,0.0,0.18,0.0,0.0,0.38,0.29,0.37,0.4,0.42,0.39,0.4,0.4,0.39,0.39,0.4,0.39,0.35,0.4,0.42,0.39,0.19,0.34,0.0,0.0,0.34,0.33,0.34,0.0,0.0,0.0,0.0,0.36,0.38,0.38,0.36,0.38,0.37,0.36,0.36,0.38,0.39,0.36,0.18,0.0,0.0,0.18,0.3,0.32,0.31,0.28,0.3,0.21,0.0,0.28,0.31,0.27,0.32,0.3,0.35,0.32
8557,0.0,0.68,0.68,0.0,0.0,0.59,0.0,0.0,0.7,0.72,0.7,0.75,0.71,0.71,0.71,0.7,0.74,0.72,0.75,0.71,0.74,0.71,0.72,0.71,0.32,0.72,0.0,0.0,0.7,0.69,0.7,0.0,0.0,0.0,0.0,0.69,0.71,0.74,0.72,0.74,0.74,0.71,0.72,0.71,0.71,0.72,0.63,0.0,0.0,0.6,0.72,0.7,0.71,0.71,0.71,0.7,0.0,0.71,0.72,0.7,0.72,0.72,0.72,0.71
8558,0.0,0.72,0.7,0.0,0.0,0.58,0.0,0.0,0.75,0.78,0.74,0.81,0.75,0.75,0.75,0.75,0.8,0.78,0.81,0.75,0.8,0.75,0.76,0.74,0.33,0.76,0.0,0.0,0.74,0.73,0.76,0.0,0.0,0.0,0.0,0.74,0.76,0.8,0.76,0.8,0.8,0.76,0.78,0.75,0.76,0.77,0.61,0.0,0.0,0.59,0.78,0.74,0.78,0.77,0.78,0.76,0.0,0.77,0.78,0.77,0.77,0.78,0.76,0.77
8559,0.0,0.76,0.76,0.0,0.0,0.4,0.0,0.0,0.78,0.83,0.77,0.85,0.78,0.78,0.78,0.78,0.84,0.81,0.84,0.78,0.84,0.78,0.79,0.78,0.41,0.81,0.0,0.0,0.78,0.75,0.8,0.0,0.0,0.0,0.0,0.79,0.79,0.83,0.8,0.84,0.84,0.8,0.82,0.79,0.79,0.81,0.41,0.0,0.0,0.39,0.83,0.78,0.81,0.81,0.81,0.81,0.0,0.81,0.82,0.8,0.81,0.83,0.8,0.81
8560,0.0,0.6,0.61,0.0,0.0,0.44,0.0,0.0,0.79,0.83,0.78,0.86,0.78,0.78,0.79,0.78,0.85,0.82,0.84,0.79,0.84,0.79,0.79,0.79,0.37,0.83,0.0,0.0,0.79,0.67,0.8,0.0,0.0,0.0,0.0,0.78,0.8,0.83,0.82,0.85,0.84,0.82,0.83,0.8,0.8,0.83,0.43,0.0,0.0,0.45,0.84,0.8,0.82,0.83,0.82,0.83,0.0,0.82,0.83,0.82,0.82,0.84,0.81,0.82
8561,0.0,0.58,0.6,0.0,0.0,0.36,0.0,0.0,0.77,0.79,0.77,0.82,0.76,0.76,0.76,0.76,0.82,0.79,0.81,0.76,0.81,0.77,0.75,0.75,0.33,0.73,0.0,0.0,0.73,0.63,0.71,0.0,0.0,0.0,0.0,0.62,0.78,0.8,0.8,0.82,0.82,0.78,0.81,0.73,0.77,0.81,0.16,0.0,0.0,0.37,0.82,0.79,0.81,0.82,0.8,0.81,0.0,0.81,0.82,0.8,0.8,0.82,0.8,0.81
8562,0.0,0.37,0.37,0.0,0.0,0.14,0.0,0.0,0.71,0.71,0.72,0.75,0.69,0.69,0.67,0.59,0.76,0.71,0.73,0.68,0.73,0.7,0.69,0.55,0.26,0.55,0.0,0.0,0.56,0.39,0.52,0.0,0.0,0.0,0.0,0.48,0.64,0.75,0.59,0.76,0.76,0.62,0.57,0.54,0.6,0.58,0.06,0.0,0.0,0.16,0.77,0.75,0.75,0.76,0.75,0.74,0.0,0.76,0.76,0.74,0.75,0.77,0.68,0.75
8563,0.0,0.34,0.36,0.0,0.0,0.27,0.0,0.0,0.6,0.55,0.61,0.61,0.58,0.6,0.52,0.51,0.63,0.56,0.58,0.52,0.58,0.6,0.54,0.5,0.25,0.46,0.0,0.0,0.52,0.34,0.41,0.0,0.0,0.0,0.0,0.38,0.55,0.64,0.53,0.64,0.66,0.5,0.55,0.43,0.53,0.57,0.16,0.0,0.0,0.27,0.67,0.67,0.65,0.66,0.63,0.63,0.0,0.65,0.66,0.64,0.66,0.67,0.57,0.66
8564,0.0,0.17,0.17,0.0,0.0,0.0,0.0,0.0,0.0,0.0,0.0,0.0,0.0,0.0,0.0,0.0,0.0,0.0,0.0,0.0,0.0,0.0,0.0,0.0,0.0,0.18,0.0,0.0,0.03,0.16,0.03,0.0,0.0,0.0,0.0,0.01,0.0,0.0,0.01,0.0,0.0,0.01,0.01,0.0,0.0,0.01,0.0,0.0,0.0,0.0,0.01,0.04,0.0,0.01,0.0,0.01,0.0,0.01,0.01,0.0,0.01,0.01,0.03,0.01
8565,0.0,0.0,0.0,0.0,0.0,0.0,0.0,0.0,0.0,0.0,0.0,0.0,0.0,0.0,0.0,0.0,0.0,0.0,0.0,0.0,0.0,0.0,0.0,0.0,0.0,0.0,0.0,0.0,0.0,0.0,0.0,0.0,0.0,0.0,0.0,0.0,0.0,0.0,0.0,0.0,0.0,0.0,0.0,0.0,0.0,0.0,0.0,0.0,0.0,0.0,0.0,0.0,0.0,0.0,0.0,0.0,0.0,0.0,0.0,0.0,0.0,0.0,0.0,0.0
8566,0.0,0.0,0.0,0.0,0.0,0.0,0.0,0.0,0.0,0.0,0.0,0.0,0.0,0.0,0.0,0.0,0.0,0.0,0.0,0.0,0.0,0.0,0.0,0.0,0.0,0.0,0.0,0.0,0.0,0.0,0.0,0.0,0.0,0.0,0.0,0.0,0.0,0.0,0.0,0.0,0.0,0.0,0.0,0.0,0.0,0.0,0.0,0.0,0.0,0.0,0.0,0.0,0.0,0.0,0.0,0.0,0.0,0.0,0.0,0.0,0.0,0.0,0.0,0.0
8567,0.0,0.0,0.0,0.0,0.0,0.0,0.0,0.0,0.0,0.0,0.0,0.0,0.0,0.0,0.0,0.0,0.0,0.0,0.0,0.0,0.0,0.0,0.0,0.0,0.0,0.0,0.0,0.0,0.0,0.0,0.0,0.0,0.0,0.0,0.0,0.0,0.0,0.0,0.0,0.0,0.0,0.0,0.0,0.0,0.0,0.0,0.0,0.0,0.0,0.0,0.0,0.0,0.0,0.0,0.0,0.0,0.0,0.0,0.0,0.0,0.0,0.0,0.0,0.0
8568,0.0,0.0,0.0,0.0,0.0,0.0,0.0,0.0,0.0,0.0,0.0,0.0,0.0,0.0,0.0,0.0,0.0,0.0,0.0,0.0,0.0,0.0,0.0,0.0,0.0,0.0,0.0,0.0,0.0,0.0,0.0,0.0,0.0,0.0,0.0,0.0,0.0,0.0,0.0,0.0,0.0,0.0,0.0,0.0,0.0,0.0,0.0,0.0,0.0,0.0,0.0,0.0,0.0,0.0,0.0,0.0,0.0,0.0,0.0,0.0,0.0,0.0,0.0,0.0
8569,0.0,0.0,0.0,0.0,0.0,0.0,0.0,0.0,0.0,0.0,0.0,0.0,0.0,0.0,0.0,0.0,0.0,0.0,0.0,0.0,0.0,0.0,0.0,0.0,0.0,0.0,0.0,0.0,0.0,0.0,0.0,0.0,0.0,0.0,0.0,0.0,0.0,0.0,0.0,0.0,0.0,0.0,0.0,0.0,0.0,0.0,0.0,0.0,0.0,0.0,0.0,0.0,0.0,0.0,0.0,0.0,0.0,0.0,0.0,0.0,0.0,0.0,0.0,0.0
8570,0.0,0.0,0.0,0.0,0.0,0.0,0.0,0.0,0.0,0.0,0.0,0.0,0.0,0.0,0.0,0.0,0.0,0.0,0.0,0.0,0.0,0.0,0.0,0.0,0.0,0.0,0.0,0.0,0.0,0.0,0.0,0.0,0.0,0.0,0.0,0.0,0.0,0.0,0.0,0.0,0.0,0.0,0.0,0.0,0.0,0.0,0.0,0.0,0.0,0.0,0.0,0.0,0.0,0.0,0.0,0.0,0.0,0.0,0.0,0.0,0.0,0.0,0.0,0.0
8571,0.0,0.0,0.0,0.0,0.0,0.0,0.0,0.0,0.0,0.0,0.0,0.0,0.0,0.0,0.0,0.0,0.0,0.0,0.0,0.0,0.0,0.0,0.0,0.0,0.0,0.0,0.0,0.0,0.0,0.0,0.0,0.0,0.0,0.0,0.0,0.0,0.0,0.0,0.0,0.0,0.0,0.0,0.0,0.0,0.0,0.0,0.0,0.0,0.0,0.0,0.0,0.0,0.0,0.0,0.0,0.0,0.0,0.0,0.0,0.0,0.0,0.0,0.0,0.0
8572,0.0,0.0,0.0,0.0,0.0,0.0,0.0,0.0,0.0,0.0,0.0,0.0,0.0,0.0,0.0,0.0,0.0,0.0,0.0,0.0,0.0,0.0,0.0,0.0,0.0,0.0,0.0,0.0,0.0,0.0,0.0,0.0,0.0,0.0,0.0,0.0,0.0,0.0,0.0,0.0,0.0,0.0,0.0,0.0,0.0,0.0,0.0,0.0,0.0,0.0,0.0,0.0,0.0,0.0,0.0,0.0,0.0,0.0,0.0,0.0,0.0,0.0,0.0,0.0
8573,0.0,0.0,0.0,0.0,0.0,0.0,0.0,0.0,0.0,0.0,0.0,0.0,0.0,0.0,0.0,0.0,0.0,0.0,0.0,0.0,0.0,0.0,0.0,0.0,0.0,0.0,0.0,0.0,0.0,0.0,0.0,0.0,0.0,0.0,0.0,0.0,0.0,0.0,0.0,0.0,0.0,0.0,0.0,0.0,0.0,0.0,0.0,0.0,0.0,0.0,0.0,0.0,0.0,0.0,0.0,0.0,0.0,0.0,0.0,0.0,0.0,0.0,0.0,0.0
8574,0.0,0.0,0.0,0.0,0.0,0.0,0.0,0.0,0.0,0.0,0.0,0.0,0.0,0.0,0.0,0.0,0.0,0.0,0.0,0.0,0.0,0.0,0.0,0.0,0.0,0.0,0.0,0.0,0.0,0.0,0.0,0.0,0.0,0.0,0.0,0.0,0.0,0.0,0.0,0.0,0.0,0.0,0.0,0.0,0.0,0.0,0.0,0.0,0.0,0.0,0.0,0.0,0.0,0.0,0.0,0.0,0.0,0.0,0.0,0.0,0.0,0.0,0.0,0.0
8575,0.0,0.0,0.0,0.0,0.0,0.0,0.0,0.0,0.0,0.0,0.0,0.0,0.0,0.0,0.0,0.0,0.0,0.0,0.0,0.0,0.0,0.0,0.0,0.0,0.0,0.0,0.0,0.0,0.0,0.0,0.0,0.0,0.0,0.0,0.0,0.0,0.0,0.0,0.0,0.0,0.0,0.0,0.0,0.0,0.0,0.0,0.0,0.0,0.0,0.0,0.0,0.0,0.0,0.0,0.0,0.0,0.0,0.0,0.0,0.0,0.0,0.0,0.0,0.0
8576,0.0,0.0,0.0,0.0,0.0,0.0,0.0,0.0,0.0,0.0,0.0,0.0,0.0,0.0,0.0,0.0,0.0,0.0,0.0,0.0,0.0,0.0,0.0,0.0,0.0,0.0,0.0,0.0,0.0,0.0,0.0,0.0,0.0,0.0,0.0,0.0,0.0,0.0,0.0,0.0,0.0,0.0,0.0,0.0,0.0,0.0,0.0,0.0,0.0,0.0,0.0,0.0,0.0,0.0,0.0,0.0,0.0,0.0,0.0,0.0,0.0,0.0,0.0,0.0
8577,0.0,0.0,0.0,0.0,0.0,0.0,0.0,0.0,0.0,0.0,0.0,0.0,0.0,0.0,0.0,0.0,0.0,0.0,0.0,0.0,0.0,0.0,0.0,0.0,0.0,0.0,0.0,0.0,0.0,0.0,0.0,0.0,0.0,0.0,0.0,0.0,0.0,0.0,0.0,0.0,0.0,0.0,0.0,0.0,0.0,0.0,0.0,0.0,0.0,0.0,0.0,0.0,0.0,0.0,0.0,0.0,0.0,0.0,0.0,0.0,0.0,0.0,0.0,0.0
8578,0.0,0.0,0.0,0.0,0.0,0.0,0.0,0.0,0.0,0.0,0.0,0.0,0.0,0.0,0.0,0.0,0.0,0.0,0.0,0.0,0.0,0.0,0.0,0.0,0.0,0.0,0.0,0.0,0.0,0.0,0.0,0.0,0.0,0.0,0.0,0.0,0.0,0.0,0.0,0.0,0.0,0.0,0.0,0.0,0.0,0.0,0.0,0.0,0.0,0.0,0.0,0.0,0.0,0.0,0.0,0.0,0.0,0.0,0.0,0.0,0.0,0.0,0.0,0.0
8579,0.0,0.0,0.0,0.0,0.0,0.0,0.0,0.0,0.0,0.0,0.0,0.0,0.0,0.0,0.0,0.0,0.0,0.0,0.0,0.0,0.0,0.0,0.0,0.0,0.0,0.0,0.0,0.0,0.0,0.0,0.0,0.0,0.0,0.0,0.0,0.0,0.0,0.0,0.0,0.0,0.0,0.0,0.0,0.0,0.0,0.0,0.0,0.0,0.0,0.0,0.0,0.0,0.0,0.0,0.0,0.0,0.0,0.0,0.0,0.0,0.0,0.0,0.0,0.0
8580,0.0,0.49,0.49,0.0,0.0,0.55,0.0,0.0,0.51,0.44,0.51,0.52,0.57,0.54,0.55,0.54,0.52,0.53,0.54,0.53,0.49,0.55,0.56,0.52,0.57,0.48,0.0,0.0,0.48,0.49,0.49,0.0,0.0,0.0,0.0,0.51,0.52,0.52,0.51,0.52,0.52,0.52,0.52,0.53,0.52,0.51,0.55,0.0,0.0,0.55,0.45,0.47,0.45,0.41,0.44,0.35,0.0,0.42,0.45,0.41,0.46,0.44,0.5,0.46
8581,0.0,0.69,0.69,0.0,0.0,0.7,0.0,0.0,0.67,0.7,0.7,0.72,0.72,0.68,0.7,0.69,0.71,0.7,0.73,0.69,0.71,0.7,0.72,0.7,0.71,0.7,0.0,0.0,0.7,0.69,0.7,0.0,0.0,0.0,0.0,0.67,0.68,0.68,0.68,0.71,0.7,0.69,0.7,0.69,0.7,0.69,0.7,0.0,0.0,0.7,0.7,0.69,0.7,0.69,0.7,0.68,0.0,0.7,0.69,0.7,0.7,0.7,0.7,0.69
8582,0.0,0.74,0.74,0.0,0.0,0.73,0.0,0.0,0.77,0.78,0.77,0.77,0.78,0.77,0.77,0.75,0.77,0.74,0.79,0.74,0.79,0.76,0.78,0.77,0.74,0.76,0.0,0.0,0.76,0.75,0.76,0.0,0.0,0.0,0.0,0.74,0.76,0.78,0.75,0.78,0.76,0.74,0.74,0.75,0.77,0.75,0.72,0.0,0.0,0.74,0.78,0.77,0.79,0.77,0.8,0.77,0.0,0.78,0.78,0.79,0.77,0.78,0.77,0.77
8583,0.0,0.77,0.76,0.0,0.0,0.74,0.0,0.0,0.79,0.8,0.8,0.8,0.79,0.8,0.79,0.77,0.79,0.77,0.8,0.78,0.81,0.8,0.79,0.81,0.76,0.76,0.0,0.0,0.76,0.77,0.76,0.0,0.0,0.0,0.0,0.78,0.79,0.81,0.79,0.82,0.8,0.78,0.77,0.79,0.8,0.79,0.73,0.0,0.0,0.73,0.8,0.78,0.82,0.8,0.82,0.79,0.0,0.81,0.8,0.82,0.8,0.81,0.8,0.8
8584,0.0,0.75,0.74,0.0,0.0,0.73,0.0,0.0,0.8,0.8,0.8,0.81,0.8,0.8,0.79,0.79,0.8,0.79,0.81,0.79,0.81,0.8,0.79,0.81,0.73,0.74,0.0,0.0,0.75,0.74,0.74,0.0,0.0,0.0,0.0,0.77,0.79,0.82,0.76,0.83,0.81,0.76,0.76,0.78,0.8,0.77,0.72,0.0,0.0,0.71,0.81,0.75,0.81,0.76,0.82,0.7,0.0,0.78,0.8,0.77,0.8,0.8,0.75,0.78
8585,0.0,0.64,0.6,0.0,0.0,0.74,0.0,0.0,0.78,0.78,0.78,0.79,0.76,0.77,0.77,0.77,0.78,0.77,0.78,0.78,0.78,0.77,0.76,0.76,0.71,0.62,0.0,0.0,0.62,0.64,0.61,0.0,0.0,0.0,0.0,0.58,0.72,0.78,0.71,0.8,0.75,0.71,0.68,0.69,0.74,0.68,0.74,0.0,0.0,0.75,0.64,0.62,0.76,0.67,0.78,0.73,0.0,0.73,0.65,0.75,0.68,0.66,0.73,0.66
8586,0.0,0.47,0.47,0.0,0.0,0.58,0.0,0.0,0.7,0.7,0.65,0.72,0.69,0.7,0.7,0.7,0.66,0.7,0.71,0.7,0.7,0.7,0.69,0.58,0.67,0.45,0.0,0.0,0.54,0.46,0.45,0.0,0.0,0.0,0.0,0.52,0.5,0.66,0.52,0.67,0.54,0.53,0.5,0.54,0.55,0.51,0.55,0.0,0.0,0.54,0.49,0.45,0.58,0.47,0.59,0.58,0.0,0.49,0.48,0.58,0.43,0.48,0.6,0.45
8587,0.0,0.37,0.36,0.0,0.0,0.54,0.0,0.0,0.42,0.44,0.4,0.52,0.54,0.59,0.59,0.52,0.43,0.56,0.57,0.48,0.53,0.59,0.54,0.44,0.54,0.36,0.0,0.0,0.37,0.36,0.34,0.0,0.0,0.0,0.0,0.36,0.42,0.4,0.36,0.42,0.38,0.36,0.39,0.4,0.44,0.4,0.46,0.0,0.0,0.51,0.38,0.38,0.41,0.39,0.47,0.41,0.0,0.39,0.37,0.43,0.37,0.4,0.43,0.37
8588,0.0,0.08,0.1,0.0,0.0,0.03,0.0,0.0,0.0,0.0,0.0,0.0,0.0,0.0,0.0,0.0,0.0,0.0,0.0,0.0,0.0,0.0,0.0,0.0,0.01,0.08,0.0,0.0,0.01,0.08,0.08,0.0,0.0,0.0,0.0,0.01,0.0,0.0,0.0,0.0,0.0,0.0,0.0,0.0,0.0,0.0,0.02,0.0,0.0,0.02,0.0,0.02,0.0,0.0,0.0,0.0,0.0,0.0,0.0,0.0,0.0,0.0,0.01,0.0
8589,0.0,0.0,0.0,0.0,0.0,0.0,0.0,0.0,0.0,0.0,0.0,0.0,0.0,0.0,0.0,0.0,0.0,0.0,0.0,0.0,0.0,0.0,0.0,0.0,0.0,0.0,0.0,0.0,0.0,0.0,0.0,0.0,0.0,0.0,0.0,0.0,0.0,0.0,0.0,0.0,0.0,0.0,0.0,0.0,0.0,0.0,0.0,0.0,0.0,0.0,0.0,0.0,0.0,0.0,0.0,0.0,0.0,0.0,0.0,0.0,0.0,0.0,0.0,0.0
8590,0.0,0.0,0.0,0.0,0.0,0.0,0.0,0.0,0.0,0.0,0.0,0.0,0.0,0.0,0.0,0.0,0.0,0.0,0.0,0.0,0.0,0.0,0.0,0.0,0.0,0.0,0.0,0.0,0.0,0.0,0.0,0.0,0.0,0.0,0.0,0.0,0.0,0.0,0.0,0.0,0.0,0.0,0.0,0.0,0.0,0.0,0.0,0.0,0.0,0.0,0.0,0.0,0.0,0.0,0.0,0.0,0.0,0.0,0.0,0.0,0.0,0.0,0.0,0.0
8591,0.0,0.0,0.0,0.0,0.0,0.0,0.0,0.0,0.0,0.0,0.0,0.0,0.0,0.0,0.0,0.0,0.0,0.0,0.0,0.0,0.0,0.0,0.0,0.0,0.0,0.0,0.0,0.0,0.0,0.0,0.0,0.0,0.0,0.0,0.0,0.0,0.0,0.0,0.0,0.0,0.0,0.0,0.0,0.0,0.0,0.0,0.0,0.0,0.0,0.0,0.0,0.0,0.0,0.0,0.0,0.0,0.0,0.0,0.0,0.0,0.0,0.0,0.0,0.0
8592,0.0,0.0,0.0,0.0,0.0,0.0,0.0,0.0,0.0,0.0,0.0,0.0,0.0,0.0,0.0,0.0,0.0,0.0,0.0,0.0,0.0,0.0,0.0,0.0,0.0,0.0,0.0,0.0,0.0,0.0,0.0,0.0,0.0,0.0,0.0,0.0,0.0,0.0,0.0,0.0,0.0,0.0,0.0,0.0,0.0,0.0,0.0,0.0,0.0,0.0,0.0,0.0,0.0,0.0,0.0,0.0,0.0,0.0,0.0,0.0,0.0,0.0,0.0,0.0
8593,0.0,0.0,0.0,0.0,0.0,0.0,0.0,0.0,0.0,0.0,0.0,0.0,0.0,0.0,0.0,0.0,0.0,0.0,0.0,0.0,0.0,0.0,0.0,0.0,0.0,0.0,0.0,0.0,0.0,0.0,0.0,0.0,0.0,0.0,0.0,0.0,0.0,0.0,0.0,0.0,0.0,0.0,0.0,0.0,0.0,0.0,0.0,0.0,0.0,0.0,0.0,0.0,0.0,0.0,0.0,0.0,0.0,0.0,0.0,0.0,0.0,0.0,0.0,0.0
8594,0.0,0.0,0.0,0.0,0.0,0.0,0.0,0.0,0.0,0.0,0.0,0.0,0.0,0.0,0.0,0.0,0.0,0.0,0.0,0.0,0.0,0.0,0.0,0.0,0.0,0.0,0.0,0.0,0.0,0.0,0.0,0.0,0.0,0.0,0.0,0.0,0.0,0.0,0.0,0.0,0.0,0.0,0.0,0.0,0.0,0.0,0.0,0.0,0.0,0.0,0.0,0.0,0.0,0.0,0.0,0.0,0.0,0.0,0.0,0.0,0.0,0.0,0.0,0.0
8595,0.0,0.0,0.0,0.0,0.0,0.0,0.0,0.0,0.0,0.0,0.0,0.0,0.0,0.0,0.0,0.0,0.0,0.0,0.0,0.0,0.0,0.0,0.0,0.0,0.0,0.0,0.0,0.0,0.0,0.0,0.0,0.0,0.0,0.0,0.0,0.0,0.0,0.0,0.0,0.0,0.0,0.0,0.0,0.0,0.0,0.0,0.0,0.0,0.0,0.0,0.0,0.0,0.0,0.0,0.0,0.0,0.0,0.0,0.0,0.0,0.0,0.0,0.0,0.0
8596,0.0,0.0,0.0,0.0,0.0,0.0,0.0,0.0,0.0,0.0,0.0,0.0,0.0,0.0,0.0,0.0,0.0,0.0,0.0,0.0,0.0,0.0,0.0,0.0,0.0,0.0,0.0,0.0,0.0,0.0,0.0,0.0,0.0,0.0,0.0,0.0,0.0,0.0,0.0,0.0,0.0,0.0,0.0,0.0,0.0,0.0,0.0,0.0,0.0,0.0,0.0,0.0,0.0,0.0,0.0,0.0,0.0,0.0,0.0,0.0,0.0,0.0,0.0,0.0
8597,0.0,0.0,0.0,0.0,0.0,0.0,0.0,0.0,0.0,0.0,0.0,0.0,0.0,0.0,0.0,0.0,0.0,0.0,0.0,0.0,0.0,0.0,0.0,0.0,0.0,0.0,0.0,0.0,0.0,0.0,0.0,0.0,0.0,0.0,0.0,0.0,0.0,0.0,0.0,0.0,0.0,0.0,0.0,0.0,0.0,0.0,0.0,0.0,0.0,0.0,0.0,0.0,0.0,0.0,0.0,0.0,0.0,0.0,0.0,0.0,0.0,0.0,0.0,0.0
8598,0.0,0.0,0.0,0.0,0.0,0.0,0.0,0.0,0.0,0.0,0.0,0.0,0.0,0.0,0.0,0.0,0.0,0.0,0.0,0.0,0.0,0.0,0.0,0.0,0.0,0.0,0.0,0.0,0.0,0.0,0.0,0.0,0.0,0.0,0.0,0.0,0.0,0.0,0.0,0.0,0.0,0.0,0.0,0.0,0.0,0.0,0.0,0.0,0.0,0.0,0.0,0.0,0.0,0.0,0.0,0.0,0.0,0.0,0.0,0.0,0.0,0.0,0.0,0.0
8599,0.0,0.0,0.0,0.0,0.0,0.0,0.0,0.0,0.0,0.0,0.0,0.0,0.0,0.0,0.0,0.0,0.0,0.0,0.0,0.0,0.0,0.0,0.0,0.0,0.0,0.0,0.0,0.0,0.0,0.0,0.0,0.0,0.0,0.0,0.0,0.0,0.0,0.0,0.0,0.0,0.0,0.0,0.0,0.0,0.0,0.0,0.0,0.0,0.0,0.0,0.0,0.0,0.0,0.0,0.0,0.0,0.0,0.0,0.0,0.0,0.0,0.0,0.0,0.0
8600,0.0,0.0,0.0,0.0,0.0,0.0,0.0,0.0,0.0,0.0,0.0,0.0,0.0,0.0,0.0,0.0,0.0,0.0,0.0,0.0,0.0,0.0,0.0,0.0,0.0,0.0,0.0,0.0,0.0,0.0,0.0,0.0,0.0,0.0,0.0,0.0,0.0,0.0,0.0,0.0,0.0,0.0,0.0,0.0,0.0,0.0,0.0,0.0,0.0,0.0,0.0,0.0,0.0,0.0,0.0,0.0,0.0,0.0,0.0,0.0,0.0,0.0,0.0,0.0
8601,0.0,0.0,0.0,0.0,0.0,0.0,0.0,0.0,0.0,0.0,0.0,0.0,0.0,0.0,0.0,0.0,0.0,0.0,0.0,0.0,0.0,0.0,0.0,0.0,0.0,0.0,0.0,0.0,0.0,0.0,0.0,0.0,0.0,0.0,0.0,0.0,0.0,0.0,0.0,0.0,0.0,0.0,0.0,0.0,0.0,0.0,0.0,0.0,0.0,0.0,0.0,0.0,0.0,0.0,0.0,0.0,0.0,0.0,0.0,0.0,0.0,0.0,0.0,0.0
8602,0.0,0.0,0.0,0.0,0.0,0.0,0.0,0.0,0.0,0.0,0.0,0.0,0.0,0.0,0.0,0.0,0.0,0.0,0.0,0.0,0.0,0.0,0.0,0.0,0.0,0.0,0.0,0.0,0.0,0.0,0.0,0.0,0.0,0.0,0.0,0.0,0.0,0.0,0.0,0.0,0.0,0.0,0.0,0.0,0.0,0.0,0.0,0.0,0.0,0.0,0.0,0.0,0.0,0.0,0.0,0.0,0.0,0.0,0.0,0.0,0.0,0.0,0.0,0.0
8603,0.0,0.0,0.0,0.0,0.0,0.0,0.0,0.0,0.0,0.0,0.0,0.0,0.0,0.0,0.0,0.0,0.0,0.0,0.0,0.0,0.0,0.0,0.0,0.0,0.0,0.0,0.0,0.0,0.0,0.0,0.0,0.0,0.0,0.0,0.0,0.0,0.0,0.0,0.0,0.0,0.0,0.0,0.0,0.0,0.0,0.0,0.0,0.0,0.0,0.0,0.0,0.0,0.0,0.0,0.0,0.0,0.0,0.0,0.0,0.0,0.0,0.0,0.0,0.0
8604,0.0,0.36,0.38,0.0,0.0,0.54,0.0,0.0,0.02,0.27,0.01,0.01,0.18,0.43,0.49,0.47,0.39,0.25,0.35,0.44,0.3,0.44,0.14,0.01,0.01,0.42,0.0,0.0,0.43,0.35,0.41,0.0,0.0,0.0,0.0,0.24,0.53,0.26,0.53,0.02,0.52,0.53,0.52,0.53,0.54,0.53,0.54,0.0,0.0,0.54,0.5,0.35,0.5,0.49,0.5,0.48,0.0,0.5,0.5,0.5,0.5,0.5,0.42,0.5
8605,0.0,0.63,0.64,0.0,0.0,0.64,0.0,0.0,0.01,0.34,0.16,0.05,0.05,0.6,0.38,0.61,0.1,0.33,0.55,0.39,0.2,0.25,0.06,0.63,0.03,0.3,0.0,0.0,0.31,0.57,0.34,0.0,0.0,0.0,0.0,0.35,0.61,0.62,0.34,0.13,0.63,0.43,0.41,0.6,0.63,0.35,0.64,0.0,0.0,0.63,0.62,0.51,0.64,0.64,0.64,0.63,0.0,0.63,0.64,0.64,0.64,0.64,0.3,0.64
8606,0.0,0.74,0.74,0.0,0.0,0.72,0.0,0.0,0.05,0.62,0.54,0.04,0.37,0.04,0.06,0.07,0.13,0.14,0.68,0.04,0.34,0.08,0.57,0.62,0.26,0.64,0.0,0.0,0.53,0.74,0.68,0.0,0.0,0.0,0.0,0.69,0.55,0.3,0.51,0.19,0.5,0.56,0.49,0.57,0.6,0.5,0.72,0.0,0.0,0.72,0.72,0.46,0.66,0.68,0.72,0.72,0.0,0.67,0.68,0.71,0.59,0.72,0.46,0.64
8607,0.0,0.78,0.77,0.0,0.0,0.76,0.0,0.0,0.59,0.71,0.56,0.05,0.15,0.05,0.07,0.05,0.12,0.34,0.72,0.08,0.27,0.05,0.27,0.69,0.17,0.78,0.0,0.0,0.74,0.78,0.78,0.0,0.0,0.0,0.0,0.77,0.7,0.65,0.73,0.29,0.6,0.75,0.69,0.69,0.7,0.71,0.76,0.0,0.0,0.76,0.71,0.64,0.63,0.66,0.73,0.74,0.0,0.68,0.71,0.72,0.69,0.68,0.72,0.71
8608,0.0,0.76,0.76,0.0,0.0,0.76,0.0,0.0,0.66,0.61,0.66,0.1,0.17,0.05,0.03,0.07,0.36,0.24,0.24,0.04,0.17,0.07,0.11,0.75,0.06,0.78,0.0,0.0,0.75,0.77,0.78,0.0,0.0,0.0,0.0,0.78,0.75,0.72,0.78,0.72,0.7,0.77,0.76,0.77,0.75,0.77,0.76,0.0,0.0,0.76,0.71,0.71,0.71,0.68,0.69,0.69,0.0,0.65,0.69,0.68,0.71,0.7,0.74,0.7
8609,0.0,0.58,0.58,0.0,0.0,0.59,0.0,0.0,0.72,0.35,0.7,0.1,0.73,0.04,0.04,0.03,0.72,0.28,0.32,0.04,0.14,0.04,0.19,0.75,0.03,0.69,0.0,0.0,0.73,0.57,0.62,0.0,0.0,0.0,0.0,0.72,0.76,0.72,0.74,0.24,0.73,0.73,0.76,0.76,0.76,0.77,0.58,0.0,0.0,0.6,0.72,0.71,0.72,0.7,0.72,0.68,0.0,0.7,0.7,0.61,0.72,0.7,0.73,0.71
8610,0.0,0.33,0.32,0.0,0.0,0.25,0.0,0.0,0.65,0.13,0.63,0.32,0.64,0.02,0.02,0.02,0.68,0.03,0.02,0.45,0.13,0.03,0.62,0.58,0.02,0.47,0.0,0.0,0.49,0.36,0.44,0.0,0.0,0.0,0.0,0.45,0.58,0.64,0.51,0.34,0.67,0.47,0.54,0.44,0.59,0.56,0.26,0.0,0.0,0.25,0.68,0.69,0.69,0.66,0.7,0.55,0.0,0.65,0.68,0.61,0.69,0.66,0.57,0.69
8611,0.0,0.29,0.29,0.0,0.0,0.26,0.0,0.0,0.45,0.1,0.45,0.35,0.13,0.01,0.0,0.03,0.36,0.01,0.01,0.34,0.17,0.0,0.06,0.31,0.01,0.35,0.0,0.0,0.33,0.3,0.33,0.0,0.0,0.0,0.0,0.31,0.37,0.49,0.35,0.53,0.41,0.35,0.38,0.34,0.34,0.38,0.26,0.0,0.0,0.26,0.65,0.64,0.61,0.59,0.61,0.32,0.0,0.56,0.62,0.56,0.64,0.64,0.39,0.64
8612,0.0,0.09,0.11,0.0,0.0,0.03,0.0,0.0,0.0,0.0,0.0,0.0,0.0,0.0,0.0,0.0,0.0,0.0,0.0,0.0,0.0,0.0,0.0,0.0,0.0,0.09,0.0,0.0,0.01,0.08,0.08,0.0,0.0,0.0,0.0,0.01,0.0,0.0,0.0,0.0,0.0,0.0,0.0,0.0,0.0,0.0,0.01,0.0,0.0,0.01,0.01,0.03,0.0,0.0,0.0,0.0,0.0,0.0,0.0,0.0,0.01,0.0,0.02,0.01
8613,0.0,0.0,0.0,0.0,0.0,0.0,0.0,0.0,0.0,0.0,0.0,0.0,0.0,0.0,0.0,0.0,0.0,0.0,0.0,0.0,0.0,0.0,0.0,0.0,0.0,0.0,0.0,0.0,0.0,0.0,0.0,0.0,0.0,0.0,0.0,0.0,0.0,0.0,0.0,0.0,0.0,0.0,0.0,0.0,0.0,0.0,0.0,0.0,0.0,0.0,0.0,0.0,0.0,0.0,0.0,0.0,0.0,0.0,0.0,0.0,0.0,0.0,0.0,0.0
8614,0.0,0.0,0.0,0.0,0.0,0.0,0.0,0.0,0.0,0.0,0.0,0.0,0.0,0.0,0.0,0.0,0.0,0.0,0.0,0.0,0.0,0.0,0.0,0.0,0.0,0.0,0.0,0.0,0.0,0.0,0.0,0.0,0.0,0.0,0.0,0.0,0.0,0.0,0.0,0.0,0.0,0.0,0.0,0.0,0.0,0.0,0.0,0.0,0.0,0.0,0.0,0.0,0.0,0.0,0.0,0.0,0.0,0.0,0.0,0.0,0.0,0.0,0.0,0.0
8615,0.0,0.0,0.0,0.0,0.0,0.0,0.0,0.0,0.0,0.0,0.0,0.0,0.0,0.0,0.0,0.0,0.0,0.0,0.0,0.0,0.0,0.0,0.0,0.0,0.0,0.0,0.0,0.0,0.0,0.0,0.0,0.0,0.0,0.0,0.0,0.0,0.0,0.0,0.0,0.0,0.0,0.0,0.0,0.0,0.0,0.0,0.0,0.0,0.0,0.0,0.0,0.0,0.0,0.0,0.0,0.0,0.0,0.0,0.0,0.0,0.0,0.0,0.0,0.0
8616,0.0,0.0,0.0,0.0,0.0,0.0,0.0,0.0,0.0,0.0,0.0,0.0,0.0,0.0,0.0,0.0,0.0,0.0,0.0,0.0,0.0,0.0,0.0,0.0,0.0,0.0,0.0,0.0,0.0,0.0,0.0,0.0,0.0,0.0,0.0,0.0,0.0,0.0,0.0,0.0,0.0,0.0,0.0,0.0,0.0,0.0,0.0,0.0,0.0,0.0,0.0,0.0,0.0,0.0,0.0,0.0,0.0,0.0,0.0,0.0,0.0,0.0,0.0,0.0
8617,0.0,0.0,0.0,0.0,0.0,0.0,0.0,0.0,0.0,0.0,0.0,0.0,0.0,0.0,0.0,0.0,0.0,0.0,0.0,0.0,0.0,0.0,0.0,0.0,0.0,0.0,0.0,0.0,0.0,0.0,0.0,0.0,0.0,0.0,0.0,0.0,0.0,0.0,0.0,0.0,0.0,0.0,0.0,0.0,0.0,0.0,0.0,0.0,0.0,0.0,0.0,0.0,0.0,0.0,0.0,0.0,0.0,0.0,0.0,0.0,0.0,0.0,0.0,0.0
8618,0.0,0.0,0.0,0.0,0.0,0.0,0.0,0.0,0.0,0.0,0.0,0.0,0.0,0.0,0.0,0.0,0.0,0.0,0.0,0.0,0.0,0.0,0.0,0.0,0.0,0.0,0.0,0.0,0.0,0.0,0.0,0.0,0.0,0.0,0.0,0.0,0.0,0.0,0.0,0.0,0.0,0.0,0.0,0.0,0.0,0.0,0.0,0.0,0.0,0.0,0.0,0.0,0.0,0.0,0.0,0.0,0.0,0.0,0.0,0.0,0.0,0.0,0.0,0.0
8619,0.0,0.0,0.0,0.0,0.0,0.0,0.0,0.0,0.0,0.0,0.0,0.0,0.0,0.0,0.0,0.0,0.0,0.0,0.0,0.0,0.0,0.0,0.0,0.0,0.0,0.0,0.0,0.0,0.0,0.0,0.0,0.0,0.0,0.0,0.0,0.0,0.0,0.0,0.0,0.0,0.0,0.0,0.0,0.0,0.0,0.0,0.0,0.0,0.0,0.0,0.0,0.0,0.0,0.0,0.0,0.0,0.0,0.0,0.0,0.0,0.0,0.0,0.0,0.0
8620,0.0,0.0,0.0,0.0,0.0,0.0,0.0,0.0,0.0,0.0,0.0,0.0,0.0,0.0,0.0,0.0,0.0,0.0,0.0,0.0,0.0,0.0,0.0,0.0,0.0,0.0,0.0,0.0,0.0,0.0,0.0,0.0,0.0,0.0,0.0,0.0,0.0,0.0,0.0,0.0,0.0,0.0,0.0,0.0,0.0,0.0,0.0,0.0,0.0,0.0,0.0,0.0,0.0,0.0,0.0,0.0,0.0,0.0,0.0,0.0,0.0,0.0,0.0,0.0
8621,0.0,0.0,0.0,0.0,0.0,0.0,0.0,0.0,0.0,0.0,0.0,0.0,0.0,0.0,0.0,0.0,0.0,0.0,0.0,0.0,0.0,0.0,0.0,0.0,0.0,0.0,0.0,0.0,0.0,0.0,0.0,0.0,0.0,0.0,0.0,0.0,0.0,0.0,0.0,0.0,0.0,0.0,0.0,0.0,0.0,0.0,0.0,0.0,0.0,0.0,0.0,0.0,0.0,0.0,0.0,0.0,0.0,0.0,0.0,0.0,0.0,0.0,0.0,0.0
8622,0.0,0.0,0.0,0.0,0.0,0.0,0.0,0.0,0.0,0.0,0.0,0.0,0.0,0.0,0.0,0.0,0.0,0.0,0.0,0.0,0.0,0.0,0.0,0.0,0.0,0.0,0.0,0.0,0.0,0.0,0.0,0.0,0.0,0.0,0.0,0.0,0.0,0.0,0.0,0.0,0.0,0.0,0.0,0.0,0.0,0.0,0.0,0.0,0.0,0.0,0.0,0.0,0.0,0.0,0.0,0.0,0.0,0.0,0.0,0.0,0.0,0.0,0.0,0.0
8623,0.0,0.0,0.0,0.0,0.0,0.0,0.0,0.0,0.0,0.0,0.0,0.0,0.0,0.0,0.0,0.0,0.0,0.0,0.0,0.0,0.0,0.0,0.0,0.0,0.0,0.0,0.0,0.0,0.0,0.0,0.0,0.0,0.0,0.0,0.0,0.0,0.0,0.0,0.0,0.0,0.0,0.0,0.0,0.0,0.0,0.0,0.0,0.0,0.0,0.0,0.0,0.0,0.0,0.0,0.0,0.0,0.0,0.0,0.0,0.0,0.0,0.0,0.0,0.0
8624,0.0,0.0,0.0,0.0,0.0,0.0,0.0,0.0,0.0,0.0,0.0,0.0,0.0,0.0,0.0,0.0,0.0,0.0,0.0,0.0,0.0,0.0,0.0,0.0,0.0,0.0,0.0,0.0,0.0,0.0,0.0,0.0,0.0,0.0,0.0,0.0,0.0,0.0,0.0,0.0,0.0,0.0,0.0,0.0,0.0,0.0,0.0,0.0,0.0,0.0,0.0,0.0,0.0,0.0,0.0,0.0,0.0,0.0,0.0,0.0,0.0,0.0,0.0,0.0
8625,0.0,0.0,0.0,0.0,0.0,0.0,0.0,0.0,0.0,0.0,0.0,0.0,0.0,0.0,0.0,0.0,0.0,0.0,0.0,0.0,0.0,0.0,0.0,0.0,0.0,0.0,0.0,0.0,0.0,0.0,0.0,0.0,0.0,0.0,0.0,0.0,0.0,0.0,0.0,0.0,0.0,0.0,0.0,0.0,0.0,0.0,0.0,0.0,0.0,0.0,0.0,0.0,0.0,0.0,0.0,0.0,0.0,0.0,0.0,0.0,0.0,0.0,0.0,0.0
8626,0.0,0.0,0.0,0.0,0.0,0.0,0.0,0.0,0.0,0.0,0.0,0.0,0.0,0.0,0.0,0.0,0.0,0.0,0.0,0.0,0.0,0.0,0.0,0.0,0.0,0.0,0.0,0.0,0.0,0.0,0.0,0.0,0.0,0.0,0.0,0.0,0.0,0.0,0.0,0.0,0.0,0.0,0.0,0.0,0.0,0.0,0.0,0.0,0.0,0.0,0.0,0.0,0.0,0.0,0.0,0.0,0.0,0.0,0.0,0.0,0.0,0.0,0.0,0.0
8627,0.0,0.0,0.0,0.0,0.0,0.0,0.0,0.0,0.0,0.0,0.0,0.0,0.0,0.0,0.0,0.0,0.0,0.0,0.0,0.0,0.0,0.0,0.0,0.0,0.0,0.0,0.0,0.0,0.0,0.0,0.0,0.0,0.0,0.0,0.0,0.0,0.0,0.0,0.0,0.0,0.0,0.0,0.0,0.0,0.0,0.0,0.0,0.0,0.0,0.0,0.0,0.0,0.0,0.0,0.0,0.0,0.0,0.0,0.0,0.0,0.0,0.0,0.0,0.0
8628,0.0,0.41,0.42,0.0,0.0,0.17,0.0,0.0,0.11,0.08,0.09,0.17,0.26,0.14,0.14,0.24,0.01,0.13,0.13,0.11,0.05,0.13,0.28,0.08,0.12,0.36,0.0,0.0,0.35,0.41,0.41,0.0,0.0,0.0,0.0,0.11,0.1,0.14,0.15,0.12,0.16,0.26,0.36,0.08,0.08,0.16,0.18,0.0,0.0,0.17,0.13,0.16,0.08,0.11,0.03,0.04,0.0,0.12,0.15,0.11,0.07,0.13,0.33,0.13
8629,0.0,0.73,0.74,0.0,0.0,0.66,0.0,0.0,0.27,0.26,0.31,0.42,0.4,0.46,0.46,0.38,0.04,0.31,0.3,0.35,0.34,0.42,0.46,0.43,0.46,0.74,0.0,0.0,0.72,0.74,0.74,0.0,0.0,0.0,0.0,0.72,0.7,0.54,0.73,0.41,0.59,0.71,0.7,0.45,0.5,0.74,0.66,0.0,0.0,0.55,0.42,0.72,0.63,0.38,0.5,0.18,0.0,0.38,0.55,0.52,0.41,0.51,0.71,0.45
8630,0.0,0.85,0.85,0.0,0.0,0.83,0.0,0.0,0.62,0.47,0.19,0.42,0.7,0.47,0.48,0.38,0.71,0.59,0.64,0.4,0.72,0.56,0.57,0.79,0.77,0.86,0.0,0.0,0.84,0.85,0.85,0.0,0.0,0.0,0.0,0.84,0.82,0.82,0.85,0.78,0.83,0.85,0.85,0.72,0.81,0.86,0.82,0.0,0.0,0.82,0.81,0.81,0.74,0.78,0.67,0.66,0.0,0.81,0.82,0.75,0.85,0.82,0.84,0.83
8631,0.0,0.88,0.88,0.0,0.0,0.86,0.0,0.0,0.82,0.7,0.77,0.69,0.62,0.52,0.49,0.7,0.73,0.79,0.79,0.08,0.67,0.52,0.69,0.71,0.85,0.89,0.0,0.0,0.88,0.88,0.88,0.0,0.0,0.0,0.0,0.87,0.86,0.88,0.87,0.84,0.86,0.87,0.87,0.85,0.78,0.88,0.86,0.0,0.0,0.86,0.83,0.45,0.87,0.87,0.75,0.83,0.0,0.87,0.85,0.85,0.88,0.86,0.89,0.88
8632,0.0,0.88,0.9,0.0,0.0,0.88,0.0,0.0,0.74,0.77,0.76,0.82,0.4,0.2,0.38,0.16,0.83,0.17,0.21,0.28,0.5,0.31,0.25,0.87,0.87,0.91,0.0,0.0,0.89,0.89,0.9,0.0,0.0,0.0,0.0,0.89,0.88,0.9,0.89,0.9,0.9,0.87,0.83,0.87,0.87,0.88,0.88,0.0,0.0,0.88,0.88,0.79,0.9,0.88,0.86,0.84,0.0,0.89,0.89,0.89,0.82,0.89,0.9,0.88
8633,0.0,0.9,0.9,0.0,0.0,0.86,0.0,0.0,0.74,0.75,0.85,0.85,0.04,0.41,0.38,0.52,0.88,0.09,0.14,0.62,0.23,0.71,0.07,0.86,0.86,0.91,0.0,0.0,0.89,0.9,0.9,0.0,0.0,0.0,0.0,0.89,0.83,0.9,0.86,0.9,0.86,0.87,0.85,0.8,0.87,0.84,0.86,0.0,0.0,0.87,0.79,0.88,0.86,0.85,0.88,0.84,0.0,0.86,0.85,0.84,0.78,0.85,0.82,0.83
8634,0.0,0.84,0.84,0.0,0.0,0.72,0.0,0.0,0.78,0.15,0.78,0.81,0.72,0.35,0.43,0.64,0.81,0.12,0.5,0.77,0.32,0.4,0.58,0.77,0.8,0.83,0.0,0.0,0.8,0.84,0.83,0.0,0.0,0.0,0.0,0.82,0.73,0.8,0.79,0.82,0.83,0.8,0.8,0.79,0.78,0.82,0.79,0.0,0.0,0.81,0.84,0.67,0.82,0.83,0.76,0.44,0.0,0.83,0.84,0.8,0.75,0.84,0.76,0.83
8635,0.0,0.72,0.69,0.0,0.0,0.7,0.0,0.0,0.64,0.16,0.65,0.65,0.1,0.63,0.62,0.62,0.66,0.34,0.26,0.62,0.32,0.6,0.31,0.66,0.68,0.65,0.0,0.0,0.7,0.72,0.72,0.0,0.0,0.0,0.0,0.67,0.68,0.68,0.6,0.68,0.69,0.69,0.7,0.67,0.66,0.66,0.7,0.0,0.0,0.7,0.72,0.41,0.69,0.7,0.55,0.69,0.0,0.7,0.71,0.28,0.72,0.72,0.7,0.72
8636,0.0,0.38,0.27,0.0,0.0,0.2,0.0,0.0,0.0,0.0,0.0,0.0,0.0,0.0,0.0,0.0,0.0,0.0,0.0,0.0,0.0,0.0,0.0,0.0,0.01,0.39,0.0,0.0,0.04,0.38,0.37,0.0,0.0,0.0,0.0,0.06,0.0,0.0,0.01,0.0,0.0,0.01,0.01,0.0,0.0,0.01,0.18,0.0,0.0,0.04,0.01,0.03,0.0,0.01,0.0,0.0,0.0,0.01,0.01,0.0,0.03,0.01,0.06,0.01
8637,0.0,0.0,0.0,0.0,0.0,0.0,0.0,0.0,0.0,0.0,0.0,0.0,0.0,0.0,0.0,0.0,0.0,0.0,0.0,0.0,0.0,0.0,0.0,0.0,0.0,0.0,0.0,0.0,0.0,0.0,0.0,0.0,0.0,0.0,0.0,0.0,0.0,0.0,0.0,0.0,0.0,0.0,0.0,0.0,0.0,0.0,0.0,0.0,0.0,0.0,0.0,0.0,0.0,0.0,0.0,0.0,0.0,0.0,0.0,0.0,0.0,0.0,0.0,0.0
8638,0.0,0.0,0.0,0.0,0.0,0.0,0.0,0.0,0.0,0.0,0.0,0.0,0.0,0.0,0.0,0.0,0.0,0.0,0.0,0.0,0.0,0.0,0.0,0.0,0.0,0.0,0.0,0.0,0.0,0.0,0.0,0.0,0.0,0.0,0.0,0.0,0.0,0.0,0.0,0.0,0.0,0.0,0.0,0.0,0.0,0.0,0.0,0.0,0.0,0.0,0.0,0.0,0.0,0.0,0.0,0.0,0.0,0.0,0.0,0.0,0.0,0.0,0.0,0.0
8639,0.0,0.0,0.0,0.0,0.0,0.0,0.0,0.0,0.0,0.0,0.0,0.0,0.0,0.0,0.0,0.0,0.0,0.0,0.0,0.0,0.0,0.0,0.0,0.0,0.0,0.0,0.0,0.0,0.0,0.0,0.0,0.0,0.0,0.0,0.0,0.0,0.0,0.0,0.0,0.0,0.0,0.0,0.0,0.0,0.0,0.0,0.0,0.0,0.0,0.0,0.0,0.0,0.0,0.0,0.0,0.0,0.0,0.0,0.0,0.0,0.0,0.0,0.0,0.0
8640,0.0,0.0,0.0,0.0,0.0,0.0,0.0,0.0,0.0,0.0,0.0,0.0,0.0,0.0,0.0,0.0,0.0,0.0,0.0,0.0,0.0,0.0,0.0,0.0,0.0,0.0,0.0,0.0,0.0,0.0,0.0,0.0,0.0,0.0,0.0,0.0,0.0,0.0,0.0,0.0,0.0,0.0,0.0,0.0,0.0,0.0,0.0,0.0,0.0,0.0,0.0,0.0,0.0,0.0,0.0,0.0,0.0,0.0,0.0,0.0,0.0,0.0,0.0,0.0
8641,0.0,0.0,0.0,0.0,0.0,0.0,0.0,0.0,0.0,0.0,0.0,0.0,0.0,0.0,0.0,0.0,0.0,0.0,0.0,0.0,0.0,0.0,0.0,0.0,0.0,0.0,0.0,0.0,0.0,0.0,0.0,0.0,0.0,0.0,0.0,0.0,0.0,0.0,0.0,0.0,0.0,0.0,0.0,0.0,0.0,0.0,0.0,0.0,0.0,0.0,0.0,0.0,0.0,0.0,0.0,0.0,0.0,0.0,0.0,0.0,0.0,0.0,0.0,0.0
8642,0.0,0.0,0.0,0.0,0.0,0.0,0.0,0.0,0.0,0.0,0.0,0.0,0.0,0.0,0.0,0.0,0.0,0.0,0.0,0.0,0.0,0.0,0.0,0.0,0.0,0.0,0.0,0.0,0.0,0.0,0.0,0.0,0.0,0.0,0.0,0.0,0.0,0.0,0.0,0.0,0.0,0.0,0.0,0.0,0.0,0.0,0.0,0.0,0.0,0.0,0.0,0.0,0.0,0.0,0.0,0.0,0.0,0.0,0.0,0.0,0.0,0.0,0.0,0.0
8643,0.0,0.0,0.0,0.0,0.0,0.0,0.0,0.0,0.0,0.0,0.0,0.0,0.0,0.0,0.0,0.0,0.0,0.0,0.0,0.0,0.0,0.0,0.0,0.0,0.0,0.0,0.0,0.0,0.0,0.0,0.0,0.0,0.0,0.0,0.0,0.0,0.0,0.0,0.0,0.0,0.0,0.0,0.0,0.0,0.0,0.0,0.0,0.0,0.0,0.0,0.0,0.0,0.0,0.0,0.0,0.0,0.0,0.0,0.0,0.0,0.0,0.0,0.0,0.0
8644,0.0,0.0,0.0,0.0,0.0,0.0,0.0,0.0,0.0,0.0,0.0,0.0,0.0,0.0,0.0,0.0,0.0,0.0,0.0,0.0,0.0,0.0,0.0,0.0,0.0,0.0,0.0,0.0,0.0,0.0,0.0,0.0,0.0,0.0,0.0,0.0,0.0,0.0,0.0,0.0,0.0,0.0,0.0,0.0,0.0,0.0,0.0,0.0,0.0,0.0,0.0,0.0,0.0,0.0,0.0,0.0,0.0,0.0,0.0,0.0,0.0,0.0,0.0,0.0
8645,0.0,0.0,0.0,0.0,0.0,0.0,0.0,0.0,0.0,0.0,0.0,0.0,0.0,0.0,0.0,0.0,0.0,0.0,0.0,0.0,0.0,0.0,0.0,0.0,0.0,0.0,0.0,0.0,0.0,0.0,0.0,0.0,0.0,0.0,0.0,0.0,0.0,0.0,0.0,0.0,0.0,0.0,0.0,0.0,0.0,0.0,0.0,0.0,0.0,0.0,0.0,0.0,0.0,0.0,0.0,0.0,0.0,0.0,0.0,0.0,0.0,0.0,0.0,0.0
8646,0.0,0.0,0.0,0.0,0.0,0.0,0.0,0.0,0.0,0.0,0.0,0.0,0.0,0.0,0.0,0.0,0.0,0.0,0.0,0.0,0.0,0.0,0.0,0.0,0.0,0.0,0.0,0.0,0.0,0.0,0.0,0.0,0.0,0.0,0.0,0.0,0.0,0.0,0.0,0.0,0.0,0.0,0.0,0.0,0.0,0.0,0.0,0.0,0.0,0.0,0.0,0.0,0.0,0.0,0.0,0.0,0.0,0.0,0.0,0.0,0.0,0.0,0.0,0.0
8647,0.0,0.0,0.0,0.0,0.0,0.0,0.0,0.0,0.0,0.0,0.0,0.0,0.0,0.0,0.0,0.0,0.0,0.0,0.0,0.0,0.0,0.0,0.0,0.0,0.0,0.0,0.0,0.0,0.0,0.0,0.0,0.0,0.0,0.0,0.0,0.0,0.0,0.0,0.0,0.0,0.0,0.0,0.0,0.0,0.0,0.0,0.0,0.0,0.0,0.0,0.0,0.0,0.0,0.0,0.0,0.0,0.0,0.0,0.0,0.0,0.0,0.0,0.0,0.0
8648,0.0,0.0,0.0,0.0,0.0,0.0,0.0,0.0,0.0,0.0,0.0,0.0,0.0,0.0,0.0,0.0,0.0,0.0,0.0,0.0,0.0,0.0,0.0,0.0,0.0,0.0,0.0,0.0,0.0,0.0,0.0,0.0,0.0,0.0,0.0,0.0,0.0,0.0,0.0,0.0,0.0,0.0,0.0,0.0,0.0,0.0,0.0,0.0,0.0,0.0,0.0,0.0,0.0,0.0,0.0,0.0,0.0,0.0,0.0,0.0,0.0,0.0,0.0,0.0
8649,0.0,0.0,0.0,0.0,0.0,0.0,0.0,0.0,0.0,0.0,0.0,0.0,0.0,0.0,0.0,0.0,0.0,0.0,0.0,0.0,0.0,0.0,0.0,0.0,0.0,0.0,0.0,0.0,0.0,0.0,0.0,0.0,0.0,0.0,0.0,0.0,0.0,0.0,0.0,0.0,0.0,0.0,0.0,0.0,0.0,0.0,0.0,0.0,0.0,0.0,0.0,0.0,0.0,0.0,0.0,0.0,0.0,0.0,0.0,0.0,0.0,0.0,0.0,0.0
8650,0.0,0.0,0.0,0.0,0.0,0.0,0.0,0.0,0.0,0.0,0.0,0.0,0.0,0.0,0.0,0.0,0.0,0.0,0.0,0.0,0.0,0.0,0.0,0.0,0.0,0.0,0.0,0.0,0.0,0.0,0.0,0.0,0.0,0.0,0.0,0.0,0.0,0.0,0.0,0.0,0.0,0.0,0.0,0.0,0.0,0.0,0.0,0.0,0.0,0.0,0.0,0.0,0.0,0.0,0.0,0.0,0.0,0.0,0.0,0.0,0.0,0.0,0.0,0.0
8651,0.0,0.0,0.0,0.0,0.0,0.0,0.0,0.0,0.0,0.0,0.0,0.0,0.0,0.0,0.0,0.0,0.0,0.0,0.0,0.0,0.0,0.0,0.0,0.0,0.0,0.0,0.0,0.0,0.0,0.0,0.0,0.0,0.0,0.0,0.0,0.0,0.0,0.0,0.0,0.0,0.0,0.0,0.0,0.0,0.0,0.0,0.0,0.0,0.0,0.0,0.0,0.0,0.0,0.0,0.0,0.0,0.0,0.0,0.0,0.0,0.0,0.0,0.0,0.0
8652,0.0,0.56,0.55,0.0,0.0,0.56,0.0,0.0,0.57,0.48,0.56,0.58,0.59,0.58,0.58,0.57,0.58,0.59,0.61,0.57,0.59,0.58,0.6,0.57,0.58,0.56,0.0,0.0,0.56,0.56,0.56,0.0,0.0,0.0,0.0,0.55,0.56,0.57,0.56,0.57,0.58,0.56,0.56,0.57,0.57,0.56,0.56,0.0,0.0,0.57,0.55,0.55,0.56,0.55,0.57,0.48,0.0,0.55,0.55,0.55,0.55,0.55,0.56,0.55
8653,0.0,0.74,0.73,0.0,0.0,0.74,0.0,0.0,0.78,0.76,0.77,0.81,0.79,0.78,0.78,0.77,0.8,0.8,0.81,0.76,0.79,0.78,0.78,0.77,0.76,0.77,0.0,0.0,0.75,0.75,0.76,0.0,0.0,0.0,0.0,0.75,0.77,0.8,0.77,0.81,0.8,0.77,0.77,0.78,0.78,0.78,0.75,0.0,0.0,0.75,0.75,0.76,0.76,0.72,0.76,0.7,0.0,0.73,0.74,0.73,0.74,0.75,0.78,0.74
8654,0.0,0.8,0.79,0.0,0.0,0.8,0.0,0.0,0.84,0.85,0.83,0.89,0.86,0.84,0.85,0.83,0.88,0.87,0.89,0.82,0.88,0.85,0.85,0.83,0.82,0.83,0.0,0.0,0.82,0.81,0.82,0.0,0.0,0.0,0.0,0.82,0.84,0.87,0.83,0.88,0.88,0.84,0.84,0.84,0.84,0.84,0.8,0.0,0.0,0.8,0.83,0.83,0.82,0.8,0.83,0.79,0.0,0.8,0.81,0.79,0.82,0.83,0.85,0.82
8655,0.0,0.84,0.84,0.0,0.0,0.83,0.0,0.0,0.89,0.9,0.88,0.91,0.91,0.89,0.9,0.87,0.91,0.91,0.91,0.86,0.91,0.9,0.9,0.87,0.86,0.88,0.0,0.0,0.86,0.85,0.86,0.0,0.0,0.0,0.0,0.86,0.89,0.91,0.87,0.91,0.91,0.88,0.88,0.88,0.88,0.88,0.84,0.0,0.0,0.84,0.87,0.88,0.87,0.86,0.89,0.85,0.0,0.85,0.86,0.85,0.88,0.88,0.89,0.87
8656,0.0,0.85,0.85,0.0,0.0,0.84,0.0,0.0,0.9,0.91,0.88,0.91,0.91,0.9,0.9,0.87,0.91,0.91,0.91,0.86,0.91,0.9,0.91,0.88,0.86,0.88,0.0,0.0,0.87,0.86,0.87,0.0,0.0,0.0,0.0,0.87,0.9,0.91,0.88,0.91,0.91,0.89,0.89,0.9,0.89,0.89,0.85,0.0,0.0,0.85,0.9,0.89,0.89,0.88,0.9,0.85,0.0,0.87,0.88,0.87,0.9,0.9,0.9,0.9
8657,0.0,0.82,0.82,0.0,0.0,0.82,0.0,0.0,0.86,0.88,0.85,0.91,0.87,0.86,0.86,0.84,0.91,0.9,0.91,0.83,0.91,0.87,0.87,0.85,0.83,0.86,0.0,0.0,0.85,0.83,0.85,0.0,0.0,0.0,0.0,0.85,0.88,0.9,0.87,0.91,0.91,0.87,0.86,0.87,0.86,0.88,0.82,0.0,0.0,0.82,0.88,0.88,0.87,0.86,0.88,0.82,0.0,0.85,0.87,0.86,0.88,0.88,0.89,0.88
8658,0.0,0.77,0.77,0.0,0.0,0.76,0.0,0.0,0.79,0.78,0.78,0.84,0.79,0.79,0.79,0.76,0.83,0.81,0.83,0.76,0.82,0.79,0.78,0.79,0.77,0.8,0.0,0.0,0.79,0.78,0.79,0.0,0.0,0.0,0.0,0.79,0.81,0.82,0.81,0.84,0.84,0.81,0.8,0.8,0.8,0.82,0.76,0.0,0.0,0.76,0.82,0.82,0.8,0.8,0.8,0.76,0.0,0.79,0.81,0.79,0.82,0.82,0.82,0.82
8659,0.0,0.66,0.66,0.0,0.0,0.65,0.0,0.0,0.65,0.48,0.64,0.68,0.6,0.64,0.64,0.62,0.68,0.62,0.61,0.62,0.65,0.64,0.59,0.66,0.64,0.69,0.0,0.0,0.67,0.67,0.68,0.0,0.0,0.0,0.0,0.67,0.67,0.68,0.68,0.69,0.69,0.68,0.68,0.66,0.66,0.69,0.65,0.0,0.0,0.65,0.68,0.69,0.67,0.67,0.66,0.64,0.0,0.66,0.68,0.66,0.69,0.68,0.7,0.69
8660,0.0,0.44,0.45,0.0,0.0,0.43,0.0,0.0,0.0,0.0,0.01,0.0,0.0,0.0,0.0,0.0,0.0,0.0,0.0,0.0,0.0,0.0,0.0,0.01,0.02,0.43,0.0,0.0,0.42,0.44,0.43,0.0,0.0,0.0,0.0,0.09,0.01,0.01,0.08,0.01,0.01,0.08,0.02,0.01,0.01,0.08,0.42,0.0,0.0,0.41,0.08,0.1,0.01,0.02,0.01,0.01,0.0,0.02,0.02,0.01,0.08,0.02,0.11,0.08
8661,0.0,0.0,0.0,0.0,0.0,0.0,0.0,0.0,0.0,0.0,0.0,0.0,0.0,0.0,0.0,0.0,0.0,0.0,0.0,0.0,0.0,0.0,0.0,0.0,0.0,0.0,0.0,0.0,0.0,0.0,0.0,0.0,0.0,0.0,0.0,0.0,0.0,0.0,0.0,0.0,0.0,0.0,0.0,0.0,0.0,0.0,0.0,0.0,0.0,0.0,0.0,0.0,0.0,0.0,0.0,0.0,0.0,0.0,0.0,0.0,0.0,0.0,0.0,0.0
8662,0.0,0.0,0.0,0.0,0.0,0.0,0.0,0.0,0.0,0.0,0.0,0.0,0.0,0.0,0.0,0.0,0.0,0.0,0.0,0.0,0.0,0.0,0.0,0.0,0.0,0.0,0.0,0.0,0.0,0.0,0.0,0.0,0.0,0.0,0.0,0.0,0.0,0.0,0.0,0.0,0.0,0.0,0.0,0.0,0.0,0.0,0.0,0.0,0.0,0.0,0.0,0.0,0.0,0.0,0.0,0.0,0.0,0.0,0.0,0.0,0.0,0.0,0.0,0.0
8663,0.0,0.0,0.0,0.0,0.0,0.0,0.0,0.0,0.0,0.0,0.0,0.0,0.0,0.0,0.0,0.0,0.0,0.0,0.0,0.0,0.0,0.0,0.0,0.0,0.0,0.0,0.0,0.0,0.0,0.0,0.0,0.0,0.0,0.0,0.0,0.0,0.0,0.0,0.0,0.0,0.0,0.0,0.0,0.0,0.0,0.0,0.0,0.0,0.0,0.0,0.0,0.0,0.0,0.0,0.0,0.0,0.0,0.0,0.0,0.0,0.0,0.0,0.0,0.0
8664,0.0,0.0,0.0,0.0,0.0,0.0,0.0,0.0,0.0,0.0,0.0,0.0,0.0,0.0,0.0,0.0,0.0,0.0,0.0,0.0,0.0,0.0,0.0,0.0,0.0,0.0,0.0,0.0,0.0,0.0,0.0,0.0,0.0,0.0,0.0,0.0,0.0,0.0,0.0,0.0,0.0,0.0,0.0,0.0,0.0,0.0,0.0,0.0,0.0,0.0,0.0,0.0,0.0,0.0,0.0,0.0,0.0,0.0,0.0,0.0,0.0,0.0,0.0,0.0
8665,0.0,0.0,0.0,0.0,0.0,0.0,0.0,0.0,0.0,0.0,0.0,0.0,0.0,0.0,0.0,0.0,0.0,0.0,0.0,0.0,0.0,0.0,0.0,0.0,0.0,0.0,0.0,0.0,0.0,0.0,0.0,0.0,0.0,0.0,0.0,0.0,0.0,0.0,0.0,0.0,0.0,0.0,0.0,0.0,0.0,0.0,0.0,0.0,0.0,0.0,0.0,0.0,0.0,0.0,0.0,0.0,0.0,0.0,0.0,0.0,0.0,0.0,0.0,0.0
8666,0.0,0.0,0.0,0.0,0.0,0.0,0.0,0.0,0.0,0.0,0.0,0.0,0.0,0.0,0.0,0.0,0.0,0.0,0.0,0.0,0.0,0.0,0.0,0.0,0.0,0.0,0.0,0.0,0.0,0.0,0.0,0.0,0.0,0.0,0.0,0.0,0.0,0.0,0.0,0.0,0.0,0.0,0.0,0.0,0.0,0.0,0.0,0.0,0.0,0.0,0.0,0.0,0.0,0.0,0.0,0.0,0.0,0.0,0.0,0.0,0.0,0.0,0.0,0.0
8667,0.0,0.0,0.0,0.0,0.0,0.0,0.0,0.0,0.0,0.0,0.0,0.0,0.0,0.0,0.0,0.0,0.0,0.0,0.0,0.0,0.0,0.0,0.0,0.0,0.0,0.0,0.0,0.0,0.0,0.0,0.0,0.0,0.0,0.0,0.0,0.0,0.0,0.0,0.0,0.0,0.0,0.0,0.0,0.0,0.0,0.0,0.0,0.0,0.0,0.0,0.0,0.0,0.0,0.0,0.0,0.0,0.0,0.0,0.0,0.0,0.0,0.0,0.0,0.0
8668,0.0,0.0,0.0,0.0,0.0,0.0,0.0,0.0,0.0,0.0,0.0,0.0,0.0,0.0,0.0,0.0,0.0,0.0,0.0,0.0,0.0,0.0,0.0,0.0,0.0,0.0,0.0,0.0,0.0,0.0,0.0,0.0,0.0,0.0,0.0,0.0,0.0,0.0,0.0,0.0,0.0,0.0,0.0,0.0,0.0,0.0,0.0,0.0,0.0,0.0,0.0,0.0,0.0,0.0,0.0,0.0,0.0,0.0,0.0,0.0,0.0,0.0,0.0,0.0
8669,0.0,0.0,0.0,0.0,0.0,0.0,0.0,0.0,0.0,0.0,0.0,0.0,0.0,0.0,0.0,0.0,0.0,0.0,0.0,0.0,0.0,0.0,0.0,0.0,0.0,0.0,0.0,0.0,0.0,0.0,0.0,0.0,0.0,0.0,0.0,0.0,0.0,0.0,0.0,0.0,0.0,0.0,0.0,0.0,0.0,0.0,0.0,0.0,0.0,0.0,0.0,0.0,0.0,0.0,0.0,0.0,0.0,0.0,0.0,0.0,0.0,0.0,0.0,0.0
8670,0.0,0.0,0.0,0.0,0.0,0.0,0.0,0.0,0.0,0.0,0.0,0.0,0.0,0.0,0.0,0.0,0.0,0.0,0.0,0.0,0.0,0.0,0.0,0.0,0.0,0.0,0.0,0.0,0.0,0.0,0.0,0.0,0.0,0.0,0.0,0.0,0.0,0.0,0.0,0.0,0.0,0.0,0.0,0.0,0.0,0.0,0.0,0.0,0.0,0.0,0.0,0.0,0.0,0.0,0.0,0.0,0.0,0.0,0.0,0.0,0.0,0.0,0.0,0.0
8671,0.0,0.0,0.0,0.0,0.0,0.0,0.0,0.0,0.0,0.0,0.0,0.0,0.0,0.0,0.0,0.0,0.0,0.0,0.0,0.0,0.0,0.0,0.0,0.0,0.0,0.0,0.0,0.0,0.0,0.0,0.0,0.0,0.0,0.0,0.0,0.0,0.0,0.0,0.0,0.0,0.0,0.0,0.0,0.0,0.0,0.0,0.0,0.0,0.0,0.0,0.0,0.0,0.0,0.0,0.0,0.0,0.0,0.0,0.0,0.0,0.0,0.0,0.0,0.0
8672,0.0,0.0,0.0,0.0,0.0,0.0,0.0,0.0,0.0,0.0,0.0,0.0,0.0,0.0,0.0,0.0,0.0,0.0,0.0,0.0,0.0,0.0,0.0,0.0,0.0,0.0,0.0,0.0,0.0,0.0,0.0,0.0,0.0,0.0,0.0,0.0,0.0,0.0,0.0,0.0,0.0,0.0,0.0,0.0,0.0,0.0,0.0,0.0,0.0,0.0,0.0,0.0,0.0,0.0,0.0,0.0,0.0,0.0,0.0,0.0,0.0,0.0,0.0,0.0
8673,0.0,0.0,0.0,0.0,0.0,0.0,0.0,0.0,0.0,0.0,0.0,0.0,0.0,0.0,0.0,0.0,0.0,0.0,0.0,0.0,0.0,0.0,0.0,0.0,0.0,0.0,0.0,0.0,0.0,0.0,0.0,0.0,0.0,0.0,0.0,0.0,0.0,0.0,0.0,0.0,0.0,0.0,0.0,0.0,0.0,0.0,0.0,0.0,0.0,0.0,0.0,0.0,0.0,0.0,0.0,0.0,0.0,0.0,0.0,0.0,0.0,0.0,0.0,0.0
8674,0.0,0.0,0.0,0.0,0.0,0.0,0.0,0.0,0.0,0.0,0.0,0.0,0.0,0.0,0.0,0.0,0.0,0.0,0.0,0.0,0.0,0.0,0.0,0.0,0.0,0.0,0.0,0.0,0.0,0.0,0.0,0.0,0.0,0.0,0.0,0.0,0.0,0.0,0.0,0.0,0.0,0.0,0.0,0.0,0.0,0.0,0.0,0.0,0.0,0.0,0.0,0.0,0.0,0.0,0.0,0.0,0.0,0.0,0.0,0.0,0.0,0.0,0.0,0.0
8675,0.0,0.0,0.0,0.0,0.0,0.0,0.0,0.0,0.0,0.0,0.0,0.0,0.0,0.0,0.0,0.0,0.0,0.0,0.0,0.0,0.0,0.0,0.0,0.0,0.0,0.0,0.0,0.0,0.0,0.0,0.0,0.0,0.0,0.0,0.0,0.0,0.0,0.0,0.0,0.0,0.0,0.0,0.0,0.0,0.0,0.0,0.0,0.0,0.0,0.0,0.0,0.0,0.0,0.0,0.0,0.0,0.0,0.0,0.0,0.0,0.0,0.0,0.0,0.0
8676,0.0,0.45,0.42,0.0,0.0,0.35,0.0,0.0,0.53,0.41,0.52,0.56,0.58,0.55,0.56,0.56,0.53,0.56,0.58,0.55,0.52,0.56,0.59,0.54,0.52,0.51,0.0,0.0,0.5,0.48,0.51,0.0,0.0,0.0,0.0,0.52,0.52,0.52,0.51,0.54,0.52,0.52,0.52,0.53,0.53,0.52,0.33,0.0,0.0,0.32,0.46,0.45,0.44,0.33,0.42,0.35,0.0,0.38,0.46,0.41,0.43,0.45,0.51,0.45
8677,0.0,0.68,0.67,0.0,0.0,0.61,0.0,0.0,0.68,0.72,0.68,0.74,0.73,0.7,0.7,0.7,0.72,0.74,0.76,0.69,0.74,0.71,0.74,0.72,0.68,0.72,0.0,0.0,0.71,0.66,0.71,0.0,0.0,0.0,0.0,0.71,0.71,0.72,0.72,0.72,0.73,0.73,0.72,0.71,0.72,0.73,0.64,0.0,0.0,0.62,0.72,0.72,0.69,0.69,0.71,0.68,0.0,0.68,0.72,0.71,0.73,0.72,0.74,0.73
8678,0.0,0.74,0.71,0.0,0.0,0.48,0.0,0.0,0.74,0.83,0.74,0.83,0.82,0.78,0.76,0.76,0.8,0.84,0.86,0.76,0.85,0.79,0.82,0.8,0.67,0.8,0.0,0.0,0.79,0.73,0.78,0.0,0.0,0.0,0.0,0.79,0.79,0.79,0.82,0.8,0.82,0.82,0.82,0.79,0.81,0.82,0.52,0.0,0.0,0.5,0.82,0.82,0.79,0.78,0.82,0.78,0.0,0.78,0.82,0.8,0.83,0.81,0.83,0.83
8679,0.0,0.7,0.63,0.0,0.0,0.61,0.0,0.0,0.78,0.86,0.78,0.85,0.84,0.79,0.78,0.76,0.84,0.85,0.88,0.76,0.87,0.8,0.84,0.82,0.66,0.83,0.0,0.0,0.83,0.75,0.8,0.0,0.0,0.0,0.0,0.82,0.82,0.81,0.84,0.82,0.84,0.84,0.84,0.81,0.82,0.85,0.63,0.0,0.0,0.6,0.84,0.85,0.83,0.82,0.7,0.83,0.0,0.83,0.84,0.83,0.85,0.83,0.86,0.85
8680,0.0,0.64,0.66,0.0,0.0,0.75,0.0,0.0,0.8,0.86,0.78,0.85,0.85,0.8,0.8,0.8,0.84,0.87,0.89,0.8,0.87,0.81,0.85,0.84,0.81,0.84,0.0,0.0,0.84,0.65,0.8,0.0,0.0,0.0,0.0,0.84,0.84,0.81,0.86,0.84,0.86,0.86,0.86,0.84,0.84,0.87,0.78,0.0,0.0,0.77,0.86,0.87,0.86,0.86,0.4,0.88,0.0,0.86,0.86,0.87,0.87,0.86,0.87,0.86
8681,0.0,0.7,0.7,0.0,0.0,0.74,0.0,0.0,0.78,0.83,0.76,0.84,0.82,0.77,0.79,0.79,0.83,0.84,0.85,0.79,0.85,0.78,0.81,0.82,0.78,0.77,0.0,0.0,0.83,0.71,0.74,0.0,0.0,0.0,0.0,0.82,0.82,0.82,0.84,0.85,0.86,0.84,0.84,0.82,0.82,0.85,0.75,0.0,0.0,0.75,0.86,0.84,0.44,0.85,0.77,0.86,0.0,0.85,0.85,0.87,0.87,0.86,0.86,0.85
8682,0.0,0.64,0.65,0.0,0.0,0.57,0.0,0.0,0.71,0.75,0.73,0.8,0.73,0.73,0.72,0.73,0.5,0.76,0.78,0.72,0.76,0.72,0.73,0.77,0.61,0.61,0.0,0.0,0.78,0.68,0.62,0.0,0.0,0.0,0.0,0.74,0.78,0.77,0.8,0.8,0.8,0.8,0.8,0.77,0.77,0.8,0.52,0.0,0.0,0.54,0.81,0.79,0.66,0.8,0.8,0.79,0.0,0.8,0.8,0.81,0.81,0.81,0.8,0.8
8683,0.0,0.49,0.44,0.0,0.0,0.27,0.0,0.0,0.6,0.5,0.61,0.66,0.49,0.5,0.57,0.59,0.64,0.57,0.59,0.6,0.55,0.39,0.54,0.64,0.24,0.62,0.0,0.0,0.67,0.58,0.62,0.0,0.0,0.0,0.0,0.55,0.65,0.65,0.67,0.66,0.67,0.67,0.67,0.65,0.65,0.68,0.24,0.0,0.0,0.24,0.68,0.69,0.68,0.67,0.66,0.66,0.0,0.68,0.68,0.68,0.68,0.68,0.68,0.68
8684,0.0,0.03,0.03,0.0,0.0,0.0,0.0,0.0,0.0,0.0,0.0,0.0,0.0,0.0,0.0,0.0,0.0,0.0,0.0,0.0,0.0,0.0,0.0,0.0,0.0,0.1,0.0,0.0,0.09,0.05,0.09,0.0,0.0,0.0,0.0,0.01,0.0,0.0,0.01,0.0,0.0,0.01,0.0,0.0,0.0,0.01,0.0,0.0,0.0,0.0,0.01,0.1,0.0,0.0,0.0,0.0,0.0,0.0,0.01,0.0,0.01,0.01,0.1,0.01
8685,0.0,0.0,0.0,0.0,0.0,0.0,0.0,0.0,0.0,0.0,0.0,0.0,0.0,0.0,0.0,0.0,0.0,0.0,0.0,0.0,0.0,0.0,0.0,0.0,0.0,0.0,0.0,0.0,0.0,0.0,0.0,0.0,0.0,0.0,0.0,0.0,0.0,0.0,0.0,0.0,0.0,0.0,0.0,0.0,0.0,0.0,0.0,0.0,0.0,0.0,0.0,0.0,0.0,0.0,0.0,0.0,0.0,0.0,0.0,0.0,0.0,0.0,0.0,0.0
8686,0.0,0.0,0.0,0.0,0.0,0.0,0.0,0.0,0.0,0.0,0.0,0.0,0.0,0.0,0.0,0.0,0.0,0.0,0.0,0.0,0.0,0.0,0.0,0.0,0.0,0.0,0.0,0.0,0.0,0.0,0.0,0.0,0.0,0.0,0.0,0.0,0.0,0.0,0.0,0.0,0.0,0.0,0.0,0.0,0.0,0.0,0.0,0.0,0.0,0.0,0.0,0.0,0.0,0.0,0.0,0.0,0.0,0.0,0.0,0.0,0.0,0.0,0.0,0.0
8687,0.0,0.0,0.0,0.0,0.0,0.0,0.0,0.0,0.0,0.0,0.0,0.0,0.0,0.0,0.0,0.0,0.0,0.0,0.0,0.0,0.0,0.0,0.0,0.0,0.0,0.0,0.0,0.0,0.0,0.0,0.0,0.0,0.0,0.0,0.0,0.0,0.0,0.0,0.0,0.0,0.0,0.0,0.0,0.0,0.0,0.0,0.0,0.0,0.0,0.0,0.0,0.0,0.0,0.0,0.0,0.0,0.0,0.0,0.0,0.0,0.0,0.0,0.0,0.0
8688,0.0,0.0,0.0,0.0,0.0,0.0,0.0,0.0,0.0,0.0,0.0,0.0,0.0,0.0,0.0,0.0,0.0,0.0,0.0,0.0,0.0,0.0,0.0,0.0,0.0,0.0,0.0,0.0,0.0,0.0,0.0,0.0,0.0,0.0,0.0,0.0,0.0,0.0,0.0,0.0,0.0,0.0,0.0,0.0,0.0,0.0,0.0,0.0,0.0,0.0,0.0,0.0,0.0,0.0,0.0,0.0,0.0,0.0,0.0,0.0,0.0,0.0,0.0,0.0
8689,0.0,0.0,0.0,0.0,0.0,0.0,0.0,0.0,0.0,0.0,0.0,0.0,0.0,0.0,0.0,0.0,0.0,0.0,0.0,0.0,0.0,0.0,0.0,0.0,0.0,0.0,0.0,0.0,0.0,0.0,0.0,0.0,0.0,0.0,0.0,0.0,0.0,0.0,0.0,0.0,0.0,0.0,0.0,0.0,0.0,0.0,0.0,0.0,0.0,0.0,0.0,0.0,0.0,0.0,0.0,0.0,0.0,0.0,0.0,0.0,0.0,0.0,0.0,0.0
8690,0.0,0.0,0.0,0.0,0.0,0.0,0.0,0.0,0.0,0.0,0.0,0.0,0.0,0.0,0.0,0.0,0.0,0.0,0.0,0.0,0.0,0.0,0.0,0.0,0.0,0.0,0.0,0.0,0.0,0.0,0.0,0.0,0.0,0.0,0.0,0.0,0.0,0.0,0.0,0.0,0.0,0.0,0.0,0.0,0.0,0.0,0.0,0.0,0.0,0.0,0.0,0.0,0.0,0.0,0.0,0.0,0.0,0.0,0.0,0.0,0.0,0.0,0.0,0.0
8691,0.0,0.0,0.0,0.0,0.0,0.0,0.0,0.0,0.0,0.0,0.0,0.0,0.0,0.0,0.0,0.0,0.0,0.0,0.0,0.0,0.0,0.0,0.0,0.0,0.0,0.0,0.0,0.0,0.0,0.0,0.0,0.0,0.0,0.0,0.0,0.0,0.0,0.0,0.0,0.0,0.0,0.0,0.0,0.0,0.0,0.0,0.0,0.0,0.0,0.0,0.0,0.0,0.0,0.0,0.0,0.0,0.0,0.0,0.0,0.0,0.0,0.0,0.0,0.0
8692,0.0,0.0,0.0,0.0,0.0,0.0,0.0,0.0,0.0,0.0,0.0,0.0,0.0,0.0,0.0,0.0,0.0,0.0,0.0,0.0,0.0,0.0,0.0,0.0,0.0,0.0,0.0,0.0,0.0,0.0,0.0,0.0,0.0,0.0,0.0,0.0,0.0,0.0,0.0,0.0,0.0,0.0,0.0,0.0,0.0,0.0,0.0,0.0,0.0,0.0,0.0,0.0,0.0,0.0,0.0,0.0,0.0,0.0,0.0,0.0,0.0,0.0,0.0,0.0
8693,0.0,0.0,0.0,0.0,0.0,0.0,0.0,0.0,0.0,0.0,0.0,0.0,0.0,0.0,0.0,0.0,0.0,0.0,0.0,0.0,0.0,0.0,0.0,0.0,0.0,0.0,0.0,0.0,0.0,0.0,0.0,0.0,0.0,0.0,0.0,0.0,0.0,0.0,0.0,0.0,0.0,0.0,0.0,0.0,0.0,0.0,0.0,0.0,0.0,0.0,0.0,0.0,0.0,0.0,0.0,0.0,0.0,0.0,0.0,0.0,0.0,0.0,0.0,0.0
8694,0.0,0.0,0.0,0.0,0.0,0.0,0.0,0.0,0.0,0.0,0.0,0.0,0.0,0.0,0.0,0.0,0.0,0.0,0.0,0.0,0.0,0.0,0.0,0.0,0.0,0.0,0.0,0.0,0.0,0.0,0.0,0.0,0.0,0.0,0.0,0.0,0.0,0.0,0.0,0.0,0.0,0.0,0.0,0.0,0.0,0.0,0.0,0.0,0.0,0.0,0.0,0.0,0.0,0.0,0.0,0.0,0.0,0.0,0.0,0.0,0.0,0.0,0.0,0.0
8695,0.0,0.0,0.0,0.0,0.0,0.0,0.0,0.0,0.0,0.0,0.0,0.0,0.0,0.0,0.0,0.0,0.0,0.0,0.0,0.0,0.0,0.0,0.0,0.0,0.0,0.0,0.0,0.0,0.0,0.0,0.0,0.0,0.0,0.0,0.0,0.0,0.0,0.0,0.0,0.0,0.0,0.0,0.0,0.0,0.0,0.0,0.0,0.0,0.0,0.0,0.0,0.0,0.0,0.0,0.0,0.0,0.0,0.0,0.0,0.0,0.0,0.0,0.0,0.0
8696,0.0,0.0,0.0,0.0,0.0,0.0,0.0,0.0,0.0,0.0,0.0,0.0,0.0,0.0,0.0,0.0,0.0,0.0,0.0,0.0,0.0,0.0,0.0,0.0,0.0,0.0,0.0,0.0,0.0,0.0,0.0,0.0,0.0,0.0,0.0,0.0,0.0,0.0,0.0,0.0,0.0,0.0,0.0,0.0,0.0,0.0,0.0,0.0,0.0,0.0,0.0,0.0,0.0,0.0,0.0,0.0,0.0,0.0,0.0,0.0,0.0,0.0,0.0,0.0
8697,0.0,0.0,0.0,0.0,0.0,0.0,0.0,0.0,0.0,0.0,0.0,0.0,0.0,0.0,0.0,0.0,0.0,0.0,0.0,0.0,0.0,0.0,0.0,0.0,0.0,0.0,0.0,0.0,0.0,0.0,0.0,0.0,0.0,0.0,0.0,0.0,0.0,0.0,0.0,0.0,0.0,0.0,0.0,0.0,0.0,0.0,0.0,0.0,0.0,0.0,0.0,0.0,0.0,0.0,0.0,0.0,0.0,0.0,0.0,0.0,0.0,0.0,0.0,0.0
8698,0.0,0.0,0.0,0.0,0.0,0.0,0.0,0.0,0.0,0.0,0.0,0.0,0.0,0.0,0.0,0.0,0.0,0.0,0.0,0.0,0.0,0.0,0.0,0.0,0.0,0.0,0.0,0.0,0.0,0.0,0.0,0.0,0.0,0.0,0.0,0.0,0.0,0.0,0.0,0.0,0.0,0.0,0.0,0.0,0.0,0.0,0.0,0.0,0.0,0.0,0.0,0.0,0.0,0.0,0.0,0.0,0.0,0.0,0.0,0.0,0.0,0.0,0.0,0.0
8699,0.0,0.0,0.0,0.0,0.0,0.0,0.0,0.0,0.0,0.0,0.0,0.0,0.0,0.0,0.0,0.0,0.0,0.0,0.0,0.0,0.0,0.0,0.0,0.0,0.0,0.0,0.0,0.0,0.0,0.0,0.0,0.0,0.0,0.0,0.0,0.0,0.0,0.0,0.0,0.0,0.0,0.0,0.0,0.0,0.0,0.0,0.0,0.0,0.0,0.0,0.0,0.0,0.0,0.0,0.0,0.0,0.0,0.0,0.0,0.0,0.0,0.0,0.0,0.0
8700,0.0,0.4,0.39,0.0,0.0,0.45,0.0,0.0,0.43,0.31,0.42,0.41,0.49,0.45,0.46,0.45,0.41,0.44,0.44,0.44,0.38,0.46,0.48,0.42,0.48,0.39,0.0,0.0,0.38,0.4,0.39,0.0,0.0,0.0,0.0,0.41,0.41,0.41,0.38,0.42,0.39,0.39,0.39,0.42,0.42,0.4,0.46,0.0,0.0,0.46,0.23,0.3,0.32,0.21,0.31,0.22,0.0,0.26,0.29,0.28,0.3,0.24,0.36,0.29
8701,0.0,0.7,0.7,0.0,0.0,0.71,0.0,0.0,0.69,0.69,0.69,0.73,0.74,0.71,0.71,0.7,0.72,0.74,0.74,0.7,0.71,0.71,0.74,0.7,0.69,0.69,0.0,0.0,0.69,0.7,0.69,0.0,0.0,0.0,0.0,0.69,0.69,0.69,0.68,0.7,0.69,0.68,0.68,0.68,0.7,0.68,0.72,0.0,0.0,0.72,0.65,0.69,0.69,0.65,0.7,0.67,0.0,0.68,0.65,0.68,0.64,0.66,0.69,0.68
8702,0.0,0.79,0.79,0.0,0.0,0.79,0.0,0.0,0.77,0.79,0.77,0.81,0.81,0.8,0.8,0.79,0.78,0.81,0.83,0.78,0.78,0.8,0.82,0.77,0.77,0.8,0.0,0.0,0.77,0.79,0.78,0.0,0.0,0.0,0.0,0.78,0.77,0.79,0.78,0.77,0.76,0.79,0.78,0.77,0.77,0.78,0.8,0.0,0.0,0.8,0.71,0.79,0.74,0.68,0.77,0.69,0.0,0.72,0.72,0.72,0.74,0.71,0.79,0.71
8703,0.0,0.82,0.83,0.0,0.0,0.82,0.0,0.0,0.78,0.81,0.79,0.79,0.83,0.81,0.81,0.8,0.74,0.81,0.84,0.8,0.81,0.81,0.83,0.81,0.81,0.84,0.0,0.0,0.81,0.82,0.82,0.0,0.0,0.0,0.0,0.82,0.8,0.79,0.82,0.78,0.79,0.82,0.81,0.81,0.8,0.83,0.82,0.0,0.0,0.82,0.76,0.8,0.67,0.62,0.73,0.62,0.0,0.58,0.75,0.68,0.77,0.75,0.83,0.79
8704,0.0,0.83,0.84,0.0,0.0,0.83,0.0,0.0,0.77,0.81,0.78,0.76,0.82,0.81,0.81,0.79,0.77,0.8,0.83,0.78,0.82,0.81,0.82,0.81,0.81,0.85,0.0,0.0,0.83,0.83,0.83,0.0,0.0,0.0,0.0,0.84,0.81,0.77,0.84,0.78,0.81,0.83,0.82,0.82,0.81,0.84,0.83,0.0,0.0,0.82,0.78,0.84,0.61,0.68,0.67,0.58,0.0,0.58,0.79,0.61,0.81,0.78,0.85,0.79
8705,0.0,0.82,0.84,0.0,0.0,0.81,0.0,0.0,0.72,0.8,0.74,0.77,0.8,0.75,0.77,0.75,0.7,0.79,0.79,0.72,0.77,0.78,0.81,0.79,0.8,0.84,0.0,0.0,0.82,0.82,0.82,0.0,0.0,0.0,0.0,0.83,0.8,0.75,0.83,0.75,0.77,0.83,0.8,0.8,0.79,0.83,0.82,0.0,0.0,0.81,0.77,0.84,0.68,0.72,0.61,0.68,0.0,0.7,0.76,0.56,0.77,0.77,0.84,0.75
8706,0.0,0.77,0.78,0.0,0.0,0.75,0.0,0.0,0.62,0.7,0.66,0.67,0.74,0.62,0.64,0.6,0.63,0.73,0.72,0.57,0.69,0.69,0.74,0.74,0.74,0.79,0.0,0.0,0.77,0.77,0.77,0.0,0.0,0.0,0.0,0.78,0.76,0.67,0.78,0.7,0.73,0.79,0.78,0.75,0.74,0.78,0.76,0.0,0.0,0.75,0.72,0.8,0.6,0.63,0.66,0.7,0.0,0.61,0.7,0.59,0.73,0.72,0.8,0.72
8707,0.0,0.66,0.13,0.0,0.0,0.62,0.0,0.0,0.43,0.29,0.46,0.26,0.37,0.31,0.35,0.42,0.34,0.51,0.5,0.36,0.46,0.32,0.5,0.62,0.62,0.67,0.0,0.0,0.66,0.66,0.66,0.0,0.0,0.0,0.0,0.66,0.64,0.42,0.66,0.4,0.59,0.66,0.65,0.63,0.63,0.67,0.63,0.0,0.0,0.63,0.46,0.68,0.32,0.3,0.39,0.43,0.0,0.32,0.59,0.41,0.66,0.38,0.68,0.64
8708,0.0,0.0,0.0,0.0,0.0,0.0,0.0,0.0,0.0,0.0,0.0,0.0,0.0,0.0,0.0,0.0,0.0,0.0,0.0,0.0,0.0,0.0,0.0,0.01,0.01,0.37,0.0,0.0,0.34,0.0,0.36,0.0,0.0,0.0,0.0,0.3,0.01,0.0,0.05,0.0,0.01,0.05,0.04,0.01,0.01,0.05,0.0,0.0,0.0,0.06,0.03,0.35,0.0,0.02,0.0,0.01,0.0,0.01,0.04,0.0,0.05,0.02,0.35,0.04
8709,0.0,0.0,0.0,0.0,0.0,0.0,0.0,0.0,0.0,0.0,0.0,0.0,0.0,0.0,0.0,0.0,0.0,0.0,0.0,0.0,0.0,0.0,0.0,0.0,0.0,0.0,0.0,0.0,0.0,0.0,0.0,0.0,0.0,0.0,0.0,0.0,0.0,0.0,0.0,0.0,0.0,0.0,0.0,0.0,0.0,0.0,0.0,0.0,0.0,0.0,0.0,0.0,0.0,0.0,0.0,0.0,0.0,0.0,0.0,0.0,0.0,0.0,0.0,0.0
8710,0.0,0.0,0.0,0.0,0.0,0.0,0.0,0.0,0.0,0.0,0.0,0.0,0.0,0.0,0.0,0.0,0.0,0.0,0.0,0.0,0.0,0.0,0.0,0.0,0.0,0.0,0.0,0.0,0.0,0.0,0.0,0.0,0.0,0.0,0.0,0.0,0.0,0.0,0.0,0.0,0.0,0.0,0.0,0.0,0.0,0.0,0.0,0.0,0.0,0.0,0.0,0.0,0.0,0.0,0.0,0.0,0.0,0.0,0.0,0.0,0.0,0.0,0.0,0.0
8711,0.0,0.0,0.0,0.0,0.0,0.0,0.0,0.0,0.0,0.0,0.0,0.0,0.0,0.0,0.0,0.0,0.0,0.0,0.0,0.0,0.0,0.0,0.0,0.0,0.0,0.0,0.0,0.0,0.0,0.0,0.0,0.0,0.0,0.0,0.0,0.0,0.0,0.0,0.0,0.0,0.0,0.0,0.0,0.0,0.0,0.0,0.0,0.0,0.0,0.0,0.0,0.0,0.0,0.0,0.0,0.0,0.0,0.0,0.0,0.0,0.0,0.0,0.0,0.0
8712,0.0,0.0,0.0,0.0,0.0,0.0,0.0,0.0,0.0,0.0,0.0,0.0,0.0,0.0,0.0,0.0,0.0,0.0,0.0,0.0,0.0,0.0,0.0,0.0,0.0,0.0,0.0,0.0,0.0,0.0,0.0,0.0,0.0,0.0,0.0,0.0,0.0,0.0,0.0,0.0,0.0,0.0,0.0,0.0,0.0,0.0,0.0,0.0,0.0,0.0,0.0,0.0,0.0,0.0,0.0,0.0,0.0,0.0,0.0,0.0,0.0,0.0,0.0,0.0
8713,0.0,0.0,0.0,0.0,0.0,0.0,0.0,0.0,0.0,0.0,0.0,0.0,0.0,0.0,0.0,0.0,0.0,0.0,0.0,0.0,0.0,0.0,0.0,0.0,0.0,0.0,0.0,0.0,0.0,0.0,0.0,0.0,0.0,0.0,0.0,0.0,0.0,0.0,0.0,0.0,0.0,0.0,0.0,0.0,0.0,0.0,0.0,0.0,0.0,0.0,0.0,0.0,0.0,0.0,0.0,0.0,0.0,0.0,0.0,0.0,0.0,0.0,0.0,0.0
8714,0.0,0.0,0.0,0.0,0.0,0.0,0.0,0.0,0.0,0.0,0.0,0.0,0.0,0.0,0.0,0.0,0.0,0.0,0.0,0.0,0.0,0.0,0.0,0.0,0.0,0.0,0.0,0.0,0.0,0.0,0.0,0.0,0.0,0.0,0.0,0.0,0.0,0.0,0.0,0.0,0.0,0.0,0.0,0.0,0.0,0.0,0.0,0.0,0.0,0.0,0.0,0.0,0.0,0.0,0.0,0.0,0.0,0.0,0.0,0.0,0.0,0.0,0.0,0.0
8715,0.0,0.0,0.0,0.0,0.0,0.0,0.0,0.0,0.0,0.0,0.0,0.0,0.0,0.0,0.0,0.0,0.0,0.0,0.0,0.0,0.0,0.0,0.0,0.0,0.0,0.0,0.0,0.0,0.0,0.0,0.0,0.0,0.0,0.0,0.0,0.0,0.0,0.0,0.0,0.0,0.0,0.0,0.0,0.0,0.0,0.0,0.0,0.0,0.0,0.0,0.0,0.0,0.0,0.0,0.0,0.0,0.0,0.0,0.0,0.0,0.0,0.0,0.0,0.0
8716,0.0,0.0,0.0,0.0,0.0,0.0,0.0,0.0,0.0,0.0,0.0,0.0,0.0,0.0,0.0,0.0,0.0,0.0,0.0,0.0,0.0,0.0,0.0,0.0,0.0,0.0,0.0,0.0,0.0,0.0,0.0,0.0,0.0,0.0,0.0,0.0,0.0,0.0,0.0,0.0,0.0,0.0,0.0,0.0,0.0,0.0,0.0,0.0,0.0,0.0,0.0,0.0,0.0,0.0,0.0,0.0,0.0,0.0,0.0,0.0,0.0,0.0,0.0,0.0
8717,0.0,0.0,0.0,0.0,0.0,0.0,0.0,0.0,0.0,0.0,0.0,0.0,0.0,0.0,0.0,0.0,0.0,0.0,0.0,0.0,0.0,0.0,0.0,0.0,0.0,0.0,0.0,0.0,0.0,0.0,0.0,0.0,0.0,0.0,0.0,0.0,0.0,0.0,0.0,0.0,0.0,0.0,0.0,0.0,0.0,0.0,0.0,0.0,0.0,0.0,0.0,0.0,0.0,0.0,0.0,0.0,0.0,0.0,0.0,0.0,0.0,0.0,0.0,0.0
8718,0.0,0.0,0.0,0.0,0.0,0.0,0.0,0.0,0.0,0.0,0.0,0.0,0.0,0.0,0.0,0.0,0.0,0.0,0.0,0.0,0.0,0.0,0.0,0.0,0.0,0.0,0.0,0.0,0.0,0.0,0.0,0.0,0.0,0.0,0.0,0.0,0.0,0.0,0.0,0.0,0.0,0.0,0.0,0.0,0.0,0.0,0.0,0.0,0.0,0.0,0.0,0.0,0.0,0.0,0.0,0.0,0.0,0.0,0.0,0.0,0.0,0.0,0.0,0.0
8719,0.0,0.0,0.0,0.0,0.0,0.0,0.0,0.0,0.0,0.0,0.0,0.0,0.0,0.0,0.0,0.0,0.0,0.0,0.0,0.0,0.0,0.0,0.0,0.0,0.0,0.0,0.0,0.0,0.0,0.0,0.0,0.0,0.0,0.0,0.0,0.0,0.0,0.0,0.0,0.0,0.0,0.0,0.0,0.0,0.0,0.0,0.0,0.0,0.0,0.0,0.0,0.0,0.0,0.0,0.0,0.0,0.0,0.0,0.0,0.0,0.0,0.0,0.0,0.0
8720,0.0,0.0,0.0,0.0,0.0,0.0,0.0,0.0,0.0,0.0,0.0,0.0,0.0,0.0,0.0,0.0,0.0,0.0,0.0,0.0,0.0,0.0,0.0,0.0,0.0,0.0,0.0,0.0,0.0,0.0,0.0,0.0,0.0,0.0,0.0,0.0,0.0,0.0,0.0,0.0,0.0,0.0,0.0,0.0,0.0,0.0,0.0,0.0,0.0,0.0,0.0,0.0,0.0,0.0,0.0,0.0,0.0,0.0,0.0,0.0,0.0,0.0,0.0,0.0
8721,0.0,0.0,0.0,0.0,0.0,0.0,0.0,0.0,0.0,0.0,0.0,0.0,0.0,0.0,0.0,0.0,0.0,0.0,0.0,0.0,0.0,0.0,0.0,0.0,0.0,0.0,0.0,0.0,0.0,0.0,0.0,0.0,0.0,0.0,0.0,0.0,0.0,0.0,0.0,0.0,0.0,0.0,0.0,0.0,0.0,0.0,0.0,0.0,0.0,0.0,0.0,0.0,0.0,0.0,0.0,0.0,0.0,0.0,0.0,0.0,0.0,0.0,0.0,0.0
8722,0.0,0.0,0.0,0.0,0.0,0.0,0.0,0.0,0.0,0.0,0.0,0.0,0.0,0.0,0.0,0.0,0.0,0.0,0.0,0.0,0.0,0.0,0.0,0.0,0.0,0.0,0.0,0.0,0.0,0.0,0.0,0.0,0.0,0.0,0.0,0.0,0.0,0.0,0.0,0.0,0.0,0.0,0.0,0.0,0.0,0.0,0.0,0.0,0.0,0.0,0.0,0.0,0.0,0.0,0.0,0.0,0.0,0.0,0.0,0.0,0.0,0.0,0.0,0.0
8723,0.0,0.0,0.0,0.0,0.0,0.0,0.0,0.0,0.0,0.0,0.0,0.0,0.0,0.0,0.0,0.0,0.0,0.0,0.0,0.0,0.0,0.0,0.0,0.0,0.0,0.0,0.0,0.0,0.0,0.0,0.0,0.0,0.0,0.0,0.0,0.0,0.0,0.0,0.0,0.0,0.0,0.0,0.0,0.0,0.0,0.0,0.0,0.0,0.0,0.0,0.0,0.0,0.0,0.0,0.0,0.0,0.0,0.0,0.0,0.0,0.0,0.0,0.0,0.0
8724,0.0,0.54,0.54,0.0,0.0,0.02,0.0,0.0,0.31,0.49,0.32,0.36,0.26,0.3,0.27,0.27,0.35,0.35,0.37,0.31,0.53,0.31,0.26,0.27,0.24,0.43,0.0,0.0,0.31,0.54,0.28,0.0,0.0,0.0,0.0,0.32,0.32,0.41,0.32,0.4,0.36,0.31,0.3,0.29,0.29,0.32,0.01,0.0,0.0,0.01,0.34,0.33,0.32,0.29,0.33,0.27,0.0,0.29,0.38,0.31,0.37,0.34,0.17,0.38
8725,0.0,0.67,0.65,0.0,0.0,0.18,0.0,0.0,0.38,0.65,0.41,0.45,0.22,0.37,0.34,0.3,0.6,0.31,0.3,0.34,0.68,0.42,0.26,0.38,0.13,0.59,0.0,0.0,0.53,0.72,0.7,0.0,0.0,0.0,0.0,0.39,0.4,0.57,0.44,0.58,0.51,0.44,0.43,0.43,0.4,0.47,0.14,0.0,0.0,0.14,0.47,0.47,0.52,0.42,0.56,0.4,0.0,0.5,0.64,0.54,0.64,0.51,0.67,0.66
8726,0.0,0.81,0.77,0.0,0.0,0.75,0.0,0.0,0.54,0.78,0.7,0.74,0.29,0.54,0.61,0.6,0.17,0.73,0.62,0.63,0.78,0.65,0.28,0.63,0.4,0.81,0.0,0.0,0.81,0.81,0.82,0.0,0.0,0.0,0.0,0.67,0.63,0.77,0.72,0.76,0.8,0.7,0.69,0.58,0.66,0.72,0.74,0.0,0.0,0.76,0.73,0.76,0.78,0.71,0.73,0.73,0.0,0.71,0.77,0.77,0.68,0.74,0.82,0.73
8727,0.0,0.86,0.84,0.0,0.0,0.75,0.0,0.0,0.8,0.82,0.77,0.83,0.45,0.73,0.75,0.74,0.57,0.52,0.46,0.77,0.82,0.76,0.44,0.28,0.45,0.48,0.0,0.0,0.86,0.86,0.86,0.0,0.0,0.0,0.0,0.81,0.22,0.84,0.82,0.84,0.85,0.83,0.8,0.65,0.3,0.83,0.76,0.0,0.0,0.79,0.8,0.83,0.68,0.79,0.23,0.79,0.0,0.82,0.84,0.7,0.83,0.81,0.87,0.8
8728,0.0,0.87,0.87,0.0,0.0,0.85,0.0,0.0,0.81,0.82,0.48,0.84,0.51,0.73,0.79,0.83,0.45,0.81,0.84,0.83,0.55,0.78,0.48,0.24,0.72,0.88,0.0,0.0,0.87,0.87,0.88,0.0,0.0,0.0,0.0,0.86,0.81,0.87,0.86,0.87,0.86,0.86,0.86,0.41,0.27,0.86,0.85,0.0,0.0,0.84,0.86,0.79,0.44,0.83,0.23,0.83,0.0,0.7,0.86,0.66,0.85,0.84,0.88,0.86
8729,0.0,0.85,0.85,0.0,0.0,0.84,0.0,0.0,0.75,0.79,0.48,0.53,0.43,0.8,0.8,0.79,0.19,0.82,0.83,0.79,0.81,0.81,0.5,0.8,0.78,0.63,0.0,0.0,0.85,0.84,0.86,0.0,0.0,0.0,0.0,0.84,0.83,0.85,0.84,0.84,0.85,0.83,0.84,0.81,0.81,0.84,0.84,0.0,0.0,0.84,0.79,0.46,0.3,0.59,0.21,0.81,0.0,0.34,0.83,0.52,0.79,0.82,0.84,0.79
8730,0.0,0.77,0.79,0.0,0.0,0.78,0.0,0.0,0.67,0.72,0.67,0.35,0.29,0.73,0.54,0.47,0.24,0.67,0.75,0.6,0.73,0.61,0.3,0.76,0.65,0.78,0.0,0.0,0.77,0.8,0.79,0.0,0.0,0.0,0.0,0.78,0.77,0.79,0.79,0.79,0.57,0.79,0.78,0.77,0.76,0.79,0.78,0.0,0.0,0.78,0.73,0.79,0.39,0.42,0.27,0.73,0.0,0.35,0.75,0.78,0.66,0.53,0.79,0.71
8731,0.0,0.72,0.72,0.0,0.0,0.69,0.0,0.0,0.29,0.61,0.55,0.63,0.39,0.61,0.61,0.61,0.66,0.5,0.63,0.6,0.59,0.62,0.43,0.66,0.68,0.71,0.0,0.0,0.7,0.72,0.71,0.0,0.0,0.0,0.0,0.68,0.67,0.68,0.69,0.68,0.69,0.69,0.68,0.67,0.66,0.69,0.69,0.0,0.0,0.69,0.63,0.69,0.69,0.33,0.3,0.37,0.0,0.68,0.66,0.67,0.62,0.65,0.71,0.67
8732,0.0,0.43,0.44,0.0,0.0,0.38,0.0,0.0,0.0,0.0,0.0,0.0,0.0,0.0,0.0,0.0,0.0,0.0,0.0,0.0,0.0,0.0,0.0,0.01,0.05,0.39,0.0,0.0,0.36,0.43,0.41,0.0,0.0,0.0,0.0,0.34,0.01,0.0,0.05,0.0,0.01,0.05,0.02,0.01,0.01,0.03,0.37,0.0,0.0,0.36,0.03,0.33,0.01,0.02,0.0,0.01,0.0,0.01,0.03,0.01,0.03,0.02,0.36,0.03
8733,0.0,0.0,0.0,0.0,0.0,0.0,0.0,0.0,0.0,0.0,0.0,0.0,0.0,0.0,0.0,0.0,0.0,0.0,0.0,0.0,0.0,0.0,0.0,0.0,0.0,0.0,0.0,0.0,0.0,0.0,0.0,0.0,0.0,0.0,0.0,0.0,0.0,0.0,0.0,0.0,0.0,0.0,0.0,0.0,0.0,0.0,0.0,0.0,0.0,0.0,0.0,0.0,0.0,0.0,0.0,0.0,0.0,0.0,0.0,0.0,0.0,0.0,0.0,0.0
8734,0.0,0.0,0.0,0.0,0.0,0.0,0.0,0.0,0.0,0.0,0.0,0.0,0.0,0.0,0.0,0.0,0.0,0.0,0.0,0.0,0.0,0.0,0.0,0.0,0.0,0.0,0.0,0.0,0.0,0.0,0.0,0.0,0.0,0.0,0.0,0.0,0.0,0.0,0.0,0.0,0.0,0.0,0.0,0.0,0.0,0.0,0.0,0.0,0.0,0.0,0.0,0.0,0.0,0.0,0.0,0.0,0.0,0.0,0.0,0.0,0.0,0.0,0.0,0.0
8735,0.0,0.0,0.0,0.0,0.0,0.0,0.0,0.0,0.0,0.0,0.0,0.0,0.0,0.0,0.0,0.0,0.0,0.0,0.0,0.0,0.0,0.0,0.0,0.0,0.0,0.0,0.0,0.0,0.0,0.0,0.0,0.0,0.0,0.0,0.0,0.0,0.0,0.0,0.0,0.0,0.0,0.0,0.0,0.0,0.0,0.0,0.0,0.0,0.0,0.0,0.0,0.0,0.0,0.0,0.0,0.0,0.0,0.0,0.0,0.0,0.0,0.0,0.0,0.0
8736,0.0,0.0,0.0,0.0,0.0,0.0,0.0,0.0,0.0,0.0,0.0,0.0,0.0,0.0,0.0,0.0,0.0,0.0,0.0,0.0,0.0,0.0,0.0,0.0,0.0,0.0,0.0,0.0,0.0,0.0,0.0,0.0,0.0,0.0,0.0,0.0,0.0,0.0,0.0,0.0,0.0,0.0,0.0,0.0,0.0,0.0,0.0,0.0,0.0,0.0,0.0,0.0,0.0,0.0,0.0,0.0,0.0,0.0,0.0,0.0,0.0,0.0,0.0,0.0
8737,0.0,0.0,0.0,0.0,0.0,0.0,0.0,0.0,0.0,0.0,0.0,0.0,0.0,0.0,0.0,0.0,0.0,0.0,0.0,0.0,0.0,0.0,0.0,0.0,0.0,0.0,0.0,0.0,0.0,0.0,0.0,0.0,0.0,0.0,0.0,0.0,0.0,0.0,0.0,0.0,0.0,0.0,0.0,0.0,0.0,0.0,0.0,0.0,0.0,0.0,0.0,0.0,0.0,0.0,0.0,0.0,0.0,0.0,0.0,0.0,0.0,0.0,0.0,0.0
8738,0.0,0.0,0.0,0.0,0.0,0.0,0.0,0.0,0.0,0.0,0.0,0.0,0.0,0.0,0.0,0.0,0.0,0.0,0.0,0.0,0.0,0.0,0.0,0.0,0.0,0.0,0.0,0.0,0.0,0.0,0.0,0.0,0.0,0.0,0.0,0.0,0.0,0.0,0.0,0.0,0.0,0.0,0.0,0.0,0.0,0.0,0.0,0.0,0.0,0.0,0.0,0.0,0.0,0.0,0.0,0.0,0.0,0.0,0.0,0.0,0.0,0.0,0.0,0.0
8739,0.0,0.0,0.0,0.0,0.0,0.0,0.0,0.0,0.0,0.0,0.0,0.0,0.0,0.0,0.0,0.0,0.0,0.0,0.0,0.0,0.0,0.0,0.0,0.0,0.0,0.0,0.0,0.0,0.0,0.0,0.0,0.0,0.0,0.0,0.0,0.0,0.0,0.0,0.0,0.0,0.0,0.0,0.0,0.0,0.0,0.0,0.0,0.0,0.0,0.0,0.0,0.0,0.0,0.0,0.0,0.0,0.0,0.0,0.0,0.0,0.0,0.0,0.0,0.0
8740,0.0,0.0,0.0,0.0,0.0,0.0,0.0,0.0,0.0,0.0,0.0,0.0,0.0,0.0,0.0,0.0,0.0,0.0,0.0,0.0,0.0,0.0,0.0,0.0,0.0,0.0,0.0,0.0,0.0,0.0,0.0,0.0,0.0,0.0,0.0,0.0,0.0,0.0,0.0,0.0,0.0,0.0,0.0,0.0,0.0,0.0,0.0,0.0,0.0,0.0,0.0,0.0,0.0,0.0,0.0,0.0,0.0,0.0,0.0,0.0,0.0,0.0,0.0,0.0
8741,0.0,0.0,0.0,0.0,0.0,0.0,0.0,0.0,0.0,0.0,0.0,0.0,0.0,0.0,0.0,0.0,0.0,0.0,0.0,0.0,0.0,0.0,0.0,0.0,0.0,0.0,0.0,0.0,0.0,0.0,0.0,0.0,0.0,0.0,0.0,0.0,0.0,0.0,0.0,0.0,0.0,0.0,0.0,0.0,0.0,0.0,0.0,0.0,0.0,0.0,0.0,0.0,0.0,0.0,0.0,0.0,0.0,0.0,0.0,0.0,0.0,0.0,0.0,0.0
8742,0.0,0.0,0.0,0.0,0.0,0.0,0.0,0.0,0.0,0.0,0.0,0.0,0.0,0.0,0.0,0.0,0.0,0.0,0.0,0.0,0.0,0.0,0.0,0.0,0.0,0.0,0.0,0.0,0.0,0.0,0.0,0.0,0.0,0.0,0.0,0.0,0.0,0.0,0.0,0.0,0.0,0.0,0.0,0.0,0.0,0.0,0.0,0.0,0.0,0.0,0.0,0.0,0.0,0.0,0.0,0.0,0.0,0.0,0.0,0.0,0.0,0.0,0.0,0.0
8743,0.0,0.0,0.0,0.0,0.0,0.0,0.0,0.0,0.0,0.0,0.0,0.0,0.0,0.0,0.0,0.0,0.0,0.0,0.0,0.0,0.0,0.0,0.0,0.0,0.0,0.0,0.0,0.0,0.0,0.0,0.0,0.0,0.0,0.0,0.0,0.0,0.0,0.0,0.0,0.0,0.0,0.0,0.0,0.0,0.0,0.0,0.0,0.0,0.0,0.0,0.0,0.0,0.0,0.0,0.0,0.0,0.0,0.0,0.0,0.0,0.0,0.0,0.0,0.0
8744,0.0,0.0,0.0,0.0,0.0,0.0,0.0,0.0,0.0,0.0,0.0,0.0,0.0,0.0,0.0,0.0,0.0,0.0,0.0,0.0,0.0,0.0,0.0,0.0,0.0,0.0,0.0,0.0,0.0,0.0,0.0,0.0,0.0,0.0,0.0,0.0,0.0,0.0,0.0,0.0,0.0,0.0,0.0,0.0,0.0,0.0,0.0,0.0,0.0,0.0,0.0,0.0,0.0,0.0,0.0,0.0,0.0,0.0,0.0,0.0,0.0,0.0,0.0,0.0
8745,0.0,0.0,0.0,0.0,0.0,0.0,0.0,0.0,0.0,0.0,0.0,0.0,0.0,0.0,0.0,0.0,0.0,0.0,0.0,0.0,0.0,0.0,0.0,0.0,0.0,0.0,0.0,0.0,0.0,0.0,0.0,0.0,0.0,0.0,0.0,0.0,0.0,0.0,0.0,0.0,0.0,0.0,0.0,0.0,0.0,0.0,0.0,0.0,0.0,0.0,0.0,0.0,0.0,0.0,0.0,0.0,0.0,0.0,0.0,0.0,0.0,0.0,0.0,0.0
8746,0.0,0.0,0.0,0.0,0.0,0.0,0.0,0.0,0.0,0.0,0.0,0.0,0.0,0.0,0.0,0.0,0.0,0.0,0.0,0.0,0.0,0.0,0.0,0.0,0.0,0.0,0.0,0.0,0.0,0.0,0.0,0.0,0.0,0.0,0.0,0.0,0.0,0.0,0.0,0.0,0.0,0.0,0.0,0.0,0.0,0.0,0.0,0.0,0.0,0.0,0.0,0.0,0.0,0.0,0.0,0.0,0.0,0.0,0.0,0.0,0.0,0.0,0.0,0.0
8747,0.0,0.0,0.0,0.0,0.0,0.0,0.0,0.0,0.0,0.0,0.0,0.0,0.0,0.0,0.0,0.0,0.0,0.0,0.0,0.0,0.0,0.0,0.0,0.0,0.0,0.0,0.0,0.0,0.0,0.0,0.0,0.0,0.0,0.0,0.0,0.0,0.0,0.0,0.0,0.0,0.0,0.0,0.0,0.0,0.0,0.0,0.0,0.0,0.0,0.0,0.0,0.0,0.0,0.0,0.0,0.0,0.0,0.0,0.0,0.0,0.0,0.0,0.0,0.0
8748,0.0,0.31,0.31,0.0,0.0,0.37,0.0,0.0,0.13,0.23,0.08,0.31,0.4,0.36,0.38,0.37,0.3,0.35,0.34,0.35,0.27,0.37,0.39,0.29,0.25,0.3,0.0,0.0,0.29,0.31,0.3,0.0,0.0,0.0,0.0,0.33,0.23,0.2,0.14,0.24,0.23,0.14,0.13,0.29,0.28,0.11,0.38,0.0,0.0,0.38,0.04,0.24,0.21,0.02,0.2,0.08,0.0,0.04,0.04,0.18,0.12,0.04,0.26,0.07
8749,0.0,0.64,0.54,0.0,0.0,0.66,0.0,0.0,0.53,0.64,0.64,0.13,0.69,0.67,0.67,0.66,0.68,0.69,0.7,0.64,0.63,0.66,0.67,0.46,0.67,0.68,0.0,0.0,0.67,0.66,0.67,0.0,0.0,0.0,0.0,0.66,0.48,0.64,0.68,0.64,0.43,0.69,0.63,0.58,0.41,0.68,0.67,0.0,0.0,0.67,0.59,0.69,0.57,0.54,0.67,0.65,0.0,0.46,0.45,0.65,0.64,0.53,0.69,0.49
8750,0.0,0.63,0.68,0.0,0.0,0.7,0.0,0.0,0.73,0.76,0.66,0.29,0.77,0.77,0.76,0.75,0.76,0.72,0.74,0.76,0.6,0.76,0.76,0.75,0.76,0.78,0.0,0.0,0.68,0.66,0.74,0.0,0.0,0.0,0.0,0.77,0.78,0.73,0.79,0.74,0.78,0.8,0.78,0.77,0.78,0.8,0.72,0.0,0.0,0.74,0.82,0.81,0.78,0.8,0.8,0.76,0.0,0.78,0.81,0.69,0.82,0.81,0.76,0.82
8751,0.0,0.83,0.84,0.0,0.0,0.72,0.0,0.0,0.77,0.65,0.79,0.81,0.79,0.79,0.8,0.8,0.79,0.79,0.8,0.81,0.56,0.8,0.8,0.81,0.8,0.83,0.0,0.0,0.83,0.84,0.82,0.0,0.0,0.0,0.0,0.79,0.81,0.81,0.8,0.78,0.82,0.82,0.8,0.81,0.81,0.82,0.72,0.0,0.0,0.72,0.85,0.85,0.83,0.82,0.79,0.17,0.0,0.81,0.84,0.81,0.85,0.84,0.85,0.85
8752,0.0,0.83,0.8,0.0,0.0,0.83,0.0,0.0,0.82,0.7,0.82,0.82,0.8,0.82,0.81,0.81,0.82,0.75,0.75,0.81,0.47,0.81,0.79,0.82,0.78,0.84,0.0,0.0,0.83,0.83,0.83,0.0,0.0,0.0,0.0,0.83,0.82,0.84,0.85,0.84,0.85,0.85,0.83,0.81,0.83,0.85,0.83,0.0,0.0,0.82,0.86,0.85,0.31,0.46,0.84,0.1,0.0,0.12,0.85,0.18,0.86,0.85,0.85,0.86
8753,0.0,0.79,0.79,0.0,0.0,0.8,0.0,0.0,0.8,0.46,0.8,0.8,0.77,0.79,0.79,0.79,0.77,0.78,0.78,0.79,0.7,0.79,0.77,0.8,0.8,0.81,0.0,0.0,0.8,0.8,0.8,0.0,0.0,0.0,0.0,0.8,0.79,0.82,0.81,0.81,0.81,0.82,0.8,0.79,0.8,0.82,0.8,0.0,0.0,0.81,0.83,0.82,0.26,0.78,0.1,0.75,0.0,0.36,0.79,0.73,0.83,0.83,0.82,0.83
8754,0.0,0.78,0.78,0.0,0.0,0.76,0.0,0.0,0.74,0.53,0.75,0.75,0.72,0.73,0.73,0.73,0.09,0.73,0.74,0.73,0.63,0.73,0.71,0.75,0.76,0.78,0.0,0.0,0.77,0.77,0.77,0.0,0.0,0.0,0.0,0.76,0.75,0.76,0.77,0.76,0.75,0.77,0.76,0.74,0.75,0.77,0.76,0.0,0.0,0.77,0.78,0.77,0.43,0.69,0.71,0.25,0.0,0.27,0.78,0.72,0.78,0.77,0.79,0.79
8755,0.0,0.7,0.7,0.0,0.0,0.68,0.0,0.0,0.64,0.37,0.64,0.63,0.6,0.62,0.62,0.63,0.63,0.61,0.61,0.63,0.46,0.62,0.59,0.65,0.67,0.69,0.0,0.0,0.69,0.69,0.68,0.0,0.0,0.0,0.0,0.68,0.66,0.64,0.68,0.64,0.62,0.68,0.68,0.65,0.66,0.68,0.68,0.0,0.0,0.68,0.68,0.43,0.59,0.6,0.32,0.66,0.0,0.59,0.69,0.64,0.69,0.67,0.69,0.7
8756,0.0,0.41,0.46,0.0,0.0,0.39,0.0,0.0,0.0,0.0,0.01,0.0,0.0,0.0,0.0,0.0,0.0,0.0,0.0,0.0,0.0,0.0,0.0,0.01,0.06,0.38,0.0,0.0,0.37,0.37,0.3,0.0,0.0,0.0,0.0,0.28,0.01,0.01,0.35,0.01,0.01,0.06,0.06,0.01,0.01,0.06,0.39,0.0,0.0,0.38,0.06,0.36,0.01,0.05,0.01,0.01,0.0,0.05,0.06,0.01,0.3,0.05,0.4,0.06
8757,0.0,0.0,0.0,0.0,0.0,0.0,0.0,0.0,0.0,0.0,0.0,0.0,0.0,0.0,0.0,0.0,0.0,0.0,0.0,0.0,0.0,0.0,0.0,0.0,0.0,0.0,0.0,0.0,0.0,0.0,0.0,0.0,0.0,0.0,0.0,0.0,0.0,0.0,0.0,0.0,0.0,0.0,0.0,0.0,0.0,0.0,0.0,0.0,0.0,0.0,0.0,0.0,0.0,0.0,0.0,0.0,0.0,0.0,0.0,0.0,0.0,0.0,0.0,0.0
8758,0.0,0.0,0.0,0.0,0.0,0.0,0.0,0.0,0.0,0.0,0.0,0.0,0.0,0.0,0.0,0.0,0.0,0.0,0.0,0.0,0.0,0.0,0.0,0.0,0.0,0.0,0.0,0.0,0.0,0.0,0.0,0.0,0.0,0.0,0.0,0.0,0.0,0.0,0.0,0.0,0.0,0.0,0.0,0.0,0.0,0.0,0.0,0.0,0.0,0.0,0.0,0.0,0.0,0.0,0.0,0.0,0.0,0.0,0.0,0.0,0.0,0.0,0.0,0.0
8759,0.0,0.0,0.0,0.0,0.0,0.0,0.0,0.0,0.0,0.0,0.0,0.0,0.0,0.0,0.0,0.0,0.0,0.0,0.0,0.0,0.0,0.0,0.0,0.0,0.0,0.0,0.0,0.0,0.0,0.0,0.0,0.0,0.0,0.0,0.0,0.0,0.0,0.0,0.0,0.0,0.0,0.0,0.0,0.0,0.0,0.0,0.0,0.0,0.0,0.0,0.0,0.0,0.0,0.0,0.0,0.0,0.0,0.0,0.0,0.0,0.0,0.0,0.0,0.0
